0 0 0 0.342523
1 0 0.0458831 0.394653
2 0.018 0.0087178 0.789461
3 0 0.0087178 0.248506
4 1.22465e-18 -0.02 0.675769
5 1.22465e-18 0.02 0.447797
6 0.0169463 -0.0106218 0.434395
7 0.0171429 0.0104876 0.450717
8 0.0162857 0.0122574 0.45919
9 0.0154286 0.0140271 0.46456
10 0.0145714 0.0157969 0.468319
11 0.0137143 0.0175667 0.469132
12 0.0128571 0.0193365 0.46845
13 0.012 0.0211062 0.466151
14 0.0111429 0.022876 0.463445
15 0.0102857 0.0246458 0.459398
16 0.00942857 0.0264156 0.454284
17 0.00857143 0.0281854 0.447841
18 0.00771429 0.0299551 0.440256
19 0.00685714 0.0317249 0.432285
20 0.006 0.0334947 0.422256
21 0.00514286 0.0352645 0.412825
22 0.00428571 0.0370343 0.40127
23 0.00342857 0.038804 0.39083
24 0.00257143 0.0405738 0.373647
25 0.00171429 0.0423436 0.357642
26 0.000857143 0.0441134 0.676884
27 0.00203336 0.0198964 0.663885
28 0.00404509 0.0195867 0.642867
29 0.00601452 0.0190742 0.616086
30 0.00792139 0.0183644 0.585073
31 0.00974612 0.0174646 0.553122
32 0.0114699 0.0163842 0.521543
33 0.0130751 0.0151341 0.492366
34 0.0145451 0.0137273 0.466118
35 0.0158648 0.0121782 0.439127
36 0.0170204 0.0105027 0.360776
37 0 0.0438921 0.381681
38 0 0.0419011 0.405183
39 0 0.0399101 0.429132
40 0 0.0379191 0.45467
41 0 0.0359281 0.481562
42 0 0.0339371 0.509189
43 0 0.0319461 0.537053
44 0 0.0299551 0.565165
45 0 0.027964 0.593598
46 0 0.025973 0.62181
47 0 0.023982 0.649608
48 0 0.021991 0.699424
49 0 0.0181196 0.721696
50 0 0.0162393 0.742146
51 0 0.0143589 0.760581
52 0 0.0124785 0.776768
53 0 0.0105982 0.789932
54 0.002 0.0087178 0.775275
55 0.004 0.0087178 0.749023
56 0.006 0.0087178 0.713085
57 0.008 0.0087178 0.668902
58 0.01 0.0087178 0.617546
59 0.012 0.0087178 0.559442
60 0.014 0.0087178 0.492749
61 0.016 0.0087178 0.438393
62 0.0179319 -0.00885697 0.430301
63 0.0187341 -0.00700227 0.42391
64 0.0193451 -0.00507627 0.419389
65 0.0197586 -0.00309827 0.41689
66 0.0199704 -0.00108804 0.41651
67 0.0199782 0.000933305 0.418139
68 0.0197821 0.00294452 0.421464
69 0.019384 0.00492549 0.427267
70 0.018788 0.00685636 0.798367
71 0 0.00666653 0.80249
72 0 0.00461526 0.80231
73 0 0.00256398 0.797424
74 0 0.000512713 0.787543
75 0 -0.00153856 0.772675
76 0 -0.00358983 0.752879
77 0 -0.0056411 0.728132
78 0 -0.00769237 0.698068
79 0 -0.00974364 0.661391
80 0 -0.0117949 0.613775
81 0 -0.0138462 0.548571
82 0 -0.0158975 0.45469
83 0 -0.0179487 0.495305
84 0.00201879 -0.0198979 0.513395
85 0.00401635 -0.0195926 0.513701
86 0.00597273 -0.0190873 0.50865
87 0.00786833 -0.0183872 0.500677
88 0.00968413 -0.0174991 0.491012
89 0.011401 -0.0164322 0.480384
90 0.013001 -0.0151979 0.46926
91 0.0144681 -0.0138085 0.458257
92 0.0157876 -0.0122781 0.554869
93 0.00651632 0.0246741 0.567793
94 0.00748407 0.0225085 0.600864
95 0.00524188 0.0230372 0.580401
96 0.00482172 0.0248561 0.416958
97 0.00161659 0.0388129 0.438527
98 0.00205769 0.0369905 0.468294
99 0.00178335 0.034841 0.495237
100 0.00170857 0.0329245 0.522985
101 0.00168157 0.0309562 0.549798
102 0.00188322 0.0290093 0.444674
103 0.00336542 0.0355664 0.578376
104 0.00185877 0.027031 0.467953
105 0.00365163 0.0336933 0.608109
106 0.00172427 0.0249775 0.476466
107 0.00488814 0.0318499 0.636063
108 0.00172427 0.0229865 0.49332
109 0.00557219 0.0299536 0.659696
110 0.00145378 0.0213275 0.503484
111 0.00642063 0.028242 0.506863
112 0.00746733 0.0265582 0.645308
113 0.00332898 0.0215429 0.51566
114 0.0083542 0.0246459 0.625645
115 0.00552333 0.0209614 0.513039
116 0.00933798 0.0231904 0.59189
117 0.00784077 0.0202835 0.534677
118 0.00953688 0.0214472 0.544228
119 0.0102398 0.0195412 0.526857
120 0.0115908 0.0180329 0.499091
121 0.00308501 0.0319083 0.519445
122 0.00356707 0.0301624 0.544511
123 0.0039967 0.0281281 0.581486
124 0.00345164 0.025973 0.612364
125 0.0033666 0.023862 0.545695
126 0.005477 0.0265543 0.701085
127 0.0049101 0.0156996 0.711721
128 0.00326601 0.0163752 0.718681
129 0.00517996 0.0137429 0.696241
130 0.00677152 0.0134195 0.51624
131 0.0148995 0.0103922 0.579409
132 0.0128599 0.0104084 0.633759
133 0.0108276 0.0105793 0.678605
134 0.00896489 0.0105833 0.720116
135 0.0069849 0.0104266 0.752237
136 0.00494055 0.0104337 0.538901
137 0.0137213 0.0119138 0.773219
138 0.00299716 0.0103272 0.549171
139 0.0128383 0.0134171 0.78305
140 0.00134251 0.010033 0.585224
141 0.0112652 0.0142251 0.615728
142 0.00968577 0.0151264 0.639982
143 0.00807775 0.0161916 0.753288
144 0.00176726 0.0134217 0.663085
145 0.00637361 0.017 0.733898
146 0.00162845 0.0152991 0.68083
147 0.00470044 0.0176187 0.70912
148 0.00164919 0.0174113 0.769888
149 0.00164787 0.0116683 0.690573
150 0.00320645 0.0181408 0.595374
151 0.0116964 0.0121913 0.685017
152 0.008 0.0121819 0.723684
153 0.00599654 0.012 0.751158
154 0.0037013 0.0122985 0.640418
155 0.00976958 0.0127006 0.661453
156 0.00815092 0.0141793 0.683329
157 0.00652887 0.0150432 0.732262
158 0.00342829 0.014424 0.669666
159 0.0109915 1.16556e-05 0.672681
160 0.0106542 -0.00172627 0.584708
161 0.0143507 -0.00066326 0.624058
162 0.0127311 0.00359397 0.556032
163 0.0023351 -0.0174046 0.606258
164 0.00198392 -0.0149997 0.64919
165 0.0017455 -0.0128668 0.686703
166 0.00177645 -0.0107693 0.553202
167 0.00455271 -0.017629 0.718262
168 0.00177645 -0.00871801 0.556664
169 0.00617777 -0.016923 0.745101
170 0.00177645 -0.00666674 0.550526
171 0.00792312 -0.0162489 0.767271
172 0.00177645 -0.00461547 0.54086
173 0.00956109 -0.0154803 0.784658
174 0.00177645 -0.00256419 0.532687
175 0.0111233 -0.0143744 0.797088
176 0.00177645 -0.000512923 0.523616
177 0.0125071 -0.0131984 0.804432
178 0.00177645 0.00153835 0.514666
179 0.0137542 -0.0118795 0.806588
180 0.00181273 0.00365273 0.504611
181 0.0149319 -0.0104116 0.804039
182 0.00169056 0.00564188 0.498186
183 0.0158362 -0.008849 0.798535
184 0.00138377 0.00733895 0.489958
185 0.0166854 -0.00718259 0.486585
186 0.0172417 -0.00541588 0.482911
187 0.0176733 -0.00362518 0.773318
188 0.00499046 0.00687003 0.477704
189 0.0180203 -0.00185289 0.74194
190 0.007 0.00698575 0.47342
191 0.0182099 -5.46907e-05 0.702256
192 0.009 0.00698575 0.472461
193 0.0181541 0.0018681 0.655105
194 0.011 0.00698575 0.476207
195 0.0178012 0.00370603 0.601318
196 0.013 0.00698575 0.46654
197 0.0177375 0.00546237 0.543614
198 0.0149321 0.00688757 0.475874
199 0.0168449 0.00695995 0.791477
200 0.00316594 0.00703621 0.594171
201 0.00424447 -0.0156584 0.631199
202 0.00335339 -0.0137861 0.663572
203 0.00352289 -0.011936 0.696196
204 0.00356282 -0.00985099 0.725774
205 0.00353501 -0.00769237 0.593754
206 0.00635906 -0.0148741 0.749387
207 0.00353501 -0.0056411 0.584846
208 0.00798013 -0.0143003 0.768485
209 0.00353501 -0.00358983 0.570359
210 0.00955912 -0.0137491 0.782818
211 0.00353501 -0.00153856 0.572032
212 0.010624 -0.0124765 0.79217
213 0.00353501 0.000512713 0.566261
214 0.0118412 -0.011197 0.796632
215 0.00351919 0.00262955 0.548671
216 0.0131812 -0.010259 0.79387
217 0.00373863 0.00488364 0.550484
218 0.0138359 -0.0087465 0.543946
219 0.0146478 -0.00730107 0.538632
220 0.0153206 -0.00569053 0.537854
221 0.0157072 -0.00400544 0.53608
222 0.0159985 -0.00230775 0.76559
223 0.00598719 0.00510197 0.529156
224 0.0163372 -0.000665993 0.730574
225 0.00800197 0.00511841 0.515289
226 0.0167858 0.000975764 0.687255
227 0.0100155 0.00518016 0.525794
228 0.0162951 0.00265744 0.640439
229 0.0119012 0.00522748 0.52752
230 0.0158604 0.00490335 0.586783
231 0.0138585 0.00514131 0.628651
232 0.00515023 -0.0134649 0.665595
233 0.00528903 -0.0111199 0.695663
234 0.00540403 -0.00891381 0.723752
235 0.00529357 -0.00666674 0.744034
236 0.00529357 -0.00461547 0.61144
237 0.00853728 -0.0121631 0.759786
238 0.00529357 -0.00256419 0.770757
239 0.00529357 -0.000512923 0.613248
240 0.00982746 -0.0105688 0.776178
241 0.00534641 0.00160115 0.599733
242 0.0115536 -0.00897324 0.779706
243 0.00512122 0.00345917 0.594922
244 0.0125922 -0.00716959 0.58082
245 0.0136054 -0.00592803 0.586855
246 0.0137841 -0.00434368 0.586515
247 0.0141126 -0.00255647 0.752498
248 0.00701198 0.00306931 0.567799
249 0.0149704 0.00110162 0.711292
250 0.00913429 0.00343711 0.666958
251 0.0110832 0.00334397 0.581041
252 0.01436 0.00304153 0.626811
253 0.00678041 -0.0126629 0.65534
254 0.00737039 -0.0102784 0.68779
255 0.00720016 -0.00784922 0.711262
256 0.00712887 -0.00568741 0.727218
257 0.00717558 -0.00366031 0.741782
258 0.00705212 -0.00153856 0.750105
259 0.00702175 0.000726868 0.647973
260 0.00922923 -0.00859238 0.641166
261 0.0105873 -0.00680605 0.631987
262 0.0116987 -0.00507288 0.629376
263 0.0123261 -0.0029729 0.632518
264 0.0125735 0.00137525 0.687886
265 0.0102611 0.00164507 0.631907
266 0.0124954 -0.00104596 0.724993
267 0.00848998 0.00183446 0.676805
268 0.00868263 -0.00672429 0.683849
269 0.00923942 -0.00484701 0.705415
270 0.00885823 -0.00257916 0.711758
271 0.00902377 -0.000243499 0.666001
