0 1.36151e-16 7.19461e-15 0.326776
1 0 0.0458831 0.421636
2 0.018 0.0087178 0.701844
3 0 0.0087178 0.255864
4 1.22465e-18 -0.02 0.608999
5 1.22465e-18 0.02 0.449303
6 0.0169463 -0.0106218 0.464702
7 0.0154286 0.0140271 0.46793
8 0.0128571 0.0193365 0.459453
9 0.0102857 0.0246458 0.458502
10 0.00771429 0.0299551 0.408241
11 0.00514286 0.0352645 0.36552
12 0.00257143 0.0405738 0.629207
13 0.00552601 0.0192214 0.553201
14 0.0106218 0.0169463 0.489216
15 0.0148906 0.0133518 0.381395
16 0 0.0394124 0.452061
17 0 0.0329416 0.539198
18 0 0.0264708 0.660858
19 0 0.0143589 0.719499
20 0.006 0.0087178 0.608815
21 0.012 0.0087178 0.429611
22 0.0195051 -0.00442145 0.450046
23 0.0198701 0.00227618 0.714894
24 0 0.00297424 0.687124
25 0 -0.00276932 0.608665
26 0 -0.00851288 0.475118
27 0 -0.0142564 0.506948
28 0.00661259 -0.0188752 0.483219
29 0.0124814 -0.0156274 0.570544
30 0.00479979 0.024007 0.686655
31 0.00655673 0.0130321 0.567576
32 0.014229 -0.0048268 0.686208
33 0.00934431 0.00373955 0.576774
34 0.0147299 0.00172107 0.678731
35 0.00957809 -0.00183515 0.622896
36 0.00608645 -0.0117962 0.70569
37 0.00508856 -0.005017 0.749555
38 0.00434838 0.00247659 0.612719
