<<<<<<< HEAD
1 5 2 1
2 2 5 3
3 41 8 39
4 35 37 10
5 29 20 21
6 27 38 40
7 27 25 38
8 29 21 30
9 26 28 29
10 25 36 38
11 35 11 33
12 28 19 20
13 38 15 16
14 38 16 40
15 28 20 29
16 26 42 33
17 36 14 15
18 42 35 33
19 42 31 32
20 25 34 36
21 24 32 34
22 24 42 32
23 25 24 34
24 36 15 38
25 37 9 10
26 24 35 42
27 19 13 4
28 41 39 40
29 34 6 14
30 32 23 6
31 33 11 12
32 27 40 39
33 26 29 30
34 26 30 42
35 27 39 37
36 28 12 13
37 39 8 9
38 41 2 7
39 28 33 12
40 37 39 9
41 26 33 28
42 31 22 23
43 3 7 2
44 27 37 25
45 40 16 17
46 41 18 2
47 41 17 18
48 41 40 17
49 30 21 22
50 30 22 31
51 32 31 23
52 42 30 31
53 25 37 24
54 35 10 11
55 36 34 14
56 35 24 37
57 32 6 34
58 28 13 19
59 41 7 8
=======
1 50 49 55
2 19 20 9
3 21 8 20
4 22 16 1
5 22 23 16
6 7 21 2
7 21 7 8
8 51 10 50
9 52 13 14
10 51 50 18
11 51 9 10
12 50 17 18
13 50 55 17
14 55 5 17
15 52 24 25
16 52 14 24
17 53 25 26
18 53 52 25
19 23 15 16
20 55 27 5
21 53 12 13
22 54 26 27
23 54 53 26
24 49 12 53
25 55 54 27
26 49 53 54
27 14 15 24
28 24 15 23
29 53 13 52
30 49 11 12
31 49 54 55
32 50 10 11
33 20 8 9
34 50 11 49
35 51 19 9
36 51 18 19
37 59 57 58
38 59 58 56
39 31 32 59
40 28 17 5
41 58 28 29
42 21 33 2
43 60 33 21
44 60 21 20
45 61 59 32
46 61 32 60
47 59 61 57
48 56 29 3
49 56 30 31
50 56 3 30
51 57 19 18
52 60 32 33
53 57 61 19
54 58 29 56
55 61 20 19
56 61 60 20
57 58 18 17
58 58 57 18
59 58 17 28
60 59 56 31
61 81 83 82
62 77 76 34
63 63 82 80
64 87 73 71
65 88 84 72
66 64 65 89
67 62 89 65
68 85 69 68
69 90 79 81
70 89 77 79
71 86 71 69
72 86 69 85
73 87 71 86
74 87 78 73
75 62 76 77
76 62 77 89
77 62 88 76
78 76 6 34
79 85 68 84
80 65 86 85
81 90 89 79
82 90 81 82
83 64 90 63
84 65 85 88
85 75 3 38
86 69 40 41
87 88 74 76
88 69 41 68
89 63 90 82
90 72 47 48
91 63 80 87
92 74 48 6
93 77 34 35
94 65 88 62
95 66 44 45
96 66 70 67
97 84 67 70
98 4 45 44
99 65 64 86
100 83 37 2
101 77 35 79
102 75 30 3
103 66 45 46
104 66 46 70
105 73 38 39
106 82 33 32
107 79 35 36
108 83 2 33
109 80 32 31
110 73 75 38
111 78 31 30
112 71 39 40
113 78 30 75
114 73 39 71
115 82 32 80
116 81 36 37
117 88 85 84
118 69 71 40
119 68 41 42
120 88 72 74
121 70 46 47
122 70 47 72
123 78 80 31
124 87 80 78
125 84 70 72
126 66 43 44
127 81 37 83
128 64 87 86
129 83 33 82
130 81 79 36
131 67 42 43
132 67 68 42
133 67 43 66
134 84 68 67
135 74 6 76
136 74 72 48
137 64 63 87
138 78 75 73
139 64 89 90
>>>>>>> master
