1 88 45 90
2 92 15 91
3 75 74 88
4 89 91 16
5 83 41 42
6 96 27 28
7 96 94 27
8 83 82 41
9 81 80 39
10 83 89 87
11 80 38 39
12 85 18 19
13 79 20 21
14 78 22 36
15 78 21 22
16 79 80 20
17 85 87 18
18 85 19 80
19 93 13 14
20 77 94 96
21 97 11 12
22 77 95 93
23 93 14 92
24 83 87 82
25 79 37 38
26 79 78 37
27 90 94 75
28 76 92 91
29 74 86 88
30 90 26 94
31 90 45 46
32 86 43 44
33 75 88 90
34 6 7 32
35 82 87 85
36 8 32 7
37 34 35 24
38 34 24 25
39 81 85 80
40 91 15 16
41 81 39 40
42 84 43 86
43 79 38 80
44 74 93 92
45 98 91 89
46 98 89 83
47 81 40 82
48 23 24 35
49 86 44 88
50 80 19 20
51 81 82 85
52 90 46 4
53 92 14 15
54 94 26 27
55 95 96 97
56 95 97 12
57 98 83 84
58 98 84 86
59 76 91 98
60 76 74 92
61 77 93 74
62 77 96 95
63 30 9 10
64 30 10 29
65 84 42 43
66 82 40 41
67 33 34 25
68 33 25 1
69 95 12 13
70 97 28 29
71 97 29 10
72 95 13 93
73 76 98 86
74 97 10 11
75 79 21 78
76 78 36 37
77 97 96 28
78 90 4 26
79 76 86 74
80 75 77 74
81 84 83 42
82 87 17 18
83 77 75 94
84 31 9 30
85 23 35 36
86 23 36 22
87 31 8 9
88 31 32 8
89 87 89 17
90 89 16 17
91 88 44 45
92 103 31 107
93 104 105 53
94 104 107 100
95 109 107 30
96 108 102 50
97 100 109 110
98 100 105 104
99 103 107 104
100 103 104 54
101 111 28 27
102 106 52 105
103 102 112 49
104 111 110 28
105 111 99 112
106 49 50 102
107 99 47 48
108 106 51 52
109 106 108 51
110 99 48 112
111 101 110 111
112 110 29 28
113 105 52 53
114 109 30 29
115 101 100 110
116 101 106 105
117 101 105 100
118 102 108 106
119 109 29 110
120 101 111 112
121 102 106 101
122 112 48 49
123 107 31 30
124 111 27 99
125 99 27 26
126 102 101 112
127 4 47 26
128 103 54 55
129 32 55 6
130 109 100 107
131 99 26 47
132 103 55 32
133 103 32 31
134 108 50 2
135 108 2 51
136 104 53 54
137 114 134 148
138 144 128 145
139 152 140 139
140 152 139 151
141 147 131 133
142 147 146 131
143 147 133 149
144 127 73 5
145 153 146 115
146 154 115 146
147 150 138 119
148 151 139 138
149 151 141 143
150 151 143 144
151 150 137 141
152 153 144 145
153 151 138 150
154 151 150 141
155 119 65 66
156 153 151 144
157 154 147 149
158 154 146 147
159 116 68 3
160 119 120 65
161 113 142 140
162 133 59 135
163 136 55 54
164 115 152 153
165 116 3 69
166 115 113 152
167 121 70 71
168 114 148 154
169 114 154 149
170 121 71 123
171 126 62 124
172 124 62 63
173 115 154 148
174 115 148 113
175 127 125 73
176 132 53 52
177 117 69 70
178 148 132 113
179 142 130 126
180 126 61 62
181 130 52 51
182 118 66 67
183 142 113 132
184 116 69 117
185 128 5 56
186 129 56 57
187 120 64 65
188 149 135 136
189 129 57 131
190 133 58 59
191 126 130 51
192 116 117 68
193 135 6 55
194 131 57 58
195 135 60 6
196 132 134 53
197 125 72 73
198 123 71 72
199 120 122 64
200 134 54 53
201 122 63 64
202 134 136 54
203 125 123 72
204 128 127 5
205 117 67 68
206 145 128 129
207 133 131 58
208 146 129 131
209 149 133 135
210 124 63 122
211 135 59 60
212 135 55 136
213 138 120 119
214 141 123 125
215 146 145 129
216 139 122 120
217 132 52 130
218 148 134 132
219 121 117 70
220 118 119 66
221 118 67 117
222 141 125 143
223 143 125 127
224 137 121 123
225 128 56 129
226 137 117 121
227 113 140 152
228 153 145 146
229 126 51 2
230 126 2 61
231 137 118 117
232 140 124 122
233 142 126 124
234 114 136 134
235 142 124 140
236 142 132 130
237 153 152 151
238 139 120 138
239 139 140 122
240 141 137 123
241 150 119 118
242 150 118 137
243 144 127 128
244 144 143 127
245 114 149 136
