1 1.53081e-18 -0.025 0.322405
2 1.02054e-18 0.0133333 0.78011
3 1.53081e-18 0.025 0.66803
4 1.02054e-18 0.0466667 0.257746
5 0.0146855 0.0378813 0.162389
6 0.0239236 -0.00725686 0.160525
7 0.0138888 0.020787 0.382402
8 0 0.0103846 0.794914
9 0 0.0074359 0.804925
10 0 0.00448718 0.807441
11 0 0.00153846 0.80178
12 0 -0.00141026 0.787722
13 0 -0.00435897 0.764787
14 0 -0.00730769 0.732577
15 0 -0.0102564 0.690794
16 0 -0.0132051 0.639292
17 0 -0.0161538 0.57775
18 0 -0.0191026 0.505646
19 0 -0.0220513 0.420804
20 0.0246029 -0.00443816 0.151969
21 0.0249513 -0.00155996 0.147687
22 0.0249641 0.00133882 0.148105
23 0.0246413 0.0042199 0.153231
24 0.0239872 0.00704367 0.163215
25 0.0230105 0.00977324 0.177914
26 0.0217246 0.0123709 0.197607
27 0.0201464 0.0148028 0.223356
28 0.0182974 0.0170354 0.260453
29 0.0162021 0.0190392 0.345514
30 0.0121962 0.0186408 0.496947
31 0.0101756 0.0168002 0.590388
32 0.00788126 0.0153145 0.666339
33 0.00537497 0.0142238 0.723017
34 0.00272412 0.0135575 0.759878
35 0.00289452 -0.0248319 0.313901
36 0.00574992 -0.0243298 0.305941
37 0.00852762 -0.0235006 0.294801
38 0.0111909 -0.0223554 0.280558
39 0.0137033 -0.0209098 0.263647
40 0.0160318 -0.0191828 0.244912
41 0.0181444 -0.0171983 0.225448
42 0.0200134 -0.0149821 0.20628
43 0.0216132 -0.0125647 0.188502
44 0.0229225 -0.00997795 0.172945
45 0 0.0220833 0.703985
46 0 0.0191667 0.739579
47 0 0.01625 0.761757
48 0.0113493 0.0222754 0.476374
49 0.00865256 0.0234549 0.554261
50 0.00583599 0.0243093 0.611003
51 0.00293847 0.0248267 0.64731
52 0.0130403 0.0403792 0.180407
53 0.0109751 0.0425429 0.200468
54 0.00855639 0.0443027 0.219555
55 0.00586211 0.0456017 0.23541
56 0.00297903 0.0463983 0.246505
57 0.0153119 0.0234179 0.221181
58 0.0162418 0.0262608 0.170124
59 0.0166486 0.0292241 0.149463
60 0.0165192 0.0322124 0.144224
61 0.0158577 0.0351294 0.149765
62 0 0.0439583 0.329886
63 0 0.04125 0.393555
64 0 0.0385417 0.450519
65 0 0.0358333 0.501845
66 0 0.033125 0.548523
67 0 0.0304167 0.59107
68 0 0.0277083 0.629238
69 0.0128245 -0.00682282 0.560708
70 0.0121025 -0.00224948 0.61556
71 0.0121752 -7.02295e-05 0.622976
72 0.0124681 0.00866581 0.599473
73 0.00642515 -0.0215531 0.384191
74 0.00332097 -0.0212678 0.424489
75 0.0087305 -0.0205377 0.380221
76 0.010986 -0.0193021 0.37148
77 0.0132511 -0.0178977 0.354736
78 0.00293947 -0.0177608 0.521934
79 0.015328 -0.0163369 0.334559
80 0.00269923 -0.0147532 0.592888
81 0.0171716 -0.0144448 0.317354
82 0.00255366 -0.0117308 0.652454
83 0.0186349 -0.0123225 0.306564
84 0.00255366 -0.00878205 0.699131
85 0.0199774 -0.0101216 0.291139
86 0.00255366 -0.00583333 0.735974
87 0.021015 -0.00767787 0.280679
88 0.00255366 -0.00288462 0.763277
89 0.0217338 -0.00525971 0.273417
90 0.00255366 6.41026e-05 0.781411
91 0.0221944 -0.00264675 0.268994
92 0.00255366 0.00301282 0.790811
93 0.0223602 -0.000122 0.267848
94 0.0026157 0.00604171 0.791423
95 0.0222171 0.0025462 0.27112
96 0.00255366 0.00891026 0.785291
97 0.0217682 0.00502304 0.279537
98 0.00203092 0.0114435 0.777994
99 0.0210376 0.00755376 0.291318
100 0.020082 0.00989083 0.30665
101 0.00473585 0.0112548 0.75302
102 0.0187629 0.0122044 0.331058
103 0.00777735 0.0124437 0.693594
104 0.0171393 0.0142595 0.369105
105 0.0108227 0.0136767 0.606823
106 0.015489 0.0162948 0.411922
107 0.0127507 0.0161049 0.514812
108 0.0141044 0.0181055 0.432605
109 0.00585918 -0.0191084 0.460113
110 0.00836392 -0.0177148 0.460731
111 0.0105965 -0.0164758 0.449259
112 0.0127475 -0.0150611 0.431749
113 0.00549654 -0.0162633 0.534707
114 0.0147536 -0.0139319 0.400826
115 0.00520108 -0.0133149 0.600417
116 0.015864 -0.0119204 0.405074
117 0.00508498 -0.0102564 0.655425
118 0.0171385 -0.00991914 0.39534
119 0.00508498 -0.00730769 0.696886
120 0.0185367 -0.0080277 0.370753
121 0.00508498 -0.00435897 0.728439
122 0.0187794 -0.0056947 0.385801
123 0.00508498 -0.00141026 0.75049
124 0.019861 -0.00356791 0.359402
125 0.00508498 0.00153846 0.763435
126 0.0196273 -0.00120439 0.378639
127 0.00508498 0.00448718 0.767651
128 0.020176 0.00109364 0.358843
129 0.00526951 0.00789054 0.759865
130 0.0193234 0.00330743 0.389055
131 0.0193273 0.00567555 0.377145
132 0.0181166 0.00771081 0.410372
133 0.017604 0.0100059 0.407521
134 0.00761587 0.00948839 0.715242
135 0.0158794 0.0115926 0.457563
136 0.0102087 0.0106999 0.649019
137 0.0141367 0.0137297 0.498288
138 0.0131571 0.0111084 0.559498
139 0.00791987 -0.0148719 0.532873
140 0.0102824 -0.0135184 0.517996
141 0.0127975 -0.0119926 0.489439
142 0.00764467 -0.0119609 0.593497
143 0.00757333 -0.00891221 0.642786
144 0.0158958 -0.00673955 0.474675
145 0.00761629 -0.00583333 0.679852
146 0.00766336 -0.0029223 0.704564
147 0.00762484 8.05809e-05 0.721818
148 0.0169735 -0.00301095 0.4689
149 0.00777566 0.00306947 0.726247
150 0.0171581 0.000927798 0.474047
151 0.00781526 0.00620367 0.723325
152 0.0164776 0.00486532 0.49054
153 0.0152044 0.00849833 0.512845
154 0.0144298 -0.00937314 0.486031
155 0.0102676 0.00750933 0.665895
156 0.00994062 -0.0107391 0.57365
157 0.0100044 -0.00763218 0.616095
158 0.0138646 -0.00410194 0.55783
159 0.010552 -0.00444026 0.638007
160 0.00993295 -0.0013558 0.671151
161 0.0103429 0.00154781 0.672313
162 0.0144878 -0.000960796 0.556618
163 0.0106389 0.00438268 0.665939
164 0.0136754 0.00238053 0.586907
165 0.0131128 0.00582843 0.595813
166 0.0119883 -0.0092706 0.550429
167 0.0063278 0.0212101 0.638394
168 0.00297224 0.0218468 0.683333
169 0.00420441 0.0191331 0.69636
170 0.00146488 0.0234441 0.676479
171 0.00921681 0.0199679 0.580944
172 0.00726444 0.0183108 0.650233
173 0.00557968 0.016799 0.69698
174 0.00296363 0.0166477 0.733881
175 0.00708131 0.0346909 0.43869
176 0.00683079 0.0316336 0.491051
177 0.00899491 0.0298646 0.461947
178 0.00903097 0.0328679 0.419912
179 0.0101449 0.0393783 0.284611
180 0.00798794 0.0409251 0.305653
181 0.0120604 0.0379548 0.252315
182 0.00550165 0.0422133 0.321757
183 0.0128387 0.0357041 0.260347
184 0.0028836 0.0432031 0.32859
185 0.0136731 0.0331071 0.259856
186 0.0138486 0.0303563 0.278207
187 0.0137626 0.0274868 0.303585
188 0.0133131 0.0244674 0.351059
189 0.00272708 0.0403257 0.394851
190 0.00253911 0.0374501 0.454649
191 0.00234549 0.0344792 0.510305
192 0.00238041 0.0313579 0.560778
193 0.00829866 0.0267988 0.522669
194 0.00217781 0.0278346 0.615087
195 0.00509429 0.0270408 0.589621
196 0.0110569 0.025583 0.445173
197 0.00750883 0.0377673 0.37685
198 0.00969567 0.0361935 0.352061
199 0.00519984 0.0392014 0.389939
200 0.0113519 0.0313968 0.366939
201 0.0112191 0.0285397 0.404892
202 0.00487456 0.0361776 0.451845
203 0.00466611 0.0330955 0.507057
204 0.00459997 0.0299907 0.555513
205 0.00674769 0.0290107 0.529493
206 0.0112863 0.0338891 0.337071
