1 0 0 5.14663
2 -1.31814e-05 0.0843 4.31859
3 0.00120385 0.000317737 5.35328
4 0.0024077 0.000635475 5.46427
5 0.00361155 0.000953212 5.53023
6 0.0048154 0.00127095 5.55789
7 0.00600595 0.00163462 5.58285
8 0.00719319 0.00200967 5.5905
9 0.00838044 0.00238472 5.57411
10 0.00956768 0.00275977 5.52968
11 0.0107405 0.00317625 5.48296
12 0.011904 0.00361946 5.42949
13 0.0130675 0.00406268 5.34868
14 0.0142128 0.00454958 5.26711
15 0.015345 0.00506763 5.18079
16 0.0164771 0.00558568 5.06594
17 0.0175901 0.00614246 4.94404
18 0.0186858 0.00673351 4.81046
19 0.0197483 0.00738265 4.68386
20 0.0207913 0.00806192 4.54701
21 0.0218167 0.00876798 4.39164
22 0.0227996 0.00953179 4.24018
23 0.023739 0.0103486 4.09372
24 0.024639 0.0112086 3.94665
25 0.0254982 0.0121093 3.79615
26 0.0263 0.0130614 3.656
27 0.0270419 0.0140611 3.52967
28 0.0277346 0.0150954 3.40796
29 0.0283688 0.0161663 3.29903
30 0.0289499 0.0172673 3.19964
31 0.0294823 0.0183926 3.10598
32 0.0299536 0.0195449 3.02931
33 0.0303777 0.0207153 2.96082
34 0.0307636 0.021899 2.89267
35 0.0310975 0.0230985 2.836
36 0.0313851 0.0243097 2.7867
37 0.0316282 0.0255305 2.74353
38 0.0318266 0.0267594 2.70682
39 0.0319784 0.0279949 2.67746
40 0.0320819 0.0292355 2.65654
41 0.0321332 0.0304795 2.64646
42 0.0321242 0.0317245 2.65346
43 0.0320614 0.0329677 2.67237
44 0.0319454 0.034207 2.70331
45 0.0317759 0.03544 2.74684
46 0.0315546 0.036665 2.80213
47 0.0312837 0.0378801 2.86774
48 0.0309577 0.0390817 2.9489
49 0.030586 0.0402699 3.03896
50 0.0301752 0.041445 3.13426
51 0.0297306 0.0426077 3.23257
52 0.0292557 0.0437586 3.33271
53 0.0287498 0.0448963 3.43726
54 0.0282204 0.0460231 3.54116
55 0.0276748 0.0471422 3.64067
56 0.0271166 0.0482552 3.7353
57 0.0265485 0.0493631 3.82474
58 0.0259746 0.050468 3.90763
59 0.0254012 0.0515732 3.98041
60 0.0248312 0.0526801 4.04319
61 0.0242677 0.0537904 4.09531
62 0.0237199 0.0549085 4.13077
63 0.0231895 0.0560349 4.15137
64 0.0226791 0.0571704 4.15732
65 0.0221915 0.0583159 4.14769
66 0.0217364 0.0594748 4.11616
67 0.0213174 0.0606472 4.06332
68 0.020933 0.0618312 3.99352
69 0.020582 0.0630257 3.90892
70 0.0202628 0.064229 3.81177
71 0.019976 0.0654406 3.70141
72 0.0197107 0.0666571 3.58771
73 0.0194549 0.0678756 3.47758
74 0.0191981 0.0690938 3.37585
75 0.0189059 0.070304 3.30469
76 0.0185826 0.0715063 3.2498
77 0.018172 0.0726812 3.24911
78 0.0176668 0.0738191 3.29273
79 0.0170742 0.0749132 3.36723
80 0.016347 0.0759225 3.49909
81 0.0155328 0.0768638 3.64184
82 0.014645 0.0777358 3.78877
83 0.0136763 0.0785169 3.94965
84 0.0126475 0.0792182 4.10698
85 0.0115867 0.0798697 4.24137
86 0.0104977 0.0804724 4.35808
87 0.00938225 0.0810243 4.45979
88 0.00824109 0.0815209 4.5492
89 0.00707731 0.0819634 4.62363
90 0.00591353 0.0824059 4.65671
91 0.00474975 0.0828484 4.65593
92 0.00356679 0.0832343 4.64847
93 0.00237346 0.0835895 4.60844
94 0.00118014 0.0839448 4.51478
95 -1.29847e-05 0.0830418 4.93534
96 -1.2788e-05 0.0817836 5.52979
97 -1.25912e-05 0.0805254 6.10292
98 -1.23945e-05 0.0792672 6.65316
99 -1.21978e-05 0.078009 7.1804
100 -1.2001e-05 0.0767507 7.69057
101 -1.18043e-05 0.0754925 8.18891
102 -1.16075e-05 0.0742343 8.67796
103 -1.14108e-05 0.0729761 9.15736
104 -1.12141e-05 0.0717179 9.62522
105 -1.10173e-05 0.0704597 10.0798
106 -1.08206e-05 0.0692015 10.5199
107 -1.06239e-05 0.0679433 10.945
108 -1.04271e-05 0.0666851 11.355
109 -1.02304e-05 0.0654269 11.7499
110 -1.00336e-05 0.0641687 12.1296
111 -9.8369e-06 0.0629104 12.4943
112 -9.64016e-06 0.0616522 12.8439
113 -9.44342e-06 0.060394 13.1784
114 -9.24669e-06 0.0591358 13.4977
115 -9.04995e-06 0.0578776 13.8016
116 -8.85321e-06 0.0566194 14.0899
117 -8.65647e-06 0.0553612 14.3625
118 -8.45973e-06 0.054103 14.6189
119 -8.263e-06 0.0528448 14.8589
120 -8.06626e-06 0.0515866 15.0821
121 -7.86952e-06 0.0503284 15.2881
122 -7.67278e-06 0.0490701 15.4766
123 -7.47604e-06 0.0478119 15.6469
124 -7.27931e-06 0.0465537 15.7988
125 -7.08257e-06 0.0452955 15.9316
126 -6.88583e-06 0.0440373 16.0451
127 -6.68909e-06 0.0427791 16.1386
128 -6.49235e-06 0.0415209 16.2116
129 -6.29562e-06 0.0402627 16.2639
130 -6.09888e-06 0.0390045 16.2947
131 -5.90214e-06 0.0377463 16.3038
132 -5.7054e-06 0.0364881 16.2905
133 -5.50866e-06 0.0352299 16.2546
134 -5.31193e-06 0.0339716 16.1955
135 -5.11519e-06 0.0327134 16.1129
136 -4.91845e-06 0.0314552 16.0064
137 -4.72171e-06 0.030197 15.8754
138 -4.52497e-06 0.0289388 15.7198
139 -4.32824e-06 0.0276806 15.5392
140 -4.1315e-06 0.0264224 15.3331
141 -3.93476e-06 0.0251642 15.1014
142 -3.73802e-06 0.023906 14.8437
143 -3.54128e-06 0.0226478 14.5598
144 -3.34455e-06 0.0213896 14.2494
145 -3.14781e-06 0.0201313 13.9123
146 -2.95107e-06 0.0188731 13.5484
147 -2.75433e-06 0.0176149 13.1576
148 -2.55759e-06 0.0163567 12.7398
149 -2.36086e-06 0.0150985 12.2951
150 -2.16412e-06 0.0138403 11.824
151 -1.96738e-06 0.0125821 11.3273
152 -1.77064e-06 0.0113239 10.8066
153 -1.5739e-06 0.0100657 10.2642
154 -1.37717e-06 0.00880746 9.70292
155 -1.18043e-06 0.00754925 9.12389
156 -9.8369e-07 0.00629104 8.52553
157 -7.86952e-07 0.00503284 7.90373
158 -5.90214e-07 0.00377463 7.25347
159 -3.93476e-07 0.00251642 6.57539
160 -1.96738e-07 0.00125821 5.87316
161 0.0161319 0.0285358 12.2562
162 0.00741286 0.0107481 9.94069
163 0.0162612 0.0299136 12.3307
164 0.012088 0.0583535 11.0249
165 0.0117721 0.0573417 11.4213
166 0.0134072 0.0772109 4.59427
167 0.0142447 0.076434 4.48576
168 0.0150307 0.0756101 4.37119
169 0.0124897 0.0778877 4.72819
170 0.0157351 0.0747328 4.2717
171 0.0114703 0.0785042 4.87903
172 0.0163707 0.0737987 4.18456
173 0.0104385 0.0791063 4.99251
174 0.0168941 0.0727593 4.15907
175 0.0093787 0.0796736 5.08523
176 0.0173041 0.0716976 4.18862
177 0.00831289 0.0802144 5.14778
178 0.0176532 0.0705724 4.25442
179 0.00722992 0.0806637 5.21485
180 0.0179901 0.0694363 4.31463
181 0.00611894 0.0810861 5.26154
182 0.018263 0.0682617 4.42614
183 0.00491208 0.0814982 5.29283
184 0.0185259 0.067043 4.55561
185 0.00368033 0.0819045 5.2868
186 0.0187983 0.0658172 4.68212
187 0.00237471 0.082206 5.28716
188 0.0190809 0.064586 4.80903
189 0.00119776 0.0826028 5.17035
190 0.0193914 0.0633566 4.92174
191 0.0197352 0.0621373 5.01426
192 0.0201094 0.0609185 5.09325
193 0.0205257 0.0597118 5.14451
194 0.00132109 0.0812287 5.80951
195 0.0209726 0.0585109 5.17986
196 0.00107021 0.0798783 6.41085
197 0.0214478 0.057335 5.19318
198 0.00106737 0.0786252 6.94163
199 0.0219587 0.056175 5.17865
200 0.00107754 0.07738 7.44942
201 0.0224791 0.0550304 5.15652
202 0.00107774 0.0761218 7.94969
203 0.0230316 0.053879 5.11339
204 0.00107794 0.0748636 8.44243
205 0.0235874 0.0527652 5.05501
206 0.00107813 0.0736054 8.92816
207 0.0241542 0.051644 4.98815
208 0.00107833 0.0723472 9.40379
209 0.0247273 0.0505326 4.9078
210 0.00107853 0.071089 9.8664
211 0.0253003 0.0494281 4.81768
212 0.00107872 0.0698308 10.3144
213 0.0258622 0.0483301 4.72408
214 0.00107892 0.0685726 10.7473
215 0.0264235 0.047219 4.62257
216 0.00107912 0.0673143 11.1649
217 0.0269685 0.046119 4.51569
218 0.00107931 0.0660561 11.5673
219 0.0274902 0.0450145 4.41166
220 0.00107951 0.0647979 11.9546
221 0.0280097 0.0438834 4.29726
222 0.00107971 0.0635397 12.3268
223 0.0284773 0.0427918 4.1929
224 0.0010799 0.0622815 12.6839
225 0.028928 0.0416421 4.09266
226 0.0010801 0.0610233 13.026
227 0.0293322 0.0405113 4.00072
228 0.0010803 0.0597651 13.353
229 0.0297158 0.0393764 3.9011
230 0.00108049 0.0585069 13.6647
231 0.0300416 0.0382138 3.82499
232 0.00108069 0.0572487 13.961
233 0.0303296 0.0370409 3.7524
234 0.00108089 0.0559905 14.2417
235 0.0305836 0.0358569 3.67957
236 0.00108108 0.0547323 14.5065
237 0.0307563 0.0346841 3.64131
238 0.00108128 0.0534741 14.755
239 0.0309073 0.0335052 3.59247
240 0.00108148 0.0522158 14.9869
241 0.0309788 0.0323112 3.57824
242 0.00108167 0.0509576 15.2019
243 0.0310097 0.0311065 3.56704
244 0.00108187 0.0496994 15.3995
245 0.0309914 0.0299154 3.56535
246 0.00108207 0.0484412 15.5793
247 0.0309212 0.0287158 3.57502
248 0.00108226 0.047183 15.7408
249 0.0308138 0.0275157 3.58456
250 0.00108246 0.0459248 15.8835
251 0.030636 0.0263336 3.62129
252 0.00108266 0.0446666 16.0071
253 0.0304353 0.0251578 3.64806
254 0.00108285 0.0434084 16.111
255 0.030166 0.0239759 3.69782
256 0.00108305 0.0421502 16.1947
257 0.0298627 0.0228068 3.74595
258 0.00108325 0.040892 16.2578
259 0.0295126 0.0216641 3.80417
260 0.00108344 0.0396338 16.2997
261 0.029124 0.0205297 3.86298
262 0.00108364 0.0383755 16.3201
263 0.0286975 0.019414 3.92338
264 0.00108384 0.0371173 16.3184
265 0.0282053 0.0183268 4.00593
266 0.00108403 0.0358591 16.2942
267 0.0276697 0.0172552 4.09042
268 0.00108423 0.0346009 16.247
269 0.0270846 0.0162337 4.1894
270 0.00108443 0.0333427 16.1766
271 0.0264581 0.0152319 4.28793
272 0.00108462 0.0320845 16.0823
273 0.0257647 0.0142753 4.40844
274 0.00108482 0.0308263 15.9639
275 0.0250306 0.0133517 4.52933
276 0.00108502 0.0295681 15.8209
277 0.0242532 0.012457 4.64891
278 0.00108521 0.0283099 15.6531
279 0.0234022 0.0116328 4.79874
280 0.00108541 0.0270517 15.46
281 0.0225169 0.0108252 4.93671
282 0.00108561 0.0257935 15.2414
283 0.0216041 0.0100686 5.07283
284 0.0010858 0.0245352 14.9969
285 0.0206551 0.00935407 5.20737
286 0.001086 0.023277 14.7263
287 0.0196549 0.00871086 5.36181
288 0.0010862 0.0220188 14.4294
289 0.0186223 0.00807546 5.50058
290 0.00108639 0.0207606 14.1058
291 0.0175843 0.00746125 5.61802
292 0.00108659 0.0195024 13.7554
293 0.0165375 0.00687375 5.71863
294 0.00108679 0.0182442 13.3781
295 0.0154553 0.00636488 5.83995
296 0.00108698 0.016986 12.9737
297 0.0143516 0.00588309 5.95386
298 0.00108718 0.0157278 12.5423
299 0.013204 0.0054026 6.05459
300 0.00108738 0.0144696 12.0839
301 0.0120563 0.0049221 6.12551
302 0.00108758 0.0132114 11.5989
303 0.0109087 0.00444152 6.16741
304 0.00108777 0.0119532 11.0883
305 0.00979696 0.00402145 6.20764
306 0.00108797 0.0106949 10.5541
307 0.00864235 0.00364829 6.2575
308 0.00108817 0.00943674 10
309 0.00748525 0.00329392 6.291
310 0.00108836 0.00817853 9.42983
311 0.00628652 0.00294659 6.30951
312 0.00108856 0.00692032 8.84414
313 0.00504706 0.00260696 6.31023
314 0.00109139 0.00566031 8.23781
315 0.003806 0.00227467 6.28151
316 0.00109612 0.00439559 7.60332
317 0.00251243 0.00199482 6.24743
318 0.00137623 0.00302389 6.88053
319 0.00126898 0.00168018 6.13877
320 0.013117 0.0760309 5.16829
321 0.0122798 0.0766605 5.29474
322 0.0138765 0.0752887 5.07818
323 0.0145289 0.0744825 5.02606
324 0.0113782 0.0772709 5.41418
325 0.015145 0.0736549 4.964
326 0.0104018 0.0778774 5.52082
327 0.0158233 0.0728738 4.81215
328 0.00938769 0.0784389 5.61597
329 0.01601 0.0718441 5.01401
330 0.00835636 0.0789442 5.69871
331 0.0164198 0.0707929 5.06156
332 0.00735008 0.0794053 5.75536
333 0.0167735 0.0697023 5.13838
334 0.00626955 0.0798368 5.80485
335 0.0170669 0.0685689 5.25556
336 0.00513272 0.0802621 5.829
337 0.0173379 0.0674244 5.3841
338 0.00397289 0.0807118 5.80457
339 0.0176025 0.0661946 5.5385
340 0.00268412 0.081167 5.74476
341 0.0178835 0.0649707 5.6787
342 0.0181801 0.0637055 5.82218
343 0.018517 0.062446 5.93746
344 0.0188805 0.0612 6.03362
345 0.0192847 0.0599613 6.10177
346 0.0197353 0.0587361 6.13544
347 0.0201901 0.0575148 6.17074
348 0.00213151 0.0792162 6.6463
349 0.0207004 0.0563267 6.15651
350 0.00216014 0.0780089 7.14591
351 0.02123 0.0551531 6.12601
352 0.00216443 0.0767511 7.65089
353 0.0217749 0.0539895 6.08228
354 0.00216463 0.0754929 8.14622
355 0.0223433 0.05284 6.01576
356 0.00216483 0.0742347 8.63517
357 0.0229018 0.0517147 5.94692
358 0.00216502 0.0729765 9.11585
359 0.0234784 0.0505921 5.85904
360 0.00216522 0.0717183 9.5848
361 0.0240554 0.0494832 5.76003
362 0.00216542 0.07046 10.0398
363 0.0246253 0.0483898 5.65326
364 0.00216561 0.0692018 10.4799
365 0.025179 0.0472877 5.55032
366 0.00216581 0.0679436 10.9047
367 0.0257365 0.0461936 5.42969
368 0.00216601 0.0666854 11.3144
369 0.026264 0.0451108 5.31398
370 0.0021662 0.0654272 11.709
371 0.0267687 0.0439983 5.20611
372 0.0021664 0.064169 12.0886
373 0.027239 0.0429136 5.09937
374 0.0021666 0.0629108 12.4532
375 0.0277021 0.0418247 4.98013
376 0.00216679 0.0616526 12.8029
377 0.0281093 0.040712 4.88634
378 0.00216699 0.0603944 13.1376
379 0.0284865 0.0396023 4.79259
380 0.00216719 0.0591362 13.4572
381 0.028833 0.038485 4.70044
382 0.00216738 0.057878 13.7616
383 0.0291312 0.0373624 4.62149
384 0.00216758 0.0566197 14.0506
385 0.0293883 0.0362382 4.54937
386 0.00216778 0.0553615 14.3238
387 0.0295879 0.0351047 4.49644
388 0.00216797 0.0541033 14.5811
389 0.0297452 0.0339666 4.45064
390 0.00216817 0.0528451 14.822
391 0.0298525 0.0328258 4.41722
392 0.00216837 0.0515869 15.0462
393 0.0299042 0.0316785 4.39993
394 0.00216856 0.0503287 15.2533
395 0.0299178 0.0305285 4.38547
396 0.00216876 0.0490705 15.4428
397 0.0298703 0.0293759 4.39035
398 0.00216896 0.0478123 15.6143
399 0.0297853 0.0282261 4.39737
400 0.00216915 0.0465541 15.7673
401 0.0296438 0.0270754 4.41977
402 0.00216935 0.0452959 15.9014
403 0.0294649 0.0259302 4.44406
404 0.00216955 0.0440377 16.016
405 0.0292415 0.02479 4.4751
406 0.00216974 0.0427794 16.1107
407 0.0289632 0.0236691 4.52139
408 0.00216994 0.0415212 16.185
409 0.028655 0.0225532 4.56355
410 0.00217014 0.040263 16.2384
411 0.0282943 0.0214557 4.6185
412 0.00217033 0.0390048 16.2704
413 0.0278987 0.020375 4.67372
414 0.00217053 0.0377466 16.2805
415 0.0274599 0.0193153 4.7349
416 0.00217073 0.0364884 16.2684
417 0.0269712 0.0182888 4.80833
418 0.00217092 0.0352302 16.2336
419 0.02644 0.017287 4.88672
420 0.00217112 0.033972 16.1755
421 0.0258591 0.0163194 4.97603
422 0.00217132 0.0327138 16.0939
423 0.0252326 0.0153856 5.07284
424 0.00217151 0.0314556 15.9883
425 0.0245516 0.0144856 5.18117
426 0.00217171 0.0301974 15.8583
427 0.0238231 0.0136281 5.29842
428 0.00217191 0.0289391 15.7036
429 0.023061 0.0128245 5.42111
430 0.0021721 0.0276809 15.5237
431 0.0222371 0.012041 5.55152
432 0.0021723 0.0264227 15.3185
433 0.021376 0.0112886 5.67965
434 0.0021725 0.0251645 15.0875
435 0.0204699 0.0105912 5.81795
436 0.00217269 0.0239063 14.8304
437 0.0195632 0.00994192 5.94522
438 0.00217289 0.0226481 14.5471
439 0.018554 0.00930991 6.0926
440 0.00217309 0.0213899 14.2372
441 0.0175517 0.00870086 6.21549
442 0.00217328 0.0201317 13.9006
443 0.0165426 0.0081236 6.32464
444 0.00217348 0.0188735 13.537
445 0.0155296 0.0076055 6.43396
446 0.00217368 0.0176153 13.1464
447 0.0144671 0.00711265 6.54465
448 0.00217387 0.0163571 12.7286
449 0.0133609 0.00663857 6.65089
450 0.00217407 0.0150988 12.2837
451 0.0122132 0.0061581 6.73719
452 0.00217427 0.0138406 11.8118
453 0.0110655 0.00567755 6.79387
454 0.00217447 0.0125824 11.3136
455 0.00997654 0.00525459 6.83869
456 0.00217466 0.0113242 10.7906
457 0.0088735 0.00486832 6.88067
458 0.00217486 0.010066 10.2454
459 0.00772118 0.00451291 6.92287
460 0.00220737 0.00878318 9.66972
461 0.00655089 0.00417487 6.95018
462 0.00223503 0.00750505 9.08073
463 0.00532402 0.00382652 6.95134
464 0.00221993 0.006252 8.48771
465 0.00409401 0.00346811 6.91409
466 0.00215492 0.00505057 7.89947
467 0.00274661 0.00312809 6.85807
468 0.00206518 0.0802967 6.18263
469 0.0128741 0.0750121 5.63843
470 0.0120126 0.0754759 5.84106
471 0.0111999 0.0760525 5.94618
472 0.0133611 0.0741659 5.70966
473 0.0140128 0.0733018 5.67832
474 0.0103257 0.076643 6.03379
475 0.0106983 0.062237 10.5929
476 0.00937795 0.0772289 6.1108
477 0.00741044 0.0736253 8.01161
478 0.00837723 0.0777132 6.20578
479 0.0151765 0.0710112 5.7608
480 0.00737686 0.0781381 6.28759
481 0.0155587 0.0699227 5.8556
482 0.00635581 0.0785664 6.33671
483 0.0158706 0.0688569 5.97138
484 0.00528237 0.0789951 6.35898
485 0.0161501 0.0677299 6.11487
486 0.00420464 0.0794524 6.33112
487 0.0164079 0.066581 6.27192
488 0.016685 0.0653397 6.43832
489 0.0169599 0.0640758 6.61062
490 0.017273 0.0627985 6.75979
491 0.0176384 0.0615215 6.87194
492 0.0180267 0.0602314 6.97246
493 0.0184622 0.0589729 7.03068
494 0.0189317 0.0577215 7.06288
495 0.0194265 0.0564964 7.0698
496 0.00320058 0.0786898 6.77659
497 0.019974 0.0552865 7.03375
498 0.00323862 0.0774181 7.29298
499 0.0205081 0.0541013 6.99949
500 0.00324991 0.0761489 7.79527
501 0.0210721 0.0529362 6.93554
502 0.003255 0.0748891 8.28583
503 0.0216499 0.0517946 6.85124
504 0.00325172 0.0736057 8.77958
505 0.0222216 0.0506559 6.76591
506 0.00325191 0.0723475 9.25356
507 0.0228066 0.0495379 6.65855
508 0.00325211 0.0710893 9.71472
509 0.0233882 0.0484403 6.53998
510 0.00325231 0.0698311 10.1615
511 0.0239426 0.0473566 6.42752
512 0.0032525 0.0685729 10.5933
513 0.0245035 0.0462544 6.30374
514 0.0032527 0.0673147 11.01
515 0.0250361 0.0451825 6.17966
516 0.0032529 0.0660565 11.4116
517 0.0255322 0.0441041 6.06858
518 0.00325309 0.0647983 11.7984
519 0.0260074 0.0430288 5.95587
520 0.00325329 0.0635401 12.1703
521 0.0264616 0.0419541 5.84124
522 0.00325349 0.0622819 12.5275
523 0.0268878 0.0408791 5.72853
524 0.00325368 0.0610236 12.8699
525 0.0272697 0.0398036 5.62848
526 0.00325388 0.0597654 13.1975
527 0.0276214 0.0387239 5.53104
528 0.00325408 0.0585072 13.51
529 0.0279239 0.0376448 5.44807
530 0.00325427 0.057249 13.8074
531 0.0281927 0.0365645 5.36865
532 0.00325447 0.0559908 14.0893
533 0.0284162 0.0354811 5.30069
534 0.00325467 0.0547326 14.3555
535 0.0285893 0.0343894 5.24766
536 0.00325486 0.0534744 14.6056
537 0.0287084 0.0332948 5.21115
538 0.00325506 0.0522162 14.8394
539 0.0287828 0.0321982 5.18442
540 0.00325526 0.050958 15.0562
541 0.0288162 0.0310992 5.16452
542 0.00325545 0.0496998 15.2558
543 0.0288019 0.0299892 5.1556
544 0.00325565 0.0484416 15.4377
545 0.0287393 0.0288853 5.15785
546 0.00325585 0.0471833 15.6013
547 0.0286373 0.0277771 5.16463
548 0.00325604 0.0459251 15.7463
549 0.0284805 0.0266754 5.18639
550 0.00325624 0.0446669 15.872
551 0.0282882 0.0255767 5.20969
552 0.00325644 0.0434087 15.9781
553 0.0280413 0.0244842 5.24689
554 0.00325663 0.0421505 16.064
555 0.0277585 0.023409 5.28668
556 0.00325683 0.0408923 16.1293
557 0.0274404 0.0223402 5.32695
558 0.00325703 0.0396341 16.1734
559 0.0270776 0.0212925 5.37548
560 0.00325722 0.0383759 16.1959
561 0.0266743 0.0202677 5.42952
562 0.00325742 0.0371177 16.1962
563 0.0262321 0.0192685 5.48834
564 0.00325762 0.0358595 16.174
565 0.0257479 0.0183018 5.5551
566 0.00325781 0.0346013 16.1288
567 0.0252104 0.0173634 5.63501
568 0.00325801 0.033343 16.0602
569 0.0246338 0.0164663 5.72233
570 0.00325821 0.0320848 15.9678
571 0.0240403 0.0155896 5.79873
572 0.0032584 0.0308266 15.8511
573 0.0233529 0.0147574 5.9125
574 0.0032586 0.0295684 15.7098
575 0.0226334 0.0139837 6.03421
576 0.0032588 0.0283102 15.5435
577 0.0218897 0.0132185 6.14364
578 0.00325899 0.027052 15.3519
579 0.0210961 0.0124795 6.25834
580 0.00325919 0.0257938 15.1347
581 0.0202462 0.0118044 6.39388
582 0.00325939 0.0245356 14.8915
583 0.0193722 0.0111632 6.5249
584 0.00325958 0.0232774 14.622
585 0.0184542 0.0105409 6.65408
586 0.00325978 0.0220192 14.3261
587 0.0174986 0.0099335 6.77577
588 0.00325998 0.020761 14.0034
589 0.0165118 0.00935924 6.89443
590 0.00326017 0.0195027 13.6538
591 0.0155406 0.0088401 7.00407
592 0.00326037 0.0182445 13.2771
593 0.0145385 0.00834948 7.11111
594 0.00326057 0.0169863 12.8732
595 0.0134693 0.00786681 7.21657
596 0.00326077 0.0157281 12.442
597 0.0123702 0.00739408 7.30777
598 0.00326096 0.0144699 11.9836
599 0.0112225 0.00691361 7.37953
600 0.00326116 0.0132117 11.4984
601 0.0101321 0.00648011 7.43178
602 0.00326136 0.0119535 10.9873
603 0.00904197 0.00608029 7.47474
604 0.00326155 0.0106953 10.4525
605 0.00795181 0.00572634 7.51525
606 0.00329285 0.00940164 9.87953
607 0.0067935 0.005392 7.55187
608 0.00337071 0.0080925 9.27894
609 0.00556908 0.0050637 7.5719
610 0.00340376 0.00679769 8.67025
611 0.00436429 0.00470064 7.53775
612 0.00331842 0.00552736 8.05944
613 0.00318599 0.00432529 7.45891
614 0.00210963 0.00397805 7.35093
615 0.00314051 0.0799466 6.24563
616 0.0120203 0.0741317 6.31009
617 0.0110194 0.0748036 6.46547
618 0.0101728 0.0754011 6.54956
619 0.01277 0.0731067 6.32948
620 0.0134477 0.0721893 6.30963
621 0.00933705 0.0760173 6.58962
622 0.00838378 0.0765465 6.6643
623 0.0139984 0.0710668 6.38183
624 0.00739633 0.0768973 6.78188
625 0.0143223 0.0700732 6.51209
626 0.00638439 0.0772683 6.86179
627 0.0146521 0.0690669 6.62881
628 0.00534016 0.0776988 6.88756
629 0.0149563 0.0680254 6.7588
630 0.00429288 0.0781663 6.86076
631 0.0152275 0.066892 6.92591
632 0.0154789 0.065722 7.1089
633 0.0157522 0.0644531 7.30131
634 0.0160332 0.0631663 7.48966
635 0.0163784 0.0618482 7.64142
636 0.0167563 0.0605404 7.7648
637 0.017175 0.0592409 7.85512
638 0.0176503 0.0579592 7.89841
639 0.0181366 0.0566922 7.92666
640 0.0186648 0.0554429 7.91778
641 0.0192238 0.0542405 7.87056
642 0.00431946 0.0768712 7.37916
643 0.0197921 0.0530384 7.81283
644 0.00434366 0.07557 7.88521
645 0.0203953 0.0518595 7.71952
646 0.00434737 0.0742932 8.37635
647 0.0209571 0.050734 7.63432
648 0.00434323 0.0730122 8.86263
649 0.0215495 0.0495922 7.52538
650 0.0043388 0.0717186 9.3426
651 0.0221445 0.0484842 7.39758
652 0.004339 0.0704604 9.7953
653 0.0227169 0.0474133 7.26679
654 0.0043392 0.0692022 10.2334
655 0.0232644 0.0463177 7.14832
656 0.00433939 0.067944 10.6567
657 0.0238108 0.045242 7.01395
658 0.00433959 0.0666858 11.0651
659 0.024303 0.0441882 6.89878
660 0.00433979 0.0654275 11.4588
661 0.0247852 0.0431245 6.77828
662 0.00433998 0.0641693 11.8378
663 0.0252333 0.0420712 6.66387
664 0.00434018 0.0629111 12.2023
665 0.0256607 0.041019 6.54744
666 0.00434038 0.0616529 12.5522
667 0.0260511 0.0399715 6.43868
668 0.00434057 0.0603947 12.8876
669 0.0264031 0.0389301 6.33804
670 0.00434077 0.0591365 13.2083
671 0.0267147 0.0378868 6.24756
672 0.00434097 0.0578783 13.5141
673 0.0269914 0.0368448 6.16254
674 0.00434116 0.0566201 13.8048
675 0.0272266 0.0358022 6.08745
676 0.00434136 0.0553619 14.0801
677 0.0274263 0.0347634 6.0176
678 0.00434156 0.0541037 14.3397
679 0.0275632 0.033718 5.97237
680 0.00434175 0.0528455 14.5832
681 0.027622 0.0326847 5.96036
682 0.00434195 0.0515872 14.8102
683 0.0276954 0.0316233 5.91992
684 0.00434215 0.050329 15.0202
685 0.0277094 0.0305605 5.89947
686 0.00434234 0.0490708 15.2128
687 0.0276741 0.0294981 5.89182
688 0.00434254 0.0478126 15.3874
689 0.0275962 0.0284368 5.89218
690 0.00434274 0.0465544 15.5437
691 0.0274749 0.0273759 5.90073
692 0.00434293 0.0452962 15.681
693 0.0273054 0.0263182 5.9201
694 0.00434313 0.044038 15.799
695 0.0270966 0.0252681 5.94452
696 0.00434333 0.0427798 15.897
697 0.0268396 0.0242248 5.97917
698 0.00434352 0.0415216 15.9745
699 0.0265554 0.0231908 6.01045
700 0.00434372 0.0402634 16.0311
701 0.0262264 0.0221747 6.05043
702 0.00434392 0.0390052 16.0663
703 0.0258449 0.0211847 6.10467
704 0.00434411 0.0377469 16.0796
705 0.025447 0.0202225 6.15178
706 0.00434431 0.0364887 16.0705
707 0.0250299 0.0192762 6.19146
708 0.00434451 0.0352305 16.0386
709 0.0245349 0.018372 6.263
710 0.0043447 0.0339723 15.9834
711 0.023979 0.0175201 6.35856
712 0.0043449 0.0327141 15.9045
713 0.0234425 0.0166575 6.41761
714 0.0043451 0.0314559 15.8015
715 0.0229925 0.0157419 6.39231
716 0.00434529 0.0301977 15.674
717 0.0221625 0.0151201 6.62584
718 0.00434549 0.0289395 15.5217
719 0.0214912 0.0143763 6.71816
720 0.00434569 0.0276813 15.3441
721 0.0207728 0.013638 6.8101
722 0.00434588 0.0264231 15.1409
723 0.0199759 0.0129996 6.94729
724 0.00434608 0.0251649 14.9119
725 0.019152 0.0123721 7.07516
726 0.00434628 0.0239067 14.6567
727 0.0182995 0.0117569 7.19435
728 0.00434647 0.0226484 14.375
729 0.017396 0.011156 7.31336
730 0.00434667 0.0213902 14.0666
731 0.0164547 0.0105856 7.43192
732 0.00434687 0.020132 13.7312
733 0.0155028 0.0100743 7.55251
734 0.00434706 0.0188738 13.3687
735 0.0145558 0.00958247 7.65493
736 0.00434726 0.0176156 12.9789
737 0.0135549 0.00910068 7.75417
738 0.00434746 0.0163574 12.5617
739 0.01248 0.00862124 7.84984
740 0.00434766 0.0150992 12.1171
741 0.0113795 0.00814965 7.92794
742 0.00434785 0.013841 11.6452
743 0.0102891 0.00770412 7.98773
744 0.00434805 0.0125828 11.1468
745 0.00920526 0.00730311 8.04024
746 0.00434825 0.0113246 10.6233
747 0.00814833 0.00695539 8.08735
748 0.00434899 0.0100427 10.0675
749 0.00703445 0.0065979 8.11458
750 0.00439541 0.00872878 9.47415
751 0.00577595 0.00631264 8.17046
752 0.00468363 0.00736018 8.81254
753 0.00452593 0.00597841 8.16488
754 0.0107736 0.0735857 6.97991
755 0.0115667 0.0728297 6.93031
756 0.00986924 0.0741503 7.10054
757 0.00910043 0.0747847 7.11709
758 0.0122171 0.0719708 6.94111
759 0.0129147 0.0711871 6.87499
760 0.00843845 0.075509 7.04146
761 0.00747695 0.0756782 7.23125
762 0.0130758 0.0701725 7.1166
763 0.00643671 0.0759311 7.37361
764 0.0134181 0.0692345 7.23519
765 0.0137501 0.0682337 7.36565
766 0.0140329 0.0671891 7.52477
767 0.0142977 0.0660619 7.70991
768 0.014547 0.0648199 7.92982
769 0.0148204 0.0635469 8.13681
770 0.0151294 0.0622255 8.3291
771 0.0154778 0.0608763 8.49784
772 0.0158669 0.0595366 8.63147
773 0.0163288 0.0582064 8.70881
774 0.0168329 0.0568924 8.74685
775 0.0173432 0.0556148 8.76418
776 0.017915 0.0543694 8.72498
777 0.0184999 0.0531398 8.66597
778 0.0190808 0.051955 8.59084
779 0.00543628 0.0750406 7.9116
780 0.019704 0.0508114 8.46912
781 0.00543834 0.0737096 8.41602
782 0.0202818 0.049663 8.37123
783 0.00541708 0.0723935 8.91067
784 0.0208898 0.0485242 8.24157
785 0.00542859 0.0711115 9.3746
786 0.0214829 0.0474421 8.09856
787 0.00542589 0.0698314 9.82661
788 0.0220341 0.0463874 7.96716
789 0.00542609 0.0685732 10.2558
790 0.0225809 0.045294 7.83576
791 0.00542628 0.067315 10.6705
792 0.0230727 0.0442549 7.71736
793 0.00542648 0.0660568 11.0706
794 0.0235571 0.0432111 7.59175
795 0.00542668 0.0647986 11.4563
796 0.0240122 0.042165 7.47197
797 0.00542687 0.0635404 11.8278
798 0.0244297 0.041137 7.35947
799 0.00542707 0.0622822 12.185
800 0.0248272 0.0401104 7.2447
801 0.00542727 0.061024 12.528
802 0.0251765 0.0390998 7.14409
803 0.00542746 0.0597658 12.8567
804 0.0254957 0.038087 7.04785
805 0.00542766 0.0585076 13.171
806 0.0257813 0.0370836 6.95655
807 0.00542786 0.0572494 13.4705
808 0.026038 0.0360794 6.86794
809 0.00542805 0.0559911 13.7551
810 0.0262416 0.0350816 6.79734
811 0.00542825 0.0547329 14.0243
812 0.0265587 0.0341254 6.63079
813 0.00542845 0.0534747 14.2778
814 0.026411 0.033151 6.76151
815 0.00542864 0.0522165 14.5152
816 0.0265498 0.0321063 6.68353
817 0.00542884 0.0509583 14.736
818 0.0265993 0.0310851 6.64551
819 0.00542904 0.0497001 14.9396
820 0.026585 0.0300628 6.63061
821 0.00542923 0.0484419 15.1257
822 0.026534 0.0290483 6.62085
823 0.00542943 0.0471837 15.2937
824 0.0264456 0.0280297 6.6163
825 0.00542963 0.0459255 15.4431
826 0.0262944 0.0270186 6.63301
827 0.00542982 0.0446673 15.5733
828 0.0261255 0.0260135 6.64159
829 0.00543002 0.0434091 15.6838
830 0.0258991 0.0250025 6.66618
831 0.00543022 0.0421509 15.7742
832 0.0256347 0.024006 6.69531
833 0.00543041 0.0408926 15.8438
834 0.0253602 0.0230187 6.71127
835 0.00543061 0.0396344 15.8922
836 0.025005 0.0220554 6.75928
837 0.00543081 0.0383762 15.9188
838 0.0246063 0.0211184 6.81633
839 0.005431 0.037118 15.9233
840 0.0242365 0.020225 6.84507
841 0.0054312 0.0358598 15.9051
842 0.0239762 0.0192756 6.78022
843 0.0054314 0.0346016 15.8637
844 0.0232936 0.0185877 6.99066
845 0.00543159 0.0333434 15.7988
846 0.0226887 0.0176119 7.06317
847 0.00543179 0.0320852 15.71
848 0.014035 0.0538147 11.1712
849 0.00543199 0.030827 15.5967
850 0.0141398 0.0451895 12.7477
851 0.00543218 0.0295688 15.4586
852 0.0210317 0.0155312 7.29472
853 0.00543238 0.0283106 15.2955
854 0.0205026 0.0146706 7.27023
855 0.00543258 0.0270523 15.1068
856 0.0196684 0.0141756 7.48219
857 0.00543277 0.0257941 14.8923
858 0.0189057 0.0135568 7.59853
859 0.00543297 0.0245359 14.6516
860 0.0180847 0.0129755 7.72953
861 0.00543317 0.0232777 14.3845
862 0.0172676 0.0123735 7.82804
863 0.00543336 0.0220195 14.0907
864 0.0163685 0.0117973 7.94279
865 0.00543356 0.0207613 13.7699
866 0.0154514 0.0113179 8.07726
867 0.00543376 0.0195031 13.422
868 0.0145202 0.0108172 8.18423
869 0.00543395 0.0182449 13.0466
870 0.0135808 0.0103334 8.27677
871 0.00543415 0.0169867 12.6437
872 0.0125753 0.0098518 8.3654
873 0.00543435 0.0157285 12.2132
874 0.0115364 0.00938568 8.44397
875 0.00543455 0.0144703 11.7551
876 0.0104357 0.00892847 8.51489
877 0.00543474 0.013212 11.2699
878 0.00936699 0.00851525 8.57013
879 0.00541139 0.0119566 10.7631
880 0.00831709 0.00819547 8.63901
881 0.00540647 0.0106905 10.2259
882 0.0072547 0.00787646 8.68572
883 0.00541715 0.00943736 9.67271
884 0.00607543 0.00745416 8.67505
885 0.00540088 0.00831433 9.16557
886 0.00963738 0.0729615 7.59566
887 0.010533 0.0725246 7.42997
888 0.0110365 0.0716682 7.52893
889 0.00858779 0.0734842 7.74129
890 0.00791822 0.0745676 7.53398
891 0.0117798 0.0706368 7.56381
892 0.00661576 0.0744558 7.8952
893 0.0121577 0.0694206 7.78446
894 0.0125319 0.0684267 7.92137
895 0.0128659 0.0674128 8.06938
896 0.0130927 0.0663639 8.273
897 0.0133391 0.0651996 8.49176
898 0.013607 0.0639058 8.72718
899 0.0138985 0.0626055 8.94118
900 0.0142053 0.061257 9.15032
901 0.0145287 0.0598452 9.35799
902 0.0149629 0.0584956 9.47442
903 0.0154926 0.0571318 9.52529
904 0.0159816 0.0557836 9.58619
905 0.0165682 0.0545089 9.55735
906 0.0171927 0.0532846 9.48006
907 0.017756 0.0520263 9.44109
908 0.0183788 0.0508694 9.32882
909 0.0189985 0.0497268 9.20503
910 0.00645504 0.0730896 8.43868
911 0.0196128 0.0485926 9.07276
912 0.00650588 0.0717771 8.90704
913 0.0202106 0.0474939 8.93245
914 0.00653275 0.0704924 9.35833
915 0.0208007 0.0464142 8.78202
916 0.00651278 0.0692025 9.80824
917 0.0213413 0.0453639 8.64646
918 0.00651298 0.0679443 10.2283
919 0.0218422 0.0443168 8.52434
920 0.00651317 0.0666861 10.6342
921 0.0223239 0.0432802 8.40009
922 0.00651337 0.0654279 11.0261
923 0.0227755 0.0422577 8.27976
924 0.00651357 0.0641697 11.404
925 0.0232053 0.04124 8.15893
926 0.00651376 0.0629115 11.7682
927 0.0235909 0.0402318 8.05115
928 0.00651396 0.0616533 12.1186
929 0.0239494 0.0392356 7.94469
930 0.00651416 0.060395 12.4552
931 0.0242699 0.0382543 7.8462
932 0.00651435 0.0591368 12.7778
933 0.0245705 0.0372787 7.74481
934 0.00651455 0.0578786 13.0862
935 0.0248461 0.0363191 7.643
936 0.00651475 0.0566204 13.38
937 0.0251043 0.0352357 7.54473
938 0.00651494 0.0553622 13.659
939 0.0220186 0.0165297 7.1101
940 0.00651514 0.054104 13.9228
941 0.0182061 0.0320945 11.5601
942 0.00651534 0.0528458 14.1708
943 0.0253683 0.0326901 7.45784
944 0.00651553 0.0515876 14.4026
945 0.0254869 0.0315728 7.38092
946 0.00651573 0.0503294 14.6178
947 0.0255052 0.0305841 7.35079
948 0.00651593 0.0490712 14.8157
949 0.0254427 0.029606 7.35462
950 0.00651612 0.047813 14.9959
951 0.0255901 0.0286266 7.2054
952 0.00651632 0.0465548 15.1577
953 0.0252713 0.0276821 7.33962
954 0.00651652 0.0452965 15.3007
955 0.025114 0.0266818 7.34631
956 0.00651671 0.0440383 15.4243
957 0.0251373 0.0257043 7.22328
958 0.00651691 0.0427801 15.5279
959 0.024695 0.0247903 7.37782
960 0.00651711 0.0415219 15.611
961 0.0244359 0.0238182 7.39133
962 0.0065173 0.0402637 15.6731
963 0.0243212 0.0228291 7.29567
964 0.0065175 0.0390055 15.7136
965 0.0237549 0.0219689 7.46839
966 0.0065177 0.0377473 15.7321
967 0.0233482 0.0210009 7.50537
968 0.00651789 0.0364891 15.7281
969 0.0228799 0.0198602 7.51417
970 0.00651809 0.0352309 15.7011
971 0.00651829 0.0339727 15.6507
972 0.0220952 0.0187478 7.66048
973 0.00651848 0.0327145 15.5763
974 0.0213722 0.0176912 7.75015
975 0.00651868 0.0314562 15.4777
976 0.00651888 0.030198 15.3544
977 0.0205349 0.0166554 7.8629
978 0.00651907 0.0289398 15.206
979 0.0195865 0.0155387 7.95933
980 0.00651927 0.0276816 15.0322
981 0.00651947 0.0264234 14.8326
982 0.00651966 0.0251652 14.6069
983 0.0178449 0.0142057 8.25707
984 0.00651986 0.023907 14.3548
985 0.0170198 0.0135755 8.36068
986 0.00652006 0.0226488 14.076
987 0.0163408 0.0128544 8.35147
988 0.00652025 0.0213906 13.7701
989 0.0153827 0.0125885 8.59329
990 0.00652045 0.0201324 13.4371
991 0.0144786 0.0120582 8.69299
992 0.00652065 0.0188742 13.0765
993 0.0135489 0.0115693 8.79284
994 0.00652084 0.0176159 12.6883
995 0.0126092 0.0110853 8.87384
996 0.00652104 0.0163577 12.2724
997 0.0115984 0.0106032 8.95077
998 0.00652124 0.0150995 11.8286
999 0.01056 0.0101431 9.01761
1000 0.00652144 0.0138413 11.3572
1001 0.00949431 0.00974508 9.09082
1002 0.00648522 0.0125971 10.8706
1003 0.00857047 0.00927329 9.07569
1004 0.00645348 0.011328 10.3487
1005 0.00751493 0.00929334 9.28593
1006 0.00644847 0.0100265 9.78698
1007 0.00639327 0.00869924 9.20247
1008 0.018768 0.0146867 8.03767
1009 0.00972394 0.0716591 8.01932
1010 0.0103298 0.070623 8.1537
1011 0.00755527 0.0725264 8.37567
1012 0.0108958 0.0694931 8.30429
1013 0.0112924 0.0684638 8.47166
1014 0.0118269 0.0676461 8.49211
1015 0.0118925 0.0666548 8.77049
1016 0.0121173 0.0655105 9.01261
1017 0.0123802 0.064297 9.24624
1018 0.0126747 0.0629813 9.48158
1019 0.0129781 0.0616574 9.70198
1020 0.0132583 0.0602819 9.93734
1021 0.0134485 0.0587493 10.2519
1022 0.0141441 0.0573694 10.2381
1023 0.0146099 0.0559673 10.3414
1024 0.0150814 0.0545628 10.4299
1025 0.0159384 0.0533804 10.2212
1026 0.0164617 0.052119 10.2167
1027 0.0170474 0.0509317 10.1455
1028 0.0176962 0.0497759 10.0153
1029 0.018331 0.0486328 9.87882
1030 0.0189473 0.0475234 9.73449
1031 0.00762808 0.0711881 8.83556
1032 0.0195362 0.0464532 9.58704
1033 0.00766589 0.0698751 9.28196
1034 0.0200961 0.0454004 9.4425
1035 0.00761915 0.0685847 9.73009
1036 0.020617 0.0443615 9.30795
1037 0.00758981 0.0673245 10.1498
1038 0.021089 0.043343 9.18836
1039 0.00759434 0.0660669 10.5458
1040 0.0215439 0.0423269 9.06641
1041 0.00762625 0.064808 10.921
1042 0.0219676 0.0413226 8.94907
1043 0.00762456 0.0635512 11.2918
1044 0.0223652 0.0403336 8.83251
1045 0.00760065 0.0622825 11.6591
1046 0.0227175 0.0393522 8.72979
1047 0.00760726 0.0610274 12.0005
1048 0.0230496 0.0383812 8.62448
1049 0.00762379 0.0597719 12.3259
1050 0.0233521 0.0374274 8.5219
1051 0.00760124 0.0585079 12.651
1052 0.0236296 0.0364858 8.41965
1053 0.00760144 0.0572497 12.9542
1054 0.0240551 0.035618 8.20314
1055 0.00760164 0.0559915 13.2431
1056 0.0241005 0.0345413 8.22773
1057 0.00760183 0.0547333 13.5172
1058 0.00851169 0.0114573 10.0329
1059 0.00760203 0.0534751 13.7762
1060 0.0252775 0.0339401 7.49068
1061 0.00760223 0.0522169 14.0194
1062 0.0243187 0.0320323 8.13077
1063 0.00760242 0.0509587 14.2464
1064 0.0245639 0.0310748 7.96148
1065 0.00760262 0.0497004 14.4566
1066 0.0243485 0.0300973 8.06582
1067 0.00760282 0.0484422 14.6494
1068 0.0187629 0.0364884 11.2659
1069 0.00760301 0.047184 14.8242
1070 0.0193552 0.0326515 10.9967
1071 0.00760321 0.0459258 14.9805
1072 0.0240616 0.0273653 8.05713
1073 0.00760341 0.0446676 15.1176
1074 0.0171925 0.0251512 11.3478
1075 0.0076036 0.0434094 15.235
1076 0.0239157 0.0259801 7.99841
1077 0.0076038 0.0421512 15.3322
1078 0.0234917 0.0246152 8.06485
1079 0.007604 0.040893 15.4085
1080 0.0242074 0.0332515 8.19547
1081 0.00760419 0.0396348 15.4635
1082 0.0243489 0.0287539 7.99425
1083 0.00760439 0.0383766 15.4966
1084 0.0225767 0.0220104 8.13455
1085 0.00760459 0.0371184 15.5073
1086 0.0220606 0.0209632 8.197
1087 0.00760478 0.0358601 15.4951
1088 0.0214725 0.0198904 8.26018
1089 0.00760498 0.0346019 15.4596
1090 0.00760518 0.0333437 15.4003
1091 0.0207751 0.0188429 8.35004
1092 0.00760537 0.0320855 15.3168
1093 0.0200146 0.017808 8.43707
1094 0.00760557 0.0308273 15.2087
1095 0.00760577 0.0295691 15.0756
1096 0.0191153 0.0167761 8.54923
1097 0.00760596 0.0283109 14.9171
1098 0.00760616 0.0270527 14.7328
1099 0.00760636 0.0257945 14.5225
1100 0.00760655 0.0245363 14.2857
1101 0.0167776 0.0148261 8.89254
1102 0.00760675 0.0232781 14.0223
1103 0.0157142 0.0138892 8.95969
1104 0.00760695 0.0220198 13.7318
1105 0.00760714 0.0207616 13.4141
1106 0.0145142 0.0133368 9.17119
1107 0.00760734 0.0195034 13.0688
1108 0.0135367 0.0128089 9.28489
1109 0.00760754 0.0182452 12.6957
1110 0.0125795 0.0123138 9.37862
1111 0.00760773 0.016987 12.2947
1112 0.0116345 0.0118371 9.45144
1113 0.00760793 0.0157288 11.8657
1114 0.0106091 0.0113337 9.50904
1115 0.00760813 0.0144706 11.4089
1116 0.00954441 0.0108653 9.56269
1117 0.00756849 0.0132394 10.9427
1118 0.00838137 0.0103271 9.57682
1119 0.00750879 0.012001 10.4525
1120 0.00861937 0.0720169 8.2549
1121 0.0180396 0.0156509 8.66202
1122 0.00889798 0.0705895 8.6678
1123 0.00975434 0.069665 8.68439
1124 0.00996712 0.0684801 8.99906
1125 0.0106538 0.0672345 9.12778
1126 0.0109038 0.0658593 9.44899
1127 0.0111205 0.0645714 9.74367
1128 0.011445 0.0632968 9.97357
1129 0.011801 0.0619815 10.184
1130 0.0120723 0.0607028 10.4104
1131 0.0121836 0.0594304 10.6996
1132 0.0128833 0.057444 10.8746
1133 0.013294 0.0562651 10.9653
1134 0.0135077 0.0549012 11.1904
1135 0.0149247 0.053315 10.8141
1136 0.015184 0.0522922 10.9093
1137 0.0155667 0.0509696 10.9942
1138 0.0163678 0.0497918 10.7964
1139 0.0170252 0.048676 10.6525
1140 0.017659 0.0475621 10.5079
1141 0.0182818 0.0464671 10.3523
1142 0.0188525 0.0454251 10.2048
1143 0.008756 0.0691744 9.19143
1144 0.0193819 0.0443983 10.0669
1145 0.00868202 0.0679581 9.61535
1146 0.0198675 0.0433887 9.94027
1147 0.00863 0.066705 10.032
1148 0.020315 0.0423871 9.82308
1149 0.00871032 0.0654741 10.3869
1150 0.0207317 0.0414001 9.70971
1151 0.00877624 0.064191 10.7496
1152 0.0211233 0.0404215 9.59747
1153 0.00872106 0.0629418 11.1294
1154 0.021491 0.0394518 9.4854
1155 0.0086689 0.0616738 11.5001
1156 0.0218273 0.0384825 9.3789
1157 0.00873915 0.0604186 11.8154
1158 0.0221522 0.0375034 9.26599
1159 0.00874783 0.0591519 12.141
1160 0.0224618 0.0364797 9.15076
1161 0.00868813 0.057879 12.4766
1162 0.0228805 0.0352788 8.96094
1163 0.00868833 0.0566208 12.7754
1164 0.00868853 0.0553626 13.0602
1165 0.0229751 0.0337976 8.95024
1166 0.00868872 0.0541043 13.3305
1167 0.00868892 0.0528461 13.5854
1168 0.00868912 0.0515879 13.8246
1169 0.0233073 0.0310599 8.73747
1170 0.00868931 0.0503297 14.0476
1171 0.00868951 0.0490715 14.2535
1172 0.00868971 0.0478133 14.4419
1173 0.0230148 0.0282299 8.75334
1174 0.0086899 0.0465551 14.6119
1175 0.0086901 0.0452969 14.7631
1176 0.0228167 0.0267952 8.73081
1177 0.0086903 0.0440387 14.8949
1178 0.00869049 0.0427805 15.0067
1179 0.022521 0.0254543 8.73547
1180 0.00869069 0.0415223 15.0979
1181 0.0221616 0.024097 8.73412
1182 0.00869089 0.040264 15.1678
1183 0.00869108 0.0390058 15.2161
1184 0.00869128 0.0377476 15.242
1185 0.0212531 0.0220701 8.85122
1186 0.00869148 0.0364894 15.2452
1187 0.0207635 0.0210101 8.87716
1188 0.00869167 0.0352312 15.2252
1189 0.0201711 0.0199707 8.92786
1190 0.00869187 0.033973 15.1815
1191 0.00869207 0.0327148 15.1136
1192 0.0194989 0.018976 8.99511
1193 0.00869226 0.0314566 15.0212
1194 0.0187487 0.0180043 9.07054
1195 0.00869246 0.0301984 14.9038
1196 0.00869266 0.0289402 14.761
1197 0.00869285 0.027682 14.5926
1198 0.00869305 0.0264237 14.3981
1199 0.00869325 0.0251655 14.1771
1200 0.00869344 0.0239073 13.9295
1201 0.0155681 0.0153569 9.52807
1202 0.00869364 0.0226491 13.6548
1203 0.0144884 0.014607 9.64516
1204 0.00869384 0.0213909 13.3528
1205 0.00869403 0.0201327 13.0232
1206 0.0134991 0.0140557 9.76823
1207 0.00869423 0.0188745 12.6658
1208 0.0125656 0.0135076 9.84705
1209 0.00869443 0.0176163 12.2803
1210 0.0116011 0.0130203 9.93219
1211 0.00871505 0.0163666 11.8652
1212 0.0106283 0.0125554 10.003
1213 0.00869968 0.015121 11.4315
1214 0.00960755 0.0120246 10.0324
1215 0.0086524 0.0138809 10.9793
1216 0.0085998 0.012646 10.5044
1217 0.0231125 0.0324264 8.87696
1218 0.0231579 0.0296112 8.76429
1219 0.0219622 0.0229382 8.64169
1220 0.0177732 0.0171004 9.22665
1221 0.0166875 0.0162599 9.40446
1222 0.00954585 0.0673226 9.52222
1223 0.00974938 0.0662054 9.79908
1224 0.0098929 0.064952 10.1271
1225 0.0100526 0.063523 10.488
1226 0.00982636 0.0611476 11.237
1227 0.0111839 0.0598783 11.0298
1228 0.0120626 0.0564137 11.5185
1229 0.012389 0.0555072 11.5845
1230 0.0137839 0.0526272 11.5708
1231 0.0142428 0.051441 11.5932
1232 0.0151254 0.0496443 11.5076
1233 0.0157386 0.0486381 11.3793
1234 0.0163692 0.0475758 11.2387
1235 0.017007 0.0464807 11.0855
1236 0.0176127 0.0454208 10.9292
1237 0.0181463 0.0444143 10.7915
1238 0.0186338 0.0434201 10.666
1239 0.0190862 0.0424339 10.5472
1240 0.0195021 0.0414561 10.4359
1241 0.0198916 0.0404911 10.3259
1242 0.0202547 0.0395324 10.2176
1243 0.0205972 0.0385894 10.1068
1244 0.0209167 0.0376091 9.99911
1245 0.00997681 0.059807 11.5391
1246 0.0212672 0.0366416 9.85793
1247 0.00983347 0.058482 11.9311
1248 0.0215659 0.0355331 9.73926
1249 0.00979905 0.0572395 12.2488
1250 0.0217275 0.034308 9.68437
1251 0.00981634 0.0560053 12.5327
1252 0.00982333 0.0547623 12.8092
1253 0.00977561 0.0534754 13.0994
1254 0.00980835 0.0522247 13.3386
1255 0.0098263 0.0509667 13.569
1256 0.00982171 0.0497047 13.7912
1257 0.00979986 0.0484487 14.0009
1258 0.0097766 0.0471844 14.194
1259 0.021715 0.0276866 9.44181
1260 0.00977679 0.0459262 14.3599
1261 0.00977699 0.0446679 14.5067
1262 0.0215169 0.026288 9.39562
1263 0.00977719 0.0434097 14.6338
1264 0.00977738 0.0421515 14.7405
1265 0.0211927 0.0249018 9.37988
1266 0.00977758 0.0408933 14.826
1267 0.00977778 0.0396351 14.89
1268 0.00977797 0.0383769 14.9318
1269 0.00977817 0.0371187 14.951
1270 0.0201115 0.022176 9.44941
1271 0.00977837 0.0358605 14.947
1272 0.0195251 0.021095 9.50084
1273 0.00977856 0.0346023 14.9194
1274 0.0189095 0.0200905 9.55064
1275 0.00977876 0.0333441 14.8677
1276 0.00977896 0.0320859 14.7915
1277 0.0182836 0.0191815 9.59852
1278 0.00977915 0.0308276 14.6903
1279 0.00977935 0.0295694 14.5638
1280 0.00977955 0.0283112 14.4116
1281 0.00977974 0.027053 14.2333
1282 0.00977994 0.0257948 14.0287
1283 0.00978014 0.0245366 13.7973
1284 0.00978033 0.0232784 13.5388
1285 0.0144027 0.0159265 10.1321
1286 0.00978053 0.0220202 13.253
1287 0.0133918 0.0152982 10.2496
1288 0.00978073 0.020762 12.9396
1289 0.00978092 0.0195038 12.5983
1290 0.012461 0.0147515 10.3405
1291 0.00978112 0.0182456 12.2288
1292 0.0116587 0.014073 10.3188
1293 0.00982011 0.0169989 11.8256
1294 0.010629 0.0138229 10.4984
1295 0.00984747 0.015753 11.3977
1296 0.00965208 0.0132613 10.5186
1297 0.00976792 0.0145251 10.9744
1298 0.0108822 0.0578454 11.6804
1299 0.012937 0.0536232 11.7593
1300 0.0144063 0.0504404 11.7163
1301 0.00960577 0.06229 11.0024
1302 0.0218458 0.0329993 9.62863
1303 0.0220023 0.0316802 9.52163
1304 0.0220285 0.0304026 9.46172
1305 0.0218963 0.0290564 9.45674
1306 0.0208377 0.0234221 9.32359
1307 0.017661 0.0182692 9.61509
1308 0.0154359 0.016756 10.0379
1309 0.0164858 0.0178034 9.96211
1310 0.0109729 0.0589024 11.3753
1311 0.0110339 0.0554695 12.1874
1312 0.0130284 0.0515634 12.1568
1313 0.0144476 0.048596 12.0529
1314 0.015059 0.0475185 11.9398
1315 0.0157 0.0464408 11.796
1316 0.0163614 0.0454066 11.617
1317 0.016924 0.0443907 11.4734
1318 0.0174085 0.0434303 11.3506
1319 0.0178573 0.0424629 11.236
1320 0.0182697 0.0414988 11.1289
1321 0.0186666 0.0405412 11.0172
1322 0.0190327 0.0395926 10.9091
1323 0.0193633 0.0386489 10.8078
1324 0.0196585 0.037693 10.7139
1325 0.0199987 0.0367625 10.5795
1326 0.0204971 0.0358667 10.3402
1327 0.0204656 0.034782 10.3944
1328 0.0108649 0.0566393 11.9811
1329 0.0108797 0.0541221 12.5492
1330 0.0109253 0.0528619 12.7972
1331 0.010972 0.0516363 13.024
1332 0.0109784 0.0503272 13.2657
1333 0.0109518 0.0490818 13.4918
1334 0.0108613 0.0478093 13.727
1335 0.01085 0.0465506 13.9123
1336 0.0204471 0.0271509 10.0649
1337 0.0108736 0.0453042 14.0651
1338 0.0108852 0.0440561 14.2034
1339 0.0202618 0.0258155 9.99347
1340 0.0108756 0.0427965 14.3301
1341 0.0108643 0.0415226 14.4373
1342 0.0108645 0.0402644 14.5177
1343 0.0108647 0.0390062 14.5761
1344 0.0108649 0.037748 14.6119
1345 0.0108651 0.0364898 14.6246
1346 0.0188878 0.0221554 10.0301
1347 0.0108653 0.0352316 14.6136
1348 0.0182748 0.0211766 10.0952
1349 0.0108655 0.0339733 14.5786
1350 0.0176532 0.0201821 10.1294
1351 0.0108657 0.0327151 14.5191
1352 0.0108658 0.0314569 14.4347
1353 0.010866 0.0301987 14.325
1354 0.0108662 0.0289405 14.1895
1355 0.0108664 0.0276823 14.028
1356 0.0108666 0.0264241 13.8401
1357 0.0108668 0.0251659 13.6254
1358 0.010867 0.0239077 13.3837
1359 0.0108672 0.0226495 13.1145
1360 0.0132322 0.0164881 10.7048
1361 0.0108674 0.0213913 12.8177
1362 0.0122193 0.0158758 10.8085
1363 0.0108676 0.020133 12.493
1364 0.0108678 0.0188748 12.1401
1365 0.0110856 0.0151219 10.8624
1366 0.0109101 0.0176415 11.7554
1367 0.0109867 0.0164011 11.3322
1368 0.0120817 0.054515 11.9553
1369 0.0122624 0.0523979 12.3371
1370 0.013254 0.0505793 12.25
1371 0.0137628 0.0495513 12.2091
1372 0.0205178 0.0334964 10.3807
1373 0.0206327 0.0284959 10.1019
1374 0.0198963 0.0245198 9.98445
1375 0.0194317 0.0233348 10.0056
1376 0.0169916 0.0191557 10.1404
1377 0.0142499 0.0171212 10.5734
1378 0.0207542 0.0322551 10.2377
1379 0.020888 0.0310328 10.1269
1380 0.0207936 0.0298485 10.1173
1381 0.0150798 0.0180655 10.5703
1382 0.013815 0.0475969 12.5301
1383 0.0142759 0.046347 12.5171
1384 0.0151533 0.0453458 12.2429
1385 0.015697 0.0443544 12.1157
1386 0.0161842 0.0434133 11.9966
1387 0.016642 0.042475 11.8798
1388 0.0170565 0.0415164 11.7755
1389 0.0174299 0.0405743 11.6788
1390 0.0178084 0.0396365 11.5668
1391 0.0181659 0.0386713 11.4553
1392 0.0184659 0.0376272 11.3656
1393 0.0193812 0.0355156 10.9701
1394 0.0120328 0.0510008 12.7136
1395 0.0123 0.0496542 12.8529
1396 0.0119517 0.0484049 13.2108
1397 0.0118847 0.0471567 13.4328
1398 0.0119516 0.0459378 13.5801
1399 0.0192043 0.026568 10.6218
1400 0.0120091 0.0447228 13.7133
1401 0.0119919 0.0434559 13.862
1402 0.0119498 0.0421745 13.9994
1403 0.0119512 0.0408937 14.0985
1404 0.0119584 0.0396513 14.1708
1405 0.0119751 0.0383925 14.2184
1406 0.0119691 0.0371317 14.251
1407 0.011952 0.0358608 14.2636
1408 0.0176355 0.0223226 10.6293
1409 0.0119521 0.0346026 14.2459
1410 0.0170446 0.0213078 10.6577
1411 0.0119523 0.0333444 14.2037
1412 0.0119525 0.0320862 14.1366
1413 0.0119527 0.030828 14.0442
1414 0.0119529 0.0295698 13.926
1415 0.0119531 0.0283116 13.7818
1416 0.0119533 0.0270534 13.6111
1417 0.0119535 0.0257952 13.4136
1418 0.0119537 0.0245369 13.189
1419 0.0119539 0.0232787 12.937
1420 0.0119541 0.0220205 12.6573
1421 0.0120685 0.0170577 11.2457
1422 0.0119634 0.0207508 12.3439
1423 0.011968 0.0195079 12.0107
1424 0.0119908 0.0182758 11.6476
1425 0.0118318 0.0535094 12.2856
1426 0.0157711 0.0190571 10.5969
1427 0.0131663 0.0486213 12.6531
1428 0.0191605 0.0341541 11.1099
1429 0.0193743 0.02791 10.6934
1430 0.0191683 0.0254195 10.4791
1431 0.0182879 0.0231879 10.5118
1432 0.0164212 0.0202044 10.646
1433 0.0130892 0.0176655 11.126
1434 0.0231449 0.0232609 8.04916
1435 0.0195472 0.0292493 10.7285
1436 0.0184424 0.0244008 10.6635
1437 0.0199008 0.0315446 10.6763
1438 0.0197384 0.0304734 10.7127
1439 0.0130181 0.0466408 13.0394
1440 0.0131067 0.0455116 13.1638
1441 0.0145154 0.0442567 12.7003
1442 0.0149646 0.0433546 12.6021
1443 0.0154183 0.0424575 12.4899
1444 0.0158958 0.0415359 12.3565
1445 0.0161955 0.0405804 12.3017
1446 0.0165615 0.0396587 12.1992
1447 0.0169779 0.038764 12.0574
1448 0.0173083 0.0377169 11.955
1449 0.013205 0.0441496 13.2974
1450 0.0130271 0.0428364 13.5145
1451 0.0130211 0.0416027 13.6319
1452 0.0130159 0.0403441 13.7287
1453 0.0130881 0.0390715 13.7739
1454 0.0131021 0.0377918 13.8192
1455 0.0130582 0.036496 13.8614
1456 0.0130388 0.0352319 13.8691
1457 0.0164079 0.0225325 11.1918
1458 0.013039 0.0339737 13.8448
1459 0.0130392 0.0327155 13.7956
1460 0.0130394 0.0314573 13.721
1461 0.0130396 0.0301991 13.6207
1462 0.0130398 0.0289408 13.4943
1463 0.0130242 0.0276942 13.3483
1464 0.0130283 0.0264246 13.1656
1465 0.0130558 0.0251517 12.9468
1466 0.0130729 0.0238908 12.706
1467 0.0130387 0.0226486 12.4584
1468 0.0130163 0.0213747 12.1715
1469 0.0130965 0.0200926 11.8207
1470 0.0130696 0.0188979 11.4995
1471 0.0139819 0.0182251 11.0013
1472 0.0143662 0.0193466 11.1923
1473 0.0127716 0.0476881 12.9814
1474 0.0175331 0.036555 11.8944
1475 0.0178526 0.0349482 11.7758
1476 0.0180582 0.025831 11.0645
1477 0.0181742 0.0272606 11.2006
1478 0.0170917 0.0236883 11.1382
1479 0.0159007 0.021405 11.1439
1480 0.0152429 0.0203215 11.1315
1481 0.0183293 0.028626 11.2745
1482 0.0188493 0.0312832 11.2084
1483 0.0139582 0.0433682 13.0593
1484 0.0141733 0.0423041 13.0809
1485 0.0150575 0.0406528 12.8333
1486 0.0152398 0.0395893 12.8311
1487 0.0157126 0.0387413 12.6672
1488 0.0163076 0.0379513 12.4287
1489 0.0141126 0.0398462 13.3108
1490 0.0143469 0.0385282 13.2872
1491 0.0141398 0.0371184 13.423
1492 0.0141528 0.0358305 13.4369
1493 0.0141257 0.034603 13.4422
1494 0.0140822 0.033359 13.4289
1495 0.0140835 0.0321297 13.3739
1496 0.0141119 0.0308741 13.2822
1497 0.0141054 0.0296345 13.1794
1498 0.0140878 0.0283646 13.0512
1499 0.0140789 0.0270779 12.8898
1500 0.0141078 0.0257856 12.6854
1501 0.0142116 0.0244839 12.4235
1502 0.0142006 0.0232352 12.1844
1503 0.0140313 0.0220017 11.9763
1504 0.01407 0.0207445 11.6616
1505 0.0180867 0.033229 11.6505
1506 0.0185039 0.0300013 11.3044
1507 0.014756 0.0722935 5.60984
1508 0.014903 0.0415844 12.8199
1509 0.0163199 0.0368963 12.4681
1510 0.0140113 0.0410479 13.2647
1511 0.0155281 0.0237449 11.79
1512 0.0152088 0.022509 11.6589
1513 0.0164712 0.0357165 12.4269
1514 0.0170938 0.0265619 11.6011
1515 0.0171213 0.0279561 11.7624
1516 0.0148831 0.0213958 11.5274
1517 0.0152862 0.0376138 12.915
1518 0.0152795 0.0363695 12.9544
1519 0.0152637 0.0351627 12.9734
1520 0.0151301 0.0339874 13.0189
1521 0.0150943 0.0327958 12.9986
1522 0.0151642 0.0316067 12.9122
1523 0.0151895 0.0303649 12.8171
1524 0.0151578 0.0290842 12.7153
1525 0.0150974 0.0277541 12.5901
1526 0.0151127 0.026461 12.4096
1527 0.0151837 0.0251408 12.1743
1528 0.0163061 0.0344897 12.5095
1529 0.0172841 0.0293474 11.8281
1530 0.0174969 0.0308589 11.843
1531 0.0160883 0.0271875 12.1153
1532 0.0159448 0.0334174 12.6528
1533 0.0161824 0.0323959 12.516
1534 0.0162651 0.0312038 12.42
1535 0.0171917 0.0322071 12.0509
1536 0.0161326 0.0258799 11.9122
1537 0.0169777 0.0334769 12.187
1538 0.00538686 0.0763849 7.4015
1539 0.0109193 0.0609319 10.861
1540 0.0162067 0.0246918 11.6872
