1 6.12323e-19 -0.01 0.309019
2 4.08216e-19 0.00533333 0.477843
3 6.12323e-19 0.01 0.424818
4 4.08216e-19 0.0186667 0.252738
5 0.0058742 0.0151525 0.191295
6 0.00956943 -0.00290274 0.190459
7 0.00555552 0.00831481 0.305401
8 0 0.00431111 0.484686
9 0 0.00328889 0.489926
10 0 0.00226667 0.492785
11 0 0.00124444 0.493093
12 0 0.000222222 0.490833
13 0 -0.0008 0.485907
14 0 -0.00182222 0.478225
15 0 -0.00284444 0.467717
16 0 -0.00386667 0.454336
17 0 -0.00488889 0.438075
18 0 -0.00591111 0.418739
19 0 -0.00693333 0.396145
20 0 -0.00795556 0.370413
21 0 -0.00897778 0.342331
22 0.00980791 -0.00195062 0.184852
23 0.00995187 -0.000979964 0.181557
24 0.01 9.54793e-08 0.180677
25 0.00995183 0.000980332 0.182307
26 0.00980781 0.00195114 0.186439
27 0.00956934 0.00290306 0.193048
28 0.00923876 0.00382692 0.202037
29 0.00881918 0.00471404 0.213277
30 0.00831461 0.00555583 0.226825
31 0.00772996 0.00634411 0.243023
32 0.00707099 0.00707115 0.26323
33 0.00634391 0.00773012 0.296826
34 0.00498353 0.00757181 0.347861
35 0.00431335 0.00691675 0.383827
36 0.00355779 0.00636204 0.414778
37 0.0027316 0.00591865 0.440135
38 0.00185169 0.00559565 0.459108
39 0.000935353 0.00539928 0.47135
40 0.000980352 -0.00995183 0.305057
41 0.001951 -0.00980783 0.300693
42 0.00290284 -0.00956941 0.294607
43 0.00382688 -0.00923877 0.286662
44 0.00471409 -0.00881915 0.277056
45 0.0055558 -0.00831463 0.266175
46 0.00634392 -0.00773011 0.254384
47 0.00707105 -0.00707109 0.242152
48 0.00773014 -0.00634389 0.229929
49 0.00831476 -0.0055556 0.21821
50 0.00881922 -0.00471396 0.207486
51 0.00923877 -0.0038269 0.198123
52 0 0.00906667 0.438041
53 0 0.00813333 0.44987
54 0 0.0072 0.460936
55 0 0.00626667 0.470363
56 0.00471378 0.00881931 0.336152
57 0.00382673 0.00923884 0.365517
58 0.00290274 0.00956943 0.389449
59 0.0019508 0.00980787 0.407151
60 0.000980167 0.00995185 0.418572
61 0.00532076 0.0160167 0.200927
62 0.00464175 0.0167852 0.212151
63 0.00385272 0.0174407 0.223578
64 0.00297209 0.0179675 0.233901
65 0.00202145 0.0183528 0.24213
66 0.00102318 0.0185877 0.247968
67 0.00605529 0.00921112 0.236359
68 0.00641139 0.0101728 0.206204
69 0.0066158 0.011178 0.189485
70 0.00666357 0.0122031 0.182277
71 0.00655354 0.0132229 0.180738
72 0.00628844 0.0142136 0.184135
73 0 0.0177037 0.278476
74 0 0.0167407 0.301723
75 0 0.0157778 0.322832
76 0 0.0148148 0.342584
77 0 0.0138519 0.361172
78 0 0.0128889 0.378623
79 0 0.0119259 0.394966
80 0 0.010963 0.41021
81 0.00516775 0.00228394 0.399281
82 0.00518169 -0.00191659 0.39061
83 0.00716188 -0.00214701 0.315374
84 0.00322119 -0.00579563 0.385968
85 0.00222851 -0.00895668 0.323392
86 0.00130878 -0.0089638 0.333443
87 0.00299952 -0.00856977 0.322863
88 0.00385002 -0.00822618 0.315294
89 0.0046426 -0.00779818 0.306991
90 0.000939648 -0.00738363 0.379794
91 0.00540668 -0.00728868 0.297362
92 0.00100824 -0.00642269 0.401908
93 0.00609292 -0.0067072 0.287887
94 0.000969443 -0.00541119 0.422995
95 0.00674852 -0.00612373 0.275762
96 0.00088527 -0.00437778 0.441667
97 0.0073322 -0.0054185 0.265381
98 0.00088527 -0.00335556 0.456516
99 0.00778798 -0.00465493 0.258227
100 0.00088527 -0.00233333 0.468437
101 0.00819847 -0.00385286 0.250583
102 0.00088527 -0.00131111 0.477482
103 0.00857746 -0.00306632 0.241233
104 0.00088527 -0.000288889 0.483715
105 0.00883832 -0.00219444 0.235831
106 0.00088527 0.000733333 0.487222
107 0.00897737 -0.0013315 0.234056
108 0.00088527 0.00175556 0.488105
109 0.00906371 -0.000442183 0.232578
110 0.000896443 0.00282292 0.48622
111 0.00910666 0.000440628 0.230799
112 0.000866777 0.00383282 0.482343
113 0.00901772 0.0013636 0.233491
114 0.000684319 0.00470118 0.478417
115 0.00881697 0.00221133 0.239947
116 0.00858016 0.00307479 0.245749
117 0.00158856 0.00464754 0.470499
118 0.00821488 0.00389091 0.25626
119 0.00257592 0.00501935 0.451836
120 0.00782555 0.00468074 0.265992
121 0.00352153 0.00545937 0.425969
122 0.00731355 0.00544365 0.28037
123 0.00441775 0.00603179 0.392555
124 0.00665142 0.00606722 0.303306
125 0.00515488 0.0067085 0.356356
126 0.00612461 0.00675006 0.318075
127 0.0056378 0.00739814 0.325068
128 0.000831579 -0.00821235 0.358747
129 0.00201525 -0.00796335 0.354473
130 0.00297451 -0.00763533 0.348527
131 0.00378372 -0.00728018 0.341163
132 0.004531 -0.00685712 0.332924
133 0.00202406 -0.00701023 0.378431
134 0.00518529 -0.006308 0.326515
135 0.00204502 -0.00592496 0.402461
136 0.00581792 -0.00573162 0.317824
137 0.00178515 -0.00485415 0.425612
138 0.00648023 -0.00529556 0.301798
139 0.00176279 -0.00386667 0.441609
140 0.00682931 -0.00456894 0.30057
141 0.00176279 -0.00284444 0.454943
142 0.00721168 -0.00380847 0.295753
143 0.00176279 -0.00182222 0.465329
144 0.00759505 -0.00304921 0.288043
145 0.00176279 -0.0008 0.472836
146 0.00802105 -0.00241507 0.274361
147 0.00176279 0.000222222 0.477541
148 0.00802581 -0.00166014 0.279891
149 0.00176279 0.00124444 0.47953
150 0.00812301 -0.000815927 0.279413
151 0.00177297 0.00233131 0.478631
152 0.00821226 2.94003e-05 0.276906
153 0.00179291 0.00346869 0.474562
154 0.00833938 0.000829088 0.270097
155 0.00806152 0.00158138 0.281877
156 0.00787124 0.00236889 0.287081
157 0.00759193 0.00316127 0.294598
158 0.00723275 0.0038824 0.304629
159 0.00349412 0.00451665 0.435398
160 0.00695868 0.00464621 0.308419
161 0.0044406 0.00505413 0.403345
162 0.00631659 0.00514614 0.331447
163 0.00548869 0.00575886 0.358143
164 0.00254475 0.00405267 0.459587
165 0.00532319 0.00464783 0.377202
166 0.0029486 -0.00669698 0.371632
167 0.0037511 -0.00647658 0.360352
168 0.00425083 -0.00591598 0.360564
169 0.00486002 -0.00529689 0.35619
170 0.00259005 -0.00515736 0.409138
171 0.0057153 -0.00467187 0.340295
172 0.00268191 -0.00433129 0.421814
173 0.00264031 -0.00335556 0.436515
174 0.00619683 -0.00373934 0.33676
175 0.00264031 -0.00233333 0.448211
176 0.00661537 -0.00290009 0.330863
177 0.00264031 -0.00131111 0.456972
178 0.00264031 -0.000288889 0.46285
179 0.00714085 -0.00121901 0.322465
180 0.00264031 0.000733333 0.465916
181 0.00265623 0.00180924 0.465919
182 0.00724891 -0.000302043 0.321194
183 0.00264351 0.00291432 0.463459
184 0.00735501 0.000725738 0.317347
185 0.00708728 0.00171332 0.326762
186 0.0070291 0.00250615 0.325242
187 0.00658637 0.00316399 0.340116
188 0.0061569 0.00404911 0.35058
189 0.00437953 0.00405724 0.414382
190 0.00351219 0.00346952 0.442215
191 0.00518794 0.00375221 0.389998
192 0.00368993 -0.00495118 0.392303
193 0.00460382 -0.00436553 0.379072
194 0.00529696 -0.00377836 0.366869
195 0.0036096 -0.00386749 0.411054
196 0.00351784 -0.00284444 0.426034
197 0.00549662 -0.00282542 0.372306
198 0.00351784 -0.00182222 0.436043
199 0.00351784 -0.0008 0.443129
200 0.00351784 0.000222222 0.447252
201 0.00632112 -0.000786551 0.357791
202 0.0035274 0.00129243 0.448297
203 0.00356096 0.00235749 0.44585
204 0.00635736 0.000171162 0.359035
205 0.0062826 0.00109951 0.361964
206 0.00609018 0.0021622 0.366526
207 0.00616186 -0.00183889 0.357839
208 0.00562782 0.00306798 0.379149
209 0.00451162 0.00295199 0.417747
210 0.00447863 -0.00330298 0.397236
211 0.00439906 -0.0013677 0.417796
212 0.00452011 -0.000287882 0.420199
213 0.00441998 0.000806245 0.425184
214 0.00554607 -0.000309324 0.387577
215 0.0043895 0.0018309 0.425216
216 0.0053355 0.000476589 0.39655
217 0.00527363 0.00139985 0.398349
218 0.00444852 -0.00237489 0.408239
219 0.0053067 -0.0010925 0.392333
220 0.00177176 0.0073389 0.442332
221 0.00246956 0.00790264 0.422723
222 0.00162343 0.00827258 0.433185
223 0.00154682 0.00914488 0.422656
224 0.00266874 0.00693687 0.430283
225 0.00334373 0.00747108 0.406693
226 0.00200125 0.00653305 0.447452
227 0.00399957 0.00806664 0.377418
228 0.00104824 0.00652949 0.460135
229 0.00312932 0.00852806 0.398144
230 0.000872005 0.007686 0.449084
231 0.00230117 0.00888764 0.413114
232 0.000807672 0.00874677 0.436493
233 0.00256847 0.0135363 0.33497
234 0.00255845 0.0125494 0.352068
235 0.0023781 0.0144035 0.323016
236 0.00260228 0.0151919 0.303276
237 0.00441888 0.0159103 0.23711
238 0.00367688 0.0163823 0.251696
239 0.00479682 0.0151069 0.238066
240 0.00292189 0.0169246 0.25952
241 0.00521931 0.0143086 0.233435
242 0.00215391 0.017366 0.264311
243 0.00553047 0.0134477 0.230972
244 0.00110635 0.0173907 0.277954
245 0.00571921 0.0125951 0.231556
246 0.00590564 0.0117456 0.22955
247 0.00546991 0.0107851 0.264731
248 0.00537028 0.00959865 0.285495
249 0.000934321 0.0162583 0.305794
250 0.000842294 0.0152944 0.327306
251 0.00083395 0.0143333 0.346541
252 0.00083395 0.0133704 0.364532
253 0.00364625 0.0102779 0.356176
254 0.00083395 0.0124074 0.381419
255 0.00266408 0.0105197 0.381583
256 0.000825353 0.0114436 0.397345
257 0.00159862 0.0107396 0.399443
258 0.000688477 0.0106441 0.410891
259 0.00456138 0.00996549 0.3239
260 0.00326269 0.0121037 0.340376
261 0.00367126 0.0152967 0.27375
262 0.00277602 0.0160095 0.282755
263 0.00417419 0.0142561 0.275549
264 0.00189642 0.0165355 0.287938
265 0.00463879 0.0135817 0.268444
266 0.00474424 0.0127676 0.276091
267 0.00504562 0.0118225 0.274505
268 0.00440045 0.011028 0.315616
269 0.00167319 0.0148139 0.32755
270 0.00166067 0.0138835 0.345527
271 0.00169468 0.0129314 0.362073
272 0.00348173 0.011228 0.347302
273 0.00168186 0.0118968 0.379706
274 0.00178804 0.0156821 0.308159
275 0.00251332 0.0114903 0.370227
276 0.00322759 0.0143647 0.303518
277 0.0036028 0.0131711 0.313336
278 0.00411284 0.0120645 0.31198
