1 6.12323e-19 -0.01 8.58727
2 4.08216e-19 0.00533333 6.96161
3 6.12323e-19 0.01 7.29616
4 4.08216e-19 0.0186667 8.67191
5 0.0058742 0.0151525 8.86352
6 0.00956943 -0.00290274 8.88153
7 0.00555552 0.00831481 8.39981
8 0 0.00489524 6.94435
9 0 0.00445714 6.9289
10 0 0.00401905 6.91627
11 0 0.00358095 6.90664
12 0 0.00314286 6.9001
13 0 0.00270476 6.89675
14 0 0.00226667 6.89667
15 0 0.00182857 6.89999
16 0 0.00139048 6.90682
17 0 0.000952381 6.91726
18 0 0.000514286 6.93143
19 0 7.61905e-05 6.94941
20 0 -0.000361905 6.97132
21 0 -0.0008 6.99724
22 0 -0.0012381 7.02726
23 0 -0.00167619 7.06146
24 0 -0.00211429 7.09993
25 0 -0.00255238 7.14272
26 0 -0.00299048 7.18992
27 0 -0.00342857 7.24158
28 0 -0.00386667 7.29777
29 0 -0.00430476 7.35855
30 0 -0.00474286 7.42396
31 0 -0.00518095 7.49406
32 0 -0.00561905 7.5689
33 0 -0.00605714 7.64852
34 0 -0.00649524 7.73297
35 0 -0.00693333 7.82229
36 0 -0.00737143 7.91651
37 0 -0.00780952 8.01569
38 0 -0.00824762 8.11977
39 0 -0.00868571 8.22876
40 0 -0.00912381 8.34273
41 0 -0.0095619 8.46101
42 0.00968791 -0.0024788 8.88857
43 0.00978757 -0.00205025 8.89453
44 0.00986831 -0.00161753 8.89943
45 0.0099299 -0.001182 8.90316
46 0.0099723 -0.00074386 8.90568
47 0.00999536 -0.000304618 8.90703
48 0.00999908 0.000135556 8.90715
49 0.00998344 0.000575205 8.90605
50 0.00994846 0.001014 8.9037
51 0.00989421 0.00145075 8.90017
52 0.0098208 0.00188462 8.8954
53 0.00972835 0.002315 8.88945
54 0.00961713 0.00274059 8.88232
55 0.0094872 0.00316117 8.87408
56 0.00933902 0.0035753 8.86469
57 0.00917263 0.00398283 8.85417
58 0.00898859 0.00438237 8.84259
59 0.00878702 0.0047737 8.82989
60 0.00856851 0.00515564 8.81605
61 0.00833336 0.00552767 8.80098
62 0.00808202 0.00588905 8.78454
63 0.00781519 0.00623881 8.76647
64 0.00753306 0.0065767 8.74627
65 0.00723657 0.0069016 8.7231
66 0.00692583 0.00721338 8.69504
67 0.00660192 0.00751097 8.65863
68 0.00626498 0.00779423 8.60549
69 0.00591606 0.00806227 8.45831
70 0.00530159 0.00795802 8.18468
71 0.00502496 0.00761888 8.01341
72 0.00472675 0.00729869 7.86011
73 0.00440809 0.00699869 7.71996
74 0.00407023 0.00672007 7.59218
75 0.0037148 0.00646423 7.47616
76 0.00334358 0.00623242 7.37168
77 0.00295803 0.00602551 7.27881
78 0.00255966 0.0058443 7.19771
79 0.00214999 0.00568953 7.12848
80 0.00173104 0.00556199 7.07136
81 0.0013049 0.00546229 7.0264
82 0.000873222 0.00539077 6.99378
83 0.000437693 0.00534772 6.97296
84 0.000440083 -0.00999031 8.5912
85 0.000879105 -0.00996128 8.59384
86 0.00131663 -0.00991295 8.59726
87 0.00175129 -0.00984546 8.60171
88 0.00218287 -0.00975885 8.60729
89 0.00260989 -0.00965342 8.61395
90 0.0030322 -0.00952921 8.62167
91 0.00344838 -0.00938662 8.63037
92 0.00385813 -0.00922577 8.64003
93 0.00426032 -0.00904708 8.65048
94 0.00465421 -0.0088509 8.66172
95 0.00503921 -0.0086375 8.67364
96 0.0054142 -0.00840752 8.68612
97 0.00577895 -0.00816111 8.69909
98 0.00613224 -0.00789909 8.71245
99 0.00647392 -0.00762157 8.7261
100 0.00680284 -0.00732949 8.7399
101 0.00711881 -0.007023 8.75377
102 0.00742088 -0.00670303 8.76762
103 0.00770863 -0.00637001 8.78127
104 0.00798149 -0.0060246 8.79471
105 0.00823874 -0.00566773 8.80778
106 0.00848019 -0.00529966 8.82039
107 0.00870503 -0.00492163 8.83243
108 0.00891319 -0.00453377 8.84388
109 0.00910394 -0.00413742 8.85458
110 0.0092772 -0.00373276 8.86445
111 0.00943242 -0.00332107 8.87347
112 0 0.00957576 7.25413
113 0 0.00915152 7.2177
114 0 0.00872727 7.18186
115 0 0.00830303 7.14763
116 0 0.00787879 7.11514
117 0 0.00745455 7.08449
118 0 0.0070303 7.05577
119 0 0.00660606 7.02908
120 0 0.00618182 7.00426
121 0 0.00575758 6.9803
122 0.0051732 0.00855792 8.18903
123 0.00478027 0.00878345 8.03542
124 0.00437753 0.00899095 7.9005
125 0.0039658 0.00918 7.78214
126 0.00354592 0.00935021 7.67905
127 0.00311877 0.00950123 7.58974
128 0.00268523 0.00963273 7.51334
129 0.00224617 0.00974447 7.44926
130 0.00180249 0.00983621 7.39691
131 0.00135511 0.00990776 7.35612
132 0.000904964 0.00995897 7.32654
133 0.00045296 0.00998974 7.30763
134 0.00564847 0.0155411 8.84965
135 0.00539731 0.0159132 8.8348
136 0.00512167 0.0162677 8.8192
137 0.00482253 0.016603 8.80312
138 0.00450147 0.0169174 8.78694
139 0.00416027 0.0172093 8.77095
140 0.0038002 0.0174775 8.75542
141 0.00342255 0.0177211 8.74065
142 0.00302935 0.0179386 8.72689
143 0.00262276 0.0181291 8.71439
144 0.00220427 0.0182917 8.70342
145 0.00177539 0.0184259 8.69411
146 0.00133845 0.0185309 8.68662
147 0.00089582 0.0186062 8.681
148 0.00044913 0.0186515 8.67693
149 0.00579117 0.00869746 8.64429
150 0.00600033 0.00909475 8.75565
151 0.00618227 0.00950521 8.81315
152 0.0063363 0.00992738 8.84762
153 0.00646153 0.010359 8.87113
154 0.00655734 0.0107976 8.88773
155 0.0066234 0.0112417 8.89912
156 0.00665944 0.0116896 8.90629
157 0.00666522 0.012139 8.9099
158 0.00664075 0.0125873 8.91043
159 0.00658616 0.013033 8.90815
160 0.0065016 0.0134743 8.90329
161 0.00638751 0.013909 8.8962
162 0.00624453 0.0143346 8.88706
163 0.00607323 0.0147496 8.87607
164 0 0.0182333 8.57014
165 0 0.0178 8.47528
166 0 0.0173667 8.38312
167 0 0.0169333 8.29455
168 0 0.0165 8.20968
169 0 0.0160667 8.12839
170 0 0.0156333 8.05052
171 0 0.0152 7.97594
172 0 0.0147667 7.90455
173 0 0.0143333 7.83623
174 0 0.0139 7.77088
175 0 0.0134667 7.70836
176 0 0.0130333 7.64857
177 0 0.0126 7.59138
178 0 0.0121667 7.53669
179 0 0.0117333 7.48437
180 0 0.0113 7.43431
181 0 0.0108667 7.38659
182 0 0.0104333 7.34142
183 0.00454367 0.00170582 7.40878
184 0.00485197 -0.000533745 7.49546
185 0.00489542 -0.000147605 7.49184
186 0.0049201 0.000290816 7.4876
187 0.00498933 0.000751505 7.49766
188 0.00148524 -0.00948566 8.48572
189 0.00189067 -0.0093992 8.48646
190 0.0010441 -0.00953018 8.4778
191 0.00230719 -0.0093061 8.49236
192 0.000573482 -0.00956211 8.4723
193 0.00271438 -0.00919818 8.49976
194 0.00311737 -0.00907363 8.50852
195 0.00350212 -0.0089286 8.51588
196 0.00390691 -0.00875798 8.52535
197 0.000389599 -0.00887362 8.28333
198 0.00428149 -0.00858652 8.5366
199 0.000376012 -0.00845026 8.17553
200 0.00465135 -0.0083908 8.54697
201 0.000370193 -0.00802034 8.07101
202 0.00501463 -0.00817219 8.55667
203 0.000379402 -0.00759048 7.97156
204 0.00538726 -0.00793956 8.57096
205 0.000379402 -0.00715238 7.87489
206 0.00571923 -0.0077038 8.58273
207 0.000379402 -0.00671429 7.78316
208 0.00604153 -0.00745332 8.59475
209 0.000379402 -0.00627619 7.69631
210 0.00637231 -0.00716426 8.60614
211 0.000379402 -0.0058381 7.61432
212 0.006683 -0.00688086 8.62015
213 0.000379402 -0.0054 7.53713
214 0.00698078 -0.00658241 8.63379
215 0.000379402 -0.0049619 7.46471
216 0.00725326 -0.00627314 8.64468
217 0.000379402 -0.00452381 7.39699
218 0.00753404 -0.00593531 8.6582
219 0.000379402 -0.00408571 7.33396
220 0.00778361 -0.00560891 8.67104
221 0.000379402 -0.00364762 7.27553
222 0.00801936 -0.00526285 8.68223
223 0.000379402 -0.00320952 7.22167
224 0.00824083 -0.00490048 8.69238
225 0.000379402 -0.00277143 7.1723
226 0.00846441 -0.00452235 8.70656
227 0.000379402 -0.00233333 7.12738
228 0.00864612 -0.00415982 8.71571
229 0.000379402 -0.00189524 7.08682
230 0.00881378 -0.00378497 8.72412
231 0.000379402 -0.00145714 7.05058
232 0.00897505 -0.00337622 8.73222
233 0.000379402 -0.00101905 7.01855
234 0.00911692 -0.00298827 8.74158
235 0.000379402 -0.000580952 6.99068
236 0.009239 -0.00258733 8.74859
237 0.000379402 -0.000142857 6.96687
238 0.00933679 -0.00217426 8.75202
239 0.000379402 0.000295238 6.94702
240 0.00943045 -0.00174209 8.75832
241 0.000379402 0.000733333 6.93107
242 0.00950038 -0.00133555 8.76334
243 0.000379402 0.00117143 6.91888
244 0.00955082 -0.000932085 8.76685
245 0.000379402 0.00160952 6.91037
246 0.00957513 -0.000493475 8.76579
247 0.000379402 0.00204762 6.90542
248 0.00959022 -7.23963e-05 8.76718
249 0.000379402 0.00248571 6.90393
250 0.00958768 0.000349228 8.76773
251 0.000379402 0.00292381 6.90576
252 0.00956074 0.000759587 8.7649
253 0.000379402 0.0033619 6.91082
254 0.00951497 0.00119648 8.76147
255 0.000379402 0.0038 6.919
256 0.00945966 0.00160469 8.75906
257 0.000379402 0.0042381 6.93025
258 0.00937715 0.00201814 8.75276
259 0.000366627 0.00467135 6.94384
260 0.00927594 0.00242654 8.74503
261 0.000309117 0.00504373 6.95647
262 0.00916149 0.00285065 8.73933
263 0.00903227 0.00323677 8.73081
264 0.000720024 0.00496757 6.96745
265 0.0088861 0.00361789 8.72111
266 0.00118187 0.00508102 6.99955
267 0.00870551 0.00401834 8.70744
268 0.00160433 0.00516238 7.03898
269 0.0085245 0.00439791 8.69646
270 0.00204521 0.00527464 7.0931
271 0.00832534 0.00476951 8.6837
272 0.00247884 0.00542236 7.16069
273 0.00810848 0.00512002 8.66722
274 0.00290415 0.0056029 7.24188
275 0.0078667 0.00548678 8.65022
276 0.00331877 0.00580716 7.33622
277 0.00762669 0.00582033 8.63279
278 0.00371795 0.00603931 7.44333
279 0.00736082 0.00614745 8.60995
280 0.00410341 0.00629221 7.5635
281 0.00708159 0.00646353 8.58366
282 0.00447363 0.0065709 7.69778
283 0.0067814 0.00676917 8.54946
284 0.00482794 0.00688295 7.84834
285 0.00649997 0.00706853 8.51753
286 0.00517982 0.0072261 8.02261
287 0.00622288 0.00735534 8.47586
288 0.0055625 0.00768311 8.25625
289 0.000349747 -0.00924276 8.38026
290 0.00596136 0.00763874 8.41194
291 0.00123458 -0.00918599 8.39231
292 0.0015981 -0.00905957 8.37711
293 0.00200756 -0.00897951 8.38257
294 0.000829059 -0.00910891 8.35589
295 0.00240922 -0.00888176 8.38891
296 0.00279958 -0.00877185 8.39699
297 0.00317605 -0.00864343 8.40459
298 0.0035565 -0.00849212 8.41257
299 0.00393308 -0.00832715 8.42241
300 0.000768511 -0.00865699 8.2368
301 0.00428957 -0.00814789 8.43162
302 0.000729265 -0.008211 8.12503
303 0.00464149 -0.00794625 8.44033
304 0.000748448 -0.00779648 8.02738
305 0.00499914 -0.00773261 8.4529
306 0.000759868 -0.00737143 7.93166
307 0.00532391 -0.00750794 8.46268
308 0.000759868 -0.00693333 7.83754
309 0.00564425 -0.00726952 8.47386
310 0.000759868 -0.00649524 7.74833
311 0.00595616 -0.00702183 8.48663
312 0.000759868 -0.00605714 7.66399
313 0.0062675 -0.00674226 8.49821
314 0.000759868 -0.00561905 7.58449
315 0.00655858 -0.00646335 8.51091
316 0.000759868 -0.00518095 7.50979
317 0.00683257 -0.00617368 8.52275
318 0.000759868 -0.00474286 7.43982
319 0.00710058 -0.00586064 8.53417
320 0.000759868 -0.00430476 7.37455
321 0.00735476 -0.00554159 8.54636
322 0.000759868 -0.00386667 7.31395
323 0.007586 -0.00521711 8.55678
324 0.000759868 -0.00342857 7.25793
325 0.00780474 -0.00487371 8.56598
326 0.000759868 -0.00299048 7.20645
327 0.00802459 -0.00451746 8.57889
328 0.000759868 -0.00255238 7.15945
329 0.00820675 -0.00416649 8.58687
330 0.000759868 -0.00211429 7.11687
331 0.00837999 -0.00380744 8.59602
332 0.000759868 -0.00167619 7.07864
333 0.00853986 -0.0034407 8.60513
334 0.000759868 -0.0012381 7.04467
335 0.00868433 -0.00305231 8.61239
336 0.000759868 -0.0008 7.01492
337 0.00881078 -0.00267177 8.61971
338 0.000759868 -0.000361905 6.98929
339 0.00891309 -0.00227997 8.62342
340 0.000759868 7.61905e-05 6.96769
341 0.0090097 -0.00187714 8.62947
342 0.000759868 0.000514286 6.95002
343 0.00908195 -0.00148005 8.63299
344 0.000759868 0.000952381 6.93619
345 0.009141 -0.00108217 8.63692
346 0.000759868 0.00139048 6.9261
347 0.00918247 -0.000691688 8.63997
348 0.000759868 0.00182857 6.91964
349 0.0092 -0.00027231 8.63941
350 0.000759868 0.00226667 6.91669
351 0.00920621 0.000132531 8.64017
352 0.000759868 0.00270476 6.91716
353 0.00919304 0.000530215 8.6392
354 0.000759868 0.00314286 6.92093
355 0.00915884 0.000938323 8.63617
356 0.000770612 0.00358751 6.92844
357 0.00911031 0.00134656 8.63331
358 0.00079046 0.00403453 6.9396
359 0.00904243 0.00173972 8.62825
360 0.000763101 0.00446566 6.9512
361 0.00895448 0.0021333 8.6213
362 0.0088508 0.00253931 8.61484
363 0.00873014 0.00291534 8.60552
364 0.00859497 0.00329109 8.596
365 0.00844841 0.00366145 8.58684
366 0.00146936 0.00473776 7.00846
367 0.00827126 0.00404053 8.57364
368 0.00192679 0.00484005 7.05874
369 0.00808886 0.00440005 8.5611
370 0.00238832 0.00497565 7.12424
371 0.00789119 0.00474632 8.54635
372 0.00284007 0.00515211 7.20442
373 0.00766942 0.00509366 8.52841
374 0.00328206 0.00535429 7.29888
375 0.00743744 0.00542942 8.50933
376 0.00370996 0.00558274 7.40727
377 0.00719431 0.00574522 8.48661
378 0.00412376 0.00583881 7.53014
379 0.00693305 0.00605358 8.45886
380 0.00452727 0.00611269 7.66873
381 0.00664423 0.00635532 8.42111
382 0.00490566 0.00642378 7.82157
383 0.00632945 0.00664619 8.3685
384 0.00528429 0.0067343 7.99438
385 0.00607261 0.00693501 8.32793
386 0.00558822 0.00707003 8.16135
387 0.00122807 -0.00875878 8.27967
388 0.00169702 -0.00865145 8.27744
389 0.00210988 -0.00855969 8.28276
390 0.00250049 -0.0084571 8.28962
391 0.00286232 -0.00834181 8.29616
392 0.00321846 -0.00822497 8.30674
393 0.00360168 -0.00806825 8.31624
394 0.00393648 -0.00789188 8.32022
395 0.00427233 -0.00771206 8.32856
396 0.00110822 -0.00800706 8.0894
397 0.00461028 -0.00751887 8.33922
398 0.00114034 -0.00759048 7.99435
399 0.00494049 -0.00730113 8.34839
400 0.00114034 -0.00715238 7.89789
401 0.00525426 -0.00707471 8.35797
402 0.00114034 -0.00671429 7.80634
403 0.00556134 -0.00684218 8.36997
404 0.00114034 -0.00627619 7.71969
405 0.00586335 -0.00659043 8.38211
406 0.00114034 -0.0058381 7.63791
407 0.00614792 -0.00632122 8.39227
408 0.00114034 -0.0054 7.56095
409 0.00641391 -0.00605064 8.40295
410 0.00114034 -0.0049619 7.48876
411 0.0066786 -0.00578187 8.41825
412 0.00114034 -0.00452381 7.42132
413 0.00694036 -0.00546546 8.42974
414 0.00114034 -0.00408571 7.35857
415 0.00715721 -0.00515422 8.43582
416 0.00114034 -0.00364762 7.30044
417 0.00736762 -0.00483842 8.44408
418 0.00114034 -0.00320952 7.2469
419 0.00757933 -0.0045087 8.45529
420 0.00114034 -0.00277143 7.1979
421 0.00777052 -0.00416403 8.46378
422 0.00114034 -0.00233333 7.15334
423 0.00794438 -0.00381798 8.47193
424 0.00114034 -0.00189524 7.1132
425 0.00810629 -0.00346966 8.48092
426 0.00114034 -0.00145714 7.07738
427 0.00825362 -0.0031058 8.48866
428 0.00114034 -0.00101905 7.04582
429 0.00838033 -0.00273813 8.49455
430 0.00114034 -0.000580952 7.01843
431 0.00848747 -0.00237758 8.4995
432 0.00114034 -0.000142857 6.99516
433 0.00858427 -0.00199877 8.50437
434 0.00114034 0.000295238 6.97589
435 0.00866523 -0.00161216 8.50847
436 0.00114034 0.000733333 6.96052
437 0.0087287 -0.00123038 8.51185
438 0.00114034 0.00117143 6.94896
439 0.00877729 -0.000845003 8.51484
440 0.00114034 0.00160952 6.94112
441 0.00880663 -0.000452977 8.51603
442 0.00114034 0.00204762 6.93686
443 0.00881652 -6.30259e-05 8.51554
444 0.00114034 0.00248571 6.93607
445 0.00881315 0.000317287 8.51519
446 0.00114765 0.0029314 6.93922
447 0.00880507 0.000692388 8.51742
448 0.00114036 0.00336338 6.94456
449 0.00876633 0.00110459 8.5151
450 0.00117363 0.00380916 6.95573
451 0.00869474 0.00147618 8.50559
452 0.00123911 0.00429352 6.9736
453 0.00862101 0.00184962 8.49957
454 0.00853401 0.00222945 8.49393
455 0.00842103 0.00260852 8.48447
456 0.00829548 0.00297445 8.47437
457 0.00816201 0.00333579 8.46552
458 0.00800866 0.00369784 8.45474
459 0.00176667 0.00439829 7.02362
460 0.00783365 0.00404832 8.44016
461 0.00227535 0.00450366 7.08762
462 0.00765193 0.00438141 8.42517
463 0.00275469 0.00467361 7.16554
464 0.00747155 0.00471272 8.41372
465 0.00322857 0.00488629 7.26049
466 0.00724475 0.00505505 8.39296
467 0.00368578 0.00511212 7.36919
468 0.00700827 0.00535198 8.36498
469 0.00413045 0.00536845 7.49381
470 0.00676828 0.00565004 8.33734
471 0.00456094 0.00564145 7.63364
472 0.00651909 0.00595014 8.30712
473 0.00496812 0.00593679 7.78656
474 0.00619955 0.00624477 8.24977
475 0.00536412 0.00625643 7.95715
476 0.0058235 0.00654404 8.16488
477 0.0018183 -0.00823047 8.18106
478 0.00221598 -0.00814054 8.18854
479 0.00256702 -0.00802546 8.19149
480 0.00291795 -0.00790948 8.1991
481 0.00328825 -0.00785324 8.22772
482 0.00358851 -0.00762934 8.21374
483 0.00391915 -0.00745801 8.22045
484 0.00424606 -0.00728352 8.23075
485 0.0015443 -0.00784155 8.07179
486 0.0045698 -0.00708476 8.24006
487 0.00151496 -0.00736439 7.96252
488 0.00487305 -0.00686591 8.24658
489 0.0015208 -0.00693333 7.87055
490 0.005169 -0.0066459 8.25629
491 0.0015208 -0.00649524 7.78162
492 0.00546552 -0.00642955 8.27134
493 0.0015208 -0.00605714 7.69757
494 0.00574789 -0.00617721 8.28137
495 0.0015208 -0.00561905 7.61838
496 0.00600412 -0.00590828 8.28753
497 0.0015208 -0.00518095 7.54401
498 0.00626041 -0.00564009 8.29836
499 0.0015208 -0.00474286 7.47442
500 0.00656249 -0.00541864 8.33194
501 0.0015208 -0.00430476 7.40956
502 0.00672627 -0.0050818 8.31875
503 0.0015208 -0.00386667 7.34937
504 0.00692669 -0.00477669 8.3235
505 0.0015208 -0.00342857 7.29381
506 0.0071439 -0.00447229 8.33678
507 0.0015208 -0.00299048 7.24283
508 0.00734092 -0.00414701 8.34655
509 0.0015208 -0.00255238 7.19637
510 0.00750898 -0.00381384 8.35207
511 0.0015208 -0.00211429 7.15435
512 0.00766628 -0.00348025 8.35886
513 0.0015208 -0.00167619 7.11674
514 0.00782485 -0.00314711 8.37015
515 0.0015208 -0.0012381 7.08344
516 0.00795206 -0.00279606 8.37514
517 0.0015208 -0.0008 7.0544
518 0.00805813 -0.00244723 8.3783
519 0.0015208 -0.000361905 7.02951
520 0.00815991 -0.00209259 8.38377
521 0.0015208 7.61905e-05 7.00872
522 0.00824732 -0.00172432 8.38831
523 0.0015208 0.000514286 6.99192
524 0.00831204 -0.00135461 8.39022
525 0.0015208 0.000952381 6.979
526 0.00836944 -0.00099163 8.39424
527 0.0015208 0.00139048 6.96988
528 0.00841313 -0.000618771 8.39784
529 0.0015208 0.00182857 6.96443
530 0.0084235 -0.000245724 8.39533
531 0.0015208 0.00226667 6.96255
532 0.00842435 0.000126105 8.39393
533 0.0015327 0.00272264 6.96521
534 0.00841593 0.000496394 8.39371
535 0.00154248 0.00317114 6.97128
536 0.00846961 0.000867074 8.41667
537 0.00148845 0.00356458 6.97427
538 0.0083425 0.0012194 8.3871
539 0.00162988 0.00394389 6.99579
540 0.00827452 0.00158553 8.38005
541 0.00820653 0.00194906 8.37681
542 0.00810673 0.00231676 8.36806
543 0.00798505 0.0026703 8.35556
544 0.00786077 0.0030172 8.34548
545 0.00773919 0.00336379 8.33977
546 0.00757969 0.00370729 8.32602
547 0.0021235 0.0040333 7.05105
548 0.00739681 0.00403063 8.30634
549 0.00267357 0.00414293 7.12958
550 0.00721449 0.00435368 8.28975
551 0.00316849 0.00440714 7.22415
552 0.00709025 0.00470704 8.29737
553 0.00365592 0.00462381 7.33234
554 0.00681546 0.00496154 8.24827
555 0.00411809 0.00487069 7.4537
556 0.00658252 0.00525255 8.21766
557 0.00456728 0.00515119 7.59154
558 0.00634695 0.00554992 8.18717
559 0.0050369 0.00542371 7.75255
560 0.00613769 0.00586927 8.16751
561 0.0054117 0.00578045 7.91198
562 0.00578649 0.00604664 8.07467
563 0.00194909 -0.00787477 8.10588
564 0.00142861 -0.00830276 8.17557
565 0.00226884 -0.00770975 8.09223
566 0.0026508 -0.00758681 8.09848
567 0.00311796 -0.00744929 8.1166
568 0.00352878 -0.00721229 8.11498
569 0.00389305 -0.00703287 8.12621
570 0.00423886 -0.00691346 8.1527
571 0.00449821 -0.00665156 8.1409
572 0.00189536 -0.00713028 7.93584
573 0.00479185 -0.00643262 8.14781
574 0.00191004 -0.00670569 7.84864
575 0.00507743 -0.00620841 8.15683
576 0.00190127 -0.00627619 7.76347
577 0.00539573 -0.00605975 8.19021
578 0.00190127 -0.0058381 7.68208
579 0.00559294 -0.00576875 8.17819
580 0.00190127 -0.0054 7.60555
581 0.00587617 -0.00546953 8.18694
582 0.00190127 -0.0049619 7.53384
583 0.00622784 -0.00514034 8.21169
584 0.00190127 -0.00452381 7.46689
585 0.00190127 -0.00408571 7.40467
586 0.00647625 -0.00474305 8.21071
587 0.00190127 -0.00364762 7.34713
588 0.00669818 -0.00438714 8.21526
589 0.00190127 -0.00320952 7.29421
590 0.00696563 -0.00414312 8.25038
591 0.00190127 -0.00277143 7.24588
592 0.00708444 -0.00380238 8.23995
593 0.00190127 -0.00233333 7.20205
594 0.00723349 -0.00347006 8.24234
595 0.00190127 -0.00189524 7.16269
596 0.00737495 -0.00313702 8.24676
597 0.00190127 -0.00145714 7.1277
598 0.00758911 -0.00285651 8.27955
599 0.00190127 -0.00101905 7.09706
600 0.00762875 -0.00250679 8.26204
601 0.00190127 -0.000580952 7.07064
602 0.00773341 -0.00216602 8.26693
603 0.00190127 -0.000142857 7.04839
604 0.00783027 -0.00182206 8.27321
605 0.00190127 0.000295238 7.03021
606 0.00789122 -0.00146688 8.27243
607 0.00190127 0.000733333 7.01604
608 0.00794963 -0.00111118 8.27476
609 0.00190127 0.00117143 7.00575
610 0.00807404 -0.000772593 8.30077
611 0.00190127 0.00160952 6.99922
612 0.00802975 -0.000418074 8.28024
613 0.00190127 0.00204762 6.99637
614 0.00802582 -4.40936e-05 8.27513
615 0.00191015 0.00250276 6.99802
616 0.00802093 0.000350887 8.27387
617 0.00192982 0.00297953 7.00479
618 0.00803598 0.000822372 8.28423
619 0.00193235 0.00351661 7.01484
620 0.0079289 0.00128656 8.26496
621 0.00786265 0.00168445 8.2608
622 0.00784847 0.0020501 8.27492
623 0.00767165 0.0023739 8.24165
624 0.00754659 0.00271834 8.22844
625 0.00741495 0.00305667 8.21626
626 0.0073647 0.00340409 8.2322
627 0.00714385 0.00367761 8.19343
628 0.00243243 0.00367519 7.07984
629 0.00694113 0.00403693 8.17127
630 0.00315146 0.00394726 7.20084
631 0.0067268 0.00446758 8.15712
632 0.00360184 0.00414957 7.29537
633 0.00411416 0.0043305 7.41692
634 0.00640975 0.00483481 8.10702
635 0.00455551 0.00465763 7.54855
636 0.00614962 0.00518028 8.07172
637 0.00499148 0.00491702 7.68999
638 0.00586454 0.00556563 8.03283
639 0.00548198 0.00539717 7.888
640 0.00187628 -0.00752159 8.02
641 0.00282968 0.0037149 7.13905
642 0.00534397 0.00510202 7.81218
643 0.00228697 -0.00732948 8.0089
644 0.002711 -0.00715717 8.01047
645 0.00313272 -0.00696204 8.01444
646 0.00355024 -0.00674669 8.0214
647 0.00105431 -0.00839224 8.18059
648 0.0010776 0.00470445 6.97754
649 0.00438066 -0.00624396 8.04419
650 0.0023041 -0.00691694 7.92259
651 0.00473393 -0.00598942 8.05633
652 0.00231013 -0.00648952 7.8369
653 0.00511772 -0.00573762 8.08076
654 0.00230256 -0.00605544 7.7535
655 0.00229777 -0.00561773 7.6745
656 0.00542487 -0.00536699 8.07843
657 0.00228174 -0.00518095 7.59951
658 0.00573547 -0.00503488 8.08976
659 0.00228174 -0.00474286 7.53051
660 0.00602337 -0.0046903 8.10115
661 0.00228174 -0.00430476 7.46628
662 0.00228174 -0.00386667 7.40677
663 0.00628273 -0.0043163 8.1087
664 0.00228174 -0.00342857 7.35194
665 0.00587999 0.00727467 8.31207
666 0.00228174 -0.00299048 7.30176
667 0.0041229 -0.0040182 7.65453
668 0.00228174 -0.00255238 7.25614
669 0.00678905 -0.00349415 8.1324
670 0.00228174 -0.00211429 7.21507
671 0.00696995 -0.00310867 8.13912
672 0.00228174 -0.00167619 7.17844
673 0.00719418 -0.00269817 8.16035
674 0.00228174 -0.0012381 7.14623
675 0.00228174 -0.0008 7.11834
676 0.00728846 -0.00224454 8.1511
677 0.00228174 -0.000361905 7.09469
678 0.00745861 -0.00192843 8.17666
679 0.00228174 7.61905e-05 7.07522
680 0.007469 -0.00157604 8.15984
681 0.00228174 0.000514286 7.05984
682 0.00753507 -0.00118848 8.16063
683 0.00228174 0.000952381 7.04845
684 0.00400266 -0.00653899 8.04237
685 0.00228174 0.00139048 7.04093
686 0.00763755 -0.000724042 8.17387
687 0.00228174 0.00182857 7.03721
688 0.00762726 -0.000278081 8.16252
689 0.00228174 0.00226667 7.03715
690 0.00762135 0.000140164 8.15786
691 0.00230336 0.00272045 7.04343
692 0.0076107 0.000568799 8.15683
693 0.00233238 0.00319141 7.0548
694 0.0075715 0.00100899 8.15318
695 0.00749306 0.00145706 8.14402
696 0.00742374 0.00193294 8.14426
697 0.00659063 -0.00391586 8.13095
698 0.00724817 0.00238746 8.11931
699 0.00710541 0.00279292 8.10568
700 0.0069743 0.00323031 8.10233
701 0.00670988 0.0036419 8.06301
702 0.00647848 0.00403222 8.03452
703 0.0035424 0.0036752 7.26221
704 0.00622892 0.00440877 8.00158
705 0.0039455 0.00384316 7.35266
706 0.00461659 0.00419704 7.53084
707 0.00595321 0.00476101 7.95894
708 0.00500902 0.00445877 7.65422
709 0.00574929 0.00510327 7.93676
710 0.0027447 0.00332191 7.11421
711 0.00315673 0.00347083 7.18428
712 0.00433092 0.00392486 7.44411
713 0.0054514 0.00470328 7.80253
714 0.00272367 -0.00670674 7.9185
715 0.00314604 -0.006497 7.92253
716 0.00357875 -0.00627103 7.93267
717 0.00396764 -0.00604006 7.94383
718 0.0043272 -0.00580604 7.95697
719 0.00466881 -0.00555359 7.97008
720 0.0027183 -0.00627111 7.83279
721 0.00497389 -0.00526044 7.97613
722 0.0027054 -0.0058326 7.75068
723 0.00268782 -0.00539407 7.67299
724 0.00527347 -0.00493238 7.98195
725 0.00268093 -0.00495698 7.60147
726 0.00556217 -0.00460509 7.99207
727 0.0026622 -0.00452381 7.5341
728 0.00582945 -0.00426627 8.00233
729 0.0026622 -0.00408571 7.47264
730 0.0026622 -0.00364762 7.41592
731 0.00608505 -0.00392041 8.01507
732 0.0026622 -0.00320952 7.3639
733 0.00632403 -0.003549 8.02714
734 0.0026622 -0.00277143 7.31652
735 0.0026622 -0.00233333 7.27374
736 0.00651516 -0.00315175 8.0314
737 0.0026622 -0.00189524 7.2355
738 0.00669996 -0.00274675 8.03933
739 0.0026622 -0.00145714 7.20175
740 0.00685131 -0.00231067 8.04258
741 0.0026622 -0.00101905 7.17241
742 0.0026622 -0.000580952 7.14741
743 0.00703145 -0.0018242 8.05651
744 0.0026622 -0.000142857 7.12669
745 0.0026622 0.000295238 7.11015
746 0.00709816 -0.00136519 8.05024
747 0.0026622 0.000733333 7.09772
748 0.00717915 -0.000936233 8.05475
749 0.0026622 0.00117143 7.0893
750 0.00722894 -0.000509528 8.0565
751 0.0026622 0.00160952 7.08477
752 0.0026622 0.00204762 7.08404
753 0.00722876 -8.12789e-05 8.0499
754 0.00267685 0.00246784 7.08878
755 0.00721466 0.000327907 8.04459
756 0.00270003 0.00290098 7.0983
757 0.00718253 0.000755701 8.03922
758 0.00713392 0.00118536 8.03443
759 0.00705299 0.00163061 8.02629
760 0.00693755 0.00207436 8.01391
761 0.00680505 0.00246867 7.99887
762 0.00666228 0.0028625 7.9849
763 0.00647032 0.00323799 7.95932
764 0.00625157 0.00362076 7.92967
765 0.00600894 0.00398893 7.89419
766 0.00389942 0.00338345 7.32186
767 0.0057706 0.00435896 7.86151
768 0.00508424 0.00394943 7.63426
769 0.00350174 0.00323147 7.23808
770 0.00429761 0.003518 7.41426
771 0.00469544 0.00371348 7.51896
772 0.00537372 0.00428607 7.74121
773 0.00310369 0.00306328 7.16361
774 0.00314624 -0.0060424 7.83663
775 0.00354944 -0.00580461 7.84388
776 0.00393389 -0.00557728 7.85787
777 0.00428231 -0.0054215 7.88503
778 0.00451936 -0.00511564 7.87421
779 0.00481798 -0.00483247 7.88277
780 0.00310704 -0.00559744 7.75307
781 0.00309586 -0.00516077 7.67917
782 0.00510716 -0.00452166 7.89136
783 0.00307032 -0.00473036 7.60937
784 0.00537628 -0.00419872 7.90032
785 0.00304267 -0.00430476 7.54462
786 0.00561816 -0.00387258 7.90896
787 0.00304267 -0.00386667 7.48603
788 0.00304267 -0.00342857 7.43218
789 0.00584825 -0.00353423 7.91902
790 0.00304267 -0.00299048 7.38302
791 0.00605631 -0.00316874 7.92681
792 0.00304267 -0.00255238 7.33855
793 0.00304267 -0.00211429 7.29869
794 0.00624521 -0.00279697 7.93511
795 0.00304267 -0.00167619 7.26342
796 0.00639052 -0.0023805 7.93496
797 0.00304267 -0.0012381 7.23266
798 0.0065177 -0.00194943 7.93512
799 0.00304267 -0.0008 7.20633
800 0.00304267 -0.000361905 7.18438
801 0.00665758 -0.00152199 7.94495
802 0.00304267 7.61905e-05 7.16673
803 0.00304267 0.000514286 7.1533
804 0.00674518 -0.0010949 7.94751
805 0.00304267 0.000952381 7.144
806 0.00679546 -0.000693958 7.94663
807 0.00304267 0.00139048 7.13874
808 0.00682913 -0.000292566 7.9462
809 0.00305312 0.00181757 7.13895
810 0.00305948 0.0022345 7.14218
811 0.00682578 0.000108135 7.94066
812 0.00306843 0.00264457 7.14908
813 0.006799 0.000509992 7.93334
814 0.00675441 0.000924325 7.92587
815 0.006691 0.0013443 7.91815
816 0.00659545 0.00176701 7.90656
817 0.00645906 0.00216356 7.88726
818 0.00642084 0.00253827 7.89721
819 0.00619697 0.00284229 7.85495
820 0.00600027 0.00322331 7.82764
821 0.00581646 0.00360603 7.80653
822 0.00557671 0.00397004 7.7703
823 0.0038445 0.00295931 7.29514
824 0.00425365 0.00308427 7.38482
825 0.00509883 0.00343468 7.60302
826 0.00345372 0.00282024 7.21755
827 0.00468866 0.00323563 7.4907
828 0.00353198 -0.0053571 7.76529
829 0.00399631 -0.00509652 7.78835
830 0.00435223 -0.00474631 7.79092
831 0.00465914 -0.00443876 7.79883
832 0.00350669 -0.00492113 7.6926
833 0.00493087 -0.00412092 7.80515
834 0.00345712 -0.00448801 7.62198
835 0.00517058 -0.00380301 7.81101
836 0.00342903 -0.00406125 7.55967
837 0.00539229 -0.00347893 7.81766
838 0.00342764 -0.00363105 7.50502
839 0.00342314 -0.00320952 7.45551
840 0.00559987 -0.0031474 7.82556
841 0.00342314 -0.00277143 7.40933
842 0.00578796 -0.00279794 7.83253
843 0.00342314 -0.00233333 7.36787
844 0.00342314 -0.00189524 7.33107
845 0.00600126 -0.00248379 7.85308
846 0.00342314 -0.00145714 7.29886
847 0.00599441 -0.00206344 7.81936
848 0.00342314 -0.00101905 7.27121
849 0.00618185 -0.00158354 7.83285
850 0.00342314 -0.000580952 7.24804
851 0.00342314 -0.000142857 7.2293
852 0.00636864 -0.00123863 7.8603
853 0.00342314 0.000295238 7.2149
854 0.00342314 0.000733333 7.20477
855 0.0063623 -0.000866953 7.84342
856 0.00342314 0.00117143 7.19881
857 0.0064246 -0.000484804 7.84727
858 0.00343579 0.00159963 7.19897
859 0.006444 -9.57025e-05 7.84462
860 0.00345565 0.00202572 7.20426
861 0.00345713 0.00241466 7.20975
862 0.00642042 0.000285046 7.83523
863 0.00638416 0.000678415 7.82658
864 0.00632993 0.00107865 7.8175
865 0.00625277 0.0014827 7.80672
866 0.00614572 0.00189225 7.79244
867 0.00600484 0.00237369 7.77662
868 0.00571155 0.00283331 7.7248
869 0.00552727 0.00326042 7.70305
870 0.00542825 0.00362959 7.70286
871 0.00378273 0.00259575 7.27299
872 0.00415736 0.00263557 7.34859
873 0.00460993 0.00278527 7.45187
874 0.00514809 0.00291651 7.58552
875 0.00388997 -0.00465022 7.70549
876 0.00422821 -0.00436306 7.71675
877 0.00450117 -0.00403888 7.71871
878 0.00472652 -0.00373684 7.7206
879 0.00494579 -0.00341761 7.72416
880 0.00380943 -0.00380747 7.58006
881 0.00515114 -0.00309991 7.72991
882 0.0038275 -0.00341296 7.53559
883 0.00382162 -0.00298689 7.48828
884 0.00536344 -0.00274562 7.73842
885 0.00381596 -0.0025544 7.4449
886 0.00558852 -0.00238459 7.75438
887 0.0038036 -0.00211429 7.40449
888 0.0038036 -0.00167619 7.37083
889 0.0038036 -0.0012381 7.34185
890 0.00572473 -0.00159911 7.72946
891 0.0038036 -0.0008 7.31745
892 0.00592533 -0.00111966 7.74957
893 0.0038036 -0.000361905 7.2976
894 0.0038036 7.61905e-05 7.28219
895 0.0038036 0.000514286 7.27121
896 0.0038036 0.000952381 7.26461
897 0.00599484 -0.000639671 7.74767
898 0.00381208 0.0013741 7.26377
899 0.00610946 -0.000281601 7.76577
900 0.00384188 0.00180182 7.27071
901 0.0060338 7.53959e-05 7.74134
902 0.00390884 0.00224143 7.28896
903 0.0060151 0.000441996 7.73409
904 0.00595871 0.000824546 7.72125
905 0.00589477 0.00119491 7.70989
906 0.00581625 0.00159202 7.69906
907 0.00567712 0.00199166 7.67673
908 0.00544828 0.00243897 7.63747
909 0.00381567 -0.00423859 7.63701
910 0.00546487 -0.00199834 7.69912
911 0.00443096 0.00234737 7.3977
912 0.00493867 0.0024447 7.51471
913 0.00425264 -0.00365164 7.62944
914 0.0045573 -0.00339449 7.65161
915 0.00466656 -0.00302807 7.63159
916 0.00496907 -0.00275573 7.66168
917 0.00421956 -0.003201 7.57318
918 0.00422145 -0.00277757 7.53026
919 0.00507389 -0.00234701 7.6458
920 0.00420863 -0.00233688 7.48798
921 0.00420497 -0.00189771 7.45213
922 0.00419909 -0.0014527 7.42028
923 0.00419149 -0.00101417 7.39338
924 0.00538781 -0.00121211 7.63519
925 0.00417717 -0.000576973 7.36997
926 0.00554013 -0.000765071 7.64842
927 0.00417147 -0.000141 7.35262
928 0.00418407 0.000295238 7.34304
929 0.00419578 0.000733706 7.33788
930 0.00419831 0.00115659 7.33563
931 0.00568152 -0.000261294 7.66448
932 0.00419658 0.00155502 7.33646
933 0.00562443 0.000218288 7.64321
934 0.00565039 0.000588515 7.64697
935 0.00548658 0.000925972 7.60906
936 0.00552509 0.00131121 7.62256
937 0.00536611 0.0016369 7.59105
938 0.00519333 0.00203299 7.56069
939 0.00530185 -0.00164664 7.64197
940 0.00426875 0.0019614 7.35558
941 0.00472579 0.00203467 7.45406
942 0.00461832 -0.00255542 7.57809
943 0.0046133 -0.00212521 7.54118
944 0.00459584 -0.00167862 7.5055
945 0.00460037 -0.00121322 7.47775
946 0.00456739 -0.000782312 7.45013
947 0.0050393 -0.000917347 7.54834
948 0.00453062 -0.000351238 7.42602
949 0.00522499 -0.000445775 7.5692
950 0.00453762 7.69482e-05 7.41476
951 0.00457454 0.000521002 7.41368
952 0.00460832 0.000959522 7.41711
953 0.00459925 0.00136567 7.41645
954 0.00527463 1.85237e-05 7.56806
955 0.0052838 0.000493549 7.56376
956 0.00505801 0.00123128 7.51385
957 0.00495552 0.00164957 7.49692
958 0.00501097 -0.00191973 7.60113
959 0.00496966 -0.00145791 7.5629
960 0.00149458 0.0079146 7.19838
961 0.00144719 0.00835074 7.22813
962 0.00150842 0.00750412 7.16915
963 0.00188553 0.00774402 7.22945
964 0.00366151 0.00691518 7.49969
965 0.00331055 0.0066787 7.39778
966 0.00295669 0.00648403 7.30998
967 0.00399209 0.00718079 7.6112
968 0.00259768 0.0062968 7.2325
969 0.00429199 0.00747148 7.72885
970 0.00220755 0.0061451 7.16297
971 0.00458506 0.00772356 7.85489
972 0.00181111 0.00601589 7.10497
973 0.0047967 0.00817396 7.98086
974 0.0014151 0.00591958 7.05944
975 0.00100281 0.00582592 7.0229
976 0.00055093 0.00575784 6.99645
977 0.00438914 0.00848154 7.85879
978 0.00400314 0.00872862 7.75408
979 0.00360247 0.00889951 7.6545
980 0.000368876 0.00641982 7.02652
981 0.00320298 0.00905139 7.56899
982 0.00038189 0.00681876 7.0511
983 0.00278608 0.00918645 7.49253
984 0.000367405 0.00724242 7.07827
985 0.00236434 0.00930574 7.42795
986 0.000367405 0.00766667 7.10804
987 0.00194785 0.00940134 7.37529
988 0.000367405 0.00809091 7.13972
989 0.00151406 0.00949204 7.33259
990 0.000367405 0.00851515 7.17319
991 0.00106534 0.00954416 7.29813
992 0.0003847 0.00891365 7.20695
993 0.000579218 0.00957995 7.27357
994 0.000336075 0.00608119 7.00654
995 0.00033642 0.00926622 7.23602
996 0.0032817 0.0071062 7.42467
997 0.00360341 0.00734434 7.52086
998 0.00294387 0.00691866 7.33899
999 0.00260309 0.00674225 7.26361
1000 0.00390183 0.0076243 7.62501
1001 0.00224931 0.00658013 7.19665
1002 0.00425547 0.00798023 7.7644
1003 0.00188252 0.00644073 7.1389
1004 0.00150097 0.0063561 7.09246
1005 0.00110741 0.00627204 7.05462
1006 0.00072699 0.00616582 7.02598
1007 0.00401705 0.00833148 7.72313
1008 0.00365296 0.00846074 7.62976
1009 0.00327065 0.00860977 7.54637
1010 0.000770894 0.00658486 7.05237
1011 0.00287726 0.00875691 7.47324
1012 0.000773463 0.00701737 7.0798
1013 0.00246496 0.00886248 7.40579
1014 0.000745746 0.00745455 7.10811
1015 0.0020554 0.00897213 7.35189
1016 0.000745746 0.00787879 7.13901
1017 0.00162908 0.00905337 7.30577
1018 0.000732213 0.00828539 7.16965
1019 0.00126044 0.00919377 7.28221
1020 0.000753317 0.00871883 7.20585
1021 0.000838998 0.00912534 7.24561
1022 0.00292058 0.00734828 7.36694
1023 0.00325378 0.00748575 7.44904
1024 0.0034708 0.00776579 7.52267
1025 0.0025948 0.00719477 7.2947
1026 0.00226139 0.00702489 7.22877
1027 0.00376627 0.00803512 7.62302
1028 0.00192792 0.00686847 7.1723
1029 0.00159723 0.0067396 7.12617
1030 0.00119874 0.00676245 7.09101
1031 0.00334008 0.00817341 7.52549
1032 0.00295395 0.00831109 7.45107
1033 0.00255705 0.00842938 7.38511
1034 0.00114538 0.00724813 7.11923
1035 0.00215444 0.00852419 7.32803
1036 0.00112409 0.00766667 7.14739
1037 0.00172832 0.00865336 7.28262
1038 0.00110258 0.00808398 7.17729
1039 0.00123504 0.00877921 7.24359
1040 0.00106157 0.00844962 7.20345
1041 0.00299766 0.00783667 7.42081
1042 0.00261362 0.00765963 7.33316
1043 0.00225472 0.00749812 7.26204
1044 0.00190531 0.00729539 7.199
1045 0.00153564 0.00712319 7.14511
1046 0.00267582 0.00805207 7.37578
1047 0.00227655 0.00802484 7.30568
1048 0.00183875 0.00820313 7.25921
1049 0.00303223 0.0146604 8.14915
1050 0.00458598 0.0127031 8.26213
1051 0.00307285 0.0153414 8.25869
1052 0.00280979 0.0125304 7.8338
1053 0.004672 0.0161596 8.69845
1054 0.00436908 0.0164658 8.68225
1055 0.00493206 0.015843 8.71076
1056 0.00405631 0.0167537 8.66871
1057 0.00517535 0.0155026 8.7226
1058 0.00373395 0.0170148 8.65614
1059 0.0054116 0.0151355 8.73646
1060 0.00338951 0.0172547 8.6433
1061 0.00560712 0.0147656 8.74643
1062 0.00302429 0.0174726 8.63069
1063 0.00578026 0.0143828 8.75568
1064 0.00264436 0.0176656 8.61908
1065 0.00592314 0.013993 8.76227
1066 0.00225945 0.0178284 8.60867
1067 0.0060428 0.0135845 8.76707
1068 0.00185652 0.0179596 8.59772
1069 0.0061461 0.0131664 8.77298
1070 0.00145224 0.0180599 8.58804
1071 0.00620538 0.0127617 8.77211
1072 0.0010282 0.0181566 8.58439
1073 0.00624262 0.0123491 8.76971
1074 0.000559091 0.0182369 8.58411
1075 0.00625314 0.0119215 8.76386
1076 0.00623328 0.0114965 8.75314
1077 0.0061844 0.0110813 8.73683
1078 0.00611169 0.0106727 8.7151
1079 0.000366126 0.0175598 8.43073
1080 0.00601395 0.0102761 8.68483
1081 0.000385971 0.0171515 8.34619
1082 0.00587912 0.00985586 8.63692
1083 0.000384775 0.0167218 8.26025
1084 0.00568451 0.00945561 8.54763
1085 0.000375278 0.0162833 8.17602
1086 0.00549964 0.00904478 8.43962
1087 0.000375278 0.01585 8.09655
1088 0.000375278 0.0154167 8.02044
1089 0.000375278 0.0149833 7.94758
1090 0.000375278 0.01455 7.87786
1091 0.00473873 0.00924397 8.05867
1092 0.000375278 0.0141167 7.81115
1093 0.0043299 0.0094386 7.92189
1094 0.000375278 0.0136833 7.74733
1095 0.00390473 0.00962317 7.80208
1096 0.000375278 0.01325 7.68631
1097 0.00345814 0.00979313 7.69577
1098 0.000375278 0.0128167 7.62794
1099 0.00301361 0.00993676 7.60645
1100 0.000375278 0.0123833 7.57214
1101 0.00256425 0.0100642 7.53152
1102 0.000375278 0.01195 7.51878
1103 0.00209843 0.010171 7.46793
1104 0.000369311 0.0114997 7.46557
1105 0.00164235 0.0102537 7.41859
1106 0.000377663 0.011018 7.41171
1107 0.00116178 0.0104083 7.38876
1108 0.000343699 0.0104627 7.35145
1109 0.000734077 0.0103271 7.35344
1110 0.000326783 0.0179109 8.50563
1111 0.00507208 0.00903601 8.18854
1112 0.00449837 0.0157533 8.59786
1113 0.00423441 0.0160473 8.58627
1114 0.0039525 0.0163208 8.5744
1115 0.00474535 0.0154575 8.61188
1116 0.00365081 0.0165797 8.56301
1117 0.00497803 0.0151 8.62068
1118 0.00333338 0.0168187 8.55226
1119 0.00515971 0.0147707 8.62675
1120 0.00300499 0.0170328 8.54206
1121 0.00533571 0.0144204 8.63481
1122 0.00266301 0.0172247 8.53253
1123 0.00548684 0.0140535 8.64042
1124 0.00230571 0.0173927 8.52342
1125 0.00561176 0.0136746 8.64336
1126 0.00193536 0.0175372 8.51538
1127 0.00571028 0.0132937 8.64412
1128 0.00153749 0.0176279 8.5011
1129 0.0057894 0.0129113 8.64443
1130 0.00113666 0.017701 8.4906
1131 0.00584258 0.012519 8.64126
1132 0.000741956 0.0178003 8.49372
1133 0.00586698 0.0121222 8.63352
1134 0.00585619 0.0117277 8.61803
1135 0.00582363 0.0113332 8.59835
1136 0.00576648 0.0109388 8.57178
1137 0.00569319 0.0105624 8.53965
1138 0.000775421 0.0173927 8.40822
1139 0.00557829 0.0101575 8.48828
1140 0.000784288 0.0169566 8.31957
1141 0.00547576 0.00979489 8.43649
1142 0.000753258 0.0165 8.22912
1143 0.00517464 0.00948511 8.27158
1144 0.000753258 0.0160667 8.14817
1145 0.000753258 0.0156333 8.07063
1146 0.000753258 0.0152 7.99642
1147 0.000753258 0.0147667 7.92539
1148 0.000753258 0.0143333 7.85746
1149 0.00471711 0.0097056 8.08542
1150 0.000753258 0.0139 7.79248
1151 0.00427404 0.00989189 7.93988
1152 0.000753258 0.0134667 7.73032
1153 0.00382263 0.0100787 7.81762
1154 0.000753258 0.0130333 7.6709
1155 0.00335745 0.0102412 7.71162
1156 0.000753258 0.0126 7.61406
1157 0.00289684 0.0103809 7.62403
1158 0.000753258 0.0121667 7.55975
1159 0.00242584 0.0105037 7.55051
1160 0.00073712 0.0117337 7.50701
1161 0.00195857 0.0105965 7.49115
1162 0.000721592 0.0112893 7.45525
1163 0.00155893 0.0106301 7.44804
1164 0.000789165 0.0107954 7.4043
1165 0.00128394 0.0108812 7.44783
1166 0.0043182 0.0153523 8.49949
1167 0.00408442 0.0156445 8.49271
1168 0.00381397 0.0159035 8.47942
1169 0.0035526 0.0161454 8.47095
1170 0.00459769 0.0150997 8.52862
1171 0.00326738 0.0163932 8.46522
1172 0.00471346 0.014744 8.51017
1173 0.00295547 0.0165951 8.45326
1174 0.00489344 0.0144199 8.51698
1175 0.00263789 0.0167881 8.44515
1176 0.00506471 0.0140886 8.52639
1177 0.0023218 0.0169738 8.44215
1178 0.00517964 0.013737 8.5235
1179 0.00198416 0.0171047 8.43225
1180 0.00528127 0.0133807 8.52126
1181 0.00164459 0.0172588 8.43323
1182 0.00536703 0.0130185 8.51874
1183 0.00122233 0.017237 8.3984
1184 0.00543615 0.0126656 8.5164
1185 0.00548833 0.0122898 8.51195
1186 0.00547257 0.0119251 8.48865
1187 0.00545722 0.0115598 8.46777
1188 0.00540356 0.0111824 8.43454
1189 0.00534649 0.0108116 8.40002
1190 0.00533207 0.0104359 8.38302
1191 0.00510173 0.0100331 8.26682
1192 0.00116122 0.0167332 8.29455
1193 0.00113124 0.0162833 8.20719
1194 0.00113124 0.01585 8.12831
1195 0.00113124 0.0154167 8.05285
1196 0.00113124 0.0149833 7.98067
1197 0.00113124 0.01455 7.91163
1198 0.00113124 0.0141167 7.84563
1199 0.00463655 0.0102022 8.09008
1200 0.00113124 0.0136833 7.78251
1201 0.00418724 0.010376 7.95113
1202 0.00113124 0.01325 7.72215
1203 0.0037299 0.0105438 7.83294
1204 0.00113124 0.0128167 7.66443
1205 0.00324396 0.0106963 7.7277
1206 0.00113124 0.0123833 7.60923
1207 0.00275782 0.0108387 7.64178
1208 0.00111745 0.0119576 7.5564
1209 0.00226963 0.0109564 7.57166
1210 0.00108418 0.0115356 7.50488
1211 0.00176777 0.0110439 7.51356
1212 0.00140629 0.0113064 7.50518
1213 0.00105068 0.0111576 7.46048
1214 0.00392063 0.0152354 8.39819
1215 0.00370525 0.015535 8.40096
1216 0.00339288 0.0157009 8.36957
1217 0.00319844 0.0160048 8.38748
1218 0.00422431 0.0148539 8.40927
1219 0.00290204 0.0161556 8.3672
1220 0.00441786 0.0143828 8.39387
1221 0.00258748 0.0163572 8.35916
1222 0.00468166 0.0141037 8.42722
1223 0.00226761 0.0165465 8.35478
1224 0.00476254 0.0137851 8.41385
1225 0.00192937 0.0167253 8.35296
1226 0.00483995 0.0134352 8.40001
1227 0.00156588 0.0168793 8.35098
1228 0.00494316 0.0130917 8.39812
1229 0.00502607 0.012744 8.3943
1230 0.00516547 0.0124336 8.41536
1231 0.00510813 0.0121118 8.37586
1232 0.0050658 0.0117618 8.34044
1233 0.00509729 0.0114081 8.33164
1234 0.00492788 0.0110344 8.24999
1235 0.00497253 0.0105341 8.23996
1236 0.0015317 0.0165024 8.27574
1237 0.00151224 0.0160831 8.19672
1238 0.00150636 0.0156419 8.11819
1239 0.00150922 0.0152 8.04372
1240 0.00150922 0.0147667 7.97374
1241 0.00150922 0.0143333 7.90686
1242 0.00150922 0.0139 7.84294
1243 0.00455818 0.0106861 8.09694
1244 0.00150922 0.0134667 7.78184
1245 0.00408897 0.0108526 7.96045
1246 0.00150922 0.0130333 7.7234
1247 0.00361689 0.0110154 7.84648
1248 0.00150922 0.0126 7.66743
1249 0.00311411 0.0111683 7.74531
1250 0.00152415 0.0121645 7.61513
1251 0.00261949 0.0113055 7.66465
1252 0.0014728 0.0117437 7.56057
1253 0.00212812 0.0114276 7.6014
1254 0.00393035 0.0144677 8.29393
1255 0.00371447 0.0148685 8.30376
1256 0.00346677 0.0152469 8.31191
1257 0.0029383 0.0157221 8.29896
1258 0.0043807 0.0139064 8.32922
1259 0.0022339 0.0161128 8.27196
1260 0.00449442 0.0130841 8.27211
1261 0.00478032 0.0123572 8.29009
1262 0.00470129 0.0114784 8.20104
1263 0.00187211 0.0158746 8.19134
1264 0.00188311 0.0154293 8.11607
1265 0.00190058 0.0149928 8.0465
1266 0.00189778 0.0145554 7.97797
1267 0.0018872 0.0141167 7.91147
1268 0.0018872 0.0136833 7.84982
1269 0.0018872 0.01325 7.79092
1270 0.00396222 0.0113359 7.96628
1271 0.00186877 0.0128294 7.73404
1272 0.00348225 0.0115021 7.86036
1273 0.00191687 0.0123937 7.68506
1274 0.00297857 0.0116498 7.76703
1275 0.00194496 0.0119176 7.63172
1276 0.00247 0.0117891 7.69182
1277 0.00257949 0.0159138 8.28001
1278 0.00441419 0.0134953 8.29254
1279 0.00189041 0.0163151 8.27225
1280 0.00469409 0.011934 8.23138
1281 0.00443363 0.0111711 8.09142
1282 0.00346042 0.0144965 8.2022
1283 0.00325447 0.0149415 8.22804
1284 0.00223914 0.0156688 8.19536
1285 0.00228942 0.015221 8.12718
1286 0.00230576 0.0147884 8.06122
1287 0.00227223 0.0143375 7.98932
1288 0.00226518 0.0139 7.9258
1289 0.00226518 0.0134667 7.86664
1290 0.00223508 0.0130404 7.80699
1291 0.00386092 0.011833 7.98533
1292 0.00220109 0.0126593 7.75483
1293 0.00337253 0.0119993 7.88582
1294 0.00241254 0.0123005 7.74116
1295 0.00289004 0.0121261 7.80177
1296 0.00371068 0.0140624 8.19534
1297 0.00276658 0.0150257 8.16128
1298 0.00262937 0.0154739 8.21296
1299 0.00397218 0.0136553 8.20273
1300 0.00415407 0.0127155 8.14646
1301 0.00408281 0.0131629 8.17459
1302 0.00428731 0.0122198 8.13483
1303 0.00430387 0.01165 8.09072
1304 0.00302456 0.01429 8.09503
1305 0.00266539 0.0145491 8.07482
1306 0.00264711 0.0141044 8.00833
1307 0.00263908 0.0136656 7.94715
1308 0.00261625 0.0132235 7.88602
1309 0.00254428 0.012775 7.81885
1310 0.0037681 0.0123457 8.01241
1311 0.00324284 0.0125331 7.91565
1312 0.00333254 0.0140663 8.12029
1313 0.00344299 0.0136209 8.08419
1314 0.00371001 0.0132748 8.10019
1315 0.00371119 0.012823 8.04966
1316 0.00301558 0.0138554 8.03424
1317 0.00300894 0.0134059 7.97504
1318 0.00293717 0.012929 7.9035
1319 0.00333869 0.0130943 7.99986
1320 0.00174427 0.0115058 7.56195
1321 0.0040854 0.0141025 8.28258
