1 6.12323e-19 -0.01 0.303013
2 4.08216e-19 0.00533333 0.465094
3 6.12323e-19 0.01 0.412139
4 4.08216e-19 0.0186667 0.245093
5 0.0058742 0.0151525 0.187689
6 0.00956943 -0.00290274 0.188863
7 0.00555552 0.00831481 0.286884
8 0 0.00501389 0.467565
9 0 0.00469444 0.469919
10 0 0.004375 0.472072
11 0 0.00405556 0.474012
12 0 0.00373611 0.475752
13 0 0.00341667 0.47729
14 0 0.00309722 0.478617
15 0 0.00277778 0.479727
16 0 0.00245833 0.480613
17 0 0.00213889 0.48127
18 0 0.00181944 0.481693
19 0 0.0015 0.481877
20 0 0.00118056 0.481817
21 0 0.000861111 0.481509
22 0 0.000541667 0.480948
23 0 0.000222222 0.48013
24 0 -9.72222e-05 0.479052
25 0 -0.000416667 0.47771
26 0 -0.000736111 0.4761
27 0 -0.00105556 0.47422
28 0 -0.001375 0.472066
29 0 -0.00169444 0.469636
30 0 -0.00201389 0.466927
31 0 -0.00233333 0.463937
32 0 -0.00265278 0.460662
33 0 -0.00297222 0.457101
34 0 -0.00329167 0.453252
35 0 -0.00361111 0.449113
36 0 -0.00393056 0.444681
37 0 -0.00425 0.439955
38 0 -0.00456944 0.434934
39 0 -0.00488889 0.429615
40 0 -0.00520833 0.423998
41 0 -0.00552778 0.41808
42 0 -0.00584722 0.41186
43 0 -0.00616667 0.405338
44 0 -0.00648611 0.398511
45 0 -0.00680556 0.391379
46 0 -0.007125 0.383941
47 0 -0.00744444 0.376195
48 0 -0.00776389 0.36814
49 0 -0.00808333 0.359777
50 0 -0.00840278 0.351105
51 0 -0.00872222 0.342124
52 0 -0.00904167 0.332822
53 0 -0.00936111 0.323207
54 0 -0.00968056 0.31337
55 0.00965718 -0.00259595 0.186798
56 0.00973506 -0.0022866 0.184958
57 0.00980306 -0.00197484 0.183347
58 0.00986106 -0.00166116 0.181969
59 0.00990904 -0.00134569 0.180834
60 0.00994693 -0.00102885 0.179948
61 0.00997469 -0.000711061 0.179318
62 0.0099923 -0.00039245 0.178942
63 0.00999973 -7.35392e-05 0.178822
64 0.00999698 0.000245546 0.178964
65 0.00998406 0.000564381 0.179367
66 0.00996098 0.000882542 0.180032
67 0.00992775 0.0011999 0.180953
68 0.00988443 0.00151595 0.182129
69 0.00983103 0.00183054 0.183562
70 0.00976762 0.00214328 0.185247
71 0.00969429 0.00245373 0.187177
72 0.00961106 0.00276178 0.189346
73 0.00951808 0.00306693 0.191748
74 0.00941539 0.00336905 0.194384
75 0.0093031 0.00366774 0.197242
76 0.00918138 0.0039626 0.200315
77 0.00905028 0.00425352 0.203594
78 0.00891001 0.00454002 0.207073
79 0.00876062 0.00482199 0.210751
80 0.00860231 0.00509905 0.214618
81 0.00843529 0.00537083 0.218665
82 0.00825964 0.00563723 0.222888
83 0.00807563 0.00589781 0.227285
84 0.00788335 0.00615246 0.231862
85 0.00768304 0.00640085 0.236614
86 0.00747497 0.00664265 0.24155
87 0.00725923 0.00687776 0.246684
88 0.00703616 0.0071058 0.252042
89 0.00680586 0.00732668 0.257671
90 0.00656864 0.00754009 0.263654
91 0.0063248 0.00774577 0.270178
92 0.00607444 0.00794362 0.277783
93 0.00581799 0.00813333 0.287612
94 0.00537655 0.00805828 0.304812
95 0.00518586 0.00781058 0.320008
96 0.00498364 0.00757194 0.334002
97 0.00477064 0.00734323 0.347244
98 0.00454695 0.00712459 0.359848
99 0.00431341 0.0069168 0.371822
100 0.00407023 0.00672007 0.383177
101 0.00381808 0.00653496 0.393887
102 0.0035577 0.00636199 0.403926
103 0.00328933 0.00620131 0.413284
104 0.00301395 0.00605352 0.421923
105 0.0027317 0.0059187 0.429834
106 0.00244362 0.00579733 0.436984
107 0.00214999 0.00568953 0.443358
108 0.00185162 0.00559563 0.448931
109 0.00154937 0.00551587 0.453683
110 0.00124351 0.00545033 0.457605
111 0.000935184 0.00539925 0.460686
112 0.000624537 0.00536265 0.462927
113 0.00031271 0.00534067 0.464347
114 0.000319057 -0.00999491 0.302622
115 0.00063769 -0.00997965 0.302165
116 0.000955772 -0.00995422 0.301492
117 0.00127278 -0.00991867 0.300583
118 0.0015886 -0.00987301 0.299438
119 0.00190279 -0.0098173 0.298057
120 0.00221495 -0.00975161 0.296444
121 0.00252496 -0.00967598 0.294604
122 0.00283229 -0.00959052 0.292548
123 0.00313684 -0.00949527 0.290278
124 0.0034382 -0.00939036 0.287805
125 0.00373596 -0.00927591 0.285139
126 0.00403001 -0.00915199 0.282293
127 0.00431987 -0.0090188 0.279278
128 0.00460542 -0.00887638 0.276104
129 0.00488628 -0.00872492 0.272783
130 0.00516209 -0.00856463 0.269333
131 0.00543272 -0.00839557 0.265766
132 0.00569774 -0.00821802 0.262097
133 0.00595704 -0.00803204 0.258337
134 0.00621027 -0.00783789 0.254505
135 0.00645711 -0.00763582 0.25062
136 0.00669744 -0.00742592 0.246693
137 0.00693089 -0.00720852 0.24274
138 0.00715735 -0.00698371 0.238776
139 0.00737653 -0.0067518 0.23482
140 0.00758813 -0.00651308 0.230892
141 0.00779207 -0.00626766 0.227003
142 0.00798802 -0.00601594 0.223168
143 0.00817589 -0.00575802 0.219401
144 0.00835544 -0.00549423 0.215723
145 0.00852644 -0.00522493 0.212151
146 0.0086888 -0.00495023 0.208694
147 0.00884227 -0.00467058 0.205364
148 0.00898679 -0.00438608 0.202179
149 0.00912215 -0.00409712 0.199151
150 0.00924819 -0.00380408 0.196298
151 0.00936485 -0.00350707 0.193625
152 0.00947195 -0.00320659 0.191143
153 0 0.00968889 0.416471
154 0 0.00937778 0.420652
155 0 0.00906667 0.424748
156 0 0.00875556 0.428751
157 0 0.00844444 0.432648
158 0 0.00813333 0.436445
159 0 0.00782222 0.440136
160 0 0.00751111 0.443714
161 0 0.0072 0.447175
162 0 0.00688889 0.450514
163 0 0.00657778 0.453716
164 0 0.00626667 0.456775
165 0 0.00595556 0.459701
166 0 0.00564444 0.462578
167 0.00528048 0.00849215 0.300045
168 0.0049998 0.00866037 0.311786
169 0.00471378 0.00881931 0.323581
170 0.00442273 0.00896881 0.334719
171 0.00412694 0.0091087 0.345143
172 0.00382673 0.00923884 0.354832
173 0.00352242 0.00935909 0.363779
174 0.00321431 0.00946933 0.371982
175 0.00290274 0.00956943 0.379439
176 0.00258807 0.00965929 0.386131
177 0.00227064 0.0097388 0.392062
178 0.0019508 0.00980787 0.397224
179 0.00162888 0.00986644 0.40161
180 0.00130523 0.00991445 0.405215
181 0.000980167 0.00995185 0.408048
182 0.000654048 0.00997859 0.410118
183 0.000327211 0.00999465 0.411429
184 0.00571997 0.0154244 0.19045
185 0.00555323 0.0156886 0.193408
186 0.0053743 0.0159448 0.196526
187 0.00518354 0.0161923 0.199778
188 0.00498133 0.0164307 0.203125
189 0.00476821 0.0166592 0.206533
190 0.00454467 0.0168775 0.209965
191 0.00431114 0.0170851 0.213391
192 0.00406807 0.0172816 0.216777
193 0.00381602 0.0174665 0.220091
194 0.00355568 0.0176393 0.223298
195 0.00328755 0.0177997 0.226372
196 0.00301217 0.0179474 0.229284
197 0.00273008 0.018082 0.232007
198 0.00244202 0.0182033 0.234517
199 0.00214868 0.0183109 0.236789
200 0.00185063 0.0184047 0.238805
201 0.00154844 0.0184843 0.24055
202 0.00124279 0.0185498 0.242012
203 0.000934485 0.0186008 0.24317
204 0.000624188 0.0186374 0.244032
205 0.000312493 0.0186593 0.24461
206 0.00572216 0.00857928 0.260656
207 0.00587616 0.00885116 0.242249
208 0.00601724 0.00912993 0.228842
209 0.00614513 0.00941507 0.218387
210 0.00625954 0.00970595 0.209844
211 0.00636017 0.0100018 0.202735
212 0.00644681 0.010302 0.19677
213 0.00651929 0.010606 0.191777
214 0.00657746 0.010913 0.187625
215 0.00662118 0.0112226 0.18423
216 0.00665034 0.0115337 0.18152
217 0.00666488 0.0118458 0.179441
218 0.00666479 0.0121583 0.177946
219 0.00665004 0.0124705 0.176996
220 0.00662068 0.0127817 0.176555
221 0.00657679 0.013091 0.176594
222 0.00651845 0.013398 0.177079
223 0.00644577 0.0137019 0.177981
224 0.00635891 0.0140022 0.17927
225 0.00625809 0.014298 0.180916
226 0.00614355 0.0145887 0.18289
227 0.00601551 0.0148737 0.185155
228 0 0.0183457 0.253546
229 0 0.0180247 0.26157
230 0 0.0177037 0.269483
231 0 0.0173827 0.277211
232 0 0.0170617 0.284747
233 0 0.0167407 0.292095
234 0 0.0164198 0.29926
235 0 0.0160988 0.306245
236 0 0.0157778 0.313057
237 0 0.0154568 0.319702
238 0 0.0151358 0.326185
239 0 0.0148148 0.332512
240 0 0.0144938 0.338688
241 0 0.0141728 0.34472
242 0 0.0138519 0.350613
243 0 0.0135309 0.356373
244 0 0.0132099 0.362004
245 0 0.0128889 0.367512
246 0 0.0125679 0.372902
247 0 0.0122469 0.378178
248 0 0.0119259 0.383344
249 0 0.0116049 0.388405
250 0 0.011284 0.393366
251 0 0.010963 0.398224
252 0 0.010642 0.402963
253 0 0.010321 0.407575
254 0.00515455 0.00069924 0.396294
255 0.00405902 -0.00411405 0.392671
256 0.00587898 -0.00140444 0.3664
257 0.00573714 7.12375e-05 0.376508
258 0.00420339 0.00423174 0.408255
259 0.00199598 -0.00948972 0.307312
260 0.00169307 -0.00955587 0.308484
261 0.00138618 -0.00960261 0.30976
262 0.00230534 -0.00941435 0.305797
263 0.00106426 -0.00963058 0.31118
264 0.00261465 -0.00933879 0.303721
265 0.00074001 -0.00965888 0.312016
266 0.00290423 -0.0092587 0.301547
267 0.000399674 -0.00968844 0.312277
268 0.00319363 -0.00916409 0.299309
269 0.00347701 -0.00905262 0.29718
270 0.00377046 -0.00892906 0.294682
271 0.00406384 -0.00880533 0.291648
272 0.000273795 -0.00919152 0.327899
273 0.00433912 -0.00867972 0.288576
274 0.000290103 -0.0088878 0.336853
275 0.00460791 -0.00853967 0.285593
276 0.000276647 -0.0085625 0.346191
277 0.00486988 -0.00838598 0.282696
278 0.000276647 -0.00824306 0.355019
279 0.00513997 -0.00821737 0.279487
280 0.000276647 -0.00792361 0.363538
281 0.00540997 -0.0080486 0.275774
282 0.000276647 -0.00760417 0.371747
283 0.00566127 -0.00788157 0.272116
284 0.000276647 -0.00728472 0.379647
285 0.00590443 -0.00769953 0.26866
286 0.000276647 -0.00696528 0.387239
287 0.00613928 -0.00750669 0.265314
288 0.000276647 -0.00664583 0.394523
289 0.00637916 -0.00729732 0.26174
290 0.000276647 -0.00632639 0.401502
291 0.00661891 -0.0070878 0.257702
292 0.000276647 -0.00600694 0.408176
293 0.00684064 -0.00688305 0.253795
294 0.000276647 -0.0056875 0.414546
295 0.00705234 -0.00666521 0.250162
296 0.000276647 -0.00536806 0.420614
297 0.00725302 -0.00643705 0.246794
298 0.000276647 -0.00504861 0.42638
299 0.00745659 -0.00619223 0.243239
300 0.000276647 -0.00472917 0.431847
301 0.00766002 -0.00594728 0.23926
302 0.000276647 -0.00440972 0.437016
303 0.00784653 -0.00571004 0.23547
304 0.000276647 -0.00409028 0.441888
305 0.00802037 -0.00546091 0.232096
306 0.000276647 -0.00377083 0.446466
307 0.00818286 -0.00520419 0.229009
308 0.000276647 -0.00345139 0.45075
309 0.00834495 -0.00493013 0.225857
310 0.000276647 -0.00313194 0.454742
311 0.00850688 -0.00465598 0.222318
312 0.000276647 -0.0028125 0.458446
313 0.00865303 -0.00439089 0.219043
314 0.000276647 -0.00249306 0.461862
315 0.00878599 -0.0041182 0.216186
316 0.000276647 -0.00217361 0.464992
317 0.0089051 -0.00383858 0.213784
318 0.000276647 -0.00185417 0.46784
319 0.00902184 -0.00354187 0.211369
320 0.000276647 -0.00153472 0.470408
321 0.00913878 -0.00324571 0.208574
322 0.000276647 -0.00121528 0.472697
323 0.00923947 -0.00296101 0.20617
324 0.000276647 -0.000895833 0.474711
325 0.00932747 -0.00267101 0.204174
326 0.000276647 -0.000576389 0.476454
327 0.00940082 -0.002375 0.202701
328 0.000276647 -0.000256944 0.477926
329 0.00946855 -0.00206181 0.20134
330 0.000276647 6.25e-05 0.479134
331 0.00953677 -0.00174827 0.199608
332 0.000276647 0.000381944 0.480078
333 0.00959406 -0.00144791 0.198074
334 0.000276647 0.000701389 0.480764
335 0.00963522 -0.00114617 0.197131
336 0.000276647 0.00102083 0.481195
337 0.00966051 -0.000844581 0.19677
338 0.000276647 0.00134028 0.481375
339 0.00967818 -0.000526667 0.19657
340 0.000276647 0.00165972 0.481309
341 0.00969566 -0.000208742 0.196052
342 0.000276647 0.00197917 0.481001
343 0.00970337 9.37299e-05 0.195757
344 0.000276647 0.00229861 0.480456
345 0.0096953 0.000396725 0.196053
346 0.000276647 0.00261806 0.479679
347 0.00967214 0.000699553 0.196901
348 0.000276647 0.0029375 0.478676
349 0.00963908 0.00101624 0.197967
350 0.000276647 0.00325694 0.477453
351 0.00960583 0.0013329 0.198715
352 0.000276647 0.00357639 0.476014
353 0.00956553 0.00163279 0.199614
354 0.000276647 0.00389583 0.474364
355 0.00950941 0.00193068 0.201106
356 0.000283537 0.0042235 0.472447
357 0.00943851 0.00222596 0.203134
358 0.000298891 0.00455141 0.470296
359 0.00935556 0.00253337 0.205425
360 0.000276647 0.00485417 0.468222
361 0.00927243 0.00284073 0.207392
362 0.000223946 0.00512656 0.466275
363 0.00918554 0.00312969 0.209408
364 0.00908218 0.00341526 0.212042
365 0.00048796 0.00510253 0.465639
366 0.00896556 0.00369594 0.215127
367 0.000799326 0.00510034 0.464051
368 0.00883483 0.00398627 0.218522
369 0.00112729 0.00515545 0.461146
370 0.00870392 0.00427652 0.221582
371 0.001449 0.00523392 0.457284
372 0.00857158 0.00454866 0.224633
373 0.00175957 0.00531276 0.452754
374 0.00842512 0.00481406 0.228192
375 0.00207531 0.00539364 0.447341
376 0.00826526 0.00507222 0.232227
377 0.00238212 0.00549778 0.441062
378 0.00809007 0.00533809 0.236579
379 0.00268474 0.00562754 0.433818
380 0.00791472 0.00560386 0.240597
381 0.00297907 0.00575457 0.425979
382 0.00774168 0.00585143 0.244507
383 0.00327021 0.00589764 0.417256
384 0.00755423 0.00609043 0.248974
385 0.00355088 0.00606079 0.40778
386 0.00735539 0.00631989 0.253883
387 0.00382013 0.00623619 0.397692
388 0.00714018 0.00655456 0.259177
389 0.0040945 0.00641578 0.386581
390 0.00692484 0.00678909 0.264217
391 0.00435122 0.00661291 0.374986
392 0.00670944 0.00700989 0.269338
393 0.00459459 0.00683221 0.362714
394 0.00648142 0.00721757 0.275192
395 0.00483343 0.00704735 0.349835
396 0.0062291 0.00741982 0.282262
397 0.00506064 0.00727474 0.336359
398 0.00595786 0.00763121 0.290125
399 0.00527319 0.00751851 0.322316
400 0.00566956 0.00790535 0.296989
401 0.00023437 -0.00944605 0.320216
402 0.00542544 0.00775161 0.310477
403 0.00208532 -0.00918388 0.315577
404 0.0017895 -0.00925314 0.316803
405 0.00148723 -0.00930618 0.318063
406 0.00117862 -0.00934265 0.319347
407 0.00238358 -0.00910819 0.313991
408 0.000847024 -0.00936131 0.320751
409 0.0026762 -0.00902818 0.312092
410 0.000529417 -0.00939983 0.320885
411 0.00295815 -0.0089408 0.310077
412 0.00323848 -0.00884362 0.307894
413 0.00351662 -0.00873647 0.305559
414 0.00380989 -0.00861288 0.302873
415 0.00407761 -0.00848837 0.300272
416 0.000610846 -0.00907368 0.330475
417 0.0043427 -0.00835781 0.297438
418 0.000553371 -0.00872446 0.340845
419 0.00460271 -0.00821739 0.294545
420 0.000553192 -0.00840278 0.349897
421 0.00485877 -0.00806755 0.291559
422 0.000553192 -0.00808333 0.358572
423 0.00512867 -0.00789894 0.2882
424 0.000553192 -0.00776389 0.366937
425 0.00537307 -0.00773363 0.285037
426 0.000553192 -0.00744444 0.374991
427 0.0056137 -0.00756292 0.281697
428 0.000553192 -0.007125 0.382736
429 0.00584764 -0.00738118 0.278422
430 0.000553192 -0.00680556 0.390172
431 0.00607772 -0.00719407 0.274986
432 0.000553192 -0.00648611 0.397302
433 0.00631742 -0.00698473 0.271292
434 0.000553192 -0.00616667 0.404127
435 0.00653387 -0.00678387 0.267813
436 0.000553192 -0.00584722 0.410647
437 0.0067434 -0.00657584 0.264356
438 0.000553192 -0.00552778 0.416864
439 0.00694619 -0.00636042 0.26093
440 0.000553192 -0.00520833 0.42278
441 0.00714258 -0.00613818 0.257517
442 0.000553192 -0.00488889 0.428394
443 0.00734597 -0.00589342 0.253863
444 0.000553192 -0.00456944 0.43371
445 0.00752642 -0.00565979 0.250565
446 0.000553192 -0.00425 0.438728
447 0.00770146 -0.00542215 0.247213
448 0.000553192 -0.00393056 0.44345
449 0.00786656 -0.00517624 0.244093
450 0.000553192 -0.00361111 0.447878
451 0.00802635 -0.00492665 0.240925
452 0.000553192 -0.00329167 0.452013
453 0.00818827 -0.00465269 0.237682
454 0.000553192 -0.00297222 0.455858
455 0.00833081 -0.00439371 0.234758
456 0.000553192 -0.00265278 0.459414
457 0.00846446 -0.00412998 0.231997
458 0.000553192 -0.00233333 0.462683
459 0.00858873 -0.0038613 0.229436
460 0.000553192 -0.00201389 0.465668
461 0.00870641 -0.00358909 0.226924
462 0.000553192 -0.00169444 0.468371
463 0.00881746 -0.00330018 0.224612
464 0.000553192 -0.001375 0.470795
465 0.00891943 -0.00301641 0.222373
466 0.000553192 -0.00105556 0.472942
467 0.00901138 -0.00273391 0.220323
468 0.000553192 -0.000736111 0.474815
469 0.00909161 -0.0024487 0.218602
470 0.000553192 -0.000416667 0.476416
471 0.00916389 -0.00215985 0.217028
472 0.000553192 -9.72222e-05 0.47775
473 0.00923171 -0.00184609 0.215548
474 0.000553192 0.000222222 0.478819
475 0.0092869 -0.00155288 0.214292
476 0.000553192 0.000541667 0.479628
477 0.00933295 -0.00125945 0.213233
478 0.000553192 0.000861111 0.480178
479 0.00936835 -0.000965555 0.212463
480 0.000553192 0.00118056 0.480476
481 0.00939377 -0.000670309 0.211953
482 0.000553192 0.0015 0.480525
483 0.00941133 -0.000352551 0.21162
484 0.000553192 0.00181944 0.480329
485 0.00941686 -5.71659e-05 0.211606
486 0.000553192 0.00213889 0.479893
487 0.00941567 0.000238152 0.211679
488 0.000553192 0.00245833 0.479222
489 0.00940301 0.000533364 0.212099
490 0.000553192 0.00277778 0.478322
491 0.00938109 0.000829237 0.212742
492 0.000553192 0.00309722 0.477197
493 0.00934796 0.00114575 0.213645
494 0.000553192 0.00341667 0.475854
495 0.0093069 0.00143826 0.214757
496 0.00055829 0.0037459 0.474221
497 0.00925875 0.00172965 0.215978
498 0.000550201 0.00406264 0.472498
499 0.00919828 0.00201914 0.217593
500 0.000574758 0.00439455 0.470349
501 0.00913056 0.00230776 0.219318
502 0.000621212 0.00476067 0.467644
503 0.00904756 0.00261499 0.22142
504 0.00896196 0.00289755 0.223551
505 0.00886677 0.00317693 0.22593
506 0.00876118 0.00345354 0.228591
507 0.00864852 0.00372778 0.231351
508 0.00100043 0.00482953 0.464728
509 0.00851777 0.00401792 0.234541
510 0.00134326 0.00491079 0.461021
511 0.00838678 0.00428273 0.237746
512 0.00167468 0.00501029 0.456408
513 0.00824985 0.00454446 0.240998
514 0.00199709 0.00508459 0.451261
515 0.00810179 0.0048005 0.244594
516 0.0023187 0.00517903 0.445128
517 0.0079472 0.00505329 0.248267
518 0.00263265 0.00530013 0.438055
519 0.00777202 0.00531897 0.252428
520 0.00294049 0.00543664 0.430124
521 0.00760197 0.00556174 0.256418
522 0.00325105 0.0055755 0.421252
523 0.00742335 0.00579676 0.260675
524 0.00354877 0.00573573 0.411616
525 0.00723714 0.00602638 0.265123
526 0.00383553 0.00591452 0.401227
527 0.0070359 0.0062557 0.270021
528 0.00411656 0.00609883 0.390095
529 0.00682921 0.00648516 0.274925
530 0.00439409 0.00629046 0.378127
531 0.00661956 0.00670192 0.280016
532 0.00465232 0.00650619 0.365639
533 0.0063993 0.00691014 0.28562
534 0.00490211 0.00673395 0.352433
535 0.00616301 0.00710817 0.292082
536 0.0051559 0.00696318 0.338189
537 0.00591615 0.00730767 0.298931
538 0.00537786 0.00722049 0.323963
539 0.00561875 0.00750853 0.307695
540 0.00216678 -0.00887681 0.32364
541 0.00188075 -0.00895017 0.324847
542 0.00159292 -0.00902051 0.325672
543 0.00128646 -0.009055 0.327221
544 0.000972634 -0.00908212 0.328495
545 0.0024519 -0.0087995 0.322073
546 0.00272981 -0.00871666 0.320291
547 0.00300417 -0.00862569 0.318333
548 0.00327826 -0.00852532 0.316184
549 0.00355254 -0.00841695 0.313786
550 0.00382231 -0.00829764 0.311316
551 0.00408407 -0.00817333 0.308702
552 0.00433983 -0.00804032 0.306024
553 0.00083565 -0.00855786 0.344386
554 0.00459254 -0.00789737 0.303249
555 0.000829736 -0.00824306 0.35312
556 0.00484508 -0.00774659 0.300244
557 0.000829736 -0.00792361 0.361639
558 0.00509093 -0.00758572 0.297245
559 0.000829736 -0.00760417 0.369848
560 0.00532951 -0.00742121 0.294127
561 0.000829736 -0.00728472 0.377745
562 0.00556051 -0.00725038 0.290986
563 0.000829736 -0.00696528 0.385333
564 0.00578822 -0.00706881 0.287802
565 0.000829736 -0.00664583 0.392614
566 0.00601412 -0.00687956 0.284449
567 0.000829736 -0.00632639 0.399589
568 0.00623071 -0.00668128 0.281218
569 0.000829736 -0.00600694 0.406259
570 0.00644019 -0.00648101 0.277895
571 0.000829736 -0.0056875 0.412625
572 0.00664167 -0.00627582 0.274598
573 0.000829736 -0.00536806 0.418688
574 0.00683688 -0.00606013 0.271386
575 0.000829736 -0.00504861 0.42445
576 0.007029 -0.00583719 0.268069
577 0.000829736 -0.00472917 0.429911
578 0.00721211 -0.00560772 0.26487
579 0.000829736 -0.00440972 0.435074
580 0.0073873 -0.00537682 0.261672
581 0.000829736 -0.00409028 0.43994
582 0.0075531 -0.00514129 0.258611
583 0.000829736 -0.00377083 0.44451
584 0.00771184 -0.00489837 0.255645
585 0.000829736 -0.00345139 0.448787
586 0.00786639 -0.00464752 0.252654
587 0.000829736 -0.00313194 0.452772
588 0.00801068 -0.00439144 0.249869
589 0.000829736 -0.0028125 0.456467
590 0.00814671 -0.00413516 0.247143
591 0.000829736 -0.00249306 0.459874
592 0.00827367 -0.00387641 0.244562
593 0.000829736 -0.00217361 0.462995
594 0.00839093 -0.00361078 0.242223
595 0.000829736 -0.00185417 0.465832
596 0.00850473 -0.00333955 0.239808
597 0.000829736 -0.00153472 0.468388
598 0.00860554 -0.00306426 0.237766
599 0.000829736 -0.00121528 0.470666
600 0.00869848 -0.00279052 0.2358
601 0.000829736 -0.000895833 0.472667
602 0.00878159 -0.0025145 0.23406
603 0.000829736 -0.000576389 0.474396
604 0.00885701 -0.00223305 0.232468
605 0.000829736 -0.000256944 0.475854
606 0.00892671 -0.00194438 0.230929
607 0.000829736 6.25e-05 0.477046
608 0.00898308 -0.00165275 0.229801
609 0.000829736 0.000381944 0.477974
610 0.00903263 -0.0013644 0.228721
611 0.000829736 0.000701389 0.478642
612 0.00907199 -0.00107929 0.227882
613 0.000829736 0.00102083 0.479054
614 0.00910205 -0.000790188 0.227273
615 0.000829736 0.00134028 0.479214
616 0.00912516 -0.000496451 0.226766
617 0.000829736 0.00165972 0.479127
618 0.00913401 -0.000202498 0.226735
619 0.000829736 0.00197917 0.478796
620 0.00913613 8.70488e-05 0.226783
621 0.000829736 0.00229861 0.478227
622 0.00912945 0.000374917 0.227031
623 0.000829736 0.00261806 0.477426
624 0.00911276 0.000664637 0.227542
625 0.000829736 0.0029375 0.476396
626 0.00908806 0.000958177 0.228199
627 0.000829736 0.00325694 0.475145
628 0.00905091 0.00124981 0.229242
629 0.000840226 0.003597 0.473507
630 0.00900758 0.00153608 0.23036
631 0.000842851 0.00393132 0.471709
632 0.00895385 0.00181916 0.231772
633 0.000800166 0.00421579 0.470268
634 0.00889126 0.00210229 0.23338
635 0.000898766 0.00449819 0.467817
636 0.00881922 0.00238805 0.235189
637 0.00873684 0.00266998 0.23728
638 0.00864867 0.00294617 0.239439
639 0.00855224 0.00321762 0.24179
640 0.0084448 0.00348714 0.244446
641 0.00832906 0.00375796 0.247225
642 0.00123468 0.00456594 0.464629
643 0.00820267 0.00402331 0.250312
644 0.00157449 0.00467203 0.460261
645 0.00807136 0.00428149 0.25345
646 0.00190898 0.00477402 0.45509
647 0.00793259 0.00453403 0.256754
648 0.00224923 0.0048492 0.449139
649 0.00778353 0.00478312 0.260331
650 0.00257725 0.00496179 0.442207
651 0.0076264 0.00503169 0.264027
652 0.00289936 0.00510741 0.43421
653 0.00745915 0.0052743 0.268019
654 0.00322375 0.00524619 0.425312
655 0.00728812 0.00550905 0.272054
656 0.00353914 0.00539507 0.41563
657 0.00711068 0.00573714 0.276251
658 0.00383769 0.00557516 0.405186
659 0.0069223 0.00596028 0.280802
660 0.0041287 0.0057694 0.393922
661 0.00672769 0.00618271 0.285429
662 0.00443085 0.00595523 0.381502
663 0.00652505 0.00640133 0.290294
664 0.00470865 0.00616811 0.368656
665 0.0063231 0.00660979 0.295164
666 0.00496634 0.00640623 0.355308
667 0.00609546 0.00680408 0.301348
668 0.00522699 0.00663752 0.341124
669 0.00585778 0.00697624 0.308309
670 0.00550808 0.00687732 0.325163
671 0.00081449 -0.00884131 0.336381
672 0.00223225 -0.00856835 0.33162
673 0.00195573 -0.00864374 0.332843
674 0.00167958 -0.00871983 0.333582
675 0.00141513 -0.00881639 0.33317
676 0.00112307 -0.008752 0.337223
677 0.00250378 -0.00848881 0.330128
678 0.00277408 -0.00840408 0.328352
679 0.00304349 -0.00831248 0.326336
680 0.00331114 -0.00821268 0.32413
681 0.00357398 -0.00810224 0.321862
682 0.00383124 -0.00798285 0.319515
683 0.00408229 -0.00785748 0.317041
684 0.00432972 -0.00772476 0.314428
685 0.00112117 -0.00840452 0.347015
686 0.00457551 -0.00758375 0.311657
687 0.0011246 -0.00808585 0.355647
688 0.00481621 -0.00743329 0.308845
689 0.00112377 -0.00776922 0.363945
690 0.00505029 -0.00727425 0.306024
691 0.00111598 -0.0074489 0.372074
692 0.00527739 -0.00710972 0.303145
693 0.00110628 -0.007125 0.379987
694 0.00550101 -0.00694003 0.300109
695 0.00110628 -0.00680556 0.387419
696 0.00572123 -0.00676195 0.29699
697 0.00110628 -0.00648611 0.394544
698 0.00593529 -0.00657425 0.293908
699 0.00110628 -0.00616667 0.401364
700 0.00614108 -0.00637996 0.290879
701 0.00110628 -0.00584722 0.407878
702 0.00633978 -0.00618186 0.28782
703 0.00110628 -0.00552778 0.414089
704 0.00653292 -0.00597841 0.28472
705 0.00110628 -0.00520833 0.419997
706 0.00672194 -0.00576743 0.281574
707 0.00110628 -0.00488889 0.425604
708 0.00690337 -0.00554919 0.278513
709 0.00110628 -0.00456944 0.430911
710 0.00707579 -0.00532487 0.275582
711 0.00110628 -0.00425 0.43592
712 0.00723965 -0.00509782 0.27272
713 0.00110628 -0.00393056 0.440633
714 0.00739846 -0.00486561 0.269833
715 0.00110628 -0.00361111 0.44505
716 0.00755199 -0.00462713 0.266953
717 0.00110628 -0.00329167 0.449174
718 0.00769669 -0.00438286 0.264227
719 0.00110628 -0.00297222 0.453006
720 0.00783127 -0.00413327 0.261718
721 0.00110628 -0.00265278 0.45655
722 0.00795671 -0.00388241 0.259339
723 0.00110628 -0.00233333 0.459805
724 0.00807615 -0.00362825 0.256984
725 0.00110628 -0.00201389 0.462776
726 0.00818956 -0.00336887 0.254682
727 0.00110628 -0.00169444 0.465463
728 0.00829334 -0.00310488 0.252595
729 0.00110628 -0.001375 0.46787
730 0.00838696 -0.0028391 0.25073
731 0.00110628 -0.00105556 0.469998
732 0.00847086 -0.00257195 0.249075
733 0.00110628 -0.000736111 0.471852
734 0.00854846 -0.00230117 0.247487
735 0.00110628 -0.000416667 0.473433
736 0.00861927 -0.00202438 0.246007
737 0.00110628 -9.72222e-05 0.474744
738 0.00868282 -0.00174343 0.24464
739 0.00110628 0.000222222 0.47579
740 0.00873145 -0.00146299 0.243747
741 0.00110628 0.000541667 0.476573
742 0.00877338 -0.00118467 0.242918
743 0.00110628 0.000861111 0.477097
744 0.00880982 -0.00090636 0.24211
745 0.00110628 0.00118056 0.477366
746 0.00883788 -0.000623974 0.241484
747 0.00110628 0.0015 0.477384
748 0.00885227 -0.000338633 0.241305
749 0.00110628 0.00181944 0.477156
750 0.00885444 -5.67874e-05 0.241493
751 0.00110628 0.00213889 0.476686
752 0.00885121 0.000223599 0.241705
753 0.00110628 0.00245833 0.475979
754 0.00884271 0.000503042 0.241938
755 0.00110628 0.00277778 0.47504
756 0.00882565 0.000786693 0.242355
757 0.00110628 0.00309722 0.473876
758 0.00879438 0.00107035 0.243247
759 0.0011194 0.00344001 0.472273
760 0.00875175 0.00134903 0.244482
761 0.00112852 0.00379429 0.470392
762 0.0087041 0.00162549 0.24573
763 0.00111954 0.00418623 0.468188
764 0.00864876 0.0019009 0.247124
765 0.00858509 0.00217723 0.248682
766 0.00851134 0.00245121 0.250507
767 0.00842713 0.00272143 0.252627
768 0.00833568 0.00298664 0.254894
769 0.0082373 0.00324984 0.257267
770 0.00813067 0.0035126 0.259792
771 0.00801381 0.0037712 0.262601
772 0.00147737 0.00432583 0.46381
773 0.00788812 0.0040246 0.265636
774 0.00181107 0.00443946 0.458938
775 0.00775586 0.00427193 0.268805
776 0.00214632 0.00453094 0.453333
777 0.0076176 0.00451641 0.272042
778 0.00252341 0.00458483 0.446373
779 0.00747027 0.00475853 0.275487
780 0.00285555 0.00477253 0.438152
781 0.00731351 0.0049956 0.279193
782 0.00318446 0.00491768 0.429418
783 0.00714768 0.00522635 0.283171
784 0.00352147 0.00505294 0.419636
785 0.00697651 0.00545054 0.287263
786 0.00383609 0.00522169 0.409183
787 0.00679796 0.00567139 0.291523
788 0.0041353 0.00542628 0.397874
789 0.0066139 0.0058901 0.29586
790 0.00443851 0.00562 0.385664
791 0.0064212 0.00610223 0.300511
792 0.00477553 0.00579544 0.371599
793 0.00622159 0.00630976 0.305386
794 0.00503654 0.00607508 0.357819
795 0.00605397 0.00653366 0.308416
796 0.00527946 0.00630387 0.344707
797 0.00579257 0.00666015 0.317255
798 0.00554108 0.00650215 0.330684
799 0.00226814 -0.00825931 0.33969
800 0.0019871 -0.00833832 0.341001
801 0.00170493 -0.00842421 0.341656
802 0.00491065 0.000805479 0.403876
803 0.00254467 -0.00817915 0.338003
804 0.00281374 -0.00809298 0.336136
805 0.00307594 -0.00800076 0.334109
806 0.0033344 -0.00790189 0.331904
807 0.0035863 -0.00778984 0.329759
808 0.00383099 -0.00766843 0.327603
809 0.00407275 -0.00754357 0.325206
810 0.00431273 -0.00741407 0.322578
811 0.00141621 -0.00824205 0.349277
812 0.00454945 -0.00727428 0.319897
813 0.00142648 -0.00793454 0.357397
814 0.00477846 -0.00712253 0.317325
815 0.00141343 -0.00761582 0.365699
816 0.00499971 -0.00696329 0.314771
817 0.00138888 -0.00728799 0.374002
818 0.00521833 -0.00680064 0.312006
819 0.00138283 -0.00696528 0.381712
820 0.00543501 -0.00663466 0.309011
821 0.00138283 -0.00664583 0.388988
822 0.00564669 -0.00645948 0.306016
823 0.00138283 -0.00632639 0.395957
824 0.0058488 -0.00627341 0.303214
825 0.00138283 -0.00600694 0.40262
826 0.00604194 -0.0060815 0.300494
827 0.00138283 -0.0056875 0.408978
828 0.00623167 -0.00588643 0.297621
829 0.00138283 -0.00536806 0.415032
830 0.00641911 -0.00568842 0.294556
831 0.00138283 -0.00504861 0.420784
832 0.00660027 -0.00548175 0.291557
833 0.00138283 -0.00472917 0.426235
834 0.00677016 -0.00526595 0.288833
835 0.00138283 -0.00440972 0.431387
836 0.00693033 -0.00504555 0.286256
837 0.00138283 -0.00409028 0.43624
838 0.00708691 -0.00482291 0.283555
839 0.00138283 -0.00377083 0.440797
840 0.00724069 -0.00459782 0.280706
841 0.00138283 -0.00345139 0.44506
842 0.00738669 -0.00436473 0.278002
843 0.00138283 -0.00313194 0.449029
844 0.0075202 -0.00412435 0.275644
845 0.00138283 -0.0028125 0.452708
846 0.00764263 -0.00388061 0.27353
847 0.00138283 -0.00249306 0.456097
848 0.00776062 -0.00363535 0.271352
849 0.00138283 -0.00217361 0.459199
850 0.00787563 -0.00338848 0.269052
851 0.00138283 -0.00185417 0.462016
852 0.00798441 -0.00313654 0.266818
853 0.00138283 -0.00153472 0.464551
854 0.00807803 -0.00287879 0.265077
855 0.00138283 -0.00121528 0.466806
856 0.00816068 -0.00261992 0.263599
857 0.00138283 -0.000895833 0.468782
858 0.00823902 -0.00236 0.262078
859 0.00138283 -0.000576389 0.470484
860 0.00831337 -0.00209682 0.260518
861 0.00138283 -0.000256944 0.471914
862 0.00837965 -0.00182673 0.259137
863 0.00138283 6.25e-05 0.473076
864 0.0084324 -0.00155293 0.258178
865 0.00138283 0.000381944 0.473972
866 0.00847394 -0.00128155 0.257502
867 0.00138283 0.000701389 0.474605
868 0.00851197 -0.00101211 0.256744
869 0.00138283 0.00102083 0.474981
870 0.00855103 -0.00074515 0.255685
871 0.00138283 0.00134028 0.475102
872 0.00857691 -0.000465012 0.25507
873 0.00138283 0.00165972 0.474973
874 0.00857473 -0.000192146 0.255603
875 0.00138283 0.00197917 0.474599
876 0.00857035 8.0585e-05 0.256007
877 0.00138283 0.00229861 0.473983
878 0.00856511 0.000350885 0.256215
879 0.00138283 0.00261806 0.473133
880 0.00856309 0.00062045 0.256028
881 0.00138283 0.0029375 0.472052
882 0.00854216 0.000901451 0.256533
883 0.00139946 0.0032749 0.470501
884 0.00849658 0.00117074 0.25806
885 0.00141142 0.00361573 0.468725
886 0.00845031 0.0014394 0.259386
887 0.0014243 0.00397262 0.466601
888 0.00840094 0.00170732 0.260631
889 0.00834675 0.00197483 0.261879
890 0.00828172 0.00224202 0.263427
891 0.00820318 0.00250534 0.265423
892 0.00811523 0.00276319 0.267681
893 0.00802295 0.00301939 0.269923
894 0.00792706 0.0032748 0.272106
895 0.00782075 0.00352836 0.274567
896 0.00770143 0.00377577 0.27747
897 0.00172802 0.00411288 0.462216
898 0.00757344 0.00401658 0.280617
899 0.00203974 0.0042101 0.457249
900 0.00744184 0.00425487 0.283727
901 0.00233862 0.00426102 0.452074
902 0.00730687 0.00449183 0.286778
903 0.00286858 0.00444099 0.440599
904 0.00716144 0.00472528 0.290126
905 0.00315454 0.00459313 0.433005
906 0.00700368 0.00495105 0.293916
907 0.00347664 0.00471882 0.424007
908 0.00683729 0.00516912 0.297991
909 0.00384433 0.00482883 0.413048
910 0.00666495 0.00538621 0.302137
911 0.00414145 0.00508123 0.40161
912 0.0064878 0.00560394 0.306285
913 0.00442852 0.00527463 0.390257
914 0.00630787 0.00582216 0.310359
915 0.00470651 0.00542624 0.378962
916 0.0060876 0.0060411 0.315983
917 0.00515134 0.00577392 0.357993
918 0.00585675 0.00629632 0.321233
919 0.00537655 0.00598836 0.345992
920 0.00556223 0.0062021 0.335031
921 0.00263158 0.00426466 0.446697
922 0.00497318 0.0055362 0.367982
923 0.0023161 -0.00795579 0.347152
924 0.002021 -0.00802907 0.348937
925 0.00172317 -0.00811722 0.349835
926 0.00258865 -0.00786834 0.345557
927 0.00285072 -0.00777808 0.343753
928 0.00310238 -0.00769685 0.341483
929 0.00335043 -0.00759839 0.339334
930 0.00358604 -0.00747618 0.337649
931 0.00382145 -0.00735473 0.335575
932 0.00405699 -0.00723334 0.333126
933 0.00429181 -0.00711086 0.330349
934 0.00451702 -0.00696991 0.327889
935 0.00175059 -0.00777828 0.358463
936 0.00472738 -0.00681298 0.325842
937 0.00166365 -0.00744495 0.367701
938 0.00493972 -0.00665413 0.323439
939 0.00165937 -0.007125 0.375491
940 0.00515345 -0.00649684 0.320615
941 0.00165937 -0.00680556 0.382918
942 0.00536601 -0.00633953 0.31748
943 0.00165937 -0.00648611 0.390037
944 0.005566 -0.00616464 0.314773
945 0.00165937 -0.00616667 0.396849
946 0.00574995 -0.00597618 0.312546
947 0.00165937 -0.00584722 0.403354
948 0.00593394 -0.00578582 0.310037
949 0.00165937 -0.00552778 0.409555
950 0.0061194 -0.00559646 0.307139
951 0.00165937 -0.00520833 0.415451
952 0.00630416 -0.0054075 0.303942
953 0.00165937 -0.00488889 0.421045
954 0.00647387 -0.00520308 0.301266
955 0.00165937 -0.00456944 0.426339
956 0.0066253 -0.00498749 0.299183
957 0.00165937 -0.00425 0.431333
958 0.00677713 -0.00477054 0.296818
959 0.00165937 -0.00393056 0.43603
960 0.00693014 -0.00455415 0.294105
961 0.00165937 -0.00361111 0.44043
962 0.00708252 -0.00433836 0.291121
963 0.00165937 -0.00329167 0.444536
964 0.00721749 -0.00410978 0.288755
965 0.00165937 -0.00297222 0.448349
966 0.0073324 -0.00387277 0.287085
967 0.00165937 -0.00265278 0.451871
968 0.00744622 -0.0036336 0.285226
969 0.00165937 -0.00233333 0.455104
970 0.00756044 -0.00339472 0.283081
971 0.00165937 -0.00201389 0.458051
972 0.00767595 -0.00315833 0.280591
973 0.00165937 -0.00169444 0.460712
974 0.00777632 -0.0029105 0.278635
975 0.00165937 -0.001375 0.463091
976 0.007853 -0.00265907 0.277546
977 0.00165937 -0.00105556 0.46519
978 0.00792925 -0.00240801 0.27623
979 0.00165937 -0.000736111 0.467012
980 0.008005 -0.00215657 0.2747
981 0.00165937 -0.000416667 0.468559
982 0.00807917 -0.00190437 0.273009
983 0.00165937 -9.72222e-05 0.469835
984 0.00814086 -0.00163536 0.271768
985 0.00165937 0.000222222 0.470842
986 0.00817551 -0.00137047 0.271548
987 0.00165937 0.000541667 0.471584
988 0.00821248 -0.00110647 0.270977
989 0.00165937 0.000861111 0.472064
990 0.0082448 -0.000844042 0.270387
991 0.00165937 0.00118056 0.472286
992 0.00833309 -0.000587104 0.266823
993 0.00165937 0.0015 0.472254
994 0.00829647 -0.000323925 0.269151
995 0.00165937 0.00181944 0.471973
996 0.00829078 -5.72762e-05 0.269745
997 0.00165937 0.00213889 0.471447
998 0.00828107 0.000211457 0.270302
999 0.00165937 0.00245833 0.47068
1000 0.00827622 0.000479335 0.27039
1001 0.00165937 0.00277778 0.469678
1002 0.00832139 0.000740343 0.267804
1003 0.00167335 0.00310688 0.468245
1004 0.00824235 0.000995986 0.271115
1005 0.0017024 0.00344406 0.466348
1006 0.00819494 0.00125896 0.272626
1007 0.00170698 0.00377526 0.464516
1008 0.00814722 0.00152066 0.273927
1009 0.00809967 0.00178258 0.274992
1010 0.00805049 0.00204292 0.275919
1011 0.00798098 0.00229935 0.277627
1012 0.00789284 0.0025466 0.280064
1013 0.00780215 0.00279577 0.282385
1014 0.00771313 0.00304568 0.284396
1015 0.00762419 0.00329476 0.286186
1016 0.00751487 0.00353691 0.288775
1017 0.00738785 0.00376779 0.292077
1018 0.00194812 0.003928 0.460389
1019 0.00725918 0.00399917 0.295229
1020 0.00223164 0.00393393 0.456055
1021 0.00713176 0.00423152 0.298097
1022 0.00700461 0.00446307 0.30075
1023 0.00317032 0.00425708 0.435393
1024 0.00685825 0.0046848 0.304185
1025 0.00340634 0.00442561 0.42835
1026 0.00669485 0.00489323 0.308353
1027 0.00370815 0.0044561 0.420284
1028 0.00652625 0.0051049 0.312504
1029 0.00422962 0.00474571 0.402498
1030 0.00635276 0.00531869 0.316644
1031 0.00442688 0.00497483 0.393774
1032 0.00617918 0.00553486 0.320568
1033 0.00470975 0.00507422 0.383239
1034 0.00602673 0.00576507 0.323201
1035 0.00573948 0.00592279 0.332512
1036 0.00548247 0.00567787 0.346658
1037 0.00254257 0.00397528 0.450419
1038 0.00287078 0.00408905 0.443215
1039 0.00402481 0.00449354 0.411103
1040 0.00499105 0.00523281 0.371405
1041 0.00524031 0.00544407 0.359389
1042 0.00237223 -0.00764952 0.354273
1043 0.00209698 -0.00774002 0.355546
1044 0.00263762 -0.00755231 0.352858
1045 0.0028913 -0.00745542 0.351189
1046 0.00313716 -0.00742982 0.347503
1047 0.00333891 -0.00728438 0.347278
1048 0.00357263 -0.00716188 0.345526
1049 0.00380862 -0.00704141 0.34331
1050 0.00404254 -0.00691997 0.340794
1051 0.00427909 -0.00684098 0.33687
1052 0.00445304 -0.00666274 0.336481
1053 0.00466063 -0.0065045 0.334454
1054 0.0019183 -0.00727031 0.369303
1055 0.00487784 -0.00634459 0.331858
1056 0.00192821 -0.0069646 0.376439
1057 0.0050897 -0.00619048 0.328941
1058 0.00193591 -0.00664583 0.383606
1059 0.00531256 -0.00607702 0.324512
1060 0.00193591 -0.00632639 0.390566
1061 0.0054542 -0.00587145 0.324197
1062 0.00193591 -0.00600694 0.397218
1063 0.00563536 -0.00568276 0.322001
1064 0.00193591 -0.0056875 0.403565
1065 0.00582329 -0.00548961 0.319351
1066 0.00193591 -0.00536806 0.409606
1067 0.00600778 -0.00530403 0.316357
1068 0.00193591 -0.00504861 0.415343
1069 0.00620976 -0.00515673 0.311749
1070 0.00193591 -0.00472917 0.420778
1071 0.00631706 -0.00493126 0.311671
1072 0.00193591 -0.00440972 0.425912
1073 0.00646578 -0.00471608 0.309629
1074 0.00193591 -0.00409028 0.430748
1075 0.00662097 -0.00449587 0.307133
1076 0.00193591 -0.00377083 0.435286
1077 0.00677352 -0.00428308 0.304334
1078 0.00193591 -0.00345139 0.439527
1079 0.00694944 -0.00410582 0.299803
1080 0.00193591 -0.00313194 0.443474
1081 0.00701938 -0.00386642 0.3002
1082 0.00193591 -0.0028125 0.447129
1083 0.00713129 -0.0036303 0.298592
1084 0.00193591 -0.00249306 0.450493
1085 0.00724767 -0.00338735 0.296616
1086 0.00193591 -0.00217361 0.453567
1087 0.00735711 -0.003142 0.294689
1088 0.00193591 -0.00185417 0.456355
1089 0.00751061 -0.0029472 0.290054
1090 0.00193591 -0.00153472 0.458858
1091 0.00754297 -0.00270041 0.291044
1092 0.00193591 -0.00121528 0.461079
1093 0.00761772 -0.00245061 0.289966
1094 0.00193591 -0.000895833 0.46302
1095 0.00769454 -0.00220084 0.288557
1096 0.00193591 -0.000576389 0.464683
1097 0.00776885 -0.00195152 0.287017
1098 0.00193591 -0.000256944 0.466072
1099 0.00788529 -0.00171889 0.283192
1100 0.00193591 6.25e-05 0.467189
1101 0.00787815 -0.0014588 0.285023
1102 0.00193591 0.000381944 0.468037
1103 0.0079113 -0.00119323 0.28479
1104 0.00193591 0.000701389 0.468621
1105 0.00795391 -0.000904525 0.283965
1106 0.00193591 0.00102083 0.468942
1107 0.00517756 0.00040141 0.395493
1108 0.00193591 0.00134028 0.469006
1109 0.00801555 -0.000558349 0.282128
1110 0.00193591 0.00165972 0.468816
1111 0.0080083 -0.000231912 0.283071
1112 0.00193591 0.00197917 0.468377
1113 0.00800147 6.70467e-05 0.283659
1114 0.00193591 0.00229861 0.467693
1115 0.00799716 0.000366444 0.28385
1116 0.00193591 0.00261806 0.466767
1117 0.0056579 0.00717604 0.312895
1118 0.00193486 0.00293685 0.46562
1119 0.0043864 -0.00327663 0.39549
1120 0.00197008 0.00326354 0.463722
1121 0.00794467 0.0010407 0.285254
1122 0.00204137 0.00361932 0.4609
1123 0.00789234 0.00132782 0.286819
1124 0.00784138 0.00160043 0.288119
1125 0.00779546 0.00185979 0.289008
1126 0.00779208 0.00211016 0.28774
1127 0.00766847 0.00232729 0.292117
1128 0.00757852 0.00257286 0.294524
1129 0.00748765 0.00282628 0.296691
1130 0.00740135 0.00307362 0.298477
1131 0.00735755 0.0033198 0.298135
1132 0.00720186 0.00351503 0.303175
1133 0.00707377 0.0037432 0.306425
1134 0.00694326 0.00397903 0.309482
1135 0.00681956 0.00420948 0.312093
1136 0.00673626 0.00444487 0.312696
1137 0.00351763 0.00411122 0.428195
1138 0.00655262 0.00461365 0.318338
1139 0.00638917 0.00482122 0.322402
1140 0.00621421 0.00504018 0.326601
1141 0.00462155 0.00470932 0.390425
1142 0.00602405 0.00526495 0.331153
1143 0.00581564 0.00552964 0.335655
1144 0.00191661 -0.00753684 0.36276
1145 0.00242736 0.0036606 0.454478
1146 0.00316668 0.00391181 0.438071
1147 0.00392357 0.00412597 0.417283
1148 0.00438063 0.00445071 0.400811
1149 0.0049782 0.00488149 0.376269
1150 0.00551344 0.00538074 0.349826
1151 0.0028163 0.00371583 0.446875
1152 0.0053239 0.00507817 0.361249
1153 0.00242871 -0.00733514 0.361282
1154 0.00269823 -0.00723017 0.359807
1155 0.00301384 -0.00713505 0.356853
1156 0.00329765 -0.0069794 0.355279
1157 0.00356112 -0.00684838 0.35304
1158 0.00381481 -0.00671182 0.350691
1159 0.00410831 -0.00656836 0.347127
1160 0.00436271 -0.00636872 0.345148
1161 0.00460009 -0.0061973 0.342557
1162 0.00218649 -0.00713778 0.369274
1163 0.00483488 -0.00602283 0.339681
1164 0.00220271 -0.00682151 0.376425
1165 0.00510532 -0.00584001 0.33551
1166 0.00221354 -0.00649901 0.383475
1167 0.00221865 -0.00617455 0.390325
1168 0.00532276 -0.00559746 0.333535
1169 0.00221939 -0.00585285 0.39686
1170 0.00552714 -0.00538946 0.330914
1171 0.00221246 -0.00552778 0.403248
1172 0.00573037 -0.00517886 0.327995
1173 0.00221246 -0.00520833 0.409129
1174 0.00596749 -0.00495561 0.323747
1175 0.00221246 -0.00488889 0.414705
1176 0.00221246 -0.00456944 0.419979
1177 0.00614358 -0.00468107 0.32197
1178 0.00221246 -0.00425 0.424953
1179 0.00631259 -0.00444365 0.319493
1180 0.00221246 -0.00393056 0.429628
1181 0.00647996 -0.00420398 0.316764
1182 0.00221246 -0.00361111 0.434005
1183 0.00667837 -0.0039457 0.312746
1184 0.00221246 -0.00329167 0.438086
1185 0.00221246 -0.00297222 0.441873
1186 0.00680867 -0.00364752 0.311452
1187 0.00221246 -0.00265278 0.445367
1188 0.00693702 -0.00338607 0.309443
1189 0.00221246 -0.00233333 0.44857
1190 0.00706208 -0.00312028 0.307302
1191 0.00221246 -0.00201389 0.451483
1192 0.00722071 -0.00283371 0.30365
1193 0.00221246 -0.00169444 0.45411
1194 0.00221246 -0.001375 0.456452
1195 0.00729998 -0.00251907 0.303192
1196 0.00221246 -0.00105556 0.458511
1197 0.00738349 -0.00224174 0.301916
1198 0.00221246 -0.000736111 0.46029
1199 0.00746858 -0.00196273 0.300298
1200 0.00221246 -0.000416667 0.461791
1201 0.00758161 -0.00165074 0.297364
1202 0.00221246 -9.72222e-05 0.463017
1203 0.00221246 0.000222222 0.463972
1204 0.00760884 -0.00132007 0.297939
1205 0.00221246 0.000541667 0.464657
1206 0.00764864 -0.00102014 0.297492
1207 0.00221246 0.000861111 0.465077
1208 0.00769439 -0.000721307 0.296479
1209 0.00221246 0.00118056 0.465235
1210 0.0077168 -0.000402386 0.296261
1211 0.00221246 0.0015 0.465135
1212 0.00221246 0.00181944 0.464781
1213 0.00771755 -9.55546e-05 0.29669
1214 0.00221246 0.00213889 0.464178
1215 0.00771354 0.00020733 0.29704
1216 0.00221893 0.00246826 0.4632
1217 0.00771032 0.000515955 0.297063
1218 0.00222285 0.00279346 0.462018
1219 0.00768722 0.000825206 0.297686
1220 0.00218675 0.00307717 0.46138
1221 0.00229706 0.00334535 0.458381
1222 0.00763641 0.0011271 0.299289
1223 0.00758721 0.00141988 0.300564
1224 0.00753441 0.00170572 0.301762
1225 0.00749061 0.00202862 0.302097
1226 0.00736539 0.00232956 0.305868
1227 0.00726739 0.00260409 0.308313
1228 0.00716763 0.00287849 0.310579
1229 0.00707079 0.00319029 0.31213
1230 0.00690102 0.00346923 0.316811
1231 0.00676179 0.00372474 0.320136
1232 0.00661743 0.00397999 0.323437
1233 0.00647092 0.00426975 0.32618
1234 0.00626264 0.00452228 0.331628
1235 0.00609351 0.00475124 0.335534
1236 0.00590459 0.00497167 0.340168
1237 0.00569669 0.00517704 0.345576
1238 0.00216172 -0.00744476 0.362155
1239 0.00345403 0.0037233 0.432619
1240 0.00375818 0.00381058 0.424251
1241 0.00470522 0.00434694 0.391459
1242 0.00497798 0.00454089 0.380188
1243 0.00262927 0.00338371 0.452395
1244 0.00316758 0.00357152 0.440314
1245 0.00529044 0.00470542 0.367144
1246 0.00559398 0.0048581 0.353855
1247 0.00245833 -0.00701749 0.368435
1248 0.00274314 -0.00690198 0.366804
1249 0.0030248 -0.00678202 0.36481
1250 0.00329341 -0.00666265 0.36254
1251 0.00355163 -0.00652524 0.360421
1252 0.00380154 -0.00637686 0.358285
1253 0.00405424 -0.00621919 0.355831
1254 0.00430066 -0.0060489 0.353328
1255 0.00454121 -0.00587746 0.35056
1256 0.00478438 -0.00569945 0.347418
1257 0.00248178 -0.00669228 0.375533
1258 0.00501053 -0.00550355 0.344653
1259 0.00249848 -0.0063589 0.382579
1260 0.00251 -0.00603215 0.389228
1261 0.00521967 -0.00529218 0.342253
1262 0.00250711 -0.00570553 0.395763
1263 0.00542311 -0.00508268 0.339605
1264 0.00249831 -0.00537741 0.402092
1265 0.0056286 -0.00486794 0.336598
1266 0.002489 -0.00504861 0.40812
1267 0.00581963 -0.00463807 0.333915
1268 0.002489 -0.00472917 0.413534
1269 0.002489 -0.00440972 0.418647
1270 0.0059928 -0.00439666 0.33164
1271 0.002489 -0.00409028 0.423459
1272 0.00616118 -0.00415847 0.329131
1273 0.002489 -0.00377083 0.427972
1274 0.00633156 -0.00391439 0.32628
1275 0.002489 -0.00345139 0.432187
1276 0.00648363 -0.00365639 0.323926
1277 0.002489 -0.00313194 0.436106
1278 0.002489 -0.0028125 0.439729
1279 0.00661524 -0.00338994 0.322108
1280 0.002489 -0.00249306 0.44306
1281 0.00674251 -0.00312658 0.320098
1282 0.002489 -0.00217361 0.4461
1283 0.0068713 -0.00285889 0.317754
1284 0.002489 -0.00185417 0.44885
1285 0.00697991 -0.0025807 0.315992
1286 0.002489 -0.00153472 0.451312
1287 0.002489 -0.00121528 0.453489
1288 0.00706645 -0.00229674 0.31487
1289 0.002489 -0.000895833 0.455384
1290 0.00715068 -0.00201684 0.313513
1291 0.002489 -0.000576389 0.456997
1292 0.00723462 -0.00173092 0.311914
1293 0.002489 -0.000256944 0.458332
1294 0.00730037 -0.00143224 0.310852
1295 0.002489 6.25e-05 0.459392
1296 0.002489 0.000381944 0.46018
1297 0.0073431 -0.00113869 0.310449
1298 0.002489 0.000701389 0.460698
1299 0.00738313 -0.000844307 0.30988
1300 0.002489 0.00102083 0.460949
1301 0.00741643 -0.000547859 0.309324
1302 0.002489 0.00134028 0.460938
1303 0.0074319 -0.000250379 0.309263
1304 0.002489 0.00165972 0.460669
1305 0.002489 0.00197917 0.460144
1306 0.00743062 4.5317e-05 0.309658
1307 0.00249459 0.0023088 0.459247
1308 0.00742409 0.000340593 0.31001
1309 0.00250474 0.00265008 0.457965
1310 0.00740925 0.000636831 0.310453
1311 0.00250253 0.00303502 0.456436
1312 0.00737722 0.000932571 0.31138
1313 0.00732967 0.0012239 0.312728
1314 0.00727688 0.00151007 0.314058
1315 0.00722323 0.00180207 0.315139
1316 0.00714539 0.0020905 0.317019
1317 0.00704527 0.00237058 0.319638
1318 0.00694681 0.00264416 0.321969
1319 0.00684364 0.00292021 0.324227
1320 0.00671792 0.00319964 0.327142
1321 0.00657697 0.00345997 0.330596
1322 0.00643373 0.0037166 0.333933
1323 0.00628736 0.00397404 0.337148
1324 0.00612119 0.0042308 0.340924
1325 0.00594117 0.00447169 0.345197
1326 0.00582272 0.00470831 0.346881
1327 0.00423835 0.0039503 0.409699
1328 0.00292467 0.00340343 0.446503
1329 0.00346415 0.0033732 0.434667
1330 0.00368858 0.00352717 0.428075
1331 0.005018 0.00421064 0.382302
1332 0.00527621 0.00435717 0.371656
1333 0.00284689 0.00311733 0.449625
1334 0.0055942 0.00450024 0.358282
1335 0.00276564 -0.00656203 0.374078
1336 0.00304662 -0.00644108 0.371944
1337 0.00330637 -0.00638133 0.368398
1338 0.00349649 -0.00619342 0.368615
1339 0.00375045 -0.00604729 0.366253
1340 0.00400157 -0.00589375 0.363657
1341 0.00424444 -0.00573217 0.360973
1342 0.00448154 -0.00556492 0.358119
1343 0.00470718 -0.00538362 0.355417
1344 0.00491773 -0.00518861 0.352986
1345 0.00279735 -0.00622326 0.380829
1346 0.00281016 -0.00588944 0.387434
1347 0.0051171 -0.00498789 0.350601
1348 0.00279756 -0.00555583 0.394112
1349 0.00531121 -0.00478207 0.348102
1350 0.00278203 -0.00522375 0.400479
1351 0.00550022 -0.00456639 0.345559
1352 0.00276555 -0.00488889 0.406579
1353 0.00567673 -0.00434213 0.343195
1354 0.00276555 -0.00456944 0.411831
1355 0.00276555 -0.00425 0.41678
1356 0.00584339 -0.0041128 0.340893
1357 0.00276555 -0.00393056 0.421429
1358 0.00600665 -0.00388085 0.338413
1359 0.00276555 -0.00361111 0.425778
1360 0.00615957 -0.00363935 0.336091
1361 0.00276555 -0.00329167 0.429829
1362 0.00629684 -0.00338705 0.334144
1363 0.00276555 -0.00297222 0.433583
1364 0.00276555 -0.00265278 0.437042
1365 0.00642192 -0.00313395 0.332349
1366 0.00276555 -0.00233333 0.440207
1367 0.00654418 -0.00287878 0.330383
1368 0.00276555 -0.00201389 0.443081
1369 0.00665701 -0.00261572 0.328556
1370 0.00276555 -0.00169444 0.445665
1371 0.00675109 -0.00234417 0.327242
1372 0.00276555 -0.001375 0.44796
1373 0.00276555 -0.00105556 0.44997
1374 0.00683425 -0.00207367 0.326071
1375 0.00276555 -0.000736111 0.451695
1376 0.00691299 -0.00179915 0.324828
1377 0.00276555 -0.000416667 0.45314
1378 0.00698154 -0.00151938 0.323753
1379 0.00276555 -9.72222e-05 0.454305
1380 0.00703427 -0.00123662 0.323067
1381 0.00276555 0.000222222 0.455194
1382 0.00276555 0.000541667 0.45581
1383 0.00707707 -0.000954463 0.32252
1384 0.00276555 0.000861111 0.456155
1385 0.00711461 -0.000670996 0.321933
1386 0.00276555 0.00118056 0.456233
1387 0.00713792 -0.000384911 0.321688
1388 0.00276555 0.0015 0.456048
1389 0.00714494 -0.000100217 0.321869
1390 0.00276555 0.00181944 0.455603
1391 0.00276555 0.00213889 0.454903
1392 0.00714089 0.000182655 0.322267
1393 0.00278317 0.00246639 0.453593
1394 0.00713015 0.000467124 0.322699
1395 0.00279789 0.00279286 0.452074
1396 0.00710807 0.000751742 0.32336
1397 0.00707068 0.00103451 0.324426
1398 0.00702318 0.00131413 0.325681
1399 0.00697061 0.00159249 0.32691
1400 0.00690594 0.00187122 0.328403
1401 0.00682119 0.00214484 0.330518
1402 0.00672741 0.00241135 0.332807
1403 0.00662778 0.00267686 0.335108
1404 0.00651701 0.00294152 0.337634
1405 0.00639009 0.0031999 0.340628
1406 0.00625179 0.00345286 0.343892
1407 0.00610692 0.00370559 0.347185
1408 0.00595419 0.00395788 0.35056
1409 0.00579451 0.00421514 0.353916
1410 0.00396123 0.00352837 0.420848
1411 0.00475804 0.0040116 0.392973
1412 0.00317021 0.00323008 0.442276
1413 0.00379483 0.00321497 0.427392
1414 0.00529252 0.00399248 0.374892
1415 0.00551649 0.00419814 0.364586
1416 0.0031277 0.0029202 0.444797
1417 0.00313899 -0.00608737 0.377738
1418 0.00343829 -0.0058725 0.376301
1419 0.00370354 -0.00572881 0.373575
1420 0.00395044 -0.00557842 0.370927
1421 0.00418822 -0.00542274 0.368165
1422 0.00441514 -0.00526366 0.365333
1423 0.00462677 -0.00507468 0.363052
1424 0.00481958 -0.00488629 0.36092
1425 0.00310487 -0.00573143 0.38544
1426 0.00500647 -0.00469179 0.358722
1427 0.00308039 -0.00540071 0.392132
1428 0.00519266 -0.00448983 0.356332
1429 0.00305851 -0.0050671 0.398498
1430 0.00536749 -0.00427775 0.354111
1431 0.00304209 -0.00472917 0.404505
1432 0.00553131 -0.00405783 0.35203
1433 0.00304209 -0.00440972 0.409593
1434 0.00304209 -0.00409028 0.414378
1435 0.00568937 -0.00383709 0.349836
1436 0.00304209 -0.00377083 0.418862
1437 0.00584759 -0.00361768 0.347312
1438 0.00304209 -0.00345139 0.423045
1439 0.00598962 -0.00337561 0.345318
1440 0.00304209 -0.00313194 0.42693
1441 0.00610543 -0.00313152 0.343985
1442 0.00304209 -0.0028125 0.430518
1443 0.00304209 -0.00249306 0.43381
1444 0.00622371 -0.00288843 0.342276
1445 0.00304209 -0.00217361 0.436807
1446 0.00634148 -0.00264592 0.340303
1447 0.00304209 -0.00185417 0.439512
1448 0.00644482 -0.00238292 0.338775
1449 0.00304209 -0.00153472 0.441926
1450 0.00652089 -0.00212341 0.337991
1451 0.00304209 -0.00121528 0.444051
1452 0.00304209 -0.000895833 0.44589
1453 0.00659813 -0.00186167 0.336924
1454 0.00304209 -0.000576389 0.447444
1455 0.00666991 -0.0015939 0.335848
1456 0.00304209 -0.000256944 0.448715
1457 0.00672614 -0.00132187 0.335151
1458 0.00304209 6.25e-05 0.449706
1459 0.00677086 -0.00104947 0.334662
1460 0.00304209 0.000381944 0.45042
1461 0.00304209 0.000701389 0.45086
1462 0.00681261 -0.000779547 0.334035
1463 0.00304209 0.00102083 0.451027
1464 0.00684945 -0.000510253 0.333361
1465 0.00304209 0.00134028 0.450926
1466 0.00686095 -0.000229104 0.333504
1467 0.00304209 0.00165972 0.45056
1468 0.00685776 3.76076e-05 0.333992
1469 0.00304209 0.00197917 0.449933
1470 0.00305749 0.00229237 0.448754
1471 0.00685145 0.000308745 0.334386
1472 0.00308576 0.00260705 0.447047
1473 0.00683812 0.000583915 0.334836
1474 0.00680962 0.00085789 0.335678
1475 0.00676684 0.00112817 0.336883
1476 0.0067187 0.00139548 0.338089
1477 0.00666988 0.00166051 0.339109
1478 0.00659701 0.00193226 0.340858
1479 0.00650614 0.00218717 0.343191
1480 0.0064127 0.00244122 0.345416
1481 0.00631301 0.00269727 0.347662
1482 0.00619867 0.00294919 0.350299
1483 0.00606906 0.00319501 0.353362
1484 0.00592855 0.00344168 0.356623
1485 0.00578252 0.00368739 0.359883
1486 0.00562729 0.00393256 0.363278
1487 0.00447498 0.00412961 0.400929
1488 0.0034589 0.00304446 0.436691
1489 0.00500987 0.00391431 0.385457
1490 0.00545547 0.00368652 0.371975
1491 0.00340282 0.0027331 0.439533
1492 0.00340779 -0.00556596 0.382831
1493 0.0052386 -0.000950635 0.390046
1494 0.00390193 -0.00526663 0.377763
1495 0.00413468 -0.00511906 0.37489
1496 0.00437092 -0.00499788 0.371073
1497 0.0045234 -0.00478087 0.370746
1498 0.00470589 -0.0045946 0.368798
1499 0.00488845 -0.00440818 0.366538
1500 0.00402769 0.00380603 0.416928
1501 0.00506949 -0.00421035 0.364183
1502 0.00332882 -0.0049125 0.396074
1503 0.00522636 -0.00399636 0.362482
1504 0.00331938 -0.00457921 0.401727
1505 0.00537991 -0.00377982 0.360624
1506 0.00331864 -0.00425 0.40682
1507 0.00331864 -0.00393056 0.41144
1508 0.00553122 -0.00356714 0.358494
1509 0.00331864 -0.00361111 0.415757
1510 0.00571872 -0.00337962 0.354552
1511 0.00331864 -0.00329167 0.419774
1512 0.00579243 -0.00312488 0.35499
1513 0.00331864 -0.00297222 0.42349
1514 0.00590297 -0.00288373 0.353755
1515 0.00331864 -0.00265278 0.426909
1516 0.00331864 -0.00233333 0.430031
1517 0.00601885 -0.00264388 0.352049
1518 0.00331864 -0.00201389 0.432858
1519 0.00617751 -0.0024304 0.348274
1520 0.00331864 -0.00169444 0.435391
1521 0.00621017 -0.00216639 0.34931
1522 0.00331864 -0.001375 0.437633
1523 0.00628289 -0.00191526 0.348527
1524 0.00331864 -0.00105556 0.439585
1525 0.00331864 -0.000736111 0.441249
1526 0.00636356 -0.00166117 0.347226
1527 0.00331864 -0.000416667 0.442627
1528 0.00642663 -0.00139767 0.346397
1529 0.00331864 -9.72222e-05 0.443722
1530 0.00646541 -0.00113289 0.346269
1531 0.00331864 0.000222222 0.444535
1532 0.00650648 -0.000868576 0.345818
1533 0.00331864 0.000541667 0.445069
1534 0.00331864 0.000861111 0.445327
1535 0.00654972 -0.000611986 0.345021
1536 0.00331864 0.00118056 0.445311
1537 0.00662469 -0.000358589 0.342729
1538 0.00331864 0.0015 0.445025
1539 0.00657448 -9.92404e-05 0.345206
1540 0.00332513 0.00180977 0.44435
1541 0.00656952 0.000160208 0.345677
1542 0.00333577 0.00211995 0.443331
1543 0.00336188 0.00242373 0.441738
1544 0.00656693 0.000419984 0.345843
1545 0.00655339 0.000691433 0.346222
1546 0.00651127 0.000952256 0.347532
1547 0.00646202 0.0012139 0.348912
1548 0.00641317 0.00146977 0.35008
1549 0.0064092 0.00173524 0.349231
1550 0.00628036 0.00196782 0.353256
1551 0.00619208 0.00221271 0.355422
1552 0.00610536 0.00246034 0.357311
1553 0.00600838 0.00271103 0.359379
1554 0.00588474 0.00294399 0.362382
1555 0.00574983 0.00318249 0.365569
1556 0.0056049 0.00342808 0.368857
1557 0.00453165 0.00378528 0.402201
1558 0.00420991 0.00324377 0.415887
1559 0.00372256 0.00285281 0.431239
1560 0.00514777 0.00366349 0.383038
1561 0.00800803 0.000717007 0.282974
1562 0.00528529 0.0034079 0.380456
1563 0.00366431 0.0025403 0.434142
1564 0.00361684 -0.00509361 0.387094
1565 0.00387517 -0.00494572 0.38396
1566 0.00419807 0.00271174 0.419293
1567 0.0014023 -0.00854016 0.34116
1568 0.00439868 -0.00450478 0.378398
1569 0.00459398 -0.00430137 0.376328
1570 0.00479782 -0.00415666 0.372799
1571 0.0049217 -0.00394 0.372326
1572 0.00359858 -0.00476072 0.39311
1573 0.00507111 -0.00371993 0.370874
1574 0.00358671 -0.00442758 0.398661
1575 0.00523692 -0.00348335 0.368833
1576 0.0035845 -0.00409757 0.403633
1577 0.00359518 -0.00377083 0.407965
1578 0.00544476 -0.00321786 0.36546
1579 0.00359518 -0.00345139 0.412116
1580 0.00359518 -0.00313194 0.415962
1581 0.00557488 -0.00290243 0.364647
1582 0.00359518 -0.0028125 0.419508
1583 0.00571463 -0.00262075 0.362788
1584 0.00359518 -0.00249306 0.422755
1585 0.00359518 -0.00217361 0.425705
1586 0.00589047 -0.00231938 0.359495
1587 0.00359518 -0.00185417 0.428359
1588 0.00359518 -0.00153472 0.430718
1589 0.00596753 -0.00199108 0.359401
1590 0.00359518 -0.00121528 0.432784
1591 0.00604362 -0.00170148 0.358722
1592 0.00359518 -0.000895833 0.43456
1593 0.00359518 -0.000576389 0.436046
1594 0.00617125 -0.00147588 0.355475
1595 0.00359518 -0.000256944 0.437245
1596 0.00616579 -0.00121624 0.357109
1597 0.00359518 6.25e-05 0.438159
1598 0.00619536 -0.000946089 0.357274
1599 0.00359518 0.000381944 0.438789
1600 0.00624317 -0.000673078 0.356535
1601 0.00359518 0.000701389 0.439139
1602 0.00359518 0.00102083 0.439211
1603 0.00533268 -0.000304503 0.389397
1604 0.00359518 0.00134028 0.439007
1605 0.00335552 -0.00524463 0.38977
1606 0.00360434 0.00164551 0.438341
1607 0.00628461 5.67296e-06 0.356539
1608 0.00361526 0.00194807 0.437389
1609 0.00628202 0.000284525 0.356862
1610 0.00363361 0.00224424 0.436034
1611 0.00632949 0.000537183 0.355036
1612 0.00625489 0.000776298 0.35772
1613 0.00621333 0.00103688 0.358917
1614 0.00615082 0.00131673 0.360652
1615 0.00610394 0.00165368 0.361365
1616 0.00597437 0.00196824 0.364907
1617 0.00588023 0.00224254 0.367038
1618 0.00584581 0.00249453 0.366856
1619 0.00569905 0.00269572 0.370982
1620 0.00557734 0.00292348 0.373832
1621 0.00543158 0.00315673 0.377311
1622 0.00427002 0.00361517 0.411467
1623 0.00482434 0.00369296 0.39364
1624 0.00402982 0.00294209 0.422704
1625 0.00395443 0.00262547 0.426357
1626 0.00495333 0.00340574 0.391756
1627 0.00511607 0.00312636 0.388433
1628 0.00392695 0.00235245 0.428275
1629 0.00386542 -0.00460039 0.389845
1630 0.00411341 -0.00441037 0.386984
1631 0.00432759 -0.00416846 0.385263
1632 0.00455902 -0.00394032 0.382461
1633 0.0049145 -0.00344905 0.378882
1634 0.00383873 -0.00426657 0.395582
1635 0.00507084 -0.00319297 0.377315
1636 0.00385412 -0.00394236 0.399909
1637 0.00387781 -0.00362793 0.403601
1638 0.00523275 -0.00292225 0.375356
1639 0.00387147 -0.00329321 0.407922
1640 0.00387225 -0.00296706 0.411653
1641 0.0053779 -0.00263602 0.373683
1642 0.00387173 -0.00265278 0.414982
1643 0.00552608 -0.00235051 0.371519
1644 0.00387173 -0.00233333 0.418056
1645 0.00387173 -0.00201389 0.420832
1646 0.00563947 -0.00204754 0.370256
1647 0.00387173 -0.00169444 0.423309
1648 0.00387173 -0.001375 0.425491
1649 0.00574358 -0.00173087 0.369032
1650 0.00387173 -0.00105556 0.42738
1651 0.00630827 -0.000340866 0.355046
1652 0.00387173 -0.000736111 0.428975
1653 0.00387173 -0.000416667 0.430281
1654 0.00416893 -0.00476599 0.380036
1655 0.00387173 -9.72222e-05 0.431297
1656 0.00589137 -0.00104509 0.367809
1657 0.00387173 0.000222222 0.432026
1658 0.00590803 -0.000754682 0.368443
1659 0.00387173 0.000541667 0.43247
1660 0.00595427 -0.000439925 0.36782
1661 0.00387173 0.000861111 0.432631
1662 0.00387173 0.00118056 0.432511
1663 0.0038833 0.00148523 0.431848
1664 0.003895 0.00178505 0.430935
1665 0.00599814 0.000194274 0.367359
1666 0.00390988 0.0020737 0.429729
1667 0.00600749 0.000530429 0.367135
1668 0.00590185 0.00109205 0.370387
1669 0.00583363 0.00140933 0.372129
1670 0.00574469 0.00172595 0.374312
1671 0.0056437 0.0020357 0.376644
1672 0.00554481 0.00238718 0.378393
1673 0.00526672 0.00287013 0.385103
1674 0.00458105 0.00342202 0.403578
1675 0.00433867 0.00291669 0.414183
1676 0.00474552 -0.00369208 0.38064
1677 0.00599557 -0.000124518 0.367044
1678 0.00600182 0.000838222 0.3671
1679 0.00543951 0.00266923 0.380399
1680 0.00421297 0.00245217 0.420152
1681 0.00479965 0.00312562 0.398804
1682 0.00496105 0.00282055 0.395616
1683 0.0042062 0.00219156 0.421431
1684 0.00418135 -0.00383749 0.393606
1685 0.00471442 -0.00318884 0.387664
1686 0.0048697 -0.00292339 0.386198
1687 0.00414151 -0.00346344 0.399424
1688 0.00503724 -0.00264962 0.38406
1689 0.00414466 -0.00310637 0.403597
1690 0.00415851 -0.0028072 0.406514
1691 0.00518494 -0.0023697 0.382186
1692 0.00416034 -0.00249149 0.409628
1693 0.00530494 -0.00207406 0.380926
1694 0.0041672 -0.00218078 0.412279
1695 0.00416068 -0.00185629 0.415083
1696 0.00541257 -0.00176985 0.379764
1697 0.00416127 -0.00154027 0.417344
1698 0.00415449 -0.00122128 0.419519
1699 0.00553626 -0.0014717 0.377667
1700 0.00414827 -0.000895833 0.421418
1701 0.00414827 -0.000576389 0.422832
1702 0.00414827 -0.000256944 0.423953
1703 0.00414827 6.25e-05 0.424782
1704 0.00556782 -0.000903796 0.379575
1705 0.00414827 0.000381944 0.425322
1706 0.00561802 -0.000545138 0.379228
1707 0.00414827 0.000701389 0.425576
1708 0.00414827 0.00102083 0.425543
1709 0.00415893 0.00133058 0.424959
1710 0.00417462 0.00163125 0.423988
1711 0.00419518 0.00191753 0.422674
1712 0.00568798 0.000365006 0.378501
1713 0.0055999 0.00114517 0.381012
1714 0.00550336 0.00148061 0.383572
1715 0.0053943 0.00180321 0.386267
1716 0.0052703 0.00214 0.389089
1717 0.00451624 0.00309777 0.407783
1718 0.00441605 -0.00362039 0.39048
1719 0.00462691 -0.00344275 0.387044
1720 0.00564476 -0.00119936 0.375546
1721 0.00565354 -0.000206131 0.378933
1722 0.00570292 0.0007794 0.37792
1723 0.00515607 0.00250694 0.391075
1724 0.00451013 0.00233836 0.412167
1725 0.00450597 0.00205623 0.413441
1726 0.00448803 -0.00294444 0.396592
1727 0.00469386 -0.00265279 0.393954
1728 0.00484472 -0.00238634 0.392188
1729 0.00440169 -0.00265118 0.401879
1730 0.00498682 -0.00210853 0.3904
1731 0.00448843 -0.00236043 0.402371
1732 0.00507106 -0.00180301 0.390223
1733 0.00443313 -0.00201539 0.406782
1734 0.00446124 -0.00169883 0.408434
1735 0.0051865 -0.00149199 0.388774
1736 0.0044471 -0.00139071 0.410862
1737 0.00442433 -0.00106537 0.413337
1738 0.00443331 -0.000749376 0.414613
1739 0.00443496 -0.000427256 0.415818
1740 0.00443271 -0.000104373 0.416828
1741 0.00442645 0.000214791 0.417643
1742 0.00529912 -0.000658717 0.389349
1743 0.00441819 0.000540022 0.41823
1744 0.00442697 0.000863823 0.418048
1745 0.00442887 0.00117403 0.417768
1746 0.00444793 0.00149101 0.416729
1747 0.0044773 0.00176602 0.415209
1748 0.00528108 0.00123274 0.391631
1749 0.0051618 0.00155544 0.394794
1750 0.00504381 0.00187009 0.397609
1751 0.00537943 0.000894389 0.388853
1752 0.00464765 0.00284275 0.405389
1753 0.00445427 0.00263297 0.412375
1754 0.00477371 0.00254891 0.403157
1755 0.00535491 -0.00119827 0.385129
1756 0.0036548 -0.0054132 0.38057
1757 0.00541939 0.000520502 0.387682
1758 0.0048617 0.00219708 0.402128
1759 0.00475047 0.00189613 0.40669
1760 0.00469319 -0.0021415 0.398609
1761 0.00474096 -0.00187213 0.39942
1762 0.00479758 -0.00153093 0.400218
1763 0.004678 -0.00122335 0.405454
1764 0.00471818 -0.00092962 0.40585
1765 0.00472189 -0.000606022 0.407129
1766 0.00472893 -0.000276348 0.408019
1767 0.00471791 4.8053e-05 0.409102
1768 0.00469146 0.000368066 0.410328
1769 0.00467543 0.000693616 0.410958
1770 0.00472973 0.00103215 0.409226
1771 0.00467348 0.00132292 0.410474
1772 0.00479496 0.00161326 0.406224
1773 0.0049568 0.00129923 0.401913
1774 0.00537946 0.000115493 0.388744
1775 0.00498353 -0.00118712 0.396767
1776 0.00499553 -0.000806172 0.39823
1777 0.00502048 -0.000459193 0.398776
1778 0.00506621 0.00101379 0.398898
1779 0.0050346 -0.000110507 0.399296
1780 0.00499233 0.000207062 0.401141
1781 0.00492772 0.000523106 0.403371
1782 0.00224429 0.0077947 0.418297
1783 0.00195682 0.00776566 0.423895
1784 0.00170803 0.00762014 0.429527
1785 0.00472767 0.00817863 0.334158
1786 0.00326451 0.00652016 0.41015
1787 0.00352638 0.00668984 0.400706
1788 0.00301082 0.00637932 0.418316
1789 0.00377091 0.00685942 0.391038
1790 0.00275524 0.00624753 0.425779
1791 0.00400872 0.00704083 0.380706
1792 0.00246909 0.0061231 0.433142
1793 0.00423065 0.00723173 0.370061
1794 0.00219624 0.00601518 0.439356
1795 0.00445395 0.0074455 0.358256
1796 0.00191199 0.00591988 0.444962
1797 0.00466226 0.00766796 0.346073
1798 0.00162781 0.0058369 0.449762
1799 0.00485592 0.00790842 0.333303
1800 0.0013244 0.00577033 0.453941
1801 0.00502706 0.00822957 0.318947
1802 0.00102425 0.00572044 0.457203
1803 0.000725086 0.00567531 0.459711
1804 0.000393717 0.00563836 0.461588
1805 0.00474021 0.00847181 0.32833
1806 0.00443465 0.00863823 0.339473
1807 0.00415115 0.00877887 0.349167
1808 0.000277643 0.00612393 0.457539
1809 0.00386247 0.00890879 0.35835
1810 0.000288907 0.00641588 0.454699
1811 0.00356561 0.00903288 0.367004
1812 0.000282553 0.00672593 0.451601
1813 0.0032741 0.00914212 0.374789
1814 0.00026943 0.00704444 0.448295
1815 0.0029648 0.00924849 0.382242
1816 0.00026943 0.00735556 0.444891
1817 0.00267191 0.00933731 0.388588
1818 0.00026943 0.00766667 0.441366
1819 0.00235561 0.00942069 0.394682
1820 0.00026943 0.00797778 0.437727
1821 0.0020526 0.00949176 0.399752
1822 0.00026943 0.00828889 0.433978
1823 0.00173674 0.00955348 0.404298
1824 0.00026943 0.0086 0.430124
1825 0.0014246 0.00960579 0.408018
1826 0.000279444 0.00893129 0.425869
1827 0.00109905 0.00963358 0.411326
1828 0.000279999 0.00925324 0.421653
1829 0.000796382 0.00968059 0.413275
1830 0.000281991 0.00959211 0.417097
1831 0.000237819 0.00587095 0.459979
1832 0.000539886 0.00973882 0.414044
1833 0.00300178 0.00669422 0.414837
1834 0.00324717 0.00683383 0.406754
1835 0.00349132 0.00700004 0.397715
1836 0.00275505 0.00655994 0.422269
1837 0.00372003 0.00716872 0.388432
1838 0.00250343 0.00643537 0.429084
1839 0.0039409 0.00734508 0.378637
1840 0.00222815 0.00632696 0.435558
1841 0.00415988 0.00753074 0.36809
1842 0.00196075 0.0062303 0.441099
1843 0.00435986 0.00776286 0.356815
1844 0.00168858 0.00614368 0.445984
1845 0.0045423 0.00798265 0.345734
1846 0.00140956 0.00606433 0.45024
1847 0.00110887 0.00602746 0.453645
1848 0.000814748 0.00599006 0.456295
1849 0.000526117 0.00592529 0.458489
1850 0.00446635 0.0082988 0.343669
1851 0.0041774 0.00844072 0.353341
1852 0.0038934 0.00858605 0.36199
1853 0.000575543 0.0062293 0.455419
1854 0.00360692 0.00871458 0.370186
1855 0.000582238 0.00655122 0.452221
1856 0.0033243 0.00883253 0.377612
1857 0.000564285 0.00687502 0.448972
1858 0.00302824 0.00893006 0.384912
1859 0.000541623 0.0072 0.445593
1860 0.00273898 0.00903117 0.391149
1861 0.000541623 0.00751111 0.442119
1862 0.00244226 0.00910776 0.397073
1863 0.000541623 0.00782222 0.438527
1864 0.00214193 0.00919116 0.402159
1865 0.000541623 0.00813333 0.434824
1866 0.0018414 0.00925 0.406736
1867 0.000541623 0.00844444 0.43101
1868 0.00153522 0.0093084 0.410582
1869 0.000551257 0.00878423 0.426674
1870 0.00122894 0.00935023 0.413815
1871 0.000565189 0.00912602 0.422174
1872 0.000875643 0.0093318 0.417424
1873 0.000560609 0.00944526 0.417949
1874 0.00298072 0.00700036 0.411642
1875 0.00274707 0.00687509 0.418772
1876 0.00322365 0.00714455 0.40346
1877 0.00343961 0.00731531 0.395073
1878 0.00251286 0.00674961 0.425362
1879 0.00365479 0.0074809 0.386195
1880 0.0022543 0.00663101 0.431783
1881 0.0038727 0.00764376 0.37664
1882 0.00199119 0.0065485 0.437271
1883 0.00409521 0.00780255 0.366308
1884 0.00172999 0.00645932 0.442197
1885 0.00421109 0.00808601 0.357574
1886 0.00147303 0.00636867 0.446486
1887 0.0012139 0.0062782 0.450214
1888 0.000903699 0.00633453 0.452385
1889 0.00390663 0.00826569 0.366284
1890 0.00364415 0.00840288 0.37342
1891 0.00336495 0.00852796 0.380636
1892 0.0008638 0.00670417 0.448934
1893 0.00308212 0.00862311 0.387643
1894 0.00084243 0.00703033 0.445639
1895 0.00279334 0.00872235 0.393991
1896 0.000823885 0.00734907 0.442263
1897 0.00252224 0.00880456 0.399383
1898 0.000813817 0.00766667 0.438712
1899 0.00221919 0.0088869 0.404733
1900 0.000813817 0.00797778 0.435047
1901 0.0019249 0.00894775 0.409371
1902 0.000827651 0.00830387 0.430991
1903 0.00162349 0.00899976 0.413445
1904 0.000830706 0.00863036 0.426886
1905 0.00133682 0.00905367 0.416512
1906 0.00081785 0.00897657 0.422528
1907 0.00108038 0.00910344 0.418598
1908 0.00297661 0.00726925 0.408376
1909 0.0027294 0.00718857 0.415404
1910 0.0024956 0.00706317 0.422088
1911 0.00316267 0.00745446 0.401135
1912 0.00336624 0.00763574 0.392947
1913 0.00229167 0.00690041 0.428041
1914 0.00360413 0.00779504 0.383429
1915 0.00203312 0.00686818 0.433072
1916 0.00388033 0.00797832 0.371496
1917 0.00174278 0.00678279 0.438578
1918 0.00145737 0.00668516 0.44341
1919 0.00117497 0.00656125 0.447768
1920 0.00340721 0.00826208 0.383042
1921 0.00312732 0.00831061 0.390648
1922 0.0011536 0.0068707 0.44474
1923 0.00285627 0.00841034 0.3966
1924 0.001115 0.00718606 0.441676
1925 0.00257671 0.00849607 0.402259
1926 0.00108601 0.00751111 0.438274
1927 0.0022973 0.00857737 0.407252
1928 0.00109675 0.00781754 0.434593
1929 0.00201585 0.00864771 0.411726
1930 0.00108619 0.00813687 0.430849
1931 0.00171034 0.00870865 0.415975
1932 0.00114056 0.00847817 0.426119
1933 0.00138428 0.00874537 0.41997
1934 0.00110665 0.00881658 0.422114
1935 0.00361465 0.00809015 0.378911
1936 0.00280477 0.007547 0.409207
1937 0.00248173 0.00736505 0.418783
1938 0.00217376 0.00717791 0.427103
1939 0.00305021 0.0077637 0.400125
1940 0.00329148 0.00798671 0.390391
1941 0.00182245 0.00711021 0.433778
1942 0.00146114 0.00704065 0.439547
1943 0.00294696 0.008085 0.398614
1944 0.00264846 0.00818485 0.404697
1945 0.00133558 0.00735136 0.437489
1946 0.00236163 0.00827066 0.409925
1947 0.00140392 0.00764706 0.433298
1948 0.00208325 0.00834222 0.414454
1949 0.0013582 0.00797778 0.429877
1950 0.00180494 0.00841269 0.418311
1951 0.00133662 0.00825784 0.426676
1952 0.00148806 0.00849188 0.421898
1953 0.00248245 0.00767142 0.414987
1954 0.00272894 0.00786999 0.406888
1955 0.00220105 0.00752666 0.422427
1956 0.00192051 0.00742114 0.428616
1957 0.00161368 0.00735829 0.433938
1958 0.00243546 0.00797455 0.412172
1959 0.0021432 0.00803868 0.417194
1960 0.001646 0.00789011 0.4272
1961 0.0018759 0.00810233 0.421073
1962 0.00160896 0.00819945 0.423911
1963 0.00482461 0.0102943 0.296141
1964 0.00309072 0.0136492 0.313049
1965 0.00356431 0.0124122 0.318529
1966 0.00104675 0.0173528 0.273313
1967 0.00485343 0.0161249 0.213587
1968 0.00465669 0.016347 0.216546
1969 0.0050401 0.0158957 0.210655
1970 0.00444355 0.0165614 0.219731
1971 0.00521509 0.015658 0.207864
1972 0.00422599 0.0167647 0.222767
1973 0.00538833 0.0153956 0.20509
1974 0.00399855 0.0169551 0.225857
1975 0.0055432 0.0151412 0.202494
1976 0.00376402 0.017139 0.228764
1977 0.0056874 0.0148805 0.20003
1978 0.00351642 0.0173106 0.231747
1979 0.00580997 0.0146095 0.198271
1980 0.00326621 0.0174699 0.234505
1981 0.00593062 0.0143304 0.196314
1982 0.00300624 0.0176145 0.237262
1983 0.00603108 0.0140551 0.194884
1984 0.00273768 0.0177468 0.239901
1985 0.00612013 0.0137751 0.19371
1986 0.00246618 0.0178719 0.242169
1987 0.00619446 0.013487 0.193014
1988 0.00219136 0.017983 0.244228
1989 0.00625695 0.0131904 0.19267
1990 0.00190789 0.0180762 0.246249
1991 0.00630634 0.0128975 0.192658
1992 0.00161718 0.0181533 0.248137
1993 0.00633981 0.012603 0.193213
1994 0.00132646 0.0182272 0.249462
1995 0.00636269 0.0123056 0.194087
1996 0.00104504 0.0182966 0.250195
1997 0.00636851 0.0120057 0.195669
1998 0.000731292 0.0183275 0.25151
1999 0.0063641 0.0117082 0.19759
2000 0.000404673 0.0183462 0.252483
2001 0.0063421 0.0114127 0.20033
2002 0.006308 0.0111135 0.203658
2003 0.00625673 0.0108201 0.207918
2004 0.00619612 0.0105297 0.212741
2005 0.000278182 0.0178422 0.265529
2006 0.00611803 0.0102416 0.218773
2007 0.000277983 0.0175432 0.27281
2008 0.0060323 0.00995244 0.225555
2009 0.000277983 0.0172222 0.28044
2010 0.00592969 0.00967045 0.233933
2011 0.000277983 0.0169012 0.287878
2012 0.00581947 0.0093926 0.243608
2013 0.000277983 0.0165802 0.295131
2014 0.00566579 0.00911762 0.257999
2015 0.000277983 0.0162593 0.302201
2016 0.0055022 0.00883291 0.275115
2017 0.000277983 0.0159383 0.309095
2018 0.000277983 0.0156173 0.315818
2019 0.000277983 0.0152963 0.322377
2020 0.000277983 0.0149753 0.328777
2021 0.00498204 0.00899373 0.306689
2022 0.000277983 0.0146543 0.335024
2023 0.00469555 0.0091411 0.31919
2024 0.000277983 0.0143333 0.341123
2025 0.00439316 0.00929081 0.331073
2026 0.000277983 0.0140123 0.347081
2027 0.00408566 0.00942947 0.342056
2028 0.000277983 0.0136914 0.352902
2029 0.00377904 0.00955746 0.351968
2030 0.000277983 0.0133704 0.358593
2031 0.0034584 0.00967785 0.361354
2032 0.000277983 0.0130494 0.364159
2033 0.00314152 0.00978482 0.369686
2034 0.000277983 0.0127284 0.369604
2035 0.00282176 0.00988167 0.377187
2036 0.000277983 0.0124074 0.374933
2037 0.0025 0.00996853 0.383844
2038 0.000277983 0.0120864 0.38015
2039 0.00216643 0.0100465 0.389849
2040 0.000277983 0.0117654 0.38526
2041 0.00184043 0.0101104 0.394871
2042 0.000277983 0.0114444 0.390266
2043 0.00150765 0.0101659 0.399119
2044 0.000282986 0.0111177 0.395243
2045 0.00116745 0.0102161 0.402514
2046 0.0002979 0.0107901 0.400097
2047 0.000824797 0.0102583 0.405007
2048 0.000270876 0.0104798 0.404723
2049 0.000496748 0.0102512 0.407122
2050 0.000224614 0.0102163 0.408605
2051 0.000252133 0.0181035 0.259085
2052 0.00521149 0.00883696 0.296141
2053 0.00472881 0.0158338 0.223457
2054 0.00454616 0.0160518 0.225999
2055 0.00435194 0.0162629 0.22863
2056 0.0049054 0.015611 0.220784
2057 0.00414505 0.0164608 0.23147
2058 0.0050731 0.0153759 0.218235
2059 0.00392978 0.0166466 0.234335
2060 0.00522777 0.0151262 0.216017
2061 0.00371152 0.0168268 0.236916
2062 0.00536728 0.0148773 0.214013
2063 0.00348195 0.0169988 0.239489
2064 0.00549846 0.0146248 0.212037
2065 0.0032435 0.0171568 0.242084
2066 0.00561783 0.0143661 0.210299
2067 0.00300014 0.0173021 0.244555
2068 0.00571966 0.0141 0.209102
2069 0.00274885 0.0174382 0.246877
2070 0.00580819 0.0138317 0.208233
2071 0.00248796 0.01756 0.24917
2072 0.00588925 0.0135605 0.207439
2073 0.00222501 0.0176674 0.251281
2074 0.00595839 0.0132811 0.20701
2075 0.00196609 0.0177734 0.252802
2076 0.00600832 0.0129994 0.207281
2077 0.00168452 0.0178587 0.254579
2078 0.00604565 0.0127171 0.207948
2079 0.00139376 0.0179075 0.25674
2080 0.00607542 0.0124349 0.208768
2081 0.00110996 0.0179872 0.257447
2082 0.0060912 0.0121484 0.210142
2083 0.000860254 0.0180871 0.256795
2084 0.00609036 0.0118625 0.212231
2085 0.000572567 0.018028 0.259888
2086 0.00607745 0.0115803 0.214821
2087 0.00605109 0.0112959 0.218082
2088 0.00600817 0.0110131 0.222249
2089 0.00595221 0.0107348 0.227204
2090 0.00588924 0.0104576 0.232694
2091 0.000559921 0.0176891 0.268297
2092 0.00580919 0.0101805 0.239493
2093 0.000555329 0.0173827 0.275684
2094 0.00571439 0.00990584 0.247644
2095 0.000552134 0.0170585 0.283299
2096 0.00561582 0.0096336 0.256621
2097 0.000555329 0.0167407 0.290548
2098 0.0055327 0.00936792 0.265162
2099 0.000555329 0.0164198 0.297701
2100 0.0053087 0.00915105 0.284108
2101 0.000555329 0.0160988 0.304672
2102 0.000555329 0.0157778 0.31147
2103 0.000555329 0.0154568 0.318101
2104 0.000555329 0.0151358 0.32457
2105 0.000555329 0.0148148 0.330883
2106 0.00497944 0.00932181 0.301395
2107 0.000555329 0.0144938 0.337046
2108 0.00466852 0.00947138 0.315427
2109 0.000555329 0.0141728 0.343064
2110 0.00435687 0.00962061 0.327788
2111 0.000555329 0.0138519 0.348944
2112 0.00404143 0.00975476 0.339108
2113 0.000555329 0.0135309 0.354691
2114 0.00372124 0.00988308 0.349393
2115 0.000555329 0.0132099 0.36031
2116 0.00339497 0.00999632 0.358883
2117 0.000555329 0.0128889 0.365807
2118 0.00306529 0.0101054 0.36735
2119 0.000555329 0.0125679 0.371186
2120 0.00273153 0.0101994 0.374997
2121 0.000555329 0.0122469 0.376452
2122 0.00239611 0.0102841 0.381689
2123 0.000555329 0.0119259 0.381609
2124 0.00205787 0.0103563 0.387528
2125 0.000555329 0.0116049 0.386659
2126 0.0017191 0.0104225 0.392376
2127 0.000548988 0.0112815 0.391675
2128 0.00137348 0.0104806 0.396365
2129 0.000573725 0.0109532 0.396513
2130 0.00101782 0.0105314 0.399484
2131 0.000627331 0.0105891 0.401607
2132 0.00442145 0.0157622 0.235667
2133 0.00459574 0.0155532 0.233266
2134 0.00425248 0.0159725 0.237455
2135 0.00405754 0.0161725 0.239894
2136 0.00476734 0.0153422 0.230591
2137 0.00385094 0.0163447 0.242796
2138 0.00492767 0.0151029 0.22841
2139 0.00364211 0.0165191 0.24527
2140 0.00505397 0.014863 0.22721
2141 0.00343804 0.016696 0.247106
2142 0.00518355 0.0146245 0.225512
2143 0.00321033 0.0168554 0.249476
2144 0.0053125 0.0143882 0.223464
2145 0.00297892 0.0169904 0.251986
2146 0.00541936 0.0141309 0.222321
2147 0.00275043 0.0171308 0.25383
2148 0.00549949 0.0138748 0.222071
2149 0.00250291 0.01726 0.255824
2150 0.00558132 0.013618 0.221477
2151 0.00224532 0.0173573 0.258214
2152 0.00566298 0.0133601 0.220623
2153 0.00198969 0.0174526 0.260089
2154 0.00571957 0.0130872 0.220857
2155 0.00175471 0.0175967 0.259975
2156 0.0057501 0.0128187 0.222119
2157 0.00148745 0.0175979 0.263239
2158 0.0057834 0.0125496 0.223049
2159 0.00115392 0.017641 0.265568
2160 0.00581602 0.0122791 0.223826
2161 0.000850727 0.0178004 0.26399
2162 0.00582147 0.012002 0.225893
2163 0.00580585 0.0117343 0.228918
2164 0.0057962 0.0114671 0.231534
2165 0.00576344 0.0111915 0.235441
2166 0.00570434 0.0109279 0.240827
2167 0.00564816 0.0106605 0.246186
2168 0.00558581 0.0103958 0.252072
2169 0.00549192 0.0101312 0.260201
2170 0.000819422 0.017206 0.278421
2171 0.0054023 0.00986609 0.268466
2172 0.000833574 0.0169014 0.285367
2173 0.00526513 0.00953963 0.281167
2174 0.000841414 0.0165846 0.29245
2175 0.000832674 0.0162593 0.299651
2176 0.000832674 0.0159383 0.306519
2177 0.000832674 0.0156173 0.313217
2178 0.000832674 0.0152963 0.31975
2179 0.000832674 0.0149753 0.326125
2180 0.000832674 0.0146543 0.332347
2181 0.00491907 0.00964766 0.299889
2182 0.000832674 0.0143333 0.338421
2183 0.00461539 0.00979974 0.313228
2184 0.000832674 0.0140123 0.344355
2185 0.0043079 0.00995071 0.325198
2186 0.000832674 0.0136914 0.350153
2187 0.00398816 0.0100885 0.336454
2188 0.000832674 0.0133704 0.355821
2189 0.00365719 0.0102134 0.346969
2190 0.000832674 0.0130494 0.361364
2191 0.00332147 0.0103283 0.356489
2192 0.000832674 0.0127284 0.366789
2193 0.00297963 0.0104315 0.365109
2194 0.000832674 0.0124074 0.372099
2195 0.00263558 0.010523 0.372733
2196 0.000832674 0.0120864 0.377299
2197 0.00228871 0.0106038 0.379388
2198 0.00083551 0.0117518 0.382585
2199 0.00194456 0.0106757 0.38497
2200 0.000837948 0.0114229 0.387672
2201 0.00159732 0.0107417 0.389567
2202 0.000794776 0.0111362 0.392347
2203 0.0012446 0.0108077 0.393115
2204 0.000899038 0.010856 0.395751
2205 0.000830828 0.0175164 0.271005
2206 0.00410729 0.0156818 0.247627
2207 0.00428616 0.0154765 0.245443
2208 0.00445726 0.0152724 0.243097
2209 0.00398834 0.0159123 0.24704
2210 0.00376559 0.0160475 0.251186
2211 0.00465474 0.0150936 0.238937
2212 0.00355994 0.0162145 0.253736
2213 0.00474149 0.014842 0.239813
2214 0.0033495 0.016383 0.255943
2215 0.00486545 0.0146092 0.238661
2216 0.00318874 0.0165871 0.255707
2217 0.00499599 0.0143786 0.236885
2218 0.00294617 0.0166784 0.259504
2219 0.0051531 0.0141697 0.233322
2220 0.00272268 0.016812 0.26148
2221 0.00519091 0.0139082 0.235327
2222 0.00252329 0.0169835 0.261657
2223 0.00526632 0.0136594 0.235306
2224 0.00227165 0.0170415 0.264981
2225 0.00535186 0.0134106 0.234573
2226 0.00199446 0.0171657 0.26668
2227 0.00546453 0.0131738 0.232144
2228 0.00364717 0.0121427 0.319761
2229 0.00545427 0.0129113 0.235622
2230 0.00412475 0.0122432 0.30137
2231 0.00548189 0.0126492 0.237134
2232 0.00132897 0.0173202 0.271524
2233 0.00552178 0.0123884 0.237854
2234 0.00558507 0.012133 0.237136
2235 0.00552746 0.0118764 0.242549
2236 0.00551543 0.0116163 0.245585
2237 0.0055496 0.0113595 0.246038
2238 0.00544586 0.0111213 0.253869
2239 0.00539881 0.0108544 0.258949
2240 0.005347 0.010596 0.264346
2241 0.00530632 0.0103433 0.269212
2242 0.00515094 0.0101269 0.280643
2243 0.00110991 0.0170731 0.279338
2244 0.00512258 0.00982985 0.285852
2245 0.00113654 0.0167612 0.286209
2246 0.00112361 0.0164253 0.293775
2247 0.00111002 0.0160988 0.300951
2248 0.00111002 0.0157778 0.307712
2249 0.00111002 0.0154568 0.314305
2250 0.00111002 0.0151358 0.320737
2251 0.00111002 0.0148148 0.327013
2252 0.00111002 0.0144938 0.333139
2253 0.0048636 0.00997297 0.298296
2254 0.00111002 0.0141728 0.33912
2255 0.00456569 0.0101314 0.310986
2256 0.00111002 0.0138519 0.344964
2257 0.00426056 0.0102888 0.322509
2258 0.00111002 0.0135309 0.350676
2259 0.0039291 0.0104277 0.333967
2260 0.00111002 0.0132099 0.356262
2261 0.00358599 0.0105484 0.344684
2262 0.00111002 0.0128889 0.361726
2263 0.00323716 0.0106637 0.354297
2264 0.00111002 0.0125679 0.367076
2265 0.00288453 0.010762 0.362938
2266 0.00111002 0.0122469 0.372314
2267 0.00252976 0.0108494 0.370505
2268 0.00111081 0.0119092 0.377702
2269 0.00217593 0.0109282 0.376939
2270 0.00111417 0.0115611 0.383115
2271 0.0018288 0.0109971 0.382219
2272 0.00111332 0.0111704 0.389116
2273 0.00147687 0.0110689 0.386395
2274 0.00397406 0.0154135 0.256787
2275 0.00376481 0.0156959 0.257988
2276 0.00416667 0.0151773 0.25474
2277 0.0043942 0.014921 0.251322
2278 0.00349654 0.0159004 0.261698
2279 0.00325889 0.0160994 0.264035
2280 0.00454006 0.0146155 0.250999
2281 0.00300452 0.0163363 0.265416
2282 0.00468909 0.0143408 0.249643
2283 0.00486266 0.0140501 0.247113
2284 0.00268806 0.0165003 0.268933
2285 0.00237225 0.0166944 0.270932
2286 0.00494817 0.0137248 0.248143
2287 0.00504172 0.0134275 0.248136
2288 0.00204413 0.01683 0.273503
2289 0.00515688 0.0131092 0.247111
2290 0.00176993 0.016988 0.273947
2291 0.00144979 0.0169589 0.278609
2292 0.0051814 0.0127683 0.250063
2293 0.00521872 0.0124568 0.251887
2294 0.00526328 0.0121286 0.253351
2295 0.00523648 0.0117596 0.258563
2296 0.0052407 0.0113995 0.262101
2297 0.00515222 0.0110555 0.270265
2298 0.00509644 0.0107589 0.276401
2299 0.00504677 0.0104567 0.282454
2300 0.00142482 0.0165843 0.287269
2301 0.00141065 0.016253 0.294646
2302 0.00139406 0.0159362 0.301557
2303 0.00138737 0.0156173 0.308238
2304 0.00138737 0.0152963 0.31472
2305 0.00138737 0.0149753 0.321045
2306 0.00138737 0.0146543 0.327217
2307 0.00138737 0.0143333 0.333242
2308 0.00138737 0.0140123 0.339127
2309 0.00452597 0.0104731 0.308245
2310 0.00138737 0.0136914 0.344877
2311 0.0042112 0.0106378 0.3198
2312 0.00138737 0.0133704 0.350498
2313 0.00387226 0.0107764 0.331235
2314 0.00138737 0.0130494 0.355997
2315 0.00350614 0.0108936 0.342472
2316 0.00138737 0.0127284 0.36138
2317 0.00314269 0.0110018 0.352243
2318 0.00138737 0.0124074 0.366653
2319 0.00278048 0.0110923 0.360839
2320 0.00139152 0.0120727 0.371983
2321 0.0024199 0.0111801 0.368113
2322 0.00138212 0.0117418 0.377311
2323 0.00206169 0.0112624 0.37416
2324 0.00139911 0.0114032 0.382334
2325 0.00172547 0.0113211 0.37901
2326 0.00384468 0.0151148 0.266199
2327 0.00365027 0.0153556 0.267688
2328 0.00343078 0.0155787 0.269703
2329 0.00403765 0.0148745 0.264253
2330 0.00421226 0.0146123 0.26278
2331 0.00319604 0.0157804 0.271958
2332 0.00295529 0.0159753 0.273924
2333 0.00436059 0.0143417 0.261909
2334 0.00266303 0.0161608 0.276583
2335 0.00450574 0.0140689 0.260777
2336 0.00462639 0.0137821 0.260376
2337 0.00235819 0.0163369 0.278876
2338 0.00204633 0.0165165 0.280367
2339 0.00471992 0.0134874 0.260822
2340 0.00480974 0.0131917 0.261134
2341 0.00172446 0.0166958 0.281136
2342 0.00487523 0.0128897 0.262259
2343 0.00491364 0.0125814 0.26443
2344 0.00494568 0.0122758 0.266682
2345 0.00494845 0.0119399 0.270497
2346 0.00492666 0.0116013 0.275459
2347 0.00488826 0.0112703 0.281139
2348 0.00483251 0.0109443 0.287697
2349 0.0048015 0.0106244 0.293117
2350 0.00171401 0.0163869 0.288041
2351 0.00169755 0.0160779 0.294861
2352 0.00166909 0.0157722 0.30161
2353 0.00166162 0.0154502 0.308257
2354 0.00166471 0.0151358 0.31445
2355 0.00166471 0.0148148 0.320663
2356 0.00166471 0.0144938 0.326727
2357 0.00166471 0.0141728 0.332646
2358 0.00166471 0.0138519 0.338427
2359 0.00451197 0.010809 0.304475
2360 0.00166471 0.0135309 0.344078
2361 0.00418252 0.0110206 0.315816
2362 0.00166471 0.0132099 0.349604
2363 0.00378433 0.0111192 0.329671
2364 0.00166471 0.0128889 0.355014
2365 0.00340664 0.0112369 0.340789
2366 0.00166471 0.0125679 0.360312
2367 0.00303792 0.0113347 0.350386
2368 0.00167421 0.0122249 0.365717
2369 0.00267155 0.0114274 0.358597
2370 0.00167784 0.0118924 0.370925
2371 0.00229796 0.0115154 0.3657
2372 0.00162431 0.0115967 0.376292
2373 0.00193071 0.0116232 0.371051
2374 0.00370961 0.014819 0.27555
2375 0.00352786 0.0150481 0.276824
2376 0.00333308 0.0152662 0.278218
2377 0.00312142 0.0154658 0.279926
2378 0.00388209 0.014581 0.274274
2379 0.00403645 0.0143331 0.273328
2380 0.00290861 0.0156583 0.281303
2381 0.00265333 0.0158331 0.283465
2382 0.00417584 0.0140771 0.272648
2383 0.002329 0.0159696 0.287098
2384 0.00429954 0.0138136 0.272284
2385 0.0043994 0.0135399 0.272635
2386 0.00202561 0.0161991 0.287497
2387 0.00448429 0.0132617 0.273362
2388 0.00455778 0.0129791 0.274348
2389 0.00461229 0.0126925 0.275947
2390 0.0046564 0.0124046 0.277837
2391 0.00466903 0.0121004 0.281143
2392 0.00462939 0.011784 0.286854
2393 0.00460204 0.011463 0.292092
2394 0.00455429 0.0111317 0.298419
2395 0.00192954 0.0155908 0.301555
2396 0.0019351 0.0152828 0.30761
2397 0.00194206 0.0149753 0.313484
2398 0.00194206 0.0146543 0.319581
2399 0.00194206 0.0143333 0.32553
2400 0.00194206 0.0140123 0.331337
2401 0.00194206 0.0136914 0.337008
2402 0.00194206 0.0133704 0.342554
2403 0.00402265 0.0113722 0.317257
2404 0.00194206 0.0130494 0.34798
2405 0.00377648 0.0126254 0.308383
2406 0.00194362 0.0127228 0.35336
2407 0.00329887 0.0115768 0.3392
2408 0.00194931 0.0123847 0.358747
2409 0.00293538 0.0116633 0.34832
2410 0.00196513 0.0120262 0.364168
2411 0.00257842 0.0117566 0.355845
2412 0.00197448 0.0159032 0.294487
2413 0.00432611 0.0113252 0.305739
2414 0.00223076 0.0118463 0.362
2415 0.00356153 0.0145369 0.284866
2416 0.00339402 0.0147544 0.285856
2417 0.0032266 0.0149681 0.28653
2418 0.00302871 0.0151718 0.287784
2419 0.00282786 0.0153569 0.289017
2420 0.00372073 0.0143082 0.283926
2421 0.00385672 0.0140703 0.283521
2422 0.00266269 0.0155499 0.288872
2423 0.0024201 0.0156307 0.292203
2424 0.00398218 0.0138315 0.283172
2425 0.00408589 0.013578 0.283496
2426 0.00416465 0.0133176 0.284591
2427 0.00424401 0.0130517 0.285532
2428 0.0043089 0.0127836 0.286844
2429 0.00435568 0.0125122 0.28874
2430 0.00442975 0.0122473 0.289302
2431 0.00437363 0.0119827 0.295109
2432 0.00428491 0.0116442 0.303253
2433 0.00219845 0.0154299 0.300311
2434 0.00221586 0.0151203 0.306053
2435 0.00220392 0.0148067 0.312243
2436 0.00221714 0.0144902 0.3179
2437 0.00223226 0.0141796 0.323255
2438 0.0022194 0.0138519 0.3293
2439 0.0022194 0.0135309 0.334855
2440 0.0022194 0.0132099 0.340291
2441 0.00392459 0.0116888 0.316571
2442 0.0022194 0.0128889 0.345614
2443 0.0022225 0.012565 0.350819
2444 0.00318615 0.0119005 0.337766
2445 0.00222672 0.0122137 0.356337
2446 0.00284304 0.0119864 0.345859
2447 0.00217107 0.0157082 0.295195
2448 0.00356017 0.0118419 0.32708
2449 0.00250546 0.0120859 0.35245
2450 0.00324309 0.0144729 0.294952
2451 0.00341694 0.0142795 0.293459
2452 0.0030882 0.0146821 0.295297
2453 0.00295992 0.0149073 0.294345
2454 0.00273978 0.0150467 0.296894
2455 0.00250448 0.0152865 0.29734
2456 0.00355303 0.0140514 0.293294
2457 0.00366414 0.0138177 0.293723
2458 0.00380843 0.0136186 0.292264
2459 0.00384241 0.0133672 0.29507
2460 0.00392923 0.0131088 0.296017
2461 0.00400499 0.0128394 0.29732
2462 0.00406955 0.0125633 0.298941
2463 0.00366212 0.0114776 0.32888
2464 0.00166039 0.0172867 0.268551
2465 0.00411382 0.0119083 0.306359
2466 0.00248751 0.0149321 0.304433
2467 0.00244142 0.0146551 0.310514
2468 0.00254862 0.0143684 0.313569
2469 0.00249967 0.0140125 0.320896
2470 0.00250231 0.0136835 0.326531
2471 0.00250284 0.0133693 0.331839
2472 0.00250283 0.0130554 0.337043
2473 0.00250442 0.0127468 0.342024
2474 0.00250423 0.0124345 0.347012
2475 0.00308187 0.0122097 0.336048
2476 0.00386848 0.0119998 0.314184
2477 0.00338468 0.01215 0.328059
2478 0.0027811 0.0123105 0.342429
2479 0.00291288 0.0144266 0.304217
2480 0.00310338 0.0142203 0.303034
2481 0.00329102 0.014054 0.300792
2482 0.00273443 0.0146829 0.303779
2483 0.00335064 0.0138007 0.303365
2484 0.00346466 0.0135009 0.304959
2485 0.00361456 0.013175 0.305393
2486 0.00369461 0.0128992 0.307033
2487 0.00385237 0.012333 0.310015
2488 0.00279057 0.0141406 0.312163
2489 0.00278444 0.0138171 0.317897
2490 0.00279372 0.0135171 0.322736
2491 0.00279264 0.0132162 0.327735
2492 0.00279669 0.01291 0.332598
2493 0.00279198 0.0126262 0.337221
2494 0.00301044 0.0124738 0.333931
2495 0.00327922 0.0124629 0.326523
2496 0.00303598 0.0139312 0.309734
2497 0.00309805 0.0133726 0.317383
2498 0.00333367 0.0132118 0.31334
2499 0.00338146 0.0129589 0.31591
2500 0.00306991 0.0130596 0.323171
2501 0.00311141 0.0127503 0.326934
2502 0.0034635 0.0126875 0.317595
