0 0 0 0.346821
1 0 0.0458831 0.384246
2 0.018 0.0087178 0.799732
3 0 0.0087178 0.250044
4 1.22465e-18 -0.02 0.68374
5 1.22465e-18 0.02 0.447929
6 0.0169463 -0.0106218 0.42045
7 0.017561 0.00962427 0.436217
8 0.017122 0.0105307 0.445371
9 0.0166829 0.0114372 0.451661
10 0.0162439 0.0123437 0.456374
11 0.0158049 0.0132502 0.460078
12 0.0153659 0.0141566 0.463086
13 0.0149268 0.0150631 0.465173
14 0.0144878 0.0159696 0.466856
15 0.0140488 0.016876 0.467957
16 0.0136098 0.0177825 0.468627
17 0.0131707 0.018689 0.468889
18 0.0127317 0.0195955 0.468764
19 0.0122927 0.0205019 0.468302
20 0.0118537 0.0214084 0.467466
21 0.0114146 0.0223149 0.466305
22 0.0109756 0.0232213 0.464814
23 0.0105366 0.0241278 0.463008
24 0.0100976 0.0250343 0.460895
25 0.00965854 0.0259408 0.458487
26 0.00921951 0.0268472 0.455794
27 0.00878049 0.0277537 0.452821
28 0.00834146 0.0286602 0.449576
29 0.00790244 0.0295667 0.446066
30 0.00746341 0.0304731 0.442295
31 0.00702439 0.0313796 0.438269
32 0.00658537 0.0322861 0.434003
33 0.00614634 0.0331925 0.429445
34 0.00570732 0.034099 0.424673
35 0.00526829 0.0350055 0.419652
36 0.00482927 0.035912 0.414449
37 0.00439024 0.0368184 0.40891
38 0.00395122 0.0377249 0.403046
39 0.0035122 0.0386314 0.397085
40 0.00307317 0.0395378 0.390899
41 0.00263415 0.0404443 0.384454
42 0.00219512 0.0413508 0.377472
43 0.0017561 0.0422573 0.370727
44 0.00131707 0.0431637 0.362949
45 0.000878049 0.0440702 0.355146
46 0.000439024 0.0449767 0.683968
47 0.0010178 0.0199741 0.680703
48 0.00203262 0.0198964 0.674933
49 0.00304203 0.0197673 0.666936
50 0.00404362 0.019587 0.656897
51 0.00503497 0.0193559 0.645118
52 0.00601346 0.0190745 0.631869
53 0.00697619 0.0187439 0.617451
54 0.00792062 0.0183647 0.602168
55 0.0088445 0.0179381 0.586284
56 0.00974561 0.0174649 0.570055
57 0.0106218 0.0169463 0.553821
58 0.0114704 0.0163838 0.537702
59 0.012289 0.0157791 0.522048
60 0.0130758 0.0151336 0.507075
61 0.0138286 0.0144488 0.492776
62 0.0145459 0.0137265 0.47925
63 0.0152256 0.0129685 0.466385
64 0.0158657 0.012177 0.453764
65 0.0164646 0.0113542 0.440164
66 0.0170208 0.010502 0.421752
67 0.017533 0.00962252 0.356074
68 0 0.0448876 0.365622
69 0 0.0438921 0.375889
70 0 0.0428966 0.386448
71 0 0.0419011 0.397771
72 0 0.0409056 0.409422
73 0 0.0399101 0.421423
74 0 0.0389146 0.433843
75 0 0.0379191 0.446636
76 0 0.0369236 0.459811
77 0 0.0359281 0.473242
78 0 0.0349326 0.486877
79 0 0.0339371 0.500717
80 0 0.0329416 0.514726
81 0 0.0319461 0.528861
82 0 0.0309506 0.543096
83 0 0.0299551 0.557397
84 0 0.0289596 0.571733
85 0 0.027964 0.586074
86 0 0.0269685 0.600386
87 0 0.025973 0.614633
88 0 0.0249775 0.628764
89 0 0.023982 0.642758
90 0 0.0229865 0.656666
91 0 0.021991 0.670436
92 0 0.0209955 0.697136
93 0 0.0189743 0.710104
94 0 0.0179487 0.722684
95 0 0.016923 0.734814
96 0 0.0158974 0.746368
97 0 0.0148717 0.757267
98 0 0.0138461 0.767449
99 0 0.0128204 0.776862
100 0 0.0117948 0.785495
101 0 0.0107691 0.793059
102 0 0.00974345 0.800156
103 0.001 0.0087178 0.796443
104 0.002 0.0087178 0.789578
105 0.003 0.0087178 0.779805
106 0.004 0.0087178 0.767308
107 0.005 0.0087178 0.752266
108 0.006 0.0087178 0.734874
109 0.007 0.0087178 0.715316
110 0.008 0.0087178 0.693766
111 0.009 0.0087178 0.670374
112 0.01 0.0087178 0.645256
113 0.011 0.0087178 0.618483
114 0.012 0.0087178 0.590054
115 0.013 0.0087178 0.559881
116 0.014 0.0087178 0.527698
117 0.015 0.0087178 0.492826
118 0.016 0.0087178 0.452451
119 0.017 0.0087178 0.442985
120 0.0174615 -0.00975173 0.43835
121 0.0179317 -0.00885747 0.43405
122 0.0183564 -0.00793989 0.430136
123 0.018734 -0.00700276 0.426649
124 0.0190639 -0.00604699 0.423599
125 0.0193452 -0.00507577 0.421033
126 0.0195768 -0.00409237 0.418956
127 0.0197586 -0.00309772 0.41738
128 0.0198899 -0.00209595 0.416314
129 0.0199704 -0.00108804 0.415747
130 0.0199999 -7.73493e-05 0.41566
131 0.0199782 0.000932748 0.416015
132 0.0199056 0.00194125 0.416751
133 0.0197821 0.00294401 0.417771
134 0.0196081 0.00394004 0.418867
135 0.0193839 0.00492599 0.419679
136 0.0191104 0.00589859 0.419442
137 0.0187878 0.00685689 0.416034
138 0.0184176 0.00779694 0.805242
139 0 0.00772753 0.809473
140 0 0.00673726 0.812693
141 0 0.00574699 0.814858
142 0 0.00475672 0.815879
143 0 0.00376645 0.81573
144 0 0.00277618 0.814396
145 0 0.00178592 0.811868
146 0 0.000795647 0.808147
147 0 -0.000194622 0.803242
148 0 -0.00118489 0.797168
149 0 -0.00217516 0.789947
150 0 -0.00316543 0.781605
151 0 -0.0041557 0.772169
152 0 -0.00514597 0.761667
153 0 -0.00613624 0.750123
154 0 -0.0071265 0.737555
155 0 -0.00811677 0.723969
156 0 -0.00910704 0.709354
157 0 -0.0100973 0.69367
158 0 -0.0110876 0.676838
159 0 -0.0120778 0.658703
160 0 -0.0130681 0.638965
161 0 -0.0140584 0.617012
162 0 -0.0150487 0.591577
163 0 -0.0160389 0.559491
164 0 -0.0170292 0.511576
165 0 -0.0180195 0.421111
166 0 -0.0190097 0.491468
167 0.0010108 -0.0199744 0.513207
168 0.00201823 -0.0198979 0.518863
169 0.00302129 -0.0197705 0.520175
170 0.00401584 -0.0195927 0.51942
171 0.00500092 -0.0193647 0.517396
172 0.00597322 -0.0190872 0.514485
173 0.00692951 -0.0187612 0.510899
174 0.00786884 -0.018387 0.50678
175 0.00878735 -0.0179661 0.502214
176 0.00968413 -0.0174991 0.497286
177 0.0105562 -0.0169873 0.492081
178 0.0114005 -0.0164325 0.486653
179 0.0122165 -0.0158353 0.481075
180 0.0130006 -0.0151982 0.475417
181 0.0137521 -0.0145217 0.469728
182 0.0144684 -0.0138081 0.464082
183 0.0151473 -0.0130599 0.45853
184 0.015788 -0.0122776 0.453129
185 0.0163878 -0.0114647 0.595509
186 0.00496798 0.023822 0.569113
187 0.00796542 0.0217547 0.614159
188 0.00409957 0.0233524 0.57729
189 0.0081702 0.0208733 0.391441
190 0.00101513 0.041376 0.381457
191 0.000823179 0.0423062 0.403001
192 0.000726626 0.0404373 0.413292
193 0.000995822 0.0395281 0.427293
194 0.000867025 0.0384182 0.439744
195 0.000970924 0.0374217 0.452651
196 0.000956271 0.0364417 0.46646
197 0.000880383 0.0354204 0.480113
198 0.000874488 0.0344174 0.493663
199 0.000889097 0.0334343 0.398983
200 0.00161359 0.0404591 0.5076
201 0.000862133 0.0324438 0.40611
202 0.00206863 0.0396109 0.521686
203 0.000862133 0.0314483 0.413418
204 0.00251092 0.0387124 0.535903
205 0.000862133 0.0304528 0.42193
206 0.00285133 0.0377907 0.550201
207 0.000862133 0.0294573 0.428929
208 0.00329246 0.0368927 0.564547
209 0.000862133 0.0284618 0.434369
210 0.00381299 0.0359943 0.578914
211 0.000862133 0.0274663 0.440696
212 0.00426126 0.0350764 0.593272
213 0.000862133 0.0264708 0.446709
214 0.00470278 0.034172 0.607588
215 0.000862133 0.0254753 0.452989
216 0.00511521 0.0332617 0.621832
217 0.000862133 0.0244798 0.457897
218 0.00558083 0.0323591 0.636217
219 0.000907698 0.0234609 0.463031
220 0.00601985 0.0314526 0.650409
221 0.000971687 0.0224404 0.46787
222 0.00645887 0.0305462 0.663847
223 0.000874021 0.0214865 0.472398
224 0.0068979 0.0296397 0.675371
225 0.000719864 0.0206537 0.47661
226 0.00733692 0.0287332 0.480504
227 0.00777595 0.0278267 0.671564
228 0.00160067 0.0207408 0.48407
229 0.00821497 0.0269203 0.665639
230 0.0026272 0.0207168 0.4873
231 0.008654 0.0260138 0.658054
232 0.00371696 0.020527 0.490186
233 0.00909302 0.0251073 0.648602
234 0.0047571 0.0202696 0.49272
235 0.00953205 0.0242009 0.637185
236 0.00576797 0.0199755 0.494881
237 0.00997107 0.0232944 0.623689
238 0.00676453 0.0196594 0.496665
239 0.0104101 0.0223879 0.608434
240 0.00775982 0.019296 0.499167
241 0.010823 0.0214602 0.591596
242 0.0087652 0.0188652 0.499641
243 0.0112601 0.020592 0.573219
244 0.00976476 0.0184017 0.501423
245 0.011652 0.0197001 0.55609
246 0.010684 0.0178572 0.501954
247 0.0120528 0.0188501 0.537254
248 0.0116079 0.0173161 0.502523
249 0.0124765 0.0179184 0.510619
250 0.0127079 0.0168523 0.501293
251 0.0133503 0.0160524 0.492487
252 0.0139214 0.0153376 0.418397
253 0.00165874 0.0388406 0.428558
254 0.00182423 0.0379657 0.440491
255 0.00206351 0.0369305 0.456174
256 0.00175817 0.0359008 0.470268
257 0.00171256 0.0348804 0.483188
258 0.00179993 0.033909 0.496623
259 0.00178765 0.0329569 0.510857
260 0.00178294 0.031952 0.52478
261 0.00180306 0.0309683 0.539759
262 0.00172582 0.0299551 0.55413
263 0.00172582 0.0289596 0.445546
264 0.00280039 0.0360582 0.568531
265 0.00172582 0.027964 0.452272
266 0.00329614 0.0351725 0.582939
267 0.00172582 0.0269685 0.461254
268 0.00363298 0.0342434 0.597317
269 0.00172582 0.025973 0.468832
270 0.00404967 0.0333289 0.611633
271 0.00172582 0.0249775 0.474831
272 0.00453549 0.0324255 0.625859
273 0.00172582 0.023982 0.480353
274 0.00501756 0.0315267 0.639744
275 0.00187004 0.0229538 0.486342
276 0.00545658 0.0306203 0.654778
277 0.00205163 0.0218074 0.491982
278 0.00589561 0.0297138 0.497242
279 0.00633463 0.0288073 0.502127
280 0.00677365 0.0279009 0.506649
281 0.00721268 0.0269944 0.510785
282 0.0076517 0.0260879 0.64813
283 0.0033109 0.0215639 0.514528
284 0.00809073 0.0251814 0.638975
285 0.00444665 0.0212788 0.517873
286 0.00852975 0.024275 0.627567
287 0.00550424 0.0209899 0.520816
288 0.00896878 0.0233685 0.6148
289 0.00650057 0.0206689 0.523307
290 0.0094078 0.022462 0.600403
291 0.00749475 0.0202877 0.526833
292 0.00981897 0.0215083 0.583273
293 0.00851684 0.0198894 0.530207
294 0.0102148 0.0205652 0.561657
295 0.00964392 0.019457 0.527118
296 0.0107118 0.0198335 0.536686
297 0.0108546 0.0189073 0.527557
298 0.0115296 0.0181682 0.45933
299 0.00244609 0.0352833 0.469979
300 0.0026386 0.0343982 0.481822
301 0.00285707 0.0334168 0.497992
302 0.00255162 0.0324643 0.509048
303 0.0028214 0.0315355 0.526162
304 0.00268268 0.0304304 0.540782
305 0.00262007 0.0294615 0.555599
306 0.00260374 0.0284509 0.569607
307 0.00263908 0.0274683 0.584486
308 0.00258951 0.0264708 0.598887
309 0.00258951 0.0254753 0.488692
310 0.00347903 0.032454 0.613187
311 0.00258951 0.0244798 0.495241
312 0.00395691 0.0315971 0.626499
313 0.00252603 0.0235764 0.502252
314 0.00440976 0.0306882 0.634734
315 0.00303791 0.0227096 0.509552
316 0.00482263 0.029783 0.515252
317 0.00530087 0.0288821 0.520701
318 0.00577136 0.027975 0.52626
319 0.00621039 0.0270685 0.531414
320 0.00664941 0.026162 0.536099
321 0.00708843 0.0252556 0.628589
322 0.00413944 0.0223025 0.54115
323 0.00750498 0.0243294 0.617196
324 0.00525906 0.0220068 0.546206
325 0.00790674 0.023397 0.60374
326 0.00631549 0.0216989 0.548226
327 0.00837587 0.022532 0.591608
328 0.00722386 0.0213097 0.550314
329 0.00884595 0.0216207 0.556778
330 0.00919348 0.0205917 0.512161
331 0.00349646 0.0308208 0.524331
332 0.0036637 0.0298666 0.541257
333 0.00334723 0.0289465 0.552176
334 0.00361687 0.0280091 0.569336
335 0.00350032 0.0269218 0.583707
336 0.0034532 0.025973 0.598964
337 0.00342873 0.0249371 0.614917
338 0.00339297 0.0238539 0.530402
339 0.00425767 0.0289312 0.536623
340 0.00472767 0.028065 0.542851
341 0.00520809 0.0271426 0.549847
342 0.00560195 0.0262396 0.55484
343 0.00608614 0.0253297 0.560776
344 0.00648445 0.0244294 0.606512
345 0.00507668 0.022951 0.567236
346 0.00687422 0.0234769 0.592738
347 0.00613086 0.0227007 0.575158
348 0.00724713 0.0224235 0.553949
349 0.00430375 0.0272967 0.565727
350 0.00448042 0.0263461 0.582723
351 0.00417983 0.0254523 0.594452
352 0.0043688 0.0244873 0.571197
353 0.00504978 0.0254032 0.577104
354 0.00546812 0.0245533 0.583628
355 0.00586426 0.0236489 0.719217
356 0.0052943 0.0138545 0.72823
357 0.00435235 0.0142234 0.582823
358 0.0124651 0.0113512 0.722497
359 0.00343592 0.0156616 0.503354
360 0.0155 0.00958382 0.536832
361 0.0145 0.00958382 0.568154
362 0.0135 0.00958382 0.467528
363 0.0164815 0.00957064 0.597649
364 0.0125 0.00958382 0.625436
365 0.0115 0.00958382 0.651559
366 0.0105 0.00958382 0.675979
367 0.0095 0.00958382 0.480665
368 0.0159342 0.0104307 0.698601
369 0.0085 0.00958382 0.491227
370 0.0154119 0.0112438 0.719294
371 0.0075 0.00958382 0.502369
372 0.0148417 0.0120199 0.7379
373 0.0065 0.00958382 0.517995
374 0.0141334 0.0127002 0.754237
375 0.0055 0.00958382 0.530516
376 0.0134959 0.0133713 0.76813
377 0.0045 0.00958382 0.542697
378 0.0128284 0.0140766 0.77983
379 0.00345459 0.00958374 0.557096
380 0.0120857 0.0147143 0.788815
381 0.00234942 0.00959124 0.571947
382 0.0113097 0.0153133 0.795332
383 0.00107953 0.00948033 0.586031
384 0.010536 0.01588 0.600743
385 0.00971628 0.0163995 0.61551
386 0.00888099 0.0168392 0.789463
387 0.000759068 0.01035 0.630147
388 0.00797474 0.0172958 0.782231
389 0.000896914 0.0112415 0.642959
390 0.00712061 0.0176735 0.772884
391 0.000888243 0.0123076 0.65566
392 0.00620958 0.0180049 0.763043
393 0.000888243 0.0133332 0.667189
394 0.00528244 0.0182867 0.752448
395 0.000888243 0.0143589 0.677321
396 0.00432642 0.0185299 0.741162
397 0.000888243 0.0153846 0.684631
398 0.00340927 0.018766 0.729506
399 0.000893282 0.0163877 0.691657
400 0.00239218 0.0188908 0.717632
401 0.000897303 0.0173638 0.696364
402 0.00131683 0.0189647 0.707188
403 0.000806986 0.0182029 0.514647
404 0.014955 0.0103949 0.547243
405 0.0139445 0.0103983 0.577356
406 0.012943 0.0104407 0.604861
407 0.0119803 0.0104592 0.631529
408 0.011 0.0104498 0.656966
409 0.01 0.0104498 0.68064
410 0.009 0.0104498 0.702424
411 0.008 0.0104498 0.524863
412 0.014422 0.0111555 0.722202
413 0.007 0.0104498 0.531776
414 0.0139748 0.0118781 0.739786
415 0.006 0.0104498 0.553381
416 0.0131334 0.0123116 0.755
417 0.005 0.0104498 0.562087
418 0.0125518 0.0131059 0.767658
419 0.004 0.0104498 0.573948
420 0.0118912 0.0137582 0.778304
421 0.0029339 0.010432 0.587783
422 0.011168 0.0143167 0.785466
423 0.0017766 0.010491 0.601059
424 0.0104271 0.0148777 0.614167
425 0.0096705 0.0153976 0.627759
426 0.00887617 0.0158568 0.641407
427 0.00803478 0.0162872 0.653883
428 0.00720346 0.0166714 0.775296
429 0.00178644 0.0117109 0.66533
430 0.00636263 0.0170228 0.765324
431 0.00181028 0.0127822 0.676497
432 0.00547797 0.0173139 0.754892
433 0.00176753 0.0138461 0.687289
434 0.00453448 0.0175354 0.744352
435 0.00175386 0.0148382 0.695251
436 0.00361084 0.0177725 0.732811
437 0.0017721 0.0158511 0.698431
438 0.00280631 0.018112 0.720655
439 0.00180853 0.0168606 0.707175
440 0.00184682 0.0179382 0.556811
441 0.013375 0.0112462 0.610532
442 0.0114834 0.0113396 0.636811
443 0.0105089 0.0112855 0.661421
444 0.00950392 0.0113111 0.683359
445 0.00852631 0.0113603 0.705236
446 0.0075 0.0113159 0.724028
447 0.0065 0.0113159 0.740514
448 0.0055 0.0113159 0.586161
449 0.012051 0.0122104 0.754542
450 0.0045 0.0113159 0.588861
451 0.0116876 0.0129246 0.765884
452 0.00348133 0.011337 0.603655
453 0.0109882 0.0133368 0.774451
454 0.00256237 0.0112533 0.616553
455 0.0102692 0.0138817 0.628004
456 0.00957104 0.0144176 0.639871
457 0.00884557 0.014888 0.6529
458 0.00805804 0.0152796 0.664833
459 0.00725796 0.015671 0.675525
460 0.00646411 0.0160322 0.764123
461 0.0028143 0.0122261 0.685527
462 0.00564975 0.0163517 0.754742
463 0.0026575 0.0133163 0.695216
464 0.00478529 0.0166169 0.744706
465 0.00262576 0.0143068 0.707111
466 0.00371749 0.0167255 0.734125
467 0.00260622 0.0152826 0.710108
468 0.00274947 0.0172213 0.722177
469 0.00269146 0.0162616 0.615191
470 0.0109832 0.0122486 0.64197
471 0.0100369 0.011996 0.660913
472 0.00910958 0.0123532 0.686568
473 0.00801276 0.0122064 0.707542
474 0.00700055 0.012124 0.724377
475 0.00603082 0.0121678 0.739649
476 0.00500523 0.0122211 0.753179
477 0.00396289 0.0121959 0.631488
478 0.0101073 0.0128721 0.644067
479 0.00935689 0.0134275 0.649946
480 0.00881736 0.0140429 0.664452
481 0.0080385 0.0142947 0.676587
482 0.00725048 0.0146592 0.686595
483 0.00648602 0.0150438 0.695367
484 0.00574155 0.0153851 0.703247
485 0.00499062 0.0156917 0.741713
486 0.00352651 0.0138323 0.709866
487 0.00425538 0.0159562 0.732721
488 0.00346241 0.0147321 0.750787
489 0.00349676 0.0129587 0.669997
490 0.00830374 0.0132469 0.706706
491 0.00658722 0.0129942 0.722219
492 0.00563791 0.0130502 0.737353
493 0.00448496 0.0131897 0.685498
494 0.00733419 0.0136862 0.700716
495 0.0063594 0.013972 0.704137
496 0.00576263 0.0145691 0.712741
497 0.00505462 0.0147735 0.691786
498 0.00744277 0.0128577 0.719387
499 0.00427351 0.0151136 0.690784
500 0.00839577 -0.00607441 0.688659
501 0.00944881 -0.00389814 0.69112
502 0.00966049 -0.00275325 0.694721
503 0.00971921 -0.00170956 0.582352
504 0.000883909 -0.0166035 0.553629
505 0.000871785 -0.0176206 0.607683
506 0.000876139 -0.0155781 0.519516
507 0.000870885 -0.0186796 0.630402
508 0.000857598 -0.0145535 0.650486
509 0.000857598 -0.0135633 0.66906
510 0.000857598 -0.012573 0.686358
511 0.000857598 -0.0115827 0.537061
512 0.00245458 -0.0189094 0.702517
513 0.000857598 -0.0105924 0.541533
514 0.00333015 -0.018725 0.717617
515 0.000857598 -0.00960218 0.542117
516 0.00428462 -0.0185344 0.731697
517 0.000857598 -0.00861191 0.540747
518 0.00523187 -0.0183053 0.744773
519 0.000857598 -0.00762164 0.538086
520 0.00616137 -0.0180392 0.756841
521 0.000857598 -0.00663137 0.535297
522 0.00706041 -0.0177034 0.767884
523 0.000857598 -0.0056411 0.531856
524 0.0079573 -0.0173157 0.777877
525 0.000857598 -0.00465083 0.52768
526 0.00882318 -0.016903 0.786792
527 0.000857598 -0.00366056 0.523282
528 0.00966864 -0.0164375 0.794599
529 0.000857598 -0.00267029 0.519085
530 0.0104656 -0.0159253 0.801269
531 0.000857598 -0.00168003 0.514114
532 0.0112646 -0.0153741 0.806775
533 0.000857598 -0.000689757 0.508857
534 0.0120321 -0.014792 0.8111
535 0.000857598 0.000300512 0.503984
536 0.0127411 -0.0141789 0.814229
537 0.000857598 0.00129078 0.498533
538 0.0134734 -0.0134854 0.816157
539 0.000857598 0.00228105 0.493357
540 0.0141232 -0.0128094 0.816888
541 0.000857598 0.00327132 0.488391
542 0.0147459 -0.0120782 0.816433
543 0.000857598 0.00426159 0.483419
544 0.0153411 -0.0113055 0.814813
545 0.000857598 0.00525186 0.478254
546 0.0158933 -0.0105391 0.811934
547 0.000888074 0.00626843 0.47378
548 0.0164 -0.00971919 0.808306
549 0.000812426 0.00721936 0.469729
550 0.0168614 -0.00886668 0.804366
551 0.000679641 0.00803722 0.465325
552 0.0173019 -0.00799002 0.46132
553 0.0176908 -0.00710677 0.803272
554 0.00149799 0.00789841 0.458077
555 0.0180167 -0.00622516 0.798648
556 0.00246816 0.00781882 0.454879
557 0.0183219 -0.00526391 0.790002
558 0.0035 0.00785177 0.452249
559 0.0185617 -0.00435781 0.778922
560 0.0045 0.00785177 0.450354
561 0.0187496 -0.00341286 0.76523
562 0.0055 0.00785177 0.448658
563 0.0188979 -0.00245382 0.7491
564 0.0065 0.00785177 0.446971
565 0.0190099 -0.0015157 0.730724
566 0.0075 0.00785177 0.446296
567 0.0190571 -0.000554434 0.710282
568 0.0085 0.00785177 0.446159
569 0.0190519 0.000409917 0.68794
570 0.0095 0.00785177 0.446038
571 0.0190092 0.00137933 0.663837
572 0.0105 0.00785177 0.44608
573 0.0189232 0.00233951 0.638072
574 0.0115 0.00785177 0.446732
575 0.0187807 0.0032655 0.610687
576 0.0125 0.00785177 0.447727
577 0.0185716 0.00423989 0.58165
578 0.0135 0.00785177 0.448513
579 0.0183162 0.00518339 0.550806
580 0.0145 0.00785177 0.448388
581 0.0180284 0.00609365 0.517751
582 0.0155057 0.00782256 0.44509
583 0.0177678 0.00698071 0.482783
584 0.0164586 0.00786598 0.439321
585 0.0174338 0.0078937 0.526287
586 0.00167914 -0.0191182 0.572965
587 0.00176882 -0.0172069 0.596953
588 0.00176477 -0.0161528 0.548882
589 0.00171405 -0.0181976 0.619729
590 0.00172724 -0.0150929 0.640566
591 0.00171856 -0.0140584 0.659249
592 0.00171856 -0.0130681 0.67679
593 0.00171856 -0.0120778 0.693263
594 0.00171856 -0.0110876 0.559381
595 0.00259243 -0.017921 0.708716
596 0.00171856 -0.0100973 0.562463
597 0.00354706 -0.0177286 0.723177
598 0.00171856 -0.00910704 0.561271
599 0.00452712 -0.0175656 0.736655
600 0.00171856 -0.00811677 0.559239
601 0.00544539 -0.0173363 0.749145
602 0.00171856 -0.0071265 0.556945
603 0.00630034 -0.017052 0.76063
604 0.00171856 -0.00613624 0.55414
605 0.00715722 -0.0167093 0.771086
606 0.00171856 -0.00514597 0.550585
607 0.00800546 -0.016329 0.780484
608 0.00171856 -0.0041557 0.546866
609 0.00881442 -0.015907 0.788792
610 0.00171856 -0.00316543 0.542826
611 0.00960144 -0.0154448 0.795979
612 0.00171856 -0.00217516 0.538608
613 0.0103758 -0.014927 0.802016
614 0.00171856 -0.00118489 0.533948
615 0.0111163 -0.0143918 0.806882
616 0.00171856 -0.000194622 0.529209
617 0.011823 -0.0138237 0.810558
618 0.00171856 0.000795647 0.524536
619 0.0125087 -0.0132002 0.813036
620 0.00171856 0.00178592 0.519617
621 0.013167 -0.0125492 0.814316
622 0.00171856 0.00277618 0.515088
623 0.0137726 -0.0118718 0.814403
624 0.00171856 0.00376645 0.510676
625 0.0143479 -0.0111535 0.813315
626 0.00171856 0.00475672 0.505847
627 0.0149016 -0.010419 0.810982
628 0.00172782 0.00576799 0.501644
629 0.0153931 -0.00967368 0.806724
630 0.00184411 0.00687272 0.497489
631 0.0158658 -0.00887117 0.493737
632 0.0162933 -0.00804017 0.489747
633 0.0166925 -0.00720151 0.48623
634 0.0170395 -0.00635811 0.48328
635 0.0173397 -0.00548113 0.799012
636 0.002976 0.00694492 0.480592
637 0.0175983 -0.00459161 0.789346
638 0.00398976 0.00693776 0.478573
639 0.0178001 -0.00370705 0.776723
640 0.005 0.00698575 0.476913
641 0.0179592 -0.00280647 0.761903
642 0.006 0.00698575 0.475324
643 0.0180841 -0.00189123 0.744758
644 0.007 0.00698575 0.474333
645 0.0181552 -0.00100079 0.72547
646 0.008 0.00698575 0.473723
647 0.0181818 -7.00275e-05 0.704212
648 0.009 0.00698575 0.473543
649 0.018159 0.000860635 0.681143
650 0.01 0.00698575 0.473434
651 0.0180984 0.00177561 0.656388
652 0.011 0.00698575 0.47367
653 0.0179901 0.0026787 0.630029
654 0.012 0.00698575 0.474421
655 0.0178229 0.00359359 0.602082
656 0.013 0.00698575 0.475933
657 0.0175857 0.00450718 0.572491
658 0.014 0.00698575 0.47847
659 0.0172719 0.00540877 0.541216
660 0.0149929 0.00699449 0.479076
661 0.0169889 0.00628956 0.506343
662 0.0160602 0.00685158 0.470887
663 0.0169376 0.00716099 0.582961
664 0.00273362 -0.0168373 0.60752
665 0.00257117 -0.0156622 0.628406
666 0.00257057 -0.0146122 0.647579
667 0.00258112 -0.0135936 0.665776
668 0.00257952 -0.012573 0.682438
669 0.00257952 -0.0115827 0.698141
670 0.00257952 -0.0105924 0.712891
671 0.00257952 -0.00960218 0.580004
672 0.0038576 -0.0168303 0.726689
673 0.00257952 -0.00861191 0.57945
674 0.00475875 -0.0165979 0.739525
675 0.00257952 -0.00762164 0.577938
676 0.00558422 -0.0163406 0.751381
677 0.00257952 -0.00663137 0.575269
678 0.00641347 -0.0160567 0.762231
679 0.00257952 -0.0056411 0.571945
680 0.00723434 -0.0157315 0.772045
681 0.00257952 -0.00465083 0.569067
682 0.00800987 -0.0153365 0.780791
683 0.00257952 -0.00366056 0.565629
684 0.00875591 -0.0149229 0.788435
685 0.00257952 -0.00267029 0.561696
686 0.00951699 -0.0144513 0.794948
687 0.00257952 -0.00168003 0.55777
688 0.010236 -0.0139447 0.800304
689 0.00257952 -0.000689757 0.553447
690 0.0109239 -0.013422 0.804482
691 0.00257952 0.000300512 0.548383
692 0.0115909 -0.0128987 0.807469
693 0.00257952 0.00129078 0.543801
694 0.0122542 -0.0122723 0.809258
695 0.00257952 0.00228105 0.540579
696 0.0128126 -0.0116292 0.80986
697 0.00257952 0.00327132 0.536476
698 0.0133772 -0.0109624 0.809278
699 0.00257952 0.00426159 0.531995
700 0.0139267 -0.0102678 0.807173
701 0.00262434 0.0052752 0.528012
702 0.0144247 -0.00954735 0.805196
703 0.00252985 0.00616413 0.524319
704 0.0148728 -0.00882423 0.520394
705 0.0153118 -0.00804937 0.51696
706 0.0157039 -0.00724508 0.513565
707 0.0160579 -0.00643993 0.50969
708 0.0163904 -0.0056521 0.507024
709 0.0166634 -0.0047896 0.798384
710 0.00347843 0.00594233 0.506013
711 0.0168418 -0.00395176 0.786234
712 0.00454133 0.00610003 0.504282
713 0.0170153 -0.00310217 0.773067
714 0.00551397 0.00610272 0.502582
715 0.0171584 -0.0022304 0.757349
716 0.0065 0.00611972 0.501569
717 0.0172462 -0.0013598 0.739265
718 0.0075 0.00611972 0.500896
719 0.017291 -0.000507406 0.719135
720 0.0085 0.00611972 0.500243
721 0.0173037 0.000374333 0.69713
722 0.0095 0.00611972 0.500437
723 0.0172547 0.00126175 0.673399
724 0.0105 0.00611972 0.500619
725 0.0171737 0.00213144 0.648055
726 0.0115 0.00611972 0.500348
727 0.0170763 0.00298334 0.621159
728 0.0125 0.00611972 0.501659
729 0.016887 0.00387075 0.592525
730 0.0135081 0.00611232 0.505601
731 0.016593 0.00471052 0.563249
732 0.0144781 0.00613509 0.512417
733 0.0161648 0.00566896 0.534606
734 0.0153678 0.0061948 0.596922
735 0.00337341 -0.0160828 0.614902
736 0.00339316 -0.0151714 0.634428
737 0.00343068 -0.0141289 0.652222
738 0.00346155 -0.0131277 0.66978
739 0.00345818 -0.0120946 0.686042
740 0.00344048 -0.0110876 0.701015
741 0.00344048 -0.0100973 0.715069
742 0.00344048 -0.00910704 0.728188
743 0.00344048 -0.00811677 0.597894
744 0.00493172 -0.0155867 0.740352
745 0.00344048 -0.0071265 0.596006
746 0.00570849 -0.0153347 0.751535
747 0.00344048 -0.00613624 0.592068
748 0.00649566 -0.0151105 0.761705
749 0.00344048 -0.00514597 0.589062
750 0.00727138 -0.0147685 0.770831
751 0.00344048 -0.0041557 0.587016
752 0.00796703 -0.0143589 0.778877
753 0.00344048 -0.00316543 0.583624
754 0.00866653 -0.0139573 0.785813
755 0.00344048 -0.00217516 0.579809
756 0.00938511 -0.0134942 0.791608
757 0.00344048 -0.00118489 0.576913
758 0.0100403 -0.0129673 0.796241
759 0.00344048 -0.000194622 0.572478
760 0.0106946 -0.0124675 0.799694
761 0.00344048 0.000795647 0.564091
762 0.011425 -0.0120584 0.801946
763 0.00344565 0.00180855 0.564781
764 0.0118727 -0.0113512 0.803287
765 0.00341072 0.00278716 0.561724
766 0.0124013 -0.0107181 0.802936
767 0.00343873 0.00378776 0.556829
768 0.0129629 -0.0100929 0.801421
769 0.00345933 0.0048012 0.55314
770 0.0134642 -0.00939827 0.550041
771 0.0138974 -0.00871176 0.545795
772 0.0143424 -0.00802006 0.542338
773 0.0147455 -0.00725733 0.540183
774 0.0150697 -0.0064736 0.5371
775 0.0153875 -0.00571304 0.529344
776 0.0158302 -0.00500374 0.53232
777 0.0158851 -0.00417089 0.531407
778 0.0160442 -0.00335657 0.782559
779 0.00504055 0.00519808 0.528881
780 0.0162296 -0.00253888 0.76848
781 0.00600198 0.00522611 0.527899
782 0.0163329 -0.00169656 0.751603
783 0.007 0.0052537 0.527565
784 0.016383 -0.00088419 0.732647
785 0.008 0.0052537 0.526517
786 0.0164289 -6.92493e-05 0.711748
787 0.009 0.0052537 0.526073
788 0.0164238 0.000787695 0.689063
789 0.01 0.0052537 0.527649
790 0.0163218 0.0016227 0.664737
791 0.011 0.0052537 0.527825
792 0.0162393 0.00243925 0.63887
793 0.012 0.0052537 0.524109
794 0.0162549 0.00326829 0.610492
795 0.0130393 0.00523671 0.532525
796 0.0158679 0.00398249 0.580407
797 0.0140811 0.00523116 0.533013
798 0.0157068 0.00478771 0.597596
799 0.00416174 -0.015869 0.792528
800 0.0042071 0.00529767 0.548879
801 0.0150917 0.00537029 0.617221
802 0.00421405 -0.0148259 0.63607
803 0.00431703 -0.0137526 0.654385
804 0.00436053 -0.0126692 0.671649
805 0.00431636 -0.0116268 0.68762
806 0.00430143 -0.0105924 0.701888
807 0.00430143 -0.00960218 0.715245
808 0.00430143 -0.00861191 0.727667
809 0.00430143 -0.00762164 0.616946
810 0.00504282 -0.0145143 0.739131
811 0.00430143 -0.00663137 0.61217
812 0.00583944 -0.0143775 0.749607
813 0.00430143 -0.0056411 0.605373
814 0.00663124 -0.0142793 0.759059
815 0.00430143 -0.00465083 0.606481
816 0.00720594 -0.0138148 0.767456
817 0.00430143 -0.00366056 0.604905
818 0.00787774 -0.0133714 0.774762
819 0.00430143 -0.00267029 0.598447
820 0.00861407 -0.0130987 0.780948
821 0.00430143 -0.00168003 0.599142
822 0.0091425 -0.012522 0.785989
823 0.00430143 -0.000689757 0.595002
824 0.00987594 -0.0119612 0.789867
825 0.00430143 0.000300512 0.587856
826 0.0107414 -0.0113373 0.792462
827 0.00432179 0.00134369 0.793996
828 0.00431615 0.00236828 0.585655
829 0.0114048 -0.0105028 0.795892
830 0.004162 0.00326847 0.581856
831 0.0120023 -0.00978847 0.792174
832 0.00443728 0.00421762 0.573441
833 0.0126301 -0.00931001 0.574673
834 0.0129241 -0.00857872 0.57136
835 0.0133499 -0.00790294 0.563694
836 0.0138885 -0.00729924 0.565083
837 0.0140957 -0.0065171 0.562627
838 0.0144355 -0.00567181 0.556864
839 0.0148869 -0.00470493 0.557356
840 0.0150642 -0.00365426 0.556052
841 0.0152411 -0.00274163 0.778413
842 0.00548058 0.00429621 0.549213
843 0.0155599 -0.00201904 0.762417
844 0.0065 0.00438767 0.553463
845 0.0154655 -0.00123538 0.744929
846 0.00748916 0.00437075 0.552932
847 0.0155136 -0.000426451 0.72494
848 0.0085 0.00438767 0.547872
849 0.0156899 0.000342976 0.703337
850 0.0095 0.00438767 0.553284
851 0.015481 0.00109989 0.680043
852 0.0105 0.00438767 0.55464
853 0.0153763 0.0020181 0.655192
854 0.0115 0.00438767 0.554773
855 0.0152641 0.00308532 0.628146
856 0.0125278 0.00438017 0.598416
857 0.0136024 0.00434489 0.563408
858 0.0148063 0.00429358 0.63463
859 0.00534344 -0.0133643 0.655716
860 0.00519359 -0.0121656 0.6723
861 0.00514586 -0.0111276 0.686397
862 0.00518024 -0.0101425 0.700241
863 0.00517805 -0.00913565 0.713423
864 0.00516239 -0.00811677 0.725128
865 0.00516239 -0.0071265 0.735865
866 0.00516239 -0.00613624 0.7456
867 0.00516239 -0.00514597 0.623366
868 0.00634528 -0.0134235 0.7543
869 0.00516239 -0.0041557 0.624836
870 0.00709854 -0.0127872 0.761931
871 0.00516239 -0.00316543 0.620748
872 0.00804854 -0.0122234 0.768463
873 0.00516239 -0.00217516 0.773866
874 0.00516239 -0.00118489 0.617704
875 0.00887751 -0.0115652 0.77812
876 0.00516239 -0.000194622 0.612734
877 0.00968201 -0.010948 0.781206
878 0.00517363 0.000844978 0.608598
879 0.0104 -0.0102631 0.782662
880 0.00521718 0.00194754 0.784257
881 0.00513971 0.00318669 0.60449
882 0.0110781 -0.00951295 0.597136
883 0.0118535 -0.00873109 0.595366
884 0.0123788 -0.00776307 0.589467
885 0.0130023 -0.00682315 0.587672
886 0.0134019 -0.00581989 0.584426
887 0.0137828 -0.004891 0.582429
888 0.0140703 -0.00392872 0.580729
889 0.0143012 -0.00294387 0.576156
890 0.0145997 -0.00188178 0.770941
891 0.00604077 0.00355921 0.756019
892 0.00695614 0.00346833 0.57828
893 0.0145965 -0.000777907 0.737113
894 0.00797829 0.00349548 0.576572
895 0.0146826 0.000331928 0.716171
896 0.009 0.00352165 0.693935
897 0.01 0.00352165 0.579495
898 0.0145514 0.00138869 0.670105
899 0.011 0.00352165 0.581631
900 0.0144124 0.0023799 0.644756
901 0.012 0.0035357 0.617437
902 0.0130248 0.00351376 0.587499
903 0.0141061 0.00339365 0.640885
904 0.00614254 -0.0124947 0.668328
905 0.00606928 -0.0107479 0.683196
906 0.00605969 -0.0096942 0.697118
907 0.00604108 -0.00864205 0.709257
908 0.00604123 -0.00763419 0.720584
909 0.00602335 -0.00663137 0.730565
910 0.00602335 -0.0056411 0.739531
911 0.00602335 -0.00465083 0.747447
912 0.00602335 -0.00366056 0.645762
913 0.00692093 -0.0115888 0.754283
914 0.00602335 -0.00267029 0.639568
915 0.00786323 -0.0111298 0.760012
916 0.00602335 -0.00168003 0.764602
917 0.00602335 -0.000689757 0.633937
918 0.0087178 -0.0105888 0.768464
919 0.00599642 0.000310962 0.630838
920 0.00940489 -0.00994435 0.769883
921 0.00606213 0.00134198 0.627144
922 0.010064 -0.0092728 0.768663
923 0.00622153 0.00254026 0.622529
924 0.0107256 -0.00855256 0.618708
925 0.0113357 -0.00771424 0.615411
926 0.0118692 -0.00683094 0.612147
927 0.0123412 -0.00593105 0.609416
928 0.0127291 -0.00503773 0.606887
929 0.01306 -0.00413169 0.605421
930 0.0133053 -0.00319686 0.603668
931 0.0135174 -0.00225036 0.603043
932 0.0136456 -0.00123963 0.747899
933 0.00744365 0.00258798 0.6032
934 0.0136979 -0.000209965 0.727759
935 0.00848826 0.00263357 0.60368
936 0.0136918 0.000785622 0.706374
937 0.0095 0.00265562 0.6834
938 0.0105081 0.00264671 0.604523
939 0.0136344 0.00172545 0.659308
940 0.011498 0.00266899 0.634608
941 0.0124559 0.00271977 0.656992
942 0.0059084 -0.011625 0.608565
943 0.0134281 0.00264821 0.662659
944 0.00698148 -0.0103614 0.679774
945 0.00689104 -0.00916369 0.691618
946 0.00694025 -0.00814315 0.70354
947 0.00690445 -0.00713005 0.714061
948 0.00688431 -0.00613624 0.723264
949 0.00688431 -0.00514597 0.731328
950 0.00688893 -0.00416018 0.738219
951 0.00690131 -0.00317436 0.744555
952 0.00688431 -0.00217516 0.650763
953 0.00791846 -0.0102597 0.749315
954 0.00690225 -0.00115109 0.753287
955 0.00689109 -0.000137995 0.650561
956 0.00845672 -0.0096429 0.757843
957 0.00675322 0.000755434 0.649053
958 0.00904107 -0.00897971 0.753799
959 0.00708389 0.00162965 0.643459
960 0.00974428 -0.00836996 0.640488
961 0.0103198 -0.00761155 0.638415
962 0.0108105 -0.00679835 0.635766
963 0.0112787 -0.00595385 0.63275
964 0.011699 -0.00512432 0.629555
965 0.0120737 -0.00429886 0.627945
966 0.0123469 -0.00341754 0.627901
967 0.0125125 -0.00253041 0.627661
968 0.0126488 -0.00161047 0.627096
969 0.0127567 -0.00067612 0.736795
970 0.00802383 0.00170915 0.628256
971 0.0127575 0.000314923 0.717052
972 0.00901195 0.00179998 0.628136
973 0.0127674 0.00121383 0.695594
974 0.01 0.00178959 0.671228
975 0.0110463 0.00174809 0.646792
976 0.01203 0.00184309 0.624987
977 0.0128591 0.00202752 0.670848
978 0.00791262 -0.00870111 0.684777
979 0.00782948 -0.00759618 0.696705
980 0.0077275 -0.00660652 0.706627
981 0.00769178 -0.00562205 0.713777
982 0.00774971 -0.00466884 0.720433
983 0.00778297 -0.00370158 0.726738
984 0.00778939 -0.00269291 0.731809
985 0.00781023 -0.00164951 0.736321
986 0.00780092 -0.000564198 0.741311
987 0.00770403 0.000620719 0.665116
988 0.00874464 -0.00802286 0.657866
989 0.00944552 -0.00753413 0.659169
990 0.0097896 -0.00675669 0.65799
991 0.0102266 -0.00592635 0.655117
992 0.0106662 -0.00514429 0.651575
993 0.0110814 -0.00436663 0.64617
994 0.0115167 -0.00363405 0.649449
995 0.0115644 -0.00277774 0.650523
996 0.0116696 -0.00190524 0.650542
997 0.0117827 -0.00099935 0.646783
998 0.0120026 -0.000164253 0.725434
999 0.00856661 0.00100174 0.655251
1000 0.0117015 0.000800041 0.706971
1001 0.00945894 0.000924183 0.683175
1002 0.0105295 0.000866933 0.66501
1003 0.00759624 -0.00953916 0.67684
1004 0.00872827 -0.00694105 0.694889
1005 0.00859426 -0.005215 0.700079
1006 0.00869073 -0.00432429 0.70749
1007 0.00867983 -0.00324723 0.712175
1008 0.00873771 -0.00219695 0.716655
1009 0.0087419 -0.00114162 0.719788
1010 0.00876181 -4.39678e-06 0.676234
1011 0.00926005 -0.00598175 0.678251
1012 0.00958453 -0.00499377 0.670339
1013 0.0101935 -0.00437955 0.696481
1014 0.00979794 -0.000717957 0.669292
1015 0.0105508 -0.00334861 0.671933
1016 0.010672 -0.00226434 0.673563
1017 0.0107612 -0.00129504 0.672475
1018 0.0109312 -0.000215747 0.696424
