1 0 0 7.11144
2 -1.31814e-05 0.0843 7.14747
3 0.000965173 0.000254742 6.78576
4 0.00193035 0.000509484 6.68578
5 0.00289552 0.000764226 6.63468
6 0.00386069 0.00101897 6.609
7 0.00482586 0.00127371 6.60782
8 0.00578087 0.00156352 6.59409
9 0.00673273 0.00186421 6.58032
10 0.00768459 0.00216491 6.57338
11 0.00863645 0.0024656 6.57266
12 0.00958831 0.00276629 6.5855
13 0.0105321 0.00309052 6.59296
14 0.0114689 0.00343542 6.59215
15 0.0124053 0.00378106 6.613
16 0.0133259 0.00416716 6.60818
17 0.0142464 0.00455325 6.61972
18 0.0151583 0.00495885 6.63098
19 0.0160615 0.00538377 6.63489
20 0.0169648 0.00580868 6.66929
21 0.0178453 0.00627895 6.67767
22 0.0187221 0.00675569 6.71159
23 0.0195739 0.00727613 6.72286
24 0.0204188 0.00780725 6.75458
25 0.0212428 0.00837071 6.77803
26 0.0220554 0.00895 6.82319
27 0.0228403 0.00956626 6.86667
28 0.0235971 0.0102171 6.9068
29 0.0243276 0.0108973 6.94785
30 0.0250335 0.0116031 7.00164
31 0.0257067 0.01234 7.06082
32 0.0263387 0.0131126 7.1084
33 0.0269366 0.0139118 7.15398
34 0.0275032 0.0147335 7.20457
35 0.0280355 0.0155777 7.25801
36 0.0285273 0.0164464 7.3008
37 0.0289842 0.0173339 7.34064
38 0.0294098 0.0182368 7.38302
39 0.029799 0.0191559 7.41647
40 0.0301579 0.0200872 7.4511
41 0.0304822 0.0210311 7.47342
42 0.0307866 0.0219816 7.51198
43 0.0310543 0.0229433 7.53603
44 0.0312931 0.0239123 7.55765
45 0.0315098 0.0248866 7.59036
46 0.0316903 0.0258683 7.61013
47 0.0318397 0.0268551 7.62539
48 0.031965 0.0278452 7.64964
49 0.0320544 0.0288394 7.66426
50 0.0321067 0.0298361 7.66668
51 0.0321321 0.0308337 7.67651
52 0.0321232 0.0318319 7.68189
53 0.0320699 0.0328285 7.66503
54 0.0319888 0.0338231 7.65652
55 0.0318766 0.034815 7.64923
56 0.0317157 0.0358001 7.61229
57 0.0315293 0.0367805 7.58795
58 0.0313157 0.0377556 7.56829
59 0.031056 0.0387194 7.51931
60 0.0307756 0.0396772 7.48756
61 0.0304715 0.0406279 7.45932
62 0.0301308 0.0415661 7.41103
63 0.029775 0.0424987 7.38128
64 0.0293982 0.043423 7.35048
65 0.0289982 0.0443375 7.31272
66 0.0285882 0.0452476 7.29029
67 0.0281604 0.0461495 7.26192
68 0.0277224 0.0470465 7.23911
69 0.0272777 0.0479401 7.22283
70 0.0268226 0.0488286 7.2033
71 0.0263655 0.049716 7.19222
72 0.0259051 0.0506017 7.18111
73 0.0254454 0.0514878 7.17463
74 0.0249866 0.0523743 7.16811
75 0.0245345 0.0532643 7.16897
76 0.024088 0.0541571 7.16873
77 0.0236488 0.0550535 7.16866
78 0.0232254 0.0559574 7.17984
79 0.0228107 0.0568654 7.18241
80 0.0224151 0.0577819 7.19486
81 0.0220382 0.0587061 7.21038
82 0.0216752 0.0596359 7.21683
83 0.0213423 0.060577 7.24379
84 0.0210281 0.0615243 7.26367
85 0.0207325 0.0624777 7.27959
86 0.0204685 0.0634404 7.31603
87 0.0202205 0.0644072 7.34353
88 0.01999 0.0653784 7.3744
89 0.0197769 0.0663536 7.41281
90 0.0195685 0.0673299 7.44383
91 0.0193667 0.0683075 7.48451
92 0.0191543 0.0692827 7.51364
93 0.0189189 0.0702528 7.52641
94 0.0186656 0.0712183 7.54713
95 0.0183676 0.0721708 7.54336
96 0.0179958 0.073097 7.48921
97 0.0175779 0.0740035 7.44554
98 0.0170968 0.0748776 7.38185
99 0.0165268 0.0756963 7.27366
100 0.015892 0.0764664 7.1711
101 0.0152136 0.0771983 7.09186
102 0.0144824 0.0778773 7.00569
103 0.0137022 0.0784993 6.91856
104 0.0128773 0.0790615 6.83319
105 0.0120363 0.0795985 6.78612
106 0.01118 0.0801113 6.7532
107 0.0102977 0.0805782 6.71154
108 0.00940088 0.0810158 6.68296
109 0.00849139 0.0814269 6.66161
110 0.0075628 0.0817932 6.62798
111 0.00663421 0.0821595 6.62678
112 0.0057045 0.0825227 6.63656
113 0.00475895 0.0828427 6.62464
114 0.00381339 0.0831627 6.64314
115 0.00286729 0.0834809 6.67857
116 0.00190713 0.0837539 6.71208
117 0.000946976 0.084027 6.81123
118 -1.30245e-05 0.0832964 6.04449
119 -1.28676e-05 0.0822929 4.99836
120 -1.27107e-05 0.0812893 4.02847
121 -1.25538e-05 0.0802857 3.1656
122 -1.23968e-05 0.0792821 2.42351
123 -1.22399e-05 0.0782786 1.80133
124 -1.2083e-05 0.077275 1.29504
125 -1.19261e-05 0.0762714 0.897963
126 -1.17691e-05 0.0752679 0.599518
127 -1.16122e-05 0.0742643 0.385509
128 -1.14553e-05 0.0732607 0.239367
129 -1.12984e-05 0.0722571 0.144167
130 -1.11415e-05 0.0712536 0.0846994
131 -1.09845e-05 0.07025 0.0488165
132 -1.08276e-05 0.0692464 0.0277391
133 -1.06707e-05 0.0682429 0.0156031
134 -1.05138e-05 0.0672393 0.00871472
135 -1.03569e-05 0.0662357 0.00484407
136 -1.01999e-05 0.0652321 0.00268406
137 -1.0043e-05 0.0642286 0.00148427
138 -9.88609e-06 0.063225 0.000819847
139 -9.72916e-06 0.0622214 0.000452604
140 -9.57224e-06 0.0612179 0.00024984
141 -9.41532e-06 0.0602143 0.000137945
142 -9.2584e-06 0.0592107 7.6201e-05
143 -9.10148e-06 0.0582071 4.21227e-05
144 -8.94455e-06 0.0572036 2.33051e-05
145 -8.78763e-06 0.0562 1.29074e-05
146 -8.63071e-06 0.0551964 7.15736e-06
147 -8.47379e-06 0.0541929 3.97444e-06
148 -8.31687e-06 0.0531893 2.21057e-06
149 -8.15994e-06 0.0521857 1.23184e-06
150 -8.00302e-06 0.0511821 6.87982e-07
151 -7.8461e-06 0.0501786 3.85267e-07
152 -7.68918e-06 0.049175 2.16455e-07
153 -7.53226e-06 0.0481714 1.22121e-07
154 -7.37533e-06 0.0471679 6.92969e-08
155 -7.21841e-06 0.0461643 3.96873e-08
156 -7.06149e-06 0.0451607 2.31445e-08
157 -6.90457e-06 0.0441571 1.40749e-08
158 -6.74765e-06 0.0431536 9.46813e-09
159 -6.59072e-06 0.04215 7.84429e-09
160 -6.4338e-06 0.0411464 8.74332e-09
161 -6.27688e-06 0.0401429 1.25741e-08
162 -6.11996e-06 0.0391393 2.07707e-08
163 -5.96304e-06 0.0381357 3.63129e-08
164 -5.80611e-06 0.0371321 6.4798e-08
165 -5.64919e-06 0.0361286 1.16448e-07
166 -5.49227e-06 0.035125 2.09776e-07
167 -5.33535e-06 0.0341214 3.78218e-07
168 -5.17843e-06 0.0331179 6.82131e-07
169 -5.0215e-06 0.0321143 1.23045e-06
170 -4.86458e-06 0.0311107 2.21983e-06
171 -4.70766e-06 0.0301071 4.0053e-06
172 -4.55074e-06 0.0291036 7.22801e-06
173 -4.39382e-06 0.0281 1.3046e-05
174 -4.23689e-06 0.0270964 2.3551e-05
175 -4.07997e-06 0.0260929 4.25221e-05
176 -3.92305e-06 0.0250893 7.67854e-05
177 -3.76613e-06 0.0240857 0.000138668
178 -3.60921e-06 0.0230821 0.000250416
179 -3.45228e-06 0.0220786 0.000452138
180 -3.29536e-06 0.021075 0.000816023
181 -3.13844e-06 0.0200714 0.00147165
182 -2.98152e-06 0.0190679 0.00265071
183 -2.8246e-06 0.0180643 0.00476491
184 -2.66767e-06 0.0170607 0.00853936
185 -2.51075e-06 0.0160571 0.0152342
186 -2.35383e-06 0.0150536 0.0269971
187 -2.19691e-06 0.01405 0.0473863
188 -2.03999e-06 0.0130464 0.0820625
189 -1.88306e-06 0.0120429 0.139535
190 -1.72614e-06 0.0110393 0.231656
191 -1.56922e-06 0.0100357 0.373411
192 -1.4123e-06 0.00903214 0.581717
193 -1.25538e-06 0.00802857 0.873522
194 -1.09845e-06 0.007025 1.264
195 -9.41532e-07 0.00602143 1.76361
196 -7.8461e-07 0.00501786 2.37916
197 -6.27688e-07 0.00401429 3.11564
198 -4.70766e-07 0.00301071 3.97539
199 -3.13844e-07 0.00200714 4.94797
200 -1.56922e-07 0.00100357 5.9998
201 0.0157384 0.032237 1.72389e-05
202 0.0157627 0.0312577 2.33526e-05
203 0.0158926 0.0292088 6.58031e-05
204 0.0157046 0.0281 0.000113894
205 0.0154789 0.02639 0.000284759
206 0.0155549 0.0271673 0.000184907
207 0.0134766 0.0774437 5.5337
208 0.0141678 0.0768113 5.53985
209 0.0148231 0.0761435 5.56659
210 0.0127389 0.0779965 5.49062
211 0.0154502 0.0754601 5.64074
212 0.0119284 0.0784927 5.40031
213 0.0160183 0.0747387 5.70835
214 0.0111063 0.0789739 5.34428
215 0.0165126 0.0739508 5.72905
216 0.0102398 0.0794634 5.32635
217 0.0169402 0.0731244 5.72574
218 0.00939309 0.0799245 5.343
219 0.0173116 0.072271 5.70412
220 0.00853868 0.0803712 5.38485
221 0.0176318 0.0713847 5.65947
222 0.00766926 0.0807512 5.38558
223 0.017915 0.0704709 5.60795
224 0.00674901 0.0810809 5.33721
225 0.0181724 0.0695443 5.56168
226 0.00583091 0.0814028 5.30506
227 0.0184015 0.0685952 5.4939
228 0.0049005 0.0817247 5.30052
229 0.0186148 0.0676412 5.42333
230 0.00393531 0.0820563 5.32862
231 0.0188285 0.0666609 5.35606
232 0.00294452 0.0823826 5.37665
233 0.0190482 0.0656822 5.30441
234 0.0018983 0.082626 5.37315
235 0.0192697 0.0647091 5.24961
236 0.000956216 0.0829444 5.56759
237 0.0195139 0.0637149 5.21036
238 0.0197854 0.0627283 5.20299
239 0.0200648 0.0617703 5.19366
240 0.020371 0.0607922 5.18452
241 0.00105406 0.0818462 4.42328
242 0.0207066 0.0598295 5.20221
243 0.000851283 0.0807681 3.4378
244 0.0210613 0.0588822 5.22449
245 0.000847999 0.0797718 2.64283
246 0.0214334 0.0579291 5.23119
247 0.0008568 0.0787805 1.9714
248 0.0218281 0.0569945 5.25488
249 0.000856957 0.0777769 1.4131
250 0.022239 0.0560717 5.28099
251 0.000857114 0.0767734 0.971754
252 0.022653 0.0551563 5.28476
253 0.000857271 0.0757698 0.63899
254 0.0230957 0.0542294 5.30221
255 0.000857428 0.0747662 0.401581
256 0.0235412 0.0533363 5.32958
257 0.000857585 0.0737626 0.242087
258 0.0239868 0.0524433 5.33872
259 0.000857742 0.0727591 0.141083
260 0.0244447 0.0515422 5.349
261 0.000857898 0.0717555 0.0802621
262 0.0249044 0.0506553 5.36666
263 0.000858055 0.0707519 0.044971
264 0.0253642 0.0497695 5.3825
265 0.000858212 0.0697484 0.0249779
266 0.0258179 0.0488876 5.3938
267 0.000858369 0.0687448 0.0138087
268 0.0262681 0.0480006 5.40178
269 0.000858526 0.0677412 0.0076164
270 0.0267181 0.0471098 5.41857
271 0.000858683 0.0667376 0.00419671
272 0.0271562 0.0462271 5.43987
273 0.00085884 0.0657341 0.00231176
274 0.0275745 0.0453429 5.44766
275 0.000858997 0.0647305 0.00127359
276 0.0279911 0.0444361 5.46128
277 0.000859154 0.0637269 0.000701913
278 0.0283986 0.043536 5.49655
279 0.000859311 0.0627234 0.000387057
280 0.0287651 0.0426551 5.50892
281 0.000859468 0.0617198 0.000213582
282 0.0291251 0.0417245 5.51559
283 0.000859625 0.0607162 0.000117952
284 0.0294681 0.0408085 5.54689
285 0.000859781 0.0597126 6.51985e-05
286 0.0297784 0.0398875 5.56343
287 0.000859938 0.0587091 3.60753e-05
288 0.0300619 0.0389587 5.57888
289 0.000860095 0.0577055 1.99835e-05
290 0.0303224 0.0380242 5.60273
291 0.000860252 0.0567019 1.10835e-05
292 0.0305473 0.037084 5.61408
293 0.000860409 0.0556984 6.15591e-06
294 0.0307373 0.0361357 5.61592
295 0.000860566 0.0546948 3.42451e-06
296 0.0309094 0.0351806 5.64303
297 0.000860723 0.0536912 1.90852e-06
298 0.0310409 0.0342244 5.65332
299 0.00086088 0.0526876 1.06591e-06
300 0.0311303 0.033262 5.64328
301 0.000861037 0.0516841 5.96802e-07
302 0.0312004 0.032297 5.65993
303 0.000861194 0.0506805 3.35153e-07
304 0.0312311 0.0313325 5.66214
305 0.000861351 0.0496769 1.88903e-07
306 0.0312319 0.0303631 5.66939
307 0.000861508 0.0486734 1.06954e-07
308 0.0311884 0.0293986 5.65071
309 0.000861665 0.0476698 6.09105e-08
310 0.0311196 0.0284347 5.64454
311 0.000861821 0.0466662 3.49762e-08
312 0.0310143 0.0274717 5.62757
313 0.000861978 0.0456626 2.03598e-08
314 0.0308914 0.0265139 5.63596
315 0.000862135 0.0446591 1.21802e-08
316 0.0307262 0.0255555 5.62078
317 0.000862292 0.0436555 7.75882e-09
318 0.0305291 0.0246052 5.60037
319 0.000862449 0.0426519 5.6906e-09
320 0.030318 0.0236599 5.61073
321 0.000862606 0.0416484 5.36167e-09
322 0.0300656 0.0227206 5.59757
323 0.000862763 0.0406448 6.74505e-09
324 0.0297827 0.0217922 5.58102
325 0.00086292 0.0396412 1.04017e-08
326 0.02948 0.0208715 5.58286
327 0.000863077 0.0386376 1.76889e-08
328 0.0291438 0.0199655 5.5745
329 0.000863234 0.0376341 3.12519e-08
330 0.0287734 0.0190721 5.55949
331 0.000863391 0.0366305 5.59743e-08
332 0.0283837 0.0181879 5.56796
333 0.000863548 0.0356269 1.0073e-07
334 0.0279565 0.0173277 5.56047
335 0.000863705 0.0346234 1.81561e-07
336 0.0274884 0.0164907 5.53466
337 0.000863861 0.0336198 3.27432e-07
338 0.027001 0.0156603 5.54043
339 0.000864018 0.0326162 5.90608e-07
340 0.0264783 0.0148671 5.52956
341 0.000864175 0.0316126 1.06541e-06
342 0.0259058 0.0140962 5.49496
343 0.000864332 0.0306091 1.92208e-06
344 0.0253072 0.0133437 5.47421
345 0.000864489 0.0296055 3.46795e-06
346 0.0246917 0.0126065 5.48611
347 0.000864646 0.0286019 6.25805e-06
348 0.0240381 0.0119191 5.46985
349 0.000864803 0.0275984 1.12949e-05
350 0.0233258 0.0112679 5.41364
351 0.00086496 0.0265948 2.03902e-05
352 0.0226046 0.0106318 5.3905
353 0.000865117 0.0255912 3.68182e-05
354 0.0218721 0.0100066 5.40233
355 0.000865274 0.0245876 6.64994e-05
356 0.0211171 0.00942164 5.4054
357 0.000865431 0.0235841 0.000120141
358 0.0203257 0.00888231 5.37422
359 0.000865588 0.0225805 0.000217113
360 0.0195156 0.00836908 5.34206
361 0.000865745 0.0215769 0.000392458
362 0.0186642 0.00785111 5.32446
363 0.000865901 0.0205734 0.000709583
364 0.0178121 0.0073335 5.348
365 0.000866058 0.0195698 0.00128318
366 0.0169855 0.00686052 5.37286
367 0.000866215 0.0185662 0.00232062
368 0.0161357 0.00642676 5.37288
369 0.000866372 0.0175626 0.00419627
370 0.0152456 0.00603366 5.33141
371 0.000866529 0.0165591 0.00758434
372 0.0143496 0.00565051 5.29847
373 0.000866686 0.0155555 0.0136925
374 0.0134298 0.00526522 5.28069
375 0.000866843 0.0145519 0.024662
376 0.0125101 0.00488014 5.28352
377 0.000867 0.0135484 0.0442165
378 0.01159 0.00449526 5.3115
379 0.000867157 0.0125448 0.0786081
380 0.0106851 0.00412893 5.34722
381 0.000867314 0.0115412 0.137719
382 0.00977564 0.00377958 5.38126
383 0.000867471 0.0105376 0.235766
384 0.00885385 0.00347841 5.37406
385 0.000867628 0.00953406 0.390683
386 0.00792221 0.00319741 5.35572
387 0.000867785 0.00853049 0.621818
388 0.00696114 0.00291897 5.33324
389 0.000867941 0.00752692 0.946967
390 0.00600007 0.0026405 5.32125
391 0.00088556 0.00651315 1.38383
392 0.0050392 0.00236184 5.32519
393 0.000888567 0.00550863 1.93581
394 0.00404265 0.00208319 5.3459
395 0.000878599 0.00450759 2.60904
396 0.00304113 0.00180224 5.40076
397 0.000879351 0.0034891 3.42075
398 0.00200128 0.00156839 5.42866
399 0.00110505 0.0023893 4.4286
400 0.00101416 0.00133475 5.53781
401 0.0132517 0.0764861 4.40914
402 0.0125654 0.0770057 4.35918
403 0.0139011 0.0758729 4.41394
404 0.0144603 0.0752189 4.36867
405 0.011836 0.0775066 4.32059
406 0.0150238 0.0745573 4.39684
407 0.0110473 0.07799 4.28003
408 0.0155474 0.0738863 4.45249
409 0.0102342 0.0784674 4.26929
410 0.0159935 0.0731329 4.43639
411 0.00940851 0.0789222 4.2763
412 0.0163244 0.072342 4.31761
413 0.00857876 0.0793543 4.2999
414 0.0166439 0.071517 4.22497
415 0.00774317 0.0797496 4.32077
416 0.0169392 0.0706558 4.13788
417 0.00687414 0.080097 4.30905
418 0.017206 0.0697677 4.04909
419 0.00597354 0.0804188 4.28437
420 0.0174453 0.0688629 3.95581
421 0.00505301 0.0807369 4.27692
422 0.0176637 0.0679208 3.84768
423 0.00412861 0.0810712 4.31706
424 0.0178739 0.0669662 3.74688
425 0.0031749 0.0814301 4.40858
426 0.0180919 0.0659816 3.66166
427 0.00214343 0.081794 4.53656
428 0.0183155 0.0650038 3.59602
429 0.0185438 0.063997 3.52227
430 0.0188049 0.0629958 3.49445
431 0.0190948 0.0620071 3.50275
432 0.0193833 0.0610125 3.48135
433 0.0197124 0.0600237 3.50076
434 0.0200671 0.0590487 3.53752
435 0.00169393 0.0802433 3.04734
436 0.0204364 0.0580847 3.57058
437 0.00172338 0.0792792 2.32403
438 0.020826 0.0571255 3.60482
439 0.00173895 0.0782881 1.70044
440 0.0212457 0.0561739 3.65764
441 0.00174248 0.0772853 1.19112
442 0.0216547 0.0552561 3.68655
443 0.00172507 0.0762717 0.79406
444 0.0220869 0.054319 3.71021
445 0.00172523 0.0752681 0.50713
446 0.0225445 0.0533967 3.75747
447 0.00172539 0.0742646 0.309336
448 0.02299 0.0525037 3.7882
449 0.00172554 0.073261 0.181302
450 0.0234387 0.0515978 3.79858
451 0.0017257 0.0722574 0.103093
452 0.0239062 0.0507005 3.83121
453 0.00172586 0.0712538 0.057463
454 0.0243666 0.0498139 3.8543
455 0.00172601 0.0702503 0.0316625
456 0.0248248 0.0489343 3.87699
457 0.00172617 0.0692467 0.0173463
458 0.0252733 0.0480534 3.88659
459 0.00172633 0.0682431 0.00948177
460 0.025721 0.0471652 3.89605
461 0.00172648 0.0672396 0.00518123
462 0.0261682 0.0462869 3.9225
463 0.00172664 0.066236 0.0028332
464 0.0265928 0.0454195 3.9389
465 0.0017268 0.0652324 0.00155108
466 0.0269968 0.0445285 3.92796
467 0.00172696 0.0642288 0.00085036
468 0.0273962 0.0436431 3.9375
469 0.00172711 0.0632253 0.000466899
470 0.0277788 0.0427582 3.95002
471 0.00172727 0.0622217 0.00025675
472 0.0281345 0.0418699 3.95018
473 0.00172743 0.0612181 0.000141408
474 0.0284812 0.040971 3.96575
475 0.00172758 0.0602146 7.80058e-05
476 0.0287905 0.0400726 3.96255
477 0.00172774 0.059211 4.31011e-05
478 0.0290813 0.0391698 3.9697
479 0.0017279 0.0582074 2.38556e-05
480 0.0293445 0.0382633 3.97576
481 0.00172805 0.0572038 1.32277e-05
482 0.0295817 0.037351 3.9847
483 0.00172821 0.0562003 7.34927e-06
484 0.029788 0.036435 3.99091
485 0.00172837 0.0551967 4.09228e-06
486 0.0299677 0.0355151 4.00312
487 0.00172852 0.0541931 2.28445e-06
488 0.0301068 0.0345848 3.99776
489 0.00172868 0.0531896 1.279e-06
490 0.0302189 0.0336546 4.00107
491 0.00172884 0.052186 7.18549e-07
492 0.0302938 0.0327226 3.99544
493 0.001729 0.0511824 4.0535e-07
494 0.0303411 0.031788 3.99717
495 0.00172915 0.0501788 2.29802e-07
496 0.0303558 0.0308521 3.99805
497 0.00172931 0.0491753 1.31065e-07
498 0.0303336 0.0299153 3.9905
499 0.00172947 0.0481717 7.53049e-08
500 0.0302841 0.0289794 3.99048
501 0.00172962 0.0471681 4.3674e-08
502 0.0302037 0.0280445 3.9915
503 0.00172978 0.0461646 2.56561e-08
504 0.030087 0.0271113 3.98387
505 0.00172994 0.045161 1.53817e-08
506 0.0299463 0.0261819 3.98713
507 0.00173009 0.0441574 9.5886e-09
508 0.029776 0.0252526 3.99342
509 0.00173025 0.0431538 6.50054e-09
510 0.0295728 0.0243308 3.99499
511 0.00173041 0.0421503 5.22523e-09
512 0.0293472 0.0234165 4.00793
513 0.00173056 0.0411467 5.4594e-09
514 0.0290924 0.0225068 4.0237
515 0.00173072 0.0401431 7.398e-09
516 0.0288062 0.0216092 4.0356
517 0.00173088 0.0391396 1.18171e-08
518 0.0284966 0.0207232 4.05638
519 0.00173104 0.038136 2.03615e-08
520 0.0281533 0.019851 4.07107
521 0.00173119 0.0371324 3.61424e-08
522 0.0277851 0.018993 4.09355
523 0.00173135 0.0361288 6.48586e-08
524 0.0273876 0.0181514 4.11691
525 0.00173151 0.0351253 1.16848e-07
526 0.0269559 0.0173319 4.13224
527 0.00173166 0.0341217 2.10808e-07
528 0.0265063 0.0165273 4.16762
529 0.00173182 0.0331181 3.80521e-07
530 0.0260083 0.0157482 4.17762
531 0.00173198 0.0321146 6.8703e-07
532 0.0254859 0.0149933 4.19251
533 0.00173213 0.031111 1.24066e-06
534 0.0249309 0.0142597 4.20661
535 0.00173229 0.0301074 2.24085e-06
536 0.0243381 0.0135512 4.2138
537 0.00173245 0.0291038 4.0484e-06
538 0.0237215 0.0128712 4.22466
539 0.0017326 0.0281003 7.31623e-06
540 0.0230679 0.0122255 4.21925
541 0.00173276 0.0270967 1.32268e-05
542 0.0223838 0.0115984 4.21827
543 0.00173292 0.0260931 2.39232e-05
544 0.0216828 0.0109925 4.23051
545 0.00173308 0.0250896 4.32924e-05
546 0.0209643 0.0104126 4.24829
547 0.00173323 0.024086 7.83909e-05
548 0.0202179 0.00987084 4.24818
549 0.00173339 0.0230824 0.000142042
550 0.0194379 0.00935299 4.23812
551 0.00173355 0.0220788 0.000257574
552 0.0186273 0.00884555 4.23234
553 0.0017337 0.0210753 0.000467474
554 0.0178066 0.00834832 4.24443
555 0.00173386 0.0200717 0.000849209
556 0.016978 0.00786597 4.26886
557 0.00173402 0.0190681 0.00154417
558 0.0161652 0.0074179 4.29618
559 0.00173417 0.0180646 0.00281054
560 0.0153221 0.00702304 4.27813
561 0.00173433 0.017061 0.00511962
562 0.0144515 0.00663485 4.26152
563 0.00173449 0.0160574 0.00932956
564 0.0135556 0.00625528 4.24576
565 0.00173464 0.0150538 0.016993
566 0.0126361 0.0058701 4.24513
567 0.0017348 0.0140503 0.0308808
568 0.0117164 0.00548536 4.26537
569 0.00173496 0.0130467 0.0558095
570 0.0108171 0.00511747 4.29654
571 0.00173512 0.0120431 0.0997639
572 0.00992022 0.00477069 4.32501
573 0.00173527 0.0110396 0.174988
574 0.00903332 0.00445802 4.33843
575 0.00173543 0.010036 0.298197
576 0.00811948 0.00417109 4.33042
577 0.00173559 0.00903241 0.489011
578 0.00720059 0.00389031 4.32621
579 0.00173574 0.00802884 0.766899
580 0.00621816 0.00362186 4.30017
581 0.00176893 0.00699882 1.16027
582 0.00523886 0.00334843 4.29516
583 0.00179014 0.00598533 1.6678
584 0.0042723 0.00305962 4.33289
585 0.0017782 0.00498893 2.28949
586 0.00326926 0.002762 4.40192
587 0.00173704 0.00402183 3.0111
588 0.00222275 0.00245967 4.50643
589 0.00164862 0.0810989 3.78646
590 0.0130801 0.0756569 3.5719
591 0.0123661 0.0760453 3.38325
592 0.0116965 0.0765199 3.35362
593 0.0134887 0.0749565 3.32857
594 0.0140505 0.0743216 3.30906
595 0.0109637 0.0770065 3.34064
596 0.0145872 0.07369 3.33262
597 0.0101955 0.0774836 3.34351
598 0.0151454 0.0731502 3.50845
599 0.00940162 0.0779379 3.35404
600 0.0153611 0.0723811 3.23369
601 0.00859501 0.0783653 3.37143
602 0.0156566 0.0716124 3.09198
603 0.0077877 0.0787589 3.39149
604 0.0159592 0.0708026 2.98377
605 0.00696285 0.0791171 3.40119
606 0.016235 0.0699589 2.87458
607 0.00610054 0.0794421 3.39135
608 0.016481 0.0690843 2.75826
609 0.0052013 0.0797431 3.37237
610 0.0167066 0.0681872 2.64366
611 0.00428232 0.0800649 3.39563
612 0.0169236 0.0672512 2.53245
613 0.0033872 0.0804166 3.48493
614 0.017133 0.0662857 2.42429
615 0.0173579 0.0652992 2.34393
616 0.0175765 0.0642915 2.25759
617 0.0178214 0.0632735 2.20212
618 0.0181 0.0622574 2.18407
619 0.018394 0.0612455 2.17699
620 0.0187046 0.0602395 2.17648
621 0.0190566 0.0592405 2.2103
622 0.019426 0.0582527 2.2487
623 0.00257284 0.0798246 2.82731
624 0.019812 0.057273 2.2871
625 0.0026188 0.0788215 2.10921
626 0.0202227 0.0563056 2.33622
627 0.00263733 0.0778104 1.51041
628 0.0206569 0.0553615 2.40149
629 0.00262601 0.0767922 1.03181
630 0.021075 0.054411 2.4215
631 0.00259303 0.0757701 0.670291
632 0.0215221 0.0534784 2.4642
633 0.00259319 0.0747665 0.419089
634 0.0219932 0.052564 2.52614
635 0.00259334 0.0737629 0.250589
636 0.0224332 0.0516639 2.54467
637 0.0025935 0.0727593 0.144415
638 0.0228989 0.0507462 2.57049
639 0.00259366 0.0717558 0.0810539
640 0.0233683 0.0498583 2.60886
641 0.00259382 0.0707522 0.0447447
642 0.0238314 0.048976 2.63739
643 0.00259397 0.0697486 0.0244781
644 0.0242826 0.0481036 2.65655
645 0.00259413 0.0687451 0.0133356
646 0.0247263 0.0472207 2.66224
647 0.00259429 0.0677415 0.00725625
648 0.0251795 0.0463365 2.6833
649 0.00259444 0.0667379 0.00394987
650 0.0256095 0.0454757 2.69907
651 0.0025946 0.0657343 0.00215278
652 0.0260164 0.0446211 2.70366
653 0.00259476 0.0647308 0.00117533
654 0.0264105 0.0437361 2.69218
655 0.00259491 0.0637272 0.000642916
656 0.02679 0.0428583 2.68637
657 0.00259507 0.0627236 0.000352401
658 0.0271483 0.0419909 2.6825
659 0.00259523 0.0617201 0.000193569
660 0.0274907 0.0411167 2.6807
661 0.00259538 0.0607165 0.000106556
662 0.0278116 0.0402368 2.67844
663 0.00259554 0.0597129 5.87898e-05
664 0.0281083 0.039356 2.67651
665 0.0025957 0.0587093 3.25132e-05
666 0.0283773 0.0384755 2.67334
667 0.00259586 0.0577058 1.80273e-05
668 0.0286182 0.037591 2.6683
669 0.00259601 0.0567022 1.00236e-05
670 0.0288308 0.0367031 2.66327
671 0.00259617 0.0556986 5.59115e-06
672 0.0290149 0.0358129 2.65968
673 0.00259633 0.0546951 3.13013e-06
674 0.0291716 0.034916 2.65906
675 0.00259648 0.0536915 1.75986e-06
676 0.0292971 0.0340181 2.65843
677 0.00259664 0.0526879 9.94462e-07
678 0.0293873 0.0331174 2.65263
679 0.0025968 0.0516843 5.65339e-07
680 0.0294459 0.0322146 2.64711
681 0.00259695 0.0506808 3.23699e-07
682 0.0294782 0.0313114 2.64943
683 0.00259711 0.0496772 1.86928e-07
684 0.0294746 0.0304033 2.64645
685 0.00259727 0.0486736 1.09038e-07
686 0.0294405 0.029496 2.64566
687 0.00259742 0.0476701 6.43631e-08
688 0.0293749 0.02859 2.64561
689 0.00259758 0.0466665 3.85376e-08
690 0.0292815 0.0276848 2.65094
691 0.00259774 0.0456629 2.34983e-08
692 0.029158 0.0267802 2.65871
693 0.0025979 0.0446593 1.47165e-08
694 0.0290046 0.0258773 2.66887
695 0.00259805 0.0436558 9.6649e-09
696 0.0288236 0.0249784 2.68405
697 0.00259821 0.0426522 6.97944e-09
698 0.0286182 0.0240856 2.70772
699 0.00259837 0.0416486 6.0188e-09
700 0.0283824 0.0232 2.73205
701 0.00259852 0.0406451 6.67058e-09
702 0.0281206 0.0223239 2.76135
703 0.00259868 0.0396415 9.33739e-09
704 0.0278349 0.0214574 2.79896
705 0.00259884 0.0386379 1.51012e-08
706 0.0275158 0.0206086 2.83001
707 0.00259899 0.0376343 2.61275e-08
708 0.0271715 0.0197712 2.86785
709 0.00259915 0.0366308 4.64565e-08
710 0.0268007 0.0189483 2.90997
711 0.00259931 0.0356272 8.34699e-08
712 0.0263983 0.0181505 2.94545
713 0.00259946 0.0346236 1.50564e-07
714 0.0259692 0.0173685 2.98566
715 0.00259962 0.0336201 2.72e-07
716 0.0255119 0.0166043 3.02786
717 0.00259978 0.0326165 4.91704e-07
718 0.0250275 0.0158648 3.06954
719 0.00259993 0.0316129 8.89211e-07
720 0.0245196 0.0151495 3.11433
721 0.00260009 0.0306093 1.6086e-06
722 0.023967 0.014454 3.146
723 0.00260025 0.0296058 2.91106e-06
724 0.0233812 0.0137975 3.16199
725 0.00260041 0.0286022 5.27035e-06
726 0.0227721 0.0131674 3.17847
727 0.00260056 0.0275986 9.54662e-06
728 0.0221335 0.01255 3.20139
729 0.00260072 0.0265951 1.7303e-05
730 0.0214662 0.0119558 3.22268
731 0.00260088 0.0255915 3.13831e-05
732 0.020778 0.0113855 3.24557
733 0.00260103 0.0245879 5.69662e-05
734 0.0200714 0.010851 3.25951
735 0.00260119 0.0235843 0.000103498
736 0.0193385 0.0103336 3.27347
737 0.00260135 0.0225808 0.000188226
738 0.0185599 0.00983135 3.27753
739 0.0026015 0.0215772 0.000342698
740 0.0177696 0.00933701 3.29662
741 0.00260166 0.0205736 0.000624689
742 0.0169613 0.00886638 3.31269
743 0.00260182 0.0195701 0.00114016
744 0.0161578 0.00842105 3.33348
745 0.00260197 0.0185665 0.00208363
746 0.0153538 0.00801032 3.34422
747 0.00260213 0.0175629 0.00381222
748 0.0145295 0.00762234 3.34498
749 0.00260229 0.0165593 0.00698067
750 0.0136532 0.00723944 3.33799
751 0.00260245 0.0155558 0.0127839
752 0.0127619 0.00686001 3.33972
753 0.0026026 0.0145522 0.0233802
754 0.0118426 0.00647518 3.35388
755 0.00260276 0.0135486 0.0425898
756 0.0109431 0.00610342 3.38086
757 0.00260292 0.0125451 0.0769264
758 0.0100557 0.00575507 3.40697
759 0.00260307 0.0115415 0.13681
760 0.00918674 0.00543742 3.4255
761 0.00260323 0.0105379 0.237328
762 0.00831478 0.00514336 3.43442
763 0.00260339 0.00953434 0.397524
764 0.00739042 0.00486434 3.42651
765 0.00260354 0.00853076 0.637769
766 0.0064383 0.00459303 3.41384
767 0.00262693 0.00749851 0.988523
768 0.00545224 0.00433151 3.39782
769 0.00270399 0.0064498 1.47205
770 0.00445906 0.00406174 3.40777
771 0.00273404 0.00542825 2.07516
772 0.00348473 0.00375697 3.48107
773 0.00265537 0.00441483 2.79453
774 0.00255279 0.0034296 3.61661
775 0.00169525 0.00315133 3.76348
776 0.00250878 0.08082 3.6631
777 0.0166957 0.0318451 3.35409e-05
778 0.0158807 0.0477423 0.00387565
779 0.0115754 0.0755252 2.53697
780 0.0108485 0.0760177 2.52129
781 0.0130738 0.0741185 2.46387
782 0.0136679 0.0733951 2.41648
783 0.010116 0.0765009 2.53561
784 0.0142935 0.072651 2.43755
785 0.00936341 0.076965 2.56122
786 0.00858622 0.0773916 2.57903
787 0.014658 0.0717211 2.23394
788 0.0078052 0.0777758 2.59209
789 0.0149734 0.0709174 2.10177
790 0.00702099 0.0781402 2.61314
791 0.0152619 0.0701067 1.98502
792 0.00622382 0.0784877 2.64001
793 0.015518 0.0692827 1.87175
794 0.00532916 0.0787611 2.59833
795 0.0157462 0.068418 1.75099
796 0.00441677 0.0790358 2.58011
797 0.0159656 0.0675152 1.63873
798 0.00347748 0.0794122 2.66825
799 0.0161787 0.0665682 1.53266
800 0.0163951 0.0655986 1.4432
801 0.0166063 0.0645892 1.35445
802 0.0168328 0.0635622 1.28433
803 0.0170934 0.0625356 1.2473
804 0.0173874 0.0615043 1.23651
805 0.017685 0.0604785 1.22564
806 0.0180209 0.0594482 1.23568
807 0.0183992 0.0584409 1.2762
808 0.0187862 0.0574355 1.31114
809 0.0191897 0.0564487 1.34984
810 0.00355385 0.0783736 1.95605
811 0.0196258 0.0554801 1.40605
812 0.00355898 0.0773276 1.36496
813 0.0200555 0.0545157 1.44405
814 0.00350301 0.0762811 0.90499
815 0.0204983 0.0535647 1.48117
816 0.00346099 0.0752684 0.579428
817 0.0209618 0.0526313 1.52789
818 0.00346115 0.0742648 0.356429
819 0.0214251 0.0517185 1.57056
820 0.0034613 0.0732613 0.210112
821 0.0218832 0.0508071 1.59797
822 0.00346146 0.0722577 0.119772
823 0.022366 0.0498965 1.63741
824 0.00346162 0.0712541 0.0667212
825 0.0228346 0.0490155 1.67096
826 0.00346177 0.0702505 0.0366592
827 0.0232961 0.0481462 1.69958
828 0.00346193 0.069247 0.019998
829 0.0237362 0.047276 1.70823
830 0.00346209 0.0682434 0.0108766
831 0.0241852 0.0463851 1.71632
832 0.00346224 0.0672398 0.00591247
833 0.0246136 0.0455302 1.72635
834 0.0034624 0.0662363 0.00321671
835 0.0250325 0.0446768 1.73487
836 0.00346256 0.0652327 0.0017529
837 0.0254307 0.0438161 1.731
838 0.00346271 0.0642291 0.000957175
839 0.0258053 0.0429532 1.71708
840 0.00346287 0.0632255 0.000523875
841 0.0261654 0.0420962 1.70689
842 0.00346303 0.062222 0.00028744
843 0.0265093 0.041238 1.69812
844 0.00346319 0.0612184 0.000158133
845 0.026834 0.0403789 1.69028
846 0.00346334 0.0602148 8.72433e-05
847 0.0271339 0.0395196 1.68075
848 0.0034635 0.0592113 4.8282e-05
849 0.027409 0.0386617 1.67155
850 0.00346366 0.0582077 2.68117e-05
851 0.0276523 0.0378043 1.65751
852 0.00346381 0.0572041 1.49466e-05
853 0.0278721 0.036943 1.6465
854 0.00346397 0.0562005 8.36936e-06
855 0.0280663 0.0360802 1.63843
856 0.00346413 0.055197 4.71088e-06
857 0.028231 0.0352149 1.63044
858 0.00346428 0.0541934 2.66796e-06
859 0.0283647 0.0343473 1.62209
860 0.00346444 0.0531898 1.52199e-06
861 0.028471 0.0334807 1.61777
862 0.0034646 0.0521863 8.75752e-07
863 0.0285448 0.0326101 1.61238
864 0.00346475 0.0511827 5.09013e-07
865 0.0285864 0.0317364 1.60673
866 0.00346491 0.0501791 2.99327e-07
867 0.0286014 0.0308613 1.6069
868 0.00346507 0.0491755 1.78371e-07
869 0.0285872 0.0299845 1.61051
870 0.00346523 0.048172 1.07874e-07
871 0.0285373 0.0291055 1.61114
872 0.00346538 0.0471684 6.63035e-08
873 0.028463 0.028228 1.62016
874 0.00346554 0.0461648 4.14855e-08
875 0.0283537 0.0273508 1.62693
876 0.0034657 0.0451613 2.65027e-08
877 0.0282174 0.0264751 1.6394
878 0.00346585 0.0441577 1.74169e-08
879 0.0280607 0.0255996 1.66437
880 0.00346601 0.0431541 1.20054e-08
881 0.0278716 0.02473 1.68903
882 0.00346617 0.0421505 9.0735e-09
883 0.027655 0.0238683 1.71757
884 0.00346632 0.041147 8.1073e-09
885 0.0274188 0.0230115 1.75832
886 0.00346648 0.0401434 9.1484e-09
887 0.0271524 0.0221691 1.79845
888 0.00346664 0.0391398 1.28535e-08
889 0.026858 0.0213383 1.84072
890 0.00346679 0.0381363 2.07648e-08
891 0.0265367 0.0205246 1.88464
892 0.00346695 0.0371327 3.58923e-08
893 0.0261909 0.0197243 1.93381
894 0.00346711 0.0361291 6.38235e-08
895 0.0258164 0.0189426 1.98242
896 0.00346727 0.0351255 1.14766e-07
897 0.0254162 0.0181785 2.0335
898 0.00346742 0.034122 2.07272e-07
899 0.0249865 0.0174355 2.08269
900 0.00346758 0.0331184 3.75003e-07
901 0.024533 0.016716 2.13315
902 0.00346774 0.0321148 6.79034e-07
903 0.0240621 0.016013 2.19344
904 0.00346789 0.0311113 1.23021e-06
905 0.0235826 0.015325 2.27083
906 0.00346805 0.0301077 2.22982e-06
907 0.0230118 0.014683 2.28429
908 0.00346821 0.0291041 4.04372e-06
909 0.0224405 0.0140906 2.29896
910 0.00346836 0.0281005 7.33739e-06
911 0.021848 0.0134904 2.33506
912 0.00346852 0.027097 1.33226e-05
913 0.0212242 0.0129003 2.37435
914 0.00346868 0.0260934 2.42086e-05
915 0.020569 0.0123463 2.39766
916 0.00346883 0.0250898 4.40273e-05
917 0.0198948 0.0118211 2.41748
918 0.00346899 0.0240863 8.0148e-05
919 0.0191947 0.0113135 2.43592
920 0.00346915 0.0230827 0.000146058
921 0.0184628 0.0108092 2.45972
922 0.00346931 0.0220791 0.000266478
923 0.0177056 0.0103179 2.48533
924 0.00346946 0.0210755 0.000486788
925 0.0169269 0.00984797 2.50737
926 0.00346962 0.020072 0.000890398
927 0.0161399 0.00941126 2.52148
928 0.00346978 0.0190684 0.0016308
929 0.0153561 0.00900159 2.53424
930 0.00346993 0.0180648 0.00299053
931 0.0145657 0.00861047 2.54631
932 0.00347009 0.0170613 0.00548928
933 0.0137331 0.00822755 2.55204
934 0.00347025 0.0160577 0.0100797
935 0.0128577 0.0078448 2.55858
936 0.0034704 0.0150541 0.0184943
937 0.0119685 0.00746479 2.57322
938 0.00347056 0.0140505 0.0338342
939 0.0110708 0.00709357 2.59342
940 0.00347072 0.013047 0.0614852
941 0.0101832 0.00674064 2.61649
942 0.00347087 0.0120434 0.110322
943 0.00932124 0.00641341 2.63937
944 0.00347103 0.0110398 0.193775
945 0.00845965 0.00611865 2.64821
946 0.00347119 0.0100363 0.329811
947 0.00757524 0.00584208 2.64662
948 0.00347135 0.00903269 0.539184
949 0.0066667 0.0055619 2.65278
950 0.0034813 0.00801731 0.84629
951 0.00568088 0.0053012 2.63844
952 0.00348902 0.00697289 1.27941
953 0.00464943 0.00506746 2.60967
954 0.00377661 0.00589667 1.89573
955 0.00363405 0.00478203 2.65089
956 0.0120774 0.0739427 1.81496
957 0.0113883 0.0745648 1.84437
958 0.0106824 0.0750413 1.82667
959 0.00999138 0.0755191 1.84602
960 0.0126471 0.0732294 1.7187
961 0.0132138 0.0725319 1.67456
962 0.00930453 0.0759964 1.89455
963 0.0136644 0.0717394 1.57051
964 0.00855831 0.0764456 1.92704
965 0.0077915 0.076804 1.92067
966 0.0139808 0.0709729 1.43756
967 0.00704053 0.0771596 1.93817
968 0.0142862 0.0702116 1.33334
969 0.00628479 0.0775039 1.96533
970 0.0145582 0.0694297 1.23261
971 0.00556186 0.0779193 2.0661
972 0.0147698 0.0686264 1.11476
973 0.00457044 0.0779138 1.84305
974 0.0150048 0.0677656 1.02102
975 0.0152172 0.0668371 0.921061
976 0.0154297 0.0658985 0.84034
977 0.0156387 0.0648995 0.762784
978 0.0158356 0.0638629 0.686599
979 0.0160678 0.0628178 0.63753
980 0.016355 0.0617726 0.620856
981 0.0166624 0.0607144 0.613582
982 0.0169669 0.0596622 0.602993
983 0.0173454 0.058636 0.628694
984 0.0177466 0.0576155 0.662091
985 0.0181382 0.0565979 0.682327
986 0.0185657 0.0556038 0.717009
987 0.019024 0.0546287 0.764881
988 0.00442084 0.0767624 1.2092
989 0.0194655 0.0536512 0.792798
990 0.00436207 0.0757404 0.795628
991 0.0199259 0.0527019 0.828266
992 0.00433638 0.0747554 0.508489
993 0.0203974 0.0517773 0.86739
994 0.0043291 0.0737632 0.310251
995 0.0208765 0.0508642 0.906529
996 0.00432926 0.0727596 0.181063
997 0.0213493 0.049952 0.934539
998 0.00432942 0.071756 0.102502
999 0.0218367 0.0490499 0.968611
1000 0.00432957 0.0707525 0.0568758
1001 0.0223076 0.0481787 0.997436
1002 0.00432973 0.0697489 0.0311967
1003 0.0227549 0.0473261 1.01529
1004 0.00432989 0.0687453 0.0170145
1005 0.0231884 0.0464413 1.01439
1006 0.00433005 0.0677418 0.00926046
1007 0.0236251 0.0455794 1.02323
1008 0.0043302 0.0667382 0.00504063
1009 0.0240375 0.0447313 1.02382
1010 0.00433036 0.0657346 0.00274735
1011 0.0244402 0.0438824 1.02289
1012 0.00433052 0.064731 0.00150052
1013 0.0248216 0.0430355 1.01544
1014 0.00433067 0.0637275 0.000821615
1015 0.0251843 0.0421884 1.00425
1016 0.00433083 0.0627239 0.000451176
1017 0.0255297 0.0413452 0.993077
1018 0.00433099 0.0617203 0.000248545
1019 0.0258553 0.0405031 0.981341
1020 0.00433114 0.0607168 0.000137402
1021 0.0261574 0.0396642 0.968571
1022 0.0043313 0.0597132 7.62589e-05
1023 0.0264356 0.0388284 0.955748
1024 0.00433146 0.0587096 4.25148e-05
1025 0.0266867 0.0379935 0.94161
1026 0.00433161 0.057706 2.38261e-05
1027 0.02691 0.0371577 0.926309
1028 0.00433177 0.0567025 1.34346e-05
1029 0.0271107 0.036321 0.914328
1030 0.00433193 0.0556989 7.63028e-06
1031 0.0272844 0.0354845 0.903853
1032 0.00433209 0.0546953 4.37089e-06
1033 0.0274281 0.0346463 0.893442
1034 0.00433224 0.0536918 2.52909e-06
1035 0.0275431 0.0338088 0.884788
1036 0.0043324 0.0526882 1.48055e-06
1037 0.0276328 0.0329721 0.880569
1038 0.00433256 0.0516846 8.78347e-07
1039 0.0276914 0.0321301 0.87685
1040 0.00433271 0.050681 5.28879e-07
1041 0.0277182 0.0312849 0.873775
1042 0.00433287 0.0496775 3.2362e-07
1043 0.027716 0.0304395 0.873552
1044 0.00433303 0.0486739 2.01396e-07
1045 0.0276871 0.0295917 0.878033
1046 0.00433318 0.0476703 1.27503e-07
1047 0.0276277 0.0287427 0.884752
1048 0.00433334 0.0466668 8.21084e-08
1049 0.0275352 0.0278953 0.891783
1050 0.0043335 0.0456632 5.37808e-08
1051 0.0274137 0.0270501 0.902132
1052 0.00433365 0.0446596 3.58767e-08
1053 0.0272754 0.0261993 0.92482
1054 0.00433381 0.043656 2.45162e-08
1055 0.0271105 0.0253513 0.95249
1056 0.00433397 0.0426525 1.74564e-08
1057 0.0269096 0.0245121 0.978142
1058 0.00433413 0.0416489 1.34817e-08
1059 0.0266927 0.0236799 1.01504
1060 0.00433428 0.0406453 1.21119e-08
1061 0.0264547 0.0228555 1.05962
1062 0.00433444 0.0396418 1.35362e-08
1063 0.0261844 0.0220454 1.10292
1064 0.0043346 0.0386382 1.87613e-08
1065 0.0258817 0.0212525 1.14406
1066 0.00433475 0.0376346 3.00353e-08
1067 0.025556 0.0204797 1.18814
1068 0.00433491 0.036631 5.17087e-08
1069 0.0252144 0.0197168 1.24248
1070 0.00433507 0.0356275 9.18527e-08
1071 0.0248436 0.018969 1.2969
1072 0.00433522 0.0346239 1.65231e-07
1073 0.0244344 0.0182449 1.34298
1074 0.00433538 0.0336203 2.9872e-07
1075 0.0240075 0.0175422 1.39446
1076 0.00433554 0.0326168 5.41179e-07
1077 0.0235605 0.0168533 1.45214
1078 0.00433569 0.0316132 9.81422e-07
1079 0.0231004 0.0161667 1.52554
1080 0.00433585 0.0306096 1.78096e-06
1081 0.0227315 0.0154616 1.68258
1082 0.00433601 0.029606 3.23373e-06
1083 0.0220826 0.0150015 1.58327
1084 0.00433617 0.0286025 5.87509e-06
1085 0.0215223 0.0144271 1.61587
1086 0.00433632 0.0275989 1.06811e-05
1087 0.0209558 0.0138308 1.67934
1088 0.00433648 0.0265953 1.94332e-05
1089 0.0203369 0.0132709 1.71513
1090 0.00433664 0.0255918 3.5387e-05
1091 0.0196858 0.0127865 1.71703
1092 0.00433679 0.0245882 6.4499e-05
1093 0.0190222 0.0122829 1.74292
1094 0.00433695 0.0235846 0.000117683
1095 0.0183321 0.0117849 1.77331
1096 0.00433711 0.022581 0.000214964
1097 0.0176218 0.0112928 1.81028
1098 0.00433726 0.0215775 0.000393139
1099 0.0168724 0.0108229 1.83641
1100 0.00433742 0.0205739 0.000719912
1101 0.0161023 0.0103862 1.8507
1102 0.00433758 0.0195703 0.00132
1103 0.0153348 0.00998723 1.85739
1104 0.00433773 0.0185668 0.00242328
1105 0.0145684 0.00960024 1.87008
1106 0.00433789 0.0175632 0.0044533
1107 0.0137736 0.00921376 1.88562
1108 0.00433805 0.0165596 0.00818857
1109 0.0129347 0.00883488 1.89629
1110 0.00433821 0.015556 0.0150513
1111 0.012066 0.00845503 1.91146
1112 0.00433836 0.0145525 0.0276063
1113 0.0111948 0.00808634 1.93073
1114 0.00433852 0.0135489 0.050368
1115 0.0103114 0.00773052 1.95058
1116 0.00433868 0.0125453 0.0909338
1117 0.0094481 0.0073978 1.97108
1118 0.00433883 0.0115418 0.161186
1119 0.00859525 0.00708928 1.98791
1120 0.00433899 0.0105382 0.277782
1121 0.00773303 0.0068163 1.98746
1122 0.00436693 0.0095261 0.463784
1123 0.00683055 0.00655292 1.98117
1124 0.00437254 0.00852002 0.736676
1125 0.00592024 0.00627131 1.99534
1126 0.00433618 0.00754679 1.09871
1127 0.00491795 0.00599627 2.00501
1128 0.00433327 0.00667352 1.52218
1129 0.0116302 0.0730223 1.19262
1130 0.0111875 0.0737245 1.34345
1131 0.010469 0.0740719 1.25774
1132 0.00980785 0.0745444 1.27783
1133 0.00914963 0.0750206 1.32097
1134 0.0121996 0.072321 1.12185
1135 0.0127879 0.0717616 1.15038
1136 0.00856748 0.0755981 1.4562
1137 0.0130007 0.0709917 0.969301
1138 0.00776351 0.0758338 1.37111
1139 0.00699294 0.0762087 1.39009
1140 0.0132958 0.0702483 0.862825
1141 0.00619138 0.0766025 1.42703
1142 0.0137192 0.0695952 0.861145
1143 0.00534893 0.0770702 1.51206
1144 0.0137472 0.0688098 0.678499
1145 0.0140301 0.0679873 0.614088
1146 0.0142525 0.0671052 0.536409
1147 0.0144671 0.0661767 0.468283
1148 0.0146741 0.0652209 0.410354
1149 0.0148472 0.0641832 0.346607
1150 0.0150244 0.0631235 0.294561
1151 0.01529 0.0620654 0.274107
1152 0.0156236 0.060992 0.274399
1153 0.0159078 0.0599016 0.260244
1154 0.0162605 0.0588406 0.263511
1155 0.0166968 0.0578007 0.291197
1156 0.0170726 0.0567506 0.298386
1157 0.0174774 0.0557315 0.310651
1158 0.0179683 0.0547323 0.348037
1159 0.0184246 0.0537416 0.372238
1160 0.0188837 0.052769 0.393255
1161 0.00522996 0.0752149 0.713953
1162 0.0193504 0.0518351 0.41814
1163 0.00520755 0.0742486 0.455235
1164 0.0198458 0.0509138 0.450925
1165 0.00519706 0.0732615 0.275712
1166 0.0203295 0.0500027 0.477032
1167 0.00519722 0.072258 0.159892
1168 0.0208125 0.0490944 0.498777
1169 0.00519738 0.0712544 0.0901993
1170 0.0212919 0.0482194 0.522296
1171 0.00519753 0.0702508 0.0499991
1172 0.0217523 0.0473602 0.539939
1173 0.00519769 0.0692472 0.0274436
1174 0.0222008 0.0465061 0.552392
1175 0.00519785 0.0682437 0.0149936
1176 0.0226365 0.0456288 0.554542
1177 0.005198 0.0672401 0.00818162
1178 0.0230524 0.0447794 0.55505
1179 0.00519816 0.0662365 0.00446835
1180 0.0234556 0.0439363 0.553525
1181 0.00519832 0.065233 0.00244528
1182 0.0238389 0.043102 0.548712
1183 0.00519847 0.0642294 0.00134192
1184 0.0242024 0.0422693 0.540269
1185 0.00519863 0.0632258 0.000738927
1186 0.0245494 0.0414385 0.530592
1187 0.00519879 0.0622222 0.000408464
1188 0.024876 0.0406112 0.51963
1189 0.00519895 0.0612187 0.000226773
1190 0.0251802 0.0397877 0.507648
1191 0.0051991 0.0602151 0.000126534
1192 0.0254593 0.0389727 0.495172
1193 0.00519926 0.0592115 7.10209e-05
1194 0.0257157 0.0381596 0.48305
1195 0.00519942 0.058208 4.01421e-05
1196 0.0259463 0.0373468 0.47047
1197 0.00519957 0.0572044 2.2878e-05
1198 0.0261501 0.0365358 0.457986
1199 0.00519973 0.0562008 1.31673e-05
1200 0.0263327 0.0357267 0.448412
1201 0.00519989 0.0551972 7.66566e-06
1202 0.0264867 0.0349155 0.439143
1203 0.00520004 0.0541937 4.52185e-06
1204 0.0266088 0.0341027 0.429535
1205 0.0052002 0.0531901 2.70711e-06
1206 0.0267088 0.0332994 0.424207
1207 0.00520036 0.0521865 1.64717e-06
1208 0.0267895 0.0324936 0.42404
1209 0.00520051 0.051183 1.01966e-06
1210 0.0268353 0.0316787 0.423076
1211 0.00520067 0.0501794 6.42463e-07
1212 0.0268322 0.0308621 0.416146
1213 0.00520083 0.0491758 4.11916e-07
1214 0.0268169 0.0300471 0.418059
1215 0.00520099 0.0481722 2.68488e-07
1216 0.0267858 0.0292295 0.427526
1217 0.00520114 0.0471687 1.77648e-07
1218 0.0267127 0.0284091 0.433742
1219 0.0052013 0.0461651 1.19126e-07
1220 0.026585 0.0276067 0.432378
1221 0.00520146 0.0451615 8.08636e-08
1222 0.0264733 0.0267794 0.452655
1223 0.00520161 0.044158 5.55914e-08
1224 0.0263322 0.0259501 0.476177
1225 0.00520177 0.0431544 3.88939e-08
1226 0.026151 0.0251314 0.497519
1227 0.00520193 0.0421508 2.81176e-08
1228 0.0259424 0.0243225 0.521777
1229 0.00520208 0.0411472 2.17826e-08
1230 0.0257268 0.0235201 0.557456
1231 0.00520224 0.0401437 1.93198e-08
1232 0.0255005 0.0227256 0.603605
1233 0.0052024 0.0391401 2.10645e-08
1234 0.0252181 0.0219483 0.638319
1235 0.00520255 0.0381365 2.85246e-08
1236 0.0249003 0.0212078 0.667816
1237 0.00520271 0.037133 4.50386e-08
1238 0.0245794 0.0204707 0.710896
1239 0.00520287 0.0361294 7.70738e-08
1240 0.0242633 0.0197319 0.772991
1241 0.00520303 0.0351258 1.36653e-07
1242 0.0238776 0.0190214 0.814411
1243 0.00520318 0.0341222 2.45806e-07
1244 0.0234465 0.0183493 0.845314
1245 0.00520334 0.0331187 4.44709e-07
1246 0.0230114 0.0176548 0.897482
1247 0.0052035 0.0321151 8.06509e-07
1248 0.0225354 0.0169307 0.961585
1249 0.00520365 0.0311115 1.46438e-06
1250 0.0219861 0.0161131 1.0506
1251 0.00520381 0.030108 2.66089e-06
1252 0.00520397 0.0291044 4.83821e-06
1253 0.021225 0.0153943 1.06158
1254 0.00520412 0.0281008 8.80301e-06
1255 0.0206007 0.0147473 1.10926
1256 0.00520428 0.0270972 1.60286e-05
1257 0.0201694 0.0140954 1.24486
1258 0.00520444 0.0260937 2.92088e-05
1259 0.0194634 0.01376 1.15699
1260 0.00520459 0.0250901 5.32749e-05
1261 0.0188289 0.0132501 1.18958
1262 0.00520475 0.0240865 9.72663e-05
1263 0.0181671 0.0127586 1.21849
1264 0.00520491 0.023083 0.000177775
1265 0.0174887 0.0122662 1.25556
1266 0.00520507 0.0220794 0.0003253
1267 0.0168063 0.011775 1.30503
1268 0.00520522 0.0210758 0.000595977
1269 0.016054 0.0113392 1.318
1270 0.00520538 0.0200722 0.00109325
1271 0.0153009 0.0109652 1.31266
1272 0.00520554 0.0190687 0.00200791
1273 0.0145479 0.0105847 1.32169
1274 0.00520569 0.0180651 0.0036918
1275 0.0137858 0.0102048 1.33723
1276 0.00520585 0.0170615 0.00679274
1277 0.0129782 0.00982211 1.3528
1278 0.00520601 0.016058 0.012498
1279 0.0121459 0.00944199 1.371
1280 0.00520616 0.0150544 0.0229613
1281 0.0112898 0.00906634 1.39168
1282 0.00520632 0.0140508 0.042007
1283 0.0104207 0.00871177 1.40783
1284 0.00520648 0.0130472 0.0762175
1285 0.00956344 0.00837549 1.42594
1286 0.00520663 0.0120437 0.136111
1287 0.00872299 0.00806385 1.44208
1288 0.00522184 0.0110468 0.236558
1289 0.00788917 0.00776936 1.45871
1290 0.00523947 0.0100397 0.398895
1291 0.00698885 0.00753947 1.43403
1292 0.00528967 0.00900237 0.654645
1293 0.00608354 0.00729746 1.42268
1294 0.0052694 0.00796685 1.01588
1295 0.00518507 0.00696496 1.4735
1296 0.00525489 0.0761454 1.05635
1297 0.0112069 0.0721018 0.743701
1298 0.0105116 0.0729692 0.840267
1299 0.00965784 0.0735402 0.843477
1300 0.00889434 0.0741022 0.881426
1301 0.0154119 0.0228673 0.0021837
1302 0.011918 0.0712497 0.685615
1303 0.0145624 0.0406732 7.17253e-05
1304 0.0123165 0.0702737 0.556913
1305 0.00703791 0.0752186 0.960838
1306 0.00615018 0.0756614 0.9921
1307 0.0128708 0.052661 0.00126696
1308 0.013038 0.0620649 0.0349135
1309 0.0130469 0.0682466 0.371507
1310 0.0132734 0.0673618 0.307355
1311 0.0134946 0.0664505 0.256215
1312 0.0137104 0.0655175 0.21611
1313 0.0138894 0.0645366 0.177611
1314 0.0140122 0.0634915 0.137915
1315 0.0141075 0.0623448 0.101111
1316 0.0145925 0.0612741 0.116367
1317 0.0148995 0.0602219 0.112515
1318 0.0150688 0.0590344 0.089318
1319 0.0156454 0.0579877 0.116287
1320 0.0160632 0.0569552 0.126119
1321 0.0162973 0.0558574 0.108115
1322 0.0168778 0.0548332 0.136858
1323 0.0173674 0.0538514 0.154687
1324 0.0177948 0.0528421 0.160014
1325 0.0182699 0.0518806 0.172661
1326 0.00612846 0.0747208 0.663424
1327 0.0187997 0.050958 0.197403
1328 0.0061015 0.0737515 0.418858
1329 0.019301 0.0500445 0.21619
1330 0.00606502 0.0727599 0.250438
1331 0.0197746 0.0491373 0.227789
1332 0.00606518 0.0717563 0.144776
1333 0.0202561 0.0482561 0.242284
1334 0.00606533 0.0707527 0.0816981
1335 0.0207506 0.0473876 0.259605
1336 0.00606549 0.0697492 0.0453606
1337 0.0212112 0.0465349 0.270201
1338 0.00606565 0.0687456 0.0249473
1339 0.0216488 0.0456683 0.273787
1340 0.00606581 0.067742 0.013673
1341 0.0220609 0.044828 0.274281
1342 0.00606596 0.0667385 0.00749947
1343 0.0224704 0.0439844 0.27407
1344 0.00606612 0.0657349 0.00411987
1345 0.0228567 0.0431567 0.271429
1346 0.00606628 0.0647313 0.00227011
1347 0.0232215 0.0423364 0.266427
1348 0.00606643 0.0637277 0.00125616
1349 0.0235677 0.0415189 0.259758
1350 0.00606659 0.0627242 0.00069844
1351 0.0238961 0.0407037 0.252239
1352 0.00606675 0.0617206 0.000390347
1353 0.0242005 0.0398949 0.243552
1354 0.0060669 0.060717 0.000219529
1355 0.0244819 0.0390949 0.234687
1356 0.00606706 0.0597135 0.000124433
1357 0.0247447 0.0383034 0.226868
1358 0.00606722 0.0587099 7.1189e-05
1359 0.0249826 0.0375119 0.218662
1360 0.00606737 0.0577063 4.11793e-05
1361 0.0251914 0.0367237 0.209802
1362 0.00606753 0.0567027 2.41285e-05
1363 0.0253763 0.0359379 0.201776
1364 0.00606769 0.0556992 1.43455e-05
1365 0.0255482 0.0351585 0.197219
1366 0.00606785 0.0546956 8.66745e-06
1367 0.0256906 0.0343616 0.192197
1368 0.006068 0.053692 5.3281e-06
1369 0.0257705 0.0335795 0.181542
1370 0.00606816 0.0526885 3.33487e-06
1371 0.0258683 0.0327995 0.181767
1372 0.00606832 0.0516849 2.12552e-06
1373 0.0260904 0.0320459 0.216133
1374 0.00606847 0.0506813 1.37871e-06
1375 0.0259468 0.0312535 0.178629
1376 0.00606863 0.0496777 9.08917e-07
1377 0.0259393 0.0304701 0.177597
1378 0.00606879 0.0486742 6.07826e-07
1379 0.0259114 0.0296874 0.18067
1380 0.00606894 0.0476706 4.1139e-07
1381 0.026014 0.0289011 0.219363
1382 0.0060691 0.046667 2.81162e-07
1383 0.0257217 0.0281676 0.179681
1384 0.00606926 0.0456635 1.93663e-07
1385 0.0256476 0.027346 0.194808
1386 0.00606941 0.0446599 1.34284e-07
1387 0.0255565 0.0265275 0.215961
1388 0.00606957 0.0436563 9.37888e-08
1389 0.0253856 0.0257274 0.228336
1390 0.00606973 0.0426527 6.6285e-08
1391 0.0251823 0.0249403 0.241503
1392 0.00606989 0.0416492 4.80632e-08
1393 0.0249696 0.0241526 0.261569
1394 0.00607004 0.0406456 3.696e-08
1395 0.0247586 0.0233728 0.29127
1396 0.0060702 0.039642 3.20916e-08
1397 0.0246776 0.0225825 0.365972
1398 0.00607036 0.0386385 3.39112e-08
1399 0.0242441 0.0219101 0.346988
1400 0.00607051 0.0376349 4.4651e-08
1401 0.0239125 0.0212036 0.368492
1402 0.00607067 0.0366313 6.93392e-08
1403 0.023614 0.0204815 0.411583
1404 0.00607083 0.0356277 1.17789e-07
1405 0.0234165 0.0197271 0.500434
1406 0.00607098 0.0346242 2.08311e-07
1407 0.0228811 0.0191597 0.47326
1408 0.00607114 0.0336206 3.74531e-07
1409 0.02247 0.0184931 0.510479
1410 0.0060713 0.032617 6.77861e-07
1411 0.0220479 0.0177856 0.567154
1412 0.00607145 0.0316135 1.23027e-06
1413 0.0215265 0.0170539 0.617356
1414 0.00607161 0.0306099 2.23585e-06
1415 0.0209001 0.0163593 0.648538
1416 0.00607177 0.0296063 4.06684e-06
1417 0.00607193 0.0286027 7.40259e-06
1418 0.0202321 0.015657 0.689456
1419 0.00607208 0.0275992 1.34842e-05
1420 0.0195398 0.0148211 0.779678
1421 0.00607224 0.0265956 2.45813e-05
1422 0.0060724 0.025592 4.48494e-05
1423 0.018689 0.0142643 0.771825
1424 0.00607255 0.0245885 8.19066e-05
1425 0.0179862 0.0137355 0.794313
1426 0.00607271 0.0235849 0.000149736
1427 0.0173222 0.0132392 0.825091
1428 0.00607287 0.0225813 0.00027404
1429 0.0166516 0.0127522 0.8619
1430 0.00607302 0.0215777 0.000502125
1431 0.016062 0.0121805 0.958572
1432 0.00607318 0.0205742 0.000921162
1433 0.0152693 0.0119495 0.887183
1434 0.00607334 0.0195706 0.00169193
1435 0.0145239 0.0115702 0.895134
1436 0.00607349 0.018567 0.00311104
1437 0.0137722 0.011191 0.908007
1438 0.00607365 0.0175635 0.00572505
1439 0.0130001 0.010812 0.923642
1440 0.00607381 0.0165599 0.0105374
1441 0.0121908 0.0104331 0.93978
1442 0.00607397 0.0155563 0.019375
1443 0.0113561 0.0100587 0.957274
1444 0.00607412 0.0145527 0.0355344
1445 0.010512 0.00969414 0.976207
1446 0.00609828 0.0135436 0.0650829
1447 0.00965729 0.00935677 0.989738
1448 0.0061116 0.0125458 0.116663
1449 0.0088342 0.00904245 1.00472
1450 0.00611925 0.0115575 0.203437
1451 0.00802684 0.00874801 1.01945
1452 0.00613068 0.0105758 0.342744
1453 0.00723162 0.00838957 1.07276
1454 0.0061566 0.00956614 0.562424
1455 0.00627748 0.00842779 0.935261
1456 0.010221 0.0718785 0.487494
1457 0.010788 0.0711738 0.433649
1458 0.00949686 0.0725399 0.526322
1459 0.00871878 0.0731375 0.559694
1460 0.00791103 0.0737141 0.598923
1461 0.0112856 0.0703655 0.368957
1462 0.00703607 0.0742538 0.635249
1463 0.0116381 0.0695077 0.294525
1464 0.0102414 0.0645938 0.0124609
1465 0.0133431 0.0559457 0.00596434
1466 0.0122802 0.0676249 0.181666
1467 0.0125186 0.066712 0.143319
1468 0.0127439 0.0658095 0.115897
1469 0.0129622 0.0649042 0.0962418
1470 0.0130926 0.0639159 0.0732595
1471 0.0130554 0.0629463 0.048963
1472 0.0135285 0.0613041 0.0424143
1473 0.0140097 0.060547 0.0544641
1474 0.0140069 0.0596249 0.0394896
1475 0.0145642 0.0579375 0.0383112
1476 0.0151242 0.0572109 0.0560357
1477 0.0152202 0.0563366 0.0457083
1478 0.0158181 0.0547703 0.0471758
1479 0.0163222 0.0539652 0.0598855
1480 0.016757 0.0529871 0.064816
1481 0.0170864 0.0518879 0.0576526
1482 0.0177538 0.0509699 0.0785133
1483 0.0182811 0.0500779 0.0907502
1484 0.00696987 0.0732483 0.390369
1485 0.0187057 0.0491706 0.092397
1486 0.00691197 0.0722517 0.231067
1487 0.0192068 0.0482764 0.100931
1488 0.00690432 0.0712577 0.134187
1489 0.0197171 0.0474112 0.111513
1490 0.00693389 0.0702635 0.0768818
1491 0.0201993 0.0465625 0.1201
1492 0.00695456 0.0692649 0.0430859
1493 0.0206537 0.0457177 0.125354
1494 0.00695316 0.0682535 0.0237253
1495 0.0210754 0.0448719 0.126558
1496 0.00693376 0.0672404 0.0129731
1497 0.0214785 0.0440338 0.126004
1498 0.00693392 0.0662368 0.00716804
1499 0.0218701 0.043205 0.124915
1500 0.00693408 0.0652332 0.003971
1501 0.0222386 0.0423913 0.122583
1502 0.00693423 0.0642297 0.00221412
1503 0.0225856 0.0415853 0.119062
1504 0.00693439 0.0632261 0.00124318
1505 0.0229137 0.0407837 0.11481
1506 0.00693455 0.0622225 0.000701009
1507 0.0232203 0.0399857 0.109874
1508 0.00693471 0.0612189 0.000397922
1509 0.023503 0.0391966 0.10455
1510 0.00693486 0.0602154 0.000228607
1511 0.0237691 0.0384204 0.0999843
1512 0.00693502 0.0592118 0.000132901
1513 0.0240284 0.0376563 0.0971281
1514 0.00693518 0.0582082 7.83584e-05
1515 0.0242349 0.0368834 0.091246
1516 0.00693533 0.0572047 4.6956e-05
1517 0.0244273 0.0361217 0.0865445
1518 0.00693549 0.0562011 2.8633e-05
1519 0.0245878 0.0353526 0.0817145
1520 0.00693565 0.0551975 1.77789e-05
1521 0.0248941 0.0346396 0.094865
1522 0.0069358 0.0541939 1.12434e-05
1523 0.0248263 0.0338702 0.0738617
1524 0.00693596 0.0531904 7.24054e-06
1525 0.0249379 0.0329891 0.071242
1526 0.00693612 0.0521868 4.74446e-06
1527 0.0137187 0.0191572 0.0118297
1528 0.00693627 0.0511832 3.15874e-06
1529 0.0146031 0.0195107 0.0123505
1530 0.00693643 0.0501797 2.13228e-06
1531 0.0250953 0.0309554 0.0735121
1532 0.00693659 0.0491761 1.45572e-06
1533 0.0250665 0.0300258 0.0736276
1534 0.00693675 0.0481725 1.00247e-06
1535 0.0151284 0.0181004 0.0339786
1536 0.0069369 0.0471689 6.94701e-07
1537 0.0191096 0.0384831 0.00155492
1538 0.00693706 0.0461654 4.83535e-07
1539 0.0248351 0.0279586 0.0775966
1540 0.00693722 0.0451618 3.37575e-07
1541 0.024717 0.0270579 0.086399
1542 0.00693737 0.0441582 2.3625e-07
1543 0.0247553 0.0262637 0.113736
1544 0.00693753 0.0431547 1.659e-07
1545 0.0244288 0.025547 0.104882
1546 0.00693769 0.0421511 1.17416e-07
1547 0.0242007 0.0247735 0.112933
1548 0.00693784 0.0411475 8.48161e-08
1549 0.023981 0.0239232 0.130832
1550 0.006938 0.0401439 6.44456e-08
1551 0.0183483 0.0206088 0.0249553
1552 0.00693816 0.0391404 5.46475e-08
1553 0.016721 0.0205461 0.0136426
1554 0.00693831 0.0381368 5.58827e-08
1555 0.0232889 0.0219996 0.177812
1556 0.00693847 0.0371332 7.14221e-08
1557 0.022899 0.0211316 0.203522
1558 0.00693863 0.0361297 1.08923e-07
1559 0.0225516 0.0201952 0.252303
1560 0.00693878 0.0351261 1.83513e-07
1561 0.00693894 0.0341225 3.23558e-07
1562 0.0219645 0.0193771 0.270609
1563 0.0069391 0.0331189 5.81275e-07
1564 0.0215078 0.0186494 0.303789
1565 0.00693926 0.0321154 1.05216e-06
1566 0.021191 0.0178861 0.37635
1567 0.00693941 0.0311118 1.91054e-06
1568 0.020537 0.0173789 0.358479
1569 0.00693957 0.0301082 3.47447e-06
1570 0.0198837 0.016656 0.390935
1571 0.00693973 0.0291047 6.32463e-06
1572 0.00693988 0.0281011 1.15219e-05
1573 0.0192199 0.0159128 0.437628
1574 0.00694004 0.0270975 2.10066e-05
1575 0.018507 0.0152659 0.468446
1576 0.0069402 0.0260939 3.83308e-05
1577 0.00694035 0.0250904 7.00059e-05
1578 0.0177945 0.0147238 0.487183
1579 0.00694051 0.0240868 0.000127982
1580 0.0170949 0.0141923 0.512346
1581 0.00694067 0.0230832 0.000234221
1582 0.0163701 0.0136636 0.540766
1583 0.00694082 0.0220797 0.000429133
1584 0.0155638 0.0130358 0.589894
1585 0.00694098 0.0210761 0.00078717
1586 0.00694114 0.0200725 0.00144562
1587 0.014592 0.0126043 0.580324
1588 0.0069413 0.0190689 0.00265777
1589 0.0137717 0.0121938 0.587683
1590 0.00694145 0.0180654 0.00489052
1591 0.0129838 0.0118065 0.598285
1592 0.00694161 0.0170618 0.00900229
1593 0.0122064 0.0114259 0.613414
1594 0.00694177 0.0160582 0.0165596
1595 0.0113909 0.0110538 0.626843
1596 0.0069684 0.0150403 0.0307601
1597 0.010569 0.0106861 0.643282
1598 0.00698701 0.0140333 0.0563582
1599 0.00973243 0.0103336 0.659086
1600 0.00700675 0.0130353 0.101625
1601 0.00887264 0.0100021 0.671672
1602 0.00703058 0.0120495 0.178468
1603 0.00801378 0.00967063 0.688605
1604 0.0070397 0.0110854 0.300396
1605 0.00705131 0.00925998 0.726642
1606 0.0140215 0.0586836 0.0290602
1607 0.0152824 0.0554666 0.0359139
1608 0.00702537 0.0101602 0.477489
1609 0.00923138 0.071528 0.300942
1610 0.00980947 0.0709064 0.267941
1611 0.0103973 0.0703922 0.261362
1612 0.0085615 0.0721865 0.342411
1613 0.00779211 0.0727263 0.365327
1614 0.0105821 0.0696183 0.191414
1615 0.0108922 0.0688268 0.149205
1616 0.0112945 0.0678789 0.115581
1617 0.0115137 0.0669525 0.0838518
1618 0.0117267 0.06603 0.062384
1619 0.0119696 0.0651191 0.0492982
1620 0.0122762 0.0643077 0.0450581
1621 0.0121174 0.0634411 0.0271203
1622 0.0129918 0.060269 0.0178349
1623 0.0141582 0.0568279 0.0181525
1624 0.0152913 0.0538403 0.0207409
1625 0.0158587 0.0531721 0.0297109
1626 0.0159593 0.0522984 0.0233769
1627 0.0167297 0.0507468 0.0267838
1628 0.0173693 0.050115 0.0401524
1629 0.017607 0.0492244 0.0345865
1630 0.0180943 0.0482901 0.0371326
1631 0.00770431 0.0717608 0.21761
1632 0.0186695 0.0474142 0.0444314
1633 0.00776845 0.0707828 0.131197
1634 0.0191906 0.0465679 0.050205
1635 0.00785405 0.0698158 0.0773727
1636 0.0196604 0.0457353 0.0539004
1637 0.00784871 0.0687795 0.0426416
1638 0.0200878 0.0449065 0.0554471
1639 0.00783482 0.0677449 0.0232936
1640 0.0204948 0.044075 0.0556801
1641 0.00784333 0.066725 0.012963
1642 0.0208802 0.0432532 0.0550187
1643 0.00783177 0.0657294 0.0072462
1644 0.0212565 0.0424374 0.0541564
1645 0.00780671 0.0647364 0.00406007
1646 0.0216031 0.0416402 0.0524916
1647 0.00781227 0.0637333 0.0023196
1648 0.021931 0.040851 0.0504658
1649 0.00783876 0.0627387 0.00134561
1650 0.0222397 0.0400646 0.0480718
1651 0.00783529 0.0617347 0.000772491
1652 0.0225257 0.0392825 0.0453485
1653 0.00780266 0.0607173 0.000441518
1654 0.0227931 0.0385036 0.0426031
1655 0.00780282 0.0597137 0.000261732
1656 0.0230485 0.0377545 0.0407285
1657 0.00780298 0.0587102 0.000157758
1658 0.023434 0.0370625 0.0465239
1659 0.00780313 0.0577066 9.71078e-05
1660 0.0234703 0.036251 0.035931
1661 0.00780329 0.056703 6.09228e-05
1662 0.0236467 0.0354378 0.0329429
1663 0.00780345 0.0556994 3.89226e-05
1664 0.023917 0.0344714 0.0327822
1665 0.0078036 0.0546959 2.52975e-05
1666 0.00780376 0.0536923 1.67154e-05
1667 0.0239796 0.0333824 0.0278595
1668 0.00780392 0.0526887 1.12169e-05
1669 0.0240908 0.032363 0.026983
1670 0.00780408 0.0516852 7.62965e-06
1671 0.00780423 0.0506816 5.24757e-06
1672 0.0241797 0.0313624 0.027855
1673 0.00780439 0.049678 3.63905e-06
1674 0.0243496 0.0305104 0.0344595
1675 0.00780455 0.0486744 2.53717e-06
1676 0.0241203 0.0296839 0.0281633
1677 0.0078047 0.0476709 1.77448e-06
1678 0.0224914 0.0368046 0.0169666
1679 0.00780486 0.0466673 1.24315e-06
1680 0.0180121 0.0385976 0.000628149
1681 0.00780502 0.0456637 8.7152e-07
1682 0.023895 0.0276069 0.0338514
1683 0.00780517 0.0446602 6.10963e-07
1684 0.0237514 0.0229064 0.165149
1685 0.00780533 0.0436566 4.28225e-07
1686 0.0240201 0.0286714 0.0296954
1687 0.00780549 0.042653 3.00458e-07
1688 0.0234811 0.0255154 0.0467759
1689 0.00780564 0.0416494 2.1194e-07
1690 0.0232326 0.0246302 0.0546567
1691 0.0078058 0.0406459 1.52036e-07
1692 0.0229932 0.0237471 0.0668127
1693 0.00780596 0.0396423 1.14007e-07
1694 0.0226672 0.0228352 0.0801732
1695 0.00780612 0.0386387 9.44868e-08
1696 0.00780627 0.0376352 9.36348e-08
1697 0.0222807 0.0219583 0.0943113
1698 0.00780643 0.0366316 1.16194e-07
1699 0.0218928 0.0210815 0.114539
1700 0.00780659 0.035628 1.73937e-07
1701 0.0214454 0.020246 0.134951
1702 0.00780674 0.0346244 2.90497e-07
1703 0.0078069 0.0336209 5.10444e-07
1704 0.0209227 0.0194312 0.155565
1705 0.00780706 0.0326173 9.16029e-07
1706 0.0203884 0.0185062 0.192774
1707 0.00780721 0.0316137 1.65788e-06
1708 0.00780737 0.0306102 3.01121e-06
1709 0.0196017 0.0176897 0.211097
1710 0.00780753 0.0296066 5.47862e-06
1711 0.0189298 0.0169435 0.238637
1712 0.00780768 0.028603 9.97848e-06
1713 0.00780784 0.0275994 1.81902e-05
1714 0.0182657 0.0162843 0.263461
1715 0.007808 0.0265959 3.3188e-05
1716 0.0175828 0.015705 0.282902
1717 0.00780816 0.0255923 6.0606e-05
1718 0.00780831 0.0245887 0.000110782
1719 0.0168935 0.0151697 0.300908
1720 0.00780847 0.0235852 0.000202711
1721 0.0161816 0.0146511 0.319004
1722 0.00780863 0.0225816 0.000371333
1723 0.0154354 0.0141259 0.340035
1724 0.00780878 0.021578 0.000681008
1725 0.0146186 0.013633 0.354789
1726 0.00780894 0.0205744 0.00125039
1727 0.0078091 0.0195709 0.00229834
1728 0.013783 0.0132091 0.361848
1729 0.00780925 0.0185673 0.00422829
1730 0.0129746 0.012806 0.370026
1731 0.00780941 0.0175637 0.00778211
1732 0.0121812 0.0124222 0.379245
1733 0.00780957 0.0165602 0.0143213
1734 0.0113974 0.0120496 0.390457
1735 0.00784348 0.015533 0.0267884
1736 0.010581 0.0116815 0.402068
1737 0.00788153 0.0145156 0.0496623
1738 0.00973527 0.0113243 0.413021
1739 0.00791455 0.0135076 0.0905827
1740 0.00887522 0.0109684 0.42634
1741 0.00793909 0.0125139 0.160709
1742 0.00800933 0.0106007 0.445755
1743 0.0079853 0.0115566 0.273045
1744 0.0124375 0.0613065 0.0152443
1745 0.0130723 0.0590197 0.0126424
1746 0.013371 0.0578073 0.0108951
1747 0.0143926 0.055716 0.0158814
1748 0.0146587 0.0546479 0.0137863
1749 0.0160934 0.051414 0.0190924
1750 0.00840626 0.0713362 0.213121
1751 0.0087815 0.0704892 0.150426
1752 0.00957932 0.0698724 0.146267
1753 0.0103611 0.0680934 0.0807795
1754 0.010542 0.0672166 0.0556284
1755 0.0106936 0.0662775 0.0371351
1756 0.0109413 0.0653021 0.0267022
1757 0.011272 0.0642035 0.0200305
1758 0.0149629 0.0527679 0.0103976
1759 0.0164617 0.0495824 0.0132798
1760 0.0168421 0.0482991 0.0114805
1761 0.0175844 0.0473735 0.0163585
1762 0.0181743 0.0465414 0.0200379
1763 0.0186671 0.0457289 0.0223459
1764 0.00875464 0.0693392 0.0804473
1765 0.0191018 0.044918 0.0234403
1766 0.00874963 0.0682738 0.0438426
1767 0.0195091 0.0441057 0.0238757
1768 0.00873325 0.0672119 0.0241427
1769 0.019898 0.0432933 0.0238226
1770 0.00877466 0.0661889 0.01382
1771 0.0202659 0.0424856 0.0233396
1772 0.00870484 0.0652325 0.0077787
1773 0.0206183 0.0416869 0.022694
1774 0.0086374 0.064243 0.00442979
1775 0.020948 0.0409056 0.0218289
1776 0.00873747 0.063263 0.00273315
1777 0.021257 0.0401341 0.020794
1778 0.00876657 0.0622644 0.00160569
1779 0.0215491 0.0393613 0.0196281
1780 0.00871866 0.0612406 0.000925253
1781 0.021828 0.0385745 0.0183473
1782 0.00869457 0.0602256 0.000554069
1783 0.02211 0.0377616 0.0172256
1784 0.00869158 0.0592219 0.000342123
1785 0.0237757 0.0264621 0.0426042
1786 0.00867094 0.0582085 0.000213462
1787 0.0251056 0.0319923 0.0757417
1788 0.00867109 0.0572049 0.000137934
1789 0.022637 0.0357393 0.0135575
1790 0.00867125 0.0562014 9.05571e-05
1791 0.0228576 0.0347787 0.0125079
1792 0.00867141 0.0551978 6.02346e-05
1793 0.0230226 0.0337858 0.0114066
1794 0.00867156 0.0541942 4.0603e-05
1795 0.00867172 0.0531906 2.77665e-05
1796 0.0231273 0.0327562 0.0104013
1797 0.00867188 0.0521871 1.92002e-05
1798 0.0232221 0.0317041 0.0102578
1799 0.00867203 0.0511835 1.33936e-05
1800 0.00867219 0.0501799 9.39716e-06
1801 0.0233488 0.0305545 0.0115421
1802 0.00867235 0.0491764 6.60747e-06
1803 0.0086725 0.0481728 4.64537e-06
1804 0.0231987 0.0294282 0.0113446
1805 0.00867266 0.0471692 3.26421e-06
1806 0.023073 0.0283367 0.0127243
1807 0.00867282 0.0461656 2.29227e-06
1808 0.00867298 0.0451621 1.60781e-06
1809 0.0229524 0.0272945 0.0155763
1810 0.00867313 0.0441585 1.12551e-06
1811 0.0227397 0.0262868 0.018733
1812 0.00867329 0.0431549 7.8654e-07
1813 0.00867345 0.0421514 5.4955e-07
1814 0.0224954 0.025364 0.0225456
1815 0.0086736 0.0411478 3.85473e-07
1816 0.0222468 0.02448 0.0278584
1817 0.00867376 0.0401442 2.74322e-07
1818 0.0219729 0.0236122 0.0347031
1819 0.00867392 0.0391406 2.03133e-07
1820 0.0216449 0.0227557 0.0427659
1821 0.00867407 0.0381371 1.64935e-07
1822 0.00867423 0.0371335 1.58864e-07
1823 0.0212757 0.021913 0.0526122
1824 0.00867439 0.0361299 1.91723e-07
1825 0.0208685 0.0210866 0.064378
1826 0.00867454 0.0351264 2.81788e-07
1827 0.020389 0.0202761 0.0769909
1828 0.0086747 0.0341228 4.66441e-07
1829 0.00867486 0.0331192 8.16618e-07
1830 0.0198315 0.0194644 0.0910903
1831 0.00867502 0.0321156 1.46355e-06
1832 0.0192228 0.018673 0.106655
1833 0.00867517 0.0311121 2.64785e-06
1834 0.00867533 0.0301085 4.80949e-06
1835 0.0186055 0.0179228 0.125632
1836 0.00867549 0.0291049 8.75263e-06
1837 0.0179762 0.0172386 0.143733
1838 0.00867564 0.0281014 1.59476e-05
1839 0.0086758 0.0270978 2.90856e-05
1840 0.0173387 0.0166784 0.156246
1841 0.00867596 0.0260942 5.30967e-05
1842 0.0166888 0.0161356 0.170015
1843 0.00867611 0.0250906 9.70245e-05
1844 0.00867627 0.0240871 0.000177479
1845 0.0160087 0.0156302 0.181567
1846 0.00867643 0.0230835 0.000325005
1847 0.0152906 0.0151417 0.192311
1848 0.00867658 0.0220799 0.000595852
1849 0.0145368 0.0146614 0.203165
1850 0.00867674 0.0210764 0.00109372
1851 0.0137534 0.0142118 0.212658
1852 0.0086769 0.0200728 0.00200994
1853 0.00867706 0.0190692 0.00369752
1854 0.0129619 0.0137976 0.220298
1855 0.00867721 0.0180656 0.00680567
1856 0.0121618 0.0134146 0.225582
1857 0.00868173 0.0170522 0.012599
1858 0.011365 0.013056 0.230126
1859 0.00870353 0.0160285 0.0234774
1860 0.0105713 0.012684 0.238824
1861 0.00875486 0.0149983 0.0440325
1862 0.00973873 0.0123154 0.247937
1863 0.00882549 0.0139755 0.0817413
1864 0.0088752 0.0119566 0.256773
1865 0.00885388 0.0129441 0.148661
1866 0.00975484 0.0688125 0.0879264
1867 0.0109837 0.0630488 0.00958117
1868 0.0119944 0.0685727 0.233124
1869 0.0118003 0.060488 0.00643196
1870 0.0131205 0.0568089 0.00631712
1871 0.0143386 0.0535243 0.00702415
1872 0.0149849 0.0515903 0.00677104
1873 0.0156597 0.0505482 0.0090467
1874 0.0122781 0.0582666 0.00460847
1875 0.0135688 0.0550154 0.00550442
1876 0.00955548 0.0676973 0.0450782
1877 0.00968081 0.0666776 0.0272543
1878 0.00978187 0.0655856 0.0158012
1879 0.0093929 0.0646968 0.00831014
1880 0.0156875 0.048625 0.00459688
1881 0.0165404 0.0471516 0.00547953
1882 0.0171619 0.0464445 0.00756422
1883 0.0176976 0.0456792 0.00917866
1884 0.0181119 0.0449042 0.00961386
1885 0.018528 0.0441176 0.0100572
1886 0.0189132 0.0433223 0.0101248
1887 0.0192848 0.0425226 0.0100219
1888 0.0196352 0.0417306 0.00974428
1889 0.0199649 0.0409509 0.00936936
1890 0.00952566 0.0638655 0.00564389
1891 0.0202765 0.0401892 0.0089604
1892 0.00979381 0.0628233 0.00377715
1893 0.0205727 0.0394341 0.0085105
1894 0.0096397 0.0617589 0.00203885
1895 0.0208578 0.0386762 0.0080472
1896 0.00958552 0.0607327 0.00124445
1897 0.0211086 0.0378805 0.00727371
1898 0.00960375 0.0597493 0.000800367
1899 0.0213941 0.03703 0.0067482
1900 0.00955828 0.0587141 0.00050464
1901 0.0216496 0.0360844 0.00603262
1902 0.00955726 0.0577004 0.0003346
1903 0.00955579 0.0566987 0.000224624
1904 0.0218527 0.0351103 0.00523389
1905 0.00955815 0.0557029 0.000152858
1906 0.022033 0.0341408 0.00468011
1907 0.00955141 0.0547046 0.000104156
1908 0.0221691 0.0331592 0.0042459
1909 0.00953952 0.0536926 7.12137e-05
1910 0.00953968 0.052689 4.98452e-05
1911 0.0222612 0.0321425 0.00398076
1912 0.00953984 0.0516854 3.51216e-05
1913 0.0223337 0.0311016 0.0040818
1914 0.00953999 0.0506819 2.48779e-05
1915 0.00954015 0.0496783 1.76098e-05
1916 0.022325 0.0300537 0.00437933
1917 0.00954031 0.0486747 1.23927e-05
1918 0.00954046 0.0476711 8.7038e-06
1919 0.0222367 0.0290098 0.00491417
1920 0.00954062 0.0466676 6.1074e-06
1921 0.0221188 0.0279912 0.00595342
1922 0.00954078 0.045664 4.2851e-06
1923 0.00954093 0.0446604 2.9947e-06
1924 0.0219581 0.027011 0.00745278
1925 0.00954109 0.0436569 2.0861e-06
1926 0.0217439 0.0260802 0.00931903
1927 0.00954125 0.0426533 1.45009e-06
1928 0.0095414 0.0416497 1.00744e-06
1929 0.0215085 0.0251943 0.011806
1930 0.00954156 0.0406461 7.02112e-07
1931 0.0212613 0.0243488 0.0150885
1932 0.00954172 0.0396426 4.95807e-07
1933 0.0209824 0.0235112 0.0193577
1934 0.00954188 0.038639 3.63146e-07
1935 0.0206486 0.0226947 0.0243801
1936 0.00954203 0.0376354 2.89773e-07
1937 0.00954219 0.0366319 2.72281e-07
1938 0.0202798 0.0219003 0.0304431
1939 0.00954235 0.0356283 3.20374e-07
1940 0.0198904 0.0211181 0.0382331
1941 0.0095425 0.0346247 4.6275e-07
1942 0.0193595 0.0203513 0.045237
1943 0.00954266 0.0336211 7.59282e-07
1944 0.00954282 0.0326176 1.32428e-06
1945 0.0187189 0.019629 0.0506305
1946 0.00954297 0.031614 2.36972e-06
1947 0.0180962 0.0188516 0.0610548
1948 0.00954313 0.0306104 4.28464e-06
1949 0.00954329 0.0296069 7.78094e-06
1950 0.0177098 0.018059 0.0829424
1951 0.00954344 0.0286033 1.41605e-05
1952 0.01704 0.0176329 0.0825952
1953 0.0095436 0.0275997 2.58052e-05
1954 0.00954376 0.0265961 4.70775e-05
1955 0.016462 0.0170869 0.0932187
1956 0.00954392 0.0255926 8.5975e-05
1957 0.0158368 0.0165768 0.101977
1958 0.00954407 0.024589 0.000157179
1959 0.00954423 0.0235854 0.00028767
1960 0.0151526 0.0161316 0.106678
1961 0.00954439 0.0225819 0.000527102
1962 0.0144286 0.0156766 0.11229
1963 0.00954454 0.0215783 0.000966943
1964 0.0136803 0.0152183 0.119363
1965 0.0095447 0.0205747 0.00177585
1966 0.0129224 0.0147832 0.126367
1967 0.00954486 0.0195711 0.00326498
1968 0.00954501 0.0185676 0.00601292
1969 0.0121591 0.0143767 0.133008
1970 0.00954517 0.017564 0.0110645
1971 0.0113309 0.0140537 0.131665
1972 0.0095472 0.0165389 0.0205621
1973 0.0105222 0.0137345 0.132147
1974 0.00959519 0.015478 0.039175
1975 0.0097087 0.0133429 0.139891
1976 0.00807789 0.0747562 0.962535
1977 0.0106851 0.0621071 0.00491949
1978 0.0119476 0.062378 0.0147191
1979 0.0113216 0.0613045 0.00593762
1980 0.0124269 0.074967 2.61832
1981 0.012312 0.0572638 0.00324913
1982 0.0137652 0.0541724 0.00508384
1983 0.0103628 0.0637029 0.00868415
1984 0.0139116 0.0524155 0.0031914
1985 0.0152314 0.0495888 0.00412084
1986 0.0112449 0.0596158 0.00302249
1987 0.0145335 0.0504415 0.00287009
1988 0.0161548 0.0461635 0.00257424
1989 0.0168203 0.0456355 0.00405193
1990 0.0170992 0.044856 0.00373972
1991 0.0175428 0.0441119 0.00414633
1992 0.0179288 0.0433346 0.00424048
1993 0.0182997 0.0425531 0.00425081
1994 0.0186504 0.0417686 0.00416393
1995 0.0189839 0.0409868 0.00400987
1996 0.0193005 0.0402232 0.00383513
1997 0.0195939 0.0394866 0.00365357
1998 0.0200311 0.0388113 0.0041432
1999 0.0103403 0.0612271 0.0026521
2000 0.0201067 0.0380135 0.00314065
2001 0.01062 0.0603328 0.00219868
2002 0.0203598 0.0372161 0.00285277
2003 0.0104119 0.0592198 0.00124422
2004 0.0206184 0.0363393 0.00257009
2005 0.0104342 0.0581823 0.000845944
2006 0.0208577 0.0354203 0.00229493
2007 0.0104553 0.057195 0.000589921
2008 0.0104601 0.0562046 0.000409431
2009 0.0210587 0.0344825 0.00203322
2010 0.0104443 0.0552186 0.000279076
2011 0.0212093 0.0335312 0.00180612
2012 0.0104207 0.0542191 0.000190928
2013 0.0213163 0.0325696 0.00165481
2014 0.0104087 0.0532156 0.000134063
2015 0.0104075 0.0522129 9.46694e-05
2016 0.0213749 0.0315839 0.00159888
2017 0.0104093 0.0512054 6.75157e-05
2018 0.0213994 0.0305914 0.00169834
2019 0.0104231 0.0501963 4.85401e-05
2020 0.0104386 0.0492043 3.47684e-05
2021 0.0213698 0.0296022 0.00194875
2022 0.0104333 0.048198 2.41821e-05
2023 0.0104244 0.047188 1.68123e-05
2024 0.0212927 0.0286275 0.00239542
2025 0.0104086 0.0461659 1.15587e-05
2026 0.0211603 0.0276725 0.00305398
2027 0.0104087 0.0451623 8.04748e-06
2028 0.0104089 0.0441588 5.58175e-06
2029 0.0209755 0.0267539 0.00393427
2030 0.010409 0.0431552 3.86239e-06
2031 0.0207568 0.0258686 0.00511566
2032 0.0104092 0.0421516 2.67098e-06
2033 0.0104094 0.0411481 1.84332e-06
2034 0.0205248 0.0250373 0.00666614
2035 0.0104095 0.0401445 1.27662e-06
2036 0.0203065 0.0242313 0.00887948
2037 0.0104097 0.0391409 8.95978e-07
2038 0.020021 0.0234246 0.0116479
2039 0.0104098 0.0381373 6.50563e-07
2040 0.019657 0.0226671 0.0144725
2041 0.01041 0.0371338 5.11736e-07
2042 0.0104101 0.0361302 4.7084e-07
2043 0.0193042 0.0219161 0.0184555
2044 0.0104103 0.0351266 5.41778e-07
2045 0.0190161 0.0211469 0.024986
2046 0.0104105 0.0341231 7.70244e-07
2047 0.0104106 0.0331195 1.2534e-06
2048 0.0104108 0.0321159 2.17781e-06
2049 0.0175108 0.0198681 0.0269261
2050 0.0104109 0.0311123 3.89014e-06
2051 0.0168888 0.0187624 0.0405666
2052 0.0104111 0.0301088 7.02722e-06
2053 0.0104112 0.0291052 1.27548e-05
2054 0.0104114 0.0281016 2.32056e-05
2055 0.0104116 0.0270981 4.22839e-05
2056 0.0104117 0.0260945 7.7144e-05
2057 0.0156917 0.0174211 0.0604989
2058 0.0104119 0.0250909 0.00014091
2059 0.0150181 0.0171019 0.0585986
2060 0.010412 0.0240873 0.00025769
2061 0.0104122 0.0230838 0.000471818
2062 0.0143239 0.0166849 0.0607908
2063 0.0104123 0.0220802 0.000864897
2064 0.0135944 0.0162412 0.0645707
2065 0.0104125 0.0210766 0.00158723
2066 0.012855 0.0157681 0.0703985
2067 0.0104127 0.0200731 0.00291482
2068 0.0121065 0.0153413 0.0752674
2069 0.0104347 0.0190618 0.00540295
2070 0.0104337 0.0180732 0.00987729
2071 0.0114148 0.0149242 0.0824423
2072 0.0103957 0.0170814 0.0178636
2073 0.0104977 0.0148505 0.0683107
2074 0.0103849 0.0160353 0.033388
2075 0.0123902 0.0552203 0.00176139
2076 0.0123149 0.0562388 0.00234116
2077 0.0133171 0.0533812 0.00244802
2078 0.0138322 0.0512013 0.0018867
2079 0.0113221 0.0586966 0.00225371
2080 0.0113648 0.0577146 0.00161899
2081 0.0128841 0.0542356 0.00220533
2082 0.015446 0.0468538 0.00173906
2083 0.0147655 0.0487656 0.00204407
2084 0.0161476 0.0180343 0.0486388
2085 0.0141467 0.0494263 0.00137093
2086 0.0160089 0.0450527 0.00144677
2087 0.0165414 0.0441045 0.00164601
2088 0.0169302 0.0433313 0.00172224
2089 0.0173175 0.0425675 0.00178574
2090 0.0176763 0.0417975 0.00178533
2091 0.0180066 0.0410166 0.0017219
2092 0.0183265 0.0402289 0.00163777
2093 0.0186645 0.0394108 0.00156491
2094 0.0121425 0.0593999 0.00608697
2095 0.00966087 0.0144211 0.0743821
2096 0.0193464 0.0374499 0.00126109
2097 0.0196034 0.0365666 0.00111965
2098 0.0198546 0.0356778 0.00100451
2099 0.0200876 0.0347875 0.000911293
2100 0.0113831 0.0567082 0.0011396
2101 0.0113888 0.0557189 0.000812565
2102 0.0202661 0.0338758 0.000812858
2103 0.0113211 0.0547591 0.000527956
2104 0.0203794 0.0329568 0.000725358
2105 0.0112674 0.0537334 0.000366502
2106 0.0204396 0.0320235 0.000674624
2107 0.0112868 0.0527509 0.000263363
2108 0.0112592 0.0517402 0.000183627
2109 0.0204724 0.0310778 0.000693081
2110 0.011291 0.0507375 0.000134595
2111 0.020477 0.0301298 0.000796231
2112 0.011342 0.0497498 0.000100152
2113 0.0113437 0.0487431 6.92281e-05
2114 0.0204508 0.0291903 0.00100474
2115 0.0113144 0.0477236 4.6953e-05
2116 0.0112997 0.0467001 3.23698e-05
2117 0.0203644 0.028271 0.00131812
2118 0.0113076 0.0457003 2.27011e-05
2119 0.020208 0.0273751 0.00173894
2120 0.0113005 0.0446899 1.55038e-05
2121 0.0112919 0.0436763 1.05913e-05
2122 0.0199962 0.0265159 0.00227988
2123 0.011277 0.0426536 7.15966e-06
2124 0.0197665 0.0256785 0.00303772
2125 0.0112772 0.04165 4.89833e-06
2126 0.0112773 0.0406464 3.35404e-06
2127 0.0195338 0.0248975 0.00403979
2128 0.0112775 0.0396428 2.31798e-06
2129 0.0194778 0.0240897 0.00610831
2130 0.0112776 0.0386393 1.62055e-06
2131 0.0190325 0.0234138 0.00696463
2132 0.0112778 0.0376357 1.16817e-06
2133 0.0186528 0.0226491 0.00892785
2134 0.0112779 0.0366321 9.07872e-07
2135 0.0112781 0.0356286 8.207e-07
2136 0.018218 0.0217258 0.0123926
2137 0.0112783 0.034625 9.26769e-07
2138 0.0112784 0.0336214 1.30005e-06
2139 0.0112786 0.0326178 2.10027e-06
2140 0.0112787 0.0316143 3.636e-06
2141 0.016357 0.0197805 0.018886
2142 0.0112789 0.0306107 6.48182e-06
2143 0.011279 0.0296071 1.16941e-05
2144 0.0112792 0.0286036 2.1205e-05
2145 0.0112794 0.0276 3.85505e-05
2146 0.0112795 0.0265964 7.02099e-05
2147 0.0112797 0.0255928 0.000128055
2148 0.0143155 0.0176808 0.0339338
2149 0.0112798 0.0245893 0.000233877
2150 0.01128 0.0235857 0.000427746
2151 0.0112801 0.0225821 0.00078342
2152 0.0134922 0.0172917 0.0335804
2153 0.0112803 0.0215786 0.00143673
2154 0.0127806 0.0167903 0.0377304
2155 0.0112744 0.0205768 0.00263226
2156 0.0120211 0.0162158 0.043975
2157 0.0112857 0.0195646 0.00486277
2158 0.0111965 0.0157474 0.0477773
2159 0.0113655 0.0185384 0.00917977
2160 0.0113115 0.0176047 0.0161745
2161 0.012984 0.0518113 0.00103574
2162 0.0133385 0.0501286 0.000745047
2163 0.015115 0.0457999 0.000869155
2164 0.0174276 0.0210168 0.0134539
2165 0.0155739 0.0189721 0.0231641
2166 0.0111901 0.0166306 0.0279994
2167 0.0120221 0.0542569 0.000934214
2168 0.012247 0.0533274 0.000818202
2169 0.0139184 0.048375 0.000777956
2170 0.0154959 0.0440576 0.000629505
2171 0.0159176 0.043287 0.000678079
2172 0.0163214 0.0425548 0.000726886
2173 0.0167108 0.0418148 0.000765099
2174 0.0170388 0.0410532 0.000746873
2175 0.0173418 0.0402698 0.000702393
2176 0.017664 0.0394556 0.000662364
2177 0.0127835 0.0692989 0.476903
2178 0.025026 0.0289994 0.0772235
2179 0.0183318 0.0376863 0.000572808
2180 0.0185976 0.03676 0.000495746
2181 0.0188554 0.0358831 0.000442576
2182 0.0191047 0.0350146 0.000403166
2183 0.0193366 0.0341731 0.000379522
2184 0.0194695 0.0333054 0.000339041
2185 0.0195094 0.0324318 0.000300592
2186 0.0195398 0.0315212 0.000297415
2187 0.0120872 0.0522558 0.000501761
2188 0.0121163 0.0513108 0.000363918
2189 0.0195687 0.0306049 0.000339554
2190 0.0122262 0.050336 0.000287798
2191 0.0195724 0.0296932 0.000432781
2192 0.0123072 0.0493143 0.000211208
2193 0.0122219 0.04829 0.000135291
2194 0.0195673 0.0288158 0.000597239
2195 0.0121841 0.047249 9.15095e-05
2196 0.0122125 0.0462526 6.583e-05
2197 0.0194595 0.027946 0.00081676
2198 0.0122086 0.0452429 4.43557e-05
2199 0.0192448 0.0271252 0.00106206
2200 0.0121777 0.0442155 2.9296e-05
2201 0.0121679 0.0431838 1.98416e-05
2202 0.0190139 0.0262997 0.00142624
2203 0.0121778 0.0421797 1.36645e-05
2204 0.0187755 0.0254347 0.00200353
2205 0.0121624 0.0411695 9.09727e-06
2206 0.0121404 0.040157 6.11518e-06
2207 0.0185623 0.0244273 0.00312719
2208 0.0121454 0.0391412 4.22599e-06
2209 0.0121456 0.0381376 2.93638e-06
2210 0.0180961 0.0235322 0.00420294
2211 0.0121458 0.037134 2.1015e-06
2212 0.0177035 0.0227606 0.00556422
2213 0.0121459 0.0361305 1.61668e-06
2214 0.0121461 0.0351269 1.43935e-06
2215 0.0121462 0.0341233 1.60286e-06
2216 0.0121464 0.0331198 2.22734e-06
2217 0.0121465 0.0321162 3.57805e-06
2218 0.0121467 0.0311126 6.17365e-06
2219 0.0121468 0.030109 1.09799e-05
2220 0.012147 0.0291055 1.97837e-05
2221 0.0121472 0.0281019 3.58131e-05
2222 0.0121473 0.0270983 6.50015e-05
2223 0.0121475 0.0260948 0.000118287
2224 0.0121476 0.0250912 0.000215536
2225 0.0135435 0.0182277 0.0197597
2226 0.0121478 0.0240876 0.00039334
2227 0.0121479 0.023084 0.000719029
2228 0.0121481 0.0220805 0.00131691
2229 0.0124394 0.0179243 0.0172671
2230 0.0121483 0.0210769 0.00241617
2231 0.0119584 0.0170563 0.0262184
2232 0.0121179 0.0200878 0.00437571
2233 0.0121486 0.0190698 0.00817138
2234 0.0129095 0.0509553 0.000698181
2235 0.0138001 0.0474746 0.000485081
2236 0.014232 0.046559 0.000498611
2237 0.0148347 0.0477515 0.00142516
2238 0.0131658 0.0488769 0.000419906
2239 0.0148524 0.0447827 0.00044398
2240 0.0171207 0.0219661 0.00689456
2241 0.0153767 0.0198835 0.0128563
2242 0.0144632 0.018657 0.0200227
2243 0.0149248 0.0431797 0.000257169
2244 0.0152971 0.0424697 0.000273061
2245 0.0157496 0.0418076 0.000322637
2246 0.0161092 0.0410813 0.000334448
2247 0.0163688 0.04032 0.000305428
2248 0.0166511 0.0395338 0.000282041
2249 0.0169822 0.0387013 0.000267367
2250 0.0173062 0.0378291 0.000248378
2251 0.0175875 0.0369367 0.000220831
2252 0.0178595 0.0360616 0.000197609
2253 0.0181145 0.0351967 0.000178612
2254 0.0183475 0.0343289 0.00016408
2255 0.0186693 0.0336158 0.00018222
2256 0.0185814 0.0328388 0.000141632
2257 0.0185945 0.0319452 0.000133604
2258 0.0186347 0.0310371 0.000150814
2259 0.018663 0.0301278 0.000195306
2260 0.0186889 0.0292522 0.000277956
2261 0.0130465 0.0478521 0.000259947
2262 0.0187922 0.0284711 0.000424223
2263 0.0131084 0.0468437 0.000194652
2264 0.0131641 0.045842 0.000136728
2265 0.0184988 0.0277356 0.000506271
2266 0.0130799 0.0447875 8.33567e-05
2267 0.0182609 0.0269566 0.000671828
2268 0.0130401 0.0437417 5.46366e-05
2269 0.0130893 0.0427137 3.91607e-05
2270 0.0180253 0.0261062 0.000953203
2271 0.0130856 0.0417176 2.58166e-05
2272 0.0177798 0.0252213 0.00139803
2273 0.0130005 0.0406736 1.62773e-05
2274 0.0129889 0.039665 1.1139e-05
2275 0.0174618 0.0243542 0.00200513
2276 0.0130049 0.0386685 7.72306e-06
2277 0.0130113 0.037661 5.32306e-06
2278 0.0171178 0.0235161 0.00282721
2279 0.013025 0.0366414 3.8262e-06
2280 0.0130352 0.0356322 2.92217e-06
2281 0.0130272 0.0346297 2.55343e-06
2282 0.0130142 0.0336217 2.80716e-06
2283 0.0130143 0.0326181 3.88103e-06
2284 0.0130145 0.0316145 6.21016e-06
2285 0.0130147 0.030611 1.06898e-05
2286 0.0130384 0.0296173 1.89989e-05
2287 0.0130319 0.0286133 3.40696e-05
2288 0.0130252 0.0276117 6.13205e-05
2289 0.0130256 0.0265991 0.000111486
2290 0.0130154 0.0255931 0.000202524
2291 0.0130156 0.0245895 0.000368779
2292 0.0129413 0.0188076 0.0117346
2293 0.0130062 0.0235703 0.000675055
2294 0.0129924 0.0225518 0.00123693
2295 0.0129806 0.02155 0.00225318
2296 0.0129633 0.0205834 0.00402225
2297 0.0129289 0.0196531 0.00699573
2298 0.0164131 0.0213866 0.00739021
2299 0.014051 0.0453636 0.000264613
2300 0.0146156 0.0439071 0.000259677
2301 0.0168428 0.0227721 0.00393051
2302 0.013776 0.0200618 0.00694663
2303 0.0141383 0.0423096 8.50893e-05
2304 0.0147828 0.0416354 0.000125344
2305 0.0153151 0.0411176 0.000170492
2306 0.0154413 0.0404068 0.000140102
2307 0.0156268 0.0396079 0.000117821
2308 0.0159454 0.0388266 0.000113705
2309 0.016311 0.0379819 0.000111857
2310 0.0165692 0.0371102 9.78811e-05
2311 0.0168357 0.0362374 8.72462e-05
2312 0.0171149 0.035368 8.01287e-05
2313 0.017381 0.0344648 7.41485e-05
2314 0.0176593 0.0334365 7.10324e-05
2315 0.0176708 0.0314493 6.93636e-05
2316 0.017729 0.0305321 9.20738e-05
2317 0.0177802 0.0296122 0.000136634
2318 0.0178078 0.0286027 0.000223689
2319 0.0172911 0.0268082 0.000458555
2320 0.0139049 0.0432566 0.000101622
2321 0.0170403 0.0259371 0.000675275
2322 0.0138674 0.0411919 4.463e-05
2323 0.0167516 0.0250726 0.00098884
2324 0.01379 0.0401797 2.85998e-05
2325 0.0138649 0.039204 2.09654e-05
2326 0.0164446 0.024202 0.00145403
2327 0.0138741 0.0382162 1.40003e-05
2328 0.0138659 0.0371704 9.54313e-06
2329 0.0139481 0.0361467 7.18408e-06
2330 0.0139431 0.0351366 5.29833e-06
2331 0.0138902 0.0341184 4.52994e-06
2332 0.0138909 0.033124 5.01097e-06
2333 0.0139006 0.0321285 6.90707e-06
2334 0.0139242 0.0311389 1.10177e-05
2335 0.0139376 0.0301362 1.89299e-05
2336 0.0139378 0.0291331 3.35384e-05
2337 0.0139135 0.0281308 5.9667e-05
2338 0.0138858 0.0271219 0.000106792
2339 0.0139295 0.0261016 0.000196508
2340 0.0139373 0.0251006 0.000358258
2341 0.0138741 0.0240546 0.000651986
2342 0.013838 0.0230175 0.0011944
2343 0.0138252 0.0219861 0.00220303
2344 0.0138055 0.020997 0.00398387
2345 0.0138637 0.0443075 0.000145734
2346 0.0161284 0.0222858 0.00394624
2347 0.0146623 0.0213502 0.0041581
2348 0.0146271 0.0204244 0.0072794
2349 0.0176402 0.0323983 6.25724e-05
2350 0.017518 0.0276713 0.000315377
2351 0.0161665 0.0233368 0.00218069
2352 0.0146517 0.0397607 5.31058e-05
2353 0.0148467 0.0388017 4.17329e-05
2354 0.0154153 0.0381506 5.62979e-05
2355 0.0155705 0.0373123 4.51026e-05
2356 0.0157925 0.036409 3.79332e-05
2357 0.0160917 0.035559 3.58788e-05
2358 0.0164085 0.0346908 3.54048e-05
2359 0.0165951 0.0337863 3.25371e-05
2360 0.016739 0.0308905 4.49851e-05
2361 0.0168029 0.0299703 6.8502e-05
2362 0.016985 0.0291485 0.000112791
2363 0.0163336 0.0266151 0.000342637
2364 0.0160354 0.0257306 0.000511081
2365 0.0157317 0.0248586 0.000756115
2366 0.0146277 0.0377404 2.35629e-05
2367 0.0147898 0.0367074 1.8029e-05
2368 0.0149695 0.0356418 1.40086e-05
2369 0.0147465 0.034579 9.07837e-06
2370 0.0147645 0.0336211 8.20627e-06
2371 0.0147871 0.0326526 9.12936e-06
2372 0.0148243 0.0316776 1.25697e-05
2373 0.0148469 0.0306779 1.99656e-05
2374 0.0148834 0.0296717 3.4464e-05
2375 0.0148556 0.0286536 6.08487e-05
2376 0.0147659 0.0276472 0.000105753
2377 0.0147201 0.0266665 0.000185202
2378 0.0149375 0.0256205 0.000363204
2379 0.0147748 0.0245409 0.000653585
2380 0.0146712 0.0234779 0.00118236
2381 0.0146383 0.022416 0.00219307
2382 0.0166715 0.0328217 3.05116e-05
2383 0.0167036 0.0283558 0.000149239
2384 0.0165254 0.0274783 0.000225842
2385 0.0155122 0.0239176 0.00122093
2386 0.0154341 0.0217936 0.00415501
2387 0.0156574 0.02072 0.00842134
2388 0.0155258 0.0348858 1.86247e-05
2389 0.0156097 0.0341019 1.61669e-05
2390 0.0158142 0.0302705 3.69764e-05
2391 0.0156863 0.0331908 1.53417e-05
