1 1.53081e-18 -0.025 0.333081
2 1.02054e-18 0.0133333 0.808345
3 1.53081e-18 0.025 0.702578
4 1.02054e-18 0.0466667 0.271842
5 0.0146855 0.0378813 0.162716
6 0.0239236 -0.00725686 0.160933
7 0.0138888 0.020787 0.394964
8 0 0.00854167 0.829442
9 0 0.00375 0.835273
10 0 -0.00104167 0.817796
11 0 -0.00583333 0.775233
12 0 -0.010625 0.708637
13 0 -0.0154167 0.616706
14 0 -0.0202083 0.492501
15 0.0248429 -0.00279809 0.149063
16 0.0249385 0.00175211 0.149154
17 0.0242075 0.00624468 0.160793
18 0.0226739 0.0105306 0.186221
19 0.0203888 0.0144671 0.230811
20 0.0174282 0.0179237 0.33578
21 0.0112237 0.017679 0.559776
22 0.00788126 0.0153145 0.683063
23 0.00406323 0.0138362 0.763558
24 0.00453365 -0.0245855 0.313601
25 0.00891569 -0.0233562 0.295374
26 0.0130026 -0.0213526 0.270136
27 0.0166589 -0.0186409 0.24049
28 0.0197625 -0.0153115 0.209529
29 0.0222109 -0.011475 0.181611
30 0 0.0211111 0.748956
31 0 0.0172222 0.782899
32 0.00956666 0.0230972 0.553247
33 0.00487719 0.0245196 0.647177
34 0.0120563 0.0415075 0.191581
35 0.00855639 0.0443027 0.22218
36 0.00443848 0.0460648 0.246919
37 0.0158407 0.0248184 0.209548
38 0.0166486 0.0292241 0.149176
39 0.016254 0.0336858 0.144858
40 0 0.0423333 0.389332
41 0 0.038 0.489125
42 0 0.0336667 0.572112
43 0 0.0293333 0.637363
44 0.0130035 0.0102529 0.587856
45 0.0147093 0.0060447 0.557084
46 0.0119807 -0.00357659 0.618026
47 0.0127543 0.00121201 0.621184
48 0.00513254 -0.0189421 0.480148
49 0.00919965 -0.0187623 0.422693
50 0.012388 -0.0167255 0.406575
51 0.00431423 -0.0131598 0.623458
52 0.0152985 -0.0138104 0.390806
53 0.00414971 -0.00822917 0.707769
54 0.0179237 -0.0112615 0.349856
55 0.00414971 -0.0034375 0.761946
56 0.0189747 -0.00761593 0.362969
57 0.00445156 0.00169427 0.788492
58 0.0208746 -0.00425575 0.316708
59 0.00424345 0.00647836 0.794298
60 0.0205739 -0.000441536 0.346004
61 0.00334998 0.0103823 0.791956
62 0.0212374 0.0034106 0.31308
63 0.019463 0.00670839 0.371967
64 0.00766788 0.0104646 0.726089
65 0.0174792 0.0105427 0.420065
66 0.0109045 0.0137305 0.617633
67 0.0148829 0.0151338 0.47399
68 0.00830152 -0.0149125 0.531596
69 0.0116035 -0.0127249 0.508098
70 0.00851324 -0.0100115 0.619538
71 0.0136693 -0.00850891 0.52669
72 0.00857432 -0.00587937 0.672986
73 0.00841732 -0.000793425 0.716365
74 0.0162571 -0.00323903 0.497828
75 0.00926152 0.00503115 0.712572
76 0.0168035 0.00249635 0.492787
77 0.00387766 0.0187779 0.725695
78 0.00743605 0.0198707 0.646994
79 0.00950793 0.0273099 0.500167
80 0.00396658 0.029604 0.594331
81 0.00846499 0.0323635 0.455649
82 0.00420241 0.0411935 0.371328
83 0.00996665 0.0368971 0.337996
84 0.00787674 0.0398838 0.333172
85 0.0124174 0.0341488 0.29537
86 0.0130688 0.0299318 0.315912
87 0.00479169 0.0358302 0.475486
