1 1.53081e-18 -0.025 8.86837
2 1.02054e-18 0.0133333 5.01687
3 1.53081e-18 0.025 5.73339
4 1.02054e-18 0.0466667 8.94155
5 0.0146855 0.0378813 9.15435
6 0.0239236 -0.00725686 9.17007
7 0.0138888 0.020787 8.35437
8 0 0.0113158 4.95548
9 0 0.00929825 4.91041
10 0 0.0072807 4.88857
11 0 0.00526316 4.89161
12 0 0.00324561 4.92111
13 0 0.00122807 4.97858
14 0 -0.000789474 5.06557
15 0 -0.00280702 5.18356
16 0 -0.00482456 5.33394
17 0 -0.00684211 5.51796
18 0 -0.00885965 5.73681
19 0 -0.0108772 5.99153
20 0 -0.0128947 6.28314
21 0 -0.0149123 6.61264
22 0 -0.0169298 6.98108
23 0 -0.0189474 7.38983
24 0 -0.0209649 7.83824
25 0 -0.0229825 8.32139
26 0.0244258 -0.00532748 9.1819
27 0.0247726 -0.00336423 9.19014
28 0.0249619 -0.00137957 9.19472
29 0.0249925 0.000613859 9.19529
30 0.0248641 0.00260339 9.19197
31 0.0245776 0.00457636 9.18468
32 0.0241348 0.00652022 9.17364
33 0.0235385 0.00842262 9.15885
34 0.0227925 0.0102715 9.14054
35 0.0219015 0.012055 9.11873
36 0.0208713 0.0137618 9.09306
37 0.0197084 0.0153812 9.06286
38 0.0184201 0.0169027 9.02607
39 0.0170147 0.0183167 8.97119
40 0.015501 0.0196142 8.62582
41 0.012652 0.0191509 7.48341
42 0.0112237 0.017679 6.83117
43 0.00962536 0.0163937 6.2937
44 0.00788126 0.0153145 5.85257
45 0.0060178 0.0144577 5.50883
46 0.00406323 0.0138362 5.26064
47 0.00204712 0.0134595 5.09979
48 0.00199208 -0.0249205 8.88577
49 0.00397148 -0.0246825 8.8929
50 0.00592563 -0.0242876 8.90303
51 0.0078421 -0.0237382 8.91672
52 0.0097087 -0.0230378 8.93334
53 0.0115136 -0.0221909 8.95265
54 0.0132452 -0.0212029 8.97419
55 0.0148926 -0.0200801 8.99737
56 0.0164453 -0.0188296 9.0216
57 0.0178934 -0.0174593 9.04625
58 0.0192277 -0.015978 9.07073
59 0.0204397 -0.014395 9.09438
60 0.0215218 -0.0127206 9.11674
61 0.022467 -0.0109652 9.13709
62 0.0232693 -0.00914009 9.15505
63 0 0.0230556 5.5778
64 0 0.0211111 5.43647
65 0 0.0191667 5.30532
66 0 0.0172222 5.18971
67 0 0.0152778 5.09669
68 0.0120925 0.0218808 7.4862
69 0.0102108 0.0228197 6.93063
70 0.0082567 0.0235972 6.50883
71 0.00624418 0.0242076 6.19131
72 0.00418751 0.0246468 5.96364
73 0.00210126 0.0249115 5.81721
74 0.0136382 0.0395801 9.12809
75 0.0123956 0.0411412 9.09939
76 0.0109751 0.0425429 9.06995
77 0.00939715 0.0437649 9.04092
78 0.00768494 0.0447892 9.01452
79 0.00586212 0.0456017 8.99222
80 0.00395523 0.0461905 8.97534
81 0.00199215 0.0465472 8.96286
82 0.0148905 0.0225132 9.03749
83 0.0156784 0.0243462 9.14945
84 0.0162418 0.0262608 9.17662
85 0.0165723 0.028229 9.19869
86 0.0166652 0.030222 9.20544
87 0.0165192 0.0322124 9.20328
88 0.0161363 0.034171 9.19329
89 0.0155222 0.0360694 9.17658
90 0 0.044697 8.49918
91 0 0.0427273 8.10092
92 0 0.0407576 7.7405
93 0 0.0387879 7.40974
94 0 0.0368182 7.10504
95 0 0.0348485 6.82526
96 0 0.0328788 6.56891
97 0 0.0309091 6.33447
98 0 0.0289394 6.12028
99 0 0.0269697 5.92656
100 0.0120912 0.00241813 6.14993
101 0.0101298 0.00478933 5.82481
102 0.0118604 0.0044267 6.12601
103 0.0127618 0.0101574 6.57317
104 0.00635378 -0.0222245 8.41243
105 0.00451525 -0.0226558 8.39753
106 0.00250721 -0.0230162 8.4007
107 0.00815532 -0.0216625 8.43483
108 0.0098546 -0.0209803 8.45915
109 0.0114906 -0.0201235 8.47561
110 0.0130418 -0.0191611 8.49669
111 0.00168786 -0.0198828 7.63384
112 0.0145329 -0.0180706 8.52063
113 0.001755 -0.0179781 7.23206
114 0.0159292 -0.0168605 8.54376
115 0.00174724 -0.0159211 6.83602
116 0.0172223 -0.01551 8.56083
117 0.00174724 -0.0139035 6.48786
118 0.0183917 -0.0140919 8.58002
119 0.00174724 -0.011886 6.17814
120 0.0194695 -0.0125665 8.60121
121 0.00174724 -0.00986842 5.90575
122 0.020392 -0.01101 8.61992
123 0.00174724 -0.00785088 5.66984
124 0.0212065 -0.00935042 8.63718
125 0.00174724 -0.00583333 5.4694
126 0.0218808 -0.00763239 8.65077
127 0.00174724 -0.00381579 5.30335
128 0.0224243 -0.00582252 8.66091
129 0.00174724 -0.00179825 5.17049
130 0.022815 -0.00400795 8.66824
131 0.00174724 0.000219298 5.06951
132 0.0230743 -0.00215257 8.67586
133 0.00174724 0.00223684 4.99893
134 0.0231718 -0.000344322 8.67704
135 0.00174724 0.00425439 4.95717
136 0.0231221 0.00149942 8.6736
137 0.00174724 0.00627193 4.94252
138 0.0229407 0.0033165 8.66979
139 0.00174724 0.00828947 4.95398
140 0.0225894 0.00514572 8.65631
141 0.00174724 0.010307 4.98924
142 0.0221297 0.00691493 8.64666
143 0.00145143 0.0120133 5.0229
144 0.0214955 0.00868124 8.62655
145 0.0207252 0.0103656 8.59942
146 0.00339173 0.011808 5.12351
147 0.0198268 0.0120023 8.56853
148 0.00578994 0.0121457 5.37223
149 0.0188143 0.0135483 8.52901
150 0.00780043 0.0132376 5.71908
151 0.0176486 0.0150574 8.47037
152 0.00963287 0.0143007 6.1424
153 0.0163069 0.0166484 8.3845
154 0.0114131 0.0155203 6.68252
155 0.0145473 0.0183398 8.07188
156 0.0129802 0.0169016 7.30487
157 0.0015505 -0.0215131 8.00478
158 0.00497312 -0.0206292 7.94267
159 0.00671369 -0.0202378 7.97932
160 0.00327943 -0.0211235 7.9705
161 0.00837462 -0.0197577 8.02588
162 0.00989207 -0.0190228 8.03627
163 0.0113762 -0.018175 8.05311
164 0.012782 -0.017195 8.0674
165 0.00347539 -0.019174 7.54279
166 0.0141365 -0.0161713 8.09942
167 0.0035463 -0.0171016 7.12417
168 0.0153846 -0.0149773 8.1166
169 0.0034801 -0.0149803 6.7335
170 0.0164864 -0.0136936 8.12516
171 0.00347919 -0.0128947 6.3942
172 0.0175173 -0.0123302 8.14072
173 0.00347919 -0.0108772 6.10456
174 0.0184541 -0.0109034 8.16077
175 0.00347919 -0.00885965 5.85209
176 0.019244 -0.00938898 8.17029
177 0.00347919 -0.00684211 5.63587
178 0.0199427 -0.00783525 8.18699
179 0.00347919 -0.00482456 5.45491
180 0.020498 -0.00621394 8.19573
181 0.00347919 -0.00280702 5.3081
182 0.0209415 -0.00455849 8.2069
183 0.00347919 -0.000789474 5.1942
184 0.0212266 -0.00286867 8.20848
185 0.00347919 0.00122807 5.11183
186 0.0214048 -0.00116304 8.21427
187 0.00347919 0.00324561 5.05946
188 0.0214216 0.000542509 8.20987
189 0.00347919 0.00526316 5.03539
190 0.0213251 0.00224708 8.20755
191 0.00358357 0.00736227 5.04625
192 0.0210626 0.003936 8.19283
193 0.00349251 0.00947626 5.07117
194 0.0206837 0.00560561 8.17826
195 0.020212 0.00723822 8.16797
196 0.0195564 0.0088627 8.14068
197 0.018732 0.0103416 8.08347
198 0.00494649 0.010449 5.22542
199 0.0179146 0.0118383 8.05353
200 0.0078251 0.011099 5.62151
201 0.016845 0.0132998 7.97233
202 0.00964171 0.0121065 6.00271
203 0.01566 0.0146802 7.84605
204 0.0114348 0.0133051 6.49225
205 0.0146136 0.0162009 7.74819
206 0.0134343 0.0145736 7.16285
207 0.00547576 -0.0185002 7.51271
208 0.00838544 -0.0178376 7.62918
209 0.00977084 -0.0171178 7.64288
210 0.0111353 -0.0162718 7.65969
211 0.0123392 -0.0152734 7.65674
212 0.013756 -0.0145018 7.75583
213 0.00518012 -0.0160802 7.02444
214 0.0146174 -0.0131644 7.69733
215 0.00517863 -0.0139277 6.65423
216 0.0156268 -0.0119647 7.71529
217 0.00521115 -0.011886 6.34598
218 0.0165408 -0.0106719 7.73106
219 0.00521115 -0.00986842 6.07731
220 0.0173215 -0.00933935 7.7428
221 0.00521115 -0.00785088 5.84576
222 0.0179957 -0.00789311 7.74799
223 0.00521115 -0.00583333 5.65045
224 0.0185829 -0.00647 7.76336
225 0.00521115 -0.00381579 5.49042
226 0.0190524 -0.00494098 7.77182
227 0.00521115 -0.00179825 5.36453
228 0.0193825 -0.00342824 7.77578
229 0.00521115 0.000219298 5.27153
230 0.0196012 -0.00184204 7.77771
231 0.00521115 0.00223684 5.20998
232 0.0196878 -0.000293871 7.7753
233 0.00521115 0.00425439 5.17825
234 0.0196607 0.00128987 7.77175
235 0.00533707 0.0062791 5.18659
236 0.0194971 0.002832 7.76006
237 0.00556326 0.00848073 5.23655
238 0.0191931 0.00439393 7.74051
239 0.018752 0.00590584 7.70998
240 0.0185311 0.00750633 7.76572
241 0.0175549 0.00879864 7.63085
242 0.0167314 0.0101865 7.55942
243 0.0161891 0.0117473 7.5932
244 0.00947621 0.00989721 5.8562
245 0.0148739 0.012827 7.36859
246 0.0130719 0.0121569 6.81307
247 0.00708652 -0.0185446 7.65011
248 0.00826502 -0.0158562 7.24407
249 0.00968799 -0.0154633 7.33415
250 0.0107639 -0.0143459 7.28061
251 0.00645609 0.010156 5.39171
252 0.0111774 0.0109837 6.26115
253 0.00682458 -0.0148451 6.93171
254 0.013649 -0.0115099 7.30138
255 0.00689658 -0.0128697 6.62225
256 0.0148241 -0.0104784 7.38101
257 0.00688498 -0.0108473 6.33639
258 0.0153479 -0.0090622 7.31953
259 0.0069431 -0.00885965 6.0991
260 0.016311 -0.00795285 7.40139
261 0.0069431 -0.00684211 5.88961
262 0.0165726 -0.00650925 7.3323
263 0.0069431 -0.00482456 5.71667
264 0.0173837 -0.00526946 7.41932
265 0.0069431 -0.00280702 5.57929
266 0.0174152 -0.00380259 7.34456
267 0.0069431 -0.000789474 5.47639
268 0.0180118 -0.00243984 7.42493
269 0.0069431 0.00122807 5.40664
270 0.0178014 -0.000979594 7.34039
271 0.0069431 0.00324561 5.3686
272 0.0181779 0.000451608 7.41541
273 0.00702278 0.00512032 5.36935
274 0.0177666 0.00187306 7.32752
275 0.00726288 0.00711272 5.419
276 0.0178691 0.00334491 7.38409
277 0.0172008 0.00480921 7.27924
278 0.016705 0.0067429 7.26449
279 0.0123862 -0.0130374 7.30854
280 0.0156863 0.00867817 7.16029
281 0.0146574 0.0106136 7.07511
282 0.00677157 -0.0168414 7.28544
283 0.00775587 0.00902392 5.53389
284 0.0113689 0.00858512 6.16557
285 0.00869661 -0.0138454 6.94926
286 0.0102974 -0.0125263 6.94176
287 0.0116879 -0.0110415 6.93111
288 0.013191 -0.00926102 6.95404
289 0.00846704 -0.0117687 6.61767
290 0.00861523 -0.00981103 6.3809
291 0.0144988 -0.00706092 6.97034
292 0.00868345 -0.00790347 6.1776
293 0.00869648 -0.0058526 5.98918
294 0.0154927 -0.00468845 6.9891
295 0.00875603 -0.00386851 5.8495
296 0.00867505 -0.00179825 5.72339
297 0.0160475 -0.0021717 6.98645
298 0.00867505 0.000219298 5.64574
299 0.00867505 0.00223684 5.60209
300 0.016182 0.000408674 6.96528
301 0.0086343 0.00406652 5.5848
302 0.0159202 0.00297433 6.92722
303 0.0151346 0.00528771 6.82666
304 0.0136292 0.00858722 6.66534
305 0.00929732 0.00776399 5.74254
306 0.00889234 0.00594125 5.63642
307 0.0147924 0.00713917 6.84342
308 0.00993518 -0.0108502 6.66936
309 0.0106801 -0.00895393 6.53902
310 0.0120827 -0.00697558 6.55232
311 0.0130492 -0.00512236 6.56658
312 0.010188 -0.006934 6.27419
313 0.0107351 -0.00501376 6.1918
314 0.0138488 -0.00301038 6.58931
315 0.0104011 -0.00281215 6.00892
316 0.010407 -0.000789474 5.92333
317 0.0139936 -0.000767802 6.53866
318 0.010407 0.00122807 5.87318
319 0.0103161 0.0031439 5.84394
320 0.0140419 0.00157 6.52054
321 0.0136562 0.00399915 6.46956
322 0.0109111 0.00635763 5.9922
323 0.0129592 0.00637128 6.39934
324 0.0120266 -0.00354893 6.30154
325 0.0121407 -0.00174191 6.23505
326 0.0121318 0.000265888 6.17624
327 0.00376963 0.019349 5.53279
328 0.00323878 0.0213151 5.61884
329 0.0014697 0.0215926 5.52364
330 0.00100702 0.0144006 5.09672
331 0.00931316 0.0183698 6.36843
332 0.00772513 0.0175228 5.96328
333 0.00603021 0.016553 5.62542
334 0.0103765 0.0201795 6.77535
335 0.00448247 0.0157705 5.39605
336 0.00222223 0.0157897 5.21068
337 0.00866435 0.0216386 6.45709
338 0.00685183 0.0220207 6.12117
339 0.00197603 0.0181541 5.32653
340 0.00457083 0.0227105 5.84864
341 0.00173332 0.020035 5.42989
342 0.00197016 0.0233468 5.67581
343 0.00778092 0.0198398 6.12633
344 0.0058854 0.0185554 5.7275
345 0.00403857 0.0174189 5.4404
346 0.0054821 0.0205873 5.80768
347 0.00955372 0.0307219 7.35773
348 0.00767761 0.0309867 7.0268
349 0.00512751 0.0281448 6.37896
350 0.00324555 0.0287084 6.24934
351 0.0116558 0.0392578 8.69284
352 0.0104185 0.0406324 8.67178
353 0.0126028 0.0377461 8.68899
354 0.00901191 0.0417007 8.62344
355 0.0134723 0.0362229 8.7142
356 0.00747326 0.042667 8.58848
357 0.0141274 0.0345599 8.72359
358 0.0058419 0.0434974 8.56956
359 0.0145572 0.0329012 8.72194
360 0.00440451 0.0442519 8.60184
361 0.0148124 0.0311081 8.71331
362 0.00224122 0.0441338 8.45479
363 0.0148427 0.0293184 8.68327
364 0.0145799 0.0274542 8.60337
365 0.0145003 0.0257182 8.6104
366 0.0134665 0.0241484 8.2366
367 0.0019345 0.0418035 7.99329
368 0.00170581 0.0397727 7.62611
369 0.00170581 0.037803 7.30911
370 0.00170581 0.0358333 7.0182
371 0.00962821 0.02488 6.9216
372 0.00170581 0.0338636 6.75167
373 0.00769237 0.0255875 6.55061
374 0.00169182 0.0318283 6.49986
375 0.00563202 0.0262568 6.27236
376 0.00163609 0.0296843 6.25568
377 0.00346299 0.0267377 6.07645
378 0.00151269 0.027155 5.99114
379 0.0115495 0.0243232 7.44951
380 0.00998998 0.0389837 8.36032
381 0.0107154 0.037523 8.29169
382 0.00865853 0.0397996 8.26838
383 0.0114408 0.0360493 8.25874
384 0.00722903 0.0407186 8.22283
385 0.0124344 0.0348314 8.35217
386 0.00563894 0.0416223 8.20569
387 0.0126128 0.0332745 8.26079
388 0.00392719 0.0426046 8.24773
389 0.0132262 0.0318541 8.32003
390 0.0129759 0.030309 8.17164
391 0.0128688 0.0284958 8.06916
392 0.0126771 0.0263562 7.94622
393 0.00367704 0.0407091 7.88858
394 0.00350697 0.03875 7.55183
395 0.003413 0.0368182 7.25106
396 0.003413 0.0348485 6.97606
397 0.00922367 0.0269097 6.97696
398 0.00350096 0.0327997 6.72212
399 0.00725304 0.0276315 6.64277
400 0.00331165 0.0308748 6.48418
401 0.004715 0.029804 6.49815
402 0.0108691 0.0261175 7.34806
403 0.00859798 0.0377461 7.96054
404 0.0106304 0.0340287 7.88286
405 0.00536335 0.0396871 7.85164
406 0.0112623 0.0317066 7.81679
407 0.0110428 0.0279144 7.50499
408 0.0052146 0.0377535 7.53681
409 0.00512018 0.0358333 7.25461
410 0.00527153 0.0337884 7.00582
411 0.00891614 0.0290559 7.07681
412 0.00542554 0.0315606 6.76129
413 0.00910337 0.0358668 7.79774
414 0.00699861 0.0387026 7.8764
415 0.0110839 0.0296892 7.63046
416 0.00657792 0.0295656 6.71135
417 0.00914821 0.0324068 7.42938
418 0.00697527 0.0366928 7.58513
419 0.00702331 0.0348929 7.35952
420 0.00714734 0.0329079 7.1442
421 0.00858495 0.034028 7.4996
