1 0 0 3.371
2 -1.31814e-05 0.0843 2.82641
3 0.00111959 0.000295499 3.49307
4 0.00223918 0.000590997 3.56323
5 0.00335878 0.000886496 3.60726
6 0.00447837 0.00118199 3.62876
7 0.00559046 0.00150337 3.64252
8 0.00669461 0.00185217 3.65238
9 0.00779876 0.00220097 3.64906
10 0.00890291 0.00254977 3.63157
11 0.0100071 0.00289857 3.59631
12 0.0110897 0.00330925 3.57143
13 0.0121718 0.00372145 3.5347
14 0.0132538 0.00413364 3.481
15 0.0143148 0.00459627 3.4324
16 0.0153677 0.00507806 3.37836
17 0.0164207 0.00555985 3.30797
18 0.0174585 0.00607208 3.23204
19 0.0184796 0.00661823 3.15116
20 0.0194722 0.00721399 3.07455
21 0.0204523 0.00783013 2.98871
22 0.0214081 0.00848373 2.90021
23 0.0223416 0.00916824 2.80518
24 0.0232369 0.00990207 2.71315
25 0.0240954 0.0106787 2.62311
26 0.024921 0.0114905 2.53115
27 0.0257071 0.0123404 2.43885
28 0.0264354 0.0132404 2.35767
29 0.0271211 0.0141733 2.27959
30 0.0277616 0.0151376 2.2053
31 0.0283505 0.0161341 2.13883
32 0.0288931 0.0171569 2.07811
33 0.0293931 0.018201 2.02113
34 0.0298451 0.0192669 1.97134
35 0.0302566 0.0203493 1.92505
36 0.0306203 0.0214486 1.88668
37 0.0309473 0.0225591 1.85111
38 0.0312392 0.0236793 1.81739
39 0.0314954 0.0248085 1.78541
40 0.0317048 0.0259473 1.76089
41 0.0318725 0.0270929 1.74136
42 0.0320008 0.0282433 1.72564
43 0.0320886 0.0293977 1.71413
44 0.0321346 0.0305546 1.70713
45 0.0321243 0.0317125 1.71202
46 0.0320674 0.0328688 1.72375
47 0.0319663 0.0340219 1.74142
48 0.0318209 0.0351704 1.76527
49 0.0316302 0.0363125 1.79586
50 0.031384 0.0374439 1.83864
51 0.0310978 0.0385656 1.88584
52 0.0307755 0.0396775 1.93635
53 0.0304193 0.0407792 1.98989
54 0.0300207 0.0418664 2.05152
55 0.029594 0.0429427 2.11404
56 0.0291441 0.0440095 2.1762
57 0.0286736 0.0450675 2.23789
58 0.0281774 0.0461137 2.30274
59 0.0276689 0.047154 2.36389
60 0.0271503 0.0481893 2.42186
61 0.0266221 0.0492197 2.47756
62 0.0260891 0.0502477 2.52907
63 0.0255556 0.0512754 2.57531
64 0.0250228 0.0523034 2.61669
65 0.0244982 0.0533357 2.64992
66 0.0239825 0.0543724 2.67645
67 0.023477 0.0554142 2.69629
68 0.0229903 0.0564648 2.70537
69 0.0225258 0.0575254 2.70385
70 0.022082 0.0585948 2.69398
71 0.0216618 0.0596737 2.67465
72 0.0212756 0.0607654 2.641
73 0.0209217 0.0618677 2.59653
74 0.020595 0.0629784 2.54503
75 0.0202942 0.0640965 2.48689
76 0.0200269 0.0652232 2.41793
77 0.0197768 0.0663538 2.34851
78 0.0195359 0.0674863 2.2809
79 0.0193028 0.0686206 2.21378
80 0.0190461 0.0697496 2.16242
81 0.0187593 0.0708715 2.12433
82 0.0184309 0.0719816 2.10199
83 0.0180113 0.0730604 2.11542
84 0.017523 0.0741101 2.14453
85 0.016947 0.0751138 2.19658
86 0.0162535 0.0760402 2.28125
87 0.0154895 0.07691 2.36915
88 0.014663 0.0777201 2.45921
89 0.0137661 0.0784517 2.55763
90 0.0128112 0.0791065 2.65741
91 0.0118311 0.0797223 2.74162
92 0.010827 0.0802981 2.81473
93 0.00980014 0.0808329 2.8787
94 0.00874739 0.0813151 2.93765
95 0.00767418 0.0817493 2.98835
96 0.00659702 0.0821742 3.01828
97 0.00551535 0.0825867 3.0321
98 0.00441852 0.0829579 3.03953
99 0.00332168 0.0833291 3.02227
100 0.00221437 0.0836666 2.99192
101 0.00110059 0.0839833 2.93746
102 -1.30009e-05 0.0831452 3.19682
103 -1.28203e-05 0.0819904 3.55746
104 -1.26397e-05 0.0808356 3.9068
105 -1.24592e-05 0.0796808 4.24375
106 -1.22786e-05 0.078526 4.56793
107 -1.2098e-05 0.0773712 4.88014
108 -1.19175e-05 0.0762164 5.18198
109 -1.17369e-05 0.0750616 5.47541
110 -1.15563e-05 0.0739068 5.76253
111 -1.13758e-05 0.0727521 6.04505
112 -1.11952e-05 0.0715973 6.32369
113 -1.10146e-05 0.0704425 6.59811
114 -1.08341e-05 0.0692877 6.86731
115 -1.06535e-05 0.0681329 7.13015
116 -1.04729e-05 0.0669781 7.38572
117 -1.02924e-05 0.0658233 7.63339
118 -1.01118e-05 0.0646685 7.87281
119 -9.93123e-06 0.0635137 8.10379
120 -9.75066e-06 0.0623589 8.32622
121 -9.57009e-06 0.0612041 8.54002
122 -9.38952e-06 0.0600493 8.74514
123 -9.20896e-06 0.0588945 8.94151
124 -9.02839e-06 0.0577397 9.12903
125 -8.84782e-06 0.0565849 9.3076
126 -8.66725e-06 0.0554301 9.4771
127 -8.48669e-06 0.0542753 9.63738
128 -8.30612e-06 0.0531205 9.78826
129 -8.12555e-06 0.0519658 9.92957
130 -7.94498e-06 0.050811 10.0611
131 -7.76441e-06 0.0496562 10.1826
132 -7.58385e-06 0.0485014 10.294
133 -7.40328e-06 0.0473466 10.3948
134 -7.22271e-06 0.0461918 10.485
135 -7.04214e-06 0.045037 10.5643
136 -6.86158e-06 0.0438822 10.6323
137 -6.68101e-06 0.0427274 10.6889
138 -6.50044e-06 0.0415726 10.7339
139 -6.31987e-06 0.0404178 10.7668
140 -6.1393e-06 0.039263 10.7876
141 -5.95874e-06 0.0381082 10.7959
142 -5.77817e-06 0.0369534 10.7916
143 -5.5976e-06 0.0357986 10.7743
144 -5.41703e-06 0.0346438 10.7439
145 -5.23647e-06 0.033489 10.7002
146 -5.0559e-06 0.0323342 10.6428
147 -4.87533e-06 0.0311795 10.5716
148 -4.69476e-06 0.0300247 10.4865
149 -4.51419e-06 0.0288699 10.3871
150 -4.33363e-06 0.0277151 10.2734
151 -4.15306e-06 0.0265603 10.1451
152 -3.97249e-06 0.0254055 10.0022
153 -3.79192e-06 0.0242507 9.84436
154 -3.61136e-06 0.0230959 9.67158
155 -3.43079e-06 0.0219411 9.48372
156 -3.25022e-06 0.0207863 9.28071
157 -3.06965e-06 0.0196315 9.06251
158 -2.88908e-06 0.0184767 8.8292
159 -2.70852e-06 0.0173219 8.58096
160 -2.52795e-06 0.0161671 8.31819
161 -2.34738e-06 0.0150123 8.0416
162 -2.16681e-06 0.0138575 7.75227
163 -1.98625e-06 0.0127027 7.45158
164 -1.80568e-06 0.0115479 7.14086
165 -1.62511e-06 0.0103932 6.82086
166 -1.44454e-06 0.00923836 6.49129
167 -1.26397e-06 0.00808356 6.15091
168 -1.08341e-06 0.00692877 5.79795
169 -9.02839e-07 0.00577397 5.43097
170 -7.22271e-07 0.00461918 5.0488
171 -5.41703e-07 0.00346438 4.65057
172 -3.61136e-07 0.00230959 4.23667
173 -1.80568e-07 0.00115479 3.80946
174 0.0232973 0.0195717 4.7202
175 0.0250425 0.03157 4.99132
176 0.0030022 0.0804852 3.93798
177 0.015355 0.018096 6.84441
178 0.0166405 0.0305203 8.02364
179 0.0134812 0.0772231 2.96489
180 0.0126436 0.0778733 3.04026
181 0.0142695 0.076508 2.89231
182 0.0117093 0.0784506 3.13329
183 0.015028 0.075744 2.81248
184 0.0107426 0.0790129 3.21105
185 0.0157003 0.0749144 2.75028
186 0.00976981 0.0795597 3.26847
187 0.016276 0.0740272 2.71117
188 0.00877897 0.0800876 3.30988
189 0.0167913 0.0730889 2.68336
190 0.00778077 0.0805478 3.34841
191 0.0172286 0.0721057 2.67863
192 0.00673913 0.0809396 3.39185
193 0.0175849 0.0710817 2.70365
194 0.00568964 0.081318 3.41857
195 0.0178988 0.0700199 2.7447
196 0.00459712 0.0816779 3.43385
197 0.0181775 0.0689369 2.79993
198 0.00333365 0.0817938 3.51657
199 0.0184293 0.0678464 2.86691
200 0.0137116 0.0438073 8.638
201 0.0186766 0.0667101 2.94473
202 0.0010938 0.0827473 3.33355
203 0.0189311 0.0655738 3.02108
204 0.0191932 0.0644303 3.09939
205 0.0194843 0.0632892 3.1671
206 0.0198091 0.0621533 3.22133
207 0.00108945 0.0815586 3.70162
208 0.0201549 0.0610198 3.27069
209 0.00104904 0.0803654 4.05785
210 0.0205362 0.0598992 3.30442
211 0.0010051 0.0791621 4.40229
212 0.0209471 0.0587905 3.32588
213 0.000996998 0.0779729 4.72883
214 0.0213842 0.0576911 3.33674
215 0.000988074 0.076794 5.04052
216 0.0218519 0.0565985 3.33396
217 0.000988254 0.0756392 5.33608
218 0.0223246 0.0555418 3.32375
219 0.000988435 0.0744844 5.62441
220 0.02283 0.0544624 3.30374
221 0.000988615 0.0733296 5.90797
222 0.0233461 0.0534177 3.27071
223 0.000988796 0.0721748 6.18838
224 0.0238631 0.0523817 3.23479
225 0.000988976 0.07102 6.46567
226 0.0243954 0.0513359 3.19118
227 0.000989157 0.0698652 6.73862
228 0.0249287 0.0503084 3.13962
229 0.000989338 0.0687104 7.00566
230 0.02546 0.0492821 3.08417
231 0.000989518 0.0675556 7.26557
232 0.0259826 0.0482592 3.02665
233 0.000989699 0.0664008 7.51762
234 0.0265046 0.0472259 2.96426
235 0.000989879 0.065246 7.7614
236 0.0270134 0.0462015 2.89842
237 0.00099006 0.0640913 7.99673
238 0.0274987 0.0451767 2.83532
239 0.00099024 0.0629365 8.22349
240 0.0279819 0.0441247 2.76729
241 0.000990421 0.0617817 8.44166
242 0.0284307 0.0430988 2.70087
243 0.000990602 0.0606269 8.65117
244 0.0288521 0.0420471 2.6402
245 0.000990782 0.0594721 8.85197
246 0.0292515 0.040993 2.57779
247 0.000990963 0.0583173 9.04399
248 0.0296111 0.0399261 2.52333
249 0.000991143 0.0571625 9.22713
250 0.0299385 0.0388489 2.47176
251 0.000991324 0.0560077 9.40129
252 0.0302321 0.0377676 2.42286
253 0.000991504 0.0548529 9.56631
254 0.0304831 0.036678 2.38102
255 0.000991685 0.0536981 9.72204
256 0.0306944 0.0355793 2.34431
257 0.000991866 0.0525433 9.8683
258 0.0308594 0.0344771 2.31546
259 0.000992046 0.0513885 10.0049
260 0.0309789 0.033367 2.29423
261 0.000992227 0.0502337 10.1316
262 0.0310588 0.0322522 2.27711
263 0.000992407 0.0490789 10.2483
264 0.0310875 0.0311382 2.27007
265 0.000992588 0.0479241 10.3546
266 0.0310684 0.0300223 2.27117
267 0.000992768 0.0467693 10.4503
268 0.0310096 0.0289085 2.27616
269 0.000992949 0.0456145 10.5352
270 0.0309071 0.0277949 2.28728
271 0.00099313 0.0444597 10.6091
272 0.0307648 0.0266836 2.30243
273 0.00099331 0.043305 10.6717
274 0.0305831 0.0255791 2.32167
275 0.000993491 0.0421502 10.7227
276 0.0303555 0.0244832 2.34828
277 0.000993671 0.0409954 10.7618
278 0.0300975 0.0233956 2.37437
279 0.000993852 0.0398406 10.7889
280 0.0297945 0.0223182 2.40741
281 0.000994032 0.0386858 10.8037
282 0.0294623 0.0212492 2.43919
283 0.000994213 0.037531 10.8059
284 0.0290851 0.0201995 2.47827
285 0.000994394 0.0363762 10.7953
286 0.0286621 0.0191653 2.5239
287 0.000994574 0.0352214 10.7716
288 0.0282048 0.0181531 2.57116
289 0.000994755 0.0340666 10.7347
290 0.0277021 0.0171663 2.62517
291 0.000994935 0.0329118 10.6844
292 0.0271525 0.0162024 2.68555
293 0.000995116 0.031757 10.6203
294 0.0265709 0.0152628 2.74516
295 0.000995296 0.0306022 10.5423
296 0.0259355 0.014364 2.81597
297 0.000995477 0.0294474 10.4502
298 0.0252513 0.0134967 2.8933
299 0.000995657 0.0282926 10.3438
300 0.0245382 0.0126577 2.96755
301 0.000995838 0.0271378 10.2229
302 0.0237709 0.0118708 3.05331
303 0.000996019 0.025983 10.0875
304 0.0229487 0.0111212 3.14711
305 0.000996199 0.0248282 9.9372
306 0.022108 0.0103918 3.23151
307 0.00099638 0.0236734 9.77201
308 0.0212427 0.00969954 3.31301
309 0.00099656 0.0225186 9.59177
310 0.0203418 0.00905906 3.39983
311 0.000996741 0.0213639 9.39637
312 0.0193879 0.00845975 3.49459
313 0.000996921 0.0202091 9.18575
314 0.0184225 0.00786589 3.57491
315 0.000997102 0.0190543 8.95989
316 0.0174573 0.00729619 3.64378
317 0.000997283 0.0178995 8.71885
318 0.0164764 0.00676575 3.71049
319 0.000997463 0.0167447 8.46285
320 0.0154736 0.00628423 3.78064
321 0.000997644 0.0155899 8.19234
322 0.014444 0.00584002 3.85313
323 0.000997824 0.0144351 7.9082
324 0.0133767 0.00539315 3.91709
325 0.000998005 0.0132803 7.61181
326 0.0123094 0.0049463 3.96409
327 0.000998185 0.0121255 7.305
328 0.011242 0.00449939 3.99406
329 0.000998366 0.0109707 6.98937
330 0.010203 0.00408568 4.01651
331 0.000998547 0.00981591 6.66537
332 0.009149 0.00371479 4.04218
333 0.000998727 0.00866112 6.33191
334 0.00807579 0.00338625 4.07044
335 0.000998908 0.00750632 5.98694
336 0.00696095 0.00306326 4.0907
337 0.00101778 0.00632946 5.62138
338 0.00584613 0.00274021 4.09561
339 0.00101622 0.00515314 5.2405
340 0.00473481 0.00242135 4.08528
341 0.00103152 0.00393456 4.82851
342 0.00361804 0.0020936 4.05336
343 0.00114672 0.00267255 4.38244
344 0.00233712 0.00197722 4.0891
345 0.001144 0.00151996 3.95833
346 0.0124218 0.0767096 3.40265
347 0.0131945 0.0760981 3.33099
348 0.0115859 0.0773026 3.4725
349 0.0139378 0.0754771 3.24682
350 0.0106917 0.0778706 3.53911
351 0.0146072 0.0746959 3.2004
352 0.00976359 0.0784183 3.59472
353 0.015139 0.0738869 3.18754
354 0.00881006 0.078924 3.64347
355 0.0156584 0.0730778 3.16
356 0.00784444 0.0793855 3.68395
357 0.0161159 0.0721879 3.15511
358 0.00685943 0.0797923 3.72142
359 0.0164558 0.0712432 3.19725
360 0.0058727 0.0801766 3.74465
361 0.0167758 0.0702597 3.24462
362 0.0048865 0.080563 3.74641
363 0.0170613 0.0692179 3.30999
364 0.00397055 0.080909 3.73282
365 0.0173243 0.0681458 3.3856
366 0.00218399 0.0810863 3.80741
367 0.0175719 0.0670648 3.46704
368 0.0178234 0.0659224 3.55706
369 0.0180819 0.0647657 3.64701
370 0.0183519 0.0636065 3.73392
371 0.0186751 0.0624437 3.79681
372 0.0190159 0.0612851 3.85342
373 0.0193834 0.0601348 3.89847
374 0.00200087 0.0798227 4.18672
375 0.0197903 0.0589961 3.92437
376 0.00200782 0.0786072 4.52835
377 0.0202246 0.0578686 3.93739
378 0.00200374 0.0774006 4.85394
379 0.0206854 0.0567539 3.93714
380 0.00200451 0.0762322 5.15747
381 0.0211744 0.0556612 3.91995
382 0.0019881 0.075062 5.45316
383 0.0216648 0.0545763 3.90222
384 0.00198828 0.0739072 5.73819
385 0.0221869 0.0534949 3.86802
386 0.00198846 0.0727524 6.01949
387 0.0227086 0.0524526 3.82504
388 0.00198864 0.0715976 6.29799
389 0.0232296 0.0514009 3.78293
390 0.00198882 0.0704428 6.57299
391 0.0237733 0.0503609 3.72398
392 0.001989 0.069288 6.84293
393 0.0243062 0.0493354 3.66361
394 0.00198918 0.0681332 7.10634
395 0.0248338 0.0483173 3.59922
396 0.00198936 0.0669784 7.36223
397 0.0253499 0.0472911 3.53595
398 0.00198954 0.0658236 7.61005
399 0.0258688 0.0462715 3.46268
400 0.00198972 0.0646688 7.84952
401 0.0263623 0.0452659 3.39124
402 0.0019899 0.063514 8.08052
403 0.0268305 0.0442328 3.32762
404 0.00199008 0.0623592 8.30298
405 0.0272823 0.04322 3.25867
406 0.00199026 0.0612044 8.51686
407 0.0277079 0.0421978 3.19317
408 0.00199044 0.0600496 8.72211
409 0.0281053 0.0411698 3.13073
410 0.00199063 0.0588948 8.91866
411 0.0284779 0.0401349 3.0691
412 0.00199081 0.05774 9.10644
413 0.0288128 0.0390945 3.01373
414 0.00199099 0.0565852 9.28532
415 0.0291139 0.0380492 2.96221
416 0.00199117 0.0554304 9.45518
417 0.0293753 0.0369984 2.91702
418 0.00199135 0.0542757 9.61587
419 0.029597 0.0359422 2.87777
420 0.00199153 0.0531209 9.76721
421 0.0297784 0.0348808 2.8445
422 0.00199171 0.0519661 9.90902
423 0.0299177 0.0338127 2.8178
424 0.00199189 0.0508113 10.0411
425 0.0300149 0.0327425 2.79731
426 0.00199207 0.0496565 10.1632
427 0.0300608 0.0316675 2.78743
428 0.00199225 0.0485017 10.2751
429 0.0300677 0.0305936 2.78199
430 0.00199243 0.0473469 10.3766
431 0.0300294 0.0295184 2.78386
432 0.00199261 0.0461921 10.4674
433 0.0299566 0.0284422 2.78775
434 0.00199279 0.0450373 10.5472
435 0.0298371 0.027368 2.79951
436 0.00199297 0.0438825 10.6159
437 0.0296774 0.0262968 2.81583
438 0.00199315 0.0427277 10.6732
439 0.0294795 0.025232 2.83594
440 0.00199333 0.0415729 10.7187
441 0.0292464 0.0241752 2.8584
442 0.00199351 0.0404181 10.7523
443 0.0289764 0.0231279 2.88397
444 0.00199369 0.0392633 10.7737
445 0.0286711 0.0220908 2.91186
446 0.00199388 0.0381085 10.7827
447 0.0283243 0.0210664 2.94484
448 0.00199406 0.0369537 10.7789
449 0.027946 0.020061 2.97885
450 0.00199424 0.0357989 10.7622
451 0.0275181 0.0190809 3.02243
452 0.00199442 0.0346441 10.7324
453 0.0270558 0.0181196 3.06775
454 0.0019946 0.0334894 10.6891
455 0.0265491 0.0171842 3.11962
456 0.00199478 0.0323346 10.6323
457 0.0260088 0.0162762 3.17333
458 0.00199496 0.0311798 10.5616
459 0.0254363 0.0153958 3.22807
460 0.00199514 0.030025 10.4769
461 0.0248097 0.0145481 3.2931
462 0.00199532 0.0288702 10.378
463 0.024137 0.0137434 3.36656
464 0.0019955 0.0277154 10.2647
465 0.0234236 0.0129771 3.44508
466 0.00199568 0.0265606 10.1369
467 0.0226681 0.0122337 3.52525
468 0.00199586 0.0254058 9.9943
469 0.0218748 0.0115207 3.60679
470 0.00199604 0.024251 9.83683
471 0.0210484 0.0108456 3.68982
472 0.00199622 0.0230962 9.66435
473 0.0201972 0.01021 3.7725
474 0.0019964 0.0219414 9.47674
475 0.0193087 0.0096054 3.8566
476 0.00199658 0.0207866 9.27391
477 0.0183845 0.00901974 3.93809
478 0.00199676 0.0196318 9.05581
479 0.0174416 0.00846026 4.01434
480 0.00199695 0.018477 8.82244
481 0.0164917 0.0079217 4.08093
482 0.00199713 0.0173222 8.57394
483 0.0155301 0.00743421 4.14929
484 0.00199731 0.0161674 8.31061
485 0.0145336 0.00697945 4.21996
486 0.00199749 0.0150126 8.03309
487 0.0135238 0.00653984 4.28292
488 0.00199767 0.0138578 7.74251
489 0.0124565 0.00609302 4.33866
490 0.00199785 0.0127031 7.44054
491 0.0113891 0.00564614 4.37735
492 0.00199803 0.0115483 7.12908
493 0.010363 0.00524146 4.40788
494 0.00199821 0.0103935 6.80931
495 0.00933862 0.00485634 4.43026
496 0.00199839 0.00923867 6.48085
497 0.00829275 0.00450357 4.45203
498 0.00199742 0.00807407 6.13902
499 0.00722259 0.00416612 4.46701
500 0.00202458 0.00690245 5.78121
501 0.00610527 0.00385705 4.4821
502 0.00205418 0.00572419 5.40572
503 0.00499416 0.00356663 4.48635
504 0.00201281 0.00451739 5.00599
505 0.00392053 0.00322393 4.44994
506 0.00200801 0.00321816 4.55397
507 0.012173 0.0755685 3.75221
508 0.0114102 0.0761552 3.80931
509 0.0128944 0.0750352 3.67331
510 0.0105938 0.0767292 3.86179
511 0.0136595 0.074547 3.54959
512 0.00972505 0.0772833 3.90963
513 0.0140389 0.0737047 3.615
514 0.00881314 0.0777946 3.95575
515 0.0145173 0.0729068 3.62289
516 0.00788865 0.0782486 3.99805
517 0.0151272 0.072257 3.53353
518 0.00693574 0.0786576 4.03656
519 0.015341 0.0713724 3.63242
520 0.00595187 0.0790294 4.06902
521 0.0156364 0.0704494 3.69756
522 0.00495872 0.0794204 4.07563
523 0.0159439 0.069466 3.76079
524 0.00397358 0.0798588 4.0459
525 0.016219 0.0684343 3.83981
526 0.0164728 0.067365 3.93009
527 0.0167137 0.066277 4.02625
528 0.0169739 0.0651306 4.12269
529 0.0172291 0.0639433 4.22862
530 0.0175237 0.0627619 4.31522
531 0.0178657 0.0615791 4.38001
532 0.0182183 0.0603976 4.44054
533 0.0186125 0.0592249 4.48054
534 0.00300064 0.0792492 4.29614
535 0.0190506 0.0580685 4.49707
536 0.00302818 0.0780365 4.62998
537 0.0195048 0.0569227 4.50471
538 0.00303871 0.0768476 4.94467
539 0.0199896 0.0558018 4.49324
540 0.00301465 0.0756569 5.25069
541 0.020494 0.0546968 4.46916
542 0.00298794 0.0744847 5.54383
543 0.0210058 0.0536026 4.43905
544 0.00298812 0.0733299 5.82577
545 0.0215488 0.0525237 4.38954
546 0.0029883 0.0721751 6.10455
547 0.0220646 0.0514786 4.34462
548 0.00298848 0.0710203 6.38045
549 0.0226069 0.0504132 4.28796
550 0.00298866 0.0698655 6.65231
551 0.0231522 0.049387 4.21857
552 0.00298884 0.0687107 6.91852
553 0.0236861 0.0483682 4.14863
554 0.00298902 0.0675559 7.17779
555 0.0242015 0.0473565 4.08067
556 0.0029892 0.0664012 7.42936
557 0.0247233 0.0463304 4.00558
558 0.00298938 0.0652464 7.67278
559 0.0252251 0.0453316 3.92805
560 0.00298957 0.0640916 7.90788
561 0.0256956 0.0443411 3.85606
562 0.00298975 0.0629368 8.13455
563 0.0261452 0.043328 3.78835
564 0.00298993 0.061782 8.35275
565 0.0265723 0.0423275 3.71983
566 0.00299011 0.0606272 8.56242
567 0.0269751 0.0413234 3.65307
568 0.00299029 0.0594724 8.76351
569 0.027348 0.0403157 3.59011
570 0.00299047 0.0583176 8.95595
571 0.02769 0.0393078 3.53046
572 0.00299065 0.0571628 9.13962
573 0.0279994 0.0382978 3.47483
574 0.00299083 0.056008 9.3144
575 0.0282706 0.0372831 3.42568
576 0.00299101 0.0548532 9.48015
577 0.0285015 0.0362647 3.38346
578 0.00299119 0.0536984 9.6367
579 0.0286947 0.0352426 3.34678
580 0.00299137 0.0525436 9.78386
581 0.0288483 0.0342164 3.3162
582 0.00299155 0.0513888 9.92142
583 0.0289626 0.0331889 3.29135
584 0.00299173 0.050234 10.0492
585 0.0290344 0.0321585 3.27352
586 0.00299191 0.0490792 10.1669
587 0.0290575 0.0311243 3.26549
588 0.00299209 0.0479244 10.2743
589 0.0290397 0.0300896 3.26335
590 0.00299227 0.0467696 10.3712
591 0.0289908 0.029053 3.26241
592 0.00299245 0.0456149 10.4572
593 0.0288958 0.0280138 3.26928
594 0.00299264 0.0444601 10.5323
595 0.0287588 0.0269792 3.28215
596 0.00299282 0.0433053 10.596
597 0.0285901 0.0259483 3.29615
598 0.002993 0.0421505 10.6482
599 0.0283802 0.0249235 3.31554
600 0.00299318 0.0409957 10.6885
601 0.0281404 0.0239044 3.33506
602 0.00299336 0.0398409 10.7167
603 0.0278634 0.0228954 3.35804
604 0.00299354 0.0386861 10.7326
605 0.0275469 0.0219036 3.38609
606 0.00299372 0.0375313 10.7359
607 0.0271944 0.0209268 3.41725
608 0.0029939 0.0363765 10.7264
609 0.0268065 0.0199721 3.45191
610 0.00299408 0.0352217 10.7038
611 0.0263864 0.0190377 3.48825
612 0.00299426 0.0340669 10.6679
613 0.0259211 0.0181263 3.53179
614 0.00299444 0.0329121 10.6185
615 0.0254115 0.0172436 3.58249
616 0.00299462 0.0317573 10.5554
617 0.0248804 0.0163942 3.63214
618 0.0029948 0.0306025 10.4783
619 0.0243489 0.0155614 3.66991
620 0.00299498 0.0294477 10.387
621 0.0237119 0.0147629 3.73763
622 0.00299516 0.0282929 10.2815
623 0.0230354 0.0140583 3.82276
624 0.00299534 0.0271381 10.1614
625 0.0223457 0.0133289 3.89115
626 0.00299552 0.0259833 10.0266
627 0.0216055 0.0126233 3.965
628 0.0029957 0.0248286 9.87706
629 0.0208244 0.0119637 4.04596
630 0.00299589 0.0236738 9.71249
631 0.0200138 0.0113428 4.1289
632 0.00299607 0.022519 9.53281
633 0.0191803 0.0107417 4.20717
634 0.00299625 0.0213642 9.33791
635 0.0183101 0.0101572 4.28351
636 0.00299643 0.0202094 9.12772
637 0.0174032 0.00960104 4.3607
638 0.00299661 0.0190546 8.90221
639 0.0164816 0.0090754 4.43367
640 0.00299679 0.0178998 8.66144
641 0.0155546 0.00857915 4.50053
642 0.00299697 0.016745 8.40562
643 0.014608 0.0081175 4.56688
644 0.00299715 0.0155902 8.13522
645 0.0136167 0.00767353 4.63293
646 0.00299733 0.0144354 7.85113
647 0.0126036 0.0072397 4.69089
648 0.00299751 0.0132806 7.55478
649 0.0115362 0.00679289 4.73831
650 0.00299769 0.0121258 7.24808
651 0.0105125 0.00639027 4.77654
652 0.00299787 0.010971 6.93264
653 0.00949678 0.00600105 4.80289
654 0.00299805 0.00981622 6.60875
655 0.00848597 0.00563237 4.82058
656 0.00299519 0.00864834 6.27138
657 0.00745688 0.00527226 4.8286
658 0.00297901 0.00748921 5.92486
659 0.00639307 0.00491605 4.82658
660 0.0031096 0.00629532 5.54609
661 0.00524432 0.00470343 4.86671
662 0.00315119 0.00513611 5.16515
663 0.00412368 0.00443329 4.86467
664 0.00298422 0.00392144 4.75818
665 0.00296899 0.00288286 4.38739
666 0.0112088 0.0750027 4.13973
667 0.0119575 0.0743835 4.08968
668 0.0104301 0.0755837 4.18615
669 0.00965219 0.0761498 4.21655
670 0.0133172 0.0728021 4.04442
671 0.00878668 0.0767001 4.24946
672 0.00789681 0.0771305 4.29773
673 0.00700479 0.0775563 4.32801
674 0.0140769 0.0717422 4.01963
675 0.00603999 0.0778946 4.37286
676 0.0144706 0.0706645 4.09808
677 0.00504215 0.0782286 4.40176
678 0.0148146 0.0696766 4.16629
679 0.00402385 0.0786932 4.37375
680 0.0151079 0.0686887 4.24533
681 0.0153719 0.0676672 4.3358
682 0.0156171 0.0665838 4.44075
683 0.0158554 0.065454 4.55384
684 0.0160994 0.0642961 4.66722
685 0.0163619 0.0630887 4.78035
686 0.0166926 0.0618841 4.86187
687 0.017044 0.0606739 4.93365
688 0.0174135 0.0594713 4.99499
689 0.0178537 0.0582849 5.0202
690 0.018312 0.0571101 5.03363
691 0.004079 0.0774897 4.69662
692 0.0187917 0.0559591 5.03148
693 0.00407608 0.0762681 5.0154
694 0.0193079 0.0548288 5.00718
695 0.0040081 0.0750585 5.32535
696 0.0198215 0.053712 4.97967
697 0.00398941 0.0738917 5.6129
698 0.0203557 0.0526151 4.9367
699 0.00398796 0.0727527 5.88781
700 0.0209052 0.0515562 4.87688
701 0.00398814 0.0715979 6.1635
702 0.0214291 0.0504843 4.82792
703 0.00398833 0.0704431 6.43606
704 0.0219933 0.0494292 4.75333
705 0.00398851 0.0692883 6.70411
706 0.0225357 0.0484146 4.67704
707 0.00398869 0.0681335 6.96612
708 0.023062 0.0474131 4.60071
709 0.00398887 0.0669787 7.22099
710 0.023573 0.0463911 4.5285
711 0.00398905 0.0658239 7.46808
712 0.0240693 0.045401 4.45122
713 0.00398923 0.0646691 7.70707
714 0.0245492 0.0444095 4.37427
715 0.00398941 0.0635143 7.9378
716 0.025005 0.0434238 4.29942
717 0.00398959 0.0623595 8.16021
718 0.0254363 0.0424338 4.22765
719 0.00398977 0.0612047 8.37423
720 0.0258416 0.0414523 4.15749
721 0.00398995 0.0600499 8.57983
722 0.0262194 0.0404712 4.09027
723 0.00399013 0.0588951 8.77691
724 0.0265675 0.0394907 4.02658
725 0.00399031 0.0577404 8.9654
726 0.0268833 0.0385115 3.96714
727 0.00399049 0.0565856 9.14516
728 0.0271639 0.0375311 3.91326
729 0.00399067 0.0554308 9.31605
730 0.0274022 0.0365509 3.86774
731 0.00399085 0.054276 9.47791
732 0.027607 0.0355667 3.82669
733 0.00399103 0.0531212 9.63055
734 0.0277707 0.0345808 3.79313
735 0.00399121 0.0519664 9.77376
736 0.0278973 0.0335937 3.76505
737 0.00399139 0.0508116 9.90732
738 0.0279903 0.0326072 3.74073
739 0.00399158 0.0496568 10.031
740 0.0280379 0.0316145 3.72541
741 0.00399176 0.048502 10.1445
742 0.0280378 0.0306211 3.71965
743 0.00399194 0.0473472 10.2477
744 0.0280016 0.0296289 3.71823
745 0.00399212 0.0461924 10.3402
746 0.0279403 0.0286271 3.71591
747 0.0039923 0.0450376 10.4218
748 0.0278273 0.0276271 3.72417
749 0.00399248 0.0438828 10.4923
750 0.0276754 0.0266325 3.73741
751 0.00399266 0.042728 10.5513
752 0.0274949 0.0256375 3.75065
753 0.00399284 0.0415732 10.5985
754 0.0272813 0.024649 3.76598
755 0.00399302 0.0404184 10.6339
756 0.027032 0.0236707 3.78466
757 0.0039932 0.0392636 10.6569
758 0.0267513 0.0227067 3.80512
759 0.00399338 0.0381088 10.6675
760 0.0264309 0.0217567 3.83055
761 0.00399356 0.0369541 10.6654
762 0.0260673 0.0208253 3.86265
763 0.00399374 0.0357993 10.6503
764 0.0256766 0.0199231 3.8961
765 0.00399392 0.0346445 10.622
766 0.0252708 0.0190362 3.92454
767 0.0039941 0.0334897 10.5802
768 0.024798 0.0181622 3.96719
769 0.00399428 0.0323349 10.5248
770 0.024265 0.0173526 4.02875
771 0.00399446 0.0311801 10.4555
772 0.0237611 0.0165434 4.06617
773 0.00399464 0.0300253 10.3721
774 0.0233735 0.0156834 4.03928
775 0.00399483 0.0288705 10.2745
776 0.0226019 0.0151417 4.19502
777 0.00399501 0.0277157 10.1624
778 0.0219647 0.0144122 4.25286
779 0.00399519 0.0265609 10.0356
780 0.0213097 0.0136988 4.30493
781 0.00399537 0.0254061 9.8941
782 0.0205691 0.0130405 4.38109
783 0.00399555 0.0242513 9.7376
784 0.0197967 0.0124681 4.47192
785 0.00399573 0.0230965 9.56601
786 0.0190091 0.0118775 4.54812
787 0.00399591 0.0219417 9.3792
788 0.0181907 0.0112895 4.6182
789 0.00399609 0.0207869 9.17708
790 0.0173321 0.0107251 4.68944
791 0.00399627 0.0196321 8.95959
792 0.0164426 0.0102032 4.76427
793 0.00399645 0.0184773 8.72675
794 0.0155439 0.00971877 4.83646
795 0.00399663 0.0173225 8.47869
796 0.0146376 0.00925947 4.90298
797 0.00399681 0.0161677 8.21574
798 0.0136825 0.00881368 4.96914
799 0.00399699 0.015013 7.93862
800 0.0126913 0.00837463 5.02923
801 0.00399717 0.0138582 7.64853
802 0.0116834 0.00793962 5.07796
803 0.00399735 0.0127034 7.34723
804 0.010656 0.00753937 5.12515
805 0.00399753 0.0115486 7.03655
806 0.00963848 0.00715088 5.15903
807 0.00399975 0.0103677 6.70992
808 0.00864116 0.00676785 5.17663
809 0.00399474 0.0091966 6.37678
810 0.00764022 0.00640135 5.18523
811 0.00398179 0.00801738 6.02971
812 0.00664141 0.00599958 5.16706
813 0.00388797 0.00695318 5.70859
814 0.00564817 0.00559063 5.13058
815 0.00446048 0.00585134 5.31956
816 0.0110444 0.0738333 4.45213
817 0.0102225 0.0744414 4.50681
818 0.0094621 0.0750317 4.53159
819 0.00878578 0.0757087 4.49949
820 0.0126528 0.0718133 4.45709
821 0.00786755 0.0759925 4.5953
822 0.00702175 0.076458 4.61351
823 0.00625361 0.0769243 4.60218
824 0.0132712 0.0708229 4.47001
825 0.00521922 0.0769291 4.73085
826 0.0136957 0.0698445 4.52687
827 0.0139938 0.068901 4.61067
828 0.0142786 0.0679291 4.69744
829 0.0145228 0.0668994 4.80429
830 0.014751 0.0658125 4.92369
831 0.0149709 0.0646521 5.05646
832 0.0151794 0.0634362 5.20111
833 0.0154752 0.0622217 5.30863
834 0.0158539 0.0609888 5.38193
835 0.0161924 0.0597423 5.47089
836 0.0166186 0.0585329 5.51371
837 0.0171033 0.0573229 5.52765
838 0.0175768 0.0561269 5.54045
839 0.0180864 0.0549683 5.52752
840 0.00502654 0.0755991 5.09122
841 0.0186119 0.0538302 5.50043
842 0.00499839 0.0744109 5.38737
843 0.01915 0.0527154 5.4601
844 0.00497888 0.0732734 5.66379
845 0.0197169 0.0516207 5.39972
846 0.00496557 0.0721478 5.93307
847 0.0202576 0.0505573 5.34129
848 0.00496989 0.0710067 6.20136
849 0.0208104 0.0494999 5.27202
850 0.00498817 0.0698659 6.46454
851 0.0213656 0.0484696 5.19221
852 0.00498835 0.0687111 6.72828
853 0.0219026 0.0474617 5.11146
854 0.00498853 0.0675563 6.98577
855 0.022429 0.0464579 5.02882
856 0.00498871 0.0664015 7.23606
857 0.0229285 0.0454621 4.95027
858 0.00498889 0.0652467 7.47861
859 0.0234082 0.0444762 4.87209
860 0.00498907 0.0640919 7.71316
861 0.0238653 0.0435 4.79501
862 0.00498925 0.0629371 7.9396
863 0.0243003 0.0425294 4.719
864 0.00498943 0.0617823 8.15786
865 0.024709 0.0415624 4.64581
866 0.00498961 0.0606275 8.36787
867 0.0250894 0.0406025 4.57558
868 0.00498979 0.0594727 8.56957
869 0.0254413 0.0396474 4.50843
870 0.00498997 0.0583179 8.76286
871 0.025762 0.0386958 4.44554
872 0.00499015 0.0571631 8.94762
873 0.0260485 0.0377465 4.38804
874 0.00499033 0.0560083 9.12371
875 0.0263021 0.0368003 4.33521
876 0.00499052 0.0548535 9.29097
877 0.0265158 0.035853 4.29024
878 0.0049907 0.0536987 9.4492
879 0.0266892 0.034903 4.25304
880 0.00499088 0.0525439 9.5982
881 0.0268218 0.0339545 4.22356
882 0.00499106 0.0513891 9.73774
883 0.026927 0.0330069 4.19585
884 0.00499124 0.0502343 9.86757
885 0.0270128 0.0320656 4.1665
886 0.00499142 0.0490795 9.98744
887 0.027034 0.0311084 4.15487
888 0.0049916 0.0479248 10.0971
889 0.0269844 0.0301704 4.16313
890 0.00499178 0.04677 10.1963
891 0.026966 0.0292096 4.1474
892 0.00499196 0.0456152 10.2847
893 0.0268876 0.0282382 4.146
894 0.00499214 0.0444604 10.3621
895 0.026735 0.0272919 4.16555
896 0.00499232 0.0433056 10.4281
897 0.0265874 0.0263234 4.17083
898 0.0049925 0.0421508 10.4826
899 0.026402 0.0253596 4.18046
900 0.00499268 0.040996 10.5253
901 0.0261781 0.0244113 4.19536
902 0.00499286 0.0398412 10.5558
903 0.0259254 0.023478 4.21153
904 0.00499304 0.0386864 10.5739
905 0.0256559 0.0225625 4.22454
906 0.00499322 0.0375316 10.5794
907 0.0253269 0.02164 4.24837
908 0.0049934 0.0363768 10.572
909 0.0249207 0.0207699 4.29576
910 0.00499359 0.035222 10.5515
911 0.0245588 0.0199094 4.31566
912 0.00499377 0.0340672 10.5176
913 0.0242972 0.0190006 4.27952
914 0.00499395 0.0329124 10.4702
915 0.0236321 0.0182844 4.40732
916 0.00499413 0.0317576 10.4089
917 0.0230894 0.0174224 4.45374
918 0.00499431 0.0306028 10.3336
919 0.0225003 0.0163928 4.47032
920 0.00499449 0.029448 10.2441
921 0.00499467 0.0282932 10.1401
922 0.0216014 0.0155331 4.59706
923 0.00499485 0.0271385 10.0216
924 0.0209031 0.0147626 4.65834
925 0.00499503 0.0259837 9.88829
926 0.0203849 0.0139873 4.64826
927 0.00499521 0.0248289 9.74005
928 0.0195436 0.0135982 4.80679
929 0.00499539 0.0236741 9.57672
930 0.0188028 0.0130094 4.87797
931 0.00499557 0.0225193 9.39818
932 0.018027 0.0124233 4.94522
933 0.00499575 0.0213645 9.20431
934 0.0172529 0.0118358 4.99741
935 0.00499593 0.0202097 8.99503
936 0.0163842 0.0112994 5.07154
937 0.00499611 0.0190549 8.77031
938 0.0155079 0.0108581 5.1579
939 0.00499629 0.0179001 8.53024
940 0.0146306 0.0104023 5.22688
941 0.00499647 0.0167453 8.27505
942 0.0137304 0.00995356 5.28877
943 0.00499665 0.0155905 8.00529
944 0.012777 0.00951141 5.34869
945 0.00499684 0.0144357 7.72199
946 0.0117896 0.00908059 5.40299
947 0.00499702 0.0132809 7.42672
948 0.0107889 0.00867107 5.45035
949 0.0049972 0.0121261 7.12136
950 0.00977208 0.00829445 5.49472
951 0.00500341 0.0109324 6.79597
952 0.00876644 0.00794587 5.53076
953 0.00499398 0.00973572 6.46116
954 0.00778273 0.00757192 5.54122
955 0.00496727 0.00849211 6.10187
956 0.00677165 0.00712664 5.51734
957 0.00489032 0.00715555 5.70189
958 0.0119389 0.0730024 4.40583
959 0.00567497 0.00657832 5.45223
960 0.0100227 0.0733056 4.81309
961 0.00915583 0.0739259 4.85588
962 0.0131229 0.0586094 6.84164
963 0.0130377 0.0622633 6.20422
964 0.0120575 0.0706971 4.85998
965 0.00703767 0.0753378 4.89325
966 0.00603715 0.0759053 4.8933
967 0.0126994 0.069966 4.81904
968 0.0128611 0.0690438 4.95448
969 0.0131803 0.0681622 5.02614
970 0.0134525 0.0671882 5.12433
971 0.0136463 0.0661581 5.25612
972 0.013861 0.06505 5.39152
973 0.0140546 0.0638761 5.54327
974 0.0141605 0.0625407 5.75477
975 0.0146455 0.0612867 5.80406
976 0.0150053 0.0600873 5.8851
977 0.0152505 0.0587561 6.03072
978 0.0158643 0.0575135 6.00749
979 0.0163475 0.0563089 6.02426
980 0.0168457 0.0551244 6.02612
981 0.0173907 0.0539599 5.99968
982 0.0179242 0.0528111 5.9702
983 0.00600159 0.0737476 5.42601
984 0.0184918 0.0517024 5.91436
985 0.00594701 0.0726703 5.68837
986 0.01907 0.0506199 5.84452
987 0.00592449 0.0715571 5.95221
988 0.0196271 0.0495589 5.77492
989 0.0059807 0.0704485 6.20127
990 0.0201926 0.0485101 5.69421
991 0.00598878 0.0693024 6.46224
992 0.0207458 0.0475012 5.60693
993 0.00598819 0.0681338 6.72452
994 0.0212785 0.0465054 5.52052
995 0.00598837 0.066979 6.97727
996 0.0217926 0.0455143 5.43497
997 0.00598855 0.0658242 7.22286
998 0.0222678 0.0445367 5.35743
999 0.00598873 0.0646694 7.46087
1000 0.0227293 0.0435649 5.27781
1001 0.00598891 0.0635146 7.69106
1002 0.0231657 0.0426061 5.19989
1003 0.00598909 0.0623598 7.91334
1004 0.0235754 0.0416547 5.1247
1005 0.00598928 0.061205 8.12762
1006 0.0239579 0.0407115 5.05222
1007 0.00598946 0.0600503 8.33384
1008 0.0243126 0.0397783 4.98244
1009 0.00598964 0.0588955 8.53188
1010 0.024642 0.0388545 4.91426
1011 0.00598982 0.0577407 8.72163
1012 0.024933 0.0379321 4.85393
1013 0.00599 0.0565859 8.90295
1014 0.0251886 0.0370142 4.79961
1015 0.00599018 0.0554311 9.07567
1016 0.0254331 0.0361064 4.74069
1017 0.00599036 0.0542763 9.23959
1018 0.0256088 0.0351851 4.70308
1019 0.00599054 0.0531215 9.39451
1020 0.0257448 0.0342786 4.67265
1021 0.00599072 0.0519667 9.54017
1022 0.0258587 0.0333575 4.64284
1023 0.0059909 0.0508119 9.67633
1024 0.0259406 0.0324544 4.617
1025 0.00599108 0.0496571 9.80274
1026 0.0261728 0.0315831 4.51894
1027 0.00599126 0.0485023 9.9191
1028 0.0259271 0.0307041 4.61286
1029 0.00599144 0.0473475 10.0252
1030 0.0259365 0.0297546 4.5891
1031 0.00599162 0.0461927 10.1206
1032 0.0260896 0.0288079 4.49568
1033 0.0059918 0.0450379 10.2052
1034 0.0257598 0.0279527 4.59507
1035 0.00599198 0.0438831 10.2786
1036 0.0256503 0.0269909 4.58871
1037 0.00599216 0.0427283 10.3405
1038 0.0255131 0.0260349 4.58264
1039 0.00599234 0.0415735 10.3908
1040 0.0253047 0.0251123 4.59653
1041 0.00599253 0.0404187 10.429
1042 0.0250736 0.0242091 4.61003
1043 0.00599271 0.039264 10.4549
1044 0.0248099 0.0233177 4.62634
1045 0.00599289 0.0381092 10.4683
1046 0.0246969 0.022388 4.57038
1047 0.00599307 0.0369544 10.4689
1048 0.0241716 0.0216208 4.67772
1049 0.00599325 0.0357996 10.4564
1050 0.0237448 0.0206651 4.71233
1051 0.00599343 0.0346448 10.4307
1052 0.0155448 0.0192953 7.025
1053 0.00599361 0.03349 10.3914
1054 0.0166272 0.0295973 7.97842
1055 0.00599379 0.0323352 10.3384
1056 0.0225401 0.0184997 4.81638
1057 0.00599397 0.0311804 10.2714
1058 0.0219065 0.0175284 4.86541
1059 0.00599415 0.0300256 10.1902
1060 0.0212018 0.0166351 4.93158
1061 0.00599433 0.0288708 10.0947
1062 0.00599451 0.027716 9.98453
1063 0.0204158 0.0157674 5.00792
1064 0.00599469 0.0265612 9.85967
1065 0.0196438 0.0148278 5.0452
1066 0.00599487 0.0254064 9.71989
1067 0.00599505 0.0242516 9.56503
1068 0.0186434 0.0141592 5.18138
1069 0.00599523 0.0230968 9.39495
1070 0.0178111 0.0135524 5.26691
1071 0.00599541 0.021942 9.20953
1072 0.0170552 0.0129719 5.32391
1073 0.0059956 0.0207872 9.00865
1074 0.0163887 0.0122876 5.31999
1075 0.00599578 0.0196324 8.79228
1076 0.0154708 0.0120372 5.47134
1077 0.00599596 0.0184777 8.56044
1078 0.0146132 0.0115567 5.53759
1079 0.00599614 0.0173229 8.31329
1080 0.0137332 0.0111007 5.60101
1081 0.00599632 0.0161681 8.05127
1082 0.0128158 0.0106541 5.66031
1083 0.0059965 0.0150133 7.77521
1084 0.0118709 0.0102118 5.71133
1085 0.00599668 0.0138585 7.48654
1086 0.0108909 0.00979765 5.76125
1087 0.00599686 0.0127037 7.1871
1088 0.00991821 0.00940691 5.80142
1089 0.00600727 0.0115034 6.86511
1090 0.00890148 0.00911142 5.86098
1091 0.00600689 0.0102939 6.53174
1092 0.00791371 0.00880199 5.89779
1093 0.00597753 0.00906714 6.18419
1094 0.00691545 0.00834433 5.87627
1095 0.00591145 0.00781466 5.81707
1096 0.010832 0.0728035 4.73448
1097 0.0112598 0.0716935 4.86943
1098 0.00599209 0.0748643 5.15773
1099 0.00899496 0.0726748 5.17487
1100 0.00804839 0.0734225 5.18417
1101 0.0116689 0.0694549 5.22489
1102 0.0120183 0.0683027 5.35709
1103 0.012491 0.0674816 5.37668
1104 0.0125246 0.0665376 5.55274
1105 0.0127525 0.065458 5.69022
1106 0.0129647 0.0643573 5.83232
1107 0.0130944 0.0632776 5.99422
1108 0.0134945 0.061403 6.20661
1109 0.0138191 0.0603922 6.27616
1110 0.0140959 0.0593658 6.36083
1111 0.0146641 0.0575706 6.46792
1112 0.0151341 0.0564706 6.47958
1113 0.0156072 0.0552949 6.49722
1114 0.0161424 0.0541129 6.48479
1115 0.0166777 0.0529077 6.46881
1116 0.0172325 0.0517659 6.42831
1117 0.0178509 0.0506745 6.34666
1118 0.00676298 0.0720731 5.70977
1119 0.0184312 0.0495994 6.27197
1120 0.00697378 0.0710861 5.90404
1121 0.019002 0.0485452 6.1919
1122 0.0069983 0.0699224 6.16481
1123 0.0195587 0.0475338 6.10494
1124 0.00697714 0.0687361 6.43463
1125 0.0201072 0.0465437 6.01207
1126 0.00698378 0.0675649 6.69134
1127 0.0206401 0.045559 5.9185
1128 0.00698822 0.0664018 6.94023
1129 0.0211257 0.0445888 5.83615
1130 0.0069884 0.065247 7.18111
1131 0.0215918 0.0436228 5.75447
1132 0.00698858 0.0640922 7.41463
1133 0.0220294 0.0426709 5.67577
1134 0.00698876 0.0629374 7.64061
1135 0.0224408 0.0417306 5.59928
1136 0.00698894 0.0617826 7.85893
1137 0.0228235 0.0408017 5.52602
1138 0.00698912 0.0606278 8.06951
1139 0.0231821 0.039884 5.45401
1140 0.0069893 0.059473 8.27222
1141 0.0235148 0.0389786 5.38389
1142 0.00698948 0.0583182 8.46692
1143 0.0238395 0.0380956 5.30749
1144 0.00698966 0.0571634 8.65346
1145 0.0240779 0.0371883 5.2612
1146 0.00698984 0.0560086 8.83168
1147 0.0243088 0.0363062 5.20813
1148 0.00699002 0.0548538 9.00136
1149 0.0246979 0.0354791 5.07752
1150 0.0069902 0.053699 9.1623
1151 0.0246577 0.0345842 5.1233
1152 0.00699038 0.0525442 9.31424
1153 0.0247943 0.033692 5.08517
1154 0.00699056 0.0513895 9.45692
1155 0.0249139 0.0327136 5.04598
1156 0.00699074 0.0502347 9.59005
1157 0.0141395 0.0584051 6.51578
1158 0.00699092 0.0490799 9.71335
1159 0.017082 0.0329715 7.97106
1160 0.0069911 0.0479251 9.82652
1161 0.0249222 0.0302742 5.02026
1162 0.00699129 0.0467703 9.92927
1163 0.0167335 0.0193353 6.7222
1164 0.00699147 0.0456155 10.0213
1165 0.008985 0.0121478 6.68776
1166 0.00699165 0.0444607 10.1023
1167 0.0247084 0.0277072 5.00678
1168 0.00699183 0.0433059 10.172
1169 0.0245837 0.0266622 4.99308
1170 0.00699201 0.0421511 10.2301
1171 0.0245896 0.0257391 4.92407
1172 0.00699219 0.0409963 10.2763
1173 0.0241702 0.0248791 5.01647
1174 0.00699237 0.0398415 10.3103
1175 0.0238997 0.0239174 5.02979
1176 0.00699255 0.0386867 10.3318
1177 0.0236159 0.0227729 5.01548
1178 0.00699273 0.0375319 10.3407
1179 0.00699291 0.0363771 10.3365
1180 0.0230348 0.0216242 5.08879
1181 0.00699309 0.0352223 10.3192
1182 0.0225395 0.0205672 5.12284
1183 0.00699327 0.0340675 10.2883
1184 0.00699345 0.0329127 10.2438
1185 0.021988 0.0195642 5.16541
1186 0.00699363 0.0317579 10.1854
1187 0.0213456 0.0186082 5.22646
1188 0.00699381 0.0306031 10.1128
1189 0.0207024 0.0177294 5.28213
1190 0.00699399 0.0294484 10.0258
1191 0.0200086 0.0168859 5.3421
1192 0.00699417 0.0282936 9.92436
1193 0.00699435 0.0271388 9.80816
1194 0.0192679 0.0160547 5.40019
1195 0.00699454 0.025984 9.67706
1196 0.0184476 0.0153126 5.47984
1197 0.00699472 0.0248292 9.53089
1198 0.0069949 0.0236744 9.36949
1199 0.0175803 0.0146649 5.5738
1200 0.00699508 0.0225196 9.19273
1201 0.0167222 0.0140167 5.64786
1202 0.00699526 0.0213648 9.00048
1203 0.0157898 0.0132439 5.69314
1204 0.00699544 0.02021 8.79269
1205 0.00699562 0.0190552 8.56932
1206 0.0146764 0.0127468 5.82324
1207 0.0069958 0.0179004 8.33051
1208 0.0137399 0.0122613 5.89948
1209 0.00699598 0.0167456 8.07656
1210 0.0128321 0.0118014 5.9611
1211 0.00699616 0.0155908 7.80819
1212 0.0119041 0.0113508 6.01423
1213 0.00699634 0.014436 7.52664
1214 0.0109668 0.010915 6.0581
1215 0.00699652 0.0132812 7.23364
1216 0.00998892 0.0105203 6.10459
1217 0.00699759 0.0120878 6.92057
1218 0.00910802 0.0101108 6.11772
1219 0.00702634 0.0108541 6.58365
1220 0.00811452 0.0101289 6.25534
1221 0.00700483 0.00960005 6.23436
1222 0.0100096 0.0721403 5.07621
1223 0.00705587 0.0741953 5.16758
1224 0.0110833 0.070461 5.17335
1225 0.00786939 0.0720538 5.53097
1226 0.0108974 0.0684048 5.64996
1227 0.0114202 0.0671759 5.75823
1228 0.0116354 0.0659195 5.94733
1229 0.0118581 0.0647849 6.10427
1230 0.0120119 0.0636821 6.27111
1231 0.0126299 0.0605676 6.65737
1232 0.0129637 0.0596011 6.71958
1233 0.0139583 0.0566545 6.88664
1234 0.0143393 0.0554874 6.94551
1235 0.0195237 0.0310311 7.11326
1236 0.015501 0.0530732 6.90479
1237 0.015868 0.0517718 6.96869
1238 0.0166385 0.050695 6.83207
1239 0.0172469 0.0496325 6.74887
1240 0.0177576 0.0485845 6.69604
1241 0.00803704 0.070617 5.82375
1242 0.0183493 0.0475535 6.60098
1243 0.00797782 0.0693477 6.1177
1244 0.0189373 0.0465596 6.49498
1245 0.00792991 0.0681601 6.38814
1246 0.0194859 0.0455872 6.39532
1247 0.00803068 0.067003 6.61799
1248 0.0199864 0.0446271 6.30698
1249 0.0080309 0.0658356 6.86342
1250 0.0204549 0.0436721 6.22421
1251 0.007979 0.0646541 7.11538
1252 0.0208941 0.0427282 6.1451
1253 0.00798484 0.0634985 7.3435
1254 0.021305 0.0417963 6.06907
1255 0.00800095 0.0623505 7.56094
1256 0.0216895 0.0408755 5.99532
1257 0.00798878 0.0612054 7.77631
1258 0.0220489 0.0399661 5.92328
1259 0.00798896 0.0600506 7.98352
1260 0.0223909 0.0390746 5.84932
1261 0.00798914 0.0588958 8.18309
1262 0.0226965 0.038186 5.78236
1263 0.00798932 0.057741 8.37481
1264 0.0231713 0.037385 5.63142
1265 0.0079895 0.0565862 8.55853
1266 0.0232147 0.0364477 5.66115
1267 0.00798968 0.0554314 8.73404
1268 0.0249596 0.0288796 4.96109
1269 0.00798986 0.0542766 8.90111
1270 0.0147109 0.0398448 8.59327
1271 0.00799004 0.0531218 9.05947
1272 0.023698 0.0340674 5.5366
1273 0.00799023 0.051967 9.20885
1274 0.024001 0.0331632 5.42268
1275 0.00799041 0.0508122 9.34893
1276 0.0238568 0.0322094 5.48513
1277 0.00799059 0.0496574 9.4794
1278 0.0122798 0.0615327 6.59383
1279 0.00799077 0.0485026 9.59994
1280 0.0128646 0.0738639 3.94956
1281 0.00799095 0.0473478 9.71025
1282 0.0238749 0.0297415 5.43208
1283 0.00799113 0.046193 9.81001
1284 0.0101467 0.0708568 5.32238
1285 0.00799131 0.0450382 9.89891
1286 0.00220093 0.0823178 3.42707
1287 0.00799149 0.0438834 9.97663
1288 0.0235963 0.027237 5.41936
1289 0.00799167 0.0427286 10.0429
1290 0.0148487 0.054293 6.95473
1291 0.00799185 0.0415739 10.0973
1292 0.0238826 0.0310284 5.46218
1293 0.00799203 0.0404191 10.1397
1294 0.0230601 0.024775 5.42795
1295 0.00799221 0.0392643 10.1697
1296 0.0227284 0.023684 5.4402
1297 0.00799239 0.0381095 10.1871
1298 0.0223211 0.0225939 5.46229
1299 0.00799257 0.0369547 10.1916
1300 0.00799275 0.0357999 10.1829
1301 0.021849 0.0215529 5.49481
1302 0.00799293 0.0346451 10.1608
1303 0.0213436 0.0205591 5.52744
1304 0.00799311 0.0334903 10.125
1305 0.00799329 0.0323355 10.0753
1306 0.0207718 0.019634 5.57489
1307 0.00799348 0.0311807 10.0116
1308 0.020173 0.0187861 5.62661
1309 0.00799366 0.0300259 9.93353
1310 0.0195466 0.0179651 5.67555
1311 0.00799384 0.0288711 9.84094
1312 0.0188809 0.0171702 5.72484
1313 0.00799402 0.0277163 9.73364
1314 0.0079942 0.0265615 9.61145
1315 0.0181456 0.0164387 5.78979
1316 0.00799438 0.0254067 9.47419
1317 0.0173464 0.0157781 5.87003
1318 0.00799456 0.0242519 9.3217
1319 0.00799474 0.0230971 9.15383
1320 0.0165089 0.0151661 5.95406
1321 0.00799492 0.0219423 8.97045
1322 0.0156314 0.0145267 6.02514
1323 0.0079951 0.0207876 8.77147
1324 0.0146994 0.0139387 6.10258
1325 0.00799528 0.0196328 8.55685
1326 0.00799546 0.018478 8.32665
1327 0.0137471 0.0134354 6.18686
1328 0.00799564 0.0173232 8.08113
1329 0.0128252 0.0129534 6.25361
1330 0.00799582 0.0161684 7.82086
1331 0.0119288 0.0124936 6.30585
1332 0.007996 0.0150136 7.54692
1333 0.0109784 0.012029 6.35142
1334 0.00801335 0.0138529 7.25724
1335 0.0100233 0.0115725 6.3841
1336 0.0080049 0.0126916 6.96036
1337 0.00889225 0.0111179 6.42569
1338 0.0070098 0.0730308 5.44936
1339 0.0235794 0.0352514 5.55637
1340 0.00907771 0.071302 5.46454
1341 0.0104133 0.0695972 5.52668
1342 0.00819771 0.0747321 4.84891
1343 0.0134582 0.0576697 6.89032
1344 0.0101006 0.0674256 6.06086
1345 0.0104943 0.0663114 6.18888
1346 0.0108 0.0651935 6.33124
1347 0.0109567 0.064093 6.50557
1348 0.0119812 0.0598302 6.99764
1349 0.013153 0.0557927 7.31028
1350 0.0142229 0.0532658 7.34336
1351 0.0148027 0.052301 7.28262
1352 0.0154335 0.050439 7.32788
1353 0.0161805 0.0496816 7.1556
1354 0.016482 0.0486417 7.1861
1355 0.0170686 0.0475618 7.10587
1356 0.00917106 0.0698704 5.7588
1357 0.0177366 0.0465563 6.97525
1358 0.00876313 0.0687076 6.09803
1359 0.0183269 0.0455903 6.86203
1360 0.00898025 0.0676873 6.27123
1361 0.0188416 0.044645 6.7689
1362 0.00919981 0.0664344 6.48661
1363 0.0193172 0.0437063 6.68355
1364 0.00894627 0.0651908 6.79922
1365 0.0197593 0.0427758 6.60357
1366 0.00896323 0.0640407 7.02605
1367 0.020171 0.0418552 6.52754
1368 0.00900552 0.0629144 7.23599
1369 0.0205545 0.040943 6.45474
1370 0.00903971 0.0617763 7.44343
1371 0.0209153 0.0400354 6.38317
1372 0.00904745 0.0606344 7.65083
1373 0.0212638 0.0391241 6.30904
1374 0.00902574 0.0594812 7.85989
1375 0.0216248 0.0381768 6.22399
1376 0.00898898 0.0583185 8.06648
1377 0.0237685 0.02846 5.42133
1378 0.00900391 0.0571493 8.25468
1379 0.0221202 0.0370603 6.08408
1380 0.00901201 0.0559853 8.43566
1381 0.0223174 0.0357305 6.05881
1382 0.00900492 0.0548356 8.6097
1383 0.0225497 0.0344618 5.99933
1384 0.00900582 0.0536826 8.77412
1385 0.00900673 0.0525351 8.92915
1386 0.0228589 0.0331147 5.8915
1387 0.00899007 0.0513898 9.07881
1388 0.00899025 0.050235 9.21672
1389 0.00899043 0.0490802 9.34489
1390 0.0227815 0.0304687 5.88968
1391 0.00899061 0.0479254 9.46302
1392 0.00899079 0.0467706 9.57082
1393 0.0227418 0.0292062 5.85943
1394 0.00899097 0.0456158 9.66793
1395 0.00899115 0.044461 9.75401
1396 0.00899133 0.0433062 9.82872
1397 0.0224711 0.026765 5.81788
1398 0.00899151 0.0421514 9.89176
1399 0.00899169 0.0409966 9.94283
1400 0.022207 0.0255794 5.81907
1401 0.00899187 0.0398418 9.98162
1402 0.0218779 0.024531 5.83802
1403 0.00899205 0.038687 10.0078
1404 0.0215211 0.02349 5.85108
1405 0.00899224 0.0375322 10.0212
1406 0.021113 0.0224685 5.86744
1407 0.00899242 0.0363774 10.0215
1408 0.0089926 0.0352226 10.0084
1409 0.0206952 0.0214928 5.87643
1410 0.00899278 0.0340678 9.98168
1411 0.0201774 0.020586 5.9127
1412 0.00899296 0.0329131 9.94111
1413 0.00899314 0.0317583 9.88647
1414 0.0196092 0.0197945 5.96759
1415 0.00899332 0.0306035 9.81753
1416 0.0190368 0.0190062 6.00988
1417 0.0089935 0.0294487 9.73408
1418 0.018457 0.0182446 6.04492
1419 0.00899368 0.0282939 9.63594
1420 0.0178298 0.0175182 6.08601
1421 0.00899386 0.0271391 9.5229
1422 0.00899404 0.0259843 9.3948
1423 0.0171032 0.0168562 6.15268
1424 0.00899422 0.0248295 9.25146
1425 0.0163132 0.0163049 6.24375
1426 0.0089944 0.0236747 9.09272
1427 0.00899458 0.0225199 8.91845
1428 0.015475 0.0157319 6.32733
1429 0.00899476 0.0213651 8.72854
1430 0.0145971 0.0151448 6.40084
1431 0.00899494 0.0202103 8.52292
1432 0.0137095 0.0145937 6.46799
1433 0.00899512 0.0190555 8.30163
1434 0.0089953 0.0179007 8.06486
1435 0.0128001 0.0141057 6.5383
1436 0.00899549 0.0167459 7.81309
1437 0.011911 0.0136463 6.59622
1438 0.00899567 0.0155911 7.54722
1439 0.0109789 0.0131662 6.64162
1440 0.00899708 0.0144179 7.26404
1441 0.0100095 0.0126691 6.67255
1442 0.00900277 0.0132669 6.97483
1443 0.0234799 0.0259975 5.37587
1444 0.0110704 0.0629904 6.68712
1445 0.0120483 0.0588746 7.14689
1446 0.0129486 0.0568369 7.20433
1447 0.0134207 0.0544552 7.43623
1448 0.0146405 0.0513077 7.48856
1449 0.0227835 0.0317778 5.9156
1450 0.0226364 0.0279802 5.83652
1451 0.00989377 0.0645401 6.70228
1452 0.0137364 0.0520965 7.68505
1453 0.0151547 0.0490646 7.61639
1454 0.0156273 0.0475638 7.63907
1455 0.0165005 0.0465045 7.44941
1456 0.0171626 0.0455529 7.31391
1457 0.0177091 0.0446282 7.21049
1458 0.0181768 0.0437177 7.12829
1459 0.00985134 0.0655268 6.51346
1460 0.0186208 0.0428098 7.04781
1461 0.0190373 0.0419053 6.97049
1462 0.0099977 0.0634744 6.88579
1463 0.019424 0.0410037 6.89721
1464 0.0100636 0.062358 7.08315
1465 0.0197791 0.0401084 6.82838
1466 0.0101324 0.0612113 7.27934
1467 0.0201196 0.0392104 6.75791
1468 0.0101029 0.060073 7.493
1469 0.0204648 0.0383019 6.67845
1470 0.0100382 0.0588843 7.71722
1471 0.0208316 0.0373014 6.58673
1472 0.0100378 0.0577052 7.91606
1473 0.0211341 0.036166 6.51476
1474 0.0100389 0.0565289 8.10644
1475 0.0100372 0.055368 8.28714
1476 0.0213457 0.0349765 6.46559
1477 0.0100181 0.0542364 8.45989
1478 0.0215355 0.0336926 6.41023
1479 0.010026 0.0530853 8.62062
1480 0.0100418 0.0519452 8.76944
1481 0.0100305 0.0508047 8.91607
1482 0.00999009 0.0496577 9.0608
1483 0.00999334 0.0484928 9.18741
1484 0.0216584 0.0298717 6.30071
1485 0.0100028 0.0473423 9.30094
1486 0.00999063 0.0461933 9.40888
1487 0.00999081 0.0450385 9.50368
1488 0.00999099 0.0438838 9.58719
1489 0.00999118 0.042729 9.65916
1490 0.0213155 0.0263265 6.20775
1491 0.00999136 0.0415742 9.71926
1492 0.00999154 0.0404194 9.76718
1493 0.0210298 0.0253363 6.22004
1494 0.00999172 0.0392646 9.80259
1495 0.0206995 0.0243409 6.2323
1496 0.0099919 0.0381098 9.8252
1497 0.0203364 0.0233366 6.23904
1498 0.00999208 0.036955 9.83475
1499 0.0199267 0.0223398 6.2459
1500 0.00999226 0.0358002 9.83097
1501 0.00999244 0.0346454 9.81361
1502 0.0196807 0.0214286 6.19619
1503 0.00999262 0.0334906 9.78242
1504 0.0190235 0.020804 6.30836
1505 0.0099928 0.0323358 9.73717
1506 0.00999298 0.031181 9.67764
1507 0.018465 0.0200172 6.35065
1508 0.00999316 0.0300262 9.6036
1509 0.0179185 0.0192438 6.37749
1510 0.00999334 0.0288714 9.51487
1511 0.0173482 0.0184882 6.40067
1512 0.00999352 0.0277166 9.41125
1513 0.0169182 0.017779 6.38216
1514 0.0099937 0.0265618 9.29255
1515 0.00999388 0.025407 9.15861
1516 0.0161324 0.017421 6.51637
1517 0.00999406 0.0242522 9.00925
1518 0.0153463 0.0169252 6.61031
1519 0.00999425 0.0230975 8.84434
1520 0.00999443 0.0219427 8.66375
1521 0.0144912 0.0163529 6.6899
1522 0.00999461 0.0207879 8.4674
1523 0.013652 0.0157551 6.74405
1524 0.00999479 0.0196331 8.25531
1525 0.0127606 0.0152384 6.81131
1526 0.0100221 0.018467 8.02081
1527 0.0100186 0.0173087 7.77766
1528 0.0118632 0.0148035 6.8832
1529 0.00999283 0.0161387 7.52089
1530 0.0109534 0.014321 6.93078
1531 0.00997866 0.0149651 7.24795
1532 0.00999884 0.0138077 6.962
1533 0.0111646 0.061859 6.87459
1534 0.0110313 0.0594627 7.34756
1535 0.0120378 0.05637 7.57355
1536 0.0121848 0.0551479 7.72398
1537 0.0130557 0.0531437 7.75493
1538 0.0142582 0.0501102 7.78613
1539 0.0216314 0.0324208 6.37219
1540 0.0216844 0.0311235 6.33074
1541 0.0215988 0.0286565 6.26573
1542 0.0215322 0.0274854 6.21754
1543 0.0133633 0.0510155 7.95896
1544 0.0142647 0.0478953 8.06285
1545 0.0153487 0.0462341 7.88855
1546 0.0160221 0.0454361 7.74058
1547 0.0166059 0.0445668 7.62317
1548 0.0170382 0.0436947 7.55371
1549 0.0174754 0.042819 7.47607
1550 0.0179029 0.0419391 7.39529
1551 0.0182959 0.0410588 7.32026
1552 0.0186508 0.0401739 7.25258
1553 0.0189796 0.0392935 7.18705
1554 0.0193032 0.0384114 7.11611
1555 0.019651 0.0375207 7.02883
1556 0.0110692 0.0582722 7.54323
1557 0.0199495 0.0365037 6.95641
1558 0.0110801 0.0570759 7.74035
1559 0.020148 0.0354144 6.91238
1560 0.0110758 0.0558671 7.9357
1561 0.0110887 0.0547166 8.10937
1562 0.0203539 0.0342471 6.85343
1563 0.0110246 0.0536294 8.28715
1564 0.0110899 0.0524769 8.43138
1565 0.0111263 0.0513594 8.57064
1566 0.0110296 0.0502133 8.73942
1567 0.0109803 0.0490521 8.88731
1568 0.0110086 0.0479018 9.00436
1569 0.0110385 0.0467651 9.10978
1570 0.0110228 0.0456199 9.21697
1571 0.0109907 0.0444613 9.31784
1572 0.0109908 0.0433065 9.39905
1573 0.010995 0.0421503 9.46769
1574 0.0201761 0.026134 6.59009
1575 0.0109912 0.0409969 9.526
1576 0.0109914 0.0398421 9.57099
1577 0.019868 0.0251849 6.60321
1578 0.0109916 0.0386873 9.60318
1579 0.0195482 0.0241803 6.59958
1580 0.0109917 0.0375325 9.62234
1581 0.0191514 0.0231433 6.60094
1582 0.0109919 0.0363777 9.62821
1583 0.0186755 0.0220038 6.59506
1584 0.0109921 0.035223 9.62053
1585 0.0109923 0.0340682 9.59903
1586 0.0109925 0.0329134 9.56348
1587 0.0179092 0.0210504 6.68058
1588 0.0109926 0.0317586 9.51364
1589 0.0109928 0.0306038 9.4493
1590 0.0172885 0.0201797 6.71654
1591 0.010993 0.029449 9.37026
1592 0.0109932 0.0282942 9.27631
1593 0.0162491 0.0185014 6.69645
1594 0.0109934 0.0271394 9.16728
1595 0.0109935 0.0259846 9.04299
1596 0.0109937 0.0248298 8.90327
1597 0.0144195 0.0175982 6.96761
1598 0.0109939 0.023675 8.74796
1599 0.0109941 0.0225202 8.57695
1600 0.0109943 0.0213654 8.39014
1601 0.0134911 0.0169385 7.03701
1602 0.0109889 0.0202157 8.18946
1603 0.0127869 0.0162354 7.03081
1604 0.0110267 0.0190488 7.96196
1605 0.0118583 0.0160142 7.16417
1606 0.011083 0.0178706 7.71325
1607 0.0110222 0.0167032 7.47286
1608 0.0109394 0.0154984 7.21329
1609 0.0113276 0.060653 7.05047
1610 0.0121975 0.057669 7.30917
1611 0.0121628 0.0540161 7.90431
1612 0.0123475 0.0519671 8.14495
1613 0.0138069 0.0489802 8.08031
1614 0.0203394 0.0329419 6.86095
1615 0.0205893 0.030485 6.71753
1616 0.0205346 0.0292803 6.68552
1617 0.0205738 0.0270579 6.52886
1618 0.0130611 0.049918 8.19793
1619 0.0205941 0.0316749 6.7495
1620 0.0204779 0.0280715 6.6357
1621 0.0149028 0.0451077 8.1532
1622 0.0156303 0.0445171 7.96722
1623 0.0158984 0.0436443 7.95768
1624 0.0163071 0.0427996 7.89109
1625 0.0167556 0.0419533 7.80412
1626 0.0171837 0.041098 7.71779
1627 0.0175381 0.0402274 7.65154
1628 0.0178568 0.0393612 7.59072
1629 0.0181605 0.0384899 7.52831
1630 0.0184657 0.0376212 7.45783
1631 0.0189271 0.0368074 7.32136
1632 0.0189462 0.0358466 7.34123
1633 0.0191697 0.0347103 7.27959
1634 0.0121449 0.0507005 8.37233
1635 0.0119398 0.0495783 8.56964
1636 0.0119636 0.048449 8.69328
1637 0.0120938 0.0473385 8.77683
1638 0.0121089 0.0461997 8.88544
1639 0.0120052 0.0450284 9.01709
1640 0.0119663 0.043859 9.1191
1641 0.0119927 0.0427103 9.19099
1642 0.0120167 0.0415917 9.25033
1643 0.0190393 0.0260848 6.96414
1644 0.0120042 0.0404465 9.30836
1645 0.0119849 0.0392784 9.35594
1646 0.0187416 0.025039 6.95429
1647 0.0119914 0.0381101 9.38391
1648 0.0184548 0.0240415 6.93041
1649 0.0119916 0.0369553 9.3998
1650 0.0179853 0.0230133 6.94298
1651 0.0119918 0.0358005 9.40216
1652 0.0173769 0.0220773 6.99046
1653 0.0119919 0.0346457 9.3907
1654 0.0119921 0.0334909 9.36516
1655 0.0119923 0.0323361 9.32532
1656 0.0166566 0.0211535 7.05141
1657 0.0119925 0.0311813 9.27097
1658 0.0119927 0.0300265 9.2019
1659 0.0119928 0.0288717 9.11791
1660 0.011993 0.0277169 9.01881
1661 0.0119932 0.0265621 8.90443
1662 0.0119934 0.0254074 8.7746
1663 0.0119936 0.0242526 8.62917
1664 0.0134064 0.0182384 7.32551
1665 0.0119938 0.0230978 8.46799
1666 0.0119939 0.021943 8.29098
1667 0.0119811 0.0208016 8.10301
1668 0.0122301 0.0172293 7.36075
1669 0.0119633 0.019664 7.90118
1670 0.0121108 0.0184944 7.64544
1671 0.0119442 0.0530404 8.11151
1672 0.0141784 0.0459022 8.30749
1673 0.013064 0.0479655 8.43059
1674 0.0194389 0.0337004 7.18726
1675 0.0194196 0.0272488 6.94022
1676 0.0160457 0.0202305 7.0623
1677 0.0145567 0.0188228 7.17803
1678 0.0127705 0.0489768 8.40036
1679 0.0196262 0.0320204 7.10278
1680 0.0194676 0.029932 7.08982
1681 0.0194125 0.0286585 7.04046
1682 0.0147275 0.0438666 8.32322
1683 0.015115 0.042784 8.2874
1684 0.0155584 0.0419181 8.20865
1685 0.0160809 0.0411229 8.09137
1686 0.0164758 0.0402738 8.01275
1687 0.0167449 0.0394095 7.9705
1688 0.0170591 0.0385602 7.9054
1689 0.01736 0.0376116 7.8414
1690 0.0177564 0.0365058 7.7411
1691 0.0179343 0.035158 7.70311
1692 0.0130767 0.0455442 8.67491
1693 0.0129169 0.0443839 8.82141
1694 0.0129364 0.0432542 8.90273
1695 0.0130558 0.0421829 8.94201
1696 0.0130587 0.0410714 9.00538
1697 0.0178752 0.0258875 7.31144
1698 0.0129654 0.0398866 9.08479
1699 0.0129685 0.0386972 9.12483
1700 0.017576 0.0248281 7.28926
1701 0.0130257 0.0375252 9.13677
1702 0.0174223 0.0238864 7.22177
1703 0.0130502 0.0363668 9.14342
1704 0.0168128 0.0231213 7.29794
1705 0.0130416 0.0352132 9.14463
1706 0.0161573 0.022149 7.34019
1707 0.013014 0.0340615 9.13636
1708 0.012992 0.0329137 9.11246
1709 0.0129921 0.0317589 9.06843
1710 0.0129923 0.0306041 9.00963
1711 0.0129925 0.0294493 8.93587
1712 0.0129927 0.0282945 8.84698
1713 0.0129929 0.0271397 8.74279
1714 0.0129931 0.0259849 8.62309
1715 0.0129932 0.0248301 8.48777
1716 0.0129972 0.0236669 8.3347
1717 0.012851 0.0192137 7.63359
1718 0.0130142 0.0225124 8.16404
1719 0.0130006 0.0213678 7.98577
1720 0.0129471 0.0202348 7.80242
1721 0.0190737 0.0327997 7.30938
1722 0.0139299 0.0447781 8.49078
1723 0.0182471 0.0337747 7.6016
1724 0.0181119 0.026999 7.34117
1725 0.0152816 0.0212462 7.42965
1726 0.0182985 0.028158 7.37281
1727 0.0184002 0.0293943 7.41827
1728 0.0140172 0.0427936 8.62563
1729 0.0142506 0.0417555 8.62762
1730 0.0149517 0.0410178 8.45844
1731 0.0155756 0.0403563 8.30021
1732 0.0157078 0.0395271 8.30178
1733 0.0158937 0.0386146 8.28286
1734 0.0163561 0.0378361 8.16316
1735 0.0163538 0.036855 8.1919
1736 0.0165172 0.0355598 8.16167
1737 0.0139563 0.0405006 8.78335
1738 0.0167903 0.025608 7.60451
1739 0.0138598 0.0393123 8.86272
1740 0.0140177 0.0381132 8.85746
1741 0.0163178 0.0243957 7.60157
1742 0.0141179 0.0369339 8.85413
1743 0.0141218 0.0357701 8.86304
1744 0.015838 0.0231458 7.56765
1745 0.0140703 0.0346176 8.87249
1746 0.0140329 0.0334639 8.86336
1747 0.0140163 0.0323244 8.83465
1748 0.0139886 0.0311776 8.79393
1749 0.0139769 0.0300153 8.73315
1750 0.0139897 0.0288508 8.65067
1751 0.0139921 0.0276949 8.55599
1752 0.0139651 0.0265342 8.45242
1753 0.0139668 0.0253749 8.32613
1754 0.0139814 0.0242241 8.18194
1755 0.0140167 0.023093 8.0202
1756 0.0138164 0.019491 7.47514
1757 0.0140628 0.0219024 7.83119
1758 0.0139936 0.0207885 7.66551
1759 0.0148402 0.0200689 7.33921
1760 0.0184109 0.0306581 7.47544
1761 0.0186048 0.031733 7.44759
1762 0.0170736 0.0343101 7.98762
1763 0.0169621 0.0267153 7.66413
1764 0.0149694 0.0225074 7.70231
1765 0.0180794 0.0325484 7.64068
1766 0.0172868 0.0288732 7.73646
1767 0.0152353 0.037573 8.51993
1768 0.0152697 0.0363026 8.53328
1769 0.0157881 0.02544 7.86562
1770 0.014866 0.0387989 8.59099
1771 0.0149776 0.0247377 7.9992
1772 0.0151809 0.0351512 8.56591
1773 0.0150468 0.033997 8.59552
1774 0.0150711 0.0328751 8.56662
1775 0.0150204 0.0317444 8.54412
1776 0.0149453 0.0305939 8.5123
1777 0.0149599 0.0294215 8.43927
1778 0.0150131 0.0282397 8.33965
1779 0.014968 0.0270655 8.25028
1780 0.0148925 0.0259263 8.15605
1781 0.0150681 0.0237402 7.85012
1782 0.0170432 0.0278462 7.73652
1783 0.0174975 0.0301251 7.74343
1784 0.0160016 0.0344594 8.31996
1785 0.0159328 0.0264337 7.93023
1786 0.0173026 0.0315001 7.86405
1787 0.0161662 0.0334379 8.26041
1788 0.0161254 0.0322744 8.24619
1789 0.0159804 0.0311693 8.24898
1790 0.015796 0.0300043 8.24378
1791 0.016053 0.0287961 8.09551
1792 0.0160117 0.027526 8.00849
1793 0.0121055 0.062595 6.44951
1794 0.013328 0.0468361 8.47473
1795 0.00796772 0.0115018 6.64998
1796 0.00974486 0.0686326 5.89315
1797 0.0145544 0.0468887 8.08194
