1 6.12323e-19 -0.01 0.306599
2 4.08216e-19 0.00533333 0.474245
3 6.12323e-19 0.01 0.42202
4 4.08216e-19 0.0186667 0.250349
5 0.0058742 0.0151525 0.190519
6 0.00956943 -0.00290274 0.189967
7 0.00555552 0.00831481 0.2987
8 0 0.00452632 0.479766
9 0 0.0037193 0.484332
10 0 0.00291228 0.487508
11 0 0.00210526 0.489226
12 0 0.00129825 0.489423
13 0 0.000491228 0.488044
14 0 -0.000315789 0.485029
15 0 -0.00112281 0.480326
16 0 -0.00192982 0.473886
17 0 -0.00273684 0.465667
18 0 -0.00354386 0.455631
19 0 -0.00435088 0.443748
20 0 -0.00515789 0.429989
21 0 -0.00596491 0.414322
22 0 -0.00677193 0.396716
23 0 -0.00757895 0.377124
24 0 -0.00838596 0.355643
25 0 -0.00919298 0.332762
26 0.00977031 -0.00213099 0.18524
27 0.00990904 -0.00134569 0.181986
28 0.00998476 -0.000551828 0.18029
29 0.00999698 0.000245544 0.180228
30 0.00994563 0.00104135 0.181816
31 0.00983103 0.00183054 0.185052
32 0.0096539 0.00260809 0.18989
33 0.00941539 0.00336905 0.196287
34 0.00911699 0.00410858 0.204156
35 0.00876062 0.00482199 0.213438
36 0.00834853 0.00550473 0.224098
37 0.00788335 0.00615246 0.236225
38 0.00736803 0.00676107 0.250204
39 0.00680586 0.00732668 0.26765
40 0.00620041 0.00784569 0.292695
41 0.00506082 0.00766035 0.338809
42 0.00448947 0.00707161 0.371852
43 0.00385014 0.0065575 0.400656
44 0.0031525 0.0061258 0.425315
45 0.00240712 0.00578307 0.445199
46 0.00162529 0.00553449 0.459888
47 0.000818848 0.00538381 0.469415
48 0.000796832 -0.0099682 0.304207
49 0.00158859 -0.00987301 0.301465
50 0.00237025 -0.00971503 0.297422
51 0.00313684 -0.00949527 0.292012
52 0.00388348 -0.00921513 0.285371
53 0.00460542 -0.00887638 0.27764
54 0.00529808 -0.00848118 0.269011
55 0.00595704 -0.00803204 0.259706
56 0.00657811 -0.00753183 0.249956
57 0.00715736 -0.00698371 0.240013
58 0.00769108 -0.00639119 0.230127
59 0.0081759 -0.00575801 0.220554
60 0.00860871 -0.00508822 0.211519
61 0.00898679 -0.00438608 0.203278
62 0.00930771 -0.00365604 0.196029
63 0 0.00922222 0.432517
64 0 0.00844444 0.442338
65 0 0.00766667 0.451785
66 0 0.00688889 0.460415
67 0 0.00611111 0.467697
68 0.004837 0.00875234 0.330091
69 0.0040843 0.0091279 0.355197
70 0.00330268 0.00943887 0.37736
71 0.00249767 0.00968306 0.395157
72 0.00167501 0.00985872 0.408396
73 0.000840503 0.00996462 0.417065
74 0.00545527 0.015832 0.197902
75 0.00495825 0.0164565 0.206303
76 0.00439003 0.0170172 0.21512
77 0.00375886 0.0175059 0.223793
78 0.00307398 0.0179157 0.231751
79 0.00234485 0.0182407 0.238527
80 0.00158209 0.0184762 0.243738
81 0.000796861 0.0186189 0.247401
82 0.00595618 0.00900528 0.247015
83 0.00627137 0.00973849 0.216415
84 0.00649672 0.0105043 0.198579
85 0.00662892 0.0112916 0.187616
86 0.00666608 0.0120888 0.181705
87 0.00660767 0.012885 0.179675
88 0.00645452 0.0136684 0.180829
89 0.0062089 0.0144278 0.184618
90 0 0.0178788 0.271341
91 0 0.0170909 0.290701
92 0 0.016303 0.308585
93 0 0.0155152 0.325446
94 0 0.0147273 0.341456
95 0 0.0139394 0.356624
96 0 0.0131515 0.370989
97 0 0.0123636 0.38459
98 0 0.0115758 0.397477
99 0 0.0107879 0.409582
100 0.00483647 0.000967251 0.410655
101 0.00405193 0.00191573 0.431725
102 0.00474416 0.00177068 0.412328
103 0.00510471 0.00406297 0.38726
104 0.00254151 -0.0088898 0.320164
105 0.0018061 -0.00906232 0.324503
106 0.00100288 -0.00920649 0.327057
107 0.00326213 -0.00866499 0.314421
108 0.00394184 -0.0083921 0.307824
109 0.00459625 -0.00804939 0.300869
110 0.00521674 -0.00766445 0.293152
111 0.000675144 -0.00795312 0.364593
112 0.00581318 -0.00722822 0.284773
113 0.000702001 -0.00719125 0.383845
114 0.00637169 -0.00674422 0.276195
115 0.000698898 -0.00636842 0.402831
116 0.00688892 -0.006204 0.267872
117 0.000698898 -0.0055614 0.419443
118 0.00735669 -0.00563678 0.259672
119 0.000698898 -0.00475439 0.434131
120 0.00778782 -0.00502659 0.251537
121 0.000698898 -0.00394737 0.446931
122 0.00815678 -0.00440402 0.244241
123 0.000698898 -0.00314035 0.457867
124 0.0084826 -0.00374017 0.237544
125 0.000698898 -0.00233333 0.466966
126 0.00875231 -0.00305296 0.231894
127 0.000698898 -0.00152632 0.474263
128 0.00896973 -0.00232901 0.227315
129 0.000698898 -0.000719298 0.479796
130 0.009126 -0.00160318 0.224026
131 0.000698898 8.77193e-05 0.483609
132 0.00922971 -0.000861028 0.221776
133 0.000698898 0.000894737 0.485754
134 0.00926871 -0.000137729 0.22118
135 0.000698898 0.00170175 0.486291
136 0.00924884 0.000599766 0.222072
137 0.000698898 0.00250877 0.485287
138 0.00917629 0.0013266 0.22412
139 0.000698898 0.00331579 0.482771
140 0.00903576 0.00205829 0.228101
141 0.000698898 0.00412281 0.478843
142 0.00885187 0.00276597 0.232812
143 0.000580571 0.00480531 0.475244
144 0.0085982 0.00347249 0.239489
145 0.0082901 0.00414622 0.247595
146 0.00135669 0.00472321 0.469658
147 0.00793072 0.0048009 0.256859
148 0.00231597 0.00485827 0.455087
149 0.0075257 0.00541932 0.267392
150 0.00312017 0.00529504 0.434649
151 0.00705944 0.00602295 0.279902
152 0.00385315 0.00572027 0.410746
153 0.00652278 0.00665937 0.294438
154 0.00456524 0.00620811 0.381719
155 0.00581893 0.0073359 0.31546
156 0.00519206 0.00676065 0.350105
157 0.000620198 -0.00860523 0.346858
158 0.00198925 -0.0082517 0.345638
159 0.00268548 -0.00809511 0.340239
160 0.00131177 -0.00844942 0.34686
161 0.00334985 -0.00790309 0.333553
162 0.00395683 -0.00760911 0.328174
163 0.00455047 -0.00726999 0.321825
164 0.0051128 -0.006878 0.315191
165 0.00139016 -0.00766959 0.36722
166 0.00565461 -0.0064685 0.307273
167 0.00141852 -0.00684062 0.387256
168 0.00615385 -0.00599092 0.300018
169 0.00139204 -0.00599212 0.406054
170 0.00659455 -0.00547743 0.293522
171 0.00139168 -0.00515789 0.422235
172 0.00700691 -0.00493208 0.286691
173 0.00139168 -0.00435088 0.435948
174 0.00738165 -0.00436135 0.279895
175 0.00139168 -0.00354386 0.447775
176 0.00769759 -0.00375559 0.274318
177 0.00139168 -0.00273684 0.457741
178 0.00797706 -0.0031341 0.268834
179 0.00139168 -0.00192982 0.465878
180 0.0081992 -0.00248558 0.264623
181 0.00139168 -0.00112281 0.472219
182 0.00837658 -0.00182339 0.261038
183 0.00139168 -0.000315789 0.476805
184 0.00849064 -0.00114747 0.259074
185 0.00139168 0.000491228 0.479684
186 0.00856193 -0.000465214 0.25772
187 0.00139168 0.00129825 0.48091
188 0.00856863 0.000217004 0.258128
189 0.00139168 0.00210526 0.480545
190 0.00853005 0.000898831 0.259348
191 0.00143343 0.00294491 0.478085
192 0.00842505 0.0015744 0.26249
193 0.001397 0.0037905 0.474809
194 0.00827349 0.00224224 0.266545
195 0.0080848 0.00289529 0.2711
196 0.00782255 0.00354508 0.277888
197 0.00749281 0.00413663 0.287157
198 0.0019786 0.00417958 0.464983
199 0.00716585 0.00473533 0.294912
200 0.00313004 0.00443959 0.441734
201 0.006738 0.00531992 0.306468
202 0.00385668 0.00484261 0.419754
203 0.00626402 0.00587207 0.3196
204 0.00457391 0.00532205 0.392615
205 0.00584543 0.00648038 0.328238
206 0.00537373 0.00582946 0.357326
207 0.0021903 -0.00740007 0.365443
208 0.00335418 -0.00713504 0.352704
209 0.00390834 -0.0068471 0.347639
210 0.00445411 -0.00650873 0.341857
211 0.00493566 -0.00610935 0.337099
212 0.0055024 -0.00580071 0.325816
213 0.00207205 -0.00643206 0.389488
214 0.00584697 -0.00526576 0.324516
215 0.00207145 -0.00557109 0.407245
216 0.00625071 -0.00478589 0.318381
217 0.00208446 -0.00475439 0.421887
218 0.00661631 -0.00426876 0.312547
219 0.00208446 -0.00394737 0.434596
220 0.0069286 -0.00373574 0.307478
221 0.00208446 -0.00314035 0.445422
222 0.00719827 -0.00315724 0.303176
223 0.00208446 -0.00233333 0.454387
224 0.00743315 -0.002588 0.298839
225 0.00208446 -0.00152632 0.461521
226 0.00762095 -0.00197639 0.295505
227 0.00208446 -0.000719298 0.466861
228 0.00775299 -0.0013713 0.293316
229 0.00208446 8.77193e-05 0.470448
230 0.00784049 -0.000736816 0.291977
231 0.00208446 0.000894737 0.472331
232 0.00787512 -0.000117548 0.291792
233 0.00208446 0.00170175 0.472566
234 0.00786428 0.000515947 0.2925
235 0.00213483 0.00251164 0.470477
236 0.00779886 0.0011328 0.294578
237 0.0022253 0.00339229 0.465866
238 0.00767724 0.00175757 0.298077
239 0.0075008 0.00236234 0.303003
240 0.00741242 0.00300253 0.302322
241 0.00702195 0.00351946 0.315596
242 0.00669257 0.00407459 0.324499
243 0.00647563 0.00469892 0.32652
244 0.00379049 0.00395888 0.428944
245 0.00594958 0.00513078 0.343491
246 0.00522877 0.00486274 0.374826
247 0.00283461 -0.00741782 0.355205
248 0.00330601 -0.00634249 0.371656
249 0.0038752 -0.00618534 0.362826
250 0.00430554 -0.00573836 0.361662
251 0.00258244 0.0040624 0.455575
252 0.00447095 0.00439348 0.405547
253 0.00272983 -0.00593805 0.390505
254 0.0054596 -0.00460397 0.348528
255 0.00275863 -0.0051479 0.405186
256 0.00592963 -0.00419137 0.338888
257 0.00275399 -0.0043389 0.41885
258 0.00613916 -0.00362488 0.339276
259 0.00277724 -0.00354386 0.429942
260 0.00652439 -0.00318114 0.330067
261 0.00277724 -0.00273684 0.439736
262 0.00662903 -0.0026037 0.3321
263 0.00277724 -0.00192982 0.447658
264 0.0069535 -0.00210778 0.323196
265 0.00277724 -0.00112281 0.453745
266 0.00696606 -0.00152103 0.326844
267 0.00277724 -0.000315789 0.458025
268 0.0072047 -0.000975938 0.319451
269 0.00277724 0.000491228 0.460551
270 0.00712056 -0.000391838 0.325124
271 0.00277724 0.00129825 0.461368
272 0.00727117 0.000180643 0.319399
273 0.00280911 0.00204813 0.460064
274 0.00710663 0.000749222 0.326548
275 0.00290515 0.00284509 0.455872
276 0.00714765 0.00133796 0.323525
277 0.00688032 0.00192368 0.333049
278 0.006682 0.00269716 0.337201
279 0.00495447 -0.00521496 0.353858
280 0.00627451 0.00347127 0.348113
281 0.00586295 0.00424544 0.357365
282 0.00270863 -0.00673658 0.373592
283 0.00310235 0.00360957 0.447995
284 0.00454758 0.00343405 0.410881
285 0.00347864 -0.00553817 0.384659
286 0.00411895 -0.00501054 0.379756
287 0.00467518 -0.0044166 0.374986
288 0.00527641 -0.00370441 0.367569
289 0.00338682 -0.00470749 0.401257
290 0.00344609 -0.00392441 0.41215
291 0.00579954 -0.00282437 0.360686
292 0.00347338 -0.00316139 0.421604
293 0.00347859 -0.00234104 0.43039
294 0.00619708 -0.00187538 0.354876
295 0.00350241 -0.00154741 0.436631
296 0.00347002 -0.000719298 0.442457
297 0.00641902 -0.000868682 0.352294
298 0.00347002 8.77193e-05 0.445631
299 0.00347002 0.000894737 0.447028
300 0.00647282 0.00016347 0.352949
301 0.00345372 0.00162661 0.447165
302 0.00636808 0.00118973 0.356626
303 0.00605386 0.00211508 0.365799
304 0.00545169 0.00343489 0.38028
305 0.00371893 0.0031056 0.436165
306 0.00355693 0.0023765 0.443162
307 0.00591695 0.00285567 0.366861
308 0.00397407 -0.0043401 0.394115
309 0.00427206 -0.00358157 0.397854
310 0.00483309 -0.00279023 0.39175
311 0.00521967 -0.00204894 0.38703
312 0.00407518 -0.0027736 0.412172
313 0.00429402 -0.0020055 0.414186
314 0.00553952 -0.00120415 0.382374
315 0.00416042 -0.00112486 0.423827
316 0.0041628 -0.000315789 0.42763
317 0.00559745 -0.000307121 0.384277
318 0.0041628 0.000491228 0.429655
319 0.00412645 0.00125756 0.430847
320 0.00561678 0.000627998 0.385052
321 0.0054625 0.00159966 0.389288
322 0.00436446 0.00254305 0.421119
323 0.0051837 0.00254851 0.395388
324 0.00481065 -0.00141957 0.403936
325 0.00485627 -0.000696765 0.406653
326 0.00485273 0.000106355 0.409412
327 0.00150785 0.00773958 0.43858
328 0.00129551 0.00852606 0.431606
329 0.000587881 0.00863703 0.436878
330 0.000402809 0.00576025 0.468637
331 0.00372526 0.00734793 0.393896
332 0.00309005 0.00700912 0.416607
333 0.00241209 0.0066212 0.436433
334 0.00415061 0.00807181 0.369438
335 0.00179299 0.0063082 0.450218
336 0.000888892 0.0063159 0.460734
337 0.00346574 0.00865543 0.38355
338 0.00274073 0.00880827 0.40175
339 0.000790413 0.00726165 0.451639
340 0.00182833 0.0090842 0.416813
341 0.000693328 0.00801401 0.443782
342 0.000788063 0.00933873 0.426539
343 0.00311237 0.00793594 0.404419
344 0.00235416 0.00742217 0.428383
345 0.00161543 0.00696755 0.445941
346 0.00219284 0.00823491 0.421417
347 0.00382149 0.0122888 0.317352
348 0.00307105 0.0123947 0.339339
349 0.002051 0.0112579 0.381194
350 0.00129822 0.0114834 0.389372
351 0.00466233 0.0157031 0.231439
352 0.0041674 0.016253 0.238079
353 0.00504111 0.0150984 0.227382
354 0.00360476 0.0166803 0.24631
355 0.00538894 0.0144892 0.222215
356 0.0029893 0.0170668 0.253532
357 0.00565095 0.013824 0.219314
358 0.00233676 0.017399 0.259244
359 0.00582288 0.0131605 0.218891
360 0.00176181 0.0177008 0.260941
361 0.00592496 0.0124433 0.220836
362 0.000896489 0.0176535 0.271608
363 0.00593706 0.0117273 0.226522
364 0.00583195 0.0109817 0.238591
365 0.00580013 0.0102873 0.246001
366 0.0053866 0.00965937 0.279747
367 0.000773799 0.0167214 0.294702
368 0.000682323 0.0159091 0.313495
369 0.000682323 0.0151212 0.329952
370 0.000682323 0.0143333 0.345513
371 0.00385128 0.00995201 0.351365
372 0.000682323 0.0135455 0.360244
373 0.00307695 0.010235 0.372299
374 0.000676727 0.0127313 0.374668
375 0.00225281 0.0105027 0.388598
376 0.000654437 0.0118737 0.389192
377 0.0013852 0.0106951 0.400444
378 0.000605076 0.010862 0.405615
379 0.0046198 0.00972927 0.32269
380 0.00399599 0.0155935 0.256243
381 0.00428616 0.0150092 0.257363
382 0.00346341 0.0159198 0.265939
383 0.00457633 0.0144197 0.256816
384 0.00289161 0.0162874 0.272833
385 0.00497375 0.0139326 0.248128
386 0.00225558 0.0166489 0.277927
387 0.00504512 0.0133098 0.253941
388 0.00157087 0.0170418 0.279338
389 0.0052905 0.0127417 0.249847
390 0.00519037 0.0121236 0.262185
391 0.00514752 0.0113983 0.272794
392 0.00507083 0.0105425 0.287155
393 0.00147082 0.0162836 0.297833
394 0.00140279 0.0155 0.315433
395 0.0013652 0.0147273 0.331491
396 0.0013652 0.0139394 0.346532
397 0.00368947 0.0107639 0.344951
398 0.00140038 0.0131199 0.360863
399 0.00290122 0.0110526 0.364878
400 0.00132466 0.0123499 0.375004
401 0.001886 0.0119216 0.373621
402 0.00434765 0.010447 0.323888
403 0.00343919 0.0150984 0.282637
404 0.00425216 0.0136115 0.281769
405 0.00214534 0.0158748 0.296666
406 0.00450491 0.0126826 0.285811
407 0.00441713 0.0111658 0.310635
408 0.00208584 0.0151014 0.313526
409 0.00204807 0.0143333 0.329018
410 0.00210861 0.0135154 0.342841
411 0.00356646 0.0116224 0.336522
412 0.00217022 0.0126242 0.35714
413 0.00364135 0.0143467 0.290383
414 0.00279945 0.015481 0.291559
415 0.00443357 0.0118757 0.300009
416 0.00263117 0.0118262 0.359845
417 0.00365928 0.0129627 0.312605
418 0.00279011 0.0146771 0.307383
419 0.00280932 0.0139572 0.319999
420 0.00285894 0.0131631 0.332456
421 0.00343398 0.0136112 0.309003
