1 0 0 3.34181
2 -1.31814e-05 0.0843 2.79282
3 0.00145398 0.000383755 3.50522
4 0.00290796 0.000767511 3.58502
5 0.00436194 0.00115127 3.62292
6 0.00580542 0.00157128 3.64076
7 0.00723935 0.00202425 3.6484
8 0.00867327 0.00247723 3.63287
9 0.0101057 0.00293444 3.59094
10 0.011511 0.00346975 3.55572
11 0.0129163 0.00400505 3.49626
12 0.0143008 0.00458986 3.43076
13 0.0156682 0.00521555 3.35808
14 0.0170338 0.0058449 3.25738
15 0.0183598 0.00655418 3.15853
16 0.0196515 0.00732349 3.05599
17 0.0209111 0.00814389 2.94524
18 0.0221353 0.00901624 2.82405
19 0.0233014 0.00996451 2.7044
20 0.0244063 0.0109839 2.58708
21 0.0254507 0.0120649 2.46835
22 0.026414 0.0132187 2.35905
23 0.0273025 0.0144315 2.25551
24 0.0281059 0.015702 2.16297
25 0.0288241 0.0170229 2.08309
26 0.0294652 0.0183827 2.01294
27 0.0300347 0.0197739 1.95057
28 0.0305352 0.0211914 1.89525
29 0.0309674 0.0226313 1.84709
30 0.0313341 0.0240893 1.80497
31 0.031634 0.0255625 1.76946
32 0.0318663 0.0270478 1.74096
33 0.0320277 0.0285425 1.72085
34 0.0321152 0.0300433 1.71045
35 0.0321258 0.0315467 1.7111
36 0.0320565 0.0330484 1.72418
37 0.0319072 0.0345444 1.74985
38 0.0316773 0.0360301 1.78874
39 0.0313712 0.0375021 1.83918
40 0.0309916 0.0389569 1.90077
41 0.0305466 0.040393 1.97047
42 0.0300417 0.0418092 2.04708
43 0.0294864 0.0432066 2.12735
44 0.0288878 0.0445859 2.20976
45 0.0282551 0.0459499 2.29139
46 0.0275956 0.0473013 2.37071
47 0.0269175 0.0486435 2.44563
48 0.0262282 0.04998 2.51439
49 0.0255352 0.0513146 2.57539
50 0.024846 0.0526511 2.62682
51 0.0241682 0.0539934 2.66688
52 0.0235091 0.055345 2.69413
53 0.0228779 0.0567099 2.70583
54 0.0222818 0.0580905 2.70089
55 0.0217306 0.0594895 2.67684
56 0.0212259 0.060906 2.6358
57 0.0207751 0.0623405 2.57588
58 0.020373 0.0637895 2.50239
59 0.0200202 0.0652512 2.41547
60 0.019697 0.0667198 2.32613
61 0.0193903 0.0681919 2.23801
62 0.0190668 0.0696604 2.16467
63 0.0186921 0.0711166 2.11549
64 0.0182242 0.0725448 2.10205
65 0.0176169 0.07392 2.13475
66 0.0168718 0.0752244 2.20158
67 0.015943 0.0764058 2.31509
68 0.0149078 0.0774954 2.42931
69 0.0137551 0.0784598 2.55569
70 0.0125067 0.0792978 2.68374
71 0.0112177 0.0800706 2.7867
72 0.0098908 0.0807761 2.87215
73 0.00852814 0.0814117 2.94304
74 0.00712256 0.0819462 3.00787
75 0.00571697 0.0824807 3.03203
76 0.00431062 0.0830129 3.02483
77 0.00286935 0.0834419 3.01194
78 0.00142808 0.083871 2.94803
79 -1.29461e-05 0.0827946 3.27399
80 -1.27107e-05 0.0812893 3.73658
81 -1.24753e-05 0.0797839 4.18114
82 -1.22399e-05 0.0782786 4.60541
83 -1.20045e-05 0.0767732 5.00851
84 -1.17691e-05 0.0752679 5.39491
85 -1.15338e-05 0.0737625 5.7694
86 -1.12984e-05 0.0722571 6.13542
87 -1.1063e-05 0.0707518 6.49415
88 -1.08276e-05 0.0692464 6.84443
89 -1.05922e-05 0.0677411 7.18415
90 -1.03569e-05 0.0662357 7.51148
91 -1.01215e-05 0.0647304 7.82526
92 -9.88609e-06 0.063225 8.12488
93 -9.6507e-06 0.0617196 8.41003
94 -9.41532e-06 0.0602143 8.68051
95 -9.17994e-06 0.0587089 8.93614
96 -8.94455e-06 0.0572036 9.17673
97 -8.70917e-06 0.0556982 9.40202
98 -8.47379e-06 0.0541929 9.61171
99 -8.2384e-06 0.0526875 9.80542
100 -8.00302e-06 0.0511821 9.98275
101 -7.76764e-06 0.0496768 10.1432
102 -7.53226e-06 0.0481714 10.2864
103 -7.29687e-06 0.0466661 10.4116
104 -7.06149e-06 0.0451607 10.5185
105 -6.82611e-06 0.0436554 10.6064
106 -6.59072e-06 0.04215 10.6749
107 -6.35534e-06 0.0406446 10.7232
108 -6.11996e-06 0.0391393 10.7509
109 -5.88457e-06 0.0376339 10.7575
110 -5.64919e-06 0.0361286 10.7423
111 -5.41381e-06 0.0346232 10.705
112 -5.17843e-06 0.0331179 10.6449
113 -4.94304e-06 0.0316125 10.5617
114 -4.70766e-06 0.0301071 10.4548
115 -4.47228e-06 0.0286018 10.3239
116 -4.23689e-06 0.0270964 10.1685
117 -4.00151e-06 0.0255911 9.98824
118 -3.76613e-06 0.0240857 9.78284
119 -3.53074e-06 0.0225804 9.55202
120 -3.29536e-06 0.021075 9.29557
121 -3.05998e-06 0.0195696 9.01345
122 -2.8246e-06 0.0180643 8.70586
123 -2.58921e-06 0.0165589 8.37342
124 -2.35383e-06 0.0150536 8.01747
125 -2.11845e-06 0.0135482 7.64019
126 -1.88306e-06 0.0120429 7.24426
127 -1.64768e-06 0.0105375 6.83161
128 -1.4123e-06 0.00903214 6.40196
129 -1.17691e-06 0.00752679 5.95273
130 -9.41532e-07 0.00602143 5.48056
131 -7.06149e-07 0.00451607 4.98263
132 -4.70766e-07 0.00301071 4.45835
133 -2.35383e-07 0.00150536 3.91044
134 0.0156832 0.0315843 8.34037
135 0.0155569 0.0300035 8.30051
136 0.0154277 0.028502 8.2369
137 0.0153059 0.0341746 8.51269
138 0.010337 0.0706495 5.3137
139 0.0133917 0.0768838 3.07379
140 0.0122982 0.0777205 3.17138
141 0.0143821 0.0759369 2.98796
142 0.0111045 0.0784578 3.2764
143 0.0152951 0.0749809 2.88484
144 0.00985471 0.0791543 3.36257
145 0.0160907 0.0738491 2.81993
146 0.00858857 0.0798203 3.41948
147 0.01668 0.0726346 2.81978
148 0.00729128 0.0804049 3.46558
149 0.0171717 0.0713437 2.84905
150 0.00589638 0.0809245 3.50636
151 0.0175775 0.0699867 2.91061
152 0.00443674 0.0814159 3.52376
153 0.0179354 0.0685896 2.99013
154 0.00286629 0.0817823 3.54305
155 0.0182658 0.0671857 3.07892
156 0.00144704 0.0822631 3.46069
157 0.0185944 0.065704 3.18381
158 0.0189432 0.0642136 3.28488
159 0.0193354 0.0627234 3.3706
160 0.0197721 0.061244 3.43977
161 0.0015934 0.0806169 3.95808
162 0.0202614 0.0597813 3.48697
163 0.00128116 0.0790034 4.42322
164 0.0208032 0.0583355 3.51151
165 0.00127416 0.0775089 4.82969
166 0.0213894 0.0569094 3.51602
167 0.00129179 0.0760207 5.21553
168 0.0220119 0.0555078 3.50182
169 0.00129203 0.0745154 5.59193
170 0.022673 0.0541026 3.47149
171 0.00129226 0.07301 5.9597
172 0.0233437 0.0527518 3.42438
173 0.0012925 0.0715047 6.32226
174 0.02403 0.0513966 3.36797
175 0.00129273 0.0699993 6.67868
176 0.0247222 0.0500562 3.29992
177 0.00129297 0.068494 7.02572
178 0.0254069 0.0487269 3.22539
179 0.0012932 0.0669886 7.36064
180 0.0260852 0.047392 3.14454
181 0.00129344 0.0654832 7.68196
182 0.0267443 0.0460629 3.059
183 0.00129367 0.0639779 7.98904
184 0.0273745 0.04473 2.97317
185 0.00129391 0.0624725 8.28162
186 0.0279815 0.0433792 2.88416
187 0.00129414 0.0609672 8.55957
188 0.0285226 0.0420368 2.80727
189 0.00129438 0.0594618 8.82277
190 0.0290172 0.0406765 2.73492
191 0.00129462 0.0579565 9.07107
192 0.0294676 0.0393025 2.66356
193 0.00129485 0.0564511 9.30425
194 0.0298594 0.0379121 2.5993
195 0.00129509 0.0549457 9.52203
196 0.0301849 0.0365115 2.54428
197 0.00129532 0.0534404 9.72407
198 0.0304408 0.0350965 2.49962
199 0.00129556 0.051935 9.90998
200 0.0306201 0.033675 2.46774
201 0.00129579 0.0504297 10.0793
202 0.0307256 0.0322445 2.44698
203 0.00129603 0.0489243 10.2316
204 0.0307564 0.0308121 2.43732
205 0.00129626 0.047419 10.3662
206 0.0307103 0.0293782 2.43973
207 0.0012965 0.0459136 10.4828
208 0.0305944 0.0279486 2.45066
209 0.00129673 0.0444082 10.5807
210 0.0304112 0.0265238 2.46885
211 0.00129697 0.0429029 10.6593
212 0.0301577 0.0251091 2.49586
213 0.0012972 0.0413975 10.7182
214 0.0298372 0.023708 2.5302
215 0.00129744 0.0398922 10.7567
216 0.0294554 0.0223245 2.56908
217 0.00129768 0.0383868 10.7744
218 0.0290114 0.0209613 2.61281
219 0.00129791 0.0368815 10.7705
220 0.0285038 0.0196242 2.66212
221 0.00129815 0.0353761 10.7447
222 0.0279276 0.018317 2.71897
223 0.00129838 0.0338707 10.6965
224 0.0272758 0.0170517 2.78706
225 0.00129862 0.0323654 10.6252
226 0.0265646 0.0158276 2.85757
227 0.00129885 0.03086 10.5306
228 0.0257746 0.0146574 2.93957
229 0.00129909 0.0293547 10.412
230 0.0249006 0.0135322 3.03175
231 0.00129932 0.0278493 10.2692
232 0.0239442 0.0124837 3.13851
233 0.00129956 0.026344 10.1017
234 0.022919 0.0115092 3.25386
235 0.00129979 0.0248386 9.9091
236 0.0218397 0.0105771 3.36459
237 0.00130003 0.0233332 9.69119
238 0.020711 0.00971038 3.47476
239 0.00130026 0.0218279 9.44767
240 0.0195198 0.0089137 3.59064
241 0.0013005 0.0203225 9.17833
242 0.0182914 0.00815685 3.69728
243 0.00130074 0.0188172 8.88313
244 0.0170444 0.00742776 3.78642
245 0.00130097 0.0173118 8.56226
246 0.0157677 0.00677297 3.8757
247 0.00130121 0.0158065 8.21644
248 0.0144294 0.00617568 3.96906
249 0.00130144 0.0143011 7.84739
250 0.0130875 0.00559654 4.04243
251 0.00130168 0.0127957 7.45825
252 0.0117014 0.0050162 4.09631
253 0.00130191 0.0112904 7.05293
254 0.0103372 0.00448207 4.13641
255 0.00130215 0.00978503 6.63331
256 0.00894809 0.00401055 4.17701
257 0.00130238 0.00827967 6.19709
258 0.00753655 0.00358736 4.21131
259 0.00131725 0.00671041 5.71992
260 0.00612967 0.0031553 4.21549
261 0.00134628 0.00512579 5.21057
262 0.00469888 0.0027197 4.19407
263 0.00149057 0.00348171 4.64981
264 0.003035 0.00257238 4.26413
265 0.00148591 0.00197798 4.1074
266 0.0120476 0.0762651 3.61059
267 0.0130226 0.0754239 3.53936
268 0.0109755 0.0769721 3.70376
269 0.0138718 0.0745309 3.48217
270 0.00982852 0.0776713 3.77872
271 0.0147891 0.0737744 3.33283
272 0.00861862 0.0783105 3.84504
273 0.0152378 0.072675 3.40272
274 0.00737402 0.0788884 3.89691
275 0.0157253 0.0715178 3.44564
276 0.00609618 0.0794408 3.9239
277 0.0161088 0.0702565 3.53452
278 0.00476613 0.0799857 3.92274
279 0.0164774 0.0689324 3.62777
280 0.00323103 0.0805292 3.89787
281 0.0168241 0.0675529 3.73088
282 0.0171602 0.0661235 3.84253
283 0.0174998 0.0646408 3.96052
284 0.0178744 0.0631209 4.06958
285 0.0182955 0.0616 4.15876
286 0.0187676 0.0600897 4.22414
287 0.0192982 0.0585959 4.26085
288 0.00253948 0.078215 4.59633
289 0.0198743 0.0571254 4.27363
290 0.00257968 0.0767736 4.97683
291 0.0205004 0.0556736 4.26032
292 0.00258612 0.0752773 5.35634
293 0.0211556 0.0542481 4.22855
294 0.00259396 0.0737629 5.72838
295 0.021841 0.0528476 4.17623
296 0.0025942 0.0722576 6.09222
297 0.0225191 0.0514829 4.11776
298 0.00259443 0.0707522 6.45119
299 0.0232179 0.0501283 4.04242
300 0.00259467 0.0692468 6.8027
301 0.0239119 0.0487978 3.95779
302 0.00259491 0.0677415 7.14345
303 0.0245892 0.0474716 3.87139
304 0.00259514 0.0662361 7.4713
305 0.0252586 0.0461541 3.77598
306 0.00259538 0.0647308 7.78529
307 0.0258971 0.0448469 3.68063
308 0.00259561 0.0632254 8.08501
309 0.0264797 0.0435364 3.59757
310 0.00259585 0.0617201 8.37029
311 0.0270244 0.0422268 3.51581
312 0.00259608 0.0602147 8.64103
313 0.0275312 0.0409109 3.43503
314 0.00259632 0.0587093 8.89709
315 0.0279889 0.0395887 3.3592
316 0.00259655 0.057204 9.13827
317 0.0283914 0.0382583 3.29019
318 0.00259679 0.0556986 9.36432
319 0.0287338 0.0369209 3.22935
320 0.00259702 0.0541933 9.57492
321 0.0290112 0.0355741 3.17831
322 0.00259726 0.0526879 9.76968
323 0.0292186 0.0342213 3.13867
324 0.00259749 0.0511826 9.94816
325 0.0293557 0.0328618 3.11006
326 0.00259773 0.0496772 10.1099
327 0.0294178 0.0314978 3.09426
328 0.00259797 0.0481718 10.2543
329 0.0294106 0.0301317 3.08812
330 0.0025982 0.0466665 10.381
331 0.0293341 0.0287654 3.09149
332 0.00259844 0.0451611 10.4892
333 0.0291947 0.027403 3.10104
334 0.00259867 0.0436558 10.5786
335 0.0289866 0.0260459 3.11935
336 0.00259891 0.0421504 10.6484
337 0.0287135 0.0246996 3.14462
338 0.00259914 0.0406451 10.6981
339 0.0283734 0.0233695 3.17783
340 0.00259938 0.0391397 10.7272
341 0.0279793 0.0220579 3.21303
342 0.00259961 0.0376343 10.7351
343 0.027529 0.0207708 3.25129
344 0.00259985 0.036129 10.7213
345 0.0270259 0.0195111 3.29119
346 0.00260008 0.0346236 10.6852
347 0.0264447 0.0182865 3.34372
348 0.00260032 0.0331183 10.6263
349 0.0257794 0.0171132 3.41252
350 0.00260055 0.0316129 10.5442
351 0.0250745 0.0159895 3.47878
352 0.00260079 0.0301076 10.4384
353 0.0243508 0.0148812 3.52795
354 0.00260103 0.0286022 10.3085
355 0.0234627 0.0138483 3.62451
356 0.00260126 0.0270968 10.154
357 0.0225164 0.012933 3.7383
358 0.0026015 0.0255915 9.97462
359 0.0215248 0.0120267 3.84051
360 0.00260173 0.0240861 9.76998
361 0.0204683 0.0111799 3.94835
362 0.00260197 0.0225808 9.53979
363 0.0193607 0.0103917 4.0575
364 0.0026022 0.0210754 9.2838
365 0.0182066 0.00964229 4.1616
366 0.00260244 0.0195701 9.00187
367 0.0170148 0.00893185 4.25819
368 0.00260267 0.0180647 8.69402
369 0.0157903 0.00827572 4.35061
370 0.00260291 0.0165593 8.36067
371 0.0145275 0.00766656 4.43879
372 0.00260314 0.015054 8.0029
373 0.0132256 0.00707997 4.51577
374 0.00260338 0.0135486 7.62312
375 0.0118966 0.00651649 4.57886
376 0.00260361 0.0120433 7.22519
377 0.0105504 0.00598494 4.62937
378 0.00258733 0.0105127 6.80627
379 0.00918378 0.00551002 4.67614
380 0.00258393 0.00898029 6.37094
381 0.00779526 0.00509542 4.72015
382 0.00261283 0.00743866 5.91172
383 0.00640961 0.00467528 4.73482
384 0.00262297 0.00586327 5.41673
385 0.00508262 0.00418478 4.69184
386 0.00261218 0.00418973 4.8585
387 0.00248197 0.0794929 4.24278
388 0.011845 0.0749832 3.97261
389 0.0108034 0.0754739 4.11954
390 0.0125178 0.0739854 4.01945
391 0.00976668 0.0762029 4.17247
392 0.0135813 0.0728882 3.9389
393 0.00862811 0.0768794 4.22587
394 0.00743383 0.0773898 4.29833
395 0.00621047 0.0779274 4.33292
396 0.0146442 0.0705148 4.05985
397 0.00499354 0.0784842 4.32676
398 0.0150058 0.0692459 4.17255
399 0.0153758 0.0678933 4.28601
400 0.0157232 0.0665158 4.4042
401 0.0160604 0.0650457 4.53776
402 0.016414 0.0635386 4.66728
403 0.0168063 0.0619957 4.78425
404 0.0172539 0.0604379 4.87783
405 0.0177634 0.0588959 4.9391
406 0.0183322 0.0573769 4.96745
407 0.00379985 0.0775971 4.67967
408 0.0189506 0.0558847 4.96619
409 0.00384885 0.0760847 5.06906
410 0.0196127 0.0544153 4.93818
411 0.00388443 0.0745494 5.44844
412 0.0203 0.0529754 4.88995
413 0.00389891 0.0730448 5.81158
414 0.0210057 0.0515817 4.82037
415 0.00390444 0.0715275 6.17301
416 0.0217029 0.0502043 4.74619
417 0.00389637 0.0699997 6.53265
418 0.0224129 0.0488621 4.65275
419 0.00389661 0.0684944 6.87766
420 0.0230987 0.0475465 4.55736
421 0.00389684 0.066989 7.21114
422 0.023776 0.0462297 4.45584
423 0.00389708 0.0654836 7.53149
424 0.0243886 0.0449506 4.36644
425 0.00389731 0.0639783 7.838
426 0.0249833 0.0436645 4.27317
427 0.00389755 0.0624729 8.13041
428 0.0255341 0.0423844 4.18469
429 0.00389778 0.0609676 8.40856
430 0.0260535 0.0411056 4.09493
431 0.00389802 0.0594622 8.67234
432 0.0265204 0.0398276 4.01241
433 0.00389825 0.0579569 8.92157
434 0.0269343 0.0385488 3.93678
435 0.00389849 0.0564515 9.15603
436 0.0272922 0.0372687 3.86869
437 0.00389873 0.0549461 9.37539
438 0.027589 0.0359854 3.81008
439 0.00389896 0.0534408 9.57927
440 0.0278199 0.0346991 3.76255
441 0.0038992 0.0519354 9.76723
442 0.0279833 0.0334097 3.72638
443 0.00389943 0.0504301 9.9388
444 0.0280766 0.0321169 3.70234
445 0.00389967 0.0489247 10.0934
446 0.0281034 0.0308188 3.68832
447 0.0038999 0.0474194 10.2306
448 0.028066 0.0295181 3.6829
449 0.00390014 0.045914 10.3497
450 0.0279634 0.0282169 3.686
451 0.00390037 0.0444086 10.4502
452 0.0277969 0.0269194 3.69677
453 0.00390061 0.0429033 10.5315
454 0.0275667 0.0256304 3.7149
455 0.00390084 0.0413979 10.5929
456 0.027273 0.0243533 3.74008
457 0.00390108 0.0398926 10.634
458 0.0269209 0.0230906 3.76987
459 0.00390131 0.0383872 10.6541
460 0.0265149 0.0218501 3.80261
461 0.00390155 0.0368819 10.6527
462 0.0260708 0.0206372 3.83221
463 0.00390179 0.0353765 10.6292
464 0.0256038 0.0194526 3.85278
465 0.00390202 0.0338711 10.5832
466 0.0249941 0.0183089 3.91227
467 0.00390226 0.0323658 10.5141
468 0.0242906 0.017257 3.99824
469 0.00390249 0.0308604 10.4215
470 0.0236364 0.0161958 4.04106
471 0.00390273 0.0293551 10.3049
472 0.0230608 0.0150714 4.01959
473 0.00390296 0.0278497 10.1638
474 0.0220307 0.0143306 4.20871
475 0.0039032 0.0263444 9.998
476 0.0211759 0.0134306 4.28086
477 0.00390343 0.024839 9.80697
478 0.0201877 0.0125833 4.38075
479 0.00390367 0.0233336 9.59045
480 0.0191462 0.0118476 4.49749
481 0.0039039 0.0218283 9.34814
482 0.0180746 0.0111087 4.59638
483 0.00390414 0.0203229 9.07984
484 0.0169494 0.010396 4.69012
485 0.00390437 0.0188176 8.78547
486 0.0157774 0.00974818 4.78699
487 0.00390461 0.0173122 8.46523
488 0.0145675 0.00915103 4.88131
489 0.00390485 0.0158069 8.11984
490 0.0133199 0.00856886 4.96252
491 0.00392805 0.0142772 7.74353
492 0.0120449 0.00799921 5.02721
493 0.00394546 0.0127377 7.34432
494 0.0107559 0.00745497 5.07666
495 0.00391186 0.0112091 6.93458
496 0.00943069 0.00697358 5.12635
497 0.00382274 0.00970663 6.52035
498 0.00806316 0.00657725 5.18366
499 0.0038853 0.00817824 6.07211
500 0.00664704 0.00623477 5.23712
501 0.00396944 0.00666008 5.60141
502 0.00524211 0.0057534 5.21388
503 0.00387893 0.00510419 5.10033
504 0.00385457 0.00373913 4.62954
505 0.0144005 0.0717445 3.89724
506 0.0037802 0.0790683 4.27793
507 0.0108726 0.0738426 4.48783
508 0.00954231 0.0746661 4.59552
509 0.00866169 0.0755886 4.54463
510 0.00749484 0.075913 4.66933
511 0.00628793 0.0763957 4.72608
512 0.00504484 0.0769771 4.72646
513 0.0135005 0.0696082 4.63274
514 0.0139294 0.068255 4.75054
515 0.0142848 0.0668678 4.88921
516 0.0146191 0.0654445 5.03409
517 0.0149622 0.063955 5.18117
518 0.015322 0.0624229 5.32391
519 0.0157304 0.0608324 5.45268
520 0.0162074 0.0592333 5.54947
521 0.0167627 0.0576601 5.60301
522 0.0173773 0.0561178 5.61971
523 0.0180384 0.0546122 5.60365
524 0.00512736 0.075427 5.11231
525 0.0187331 0.0531438 5.56006
526 0.00518823 0.0738847 5.48197
527 0.0194518 0.0517043 5.49418
528 0.00521722 0.0723319 5.84791
529 0.0201751 0.0502961 5.41352
530 0.00520881 0.0707799 6.21268
531 0.0209012 0.0489213 5.31784
532 0.00519831 0.0692472 6.5671
533 0.0216114 0.0476078 5.21032
534 0.00519854 0.0677419 6.9046
535 0.0222911 0.0462984 5.10552
536 0.00519878 0.0662365 7.23035
537 0.0229022 0.0450338 5.01323
538 0.00519902 0.0647312 7.54305
539 0.0234984 0.0437685 4.91566
540 0.00519925 0.0632258 7.84219
541 0.0240559 0.0425108 4.82104
542 0.00519949 0.0617205 8.1275
543 0.0245749 0.041263 4.72819
544 0.00519972 0.0602151 8.39883
545 0.0250525 0.0400225 4.6381
546 0.00519996 0.0587097 8.65604
547 0.0254807 0.0387877 4.55391
548 0.00520019 0.0572044 8.89894
549 0.0258518 0.0375568 4.47868
550 0.00520043 0.055699 9.1272
551 0.0261703 0.0363329 4.40985
552 0.00520066 0.0541937 9.34042
553 0.0264226 0.0351084 4.35374
554 0.0052009 0.0526883 9.53817
555 0.0266078 0.033886 4.31002
556 0.00520113 0.051183 9.71994
557 0.0267239 0.0326647 4.27948
558 0.00520137 0.0496776 9.88519
559 0.0267835 0.031439 4.25637
560 0.0052016 0.0481722 10.0333
561 0.0267792 0.0302065 4.24331
562 0.00520184 0.0466669 10.1638
563 0.0267166 0.0289712 4.23733
564 0.00520208 0.0451615 10.2759
565 0.0265852 0.0277348 4.24225
566 0.00520231 0.0436562 10.3691
567 0.0263981 0.0265034 4.25226
568 0.00520255 0.0421508 10.4429
569 0.0261461 0.0252794 4.27069
570 0.00520278 0.0406455 10.4964
571 0.02584 0.0240658 4.29277
572 0.00520302 0.0391401 10.5293
573 0.0254652 0.0228667 4.32399
574 0.00520325 0.0376347 10.5409
575 0.0250536 0.0216924 4.3524
576 0.00520349 0.0361294 10.5306
577 0.0246321 0.0205473 4.36827
578 0.00520372 0.034624 10.4979
579 0.0243387 0.0193772 4.31338
580 0.00520396 0.0331187 10.4423
581 0.0235204 0.018519 4.47735
582 0.00520419 0.0316133 10.3633
583 0.0227563 0.0173494 4.5481
584 0.00520443 0.030108 10.2605
585 0.0101629 0.0616447 7.17857
586 0.00520466 0.0286026 10.1333
587 0.0102851 0.069303 5.61092
588 0.0052049 0.0270972 9.98144
589 0.0207235 0.0148603 4.72729
590 0.00520514 0.0255919 9.80444
591 0.019993 0.0138402 4.72462
592 0.00520537 0.0240865 9.60198
593 0.0188933 0.0132896 4.91211
594 0.00520561 0.0225812 9.37374
595 0.0178798 0.0125785 5.01523
596 0.00520584 0.0210758 9.11946
597 0.0168516 0.0118323 5.08985
598 0.00520608 0.0195705 8.83899
599 0.0157341 0.0111737 5.18423
600 0.00520631 0.0180651 8.53237
601 0.0145666 0.0106238 5.29496
602 0.00520655 0.0165597 8.20006
603 0.0133651 0.0100557 5.38397
604 0.00524855 0.0150097 7.82901
605 0.0121392 0.00948569 5.45246
606 0.00528472 0.0134542 7.43427
607 0.0109047 0.00893057 5.5021
608 0.00530811 0.0118722 7.01491
609 0.00966962 0.00840385 5.53565
610 0.00517814 0.0103399 6.60521
611 0.00835479 0.00797978 5.58759
612 0.00490685 0.00896771 6.23378
613 0.00701982 0.00775885 5.67912
614 0.00544031 0.00750968 5.75778
615 0.0120289 0.0725663 4.4691
616 0.0130523 0.0711625 4.46481
617 0.00929755 0.0731672 4.994
618 0.00787818 0.0742418 5.01427
619 0.00643816 0.0748017 5.10296
620 0.0125009 0.0684923 5.1648
621 0.0128658 0.0671886 5.30735
622 0.0131766 0.0658439 5.46618
623 0.0135043 0.0644099 5.62849
624 0.0138497 0.0628984 5.79099
625 0.0142154 0.0612843 5.95693
626 0.0146373 0.0596358 6.09974
627 0.0151634 0.0579846 6.19333
628 0.0157733 0.0563825 6.23466
629 0.0164394 0.054819 6.23631
630 0.0171464 0.0533063 6.20253
631 0.0178781 0.0518419 6.14059
632 0.00653968 0.07322 5.46581
633 0.0186244 0.0504066 6.05814
634 0.00652837 0.0716145 5.84073
635 0.0193691 0.0490044 5.96104
636 0.00649918 0.0700486 6.2042
637 0.0200889 0.0476721 5.85369
638 0.00650025 0.0684948 6.55388
639 0.0207699 0.0463751 5.7472
640 0.00650048 0.0669894 6.88332
641 0.021403 0.0451103 5.6457
642 0.00650072 0.0654841 7.20116
643 0.0220119 0.0438532 5.54187
644 0.00650692 0.0639951 7.50205
645 0.0225766 0.0426132 5.44244
646 0.00648975 0.0624874 7.79741
647 0.0231004 0.041385 5.34606
648 0.00648071 0.0609712 8.07949
649 0.0235846 0.0401737 5.25138
650 0.00650166 0.0594626 8.34177
651 0.0240316 0.0389796 5.15716
652 0.00650189 0.0579573 8.59305
653 0.0244166 0.0377932 5.07463
654 0.00650213 0.0564519 8.83029
655 0.024738 0.03661 5.00436
656 0.00650237 0.0549466 9.05303
657 0.0250393 0.0354554 4.92662
658 0.0065026 0.0534412 9.26078
659 0.0252362 0.0342757 4.87964
660 0.00650284 0.0519358 9.45311
661 0.0253711 0.0331502 4.84243
662 0.00650307 0.0504305 9.62941
663 0.0254513 0.0319786 4.81436
664 0.00650331 0.0489251 9.78899
665 0.025477 0.0308381 4.79343
666 0.00650354 0.0474198 9.93127
667 0.025453 0.0296487 4.77704
668 0.00650378 0.0459144 10.0556
669 0.0253626 0.0284959 4.77243
670 0.00650401 0.0444091 10.1614
671 0.0252064 0.0273057 4.77668
672 0.00650425 0.0429037 10.2479
673 0.0250026 0.02616 4.78519
674 0.00650448 0.0413983 10.3146
675 0.0247331 0.0249772 4.80012
676 0.00650472 0.039893 10.3608
677 0.0244123 0.0238444 4.82096
678 0.00650495 0.0383876 10.3859
679 0.0240033 0.022662 4.85211
680 0.00650519 0.0368823 10.3894
681 0.0235286 0.0214683 4.88548
682 0.00650543 0.0353769 10.3706
683 0.0219188 0.0160455 4.58992
684 0.00650566 0.0338716 10.329
685 0.0152182 0.0271756 8.18238
686 0.0065059 0.0323662 10.2642
687 0.0220533 0.0187006 5.00349
688 0.00650613 0.0308608 10.1756
689 0.0211736 0.0174354 5.07689
690 0.00650637 0.0293555 10.0628
691 0.0065066 0.0278501 9.92539
692 0.0201888 0.0162237 5.15755
693 0.00650684 0.0263448 9.76287
694 0.0190482 0.014944 5.23218
695 0.00650707 0.0248394 9.57492
696 0.00650731 0.0233341 9.36118
697 0.0177078 0.0140916 5.40889
698 0.00650754 0.0218287 9.12137
699 0.0166235 0.0132906 5.49879
700 0.00650778 0.0203233 8.85527
701 0.0157351 0.01245 5.50638
702 0.00650801 0.018818 8.5628
703 0.0145601 0.0120942 5.67934
704 0.00653407 0.0172892 8.23638
705 0.0133693 0.0115501 5.78505
706 0.00655543 0.0157652 7.88579
707 0.0121725 0.0109763 5.85951
708 0.00660202 0.0142102 7.50141
709 0.0109725 0.0104037 5.91034
710 0.00667087 0.0126043 7.08139
711 0.00974361 0.00986633 5.95093
712 0.00673999 0.0108386 6.60079
713 0.00870851 0.00925907 5.92044
714 0.00617437 0.00913094 6.174
715 0.0105051 0.0721914 4.94183
716 0.0117976 0.0698743 5.09584
717 0.00747118 0.00932903 6.09485
718 0.0115405 0.0712715 4.87539
719 0.00787495 0.0724574 5.42766
720 0.0115083 0.0674679 5.66321
721 0.011744 0.0661964 5.84965
722 0.0120318 0.0648591 6.02617
723 0.0123877 0.0634107 6.19369
724 0.0127464 0.0618282 6.37465
725 0.0130615 0.0601342 6.58012
726 0.01351 0.0584018 6.73482
727 0.0141318 0.0566947 6.80795
728 0.0148039 0.0550499 6.83696
729 0.0155248 0.0534775 6.82103
730 0.016283 0.0519752 6.76545
731 0.0170473 0.0505253 6.68624
732 0.01782 0.0490932 6.58844
733 0.00780663 0.07084 5.80582
734 0.018549 0.0477411 6.48456
735 0.00776289 0.0692957 6.15886
736 0.0192574 0.0464309 6.37172
737 0.00776145 0.0677951 6.48842
738 0.0199064 0.0451694 6.2653
739 0.00778925 0.0662948 6.80348
740 0.0205233 0.043922 6.1588
741 0.00783776 0.0647905 7.10425
742 0.0210994 0.0426934 6.05492
743 0.0077945 0.063279 7.41226
744 0.0216298 0.0414796 5.95591
745 0.00773346 0.0617338 7.71696
746 0.0221147 0.040282 5.86126
747 0.00776025 0.0602159 7.98652
748 0.0225676 0.0391162 5.76404
749 0.0078036 0.0587102 8.2378
750 0.0230067 0.0379853 5.65697
751 0.00781899 0.0572154 8.47943
752 0.0233299 0.0368236 5.58704
753 0.00780894 0.0557181 8.71272
754 0.0235777 0.0357002 5.53256
755 0.00780398 0.0542013 8.93342
756 0.024052 0.0346423 5.3673
757 0.00782186 0.0527097 9.13167
758 0.023917 0.0335342 5.44556
759 0.00782674 0.0512037 9.31886
760 0.024291 0.0324731 5.29701
761 0.00780501 0.049678 9.49687
762 0.0240588 0.0313796 5.38677
763 0.00780524 0.0481727 9.65155
764 0.0243364 0.0302782 5.25115
765 0.00780548 0.0466673 9.78863
766 0.024029 0.0291879 5.34098
767 0.00780571 0.0451619 9.90752
768 0.0241609 0.0280452 5.23435
769 0.00780595 0.0436566 10.0075
770 0.0237311 0.0269815 5.34134
771 0.00780619 0.0421512 10.0879
772 0.0237713 0.0258221 5.23974
773 0.00780642 0.0406459 10.1481
774 0.0232347 0.0247871 5.3554
775 0.00780666 0.0391405 10.1874
776 0.0231468 0.0236338 5.2721
777 0.00780689 0.0376352 10.2052
778 0.0224599 0.0226374 5.41
779 0.00780713 0.0361298 10.2009
780 0.0219497 0.0213103 5.41998
781 0.00780736 0.0346244 10.174
782 0.0078076 0.0331191 10.1239
783 0.00780783 0.0316137 10.0502
784 0.0205006 0.0187296 5.50714
785 0.00780807 0.0301084 9.95226
786 0.0196056 0.0176522 5.59442
787 0.0078083 0.028603 9.82976
788 0.00780854 0.0270977 9.68223
789 0.0186063 0.0165836 5.68341
790 0.00780877 0.0255923 9.50928
791 0.0174754 0.0156115 5.79472
792 0.00780901 0.0240869 9.31054
793 0.00780925 0.0225816 9.08569
794 0.0162511 0.0147342 5.91633
795 0.00780948 0.0210762 8.83446
796 0.0149778 0.0137583 5.99262
797 0.0078349 0.0195479 8.54901
798 0.00785652 0.0180249 8.23808
799 0.0134363 0.0130839 6.15802
800 0.00787605 0.0164993 7.90062
801 0.0121095 0.0124745 6.26067
802 0.0079135 0.0149636 7.53412
803 0.010866 0.0118596 6.31796
804 0.00800553 0.0134204 7.13791
805 0.00959452 0.0112364 6.34997
806 0.00944638 0.012655 6.74467
807 0.00834593 0.0105805 6.34201
808 0.00913822 0.0715658 5.38435
809 0.011287 0.0685681 5.50101
810 0.0213567 0.0199938 5.43176
811 0.0103384 0.0665952 6.16186
812 0.0105302 0.0652455 6.38518
813 0.0108734 0.0639865 6.53992
814 0.0113385 0.0624484 6.7001
815 0.0116085 0.0608314 6.92129
816 0.0117368 0.0589367 7.22306
817 0.0124561 0.0570611 7.31848
818 0.013144 0.0552981 7.38292
819 0.0138538 0.0536425 7.40401
820 0.0146546 0.0520935 7.35783
821 0.0154504 0.050626 7.28422
822 0.0162472 0.0491953 7.1888
823 0.0170198 0.04778 7.08574
824 0.00903869 0.0700289 5.74212
825 0.0177002 0.0464854 6.98869
826 0.00900998 0.0685767 6.06324
827 0.018391 0.0452091 6.87252
828 0.00902911 0.0671243 6.36902
829 0.0190272 0.0439736 6.76079
830 0.00911746 0.0656489 6.65625
831 0.0196216 0.0427547 6.65158
832 0.00925957 0.0640761 6.94082
833 0.0201647 0.0415556 6.54849
834 0.00891606 0.0624989 7.32339
835 0.0206555 0.0403622 6.4532
836 0.00899812 0.0609459 7.5932
837 0.0211007 0.0391843 6.36194
838 0.00906143 0.0594775 7.83951
839 0.0215304 0.0380797 6.25896
840 0.00915265 0.0579592 8.07649
841 0.0221263 0.0370552 6.07153
842 0.00914627 0.0565036 8.31269
843 0.0221881 0.0358383 6.09855
844 0.00907675 0.054977 8.55977
845 0.0226117 0.0342852 5.97037
846 0.00914296 0.0535152 8.754
847 0.00915678 0.0520014 8.95269
848 0.0228034 0.0323369 5.90595
849 0.00915284 0.0504728 9.1412
850 0.00913304 0.0489467 9.31593
851 0.0228252 0.030303 5.86131
852 0.00910718 0.0474202 9.47401
853 0.00910742 0.0459148 9.60665
854 0.0226525 0.0282372 5.83922
855 0.00910765 0.0444095 9.72085
856 0.00910789 0.0429041 9.81573
857 0.0222932 0.0261803 5.83257
858 0.00910812 0.0413987 9.89053
859 0.00910836 0.0398934 9.94467
860 0.0217527 0.0242061 5.84235
861 0.00910859 0.038388 9.97752
862 0.00910883 0.0368827 9.98841
863 0.0209804 0.0226142 5.92333
864 0.00910906 0.0353773 9.97676
865 0.0091093 0.033872 9.94202
866 0.00910954 0.0323666 9.88368
867 0.00910977 0.0308612 9.80127
868 0.0190094 0.0190847 6.0231
869 0.00911001 0.0293559 9.69428
870 0.0181326 0.0180919 6.10128
871 0.00911024 0.0278505 9.56228
872 0.00911048 0.0263452 9.40486
873 0.0171289 0.0171205 6.19066
874 0.00911071 0.0248398 9.22164
875 0.0160059 0.0162401 6.29906
876 0.00911095 0.0233345 9.01227
877 0.00911118 0.0218291 8.77646
878 0.0147848 0.015419 6.41193
879 0.0091475 0.0202909 8.50251
880 0.0134822 0.0146501 6.52067
881 0.0091789 0.0187568 8.20244
882 0.00922048 0.0172132 7.87181
883 0.0120804 0.0139814 6.63812
884 0.00926643 0.0156708 7.51521
885 0.0107509 0.0133283 6.71177
886 0.00933082 0.0141443 7.13771
887 0.0230416 0.020032 4.86837
888 0.0102237 0.0679036 5.91999
889 0.0203841 0.0212014 5.92922
890 0.019992 0.0199532 5.86416
891 0.010247 0.0587913 7.66567
892 0.0107462 0.0572225 7.7991
893 0.0115686 0.0555822 7.8281
894 0.0120712 0.0537603 7.96029
895 0.0130273 0.0521459 7.89757
896 0.0138005 0.0506757 7.85246
897 0.0146842 0.0492755 7.7404
898 0.0154427 0.0478774 7.65369
899 0.0161334 0.046527 7.56987
900 0.0168507 0.0452324 7.45531
901 0.0175248 0.0439946 7.3361
902 0.0181373 0.042787 7.22393
903 0.0186996 0.0416132 7.1151
904 0.0100965 0.0629485 6.94845
905 0.0192086 0.0404423 7.01381
906 0.0196628 0.0392402 6.92279
907 0.0104247 0.0601729 7.37752
908 0.0201171 0.0380011 6.81998
909 0.0207273 0.03661 6.64849
910 0.0102119 0.0557164 8.17566
911 0.0209455 0.0348488 6.61361
912 0.0104737 0.0543625 8.31408
913 0.0211458 0.0331196 6.55238
914 0.0105012 0.0528698 8.51993
915 0.010498 0.0512839 8.72979
916 0.0212057 0.0312937 6.50715
917 0.0105048 0.0497435 8.91564
918 0.0104089 0.0481765 9.11029
919 0.0211195 0.0294054 6.47272
920 0.0104281 0.0466488 9.25508
921 0.0104643 0.0451604 9.37454
922 0.0208689 0.0274963 6.4507
923 0.0104459 0.043666 9.48842
924 0.0104098 0.0421516 9.58727
925 0.0204825 0.0256282 6.43104
926 0.0104101 0.0406463 9.65695
927 0.0104103 0.0391409 9.70564
928 0.0199668 0.0239178 6.42375
929 0.0104105 0.0376356 9.7325
930 0.0104108 0.0361302 9.73681
931 0.010411 0.0346248 9.71805
932 0.0104112 0.0331195 9.67573
933 0.0104115 0.0316141 9.60942
934 0.0104117 0.0301088 9.51861
935 0.017715 0.0195575 6.48118
936 0.0104119 0.0286034 9.40269
937 0.0167852 0.0185846 6.56239
938 0.0104122 0.0270981 9.26135
939 0.0104124 0.0255927 9.0942
940 0.0157568 0.0176908 6.65612
941 0.0104126 0.0240873 8.90087
942 0.0145921 0.01698 6.79137
943 0.0104129 0.022582 8.68105
944 0.0104426 0.02105 8.42475
945 0.0133578 0.0162439 6.90634
946 0.0104982 0.0194952 8.13193
947 0.0120301 0.0155103 7.00771
948 0.0105523 0.0179361 7.81057
949 0.010613 0.0163781 7.46165
950 0.0106731 0.0148384 7.09384
951 0.0193561 0.0223513 6.42246
952 0.0187645 0.0207593 6.37283
953 0.00810967 0.0119134 6.73275
954 0.0116198 0.052133 8.31878
955 0.0120565 0.050596 8.40088
956 0.0131531 0.0492794 8.23733
957 0.0139663 0.0479507 8.14033
958 0.0145462 0.0465613 8.10964
959 0.015243 0.0452428 8.01748
960 0.0160185 0.0439914 7.87486
961 0.0166609 0.042767 7.76076
962 0.0172154 0.041623 7.65792
963 0.0177795 0.040518 7.53648
964 0.0182446 0.0393553 7.44215
965 0.0186161 0.0381428 7.37132
966 0.0190667 0.0368293 7.2611
967 0.0194581 0.0354121 7.15643
968 0.0195531 0.0338287 7.13844
969 0.0196224 0.0321785 7.0995
970 0.0196671 0.0304151 7.03302
971 0.0116892 0.048886 8.70723
972 0.0116479 0.0473813 8.87987
973 0.0194939 0.0286477 7.00359
974 0.0118387 0.045895 8.97314
975 0.0118444 0.0444344 9.09555
976 0.0192091 0.0268792 6.97078
977 0.0117223 0.0429052 9.23475
978 0.0117122 0.0413919 9.32372
979 0.01879 0.0251858 6.9462
980 0.0117603 0.0399077 9.37675
981 0.0117558 0.0384032 9.42192
982 0.0117125 0.0368831 9.45347
983 0.0116788 0.0353736 9.45907
984 0.0116868 0.0338661 9.43147
985 0.0117242 0.0323724 9.3741
986 0.0117349 0.0308826 9.29895
987 0.0117136 0.0293563 9.20314
988 0.0163027 0.0200059 6.94639
989 0.0117139 0.0278509 9.07842
990 0.0155634 0.0190153 6.95808
991 0.0117141 0.0263456 8.92785
992 0.0117144 0.0248402 8.75114
993 0.0144421 0.018521 7.13725
994 0.0117146 0.0233349 8.54792
995 0.0132249 0.0178231 7.2701
996 0.0117452 0.0218032 8.30759
997 0.0118115 0.0202456 8.02791
998 0.0119354 0.0170896 7.37775
999 0.0118639 0.0186857 7.72214
1000 0.0183093 0.0235992 6.91241
1001 0.0173184 0.0208302 6.80464
1002 0.0177583 0.0221817 6.88615
1003 0.013031 0.0467351 8.56026
1004 0.0134488 0.0452018 8.58786
1005 0.0145105 0.0439628 8.37129
1006 0.0152785 0.0427188 8.22824
1007 0.0157124 0.0415396 8.17389
1008 0.0162959 0.0404829 8.05
1009 0.0170149 0.0395511 7.86035
1010 0.0171119 0.0383815 7.88473
1011 0.0174672 0.0371468 7.80967
1012 0.0179552 0.0357261 7.67748
1013 0.0183335 0.0344776 7.56049
1014 0.0179873 0.0330285 7.67131
1015 0.0182572 0.0313086 7.54053
1016 0.0181861 0.0296547 7.49193
1017 0.0179645 0.0279875 7.45636
1018 0.0130319 0.043637 8.83618
1019 0.0175572 0.0263277 7.44189
1020 0.0129514 0.0421135 8.96235
1021 0.0131028 0.0406897 9.00014
1022 0.013152 0.0391972 9.04962
1023 0.0130564 0.037632 9.1154
1024 0.0129764 0.0361008 9.15129
1025 0.0128974 0.0346151 9.16225
1026 0.0130149 0.0331199 9.10134
1027 0.0131022 0.0316895 9.02773
1028 0.0130193 0.0301435 8.96436
1029 0.0129632 0.0286107 8.8683
1030 0.014615 0.0201957 7.40798
1031 0.0129645 0.0271021 8.73431
1032 0.0130037 0.0256113 8.56757
1033 0.0130129 0.0241282 8.38281
1034 0.0131831 0.0194233 7.59346
1035 0.0130213 0.0225865 8.16319
1036 0.0131244 0.0210176 7.8903
1037 0.0126853 0.0480438 8.51964
1038 0.0171436 0.0247201 7.395
1039 0.01604 0.0215876 7.27838
1040 0.0167713 0.0231405 7.30272
1041 0.0140179 0.0427897 8.61183
1042 0.0143229 0.0415217 8.60759
1043 0.0146621 0.0401376 8.58527
1044 0.0157198 0.0389853 8.31142
1045 0.0157536 0.0373273 8.35827
1046 0.0166972 0.0360536 8.08486
1047 0.0168096 0.0344351 8.06196
1048 0.017017 0.0319119 7.95313
1049 0.0168773 0.0305605 7.94487
1050 0.0167643 0.0290229 7.89309
1051 0.0164972 0.0274446 7.85311
1052 0.0144224 0.0383691 8.72444
1053 0.0143226 0.0367597 8.78823
1054 0.0141693 0.035259 8.83797
1055 0.0140034 0.0339541 8.86827
1056 0.0145909 0.0326542 8.68337
1057 0.0143586 0.0309323 8.67489
1058 0.0142423 0.0293521 8.61137
1059 0.0141542 0.0278531 8.51812
1060 0.0144112 0.0219035 7.73821
1061 0.0142596 0.0263568 8.35077
1062 0.0143562 0.0249392 8.16977
1063 0.0142688 0.02345 7.99934
1064 0.0162517 0.0330436 8.21753
1065 0.0158269 0.0258656 7.89314
1066 0.015615 0.0241829 7.75464
1067 0.0154155 0.0228575 7.62826
1068 0.0154987 0.0356541 8.45972
