1 0 0 0.796518
2 -1.31814e-05 0.0843 0.802578
3 0.00162256 0.000428248 0.759393
4 0.00324511 0.000856496 0.751617
5 0.00486767 0.00128474 0.749734
6 0.00647042 0.00178135 0.748075
7 0.00807059 0.00228684 0.746845
8 0.00967077 0.00279234 0.748501
9 0.0112462 0.00336888 0.748415
10 0.0128144 0.00396625 0.74987
11 0.0143602 0.00461705 0.751219
12 0.0158862 0.00531529 0.752359
13 0.0173989 0.0060402 0.755978
14 0.0188703 0.00684624 0.759338
15 0.0202995 0.00772561 0.762924
16 0.0216847 0.00867284 0.767998
17 0.0230079 0.0097042 0.774014
18 0.0242512 0.0108307 0.779499
19 0.0254216 0.0120324 0.786499
20 0.026495 0.0133213 0.793123
21 0.0274721 0.0146849 0.799846
22 0.0283421 0.0161192 0.805459
23 0.029115 0.0176082 0.810673
24 0.0297915 0.0191435 0.815134
25 0.0303777 0.0207155 0.818955
26 0.0308798 0.0223163 0.822391
27 0.0312997 0.0239406 0.82547
28 0.031638 0.0255838 0.828203
29 0.031893 0.0272421 0.830565
30 0.0320609 0.0289115 0.832442
31 0.0321343 0.0305877 0.833515
32 0.0321043 0.0322652 0.833082
33 0.0319758 0.0339379 0.831749
34 0.0317491 0.0356001 0.82939
35 0.0314272 0.0372465 0.82613
36 0.0310145 0.0388726 0.822063
37 0.0305201 0.040476 0.817661
38 0.0299517 0.0420547 0.813026
39 0.0293217 0.04361 0.808543
40 0.028638 0.0451425 0.80424
41 0.0279161 0.0466574 0.800584
42 0.0271661 0.0481586 0.797462
43 0.0263992 0.0496512 0.795057
44 0.0256255 0.0511403 0.793218
45 0.0248559 0.0526315 0.792033
46 0.0241011 0.0541303 0.791491
47 0.0233717 0.0556415 0.791509
48 0.0226792 0.05717 0.792245
49 0.0220333 0.0587186 0.793586
50 0.021444 0.0602895 0.795673
51 0.0209171 0.0618824 0.798535
52 0.0204536 0.063495 0.802117
53 0.0200504 0.0651238 0.806711
54 0.0196877 0.0667622 0.811478
55 0.0193464 0.0684053 0.816799
56 0.0189725 0.0700411 0.820128
57 0.0185318 0.07166 0.822346
58 0.0179381 0.0732282 0.818871
59 0.0171867 0.0747276 0.812965
60 0.0162107 0.0760901 0.800951
61 0.01508 0.0773288 0.790516
62 0.0138066 0.0784196 0.779936
63 0.012416 0.0793584 0.770098
64 0.0109711 0.0802101 0.764643
65 0.00947653 0.0809706 0.760262
66 0.00793738 0.0816364 0.756656
67 0.00636883 0.0822328 0.753368
68 0.00480028 0.0828292 0.755775
69 0.00320355 0.0833424 0.75738
70 0.00159518 0.0838212 0.764401
71 -1.2923e-05 0.0826471 0.679817
72 -1.26645e-05 0.0809941 0.564247
73 -1.24061e-05 0.0793412 0.460554
74 -1.21476e-05 0.0776882 0.370631
75 -1.18891e-05 0.0760353 0.294776
76 -1.16307e-05 0.0743824 0.23221
77 -1.13722e-05 0.0727294 0.181444
78 -1.11138e-05 0.0710765 0.140787
79 -1.08553e-05 0.0694235 0.108616
80 -1.05968e-05 0.0677706 0.0834314
81 -1.03384e-05 0.0661176 0.0638916
82 -1.00799e-05 0.0644647 0.0488423
83 -9.82147e-06 0.0628118 0.0373176
84 -9.56301e-06 0.0611588 0.0285292
85 -9.30455e-06 0.0595059 0.0218465
86 -9.04609e-06 0.0578529 0.0167741
87 -8.78763e-06 0.0562 0.0129272
88 -8.52917e-06 0.0545471 0.0100111
89 -8.27071e-06 0.0528941 0.00780154
90 -8.01225e-06 0.0512412 0.00612978
91 -7.75379e-06 0.0495882 0.00486977
92 -7.49533e-06 0.0479353 0.00392861
93 -7.23687e-06 0.0462824 0.0032391
94 -6.97841e-06 0.0446294 0.00275432
95 -6.71995e-06 0.0429765 0.00244382
96 -6.46149e-06 0.0413235 0.0022912
97 -6.20303e-06 0.0396706 0.00229288
98 -5.94457e-06 0.0380176 0.002458
99 -5.68611e-06 0.0363647 0.00280949
100 -5.42765e-06 0.0347118 0.0033863
101 -5.1692e-06 0.0330588 0.00424701
102 -4.91074e-06 0.0314059 0.00547515
103 -4.65228e-06 0.0297529 0.00718644
104 -4.39382e-06 0.0281 0.00953849
105 -4.13536e-06 0.0264471 0.0127435
106 -3.8769e-06 0.0247941 0.0170842
107 -3.61844e-06 0.0231412 0.0229333
108 -3.35998e-06 0.0214882 0.0307773
109 -3.10152e-06 0.0198353 0.0412418
110 -2.84306e-06 0.0181824 0.0551187
111 -2.5846e-06 0.0165294 0.0733905
112 -2.32614e-06 0.0148765 0.0972468
113 -2.06768e-06 0.0132235 0.128087
114 -1.80922e-06 0.0115706 0.167505
115 -1.55076e-06 0.00991765 0.217236
116 -1.2923e-06 0.00826471 0.279063
117 -1.03384e-06 0.00661176 0.354628
118 -7.75379e-07 0.00495882 0.445228
119 -5.1692e-07 0.00330588 0.55099
120 -2.5846e-07 0.00165294 0.669572
121 0.00822878 0.0114637 0.195141
122 0.0247428 0.0294159 0.170229
123 0.015423 0.0232112 0.050243
124 0.0162343 0.0321792 0.0224784
125 0.0043502 0.0788063 0.443343
126 0.0121843 0.0776167 0.622919
127 0.0133945 0.0767424 0.631473
128 0.014497 0.075652 0.634055
129 0.0108631 0.078417 0.615652
130 0.0154105 0.0745339 0.636462
131 0.00950107 0.0791967 0.615158
132 0.0162207 0.0732621 0.638066
133 0.00810271 0.0799074 0.617206
134 0.0167911 0.0718674 0.625608
135 0.00666574 0.0805057 0.617018
136 0.0172861 0.0703725 0.613741
137 0.00483312 0.0806518 0.576389
138 0.017714 0.0688349 0.602957
139 0.00839573 0.0728871 0.245298
140 0.0180912 0.0672468 0.590962
141 0.00159058 0.0820678 0.624917
142 0.018457 0.0656278 0.57964
143 0.0188539 0.0639574 0.57034
144 0.0193023 0.0622908 0.565003
145 0.0198129 0.0606415 0.563536
146 0.00158026 0.0803646 0.506393
147 0.0203874 0.0590089 0.564749
148 0.00152099 0.0786568 0.404572
149 0.0210201 0.057406 0.567903
150 0.00144732 0.0769389 0.319179
151 0.0217051 0.0558239 0.57191
152 0.00142196 0.0752478 0.250019
153 0.0224321 0.0542633 0.576272
154 0.00141999 0.0735561 0.193983
155 0.0231796 0.0527428 0.580713
156 0.00142025 0.0719032 0.150237
157 0.0239462 0.0512299 0.584721
158 0.0014205 0.0702502 0.115676
159 0.0247188 0.0497351 0.588951
160 0.00142076 0.0685973 0.0886785
161 0.0254787 0.0482544 0.592659
162 0.00142102 0.0669443 0.0677841
163 0.0262354 0.0467599 0.596885
164 0.00142128 0.0652914 0.0517313
165 0.0269458 0.0452939 0.60055
166 0.00142154 0.0636385 0.039467
167 0.0276211 0.0438042 0.603645
168 0.0014218 0.0619855 0.0301345
169 0.0282658 0.042313 0.609042
170 0.00142206 0.0603326 0.0230509
171 0.0288196 0.0407887 0.609748
172 0.00142231 0.0586796 0.0176815
173 0.0293271 0.039259 0.61318
174 0.00142257 0.0570267 0.0136132
175 0.0297608 0.0377134 0.616522
176 0.00142283 0.0553738 0.0105301
177 0.0301049 0.0361536 0.618553
178 0.00142309 0.0537208 0.00819288
179 0.0303602 0.0345814 0.619888
180 0.00142335 0.0520679 0.00642136
181 0.0305323 0.033 0.621581
182 0.00142361 0.0504149 0.00508099
183 0.030606 0.0314138 0.621957
184 0.00142386 0.048762 0.00407218
185 0.0305971 0.0298243 0.623016
186 0.00142412 0.047109 0.00332229
187 0.0304846 0.0282326 0.622122
188 0.00142438 0.0454561 0.00277956
189 0.0302833 0.0266477 0.620866
190 0.00142464 0.0438032 0.00240892
191 0.0300001 0.025078 0.619764
192 0.0014249 0.0421502 0.00218905
193 0.029641 0.0235226 0.619464
194 0.00142516 0.0404973 0.00211071
195 0.0292019 0.0219896 0.619311
196 0.00142542 0.0388443 0.00217618
197 0.0286863 0.0204857 0.619735
198 0.00142567 0.0371914 0.00239964
199 0.0280856 0.0190154 0.619977
200 0.00142593 0.0355385 0.00280871
201 0.0273955 0.0175951 0.619413
202 0.00142619 0.0338855 0.00344711
203 0.0266237 0.016223 0.61952
204 0.00142645 0.0322326 0.00437878
205 0.0257698 0.0149126 0.620102
206 0.00142671 0.0305796 0.00569368
207 0.0248097 0.0136606 0.619397
208 0.00142697 0.0289267 0.00751574
209 0.0237491 0.0125027 0.616177
210 0.00142722 0.0272738 0.0100135
211 0.0226024 0.011434 0.611639
212 0.00142748 0.0256208 0.0134139
213 0.0213988 0.0104128 0.610425
214 0.00142774 0.0239679 0.0180199
215 0.0201254 0.00948164 0.608167
216 0.001428 0.0223149 0.0242325
217 0.0187722 0.00862617 0.604504
218 0.00142826 0.020662 0.0325765
219 0.0173934 0.00780395 0.604773
220 0.00142852 0.019009 0.0437301
221 0.0159724 0.00705307 0.604816
222 0.00142878 0.0173561 0.0585555
223 0.0145054 0.00637006 0.603184
224 0.00142903 0.0157032 0.0781258
225 0.0130091 0.00572729 0.601871
226 0.00142929 0.0140502 0.103743
227 0.0114623 0.00507961 0.604004
228 0.00142955 0.0123973 0.136933
229 0.00993874 0.00450062 0.605213
230 0.00142981 0.0107443 0.179449
231 0.00839633 0.00397417 0.605876
232 0.00143007 0.0090914 0.233188
233 0.00682397 0.00349939 0.60519
234 0.00144367 0.00737513 0.302709
235 0.00521636 0.00304385 0.605402
236 0.00147288 0.00563573 0.389281
237 0.00336993 0.0028582 0.584342
238 0.00164871 0.00383684 0.497121
239 0.00165237 0.00218534 0.615501
240 0.0107402 0.0767434 0.498129
241 0.0119454 0.0758985 0.50035
242 0.0131001 0.0752764 0.524451
243 0.0137632 0.0741359 0.499513
244 0.00946802 0.0775426 0.49924
245 0.0147404 0.0732622 0.519982
246 0.00815778 0.0782566 0.501315
247 0.0151189 0.0720053 0.487814
248 0.00686572 0.0788965 0.505772
249 0.0156285 0.0706391 0.469922
250 0.00567625 0.0794116 0.510007
251 0.0160839 0.0691816 0.4527
252 0.00315365 0.0796719 0.477098
253 0.0164859 0.0676763 0.436287
254 0.0168589 0.066089 0.41974
255 0.0172364 0.0644368 0.404732
256 0.0176576 0.0627378 0.393671
257 0.0181484 0.061028 0.388246
258 0.018707 0.0593367 0.387676
259 0.0193319 0.0576693 0.390816
260 0.00292043 0.0778794 0.371976
261 0.0200079 0.0560389 0.396035
262 0.00284257 0.0761434 0.29009
263 0.0207354 0.0544334 0.4028
264 0.00284188 0.074438 0.225399
265 0.0214977 0.05286 0.410129
266 0.00285635 0.0727299 0.173686
267 0.0222618 0.051327 0.416237
268 0.00285661 0.0710769 0.13406
269 0.0230429 0.049816 0.422751
270 0.00285687 0.069424 0.103012
271 0.0238157 0.0483362 0.429007
272 0.00285712 0.067771 0.0789082
273 0.0245654 0.0468532 0.433353
274 0.00285738 0.0661181 0.0603395
275 0.0252791 0.0454075 0.437664
276 0.00285764 0.0644652 0.0461217
277 0.0259653 0.0439495 0.441688
278 0.0028579 0.0628122 0.0352834
279 0.0265893 0.0424955 0.444061
280 0.00285816 0.0611593 0.0270435
281 0.0271652 0.0410372 0.446791
282 0.00285842 0.0595063 0.020787
283 0.0276854 0.03957 0.449767
284 0.00285867 0.0578534 0.0160373
285 0.0281419 0.0380977 0.45318
286 0.00285893 0.0562004 0.0124296
287 0.0285065 0.0366178 0.454835
288 0.00285919 0.0545475 0.00968664
289 0.0287907 0.0351309 0.456206
290 0.00285945 0.0528946 0.0075994
291 0.0289916 0.0336361 0.457279
292 0.00285971 0.0512416 0.00601118
293 0.0291058 0.0321361 0.457977
294 0.00285997 0.0495887 0.00480544
295 0.0291415 0.0306339 0.459242
296 0.00286023 0.0479357 0.00389651
297 0.0290906 0.0291249 0.460321
298 0.00286048 0.0462828 0.00322245
299 0.0289433 0.0276126 0.46035
300 0.00286074 0.0446299 0.00273991
301 0.0287019 0.026118 0.459406
302 0.002861 0.0429769 0.00242057
303 0.0284006 0.0246295 0.46089
304 0.00286126 0.041324 0.00224884
305 0.0280216 0.0231612 0.462865
306 0.00286152 0.039671 0.00222075
307 0.0275677 0.021717 0.465621
308 0.00286178 0.0380181 0.00234387
309 0.0270479 0.0203074 0.469749
310 0.00286203 0.0363652 0.00263824
311 0.0264373 0.0189426 0.472862
312 0.00286229 0.0347122 0.00313846
313 0.0257316 0.017635 0.47448
314 0.00286255 0.0330593 0.00389708
315 0.0249752 0.0163803 0.478607
316 0.00286281 0.0314063 0.00498951
317 0.0241888 0.0151545 0.487599
318 0.00286307 0.0297534 0.00652089
319 0.0232227 0.0140157 0.488119
320 0.00286333 0.0281004 0.00863542
321 0.0221726 0.0130217 0.483941
322 0.00286359 0.0264475 0.0115287
323 0.0210691 0.0120453 0.483724
324 0.00286384 0.0247946 0.0154639
325 0.0198929 0.0111242 0.483786
326 0.0028641 0.0231416 0.0207915
327 0.018643 0.0102742 0.482846
328 0.00286436 0.0214887 0.0279749
329 0.0173431 0.00947538 0.482886
330 0.00286462 0.0198357 0.0376192
331 0.0160014 0.00872585 0.483754
332 0.00286488 0.0181828 0.0505032
333 0.0146122 0.00803297 0.484038
334 0.00286514 0.0165299 0.0676118
335 0.0131783 0.00737369 0.484795
336 0.00286539 0.0148769 0.0901618
337 0.0116919 0.00674208 0.486062
338 0.00286565 0.013224 0.119614
339 0.0101867 0.00614254 0.488269
340 0.00284302 0.0115591 0.157935
341 0.00865544 0.0056194 0.487975
342 0.00285598 0.00987519 0.207598
343 0.0071403 0.00513453 0.488797
344 0.00287973 0.00819647 0.270217
345 0.00564748 0.00466369 0.492473
346 0.00287221 0.00646708 0.35047
347 0.00425799 0.00417571 0.503258
348 0.0028584 0.00464637 0.454318
349 0.00938572 0.0759278 0.403009
350 0.0105652 0.075036 0.396703
351 0.0119328 0.074029 0.400386
352 0.0132755 0.072426 0.391356
353 0.00812656 0.0766677 0.405422
354 0.00684338 0.077274 0.405927
355 0.013974 0.0708785 0.369148
356 0.00556943 0.0779413 0.415698
357 0.0144572 0.0694744 0.347985
358 0.0148763 0.0680406 0.328511
359 0.0152558 0.0665063 0.309099
360 0.0156228 0.0649153 0.291736
361 0.016012 0.0631971 0.275758
362 0.0164603 0.0614592 0.265082
363 0.0169994 0.0597126 0.260752
364 0.0176103 0.057983 0.260962
365 0.0182842 0.0562912 0.264726
366 0.00423084 0.0770558 0.346044
367 0.0190096 0.0546328 0.270614
368 0.00423119 0.0753412 0.270066
369 0.0197727 0.0530221 0.277972
370 0.00427866 0.0736199 0.20916
371 0.0205666 0.0514389 0.285919
372 0.00429091 0.0719444 0.161778
373 0.0213544 0.0499006 0.292914
374 0.00429297 0.0702507 0.124145
375 0.0221486 0.0484073 0.300633
376 0.00429323 0.0685977 0.0955473
377 0.0229047 0.0469447 0.306409
378 0.00429349 0.0669448 0.0733963
379 0.0236303 0.0455043 0.311283
380 0.00429374 0.0652918 0.0563418
381 0.0243127 0.0440767 0.315045
382 0.004294 0.0636389 0.0432954
383 0.0249435 0.042649 0.317517
384 0.00429426 0.061986 0.0333406
385 0.025523 0.0412335 0.31982
386 0.00429452 0.060333 0.0257515
387 0.0260469 0.0398171 0.321994
388 0.00429478 0.0586801 0.0199648
389 0.0265106 0.0384088 0.324483
390 0.00429504 0.0570271 0.0155488
391 0.0269126 0.0370073 0.327574
392 0.00429529 0.0553742 0.0121741
393 0.0272266 0.0355975 0.329395
394 0.00429555 0.0537213 0.00959067
395 0.0274584 0.0341854 0.3307
396 0.00429581 0.0520683 0.00761014
397 0.0275999 0.0327689 0.33105
398 0.00429607 0.0504154 0.00609155
399 0.0276642 0.031347 0.331647
400 0.00429633 0.0487624 0.00493058
401 0.0276831 0.0299406 0.334972
402 0.00429659 0.0471095 0.00405097
403 0.0276062 0.0285 0.337346
404 0.00429685 0.0454566 0.00339811
405 0.0273768 0.0270899 0.334527
406 0.0042971 0.0438036 0.00293456
407 0.0271163 0.0256704 0.335875
408 0.00429736 0.0421507 0.00263696
409 0.0268074 0.0242581 0.340054
410 0.00429762 0.0404977 0.00249438
411 0.0264124 0.02287 0.344064
412 0.00429788 0.0388448 0.00250766
413 0.0259541 0.0215212 0.349233
414 0.00429814 0.0371918 0.00268992
415 0.025461 0.0202087 0.357463
416 0.0042984 0.0355389 0.00306806
417 0.0248197 0.0189458 0.360578
418 0.00429865 0.033886 0.00368558
419 0.0240803 0.0177727 0.361395
420 0.00429891 0.032233 0.00460681
421 0.0233804 0.0166001 0.370772
422 0.00429917 0.0305801 0.00592296
423 0.0227647 0.0153699 0.393817
424 0.00429943 0.0289271 0.00776042
425 0.0216667 0.0145761 0.376473
426 0.00429969 0.0272742 0.0102919
427 0.0206891 0.0136197 0.380071
428 0.00429995 0.0256213 0.0137512
429 0.0195971 0.0127156 0.381149
430 0.00430021 0.0239683 0.018452
431 0.0184422 0.0118997 0.380642
432 0.00430046 0.0223154 0.0248111
433 0.0172282 0.011109 0.381806
434 0.00430072 0.0206624 0.0333776
435 0.0159668 0.0103749 0.382732
436 0.00430098 0.0190095 0.0448649
437 0.0146556 0.00968775 0.38362
438 0.00430124 0.0173566 0.0601853
439 0.0132973 0.00902743 0.385259
440 0.0043015 0.0157036 0.0804826
441 0.0118824 0.00838631 0.387661
442 0.00430176 0.0140507 0.107152
443 0.0104205 0.00777633 0.390295
444 0.00425207 0.0123925 0.141779
445 0.00893698 0.00721068 0.392966
446 0.00423131 0.0107037 0.187298
447 0.00734228 0.00676144 0.389531
448 0.00431233 0.0089815 0.247207
449 0.00578548 0.0062856 0.392058
450 0.00435803 0.0072906 0.321431
451 0.00425005 0.00567046 0.407154
452 0.00909648 0.0743088 0.316981
453 0.0081423 0.0752721 0.336041
454 0.0101532 0.0733881 0.308213
455 0.0112239 0.0720172 0.28926
456 0.0124586 0.0709545 0.299818
457 0.0068785 0.0755921 0.32161
458 0.00554785 0.0762677 0.328339
459 0.012863 0.069682 0.274997
460 0.0132442 0.0683517 0.25311
461 0.0136548 0.0669257 0.234937
462 0.0140339 0.0653657 0.216652
463 0.0143673 0.0637103 0.198185
464 0.0147543 0.061938 0.182999
465 0.0152549 0.0601305 0.17442
466 0.0158575 0.0583358 0.171555
467 0.0165259 0.0565797 0.172487
468 0.0172531 0.0548616 0.176188
469 0.0180272 0.05319 0.181894
470 0.00566642 0.0745787 0.258725
471 0.0188311 0.0515771 0.188954
472 0.00573115 0.0728809 0.201499
473 0.0196475 0.0499974 0.19615
474 0.00569981 0.071161 0.154932
475 0.0204658 0.0484701 0.203646
476 0.00572227 0.0694509 0.119243
477 0.0212538 0.047018 0.210832
478 0.00575364 0.0677791 0.092192
479 0.0219763 0.0455906 0.215346
480 0.00576957 0.0661215 0.0713086
481 0.0226757 0.0441657 0.219383
482 0.0057301 0.0644656 0.0549632
483 0.023305 0.0427783 0.221912
484 0.00573036 0.0628127 0.0426437
485 0.0238913 0.0413941 0.224123
486 0.00573062 0.0611597 0.0331938
487 0.0244181 0.040016 0.225753
488 0.00573088 0.0595068 0.0259258
489 0.0248844 0.0386465 0.22727
490 0.00573114 0.0578538 0.0203397
491 0.0252995 0.0373084 0.229858
492 0.0057314 0.0562009 0.0160391
493 0.0256796 0.0359929 0.234425
494 0.00573166 0.054548 0.0127211
495 0.0259203 0.0346373 0.234755
496 0.00573191 0.052895 0.0101543
497 0.0260917 0.0333276 0.23558
498 0.00573217 0.0512421 0.00816377
499 0.0261885 0.031973 0.236326
500 0.00573243 0.0495891 0.00661967
501 0.0261775 0.0306268 0.235585
502 0.00573269 0.0479362 0.0054268
503 0.0264186 0.0293083 0.254177
504 0.00573295 0.0462833 0.00451574
505 0.0260124 0.028004 0.239118
506 0.00573321 0.0446303 0.00383705
507 0.0258038 0.0266573 0.24085
508 0.00573346 0.0429774 0.00335745
509 0.0255374 0.0252888 0.24479
510 0.00573372 0.0413244 0.00305745
511 0.0252413 0.0239523 0.25167
512 0.00573398 0.0396715 0.00293013
513 0.0248056 0.0226379 0.255597
514 0.00573424 0.0380185 0.00298115
515 0.0243435 0.0214092 0.261461
516 0.0057345 0.0363656 0.00322985
517 0.0240633 0.0201305 0.282525
518 0.00573476 0.0347127 0.00371149
519 0.0231664 0.0191767 0.268347
520 0.00573502 0.0330597 0.00448087
521 0.0223939 0.0178848 0.276404
522 0.00573527 0.0314068 0.0056177
523 0.0214928 0.0164449 0.290273
524 0.00573553 0.0297538 0.0072341
525 0.00573579 0.0281009 0.00948471
526 0.0201815 0.0152357 0.289458
527 0.00573605 0.026448 0.0125802
528 0.0193794 0.0141309 0.307881
529 0.00573631 0.024795 0.0168048
530 0.0181705 0.0135192 0.295233
531 0.00573657 0.0231421 0.0225388
532 0.0170669 0.0127253 0.298789
533 0.00573682 0.0214891 0.0302853
534 0.0158645 0.0119829 0.300282
535 0.00573708 0.0198362 0.0407035
536 0.0146288 0.011349 0.299399
537 0.00573734 0.0181833 0.0546432
538 0.0133544 0.0106739 0.302488
539 0.0057376 0.0165303 0.0731815
540 0.0120139 0.0100212 0.30581
541 0.00573786 0.0148774 0.0976602
542 0.0106247 0.00939796 0.309226
543 0.00567946 0.0132276 0.129316
544 0.00920212 0.00880978 0.312989
545 0.00558538 0.0115728 0.170043
546 0.00772706 0.00823031 0.318101
547 0.00555064 0.00983869 0.225187
548 0.00596485 0.00807344 0.301308
549 0.00729184 0.073885 0.258678
550 0.00959626 0.0720596 0.245157
551 0.0112418 0.0701303 0.230056
552 0.0115924 0.0686754 0.202099
553 0.0120104 0.0672716 0.182684
554 0.0124725 0.0658873 0.169245
555 0.012777 0.0642461 0.149685
556 0.0130265 0.0625222 0.131001
557 0.0134884 0.0606137 0.119095
558 0.0140287 0.0587507 0.112199
559 0.0147298 0.0569172 0.111517
560 0.0154625 0.0551257 0.112677
561 0.0162395 0.0533919 0.115829
562 0.0170584 0.0517276 0.120875
563 0.017898 0.0501254 0.127036
564 0.00708342 0.0720718 0.195979
565 0.0187491 0.0485594 0.13362
566 0.00709727 0.070354 0.152099
567 0.0195586 0.0470843 0.139892
568 0.00717879 0.0686374 0.118469
569 0.0203173 0.0456596 0.145109
570 0.0072722 0.066948 0.0928462
571 0.0210143 0.0442588 0.148697
572 0.00724863 0.0652915 0.0722602
573 0.0216685 0.0428793 0.151724
574 0.00714797 0.0636005 0.0557492
575 0.0222606 0.0415211 0.153784
576 0.00715454 0.0619389 0.0438338
577 0.0227973 0.0401732 0.155392
578 0.00718868 0.0603059 0.0348354
579 0.0232661 0.0388317 0.156348
580 0.00716724 0.0586805 0.0276097
581 0.0236691 0.0375018 0.157146
582 0.0071675 0.0570276 0.0219665
583 0.0240628 0.0362536 0.160951
584 0.00716776 0.0553747 0.0175729
585 0.024573 0.0350608 0.172975
586 0.00716802 0.0537217 0.0141417
587 0.0244659 0.0337743 0.16093
588 0.00716828 0.0520688 0.0114478
589 0.0248777 0.0325262 0.174112
590 0.00716853 0.0504158 0.00932226
591 0.0246511 0.0311905 0.163068
592 0.00716879 0.0487629 0.0076496
593 0.00681457 0.00925156 0.26041
594 0.00716905 0.0471099 0.0063419
595 0.006864 0.0107411 0.205525
596 0.00716931 0.045457 0.00533374
597 0.0245081 0.0277057 0.171538
598 0.00716957 0.0438041 0.00457876
599 0.0242424 0.0262495 0.174439
600 0.00716983 0.0421511 0.00404643
601 0.0239339 0.024953 0.178276
602 0.00717008 0.0404982 0.00371984
603 0.0238293 0.0236469 0.194224
604 0.00717034 0.0388452 0.00359549
605 0.0230959 0.0225123 0.186333
606 0.0071706 0.0371923 0.00368422
607 0.0226309 0.0208734 0.202922
608 0.00717086 0.0355394 0.00401273
609 0.00717112 0.0338864 0.00462663
610 0.0216097 0.0194397 0.203636
611 0.00717138 0.0322335 0.00559518
612 0.0207068 0.0180985 0.21128
613 0.00717164 0.0305805 0.00701813
614 0.019584 0.0168475 0.215661
615 0.00717189 0.0289276 0.00903489
616 0.00717215 0.0272747 0.0118371
617 0.0183004 0.015398 0.227934
618 0.00717241 0.0256217 0.0156846
619 0.00717267 0.0239688 0.0209269
620 0.0167927 0.0144119 0.226829
621 0.00717293 0.0223158 0.0280294
622 0.0158423 0.0134167 0.242122
623 0.00717319 0.0206629 0.0376042
624 0.0145427 0.0130467 0.22911
625 0.00717344 0.0190099 0.050446
626 0.0133358 0.0123396 0.23344
627 0.0071737 0.017357 0.0675684
628 0.0121088 0.0116638 0.238501
629 0.00720029 0.0156944 0.0905176
630 0.0107737 0.0109983 0.243114
631 0.00716343 0.0140448 0.120115
632 0.00940359 0.0104474 0.24485
633 0.00700788 0.0123819 0.157915
634 0.00805283 0.00981547 0.252212
635 0.00987772 0.0706749 0.208961
636 0.0100257 0.0690562 0.171252
637 0.0102996 0.0674526 0.143724
638 0.0108333 0.0660913 0.130994
639 0.0114718 0.0648471 0.126024
640 0.0112226 0.0632941 0.0993688
641 0.0117007 0.0613116 0.0866265
642 0.0120553 0.0591958 0.0733129
643 0.012892 0.0572988 0.0731638
644 0.0136434 0.0554425 0.0723542
645 0.0144194 0.0536118 0.0729954
646 0.0152387 0.0518754 0.0753808
647 0.0161328 0.0502283 0.0803622
648 0.0170016 0.0486424 0.0852482
649 0.0178654 0.0471276 0.0907429
650 0.00854403 0.0696235 0.156391
651 0.0186473 0.0457127 0.0953953
652 0.00869719 0.0678799 0.124011
653 0.0193739 0.0443233 0.0991524
654 0.00896474 0.0661075 0.0996604
655 0.0200329 0.0429534 0.101713
656 0.00855996 0.0643331 0.0740585
657 0.0206274 0.0416142 0.103507
658 0.00850666 0.0626936 0.0586822
659 0.0211746 0.0403018 0.105183
660 0.00864398 0.0610976 0.048192
661 0.0216565 0.0389947 0.106351
662 0.00868699 0.0594663 0.0389767
663 0.0220816 0.0376548 0.107126
664 0.0086588 0.0578057 0.0311936
665 0.0224643 0.0362613 0.108125
666 0.00861386 0.0561301 0.024944
667 0.0229016 0.0346861 0.111844
668 0.00857986 0.0544751 0.0201203
669 0.00858346 0.0528398 0.0164741
670 0.0231908 0.0324251 0.11392
671 0.00860917 0.0512079 0.0136008
672 0.00860489 0.0495896 0.0112272
673 0.00860515 0.0479366 0.009301
674 0.0230796 0.0304045 0.11226
675 0.00860541 0.0462837 0.00777779
676 0.0230503 0.0285938 0.11799
677 0.00860567 0.0446308 0.0065924
678 0.0231472 0.0271493 0.130288
679 0.00860593 0.0429778 0.0057011
680 0.022562 0.0258836 0.124446
681 0.00860619 0.0413249 0.00507439
682 0.0222385 0.0241546 0.134618
683 0.00860645 0.0396719 0.00469374
684 0.0086067 0.038019 0.00455987
685 0.0214359 0.022399 0.139515
686 0.00860696 0.0363661 0.00468991
687 0.0208132 0.0209452 0.149286
688 0.00860722 0.0347131 0.00511921
689 0.00860748 0.0330602 0.00590629
690 0.0199463 0.0196217 0.155187
691 0.00860774 0.0314072 0.00713911
692 0.0189526 0.0184409 0.159297
693 0.008608 0.0297543 0.00894339
694 0.0178034 0.0172186 0.165315
695 0.00860825 0.0281013 0.0114942
696 0.00860851 0.0264484 0.0150312
697 0.0164753 0.016075 0.170335
698 0.00860877 0.0247955 0.0198767
699 0.00860903 0.0231425 0.0264627
700 0.0150026 0.0147999 0.180697
701 0.00860929 0.0214896 0.0353621
702 0.00860955 0.0198366 0.0473225
703 0.0133519 0.0140449 0.178313
704 0.00860981 0.0181837 0.0632989
705 0.0120494 0.0133186 0.182086
706 0.00867276 0.016509 0.0851119
707 0.0109544 0.0124323 0.195682
708 0.00868928 0.0148392 0.113621
709 0.00960033 0.0121344 0.188443
710 0.00852114 0.0131585 0.149825
711 0.00839537 0.0712306 0.194063
712 0.0100853 0.0646843 0.0975737
713 0.0100216 0.0619669 0.0680617
714 0.0102593 0.0602697 0.0574826
715 0.0113897 0.0575743 0.0531776
716 0.0117235 0.0557387 0.0462648
717 0.0126592 0.0539717 0.0481795
718 0.013279 0.0519759 0.0450867
719 0.0143618 0.0503187 0.0506
720 0.0152056 0.0486967 0.0529473
721 0.0161021 0.0471764 0.0571068
722 0.0169542 0.0457303 0.0612683
723 0.0177374 0.0443674 0.0651414
724 0.0184238 0.0430083 0.0676576
725 0.0189989 0.0416724 0.0686838
726 0.0195326 0.0403934 0.0698572
727 0.0200718 0.0391449 0.0720704
728 0.0205099 0.0378455 0.0730542
729 0.0101711 0.0586147 0.0459039
730 0.0208716 0.0365133 0.0735014
731 0.0101041 0.0568368 0.0366793
732 0.0211566 0.0349997 0.0733185
733 0.0100087 0.0552 0.0294085
734 0.0213493 0.0332636 0.0731294
735 0.00995281 0.053558 0.0240333
736 0.0100448 0.051974 0.0203762
737 0.0214354 0.0313409 0.0744847
738 0.0100908 0.050363 0.0170887
739 0.0100895 0.0487411 0.0142126
740 0.0100888 0.0471022 0.0118701
741 0.0214882 0.0293777 0.0795698
742 0.0100855 0.0454559 0.00999211
743 0.0215292 0.0274184 0.0891199
744 0.0100649 0.0438111 0.00847467
745 0.0100423 0.0421516 0.00733215
746 0.0209268 0.0255554 0.0916331
747 0.0100425 0.0404986 0.00655626
748 0.0203407 0.0238567 0.0975968
749 0.0100428 0.0388457 0.0060847
750 0.0100431 0.0371927 0.00592873
751 0.0197052 0.0222838 0.105742
752 0.0100433 0.0355398 0.00610971
753 0.0193198 0.0209491 0.118833
754 0.0100436 0.0338869 0.00667096
755 0.0100438 0.0322339 0.00768915
756 0.0183381 0.020057 0.116858
757 0.0100441 0.030581 0.00927628
758 0.0173362 0.018886 0.122087
759 0.0100444 0.028928 0.0115908
760 0.0161273 0.0178185 0.125371
761 0.0100446 0.0272751 0.014857
762 0.0100449 0.0256222 0.0193774
763 0.0147738 0.0167157 0.130584
764 0.0100451 0.0239692 0.0255443
765 0.0100454 0.0223163 0.0338922
766 0.0133113 0.015738 0.134719
767 0.0100456 0.0206633 0.0451396
768 0.0100459 0.0190104 0.0602038
769 0.0118031 0.0148573 0.13884
770 0.0101294 0.0173483 0.0807793
771 0.0102743 0.0138547 0.147629
772 0.00966248 0.0633597 0.0768661
773 0.0102047 0.0156456 0.108747
774 0.0111034 0.0542467 0.0340597
775 0.0114931 0.0526842 0.0312258
776 0.0128263 0.0503546 0.0338388
777 0.0133074 0.0487109 0.0317783
778 0.0143813 0.0471183 0.0358683
779 0.0152115 0.0456887 0.0382285
780 0.0161032 0.0443397 0.0421971
781 0.0168608 0.0430584 0.0451778
782 0.0174277 0.0417188 0.045898
783 0.0178814 0.0404209 0.0457008
784 0.0184331 0.0391861 0.0474101
785 0.0191276 0.0380784 0.0523544
786 0.0192318 0.0367758 0.0492583
787 0.0197233 0.0355411 0.0525846
788 0.0195495 0.0340714 0.0477519
789 0.0196339 0.032152 0.0480497
790 0.0115564 0.0511764 0.0265889
791 0.0198233 0.0303374 0.0524783
792 0.0116101 0.0495093 0.0224712
793 0.0115803 0.047934 0.0186477
794 0.0115617 0.0462583 0.0155973
795 0.0199352 0.0285233 0.0591969
796 0.0115879 0.044656 0.0132569
797 0.0196822 0.0268403 0.0639151
798 0.011489 0.0429694 0.0110662
799 0.0115116 0.0412924 0.00970788
800 0.019198 0.0251588 0.0689875
801 0.0115252 0.0396641 0.00873012
802 0.0185821 0.0234986 0.0757286
803 0.0114955 0.0380236 0.0080717
804 0.0114865 0.0363729 0.00786898
805 0.0178564 0.0217749 0.0854572
806 0.0115206 0.0347324 0.00815807
807 0.0115298 0.0330738 0.00890531
808 0.0115298 0.0314182 0.0102359
809 0.0114972 0.0297631 0.0122557
810 0.0158082 0.0195575 0.0922211
811 0.0114972 0.0280861 0.0153036
812 0.0145226 0.0184743 0.0959343
813 0.0115234 0.0264377 0.0195913
814 0.0114889 0.0248117 0.0252635
815 0.0131538 0.0174702 0.0998327
816 0.0114346 0.0231684 0.0329396
817 0.0114515 0.0215317 0.043471
818 0.0116946 0.0165438 0.103748
819 0.0115016 0.0198805 0.0578696
820 0.0115824 0.0182279 0.0772514
821 0.0170016 0.0204035 0.0935776
822 0.012835 0.0471155 0.0237986
823 0.0132992 0.0455358 0.0225158
824 0.0144996 0.0442092 0.0272152
825 0.0153069 0.0429299 0.0296932
826 0.0160699 0.0418862 0.0328331
827 0.0162517 0.040505 0.0301976
828 0.0167018 0.0391328 0.0302688
829 0.0175778 0.0374858 0.0336351
830 0.0180012 0.0353349 0.0336623
831 0.0179054 0.0331495 0.0318912
832 0.0178864 0.0309577 0.0332675
833 0.0185491 0.029378 0.0421483
834 0.0182934 0.0279528 0.0443456
835 0.0129198 0.0437941 0.0171824
836 0.0180358 0.0264108 0.0490725
837 0.0128919 0.0420776 0.0146103
838 0.0130694 0.0404447 0.0133498
839 0.0175436 0.0248137 0.0544107
840 0.0129791 0.0388565 0.0117185
841 0.016938 0.0231804 0.0617132
842 0.0129069 0.037202 0.0107934
843 0.012981 0.0356081 0.0107159
844 0.0130614 0.0339513 0.0111864
845 0.0130723 0.0322634 0.0121924
846 0.0130078 0.030593 0.0138418
847 0.0128733 0.0289142 0.0163325
848 0.0144265 0.0202355 0.0714378
849 0.0130001 0.027225 0.0206642
850 0.0130211 0.0191754 0.0742672
851 0.0130466 0.0256121 0.0262978
852 0.0128299 0.0239884 0.0330561
853 0.0127923 0.0224048 0.0425047
854 0.0129156 0.0208078 0.056014
855 0.0158902 0.0214648 0.0691608
856 0.0140288 0.0428529 0.0211481
857 0.0145833 0.0413145 0.0210021
858 0.0147652 0.039483 0.0188907
859 0.0156674 0.0378573 0.0214578
860 0.0161175 0.0360504 0.0219983
861 0.0162497 0.0341491 0.021848
862 0.00319413 0.081438 0.600403
863 0.0170825 0.0291733 0.031795
864 0.0166555 0.0274135 0.0346972
865 0.0165608 0.026006 0.0402645
866 0.0158848 0.0247763 0.0426199
867 0.01418 0.0380106 0.0150984
868 0.0144375 0.0365542 0.0150597
869 0.0145793 0.0349132 0.0151034
870 0.0146423 0.0331426 0.0156933
871 0.0146082 0.0313848 0.0170006
872 0.0143822 0.02967 0.0188469
873 0.0141116 0.0281203 0.0214965
874 0.0142737 0.0218332 0.05437
875 0.0148589 0.0265024 0.029056
876 0.0143675 0.0245916 0.0358309
877 0.0139702 0.0232148 0.0423652
878 0.0160094 0.030258 0.0238215
879 0.0155144 0.0283253 0.0259718
