1 6.12323e-19 -0.01 0.303058
2 4.08216e-19 0.00533333 0.465273
3 6.12323e-19 0.01 0.412263
4 4.08216e-19 0.0186667 0.245153
5 0.0058742 0.0151525 0.187738
6 0.00956943 -0.00290274 0.188883
7 0.00555552 0.00831481 0.287131
8 0 0.00500709 0.46778
9 0 0.00468085 0.470176
10 0 0.00435461 0.472361
11 0 0.00402837 0.474322
12 0 0.00370213 0.476071
13 0 0.00337589 0.477609
14 0 0.00304965 0.478927
15 0 0.0027234 0.480019
16 0 0.00239716 0.480877
17 0 0.00207092 0.481497
18 0 0.00174468 0.481871
19 0 0.00141844 0.481995
20 0 0.0010922 0.481864
21 0 0.000765957 0.481472
22 0 0.000439716 0.480816
23 0 0.000113475 0.479891
24 0 -0.000212766 0.478693
25 0 -0.000539007 0.477219
26 0 -0.000865248 0.475464
27 0 -0.00119149 0.473426
28 0 -0.00151773 0.471102
29 0 -0.00184397 0.468488
30 0 -0.00217021 0.465581
31 0 -0.00249645 0.46238
32 0 -0.0028227 0.458882
33 0 -0.00314894 0.455084
34 0 -0.00347518 0.450984
35 0 -0.00380142 0.44658
36 0 -0.00412766 0.44187
37 0 -0.0044539 0.436853
38 0 -0.00478014 0.431526
39 0 -0.00510638 0.425888
40 0 -0.00543262 0.419937
41 0 -0.00575887 0.413673
42 0 -0.00608511 0.407092
43 0 -0.00641135 0.400195
44 0 -0.00673759 0.39298
45 0 -0.00706383 0.385446
46 0 -0.00739007 0.377591
47 0 -0.00771631 0.369415
48 0 -0.00804255 0.360916
49 0 -0.00836879 0.352095
50 0 -0.00869504 0.342953
51 0 -0.00902128 0.333475
52 0 -0.00934752 0.323671
53 0 -0.00967376 0.313636
54 0.0096593 -0.00258804 0.186766
55 0.00973879 -0.00227067 0.184889
56 0.00980788 -0.00195076 0.183252
57 0.00986645 -0.00162885 0.181861
58 0.00991446 -0.00130515 0.180726
59 0.00995186 -0.000980014 0.179855
60 0.0099786 -0.000653939 0.179253
61 0.00999465 -0.000327049 0.178918
62 0.01 1.40584e-07 0.178852
63 0.00999464 0.000327294 0.179064
64 0.00997858 0.000654183 0.17955
65 0.00995184 0.000980265 0.180311
66 0.00991443 0.0013054 0.18134
67 0.0098664 0.00162914 0.182638
68 0.00980783 0.00195103 0.184204
69 0.00973873 0.00227094 0.186037
70 0.00965922 0.00258833 0.188122
71 0.00956936 0.00290298 0.190455
72 0.00946924 0.00321458 0.193033
73 0.00935901 0.00352262 0.195853
74 0.00923873 0.003827 0.198906
75 0.00910857 0.00412723 0.202177
76 0.00896867 0.00442301 0.205661
77 0.00881912 0.00471413 0.209354
78 0.00866019 0.00500011 0.213252
79 0.00849193 0.00528083 0.217346
80 0.00831457 0.00555589 0.221624
81 0.00812837 0.00582491 0.226086
82 0.0079334 0.00608779 0.230737
83 0.00772999 0.00634407 0.235573
84 0.00751828 0.00659359 0.240604
85 0.00729848 0.00683609 0.24584
86 0.00707095 0.00707118 0.251308
87 0.00683577 0.00729879 0.257059
88 0.0065933 0.00751854 0.263175
89 0.0063438 0.00773021 0.269857
90 0.00608744 0.00793367 0.277665
91 0.00582464 0.00812856 0.28772
92 0.00536729 0.00804568 0.305836
93 0.00516618 0.00778633 0.321641
94 0.00495239 0.00753701 0.336213
95 0.00472675 0.00729869 0.349985
96 0.00448947 0.00707161 0.363064
97 0.0042413 0.00685648 0.375455
98 0.00398304 0.00665399 0.387142
99 0.00371491 0.00646431 0.398121
100 0.00343798 0.00628819 0.408353
101 0.0031525 0.0061258 0.417824
102 0.00285937 0.00597767 0.426497
103 0.00255953 0.00584425 0.43434
104 0.00225325 0.00572566 0.441341
105 0.00194175 0.00562238 0.447458
106 0.00162529 0.00553449 0.452693
107 0.00130489 0.00546229 0.457014
108 0.000981571 0.00540599 0.460403
109 0.000655626 0.00536565 0.462878
110 0.000328333 0.00534142 0.464442
111 0.00032724 -0.00999464 0.302647
112 0.000654023 -0.00997859 0.302169
113 0.000980212 -0.00995184 0.301462
114 0.00130527 -0.00991445 0.300508
115 0.00162896 -0.00986643 0.299307
116 0.00195095 -0.00980784 0.297855
117 0.00227075 -0.00973877 0.296159
118 0.00258822 -0.00965925 0.294229
119 0.00290288 -0.00956939 0.292073
120 0.00321439 -0.0094693 0.289692
121 0.00352254 -0.00935904 0.287099
122 0.00382682 -0.0092388 0.284308
123 0.0041271 -0.00910862 0.281332
124 0.00442296 -0.00896869 0.278181
125 0.00471399 -0.0088192 0.274868
126 0.00500007 -0.00866022 0.271406
127 0.00528071 -0.008492 0.267815
128 0.00555573 -0.00831468 0.264108
129 0.00582485 -0.00812842 0.260297
130 0.00608763 -0.00793352 0.256402
131 0.00634399 -0.00773006 0.25244
132 0.00659351 -0.00751835 0.24843
133 0.00683595 -0.00729862 0.244386
134 0.00707113 -0.00707101 0.240321
135 0.00729866 -0.00683591 0.236259
136 0.00751844 -0.00659341 0.232219
137 0.00773018 -0.00634384 0.228215
138 0.00793357 -0.00608757 0.224263
139 0.00812853 -0.00582469 0.22038
140 0.00831474 -0.00555564 0.216582
141 0.00849206 -0.00528062 0.212894
142 0.00866031 -0.00499989 0.209325
143 0.00881924 -0.00471392 0.205888
144 0.00896877 -0.00442279 0.202598
145 0.00910868 -0.00412698 0.199472
146 0.00923882 -0.00382677 0.196531
147 0.0093591 -0.00352239 0.193778
148 0.00946932 -0.00321434 0.191223
149 0 0.00966667 0.416917
150 0 0.00933333 0.421393
151 0 0.009 0.425762
152 0 0.00866667 0.430021
153 0 0.00833333 0.434167
154 0 0.008 0.438194
155 0 0.00766667 0.442094
156 0 0.00733333 0.445861
157 0 0.007 0.449488
158 0 0.00666667 0.452968
159 0 0.00633333 0.456294
160 0 0.006 0.459476
161 0 0.00566667 0.462588
162 0.00528048 0.00849215 0.300285
163 0.0049998 0.00866037 0.311968
164 0.00471378 0.00881931 0.32374
165 0.00442273 0.00896881 0.334873
166 0.00412694 0.0091087 0.345289
167 0.00382673 0.00923884 0.354971
168 0.00352242 0.00935909 0.363914
169 0.00321431 0.00946933 0.372113
170 0.00290274 0.00956943 0.379564
171 0.00258807 0.00965929 0.386251
172 0.00227064 0.0097388 0.392178
173 0.0019508 0.00980787 0.397336
174 0.00162888 0.00986644 0.401718
175 0.00130523 0.00991445 0.405327
176 0.000980167 0.00995185 0.408154
177 0.000654048 0.00997859 0.410225
178 0.000327211 0.00999465 0.411548
179 0.00571266 0.0154366 0.190631
180 0.00553745 0.0157123 0.193736
181 0.00534896 0.0159791 0.197015
182 0.00514763 0.0162363 0.200432
183 0.00493389 0.0164834 0.203947
184 0.00470826 0.0167198 0.207519
185 0.00447136 0.0169448 0.211111
186 0.00422378 0.0171579 0.214683
187 0.00396607 0.0173586 0.218195
188 0.00369879 0.0175465 0.221615
189 0.00342255 0.0177211 0.224908
190 0.00313809 0.0178819 0.228038
191 0.00284618 0.0180286 0.230972
192 0.00254747 0.0181607 0.233684
193 0.00224264 0.0182781 0.236147
194 0.00193235 0.0183805 0.238335
195 0.00161736 0.0184675 0.240229
196 0.00129855 0.018539 0.241815
197 0.000976685 0.0185947 0.243078
198 0.000652492 0.0186347 0.244012
199 0.000326689 0.0186587 0.244643
200 0.00572944 0.00859148 0.259901
201 0.00588953 0.00887625 0.241067
202 0.00603547 0.00916848 0.22743
203 0.00616693 0.00946752 0.216844
204 0.0062836 0.0097727 0.208228
205 0.00638519 0.0100833 0.2011
206 0.00647143 0.0103984 0.195171
207 0.00654212 0.0107174 0.19026
208 0.00659709 0.0110393 0.186226
209 0.00663623 0.0113637 0.182987
210 0.00665944 0.0116896 0.180471
211 0.00666665 0.0120163 0.178619
212 0.00665784 0.0123429 0.177382
213 0.00663305 0.0126686 0.176717
214 0.00659234 0.0129927 0.17659
215 0.00653578 0.0133145 0.17696
216 0.00646352 0.0136332 0.177795
217 0.00637574 0.0139479 0.179061
218 0.00627266 0.0142579 0.180725
219 0.00615454 0.0145624 0.182748
220 0.00602162 0.0148609 0.185096
221 0 0.0183457 0.253602
222 0 0.0180247 0.261631
223 0 0.0177037 0.269565
224 0 0.0173827 0.277307
225 0 0.0170617 0.284836
226 0 0.0167407 0.292168
227 0 0.0164198 0.299326
228 0 0.0160988 0.30631
229 0 0.0157778 0.313124
230 0 0.0154568 0.319771
231 0 0.0151358 0.326257
232 0 0.0148148 0.332588
233 0 0.0144938 0.338768
234 0 0.0141728 0.344803
235 0 0.0138519 0.350699
236 0 0.0135309 0.356461
237 0 0.0132099 0.362095
238 0 0.0128889 0.367606
239 0 0.0125679 0.372998
240 0 0.0122469 0.378276
241 0 0.0119259 0.383444
242 0 0.0116049 0.388507
243 0 0.011284 0.39347
244 0 0.010963 0.398331
245 0 0.010642 0.403074
246 0 0.010321 0.407692
247 0.00676175 0.00230008 0.332128
248 0.00565974 0.00713168 0.313904
249 0.00282926 0.00428585 0.442708
250 0.00487301 0.00538785 0.373728
251 0.00116669 0.00434326 0.466856
252 0.00204587 -0.0094703 0.307362
253 0.00173191 -0.00953945 0.308645
254 0.0014193 -0.00959226 0.309848
255 0.00236313 -0.00939297 0.305705
256 0.00108905 -0.00962322 0.311288
257 0.00268041 -0.0093155 0.303457
258 0.000757821 -0.00965197 0.312188
259 0.00297298 -0.00923044 0.301266
260 0.000409977 -0.00968097 0.312521
261 0.00326769 -0.00912832 0.299028
262 0.00356081 -0.00900969 0.296776
263 0.00386173 -0.00888292 0.294045
264 0.00416268 -0.00875603 0.290747
265 0.000283768 -0.00917622 0.328374
266 0.00443761 -0.00862454 0.287672
267 0.000298575 -0.00886727 0.337472
268 0.00470338 -0.00848168 0.284672
269 0.000282533 -0.00853191 0.347082
270 0.00498043 -0.00830866 0.281694
271 0.000282533 -0.00820567 0.356066
272 0.00525738 -0.00813567 0.27818
273 0.000282533 -0.00787943 0.364727
274 0.00553436 -0.00796259 0.27413
275 0.000282533 -0.00755319 0.373064
276 0.00578152 -0.00778792 0.270578
277 0.000282533 -0.00722695 0.381079
278 0.00602086 -0.00760077 0.267157
279 0.000282533 -0.00690071 0.388773
280 0.0062669 -0.00738595 0.26372
281 0.000282533 -0.00657447 0.396147
282 0.00651283 -0.00717114 0.259789
283 0.000282533 -0.00624823 0.403202
284 0.00675882 -0.00695624 0.255361
285 0.000282533 -0.00592199 0.40994
286 0.00697195 -0.0067461 0.251653
287 0.000282533 -0.00559574 0.416362
288 0.00717715 -0.00651733 0.248264
289 0.000282533 -0.0052695 0.422469
290 0.00738595 -0.00626618 0.24477
291 0.000282533 -0.00494326 0.428262
292 0.0075946 -0.00601501 0.240827
293 0.000282533 -0.00461702 0.433743
294 0.00779085 -0.00577038 0.236861
295 0.000282533 -0.00429078 0.438914
296 0.00797577 -0.00551682 0.233163
297 0.000282533 -0.00396454 0.443776
298 0.00814148 -0.00526036 0.23001
299 0.000282533 -0.0036383 0.448332
300 0.00830772 -0.00497923 0.226864
301 0.000282533 -0.00331206 0.452582
302 0.00847381 -0.00469808 0.223309
303 0.000282533 -0.00298582 0.456529
304 0.00862745 -0.00442555 0.219833
305 0.000282533 -0.00265957 0.460176
306 0.00876769 -0.00414474 0.216771
307 0.000282533 -0.00233333 0.463523
308 0.00888808 -0.00386264 0.214372
309 0.000282533 -0.00200709 0.466575
310 0.00900778 -0.0035583 0.211928
311 0.000282533 -0.00168085 0.469333
312 0.00912769 -0.00325452 0.209084
313 0.000282533 -0.00135461 0.4718
314 0.00923363 -0.00296191 0.206492
315 0.000282533 -0.00102837 0.473978
316 0.00932544 -0.00266188 0.204384
317 0.000282533 -0.000702128 0.475872
318 0.00939647 -0.00236143 0.203065
319 0.000282533 -0.000375887 0.477483
320 0.00946597 -0.0020402 0.201651
321 0.000282533 -4.96454e-05 0.478816
322 0.00953599 -0.00171862 0.199847
323 0.000282533 0.000276596 0.479874
324 0.00959304 -0.00141323 0.198321
325 0.000282533 0.000602837 0.480661
326 0.00963486 -0.00110332 0.19734
327 0.000282533 0.000929078 0.481181
328 0.00965641 -0.000791201 0.197177
329 0.000282533 0.00125532 0.481438
330 0.0096745 -0.000465152 0.196915
331 0.000282533 0.00158156 0.481437
332 0.00969246 -0.000139054 0.196313
333 0.000282533 0.0019078 0.481183
334 0.00969624 0.000165961 0.196171
335 0.000282533 0.00223404 0.480681
336 0.00968277 0.000479529 0.196687
337 0.000282533 0.00256028 0.479937
338 0.00965537 0.000792209 0.197671
339 0.000282533 0.00288652 0.478956
340 0.00962142 0.00111697 0.198663
341 0.000282533 0.00321277 0.477745
342 0.00958734 0.0014418 0.199318
343 0.000282533 0.00353901 0.47631
344 0.00954133 0.00174307 0.20042
345 0.000282533 0.00386525 0.474656
346 0.00948176 0.00203885 0.202005
347 0.000294759 0.00420047 0.472701
348 0.00939661 0.00235419 0.204562
349 0.000310714 0.00453487 0.470519
350 0.00931146 0.00266943 0.206768
351 0.000282533 0.00484397 0.468431
352 0.00922623 0.00298474 0.208624
353 0.000234356 0.00511739 0.466474
354 0.00913083 0.00327196 0.210967
355 0.00902121 0.00355532 0.213805
356 0.000512409 0.00509093 0.465768
357 0.00888706 0.00385312 0.217456
358 0.000838245 0.00510198 0.463917
359 0.00875288 0.00415081 0.220745
360 0.00118476 0.00516542 0.460674
361 0.00861864 0.00444859 0.223674
362 0.00151825 0.00523847 0.456573
363 0.0084794 0.00471355 0.22699
364 0.00184607 0.00532065 0.451595
365 0.00832006 0.00497631 0.231048
366 0.00218136 0.00541656 0.4455
367 0.00814033 0.00524902 0.235636
368 0.00250078 0.00553443 0.438577
369 0.00796054 0.0055216 0.239867
370 0.00281173 0.00566807 0.430803
371 0.00778342 0.00578041 0.243867
372 0.00312807 0.00580689 0.42197
373 0.00759442 0.00603097 0.248275
374 0.0034274 0.00596706 0.412432
375 0.00739713 0.00626399 0.253114
376 0.00371616 0.00615277 0.402011
377 0.00717636 0.00650467 0.258619
378 0.00399993 0.00633797 0.390859
379 0.00695553 0.00674523 0.263848
380 0.00427584 0.00653904 0.378854
381 0.00673569 0.00697501 0.269029
382 0.0045402 0.00676449 0.365979
383 0.0065044 0.00718849 0.274943
384 0.00479047 0.00698938 0.352708
385 0.0062462 0.00739487 0.282227
386 0.00502955 0.00722187 0.338837
387 0.00596682 0.00761127 0.290386
388 0.00525546 0.00747756 0.324141
389 0.00566915 0.00790159 0.297318
390 0.000239782 -0.00943365 0.320626
391 0.00541569 0.0077162 0.311939
392 0.00182661 -0.00922663 0.31725
393 0.00213757 -0.00915703 0.315777
394 0.00151572 -0.00928625 0.318456
395 0.00120329 -0.00932912 0.31962
396 0.00245472 -0.00907964 0.313877
397 0.000865501 -0.00935086 0.321011
398 0.00274314 -0.00899975 0.311914
399 0.000542252 -0.00938669 0.32128
400 0.00302847 -0.00891027 0.309785
401 0.0033125 -0.00880296 0.307701
402 0.00360155 -0.00868584 0.305287
403 0.00390238 -0.00855901 0.302358
404 0.0041713 -0.00843466 0.299558
405 0.000623162 -0.00906166 0.330818
406 0.00443556 -0.00829875 0.296725
407 0.000568082 -0.00870521 0.341381
408 0.00469216 -0.0081554 0.293837
409 0.000565013 -0.00836879 0.350835
410 0.00496917 -0.00798245 0.290694
411 0.000565013 -0.00804255 0.359662
412 0.00524607 -0.00780941 0.287018
413 0.000565013 -0.00771631 0.36816
414 0.00548826 -0.00764472 0.283696
415 0.000565013 -0.00739007 0.376334
416 0.00572647 -0.00746666 0.280407
417 0.000565013 -0.00706383 0.384187
418 0.00595796 -0.00728042 0.277114
419 0.000565013 -0.00673759 0.39172
420 0.00620393 -0.00706568 0.273544
421 0.000565013 -0.00641135 0.398933
422 0.00644985 -0.0068508 0.269482
423 0.000565013 -0.00608511 0.405828
424 0.00665921 -0.00664989 0.266023
425 0.000565013 -0.00575887 0.412406
426 0.00686493 -0.00643768 0.262564
427 0.000565013 -0.00543262 0.418668
428 0.00706418 -0.00621105 0.259272
429 0.000565013 -0.00510638 0.424616
430 0.00727287 -0.00595999 0.25567
431 0.000565013 -0.00478014 0.430251
432 0.0074706 -0.0057179 0.251912
433 0.000565013 -0.0044539 0.435574
434 0.00765298 -0.00547839 0.248373
435 0.000565013 -0.00412766 0.440588
436 0.00782096 -0.00523158 0.24523
437 0.000565013 -0.00380142 0.445294
438 0.00798129 -0.00497592 0.242223
439 0.000565013 -0.00347518 0.449694
440 0.00814742 -0.0046949 0.238977
441 0.000565013 -0.00314894 0.453789
442 0.0083029 -0.00442504 0.235663
443 0.000565013 -0.0028227 0.457582
444 0.00844234 -0.00416051 0.23268
445 0.000565013 -0.00249645 0.461075
446 0.00856753 -0.00388904 0.230151
447 0.000565013 -0.00217021 0.464271
448 0.00868466 -0.00360693 0.227825
449 0.000565013 -0.00184397 0.467171
450 0.00880482 -0.00330262 0.225251
451 0.000565013 -0.00151773 0.469778
452 0.00891239 -0.00301488 0.222773
453 0.000565013 -0.00119149 0.472096
454 0.00900508 -0.00273117 0.220698
455 0.000565013 -0.000865248 0.474126
456 0.00908458 -0.00244443 0.219029
457 0.000565013 -0.000539007 0.475873
458 0.0091539 -0.00214082 0.217718
459 0.000565013 -0.000212766 0.477338
460 0.00922351 -0.001819 0.216177
461 0.000565013 0.000113475 0.478527
462 0.00928334 -0.00151916 0.214684
463 0.000565013 0.000439716 0.479442
464 0.00933194 -0.00122338 0.213467
465 0.000565013 0.000765957 0.480087
466 0.00936129 -0.000921984 0.213017
467 0.000565013 0.0010922 0.480468
468 0.00938325 -0.000612517 0.212689
469 0.000565013 0.00141844 0.480587
470 0.00940124 -0.000286558 0.212285
471 0.000565013 0.00174468 0.48045
472 0.00940915 1.40827e-05 0.212081
473 0.000565013 0.00207092 0.480062
474 0.00940614 0.000312658 0.212184
475 0.000565013 0.00239716 0.479428
476 0.00938717 0.000613632 0.212869
477 0.000565013 0.0027234 0.478554
478 0.00935729 0.000925205 0.21383
479 0.000565013 0.00304965 0.477446
480 0.00932325 0.00124989 0.214652
481 0.000565013 0.00337589 0.476109
482 0.00928226 0.00154342 0.215655
483 0.000573498 0.00370582 0.474491
484 0.00922902 0.00183574 0.217043
485 0.000577984 0.00403346 0.472682
486 0.00916627 0.00212283 0.218691
487 0.000602666 0.00437646 0.470471
488 0.00908118 0.00243812 0.221041
489 0.000647235 0.00475992 0.467655
490 0.00899596 0.00275332 0.223049
491 0.00890867 0.00303289 0.225154
492 0.00880742 0.00331253 0.227706
493 0.0086964 0.00358811 0.230515
494 0.0085623 0.00388583 0.233944
495 0.00104258 0.00484934 0.464375
496 0.00842805 0.00418353 0.237023
497 0.00140493 0.00492274 0.460407
498 0.00829647 0.00444226 0.240157
499 0.00175495 0.00500174 0.455544
500 0.00815314 0.00470071 0.243597
501 0.00210113 0.00508868 0.449712
502 0.00799418 0.00495711 0.247543
503 0.0024418 0.00519968 0.442818
504 0.00781451 0.00522969 0.251924
505 0.00277121 0.00533469 0.434972
506 0.00764026 0.00548918 0.255925
507 0.00309682 0.00547722 0.426191
508 0.00746402 0.00573324 0.259988
509 0.00341901 0.0056211 0.416539
510 0.00727639 0.00596563 0.264526
511 0.00371825 0.0058101 0.406082
512 0.00707844 0.00619326 0.269375
513 0.00401377 0.00600487 0.394743
514 0.00685774 0.00643381 0.274768
515 0.00431367 0.00620288 0.38227
516 0.00664469 0.00665937 0.279886
517 0.00459357 0.00642343 0.369214
518 0.00642059 0.00687422 0.285565
519 0.00486128 0.0066595 0.355425
520 0.00617943 0.00707474 0.292229
521 0.00512619 0.0069022 0.340691
522 0.00592645 0.00727441 0.299378
523 0.00536449 0.00717334 0.325658
524 0.00561716 0.00747657 0.308657
525 0.00161504 -0.00897867 0.326736
526 0.00191216 -0.00892103 0.325389
527 0.00221697 -0.00884415 0.323985
528 0.00131118 -0.00903049 0.327795
529 0.000985503 -0.00908583 0.328342
530 0.00251676 -0.00876655 0.322122
531 0.00279465 -0.00868459 0.320203
532 0.00306831 -0.00858975 0.318254
533 0.00334135 -0.00848869 0.316032
534 0.00364218 -0.00836202 0.313465
535 0.0039126 -0.00824007 0.310889
536 0.00417476 -0.00811299 0.308179
537 0.000832634 -0.00883207 0.336589
538 0.00442724 -0.00797502 0.305554
539 0.000851104 -0.00853594 0.344962
540 0.00468098 -0.00782917 0.302669
541 0.00086939 -0.00822009 0.353584
542 0.00495784 -0.00765626 0.299364
543 0.000857593 -0.00788572 0.362529
544 0.00520334 -0.00749314 0.296224
545 0.000847492 -0.00755319 0.37108
546 0.00543659 -0.00732881 0.293064
547 0.000847492 -0.00722695 0.379092
548 0.00566679 -0.00714912 0.289963
549 0.000847492 -0.00690071 0.386782
550 0.00589507 -0.00696015 0.28673
551 0.000847492 -0.00657447 0.394153
552 0.00614091 -0.0067454 0.283032
553 0.000847492 -0.00624823 0.401205
554 0.00635343 -0.00654592 0.279731
555 0.000847492 -0.00592199 0.407939
556 0.00655748 -0.00634493 0.276392
557 0.000847492 -0.00559574 0.414356
558 0.00675464 -0.00613143 0.273204
559 0.000847492 -0.0052695 0.420458
560 0.0069512 -0.00590488 0.269921
561 0.000847492 -0.00494326 0.426246
562 0.00715974 -0.00565378 0.266212
563 0.000847492 -0.00461702 0.431721
564 0.00733436 -0.00542438 0.263099
565 0.000847492 -0.00429078 0.436885
566 0.00750243 -0.00519447 0.259929
567 0.000847492 -0.00396454 0.441741
568 0.00766341 -0.0049493 0.256989
569 0.000847492 -0.0036383 0.446288
570 0.00782109 -0.00469161 0.254048
571 0.000847492 -0.00331206 0.450531
572 0.00797498 -0.00442302 0.25108
573 0.000847492 -0.00298582 0.454469
574 0.00811852 -0.00415793 0.248178
575 0.000847492 -0.00265957 0.458106
576 0.00824553 -0.00390558 0.245551
577 0.000847492 -0.00233333 0.461444
578 0.00836627 -0.0036374 0.24312
579 0.000847492 -0.00200709 0.464485
580 0.00848155 -0.00335085 0.240843
581 0.000847492 -0.00168085 0.467231
582 0.0085928 -0.00306117 0.238455
583 0.000847492 -0.00135461 0.469686
584 0.00868698 -0.00278026 0.236499
585 0.000847492 -0.00102837 0.471851
586 0.00876603 -0.00251214 0.234895
587 0.000847492 -0.000702128 0.47373
588 0.00884146 -0.00222137 0.233377
589 0.000847492 -0.000375887 0.475327
590 0.00891108 -0.00191986 0.231923
591 0.000847492 -4.96454e-05 0.476643
592 0.00897381 -0.0016188 0.2305
593 0.000847492 0.000276596 0.477684
594 0.00902598 -0.00132588 0.229276
595 0.000847492 0.000602837 0.478452
596 0.00906157 -0.00104533 0.228585
597 0.000847492 0.000929078 0.478952
598 0.00908839 -0.000743018 0.228155
599 0.000847492 0.00125532 0.479189
600 0.00911008 -0.000433958 0.22771
601 0.000847492 0.00158156 0.479165
602 0.00912134 -0.000134281 0.227498
603 0.000847492 0.0019078 0.478887
604 0.00912315 0.000159133 0.2275
605 0.000847492 0.00223404 0.47836
606 0.00911065 0.000444462 0.227995
607 0.000847492 0.00256028 0.477589
608 0.00909311 0.000733437 0.228488
609 0.000847492 0.00288652 0.476579
610 0.00905922 0.00105808 0.229473
611 0.000847492 0.00321277 0.475338
612 0.00902094 0.00135244 0.230469
613 0.000857626 0.00354448 0.473777
614 0.00897528 0.00164037 0.231603
615 0.000871897 0.00387269 0.471977
616 0.00891717 0.00192189 0.233154
617 0.000880317 0.00418971 0.470057
618 0.00885084 0.00220682 0.234845
619 0.000928697 0.00453128 0.467506
620 0.00876574 0.00252196 0.236999
621 0.00868092 0.00280425 0.239076
622 0.00859137 0.00307515 0.241218
623 0.00848623 0.0033476 0.243869
624 0.00837166 0.0036209 0.246704
625 0.00823751 0.00391848 0.249926
626 0.00128242 0.00461247 0.46397
627 0.00810814 0.00417998 0.253033
628 0.00163829 0.00467072 0.45962
629 0.00797481 0.00443367 0.256161
630 0.00200155 0.00475753 0.453972
631 0.00782806 0.00468419 0.259713
632 0.0023711 0.00485014 0.447127
633 0.00766839 0.00493787 0.263556
634 0.00271651 0.00498358 0.439349
635 0.00748863 0.00521031 0.267754
636 0.00305108 0.00514096 0.430585
637 0.00731986 0.00544402 0.27177
638 0.00339257 0.00528057 0.420831
639 0.00714876 0.00567162 0.275751
640 0.00371939 0.00545552 0.410102
641 0.00695986 0.00589683 0.280357
642 0.00402359 0.00566728 0.398615
643 0.00675987 0.00612249 0.285232
644 0.00433993 0.00585638 0.386037
645 0.00654707 0.00635141 0.290407
646 0.00464731 0.00607087 0.37244
647 0.00634072 0.00657136 0.295288
648 0.00492506 0.00631271 0.358534
649 0.00611376 0.00676582 0.301471
650 0.0052011 0.0065634 0.343622
651 0.00586796 0.006934 0.308896
652 0.00549942 0.00681911 0.326806
653 0.00140146 -0.00872401 0.335992
654 0.00170613 -0.00867433 0.334657
655 0.00199642 -0.0086035 0.33355
656 0.00228747 -0.00852993 0.332009
657 0.00111436 -0.0087672 0.33686
658 0.00257126 -0.00845117 0.330217
659 0.00283681 -0.00836531 0.328436
660 0.00310766 -0.00826885 0.326417
661 0.00338339 -0.00816152 0.324139
662 0.00365745 -0.00804348 0.321707
663 0.00391539 -0.00791932 0.31932
664 0.0041619 -0.00779215 0.316853
665 0.0044143 -0.00765301 0.314133
666 0.00119336 -0.00843454 0.345744
667 0.00466972 -0.00750304 0.31117
668 0.00115534 -0.00805677 0.356254
669 0.00491983 -0.00733994 0.308226
670 0.00113965 -0.00771857 0.365175
671 0.00515727 -0.00717385 0.305283
672 0.00112997 -0.00739007 0.373468
673 0.00537594 -0.0070126 0.302396
674 0.00112997 -0.00706383 0.381317
675 0.00560384 -0.00683327 0.299257
676 0.00112997 -0.00673759 0.388845
677 0.00583209 -0.00663996 0.296009
678 0.00112997 -0.00641135 0.396054
679 0.00605066 -0.00644005 0.292816
680 0.00112997 -0.00608511 0.402943
681 0.0062539 -0.0062402 0.289773
682 0.00112997 -0.00575887 0.409515
683 0.00644476 -0.00604342 0.28676
684 0.00112997 -0.00543262 0.41577
685 0.00664189 -0.00582536 0.283581
686 0.00112997 -0.00510638 0.42171
687 0.00683809 -0.0055988 0.280216
688 0.00112997 -0.00478014 0.427337
689 0.00701706 -0.00536825 0.27723
690 0.00112997 -0.0044539 0.432651
691 0.0071859 -0.00513931 0.274282
692 0.00112997 -0.00412766 0.437655
693 0.00734264 -0.00491522 0.271432
694 0.00112997 -0.00380142 0.44235
695 0.00750266 -0.00467136 0.268442
696 0.00112997 -0.00347518 0.446738
697 0.00765198 -0.0044139 0.265783
698 0.00112997 -0.00314894 0.450821
699 0.00779567 -0.00415343 0.263074
700 0.00112997 -0.0028227 0.454601
701 0.00792368 -0.00390157 0.260632
702 0.00112997 -0.00249645 0.45808
703 0.00804346 -0.0036533 0.258229
704 0.00112997 -0.00217021 0.46126
705 0.00816206 -0.00338012 0.255881
706 0.00112997 -0.00184397 0.464144
707 0.00826865 -0.00310717 0.253781
708 0.00112997 -0.00151773 0.466734
709 0.00836636 -0.00282964 0.251846
710 0.00112997 -0.00119149 0.469033
711 0.00844917 -0.00256314 0.250241
712 0.00112997 -0.000865248 0.471043
713 0.0085254 -0.00229387 0.248712
714 0.00112997 -0.000539007 0.472768
715 0.00859789 -0.00200434 0.24724
716 0.00112997 -0.000212766 0.47421
717 0.00866436 -0.00171422 0.245771
718 0.00112997 0.000113475 0.475374
719 0.00871619 -0.00142171 0.244757
720 0.00112997 0.000439716 0.476263
721 0.00875586 -0.00114939 0.243986
722 0.00112997 0.000765957 0.47688
723 0.00878902 -0.000866719 0.243334
724 0.00112997 0.0010922 0.47723
725 0.00881897 -0.000581158 0.242587
726 0.00112997 0.00141844 0.477317
727 0.00883267 -0.000276707 0.242433
728 0.00112997 0.00174468 0.477146
729 0.00883473 1.07613e-05 0.242575
730 0.00112997 0.00207092 0.476722
731 0.00882854 0.000287999 0.242882
732 0.00112997 0.00239716 0.47605
733 0.0088148 0.000574096 0.243319
734 0.00112997 0.0027234 0.475134
735 0.0087922 0.000868739 0.243933
736 0.00112997 0.00304965 0.473982
737 0.00875882 0.00116516 0.244813
738 0.00114144 0.00338327 0.472472
739 0.00871473 0.00144858 0.246014
740 0.00116101 0.00371773 0.470649
741 0.00866486 0.00172248 0.247296
742 0.0011979 0.00405311 0.468424
743 0.00860639 0.00200183 0.248733
744 0.00853549 0.00229072 0.250474
745 0.00845205 0.00257746 0.252574
746 0.00836201 0.00285286 0.254815
747 0.00827116 0.00310889 0.257008
748 0.00816571 0.00337903 0.259531
749 0.00804698 0.00365357 0.262382
750 0.00791898 0.00392091 0.265472
751 0.00150829 0.00430211 0.463762
752 0.00778642 0.00417407 0.26868
753 0.00189206 0.00441826 0.458101
754 0.007654 0.00441349 0.271804
755 0.00227486 0.00450416 0.45154
756 0.00750249 0.0046651 0.275408
757 0.00267799 0.00459247 0.443448
758 0.00734266 0.00491848 0.279101
759 0.00301195 0.0048047 0.434554
760 0.00717407 0.00515668 0.28316
761 0.00334271 0.0049407 0.425449
762 0.00700404 0.00538472 0.287202
763 0.00372456 0.00505339 0.414266
764 0.0068357 0.00559976 0.291166
765 0.00402727 0.00530563 0.402719
766 0.00664367 0.00582449 0.295816
767 0.00431998 0.00551017 0.391097
768 0.00644127 0.00604462 0.300803
769 0.00469216 0.00567509 0.376365
770 0.00623461 0.0062633 0.305821
771 0.0049934 0.00595118 0.361478
772 0.00606754 0.00649138 0.308783
773 0.00525419 0.00620319 0.347524
774 0.00581121 0.00661495 0.31748
775 0.00553002 0.00643898 0.332424
776 0.00149972 -0.00846425 0.342475
777 0.00175735 -0.00835577 0.343051
778 0.00204716 -0.00828315 0.341839
779 0.00234271 -0.00821757 0.339858
780 0.00261335 -0.00813337 0.33824
781 0.0028769 -0.00804369 0.336439
782 0.00313976 -0.00794992 0.33433
783 0.00340666 -0.00784438 0.332019
784 0.00366298 -0.00772268 0.329898
785 0.00390616 -0.00759758 0.327731
786 0.00414889 -0.00747154 0.325204
787 0.0043966 -0.0073346 0.322425
788 0.00145785 -0.00819203 0.350319
789 0.00464153 -0.00718405 0.319629
790 0.00144169 -0.00787387 0.358889
791 0.00487316 -0.00702124 0.317074
792 0.00141588 -0.00754471 0.367497
793 0.00509531 -0.00685655 0.314442
794 0.00141245 -0.00722695 0.375318
795 0.00531355 -0.00669141 0.311565
796 0.00141245 -0.00690071 0.383004
797 0.00553723 -0.00652663 0.308139
798 0.00141245 -0.00657447 0.390369
799 0.00575977 -0.00632889 0.305069
800 0.00141245 -0.00624823 0.397414
801 0.00595059 -0.00613408 0.302627
802 0.00141245 -0.00592199 0.40414
803 0.00614037 -0.00593925 0.299881
804 0.00141245 -0.00559574 0.410548
805 0.00633068 -0.00574384 0.296795
806 0.00141245 -0.0052695 0.41664
807 0.00652441 -0.00553175 0.293552
808 0.00141245 -0.00494326 0.422417
809 0.00670365 -0.00530848 0.290705
810 0.00141245 -0.00461702 0.427881
811 0.00687009 -0.00508188 0.288077
812 0.00141245 -0.00429078 0.433033
813 0.00702631 -0.00486017 0.285457
814 0.00141245 -0.00396454 0.437875
815 0.00718118 -0.00463721 0.28261
816 0.00141245 -0.0036383 0.442408
817 0.00733636 -0.00439276 0.279764
818 0.00141245 -0.00331206 0.446635
819 0.00747584 -0.00414571 0.277302
820 0.00141245 -0.00298582 0.450557
821 0.00760244 -0.00389648 0.275124
822 0.00141245 -0.00265957 0.454176
823 0.00772181 -0.00365104 0.272928
824 0.00141245 -0.00233333 0.457494
825 0.00783917 -0.00340355 0.270567
826 0.00141245 -0.00200709 0.460514
827 0.00795345 -0.0031438 0.268199
828 0.00141245 -0.00168085 0.463238
829 0.0080482 -0.00287417 0.266545
830 0.00141245 -0.00135461 0.465669
831 0.00813109 -0.00261042 0.26511
832 0.00141245 -0.00102837 0.467809
833 0.00820872 -0.00234588 0.263666
834 0.00141245 -0.000702128 0.46966
835 0.00828451 -0.002079 0.262066
836 0.00141245 -0.000375887 0.471227
837 0.00835455 -0.001798 0.260568
838 0.00141245 -4.96454e-05 0.472512
839 0.00840783 -0.0015142 0.25962
840 0.00141245 0.000276596 0.473519
841 0.00844854 -0.00124334 0.258957
842 0.00141245 0.000602837 0.474252
843 0.00848553 -0.000973283 0.258228
844 0.00141245 0.000929078 0.474713
845 0.00851789 -0.000696565 0.257503
846 0.00141245 0.00125532 0.474909
847 0.00854243 -0.00041276 0.256928
848 0.00141245 0.00158156 0.474842
849 0.00854569 -0.000130996 0.25715
850 0.00141245 0.0019078 0.474517
851 0.00854116 0.000145336 0.25751
852 0.00141245 0.00223404 0.47394
853 0.00853196 0.000418917 0.257861
854 0.00141245 0.00256028 0.473117
855 0.00851898 0.000696838 0.258154
856 0.00141245 0.00288652 0.472052
857 0.00849549 0.00098296 0.258704
858 0.00141245 0.00321277 0.470752
859 0.00845343 0.00126357 0.259938
860 0.00143891 0.00355434 0.468871
861 0.00840368 0.00153283 0.261347
862 0.00147749 0.00390951 0.46653
863 0.0083539 0.00180138 0.262523
864 0.00829313 0.00207995 0.263941
865 0.00822213 0.00235648 0.265617
866 0.00813357 0.00262543 0.267946
867 0.00804036 0.00288562 0.270319
868 0.00794569 0.0031424 0.272548
869 0.00785294 0.0034043 0.274389
870 0.00772831 0.00367466 0.277403
871 0.00759718 0.00391348 0.280812
872 0.00180348 0.00406771 0.461651
873 0.00746591 0.00415222 0.283992
874 0.00216289 0.00416939 0.455755
875 0.00733422 0.00439091 0.28696
876 0.00252749 0.00422974 0.44905
877 0.00718745 0.00463778 0.290267
878 0.00304092 0.00447314 0.436701
879 0.00702585 0.00487413 0.29415
880 0.00327579 0.00463933 0.429808
881 0.00685753 0.00509921 0.298267
882 0.00358025 0.00467504 0.421812
883 0.00669088 0.00531318 0.302269
884 0.00412168 0.00496423 0.403614
885 0.0065168 0.00553169 0.30633
886 0.00431618 0.00519636 0.394928
887 0.00631762 0.00575613 0.311187
888 0.00459754 0.00529948 0.384431
889 0.00609992 0.00598176 0.316625
890 0.00507181 0.00560105 0.363622
891 0.00586175 0.00625096 0.321979
892 0.00538069 0.00583524 0.348399
893 0.00555535 0.00612542 0.336751
894 0.00390888 0.00470046 0.412566
895 0.00178298 -0.00802267 0.35179
896 0.00212365 -0.00798778 0.348822
897 0.00239623 -0.0079034 0.34746
898 0.00265462 -0.00781298 0.346021
899 0.00291103 -0.0077207 0.344249
900 0.00316391 -0.00763478 0.341973
901 0.00341376 -0.00752522 0.339955
902 0.00365375 -0.00740147 0.338098
903 0.00389371 -0.0072769 0.335871
904 0.00413306 -0.00715176 0.333285
905 0.00437309 -0.00702296 0.33039
906 0.00459357 -0.00686676 0.328261
907 0.00170118 -0.00768336 0.361395
908 0.00481386 -0.00670394 0.32592
909 0.00168981 -0.00736916 0.369346
910 0.00503201 -0.00653706 0.323361
911 0.00168925 -0.00705574 0.376875
912 0.00524703 -0.00636446 0.320646
913 0.00169493 -0.00673759 0.38415
914 0.00549192 -0.00625101 0.31538
915 0.00169493 -0.00641135 0.391351
916 0.00564636 -0.00602794 0.314964
917 0.00169493 -0.00608511 0.39823
918 0.00583707 -0.00583397 0.31244
919 0.00169493 -0.00575887 0.404792
920 0.00602523 -0.00563996 0.309669
921 0.00169493 -0.00543262 0.411035
922 0.00621576 -0.00544751 0.306454
923 0.00169493 -0.00510638 0.416963
924 0.00639917 -0.0052456 0.303341
925 0.00169493 -0.00478014 0.422575
926 0.00655475 -0.00502461 0.301287
927 0.00169493 -0.0044539 0.427875
928 0.00671008 -0.00480291 0.298949
929 0.00169493 -0.00412766 0.432863
930 0.00686404 -0.00458325 0.296332
931 0.00169493 -0.00380142 0.437541
932 0.0070165 -0.00436423 0.293471
933 0.00169493 -0.00347518 0.44191
934 0.00716387 -0.00413368 0.290687
935 0.00169493 -0.00314894 0.445973
936 0.0072812 -0.00389057 0.289052
937 0.00169493 -0.0028227 0.449732
938 0.0073997 -0.00364819 0.287079
939 0.00169493 -0.00249645 0.453188
940 0.00751763 -0.00340566 0.284858
941 0.00169493 -0.00217021 0.456343
942 0.0076344 -0.00316368 0.282409
943 0.00169493 -0.00184397 0.4592
944 0.00773701 -0.00290844 0.280456
945 0.00169493 -0.00151773 0.461762
946 0.00781561 -0.00265207 0.279342
947 0.00169493 -0.00119149 0.46403
948 0.00789142 -0.00239385 0.278117
949 0.00169493 -0.000865248 0.466007
950 0.00796584 -0.00213248 0.276729
951 0.00169493 -0.000539007 0.467697
952 0.00804459 -0.00187297 0.274872
953 0.00169493 -0.000212766 0.469102
954 0.00810459 -0.00159626 0.273741
955 0.00169493 0.000113475 0.470226
956 0.00814308 -0.00133195 0.273311
957 0.00169493 0.000439716 0.471071
958 0.0081788 -0.0010667 0.272781
959 0.00169493 0.000765957 0.471643
960 0.00821171 -0.00080089 0.272151
961 0.00169493 0.0010922 0.471944
962 0.00824725 -0.000536745 0.271156
963 0.00169493 0.00141844 0.471979
964 0.00825891 -0.000260772 0.2711
965 0.00169493 0.00174468 0.471752
966 0.00825347 5.14538e-06 0.271627
967 0.00169493 0.00207092 0.471268
968 0.00824512 0.000273857 0.272069
969 0.00169493 0.00239716 0.470532
970 0.00823305 0.000544561 0.272457
971 0.00169493 0.0027234 0.46955
972 0.00822462 0.000811189 0.272441
973 0.00169493 0.00304965 0.468328
974 0.00819214 0.0010824 0.273354
975 0.00171252 0.00337755 0.466651
976 0.00814165 0.00134788 0.274923
977 0.00174735 0.00371855 0.464449
978 0.00809261 0.00161372 0.276188
979 0.00804355 0.00187913 0.277224
980 0.00798995 0.0021463 0.278236
981 0.0079048 0.00240353 0.280583
982 0.00781258 0.00266055 0.283033
983 0.00771625 0.00291774 0.285436
984 0.00761351 0.00317367 0.287907
985 0.00757603 0.00344095 0.286997
986 0.00740739 0.00365348 0.292518
987 0.00727716 0.00389229 0.295747
988 0.00207859 0.00384109 0.459154
989 0.00714621 0.00412917 0.298802
990 0.00243318 0.00391992 0.452878
991 0.00701724 0.00436686 0.301536
992 0.00687726 0.00460098 0.304594
993 0.00339131 0.00431487 0.429784
994 0.00671083 0.00481435 0.308885
995 0.0065439 0.00502777 0.312994
996 0.00637652 0.0052421 0.316919
997 0.00452588 0.00491857 0.391365
998 0.00620665 0.00546222 0.320677
999 0.00599917 0.00568343 0.325822
1000 0.00575616 0.00588876 0.332512
1001 0.00541036 0.00545484 0.352888
1002 0.00283444 0.00394839 0.445078
1003 0.00374958 0.0043582 0.420157
1004 0.00427894 0.00463546 0.402227
1005 0.0051392 0.00526213 0.36577
1006 0.00195373 -0.00777476 0.35635
1007 0.00219232 -0.00768075 0.355895
1008 0.00244021 -0.00758725 0.354927
1009 0.00269267 -0.00748846 0.353631
1010 0.00294236 -0.00739107 0.351944
1011 0.00319788 -0.00736058 0.348121
1012 0.00340041 -0.00720477 0.348024
1013 0.00364045 -0.00708093 0.346053
1014 0.00387861 -0.00695658 0.343746
1015 0.00413254 -0.0068821 0.339536
1016 0.00431762 -0.00670752 0.338953
1017 0.00453371 -0.00655645 0.336734
1018 0.00475148 -0.00638335 0.334596
1019 0.00196343 -0.00720834 0.370326
1020 0.00499072 -0.00620251 0.331622
1021 0.00196933 -0.00689718 0.377572
1022 0.00528156 -0.00601111 0.326867
1023 0.00197741 -0.00657447 0.384753
1024 0.00197741 -0.00624823 0.391787
1025 0.00551144 -0.00575033 0.324752
1026 0.00197741 -0.00592199 0.398501
1027 0.00571737 -0.00553556 0.322082
1028 0.00197741 -0.00559574 0.404895
1029 0.00591257 -0.00533982 0.319044
1030 0.00197741 -0.0052695 0.410973
1031 0.00612023 -0.00519358 0.314343
1032 0.00197741 -0.00494326 0.416734
1033 0.00623909 -0.00496897 0.313917
1034 0.00197741 -0.00461702 0.422181
1035 0.00639479 -0.00474619 0.311832
1036 0.00197741 -0.00429078 0.427314
1037 0.00654927 -0.00452327 0.309491
1038 0.00197741 -0.00396454 0.432137
1039 0.00670074 -0.00430941 0.306832
1040 0.00197741 -0.0036383 0.436649
1041 0.00688517 -0.00412924 0.30209
1042 0.00197741 -0.00331206 0.440853
1043 0.00695694 -0.00388768 0.302487
1044 0.00197741 -0.00298582 0.44475
1045 0.00707657 -0.00364405 0.300711
1046 0.00197741 -0.00265957 0.448343
1047 0.00719706 -0.00340056 0.298619
1048 0.00197741 -0.00233333 0.451633
1049 0.0073138 -0.00315834 0.296392
1050 0.00197741 -0.00200709 0.454623
1051 0.00746349 -0.0029489 0.29212
1052 0.00197741 -0.00168085 0.457314
1053 0.00749805 -0.00269484 0.293094
1054 0.00197741 -0.00135461 0.45971
1055 0.00757633 -0.00243958 0.291924
1056 0.00197741 -0.00102837 0.461813
1057 0.00764901 -0.00217783 0.290802
1058 0.00197741 -0.000702128 0.463624
1059 0.00771518 -0.00191519 0.289723
1060 0.00197741 -0.000375887 0.465148
1061 0.00784411 -0.00168615 0.285312
1062 0.00197741 -4.96454e-05 0.466387
1063 0.00783588 -0.00142148 0.287194
1064 0.00197741 0.000276596 0.467345
1065 0.00787374 -0.00115845 0.286713
1066 0.00197741 0.000602837 0.468024
1067 0.00790409 -0.000890952 0.286362
1068 0.00197741 0.000929078 0.46843
1069 0.00792847 -0.000625388 0.286043
1070 0.00197741 0.00125532 0.468565
1071 0.00801648 -0.000384016 0.282451
1072 0.00197741 0.00158156 0.468433
1073 0.00796567 -0.00013172 0.285226
1074 0.00197741 0.0019078 0.468041
1075 0.00795798 0.000130811 0.285763
1076 0.00197741 0.00223404 0.467391
1077 0.00794693 0.000402792 0.286231
1078 0.00197741 0.00256028 0.46649
1079 0.00792693 0.000670229 0.286888
1080 0.00198345 0.00287639 0.465298
1081 0.00797238 0.000922922 0.284257
1082 0.00199081 0.00319284 0.463857
1083 0.00788161 0.00116264 0.287908
1084 0.00201752 0.00351294 0.461902
1085 0.00782711 0.00142958 0.28954
1086 0.00778292 0.0016923 0.290472
1087 0.00778535 0.00195691 0.288988
1088 0.00767201 0.00218469 0.29292
1089 0.00759027 0.0024345 0.295034
1090 0.00748761 0.00269297 0.297816
1091 0.00738406 0.00297495 0.300195
1092 0.00728539 0.00330928 0.301586
1093 0.00710363 0.0036047 0.306668
1094 0.00695805 0.0038636 0.310236
1095 0.00682617 0.00410798 0.313122
1096 0.00674651 0.00434915 0.313571
1097 0.00656607 0.00452809 0.318995
1098 0.00639842 0.00474078 0.323222
1099 0.00623095 0.00495508 0.327229
1100 0.00606476 0.00516663 0.331042
1101 0.00592692 0.00540923 0.333056
1102 0.00408342 0.00434762 0.410864
1103 0.0023283 0.00361942 0.456487
1104 0.00266432 0.00366231 0.45025
1105 0.00359666 0.0040026 0.427114
1106 0.00463011 0.00455261 0.391918
1107 0.00568379 0.00557577 0.340367
1108 0.00569204 0.00518481 0.345772
1109 0.00247759 -0.00726718 0.362268
1110 0.00275316 -0.00715945 0.360665
1111 0.00307994 -0.00706954 0.357269
1112 0.00338704 -0.00688431 0.35578
1113 0.00366111 -0.00673632 0.353521
1114 0.00398303 -0.00658546 0.349727
1115 0.00444542 -0.00624438 0.34568
1116 0.00469217 -0.00606406 0.342828
1117 0.00223496 -0.0070665 0.370374
1118 0.00494375 -0.00587079 0.339642
1119 0.00225303 -0.0067444 0.377558
1120 0.00518624 -0.00565729 0.336617
1121 0.00225989 -0.00641135 0.384809
1122 0.00225989 -0.00608511 0.391676
1123 0.00540604 -0.00543415 0.333986
1124 0.00225989 -0.00575887 0.398222
1125 0.00562777 -0.00521318 0.330816
1126 0.00225989 -0.00543262 0.404449
1127 0.00587851 -0.0049811 0.326418
1128 0.00225989 -0.00510638 0.410359
1129 0.00225989 -0.00478014 0.415952
1130 0.0060636 -0.00470759 0.324422
1131 0.00225989 -0.0044539 0.421232
1132 0.00623478 -0.00446849 0.321991
1133 0.00225989 -0.00412766 0.426198
1134 0.00640412 -0.00422634 0.319318
1135 0.00225989 -0.00380142 0.430852
1136 0.00661197 -0.00396265 0.31512
1137 0.00225989 -0.00347518 0.435197
1138 0.00225989 -0.00314894 0.439233
1139 0.00674525 -0.00365912 0.313843
1140 0.00225989 -0.0028227 0.442962
1141 0.00687597 -0.00339328 0.311849
1142 0.00225989 -0.00249645 0.446387
1143 0.00700438 -0.00312653 0.309634
1144 0.00225989 -0.00217021 0.449509
1145 0.00716123 -0.00282939 0.306221
1146 0.00225989 -0.00184397 0.45233
1147 0.00225989 -0.00151773 0.454853
1148 0.007249 -0.00250833 0.305484
1149 0.00225989 -0.00119149 0.45708
1150 0.00733508 -0.00222878 0.304134
1151 0.00225989 -0.000865248 0.459013
1152 0.00741579 -0.00193975 0.302789
1153 0.00225989 -0.000539007 0.460655
1154 0.00753411 -0.0016176 0.299697
1155 0.00225989 -0.000212766 0.462009
1156 0.00225989 0.000113475 0.463078
1157 0.00756239 -0.00128053 0.300232
1158 0.00225989 0.000439716 0.463865
1159 0.00760131 -0.0009881 0.29977
1160 0.00225989 0.000765957 0.464373
1161 0.00763843 -0.000696681 0.299106
1162 0.00225989 0.0010922 0.464607
1163 0.00770277 -0.000365306 0.297024
1164 0.00225989 0.00141844 0.46457
1165 0.00225989 0.00174468 0.464267
1166 0.00767461 -3.48158e-05 0.298739
1167 0.00225989 0.00207092 0.463702
1168 0.00766661 0.000258819 0.299215
1169 0.00225989 0.00239716 0.46288
1170 0.00765429 0.000553463 0.299618
1171 0.00226873 0.00271429 0.461702
1172 0.00766443 0.000892898 0.298651
1173 0.00227814 0.00301659 0.460338
1174 0.00228374 0.00330461 0.458896
1175 0.00757308 0.00122698 0.301916
1176 0.00751111 0.00154455 0.30357
1177 0.00745809 0.00189994 0.304317
1178 0.00726615 0.00243805 0.309612
1179 0.0071651 0.00272908 0.311946
1180 0.00705342 0.00302713 0.314394
1181 0.00691909 0.0033215 0.317547
1182 0.00677478 0.00359646 0.321008
1183 0.00662356 0.0038712 0.324484
1184 0.00647301 0.00417952 0.327271
1185 0.00626475 0.00443786 0.332708
1186 0.00609195 0.00467475 0.336712
1187 0.00589862 0.00490951 0.341367
1188 0.00324348 0.00394679 0.436159
1189 0.00490277 0.00474579 0.380603
1190 0.00304811 0.00365203 0.442534
1191 0.00394116 0.00405201 0.417505
1192 0.00442312 0.00430117 0.40105
1193 0.00221815 -0.00737561 0.363173
1194 0.00425953 -0.00644144 0.346189
1195 0.00740199 0.0022045 0.305066
1196 0.00253681 0.0034176 0.453978
1197 0.00555315 0.00481724 0.356079
1198 0.00251478 -0.00693792 0.369505
1199 0.00280076 -0.00682251 0.367731
1200 0.00309435 -0.00669293 0.365617
1201 0.00339113 -0.00653326 0.363541
1202 0.00370363 -0.00636942 0.360626
1203 0.00439052 -0.00594318 0.353212
1204 0.00462403 -0.00574466 0.350973
1205 0.00486416 -0.00554314 0.348158
1206 0.00253531 -0.00660136 0.37681
1207 0.0050891 -0.0053326 0.345486
1208 0.0025418 -0.0062666 0.383939
1209 0.00254367 -0.00593399 0.390754
1210 0.00530884 -0.00511485 0.342659
1211 0.00254237 -0.00559574 0.397391
1212 0.00552756 -0.00489548 0.339462
1213 0.00254237 -0.0052695 0.40345
1214 0.00572896 -0.00466005 0.336654
1215 0.00254237 -0.00494326 0.409191
1216 0.00254237 -0.00461702 0.414616
1217 0.00590715 -0.00441922 0.334306
1218 0.00254237 -0.00429078 0.419726
1219 0.00607947 -0.00417658 0.331823
1220 0.00254237 -0.00396454 0.424523
1221 0.00625172 -0.00392935 0.329043
1222 0.00254237 -0.0036383 0.429008
1223 0.00641278 -0.00366076 0.326571
1224 0.00254237 -0.00331206 0.433183
1225 0.00254237 -0.00298582 0.437049
1226 0.00654597 -0.00339707 0.32472
1227 0.00254237 -0.00265957 0.440608
1228 0.00667576 -0.00313083 0.322702
1229 0.00254237 -0.00233333 0.443862
1230 0.00680555 -0.00285587 0.320447
1231 0.00254237 -0.00200709 0.446813
1232 0.00691886 -0.00256587 0.318644
1233 0.00254237 -0.00168085 0.449463
1234 0.00254237 -0.00135461 0.451814
1235 0.0070088 -0.00228375 0.317387
1236 0.00254237 -0.00102837 0.453868
1237 0.0070938 -0.00199849 0.316055
1238 0.00254237 -0.000702128 0.455628
1239 0.00718079 -0.00170164 0.314411
1240 0.00254237 -0.000375887 0.457097
1241 0.00724711 -0.00139548 0.313362
1242 0.00254237 -4.96454e-05 0.458276
1243 0.00254237 0.000276596 0.45917
1244 0.00729008 -0.0010994 0.312941
1245 0.00254237 0.000602837 0.459782
1246 0.00732888 -0.000805095 0.312405
1247 0.00254237 0.000929078 0.460114
1248 0.00736591 -0.000506552 0.311675
1249 0.00254237 0.00125532 0.46017
1250 0.00738351 -0.000193791 0.311516
1251 0.00254237 0.00158156 0.459955
1252 0.00254237 0.0019078 0.459473
1253 0.00737604 0.000102922 0.312134
1254 0.00254237 0.00223404 0.458728
1255 0.00736634 0.000398557 0.312576
1256 0.00255128 0.00255098 0.457604
1257 0.00735575 0.000696927 0.312783
1258 0.00257751 0.00286328 0.455954
1259 0.00731643 0.00101475 0.313923
1260 0.00725328 0.00133813 0.315766
1261 0.00717992 0.00169246 0.317592
1262 0.00696228 0.00247428 0.322573
1263 0.00684003 0.00276013 0.325709
1264 0.00671694 0.00304539 0.328599
1265 0.00658209 0.00332173 0.331772
1266 0.00643711 0.00359745 0.335094
1267 0.00628443 0.00387504 0.338438
1268 0.00611534 0.00413931 0.342315
1269 0.00594091 0.0043831 0.346384
1270 0.00580642 0.00463126 0.348605
1271 0.0030859 0.00417963 0.437978
1272 0.00486341 0.00507957 0.378005
1273 0.00520065 0.00492391 0.36787
1274 0.00283038 0.00336976 0.448709
1275 0.00382674 0.00372346 0.423198
1276 0.0034493 0.00363164 0.433497
1277 0.0049758 0.00441883 0.381702
1278 0.00474488 0.00420638 0.391656
1279 0.00406067 -0.00616074 0.356957
1280 0.00257857 0.00314095 0.45467
1281 0.00707382 0.00209369 0.320191
1282 0.00427002 0.00401605 0.408306
1283 0.00557461 0.00442267 0.360047
1284 0.00281855 -0.00647066 0.375249
1285 0.00310173 -0.00633777 0.373214
1286 0.00339607 -0.0061857 0.370833
1287 0.00433773 -0.00561096 0.360987
1288 0.00455495 -0.00542117 0.358884
1289 0.00477806 -0.00521981 0.356424
1290 0.00499478 -0.00501296 0.353823
1291 0.00282559 -0.00611979 0.382548
1292 0.00282795 -0.00577964 0.389344
1293 0.00520013 -0.00480219 0.351219
1294 0.00282702 -0.00544435 0.395754
1295 0.00540208 -0.00458629 0.348409
1296 0.00282485 -0.00510638 0.401897
1297 0.00558371 -0.00435949 0.346032
1298 0.00282485 -0.00478014 0.407468
1299 0.00282485 -0.0044539 0.412723
1300 0.00575432 -0.00412818 0.343729
1301 0.00282485 -0.00412766 0.417662
1302 0.00592029 -0.00389092 0.341323
1303 0.00282485 -0.00380142 0.422288
1304 0.00607731 -0.00364412 0.33901
1305 0.00282485 -0.00347518 0.426602
1306 0.00622086 -0.00338639 0.33697
1307 0.00282485 -0.00314894 0.430604
1308 0.00282485 -0.0028227 0.434298
1309 0.00634815 -0.00313665 0.335114
1310 0.00282485 -0.00249645 0.437685
1311 0.00647135 -0.00287835 0.333201
1312 0.00282485 -0.00217021 0.440765
1313 0.00658595 -0.00260569 0.331445
1314 0.00282485 -0.00184397 0.443542
1315 0.00668567 -0.00232838 0.329992
1316 0.00282485 -0.00151773 0.446018
1317 0.00282485 -0.00119149 0.448194
1318 0.00677152 -0.00205655 0.328744
1319 0.00282485 -0.000865248 0.450072
1320 0.00685106 -0.00177561 0.327529
1321 0.00282485 -0.000539007 0.451655
1322 0.00691951 -0.00149148 0.32649
1323 0.00282485 -0.000212766 0.452946
1324 0.00697898 -0.00119964 0.325568
1325 0.00282485 0.000113475 0.453947
1326 0.00282485 0.000439716 0.454662
1327 0.00702047 -0.000913614 0.325077
1328 0.00282485 0.000765957 0.455092
1329 0.00705469 -0.000629868 0.324612
1330 0.00282485 0.0010922 0.455242
1331 0.00707757 -0.000342117 0.324367
1332 0.00282485 0.00141844 0.455115
1333 0.0070851 -4.86685e-05 0.324508
1334 0.00282485 0.00174468 0.454715
1335 0.00282485 0.00207092 0.454046
1336 0.00707849 0.000240029 0.324976
1337 0.00282741 0.0023867 0.453095
1338 0.00706552 0.000529151 0.325453
1339 0.00284175 0.00270255 0.451672
1340 0.00703867 0.000827426 0.326244
1341 0.00699439 0.00113293 0.327475
1342 0.00693121 0.00144715 0.329179
1343 0.0066285 0.00252224 0.336228
1344 0.00650946 0.00278305 0.339244
1345 0.00638455 0.00305657 0.342147
1346 0.00625017 0.00332621 0.345204
1347 0.00610444 0.00359263 0.348485
1348 0.00594286 0.0038557 0.352169
1349 0.00576956 0.00412044 0.356035
1350 0.00526436 0.00462057 0.369215
1351 0.00317181 0.00334172 0.441708
1352 0.00412618 0.00377358 0.414499
1353 0.00455014 0.00400441 0.3998
1354 0.00369018 -0.00602156 0.36812
1355 0.00684757 0.00177344 0.331371
1356 0.00291989 0.00304108 0.448658
1357 0.00376215 0.00340835 0.427086
1358 0.00507515 0.00406577 0.381912
1359 0.00543644 0.00408512 0.368862
1360 0.00310955 -0.00598264 0.38042
1361 0.00424401 -0.00530886 0.368896
1362 0.00447092 -0.00510488 0.366718
1363 0.00468154 -0.00490161 0.364539
1364 0.00488395 -0.00469897 0.36219
1365 0.00311034 -0.0056278 0.387368
1366 0.00508 -0.00449689 0.359649
1367 0.00311017 -0.00528664 0.393709
1368 0.00526635 -0.00428576 0.357177
1369 0.00310733 -0.00494326 0.399789
1370 0.00543593 -0.00406811 0.354984
1371 0.00310733 -0.00461702 0.40519
1372 0.00310733 -0.00429078 0.410273
1373 0.00559748 -0.00384697 0.352779
1374 0.00310733 -0.00396454 0.41504
1375 0.00575383 -0.00361493 0.350571
1376 0.00310733 -0.0036383 0.419493
1377 0.00589535 -0.00337237 0.348682
1378 0.00310733 -0.00331206 0.423632
1379 0.00602428 -0.0031318 0.346906
1380 0.00310733 -0.00298582 0.427461
1381 0.00310733 -0.00265957 0.43098
1382 0.00614552 -0.00289186 0.345116
1383 0.00310733 -0.00233333 0.434191
1384 0.00626136 -0.00263129 0.343445
1385 0.00310733 -0.00200709 0.437096
1386 0.00636425 -0.00236607 0.341997
1387 0.00310733 -0.00168085 0.439696
1388 0.00645314 -0.002103 0.340777
1389 0.00310733 -0.00135461 0.441994
1390 0.00310733 -0.00102837 0.443991
1391 0.00653163 -0.00183768 0.339703
1392 0.00310733 -0.000702128 0.44569
1393 0.00660092 -0.00156886 0.338743
1394 0.00310733 -0.000375887 0.447093
1395 0.00666454 -0.00129261 0.337784
1396 0.00310733 -4.96454e-05 0.448202
1397 0.00671323 -0.00101379 0.337159
1398 0.00310733 0.000276596 0.44902
1399 0.00310733 0.000602837 0.449549
1400 0.00674734 -0.000739354 0.336842
1401 0.00310733 0.000929078 0.449794
1402 0.0067797 -0.000466461 0.336347
1403 0.00310733 0.00125532 0.449756
1404 0.00680061 -0.000181996 0.336088
1405 0.00310733 0.00158156 0.44944
1406 0.00679151 9.52062e-05 0.336793
1407 0.00310733 0.0019078 0.448849
1408 0.00310815 0.00222624 0.447992
1409 0.00677941 0.000367621 0.337381
1410 0.00310481 0.00253276 0.447011
1411 0.00675924 0.000650044 0.33806
1412 0.00672855 0.000937428 0.338911
1413 0.00668234 0.00124178 0.340091
1414 0.00631696 0.00251547 0.348818
1415 0.00618726 0.00279111 0.352013
1416 0.00605738 0.00306078 0.355
1417 0.0059242 0.00332066 0.357948
1418 0.00577866 0.00357747 0.361163
1419 0.00561733 0.00383281 0.364752
1420 0.00410456 0.00349092 0.417252
1421 0.00348026 0.00330049 0.434802
1422 0.00526349 0.00432014 0.372611
1423 0.00478772 0.00386589 0.39344
1424 0.00391366 -0.00582825 0.366981
1425 0.00672706 0.00203876 0.335051
1426 0.00446213 0.00366213 0.405491
1427 0.003396 -0.00582926 0.378031
1428 0.00400769 -0.00551851 0.370766
1429 0.00310716 0.00280294 0.445832
1430 0.0066076 0.00154885 0.342132
1431 0.00645671 0.00221585 0.345099
1432 0.00530099 0.00379875 0.376549
1433 0.00418209 -0.00498127 0.376138
1434 0.00437836 -0.00478937 0.374426
1435 0.00456976 -0.00458323 0.372719
1436 0.00476315 -0.00439555 0.370318
1437 0.00339364 -0.00547486 0.384854
1438 0.00495887 -0.00420436 0.367565
1439 0.003395 -0.00513276 0.391013
1440 0.00512228 -0.00399646 0.365679
1441 0.00340514 -0.0047916 0.396631
1442 0.00527926 -0.00378687 0.363716
1443 0.00341 -0.00446053 0.401847
1444 0.00340163 -0.00413042 0.406985
1445 0.00543751 -0.00357988 0.361388
1446 0.0033992 -0.00380518 0.411616
1447 0.005584 -0.00335159 0.359409
1448 0.00338981 -0.00347518 0.416134
1449 0.00570457 -0.00311572 0.358096
1450 0.00338981 -0.00314894 0.420099
1451 0.00582405 -0.00288186 0.356529
1452 0.00338981 -0.0028227 0.423751
1453 0.00338981 -0.00249645 0.427094
1454 0.00593989 -0.00265024 0.354804
1455 0.00338981 -0.00217021 0.430127
1456 0.00605525 -0.00239974 0.353004
1457 0.00338981 -0.00184397 0.432853
1458 0.00613613 -0.00214349 0.352229
1459 0.00338981 -0.00151773 0.435273
1460 0.00621329 -0.00188858 0.351327
1461 0.00338981 -0.00119149 0.43739
1462 0.00338981 -0.000865248 0.439205
1463 0.00628644 -0.00163357 0.35033
1464 0.00338981 -0.000539007 0.440721
1465 0.00635448 -0.00137764 0.349287
1466 0.00338981 -0.000212766 0.441939
1467 0.00641303 -0.00110048 0.348464
1468 0.00338981 0.000113475 0.442861
1469 0.0064431 -0.000836693 0.348427
1470 0.00338981 0.000439716 0.443491
1471 0.00338981 0.000765957 0.443831
1472 0.00647151 -0.000573781 0.348219
1473 0.00338981 0.0010922 0.443884
1474 0.00655297 -0.000307532 0.345709
1475 0.00338981 0.00141844 0.443653
1476 0.00650388 -4.53091e-05 0.348098
1477 0.00338981 0.00174468 0.443142
1478 0.00649403 0.000220042 0.34873
1479 0.00338981 0.00207092 0.442354
1480 0.00338498 0.00239121 0.441423
1481 0.00647762 0.000484513 0.349401
1482 0.0064571 0.000760287 0.350003
1483 0.00642587 0.00104872 0.350768
1484 0.00599166 0.0025288 0.361296
1485 0.0058607 0.00279865 0.364424
1486 0.00573438 0.00305823 0.367209
1487 0.00560966 0.00330314 0.36983
1488 0.00546682 0.00355274 0.372871
1489 0.00330803 0.00302827 0.440393
1490 0.00367564 -0.0056634 0.375469
1491 0.00650395 0.00185389 0.34504
1492 0.00401984 0.00316208 0.421788
1493 0.00368526 0.00309131 0.430997
1494 0.00394766 -0.00517462 0.378375
1495 0.00336345 0.00269491 0.44069
1496 0.00638819 0.0013321 0.351545
1497 0.00612229 0.00226093 0.357915
1498 0.00436765 0.00325918 0.411262
1499 0.00485717 0.00352618 0.394054
1500 0.00516219 0.00350077 0.38404
1501 0.00407629 -0.00468463 0.383611
1502 0.00426609 -0.00447947 0.3822
1503 0.00443916 -0.00424616 0.38132
1504 0.00467618 -0.00412159 0.376732
1505 0.00368351 -0.00532733 0.381556
1506 0.00482191 -0.00392354 0.375449
1507 0.00367235 -0.00498345 0.387841
1508 0.00496584 -0.00370958 0.374164
1509 0.00373115 -0.00463842 0.392296
1510 0.00512142 -0.00351108 0.372057
1511 0.0037032 -0.00429116 0.398282
1512 0.00370609 -0.00397538 0.402808
1513 0.00530759 -0.00333599 0.368429
1514 0.00368379 -0.00364489 0.407774
1515 0.00539109 -0.00309419 0.368577
1516 0.00367229 -0.00331206 0.412212
1517 0.00550406 -0.00285982 0.367442
1518 0.00367229 -0.00298582 0.415999
1519 0.00562268 -0.00263135 0.365805
1520 0.00367229 -0.00265957 0.419475
1521 0.00367229 -0.00233333 0.422638
1522 0.00578018 -0.00242902 0.362341
1523 0.00367229 -0.00200709 0.42549
1524 0.00582295 -0.00217545 0.363047
1525 0.00367229 -0.00168085 0.428035
1526 0.00589723 -0.00192893 0.362373
1527 0.00367229 -0.00135461 0.430272
1528 0.00596662 -0.00167714 0.361674
1529 0.00367229 -0.00102837 0.432205
1530 0.00367229 -0.000702128 0.433835
1531 0.00604021 -0.00142814 0.360571
1532 0.00367229 -0.000375887 0.435163
1533 0.00615044 -0.00118782 0.357843
1534 0.00367229 -4.96454e-05 0.436193
1535 0.00613336 -0.00093187 0.359659
1536 0.00367229 0.000276596 0.436924
1537 0.00616935 -0.000642562 0.359424
1538 0.00367229 0.000602837 0.437362
1539 0.00367229 0.000929078 0.437507
1540 0.00504859 0.000844269 0.399666
1541 0.00367229 0.00125532 0.437363
1542 0.00622735 -0.000292944 0.358249
1543 0.00367229 0.00158156 0.436932
1544 0.00621064 3.31933e-05 0.359415
1545 0.00367229 0.0019078 0.436218
1546 0.00619489 0.000317023 0.360223
1547 0.00366643 0.00224941 0.435314
1548 0.0061803 0.000595736 0.360749
1549 0.00616122 0.000877307 0.361205
1550 0.00566683 0.00253558 0.373253
1551 0.00553406 0.00280118 0.37632
1552 0.00540669 0.00303817 0.379168
1553 0.00533016 0.00329683 0.379863
1554 0.00503732 0.00374692 0.38616
1555 0.0062823 0.00164844 0.354619
1556 0.00620737 0.00194696 0.356254
1557 0.00391993 -0.00488784 0.383919
1558 0.00366298 0.00258151 0.434091
1559 0.00613067 0.00115804 0.361853
1560 0.00579524 0.00226388 0.370133
1561 0.00392861 0.00281376 0.426235
1562 0.00428546 0.00293096 0.415735
1563 0.00502434 0.0031405 0.39153
1564 0.00396099 -0.00445011 0.39002
1565 0.00404998 -0.00417328 0.392116
1566 0.00451467 -0.00391176 0.384055
1567 0.00464571 -0.00364326 0.384085
1568 0.00482131 -0.00340081 0.382202
1569 0.00502939 -0.00315594 0.37903
1570 0.0039849 -0.00381213 0.398708
1571 0.00396017 -0.00348444 0.403558
1572 0.00518137 -0.00285065 0.377721
1573 0.00395477 -0.00314894 0.407726
1574 0.00531186 -0.00258752 0.376277
1575 0.00397348 -0.00283408 0.410774
1576 0.00548168 -0.0023023 0.373443
1577 0.00396794 -0.00250459 0.414239
1578 0.00396422 -0.00217686 0.417328
1579 0.00395477 -0.00184397 0.42028
1580 0.00556659 -0.00199727 0.373112
1581 0.00395477 -0.00151773 0.422641
1582 0.00564699 -0.00172021 0.372421
1583 0.00395477 -0.00119149 0.424692
1584 0.00572469 -0.00144259 0.371548
1585 0.00395477 -0.000865248 0.426438
1586 0.00395477 -0.000539007 0.42788
1587 0.00582784 -0.00112626 0.369717
1588 0.00395477 -0.000212766 0.429018
1589 0.00395477 0.000113475 0.429854
1590 0.00585264 -0.000786789 0.370324
1591 0.00395477 0.000439716 0.43039
1592 0.00590122 -0.000469832 0.369678
1593 0.00395477 0.000765957 0.43063
1594 0.00395477 0.0010922 0.430575
1595 0.00591514 -0.0001478 0.369947
1596 0.00395477 0.00141844 0.430229
1597 0.00395477 0.00174468 0.429591
1598 0.0059089 0.000157118 0.370605
1599 0.00394725 0.00209343 0.428789
1600 0.00589456 0.000438881 0.371274
1601 0.0058874 0.000726137 0.371443
1602 0.00534017 0.00253375 0.384756
1603 0.0051969 0.00281115 0.387953
1604 0.00359528 0.00283886 0.434538
1605 0.00612795 0.00144217 0.361197
1606 0.00593464 0.00201992 0.366203
1607 0.00464409 0.00302556 0.404467
1608 0.00393095 0.00245274 0.427859
1609 0.00588253 0.00101453 0.37128
1610 0.00547778 0.00225507 0.381505
1611 0.00593216 0.0017038 0.367656
1612 0.00422105 0.00259344 0.419362
1613 0.00486919 0.00280294 0.398775
1614 0.00429133 -0.00363445 0.39357
1615 0.00448429 -0.00333057 0.392318
1616 0.00466222 -0.00310243 0.390152
1617 0.00483098 -0.00284141 0.388216
1618 0.0041934 -0.00332132 0.399897
1619 0.00496507 -0.00258546 0.386875
1620 0.00429405 -0.00303367 0.400725
1621 0.00511309 -0.002312 0.384941
1622 0.00426543 -0.00267928 0.405193
1623 0.0052285 -0.00204805 0.38358
1624 0.00426348 -0.00235074 0.408393
1625 0.00424875 -0.00201762 0.411634
1626 0.00424254 -0.00168847 0.414306
1627 0.00532717 -0.00177764 0.382485
1628 0.00423725 -0.00135461 0.41667
1629 0.00539749 -0.00149617 0.382098
1630 0.00423725 -0.00102837 0.418534
1631 0.00546738 -0.00120736 0.381487
1632 0.00424673 -0.000710074 0.419809
1633 0.00424329 -0.000383399 0.421156
1634 0.00552782 -0.000909333 0.380928
1635 0.00424733 -4.89644e-05 0.42202
1636 0.00425099 0.000278629 0.422561
1637 0.00557532 -0.000604704 0.380523
1638 0.00424468 0.000603117 0.423061
1639 0.0056085 -0.000298752 0.380303
1640 0.00423725 0.000929078 0.423296
1641 0.00423725 0.00125532 0.423035
1642 0.00560791 -8.99949e-07 0.380931
1643 0.00424566 0.00159054 0.422232
1644 0.00424348 0.00192091 0.421421
1645 0.00559986 0.000283418 0.381538
1646 0.00559955 0.000568872 0.38164
1647 0.00502669 0.00252415 0.39529
1648 0.00588573 0.00133986 0.370482
1649 0.00563263 0.00193967 0.377547
1650 0.00454025 0.00271947 0.409448
1651 0.00422609 0.00225358 0.420725
1652 0.0056114 0.000870278 0.38106
1653 0.00513753 0.00225113 0.393056
1654 0.0047514 0.00254279 0.403927
1655 0.00452621 -0.00283583 0.39673
1656 0.00459977 -0.00254546 0.39768
1657 0.00480705 -0.00233288 0.393786
1658 0.00486366 -0.00204031 0.394654
1659 0.00503504 -0.00181276 0.391266
1660 0.00454623 -0.00219087 0.402336
1661 0.0045347 -0.00186414 0.405284
1662 0.00452254 -0.00152964 0.407984
1663 0.00508038 -0.00156022 0.391646
1664 0.00453246 -0.00120496 0.409699
1665 0.00513435 -0.00128441 0.391671
1666 0.0045501 -0.000887897 0.410854
1667 0.00518203 -0.000989254 0.391726
1668 0.00453779 -0.000565125 0.412562
1669 0.00452123 -0.000220299 0.414148
1670 0.00524598 -0.000706617 0.390923
1671 0.00455265 0.000123775 0.414059
1672 0.00455315 0.000442112 0.414458
1673 0.00530797 -0.000419467 0.389915
1674 0.00452171 0.00077574 0.415471
1675 0.0053235 -0.000142705 0.390125
1676 0.00451826 0.00110444 0.415388
1677 0.00452662 0.0014311 0.414666
1678 0.0052901 0.000144089 0.391715
1679 0.00454955 0.00176455 0.413201
1680 0.005299 0.000416424 0.391679
1681 0.0056271 0.00118127 0.380057
1682 0.00526616 0.00197853 0.389991
1683 0.00563775 0.00153853 0.378803
1684 0.00451956 0.00239627 0.411695
1685 0.00454166 0.00208907 0.412342
1686 0.00533171 0.00071648 0.390612
1687 0.00481789 0.00228129 0.403162
1688 0.00479354 -0.00170832 0.399155
1689 0.00481748 -0.00138876 0.400559
1690 0.00485098 -0.00107828 0.401327
1691 0.00488198 -0.000747292 0.401964
1692 0.00477815 -0.000411946 0.406223
1693 0.00480064 -5.54548e-05 0.406518
1694 0.00502984 -0.000513787 0.398337
1695 0.00493053 0.000285549 0.403232
1696 0.00480474 0.000640762 0.407204
1697 0.00503292 -0.000253502 0.399039
1698 0.00479321 0.000963815 0.407446
1699 0.00505247 -7.05485e-06 0.398984
1700 0.00480243 0.001281 0.40677
1701 0.00481825 0.00160551 0.405579
1702 0.00537242 0.00133059 0.388459
1703 0.0053622 0.00167754 0.387856
1704 0.00534368 0.00101408 0.389971
1705 0.00488906 0.00196067 0.40229
1706 0.00507529 0.000579336 0.39887
1707 0.00507598 0.00114731 0.398485
1708 0.00509717 0.00144531 0.397227
1709 0.00508726 0.00173528 0.396716
1710 0.00540033 0.00512656 0.357809
1711 0.00196525 -0.00749356 0.363339
1712 0.00467009 0.00332068 0.401603
1713 0.00425213 -0.0039529 0.390256
1714 0.0041638 -0.00580296 0.361587
1715 0.00179954 0.00802521 0.423398
1716 0.00166299 0.00733852 0.433612
1717 0.00206547 0.00776675 0.422119
1718 0.00137845 0.00725278 0.438238
1719 0.00368278 0.0068071 0.394626
1720 0.00340772 0.00662909 0.405012
1721 0.00314606 0.00646684 0.414029
1722 0.00392269 0.00699056 0.38446
1723 0.00286895 0.00631939 0.422517
1724 0.00415817 0.00718387 0.373557
1725 0.00258529 0.00618841 0.43021
1726 0.00439194 0.00741368 0.361346
1727 0.00228491 0.0060576 0.437458
1728 0.0046144 0.00764021 0.34872
1729 0.00199958 0.00595837 0.443337
1730 0.00481802 0.00788583 0.335608
1731 0.00169481 0.00587203 0.448662
1732 0.0049985 0.00821608 0.320823
1733 0.00139001 0.00579098 0.453165
1734 0.00108734 0.0057191 0.456807
1735 0.000765133 0.00568663 0.459502
1736 0.00042427 0.00566624 0.46138
1737 0.00471909 0.00846538 0.329618
1738 0.00443701 0.00863137 0.339636
1739 0.00415115 0.00877887 0.349315
1740 0.00386247 0.00890879 0.358491
1741 0.000291722 0.00618996 0.45703
1742 0.00356561 0.00903288 0.367142
1743 0.000288675 0.0065 0.454013
1744 0.0032741 0.00914212 0.374924
1745 0.000288675 0.00683333 0.450605
1746 0.0029648 0.00924849 0.382371
1747 0.000288675 0.00716667 0.447045
1748 0.00267191 0.00933731 0.388712
1749 0.000288675 0.0075 0.443342
1750 0.00235561 0.00942069 0.3948
1751 0.000288675 0.00783333 0.439501
1752 0.0020526 0.00949176 0.399866
1753 0.000288675 0.00816667 0.435531
1754 0.00173674 0.00955348 0.404407
1755 0.000288675 0.0085 0.431438
1756 0.0014246 0.00960579 0.408121
1757 0.000288675 0.00883333 0.427231
1758 0.00111425 0.00964654 0.411106
1759 0.00029172 0.00916876 0.422869
1760 0.000806851 0.00965933 0.413597
1761 0.000285324 0.00954556 0.417863
1762 0.000263099 0.00591359 0.459688
1763 0.000541256 0.00969481 0.414753
1764 0.00362822 0.00713449 0.391921
1765 0.00339138 0.00695585 0.401325
1766 0.00312905 0.00679015 0.41057
1767 0.00287121 0.0066432 0.418742
1768 0.00386111 0.00731958 0.381855
1769 0.00260571 0.00650981 0.426248
1770 0.00409027 0.00752765 0.370842
1771 0.00232203 0.00638265 0.433349
1772 0.0043038 0.00774252 0.359517
1773 0.0020447 0.00627911 0.439358
1774 0.00449569 0.00796607 0.348136
1775 0.00175714 0.00618849 0.4447
1776 0.0046932 0.0081646 0.336141
1777 0.00146652 0.00610859 0.44927
1778 0.00117651 0.00603215 0.453098
1779 0.000901372 0.00593971 0.456267
1780 0.000596355 0.00600174 0.457609
1781 0.0044405 0.00830177 0.344885
1782 0.00417842 0.00844156 0.353433
1783 0.00390247 0.00856699 0.362081
1784 0.00361379 0.00869845 0.370331
1785 0.000589284 0.00635583 0.454258
1786 0.00332092 0.00882348 0.377985
1787 0.000589554 0.0066781 0.451024
1788 0.00302745 0.00892777 0.3851
1789 0.000583349 0.00700464 0.447629
1790 0.00273658 0.00902326 0.391443
1791 0.000574823 0.00733333 0.444077
1792 0.00244164 0.00910542 0.397241
1793 0.000574823 0.00766667 0.440291
1794 0.00213972 0.00918173 0.402445
1795 0.000574823 0.008 0.436373
1796 0.00184094 0.00924764 0.40689
1797 0.000574823 0.00833333 0.43233
1798 0.00152617 0.00930091 0.410916
1799 0.000568289 0.00866037 0.428279
1800 0.00121426 0.00933907 0.414224
1801 0.000593483 0.00899036 0.423925
1802 0.000936838 0.00940346 0.416035
1803 0.000622438 0.00931957 0.419428
1804 0.00356862 0.00746371 0.389278
1805 0.00334093 0.00727904 0.398559
1806 0.00310451 0.00711431 0.407179
1807 0.00285701 0.00696544 0.41524
1808 0.00261143 0.00683385 0.422415
1809 0.00379503 0.00765177 0.379315
1810 0.00235148 0.00670818 0.429201
1811 0.00402157 0.00786318 0.368278
1812 0.00208329 0.00659877 0.435312
1813 0.00423486 0.00808893 0.356725
1814 0.00180948 0.00649852 0.440754
1815 0.00150671 0.00642296 0.445646
1816 0.00119942 0.00634428 0.449845
1817 0.000888064 0.0062371 0.453572
1818 0.0039584 0.00821714 0.36526
1819 0.00366577 0.00835949 0.373465
1820 0.00337378 0.00848621 0.381097
1821 0.000897593 0.00653117 0.450599
1822 0.00308405 0.0085992 0.38806
1823 0.000892218 0.00684761 0.447362
1824 0.00279413 0.0087078 0.3943
1825 0.000864815 0.0071761 0.444015
1826 0.0025135 0.0087929 0.399861
1827 0.000857147 0.00750683 0.440359
1828 0.00222159 0.00887021 0.405023
1829 0.000860972 0.00783333 0.436536
1830 0.00192963 0.00893953 0.409514
1831 0.000860972 0.00816667 0.432534
1832 0.00163196 0.00900778 0.413331
1833 0.000863393 0.0085123 0.428236
1834 0.00130988 0.00904966 0.41701
1835 0.000823249 0.00880483 0.424811
1836 0.000947112 0.00909138 0.420141
1837 0.00349871 0.00780526 0.386735
1838 0.00327749 0.00760428 0.396069
1839 0.0030678 0.0074252 0.404181
1840 0.00283222 0.00728086 0.411963
1841 0.0025964 0.00715454 0.418944
1842 0.00236125 0.00702745 0.425357
1843 0.00372892 0.00800802 0.37641
1844 0.00210362 0.0069072 0.431541
1845 0.0018404 0.00682012 0.436825
1846 0.00158827 0.00669547 0.441754
1847 0.00125308 0.00670011 0.445687
1848 0.00342547 0.00815425 0.384149
1849 0.00313465 0.00827277 0.391109
1850 0.00285077 0.00837656 0.397329
1851 0.00117337 0.00704122 0.442831
1852 0.00257046 0.00847073 0.402864
1853 0.00113257 0.00736038 0.439667
1854 0.00229053 0.00855442 0.40781
1855 0.00114469 0.00768202 0.435848
1856 0.00200986 0.00862793 0.412201
1857 0.00115695 0.00801317 0.431781
1858 0.00172531 0.00869137 0.416078
1859 0.00114751 0.00835647 0.427662
1860 0.00144428 0.00879815 0.418621
1861 0.00114107 0.0087469 0.422788
1862 0.00319879 0.0079367 0.393855
1863 0.00298733 0.00773737 0.402263
1864 0.00282144 0.00754737 0.408861
1865 0.00257536 0.00747479 0.4155
1866 0.00234073 0.00734737 0.421994
1867 0.00213595 0.00717949 0.427834
1868 0.00186892 0.00713992 0.432807
1869 0.0015316 0.00699685 0.439263
1870 0.00290512 0.00804798 0.400312
1871 0.00262128 0.00814624 0.40596
1872 0.00234587 0.00824593 0.410692
1873 0.00141069 0.0075273 0.434734
1874 0.00204858 0.00831245 0.415578
1875 0.00145437 0.00784993 0.430388
1876 0.001755 0.00838291 0.41959
1877 0.00146448 0.0081782 0.426251
1878 0.00141475 0.00850664 0.422762
1879 0.00265671 0.00780268 0.409589
1880 0.00233423 0.00763503 0.418644
1881 0.00201468 0.00745541 0.426781
1882 0.00238366 0.00793265 0.413914
1883 0.00212989 0.00804493 0.417467
1884 0.00173574 0.00766373 0.428745
1885 0.000997629 0.0173917 0.272846
1886 0.00243432 0.015652 0.291568
1887 0.00338553 0.0135218 0.306991
1888 0.00139136 0.0168127 0.282586
1889 0.00480575 0.0161647 0.214662
1890 0.00459405 0.0163949 0.217883
1891 0.00500328 0.0159243 0.211621
1892 0.00437485 0.0166164 0.220985
1893 0.00518806 0.0156704 0.208793
1894 0.00414669 0.016823 0.224126
1895 0.00536618 0.0154067 0.205891
1896 0.00390135 0.0170182 0.227462
1897 0.00552999 0.0151439 0.203079
1898 0.00364798 0.0172082 0.230534
1899 0.00567678 0.0148727 0.20067
1900 0.00339468 0.0173803 0.233389
1901 0.00580572 0.0145932 0.198743
1902 0.0031288 0.0175381 0.236281
1903 0.00592723 0.0142997 0.196918
1904 0.00285538 0.0176813 0.239051
1905 0.00603629 0.0140058 0.195266
1906 0.00256816 0.0178149 0.241685
1907 0.00612529 0.0137111 0.194207
1908 0.00227977 0.0179378 0.243918
1909 0.00619975 0.0134083 0.193592
1910 0.00198614 0.0180382 0.246111
1911 0.00626162 0.0131029 0.193289
1912 0.00168348 0.0181244 0.2481
1913 0.00631078 0.0127984 0.193305
1914 0.00137588 0.0182022 0.249648
1915 0.00633918 0.0124865 0.194177
1916 0.00106563 0.0182665 0.250847
1917 0.00635622 0.0121706 0.195404
1918 0.000749381 0.0183178 0.251705
1919 0.00635983 0.0118617 0.197071
1920 0.000406798 0.0183512 0.252403
1921 0.00634604 0.0115536 0.199505
1922 0.00631411 0.0112485 0.202813
1923 0.0062664 0.0109364 0.206981
1924 0.00621236 0.01063 0.211468
1925 0.000280259 0.0178415 0.265597
1926 0.00613632 0.0103283 0.217392
1927 0.0003094 0.0175513 0.272599
1928 0.00604487 0.0100303 0.224538
1929 0.000300471 0.0172328 0.280207
1930 0.00594017 0.00973067 0.233047
1931 0.000278781 0.0169018 0.287931
1932 0.00583216 0.00943962 0.242505
1933 0.000277983 0.0165802 0.295194
1934 0.00567489 0.00914894 0.257115
1935 0.000277983 0.0162593 0.302263
1936 0.00550621 0.00884684 0.274723
1937 0.000277983 0.0159383 0.309159
1938 0.000277983 0.0156173 0.315885
1939 0.000277983 0.0152963 0.322448
1940 0.000277983 0.0149753 0.328851
1941 0.00498017 0.00899758 0.306897
1942 0.000277983 0.0146543 0.335102
1943 0.00469344 0.00914746 0.319352
1944 0.000277983 0.0143333 0.341204
1945 0.00439316 0.00929081 0.331225
1946 0.000277983 0.0140123 0.347165
1947 0.00408566 0.00942947 0.342198
1948 0.000277983 0.0136914 0.35299
1949 0.00377904 0.00955746 0.352103
1950 0.000277983 0.0133704 0.358683
1951 0.0034584 0.00967785 0.361484
1952 0.000277983 0.0130494 0.364251
1953 0.0031416 0.0097866 0.369785
1954 0.000277983 0.0127284 0.369699
1955 0.00282203 0.00988341 0.377276
1956 0.000277983 0.0124074 0.37503
1957 0.0025 0.00996853 0.383961
1958 0.000277983 0.0120864 0.380249
1959 0.00216643 0.0100465 0.389962
1960 0.000277983 0.0117654 0.385361
1961 0.00184043 0.0101104 0.39498
1962 0.000277983 0.0114444 0.390369
1963 0.00150765 0.0101659 0.399226
1964 0.000282254 0.0111195 0.395325
1965 0.00117311 0.0102094 0.402657
1966 0.000298425 0.0107907 0.400193
1967 0.00082565 0.0102588 0.405102
1968 0.000271668 0.0104812 0.404812
1969 0.00049794 0.0102523 0.407209
1970 0.000224573 0.010216 0.408725
1971 0.000255457 0.0181013 0.259175
1972 0.0052075 0.00884296 0.296467
1973 0.00448794 0.016087 0.227422
1974 0.00468303 0.0158624 0.224665
1975 0.00428315 0.0163024 0.230196
1976 0.00486467 0.0156287 0.222084
1977 0.00406847 0.0165074 0.232992
1978 0.0050387 0.0153823 0.219547
1979 0.00384451 0.0166993 0.235823
1980 0.00520043 0.0151282 0.217166
1981 0.00360892 0.0168822 0.238644
1982 0.00534899 0.0148716 0.214932
1983 0.00336477 0.0170533 0.241395
1984 0.00548467 0.0146084 0.21293
1985 0.00311449 0.0172123 0.244
1986 0.00560819 0.0143347 0.211213
1987 0.00285421 0.0173586 0.246543
1988 0.00571573 0.0140555 0.209906
1989 0.00258691 0.0174937 0.248894
1990 0.00580628 0.0137754 0.20905
1991 0.0023141 0.0176141 0.251086
1992 0.00588489 0.0134891 0.208501
1993 0.00203833 0.0177189 0.253086
1994 0.00595071 0.0131983 0.208307
1995 0.00175063 0.0178094 0.254985
1996 0.00600346 0.0129065 0.208479
1997 0.00145366 0.0178874 0.256648
1998 0.00604305 0.0126157 0.209041
1999 0.00114426 0.0179512 0.258097
2000 0.00606718 0.0123167 0.210228
2001 0.000835058 0.0180104 0.258945
2002 0.00607345 0.0120169 0.212158
2003 0.000525442 0.0180638 0.259235
2004 0.00606548 0.0117213 0.214665
2005 0.00604337 0.0114252 0.217837
2006 0.00600766 0.0111292 0.221711
2007 0.00595696 0.0108363 0.226449
2008 0.00589513 0.0105475 0.231922
2009 0.000586432 0.017766 0.266356
2010 0.00581986 0.0102601 0.238429
2011 0.000637383 0.0174132 0.27465
2012 0.0057212 0.00996816 0.246869
2013 0.000557725 0.0170617 0.283253
2014 0.00561342 0.00968048 0.256509
2015 0.000557725 0.0167407 0.290588
2016 0.00553606 0.00940618 0.26464
2017 0.000557725 0.0164198 0.297743
2018 0.00530585 0.00917083 0.284138
2019 0.000557725 0.0160988 0.304719
2020 0.000557725 0.0157778 0.311522
2021 0.000557725 0.0154568 0.318157
2022 0.000557725 0.0151358 0.32463
2023 0.000557725 0.0148148 0.330946
2024 0.00498438 0.00932921 0.301149
2025 0.000557725 0.0144938 0.337113
2026 0.00467006 0.00947889 0.315397
2027 0.000557725 0.0141728 0.343134
2028 0.00436749 0.00963088 0.327315
2029 0.000557725 0.0138519 0.349017
2030 0.00404237 0.00975702 0.339176
2031 0.000557725 0.0135309 0.354767
2032 0.00372188 0.00988542 0.349467
2033 0.000557725 0.0132099 0.360388
2034 0.00339576 0.00999861 0.35895
2035 0.000557725 0.0128889 0.365887
2036 0.00306723 0.0101139 0.367296
2037 0.000557725 0.0125679 0.371268
2038 0.00273025 0.0102004 0.375132
2039 0.000557725 0.0122469 0.376536
2040 0.00239655 0.0102866 0.381757
2041 0.000557725 0.0119259 0.381695
2042 0.00205834 0.0103587 0.387595
2043 0.000557725 0.0116049 0.386747
2044 0.00172146 0.0104225 0.392445
2045 0.000551393 0.0112824 0.391751
2046 0.00137751 0.0104735 0.396527
2047 0.000576092 0.0109541 0.396591
2048 0.00101996 0.0105333 0.399541
2049 0.000629165 0.01059 0.401689
2050 0.00418177 0.0160011 0.239291
2051 0.00437181 0.0157901 0.236914
2052 0.00454924 0.0155694 0.234706
2053 0.00398016 0.0162012 0.241794
2054 0.00472 0.0153421 0.232428
2055 0.00377075 0.0163876 0.24434
2056 0.00488097 0.0151017 0.230314
2057 0.00355303 0.0165675 0.246777
2058 0.00502685 0.014856 0.228471
2059 0.00332331 0.0167375 0.249249
2060 0.00516133 0.014613 0.226669
2061 0.0030853 0.0168924 0.251736
2062 0.00529057 0.0143671 0.224765
2063 0.00284235 0.0170378 0.254018
2064 0.00540696 0.014093 0.223437
2065 0.00259298 0.0171756 0.25607
2066 0.00548938 0.0138272 0.223197
2067 0.00233596 0.0172968 0.2581
2068 0.00557269 0.0135577 0.222667
2069 0.002075 0.0174019 0.260015
2070 0.00564317 0.0132814 0.222522
2071 0.0018084 0.0174953 0.261734
2072 0.00569783 0.0130017 0.222905
2073 0.00152396 0.0175773 0.263367
2074 0.00574044 0.0127235 0.223627
2075 0.0012241 0.0176448 0.264871
2076 0.00578017 0.0124474 0.22425
2077 0.00090104 0.0176952 0.266268
2078 0.00579382 0.0121527 0.226167
2079 0.00578314 0.0118743 0.229105
2080 0.00576971 0.0115958 0.232095
2081 0.00574414 0.0113127 0.235728
2082 0.00570162 0.0110318 0.240306
2083 0.00564683 0.010755 0.245646
2084 0.00558601 0.0104781 0.251508
2085 0.00550199 0.0101943 0.25912
2086 0.00082812 0.01716 0.279463
2087 0.00538941 0.0099039 0.269042
2088 0.000834475 0.0168839 0.2858
2089 0.00525939 0.00957375 0.2812
2090 0.000837467 0.0165802 0.292618
2091 0.000837467 0.0162593 0.299669
2092 0.000837467 0.0159383 0.306545
2093 0.000837467 0.0156173 0.313248
2094 0.000837467 0.0152963 0.319786
2095 0.000837467 0.0149753 0.326165
2096 0.000837467 0.0146543 0.33239
2097 0.00492911 0.00962297 0.299786
2098 0.000837467 0.0143333 0.338467
2099 0.00467874 0.00984613 0.309683
2100 0.000837467 0.0140123 0.344403
2101 0.00431709 0.00996386 0.324763
2102 0.000837467 0.0136914 0.350204
2103 0.00398881 0.0100951 0.336464
2104 0.000837467 0.0133704 0.355874
2105 0.00365467 0.01022 0.347091
2106 0.000837467 0.0130494 0.36142
2107 0.00331726 0.0103376 0.356609
2108 0.000837467 0.0127284 0.366846
2109 0.00298059 0.0104394 0.365084
2110 0.000837467 0.0124074 0.372158
2111 0.00263596 0.0105282 0.372762
2112 0.000837467 0.0120864 0.37736
2113 0.0022896 0.0106088 0.379406
2114 0.000840532 0.0117531 0.382625
2115 0.00194402 0.0106765 0.385076
2116 0.000841666 0.011424 0.387727
2117 0.00159253 0.0107383 0.389792
2118 0.00080024 0.0111381 0.39238
2119 0.00124728 0.0108105 0.393145
2120 0.000902352 0.0108556 0.395833
2121 0.00388073 0.0159068 0.250527
2122 0.00407228 0.015708 0.248312
2123 0.00423917 0.0154966 0.246721
2124 0.00440582 0.0152838 0.244774
2125 0.00368223 0.0160818 0.252986
2126 0.0045717 0.0150684 0.242504
2127 0.00348353 0.0162564 0.255026
2128 0.00471695 0.014824 0.241086
2129 0.0032738 0.0164305 0.256941
2130 0.00484187 0.0145866 0.239997
2131 0.00304601 0.0165763 0.259439
2132 0.00497096 0.0143519 0.238363
2133 0.00281498 0.0167168 0.261639
2134 0.00513121 0.014138 0.234757
2135 0.00258277 0.0168546 0.263436
2136 0.00517091 0.01387 0.236772
2137 0.00234725 0.0169881 0.264902
2138 0.00525374 0.0136118 0.23654
2139 0.00209498 0.0170907 0.266864
2140 0.00533761 0.0133533 0.235997
2141 0.00184836 0.0171779 0.268578
2142 0.00539868 0.0130845 0.236349
2143 0.00159975 0.0172686 0.269747
2144 0.00543172 0.0128134 0.237857
2145 0.00130455 0.0173454 0.271226
2146 0.0054714 0.0125478 0.23879
2147 0.00554818 0.0122873 0.237609
2148 0.005494 0.0120213 0.242987
2149 0.00548566 0.0117532 0.245988
2150 0.00547643 0.0114848 0.248985
2151 0.00544463 0.0112136 0.253195
2152 0.00538889 0.0109512 0.25871
2153 0.00533908 0.0106868 0.264042
2154 0.00529285 0.0104228 0.269327
2155 0.00519367 0.0101463 0.278075
2156 0.00112338 0.0170562 0.279657
2157 0.00505426 0.00988749 0.289245
2158 0.00110033 0.0167212 0.287463
2159 0.00110068 0.0164094 0.294373
2160 0.00111721 0.0160988 0.300943
2161 0.00111721 0.0157778 0.307711
2162 0.00111721 0.0154568 0.314308
2163 0.00111721 0.0151358 0.320743
2164 0.00111721 0.0148148 0.327022
2165 0.00111721 0.0144938 0.333151
2166 0.00111721 0.0141728 0.339135
2167 0.00456589 0.0101979 0.310183
2168 0.00111721 0.0138519 0.344981
2169 0.00425517 0.0103092 0.322576
2170 0.00111721 0.0135309 0.350694
2171 0.00392083 0.010438 0.334252
2172 0.00111721 0.0132099 0.356282
2173 0.00358283 0.0105585 0.344768
2174 0.00111721 0.0128889 0.361748
2175 0.00323768 0.0106784 0.354188
2176 0.00111721 0.0125679 0.367099
2177 0.00288446 0.0107705 0.362927
2178 0.00111721 0.0122469 0.372339
2179 0.00253093 0.0108567 0.370481
2180 0.00111861 0.0119102 0.377706
2181 0.00217597 0.0109346 0.376951
2182 0.0011204 0.0115621 0.383137
2183 0.00183131 0.0110016 0.382215
2184 0.00111716 0.011172 0.389155
2185 0.0014812 0.0110732 0.386376
2186 0.00140635 0.0170925 0.276034
2187 0.00487184 0.0101394 0.295795
2188 0.00358678 0.0157776 0.261625
2189 0.00380323 0.0156396 0.257906
2190 0.00393119 0.015417 0.258136
2191 0.00409161 0.0152091 0.256733
2192 0.00425967 0.0150047 0.254641
2193 0.00339086 0.0159499 0.263644
2194 0.00444438 0.0148208 0.2512
2195 0.00323532 0.0161532 0.26357
2196 0.00452166 0.0145718 0.25245
2197 0.00300467 0.0162629 0.266957
2198 0.00466097 0.0143046 0.251356
2199 0.00277603 0.0163981 0.269277
2200 0.00342537 0.0130248 0.313664
2201 0.00254388 0.016539 0.271066
2202 0.00247297 0.0159304 0.285204
2203 0.00231156 0.0166797 0.272375
2204 0.00493649 0.0136711 0.249426
2205 0.00211847 0.0168303 0.272326
2206 0.00501393 0.0133928 0.249864
2207 0.00187429 0.0168575 0.275477
2208 0.00513337 0.0131668 0.247484
2209 0.00163147 0.0169471 0.276744
2210 0.00512386 0.0129095 0.251086
2211 0.00516605 0.0126091 0.252704
2212 0.00479747 0.0104476 0.295616
2213 0.00465775 0.0114767 0.289488
2214 0.00519806 0.011917 0.258895
2215 0.00519172 0.0116311 0.26225
2216 0.00522461 0.0113811 0.263184
2217 0.0051234 0.0111485 0.270882
2218 0.00506894 0.0108814 0.276624
2219 0.00505256 0.0106135 0.280481
2220 0.0013328 0.0165519 0.289012
2221 0.00139486 0.0162748 0.294408
2222 0.00139601 0.0159502 0.301305
2223 0.00139695 0.0156173 0.308197
2224 0.00139695 0.0152963 0.314684
2225 0.00139695 0.0149753 0.321012
2226 0.00139695 0.0146543 0.327186
2227 0.00139695 0.0143333 0.333212
2228 0.00139695 0.0140123 0.339098
2229 0.00450719 0.010543 0.308269
2230 0.00139695 0.0136914 0.344849
2231 0.00419168 0.0106575 0.320437
2232 0.00139695 0.0133704 0.350471
2233 0.00384823 0.0107833 0.332145
2234 0.00139695 0.0130494 0.355972
2235 0.00349908 0.0109103 0.342575
2236 0.00139695 0.0127284 0.361356
2237 0.00314561 0.0110175 0.352037
2238 0.00139695 0.0124074 0.36663
2239 0.00278413 0.0111031 0.360695
2240 0.00140442 0.0120741 0.371899
2241 0.00242448 0.0111902 0.367968
2242 0.00139265 0.0117438 0.377249
2243 0.00206856 0.0112694 0.374028
2244 0.00140546 0.0114047 0.382332
2245 0.00173295 0.0113245 0.378946
2246 0.00503777 0.0103613 0.284168
2247 0.00356549 0.0154122 0.269174
2248 0.00329582 0.0156444 0.272113
2249 0.00376534 0.0151523 0.26802
2250 0.00395604 0.01491 0.266348
2251 0.00416861 0.0146514 0.263726
2252 0.00303482 0.0158988 0.273667
2253 0.00432455 0.0143123 0.263746
2254 0.00448736 0.0139919 0.26271
2255 0.00250572 0.0162347 0.278269
2256 0.00225637 0.0163914 0.27959
2257 0.00468029 0.0134342 0.263242
2258 0.00481141 0.013097 0.262407
2259 0.00485323 0.0127368 0.265236
2260 0.00488343 0.0123944 0.26815
2261 0.00490924 0.0117284 0.27488
2262 0.00493749 0.0114212 0.277082
2263 0.00477485 0.0107556 0.292912
2264 0.00165581 0.0165517 0.285305
2265 0.00167145 0.0161427 0.293897
2266 0.00167126 0.0157915 0.301247
2267 0.00167669 0.0154568 0.307992
2268 0.00167669 0.0151358 0.314364
2269 0.00167669 0.0148148 0.320579
2270 0.00167669 0.0144938 0.326642
2271 0.00167669 0.0141728 0.332561
2272 0.00167669 0.0138519 0.338343
2273 0.00446686 0.0108883 0.305553
2274 0.00167669 0.0135309 0.343994
2275 0.00412344 0.0110102 0.318404
2276 0.00167669 0.0132099 0.349521
2277 0.00376861 0.0111401 0.330039
2278 0.00167669 0.0128889 0.354931
2279 0.0034098 0.0112593 0.340467
2280 0.00167669 0.0125679 0.36023
2281 0.00304429 0.0113539 0.35003
2282 0.00168874 0.012225 0.365596
2283 0.00267634 0.0114468 0.358297
2284 0.0016953 0.0118893 0.370809
2285 0.00230568 0.0115268 0.36547
2286 0.00163527 0.0115992 0.376193
2287 0.0019364 0.0116236 0.371046
2288 0.00275448 0.016072 0.276517
2289 0.00465713 0.0137299 0.25997
2290 0.00201841 0.0165844 0.279378
2291 0.00490506 0.012057 0.271213
2292 0.00477325 0.0111128 0.288663
2293 0.00320646 0.0153121 0.280766
2294 0.00344002 0.015083 0.27874
2295 0.0029495 0.0155254 0.283035
2296 0.00362584 0.0148466 0.277639
2297 0.00380899 0.0146005 0.276335
2298 0.00398455 0.0143141 0.275452
2299 0.00415039 0.01398 0.275136
2300 0.00222049 0.0160939 0.286505
2301 0.00444599 0.0132306 0.275397
2302 0.00453183 0.0128744 0.276893
2303 0.00456489 0.0125204 0.280259
2304 0.00483772 0.0140163 0.248679
2305 0.00194351 0.0159513 0.29403
2306 0.00194524 0.015624 0.300716
2307 0.0019585 0.0153015 0.306954
2308 0.00196545 0.0149838 0.313031
2309 0.00196376 0.0146598 0.319211
2310 0.00195643 0.0143333 0.325379
2311 0.00195643 0.0140123 0.331184
2312 0.00195643 0.0136914 0.336856
2313 0.00441016 0.0112351 0.30352
2314 0.00195643 0.0133704 0.342401
2315 0.00405144 0.0113657 0.316385
2316 0.00195643 0.0130494 0.347828
2317 0.00409618 0.0133381 0.286853
2318 0.00195643 0.0127284 0.353143
2319 0.00331354 0.011604 0.338461
2320 0.00196226 0.0123885 0.358556
2321 0.002946 0.0116892 0.347756
2322 0.00198637 0.0120267 0.363882
2323 0.00258812 0.0117733 0.355468
2324 0.00271209 0.0157323 0.284296
2325 0.00434672 0.0136247 0.27349
2326 0.00195091 0.0162883 0.286819
2327 0.00458869 0.0121771 0.283711
2328 0.00223931 0.0118567 0.36177
2329 0.00287045 0.015188 0.291341
2330 0.00311117 0.0149978 0.289039
2331 0.0033116 0.0147781 0.287759
2332 0.00347141 0.0145442 0.287432
2333 0.0036371 0.0142973 0.286768
2334 0.00380553 0.0140012 0.286385
2335 0.00422209 0.0129967 0.287209
2336 0.00425994 0.0126479 0.290696
2337 0.00220341 0.015779 0.293293
2338 0.00222894 0.0154677 0.299111
2339 0.00226182 0.0151652 0.304437
2340 0.0022519 0.0148324 0.310971
2341 0.00224983 0.0145006 0.31718
2342 0.002252 0.014176 0.323026
2343 0.00224866 0.0138555 0.328764
2344 0.00223617 0.0135309 0.334622
2345 0.00433427 0.0115959 0.301957
2346 0.00223617 0.0132099 0.340058
2347 0.00398462 0.0117198 0.314032
2348 0.00223617 0.0128889 0.345381
2349 0.0022419 0.01257 0.35045
2350 0.00319362 0.0119414 0.337056
2351 0.00224439 0.0122257 0.355894
2352 0.00285532 0.0120246 0.345061
2353 0.00368056 0.011496 0.328104
2354 0.00257717 0.0153897 0.293939
2355 0.00395145 0.0136592 0.286991
2356 0.0042749 0.0122936 0.294991
2357 0.00460443 0.0118433 0.287271
2358 0.003594 0.0118572 0.325875
2359 0.00251508 0.0121047 0.35204
2360 0.00281156 0.0148574 0.298875
2361 0.00303625 0.0147247 0.295877
2362 0.00314615 0.0144914 0.297265
2363 0.00328715 0.0142572 0.297583
2364 0.00346247 0.01404 0.29627
2365 0.00397034 0.0127759 0.299557
2366 0.00255116 0.0150224 0.301509
2367 0.00253315 0.0146753 0.308362
2368 0.00254653 0.0143339 0.314293
2369 0.0025548 0.014021 0.319654
2370 0.00252944 0.0136947 0.325843
2371 0.00251592 0.0133704 0.331627
2372 0.00252685 0.0130563 0.336595
2373 0.00253326 0.0127471 0.341477
2374 0.00253449 0.012454 0.346123
2375 0.00308755 0.0123237 0.334278
2376 0.00429043 0.0119494 0.299028
2377 0.00361908 0.013725 0.296708
2378 0.00394291 0.0130875 0.295913
2379 0.00397745 0.0124366 0.304195
2380 0.00395635 0.0120783 0.310047
2381 0.00339627 0.012165 0.327589
2382 0.00276596 0.0123111 0.342879
2383 0.0028152 0.0145159 0.30502
2384 0.00290273 0.0141957 0.308638
2385 0.00283004 0.0138517 0.316301
2386 0.00279771 0.0135309 0.32249
2387 0.00280861 0.01322 0.327367
2388 0.0028297 0.0129048 0.331956
2389 0.00368692 0.0133207 0.300993
2390 0.00368408 0.0122466 0.317149
2391 0.00313258 0.0139752 0.306541
2392 0.00370723 0.0125976 0.311215
2393 0.00369947 0.0129369 0.306409
2394 0.00283702 0.0125981 0.336635
2395 0.00340869 0.0124685 0.322686
2396 0.0030841 0.0133843 0.317635
2397 0.00310394 0.0130791 0.322025
2398 0.00522118 0.0122742 0.253906
2399 0.00333486 0.0137901 0.304052
2400 0.00315515 0.01274 0.325967
2401 0.00334193 0.0132688 0.312293
2402 0.0030791 0.0136687 0.313096
2403 0.00346951 0.0127471 0.316581
