1 0 0 8.29529
2 -1.31814e-05 0.0843 8.37167
3 0.00162256 0.000428248 8.09178
4 0.00324511 0.000856496 8.03217
5 0.00486767 0.00128474 8.01578
6 0.00647042 0.00178135 7.99711
7 0.00807059 0.00228684 7.98664
8 0.00967077 0.00279234 7.99945
9 0.0112462 0.00336888 8.00055
10 0.0128144 0.00396625 8.01556
11 0.0143602 0.00461705 8.03103
12 0.0158862 0.00531529 8.04711
13 0.0173989 0.0060402 8.08304
14 0.0188703 0.00684624 8.11788
15 0.0202995 0.00772561 8.15534
16 0.0216847 0.00867284 8.20286
17 0.0230079 0.0097042 8.25625
18 0.0242512 0.0108307 8.30498
19 0.0254216 0.0120324 8.36166
20 0.026495 0.0133213 8.41372
21 0.0274721 0.0146849 8.46458
22 0.0283421 0.0161192 8.50646
23 0.029115 0.0176082 8.54422
24 0.0297915 0.0191435 8.57595
25 0.0303777 0.0207155 8.60275
26 0.0308798 0.0223163 8.62645
27 0.0312997 0.0239406 8.64727
28 0.031638 0.0255838 8.66541
29 0.031893 0.0272421 8.68071
30 0.0320609 0.0289115 8.69254
31 0.0321343 0.0305877 8.69901
32 0.0321043 0.0322652 8.69583
33 0.0319758 0.0339379 8.68662
34 0.0317491 0.0356001 8.67036
35 0.0314272 0.0372465 8.64764
36 0.0310145 0.0388726 8.61874
37 0.0305201 0.040476 8.58623
38 0.0299517 0.0420547 8.55037
39 0.0293217 0.04361 8.51439
40 0.028638 0.0451425 8.47728
41 0.0279161 0.0466574 8.4436
42 0.0271661 0.0481586 8.41281
43 0.0263992 0.0496512 8.38617
44 0.0256255 0.0511403 8.36389
45 0.0248559 0.0526315 8.34674
46 0.0241011 0.0541303 8.33523
47 0.0233717 0.0556415 8.32952
48 0.0226792 0.05717 8.33085
49 0.0220333 0.0587186 8.339
50 0.021444 0.0602895 8.35537
51 0.0209171 0.0618824 8.38002
52 0.0204536 0.063495 8.41218
53 0.0200504 0.0651238 8.45302
54 0.0196877 0.0667622 8.49533
55 0.0193464 0.0684053 8.54088
56 0.0189725 0.0700411 8.57115
57 0.0185318 0.07166 8.5922
58 0.0179381 0.0732282 8.57284
59 0.0171867 0.0747276 8.53751
60 0.0162107 0.0760901 8.45796
61 0.01508 0.0773288 8.38543
62 0.0138066 0.0784196 8.30926
63 0.012416 0.0793584 8.23401
64 0.0109711 0.0802101 8.18644
65 0.00947653 0.0809706 8.1474
66 0.00793738 0.0816364 8.11458
67 0.00636883 0.0822328 8.09066
68 0.00480028 0.0828292 8.10489
69 0.00320355 0.0833424 8.11624
70 0.00159518 0.0838212 8.16649
71 -1.2923e-05 0.0826471 7.50813
72 -1.26645e-05 0.0809941 6.64258
73 -1.24061e-05 0.0793412 5.80528
74 -1.21476e-05 0.0776882 5.01432
75 -1.18891e-05 0.0760353 4.2803
76 -1.16307e-05 0.0743824 3.60858
77 -1.13722e-05 0.0727294 3.00121
78 -1.11138e-05 0.0710765 2.45874
79 -1.08553e-05 0.0694235 1.98102
80 -1.05968e-05 0.0677706 1.56708
81 -1.03384e-05 0.0661176 1.21504
82 -1.00799e-05 0.0644647 0.922042
83 -9.82147e-06 0.0628118 0.684101
84 -9.56301e-06 0.0611588 0.496091
85 -9.30455e-06 0.0595059 0.351844
86 -9.04609e-06 0.0578529 0.244472
87 -8.78763e-06 0.0562 0.166869
88 -8.52917e-06 0.0545471 0.112276
89 -8.27071e-06 0.0528941 0.0747568
90 -8.01225e-06 0.0512412 0.0494602
91 -7.75379e-06 0.0495882 0.0326635
92 -7.49533e-06 0.0479353 0.0216558
93 -7.23687e-06 0.0462824 0.0145471
94 -6.97841e-06 0.0446294 0.0100725
95 -6.71995e-06 0.0429765 0.00742794
96 -6.46149e-06 0.0413235 0.00615098
97 -6.20303e-06 0.0396706 0.00604927
98 -5.94457e-06 0.0380176 0.0071746
99 -5.68611e-06 0.0363647 0.00984275
100 -5.42765e-06 0.0347118 0.0147032
101 -5.1692e-06 0.0330588 0.0228663
102 -4.91074e-06 0.0314059 0.0360943
103 -4.65228e-06 0.0297529 0.0570548
104 -4.39382e-06 0.0281 0.0896083
105 -4.13536e-06 0.0264471 0.139058
106 -3.8769e-06 0.0247941 0.21224
107 -3.61844e-06 0.0231412 0.317333
108 -3.35998e-06 0.0214882 0.463313
109 -3.10152e-06 0.0198353 0.659186
110 -2.84306e-06 0.0181824 0.913201
111 -2.5846e-06 0.0165294 1.23228
112 -2.32614e-06 0.0148765 1.62172
113 -2.06768e-06 0.0132235 2.08519
114 -1.80922e-06 0.0115706 2.62486
115 -1.55076e-06 0.00991765 3.24146
116 -1.2923e-06 0.00826471 3.9342
117 -1.03384e-06 0.00661176 4.7004
118 -7.75379e-07 0.00495882 5.53486
119 -5.1692e-07 0.00330588 6.42913
120 -2.5846e-07 0.00165294 7.35995
121 0.0160271 0.0304386 0.44504
122 0.024753 0.0294161 3.42976
123 0.0154148 0.0232268 0.995585
124 0.016249 0.0322111 0.421671
125 0.00434974 0.078806 5.76354
126 0.0133893 0.0767528 7.31787
127 0.0121836 0.0776163 7.2369
128 0.0145023 0.0756534 7.34895
129 0.0108623 0.0784174 7.16517
130 0.0154111 0.0745334 7.37192
131 0.00949912 0.0791956 7.1428
132 0.0162052 0.0732486 7.36894
133 0.00810161 0.0799074 7.14375
134 0.0167888 0.0718645 7.28769
135 0.00666574 0.0805057 7.13115
136 0.0172813 0.0703711 7.18805
137 0.00483312 0.0806518 6.82732
138 0.0177107 0.0688346 7.09038
139 0.00834664 0.072951 3.93305
140 0.0180878 0.067245 6.97497
141 0.00159054 0.0820678 7.1827
142 0.018457 0.0656278 6.8643
143 0.018855 0.0639532 6.76262
144 0.0193036 0.0622887 6.69478
145 0.0198131 0.0606416 6.66123
146 0.00157931 0.0803649 6.27122
147 0.0203867 0.0590116 6.65688
148 0.00151564 0.0786575 5.40999
149 0.0210206 0.0574063 6.67658
150 0.00144519 0.0769401 4.60843
151 0.0217051 0.0558239 6.71046
152 0.00142082 0.0752488 3.88509
153 0.0224321 0.0542633 6.7553
154 0.00141999 0.0735561 3.22844
155 0.0231796 0.0527428 6.80649
156 0.00142025 0.0719032 2.65334
157 0.0239462 0.0512299 6.85943
158 0.0014205 0.0702502 2.14398
159 0.0247188 0.0497351 6.91754
160 0.00142076 0.0685973 1.69988
161 0.0254787 0.0482544 6.97382
162 0.00142102 0.0669443 1.31971
163 0.0262354 0.0467599 7.03572
164 0.00142128 0.0652914 1.00124
165 0.0269458 0.0452939 7.09317
166 0.00142154 0.0636385 0.741166
167 0.0276465 0.0437759 7.15708
168 0.0014218 0.0619855 0.534911
169 0.0282518 0.0422953 7.19604
170 0.00142206 0.0603326 0.376586
171 0.028818 0.0407841 7.24177
172 0.00142231 0.0586796 0.259163
173 0.0293256 0.0392575 7.28992
174 0.00142257 0.0570267 0.174973
175 0.0297584 0.0377097 7.33164
176 0.00142283 0.0553738 0.116429
177 0.0301047 0.0361527 7.36421
178 0.00142309 0.0537208 0.0767332
179 0.0303603 0.0345812 7.38623
180 0.00142335 0.0520679 0.0503247
181 0.0305315 0.0329997 7.40581
182 0.00142361 0.0504149 0.0329891
183 0.0306081 0.0314149 7.41602
184 0.00142386 0.048762 0.0217153
185 0.0305968 0.0298236 7.42294
186 0.00142412 0.047109 0.0144453
187 0.030484 0.028232 7.41557
188 0.00142438 0.0454561 0.00981982
189 0.0302827 0.0266475 7.40312
190 0.00142464 0.0438032 0.00697203
191 0.0299995 0.0250781 7.38903
192 0.0014249 0.0421502 0.00537993
193 0.0296404 0.023523 7.37791
194 0.00142516 0.0404973 0.004773
195 0.0292016 0.0219899 7.36593
196 0.00142542 0.0388443 0.00508554
197 0.0286862 0.0204858 7.35574
198 0.00142567 0.0371914 0.00645154
199 0.0280856 0.0190154 7.34236
200 0.00142593 0.0355385 0.00924255
201 0.0273955 0.0175951 7.32154
202 0.00142619 0.0338855 0.014156
203 0.0266237 0.016223 7.30285
204 0.00142645 0.0322326 0.0223682
205 0.0257698 0.0149126 7.28496
206 0.00142671 0.0305796 0.0357686
207 0.0248096 0.0136605 7.25653
208 0.00142697 0.0289267 0.0572831
209 0.0237484 0.0125022 7.20867
210 0.00142722 0.0272738 0.0912564
211 0.022601 0.0114337 7.14895
212 0.00142748 0.0256208 0.143787
213 0.0213961 0.0104132 7.11208
214 0.00142774 0.0239679 0.222813
215 0.0201211 0.00948197 7.0684
216 0.001428 0.0223149 0.337726
217 0.0187681 0.00862756 7.01514
218 0.00142826 0.020662 0.498496
219 0.017393 0.00780421 6.99632
220 0.00142852 0.019009 0.714581
221 0.015972 0.00705309 6.97657
222 0.00142878 0.0173561 0.994055
223 0.0145053 0.00637003 6.94742
224 0.00142903 0.0157032 1.34318
225 0.0130091 0.00572729 6.92475
226 0.00142929 0.0140502 1.76635
227 0.0114623 0.00507961 6.93207
228 0.00142955 0.0123973 2.26628
229 0.0099391 0.00450064 6.93677
230 0.00142981 0.0107443 2.84438
231 0.00839569 0.00397407 6.93978
232 0.00143007 0.0090914 3.50093
233 0.00682521 0.00349884 6.93599
234 0.00144368 0.0073751 4.26344
235 0.00522529 0.00303863 6.94603
236 0.00147294 0.00563563 5.11636
237 0.00338849 0.00284161 6.80072
238 0.00165012 0.00383557 6.07875
239 0.00165496 0.00218182 7.03216
240 0.0119437 0.0758988 6.32414
241 0.013108 0.0752844 6.53526
242 0.0107381 0.0767494 6.28514
243 0.0137727 0.0741431 6.35561
244 0.00945918 0.0775455 6.26823
245 0.0147329 0.0732664 6.50963
246 0.00815117 0.0782575 6.26638
247 0.0150806 0.0720152 6.24206
248 0.00686572 0.0788965 6.28914
249 0.0156178 0.0706396 6.10235
250 0.00567625 0.0794116 6.31428
251 0.0160733 0.0691789 5.94137
252 0.00315297 0.0796721 6.04411
253 0.0164703 0.0676614 5.76986
254 0.0168532 0.0660852 5.60514
255 0.0172322 0.0644398 5.43914
256 0.0176612 0.0627301 5.30436
257 0.0181492 0.0610272 5.21836
258 0.0187072 0.0593367 5.1832
259 0.019333 0.0576702 5.19324
260 0.00291493 0.0778844 5.1312
261 0.0200097 0.0560396 5.23324
262 0.00284025 0.0761465 4.3334
263 0.0207358 0.0544335 5.29679
264 0.00283881 0.0744415 3.62729
265 0.0214977 0.05286 5.37721
266 0.00285635 0.0727299 2.99057
267 0.0222618 0.051327 5.45558
268 0.00285661 0.0710769 2.44211
269 0.0230429 0.049816 5.54496
270 0.00285687 0.069424 1.95988
271 0.0238157 0.0483362 5.63702
272 0.00285712 0.067771 1.54251
273 0.0245654 0.0468532 5.71682
274 0.00285738 0.0661181 1.18808
275 0.0252824 0.0454018 5.79791
276 0.00285764 0.0644652 0.893901
277 0.0259619 0.0439497 5.87383
278 0.0028579 0.0628122 0.656169
279 0.0265928 0.0424899 5.94168
280 0.00285816 0.0611593 0.469806
281 0.0271665 0.0410353 6.00527
282 0.00285842 0.0595063 0.328485
283 0.0276823 0.039567 6.065
284 0.00285867 0.0578534 0.224924
285 0.0281384 0.0380942 6.12663
286 0.00285893 0.0562004 0.151469
287 0.0285063 0.0366169 6.17192
288 0.00285919 0.0545475 0.100823
289 0.028791 0.0351308 6.20691
290 0.00285945 0.0528946 0.0666744
291 0.0289924 0.033636 6.23385
292 0.00285971 0.0512416 0.0440129
293 0.0291067 0.0321357 6.2518
294 0.00285997 0.0495887 0.029132
295 0.0291423 0.030633 6.26832
296 0.00286023 0.0479357 0.0194315
297 0.0290895 0.029123 6.27674
298 0.00286048 0.0462828 0.0131582
299 0.0289419 0.0276112 6.27342
300 0.00286074 0.0446299 0.00916825
301 0.0287007 0.0261178 6.2581
302 0.002861 0.0429769 0.00674381
303 0.0283993 0.0246304 6.25681
304 0.00286126 0.041324 0.00546888
305 0.0280208 0.0231619 6.25618
306 0.00286152 0.039671 0.00515595
307 0.0275674 0.0217173 6.25811
308 0.00286178 0.0380181 0.00581758
309 0.0270479 0.0203074 6.2675
310 0.00286203 0.0363652 0.00768014
311 0.0264373 0.0189426 6.26626
312 0.00286229 0.0347122 0.0112446
313 0.0257316 0.017635 6.25087
314 0.00286255 0.0330593 0.0174059
315 0.0249752 0.0163803 6.25195
316 0.00286281 0.0314063 0.0276483
317 0.0241888 0.0151545 6.28908
318 0.00286307 0.0297534 0.0443337
319 0.0232227 0.0140157 6.25944
320 0.00286333 0.0281004 0.0710758
321 0.0221721 0.0130215 6.18997
322 0.00286359 0.0264475 0.113138
323 0.0210648 0.0120441 6.14996
324 0.00286384 0.0247946 0.177688
325 0.0198848 0.0111263 6.11161
326 0.0028641 0.0231416 0.273663
327 0.0186349 0.0102788 6.06852
328 0.00286436 0.0214887 0.411092
329 0.0173371 0.0094776 6.03904
330 0.00286462 0.0198357 0.600008
331 0.0160001 0.00872587 6.02115
332 0.00286488 0.0181828 0.849389
333 0.0146117 0.00803284 6.00027
334 0.00286514 0.0165299 1.16649
335 0.0131783 0.00737365 5.988
336 0.00286539 0.0148769 1.55668
337 0.0116924 0.00674227 5.98487
338 0.00286565 0.013224 2.02355
339 0.0101893 0.00614295 5.99494
340 0.00284302 0.0115591 2.57267
341 0.00865643 0.00561925 5.98897
342 0.00285598 0.00987519 3.21132
343 0.0071403 0.00513453 5.99611
344 0.00287973 0.00819646 3.93135
345 0.00564748 0.00466369 6.0306
346 0.00287222 0.00646707 4.75658
347 0.00427507 0.00416181 6.1356
348 0.0028584 0.00464637 5.71337
349 0.0119548 0.0740267 5.51092
350 0.0105569 0.0750535 5.44491
351 0.00937811 0.0759397 5.47436
352 0.0132767 0.0724275 5.4469
353 0.00809464 0.0766726 5.46637
354 0.00683432 0.0772768 5.45925
355 0.0139656 0.0708788 5.23888
356 0.00556943 0.0779413 5.53308
357 0.014445 0.0694749 5.03184
358 0.0148542 0.0680307 4.81896
359 0.0152377 0.0665008 4.6045
360 0.0156174 0.0648997 4.39989
361 0.0160076 0.0632114 4.20238
362 0.0164633 0.0614575 4.04834
363 0.0169978 0.0597127 3.95921
364 0.017613 0.0579837 3.93225
365 0.0182893 0.0562898 3.95238
366 0.00422952 0.0770584 4.89459
367 0.0190116 0.0546364 4.006
368 0.00422682 0.0753489 4.13553
369 0.0197777 0.0530131 4.08697
370 0.00427028 0.0736301 3.45071
371 0.0205666 0.0514389 4.18679
372 0.00427633 0.0719671 2.85322
373 0.0213544 0.0499006 4.28828
374 0.00428273 0.0702704 2.31349
375 0.0221486 0.0484073 4.40553
376 0.00429323 0.0685977 1.84909
377 0.0229047 0.0469447 4.50886
378 0.00429349 0.0669448 1.45299
379 0.0236277 0.0455067 4.60679
380 0.00429374 0.0652918 1.11794
381 0.0243195 0.0440693 4.70093
382 0.004294 0.0636389 0.841156
383 0.0249452 0.0426479 4.77727
384 0.00429426 0.061986 0.618326
385 0.025524 0.0412323 4.85237
386 0.00429452 0.060333 0.444117
387 0.0260482 0.0398155 4.924
388 0.00429478 0.0586801 0.31218
389 0.0265106 0.0384087 4.99321
390 0.00429504 0.0570271 0.215439
391 0.0269127 0.0370072 5.06284
392 0.00429529 0.0553742 0.146617
393 0.0272267 0.0355975 5.11389
394 0.00429555 0.0537213 0.0988883
395 0.0274588 0.0341854 5.15364
396 0.00429581 0.0520683 0.0664263
397 0.0276016 0.0327682 5.17824
398 0.00429607 0.0504154 0.0446415
399 0.0276653 0.0313467 5.19658
400 0.00429633 0.0487624 0.0301487
401 0.0276839 0.0299405 5.23304
402 0.00429659 0.0471095 0.0205705
403 0.0276019 0.0284917 5.25121
404 0.00429685 0.0454566 0.0142974
405 0.0273752 0.0270887 5.21965
406 0.0042971 0.0438036 0.0102765
407 0.0271142 0.0256712 5.21824
408 0.00429736 0.0421507 0.00785117
409 0.0268053 0.0242599 5.23724
410 0.00429762 0.0404977 0.00665575
411 0.0264118 0.0228705 5.25107
412 0.00429788 0.0388448 0.00655859
413 0.0259541 0.0215212 5.27027
414 0.00429814 0.0371918 0.00765077
415 0.025461 0.0202087 5.3125
416 0.0042984 0.0355389 0.0102812
417 0.0248197 0.0189458 5.30689
418 0.00429865 0.033886 0.0151467
419 0.0240803 0.0177727 5.2759
420 0.00429891 0.032233 0.0234528
421 0.0233804 0.0166001 5.32054
422 0.00429917 0.0305801 0.037162
423 0.0227647 0.0153699 5.48419
424 0.00429943 0.0289271 0.0593382
425 0.0216667 0.0145761 5.29094
426 0.00429969 0.0272742 0.0945491
427 0.0206891 0.0136197 5.27772
428 0.00429995 0.0256213 0.149207
429 0.0195971 0.0127156 5.24574
430 0.00430021 0.0239683 0.231621
431 0.0184342 0.0119034 5.19605
432 0.00430046 0.0223154 0.351541
433 0.0172216 0.0111117 5.1692
434 0.00430072 0.0206624 0.519195
435 0.0159618 0.0103745 5.14635
436 0.00430098 0.0190095 0.744165
437 0.0146542 0.00968743 5.12646
438 0.00430124 0.0173566 1.03455
439 0.0132969 0.00902731 5.11798
440 0.0043015 0.0157036 1.39662
441 0.0118824 0.00838628 5.12202
442 0.00430176 0.0140507 1.83482
443 0.0104208 0.00777683 5.1336
444 0.00425207 0.0123925 2.35095
445 0.00893798 0.00721108 5.1514
446 0.00423131 0.0107037 2.96079
447 0.00734441 0.006761 5.11996
448 0.00431233 0.0089815 3.67713
449 0.0057859 0.00628563 5.14528
450 0.00435811 0.00729059 4.4675
451 0.00425005 0.00567046 5.2888
452 0.010101 0.0734149 4.60777
453 0.0112018 0.0720451 4.44968
454 0.00906472 0.0743307 4.67683
455 0.0081352 0.0752801 4.84256
456 0.012454 0.0709569 4.56218
457 0.00687917 0.0756214 4.69892
458 0.00554901 0.0762742 4.7374
459 0.0128576 0.0696822 4.30625
460 0.0132207 0.0683443 4.05283
461 0.0136063 0.0669024 3.81606
462 0.0139944 0.0653652 3.58961
463 0.0143635 0.0637066 3.35373
464 0.0147709 0.0619164 3.13299
465 0.0152558 0.0601317 2.97836
466 0.0158608 0.0583379 2.90468
467 0.0165365 0.0565812 2.89003
468 0.0172612 0.0548629 2.91587
469 0.0180287 0.0531967 2.97835
470 0.00565404 0.0746049 4.03332
471 0.018827 0.0515842 3.06995
472 0.00570603 0.0729108 3.37942
473 0.0196475 0.0499974 3.17897
474 0.00566982 0.0711858 2.77371
475 0.0204658 0.0484701 3.30185
476 0.0056929 0.0694799 2.25356
477 0.0212538 0.047018 3.42912
478 0.00573491 0.0677994 1.80923
479 0.0219763 0.0455904 3.53065
480 0.00575723 0.0661397 1.42928
481 0.0226755 0.0441656 3.63233
482 0.0057301 0.0644656 1.10012
483 0.023304 0.0427777 3.71765
484 0.00573036 0.0628127 0.834453
485 0.0238919 0.0413926 3.80198
486 0.00573062 0.0611597 0.619716
487 0.0244181 0.0400153 3.87741
488 0.00573088 0.0595068 0.450657
489 0.0248844 0.0386462 3.94846
490 0.00573114 0.0578538 0.321499
491 0.0252996 0.0373082 4.02623
492 0.0057314 0.0562009 0.225796
493 0.0256796 0.0359929 4.11984
494 0.00573166 0.054548 0.156766
495 0.0259203 0.0346373 4.15836
496 0.00573191 0.052895 0.108084
497 0.0260928 0.0333274 4.19572
498 0.00573217 0.0512421 0.0743221
499 0.0261893 0.0319727 4.22296
500 0.00573243 0.0495891 0.0511803
501 0.0261793 0.0306271 4.22612
502 0.00573269 0.0479362 0.0354533
503 0.0264209 0.0293042 4.43071
504 0.00573295 0.0462833 0.024845
505 0.0260126 0.0280033 4.26354
506 0.00573321 0.0446303 0.0177723
507 0.0258018 0.0266589 4.27017
508 0.00573346 0.0429774 0.0131857
509 0.0255343 0.0252917 4.29301
510 0.00573372 0.0413244 0.0104309
511 0.0252403 0.0239531 4.34347
512 0.00573398 0.0396715 0.00915904
513 0.024806 0.0226374 4.35571
514 0.00573424 0.0380185 0.00928669
515 0.0243435 0.0214092 4.38231
516 0.0057345 0.0363656 0.0110033
517 0.0240633 0.0201305 4.56468
518 0.00573476 0.0347127 0.0148329
519 0.0231664 0.0191767 4.37688
520 0.00573502 0.0330597 0.0217625
521 0.0223939 0.0178848 4.40962
522 0.00573527 0.0314068 0.0334547
523 0.0214928 0.0164449 4.49624
524 0.00573553 0.0297538 0.0525558
525 0.00573579 0.0281009 0.0830803
526 0.0201815 0.0152357 4.41698
527 0.00573605 0.026448 0.130785
528 0.0193794 0.0141309 4.55876
529 0.00573631 0.024795 0.203337
530 0.0181705 0.0135192 4.3883
531 0.00573657 0.0231421 0.310047
532 0.0170669 0.0127253 4.38009
533 0.00573682 0.0214891 0.461065
534 0.0158607 0.0119842 4.35657
535 0.00573708 0.0198362 0.666286
536 0.0146279 0.011349 4.31656
537 0.00573734 0.0181833 0.934407
538 0.0133542 0.0106739 4.3205
539 0.0057376 0.0165303 1.27243
540 0.012014 0.0100212 4.33264
541 0.00573786 0.0148774 1.68572
542 0.0106223 0.00939846 4.35146
543 0.00567946 0.0132276 2.17235
544 0.00920231 0.00881111 4.37982
545 0.00558538 0.0115728 2.73715
546 0.00772706 0.00823031 4.42739
547 0.00555064 0.00983869 3.42142
548 0.00596485 0.00807344 4.25942
549 0.00951066 0.0721038 3.93078
550 0.0112067 0.0701583 3.79619
551 0.00725689 0.0739514 4.06863
552 0.0115781 0.0686821 3.46495
553 0.0119424 0.0672488 3.18503
554 0.0123621 0.0657754 2.95315
555 0.0127639 0.0641688 2.71652
556 0.0130994 0.0624332 2.45502
557 0.0134814 0.0605945 2.22227
558 0.0140437 0.0587458 2.09135
559 0.0147593 0.0569175 2.05467
560 0.0154801 0.0551275 2.04126
561 0.0162533 0.0533944 2.07191
562 0.0170682 0.0517293 2.14135
563 0.017902 0.0501251 2.23681
564 0.00702926 0.07212 3.32966
565 0.0187495 0.0485588 2.35175
566 0.00704162 0.0703918 2.75121
567 0.0195597 0.0470833 2.47287
568 0.00714027 0.068704 2.2676
569 0.0203175 0.0456592 2.58674
570 0.0072372 0.0670037 1.84231
571 0.0210141 0.0442586 2.68474
572 0.00722849 0.0653343 1.46498
573 0.021668 0.0428793 2.77984
574 0.00716483 0.0636429 1.13495
575 0.022259 0.041521 2.86396
576 0.00718917 0.0619728 0.874429
577 0.022796 0.0401726 2.9435
578 0.00721393 0.0603118 0.662667
579 0.0232658 0.038831 3.01312
580 0.00720218 0.0586619 0.491145
581 0.0236692 0.0375012 3.07659
582 0.00717622 0.0570191 0.35734
583 0.0240628 0.0362536 3.17397
584 0.00716776 0.0553747 0.257226
585 0.024573 0.0350609 3.3744
586 0.00716802 0.0537217 0.183446
587 0.0244661 0.033774 3.24284
588 0.00716828 0.0520688 0.130043
589 0.0248828 0.032523 3.44789
590 0.00716853 0.0504158 0.0918456
591 0.024654 0.0311792 3.31631
592 0.00716879 0.0487629 0.0649471
593 0.00681457 0.00925156 3.82091
594 0.00716905 0.0471099 0.0461973
595 0.00686384 0.0107422 3.18679
596 0.00716931 0.045457 0.0332542
597 0.0245067 0.0277084 3.42724
598 0.00716957 0.0438041 0.024459
599 0.0242372 0.026252 3.44375
600 0.00716983 0.0421511 0.0186902
601 0.0239339 0.024953 3.47076
602 0.00717008 0.0404982 0.0152396
603 0.023833 0.023645 3.64652
604 0.00717034 0.0388452 0.0137478
605 0.0230959 0.0225123 3.50538
606 0.0071706 0.0371923 0.0141866
607 0.0226308 0.020873 3.66205
608 0.00717086 0.0355394 0.0168847
609 0.00717112 0.0338864 0.0226244
610 0.0216099 0.0194395 3.59862
611 0.00717138 0.0322335 0.0328189
612 0.0207068 0.0180985 3.62819
613 0.00717164 0.0305805 0.0497848
614 0.019584 0.0168475 3.61384
615 0.00717189 0.0289276 0.0770977
616 0.00717215 0.0272747 0.119966
617 0.0183004 0.015398 3.68762
618 0.00717241 0.0256217 0.185461
619 0.00717267 0.0239688 0.282384
620 0.0167926 0.0144127 3.60729
621 0.00717293 0.0223158 0.42062
622 0.0158422 0.013418 3.74284
623 0.00717319 0.0206629 0.610123
624 0.0145427 0.0130467 3.56252
625 0.00717344 0.0190099 0.859923
626 0.0133358 0.0123396 3.58069
627 0.0071737 0.017357 1.17752
628 0.0121088 0.0116638 3.61335
629 0.00720029 0.0156944 1.57353
630 0.0107741 0.0109982 3.64823
631 0.00716343 0.0140448 2.03947
632 0.00940166 0.0104475 3.65574
633 0.00700788 0.0123819 2.57731
634 0.00805577 0.00982352 3.72899
635 0.00981839 0.0707251 3.53134
636 0.00998196 0.0691107 3.06023
637 0.0102466 0.0675564 2.68795
638 0.0106619 0.0661732 2.45043
639 0.0112082 0.0646557 2.25885
640 0.0114989 0.063004 1.98674
641 0.011761 0.0612157 1.71371
642 0.0120422 0.0591756 1.43749
643 0.0129718 0.0572946 1.43609
644 0.0136732 0.0554427 1.38101
645 0.0144454 0.0536199 1.37289
646 0.015264 0.0518779 1.40443
647 0.0161422 0.0502279 1.48333
648 0.0170022 0.0486438 1.57342
649 0.0178447 0.0471473 1.6809
650 0.00848457 0.069679 2.83621
651 0.0186475 0.0457118 1.79303
652 0.00864093 0.067968 2.37444
653 0.0193737 0.0443231 1.89219
654 0.00888164 0.0662146 1.97825
655 0.0200327 0.0429531 1.97828
656 0.00856441 0.0644535 1.52707
657 0.0206271 0.0416137 2.05589
658 0.00860512 0.0627965 1.22391
659 0.0211742 0.0403009 2.13444
660 0.00869055 0.0611257 0.972768
661 0.0216547 0.0389948 2.20495
662 0.00871751 0.0594483 0.753777
663 0.02208 0.0376553 2.26981
664 0.00867858 0.057781 0.568733
665 0.0224642 0.0362614 2.3383
666 0.00862398 0.0561304 0.421914
667 0.0229016 0.0346861 2.45448
668 0.00859275 0.05448 0.310385
669 0.00859437 0.0528297 0.228462
670 0.0231886 0.032425 2.53948
671 0.00861514 0.0512071 0.168577
672 0.00860489 0.0495896 0.122736
673 0.00860515 0.0479366 0.0891167
674 0.02308 0.0304026 2.52783
675 0.00860541 0.0462837 0.0650434
676 0.0230496 0.0285952 2.61871
677 0.00860567 0.0446308 0.0480114
678 0.0231458 0.0271497 2.80066
679 0.00860593 0.0429778 0.0362472
680 0.022562 0.0258836 2.68189
681 0.00860619 0.0413249 0.0284842
682 0.0222509 0.0241464 2.80685
683 0.00860645 0.0396719 0.0238532
684 0.0086067 0.038019 0.0219875
685 0.0214359 0.022399 2.80466
686 0.00860696 0.0363661 0.0229463
687 0.0208138 0.0209441 2.88942
688 0.00860722 0.0347131 0.0272621
689 0.00860748 0.0330602 0.0360967
690 0.0199463 0.0196218 2.90767
691 0.00860774 0.0314072 0.0514771
692 0.0189528 0.0184424 2.90086
693 0.008608 0.0297543 0.0766125
694 0.0178035 0.0172254 2.91495
695 0.00860825 0.0281013 0.116253
696 0.00860851 0.0264484 0.176939
697 0.0164739 0.0160886 2.91609
698 0.00860877 0.0247955 0.26693
699 0.00860903 0.0231425 0.395701
700 0.0150024 0.0148039 2.99722
701 0.00860929 0.0214896 0.57307
702 0.00860955 0.0198366 0.808192
703 0.013352 0.0140455 2.91903
704 0.00860981 0.0181837 1.10883
705 0.0120494 0.0133186 2.94008
706 0.0086728 0.0165092 1.49231
707 0.0109544 0.0124323 3.09164
708 0.00868928 0.0148392 1.94994
709 0.00960033 0.0121344 2.99005
710 0.00852114 0.0131585 2.47268
711 0.00827553 0.0712753 3.30762
712 0.00984959 0.0650326 1.95028
713 0.0101371 0.061989 1.40633
714 0.0102833 0.0602441 1.15167
715 0.0114009 0.0575347 1.03032
716 0.0117654 0.0557718 0.888625
717 0.0126814 0.0539743 0.901282
718 0.0133514 0.0519953 0.84014
719 0.0143841 0.050313 0.928295
720 0.0152082 0.0486993 0.971906
721 0.0160971 0.0471806 1.05966
722 0.0169513 0.0457344 1.15758
723 0.0177368 0.044368 1.25701
724 0.0184237 0.0430081 1.33703
725 0.0189984 0.0416718 1.39304
726 0.019532 0.0403928 1.45517
727 0.0200707 0.0391444 1.54073
728 0.0205014 0.0378502 1.60181
729 0.01021 0.058533 0.894178
730 0.0208697 0.0365156 1.65643
731 0.0101237 0.0568119 0.683918
732 0.0211562 0.0350004 1.69726
733 0.0100338 0.0552097 0.518234
734 0.021349 0.0332647 1.73303
735 0.00997722 0.0535461 0.391014
736 0.0100643 0.0519576 0.306419
737 0.0214332 0.0313434 1.78448
738 0.0101017 0.0503596 0.234534
739 0.0100883 0.0487423 0.175225
740 0.0100868 0.0471032 0.130911
741 0.0214805 0.0293828 1.89034
742 0.0100853 0.0454561 0.098224
743 0.0215274 0.0274203 2.06583
744 0.0100649 0.043811 0.0737458
745 0.0100423 0.0421516 0.0567352
746 0.0209313 0.0255498 2.06748
747 0.0100425 0.0404986 0.0457744
748 0.0203682 0.0238567 2.1278
749 0.0100428 0.0388457 0.0392237
750 0.0100431 0.0371927 0.0368522
751 0.0197086 0.0222829 2.20121
752 0.0100433 0.0355398 0.0387901
753 0.0193213 0.0209484 2.3697
754 0.0100436 0.0338869 0.0458419
755 0.0100438 0.0322339 0.059729
756 0.0183382 0.0200572 2.28051
757 0.0100441 0.030581 0.0833167
758 0.0173378 0.018889 2.30315
759 0.0100444 0.028928 0.120906
760 0.0161272 0.017833 2.29122
761 0.0100446 0.0272751 0.178587
762 0.0100449 0.0256222 0.264157
763 0.0147694 0.0167151 2.31799
764 0.0100451 0.0239692 0.386401
765 0.0100454 0.0223163 0.554723
766 0.0133112 0.0157417 2.33329
767 0.0100456 0.0206633 0.778461
768 0.0100459 0.0190104 1.0656
769 0.0118031 0.0148573 2.35907
770 0.0101294 0.017349 1.43302
771 0.0102743 0.0138547 2.45983
772 0.00996047 0.0636332 1.67619
773 0.0102047 0.0156457 1.88963
774 0.0111346 0.0542519 0.613009
775 0.0115231 0.0526214 0.536292
776 0.0128544 0.0503448 0.586745
777 0.0133126 0.0487086 0.536061
778 0.0143807 0.0471186 0.623006
779 0.0152095 0.0456917 0.679699
780 0.0161027 0.0443403 0.777101
781 0.0168607 0.0430583 0.859435
782 0.0174276 0.0417185 0.899424
783 0.0178802 0.040419 0.921553
784 0.0184331 0.0391861 0.990586
785 0.0191264 0.0380751 1.13369
786 0.0192319 0.0367756 1.09474
787 0.0197229 0.0355433 1.20394
788 0.0195496 0.0340722 1.11484
789 0.0196339 0.0321579 1.14629
790 0.0115991 0.0511688 0.437416
791 0.0198178 0.0303425 1.2612
792 0.0116101 0.0495093 0.341468
793 0.0115687 0.047942 0.25961
794 0.0115617 0.0462583 0.199273
795 0.0199367 0.0285266 1.41278
796 0.0115879 0.044656 0.15449
797 0.0196678 0.0268507 1.48489
798 0.011489 0.0429693 0.115611
799 0.0115119 0.0412909 0.0930053
800 0.0191741 0.0251997 1.54166
801 0.0115236 0.0396602 0.0772705
802 0.0185983 0.0235042 1.63923
803 0.0114819 0.0380198 0.0667138
804 0.0114794 0.0363665 0.0638588
805 0.0178564 0.0217749 1.75941
806 0.0115159 0.0347281 0.0684321
807 0.011534 0.0330758 0.0804643
808 0.0115417 0.0314254 0.102656
809 0.0115081 0.029766 0.138014
810 0.015808 0.0195612 1.77043
811 0.0114807 0.0281018 0.193295
812 0.0145217 0.0184815 1.78098
813 0.011481 0.0264489 0.276477
814 0.0114523 0.0248062 0.392532
815 0.0131531 0.0174747 1.80382
816 0.0114204 0.0231733 0.549515
817 0.0114497 0.0215369 0.762918
818 0.0116945 0.0165457 1.83407
819 0.0115056 0.0198918 1.04124
820 0.0115827 0.0182321 1.39357
821 0.0170115 0.0203971 1.8517
822 0.012828 0.0470978 0.36491
823 0.0132992 0.0455358 0.340372
824 0.0144996 0.0442092 0.447046
825 0.0153069 0.0429297 0.511286
826 0.0160699 0.0418859 0.594334
827 0.0162517 0.040505 0.549311
828 0.0167019 0.0391218 0.569244
829 0.0175742 0.0374751 0.681483
830 0.0179996 0.0353433 0.718456
831 0.0179093 0.0331707 0.693175
832 0.0178991 0.0310214 0.73691
833 0.0185255 0.0293811 0.968175
834 0.0182964 0.0279657 1.01151
835 0.0129198 0.0437941 0.232134
836 0.0179615 0.0264472 1.07589
837 0.0128919 0.0420776 0.183
838 0.0130697 0.040439 0.160791
839 0.0174986 0.0248795 1.15944
840 0.0129777 0.0388431 0.130938
841 0.0169165 0.0232142 1.27862
842 0.0128817 0.0371941 0.114309
843 0.0129773 0.0355885 0.11544
844 0.0130584 0.0339457 0.125611
845 0.0130762 0.0322737 0.145624
846 0.0130212 0.0306071 0.177975
847 0.0129168 0.0289285 0.228235
848 0.0144266 0.0202406 1.36218
849 0.0129434 0.0272092 0.314811
850 0.0130216 0.0191833 1.37153
851 0.0129395 0.0255764 0.431917
852 0.0127913 0.0239978 0.571178
853 0.0127808 0.0224124 0.766352
854 0.0129167 0.0208191 1.03441
855 0.0158895 0.0214679 1.3763
856 0.0140288 0.0428529 0.319774
857 0.0145833 0.0413139 0.322924
858 0.0147646 0.0394676 0.28459
859 0.0156527 0.0377954 0.356926
860 0.0161009 0.0360259 0.387073
861 0.0162732 0.0341404 0.401927
862 0.00319401 0.081438 7.00548
863 0.0170734 0.0292541 0.668507
864 0.0168325 0.027671 0.734518
865 0.0163212 0.0261832 0.77871
866 0.0158275 0.024801 0.849757
867 0.0141591 0.0379732 0.20349
868 0.0143745 0.0364801 0.20415
869 0.0145648 0.0348893 0.214779
870 0.0146478 0.0331516 0.232985
871 0.0146198 0.0314326 0.262666
872 0.014416 0.02972 0.3015
873 0.0142366 0.0280301 0.369109
874 0.0142812 0.0218524 1.03918
875 0.0145565 0.0262622 0.523942
876 0.0143136 0.0246546 0.656154
877 0.0139297 0.0232318 0.786878
878 0.0156756 0.0287832 0.481444
879 0.0155177 0.0273807 0.556637
880 0.00822878 0.0114637 3.06362
