1 0 0 0.701481
2 -1.31814e-05 0.0843 0.624976
3 0.00111959 0.000295499 0.714353
4 0.00223918 0.000590997 0.722424
5 0.00335878 0.000886496 0.727613
6 0.00447837 0.00118199 0.730212
7 0.00559046 0.00150337 0.731761
8 0.00669461 0.00185217 0.732729
9 0.00779876 0.00220097 0.73199
10 0.00890291 0.00254977 0.729425
11 0.0100071 0.00289857 0.724638
12 0.0110897 0.00330925 0.720935
13 0.0121718 0.00372145 0.715689
14 0.0132538 0.00413364 0.70836
15 0.0143148 0.00459627 0.701544
16 0.0153677 0.00507806 0.694003
17 0.0164207 0.00555985 0.684503
18 0.0174585 0.00607208 0.674349
19 0.0184796 0.00661823 0.663641
20 0.0194722 0.00721399 0.653439
21 0.0204523 0.00783013 0.642224
22 0.0214081 0.00848373 0.630793
23 0.0223416 0.00916824 0.618728
24 0.0232369 0.00990207 0.607124
25 0.0240954 0.0106787 0.595866
26 0.024921 0.0114905 0.584544
27 0.0257071 0.0123404 0.573351
28 0.0264354 0.0132404 0.563521
29 0.0271211 0.0141733 0.554167
30 0.0277616 0.0151376 0.545353
31 0.0283505 0.0161341 0.537499
32 0.0288931 0.0171569 0.530371
33 0.0293931 0.018201 0.52374
34 0.0298451 0.0192669 0.517959
35 0.0302566 0.0203493 0.512632
36 0.0306203 0.0214486 0.508215
37 0.0309473 0.0225591 0.50415
38 0.0312392 0.0236793 0.50034
39 0.0314954 0.0248085 0.49677
40 0.0317048 0.0259473 0.494047
41 0.0318725 0.0270929 0.491904
42 0.0320008 0.0282433 0.490218
43 0.0320886 0.0293977 0.489031
44 0.0321346 0.0305546 0.488378
45 0.0321243 0.0317125 0.489041
46 0.0320674 0.0328688 0.490492
47 0.0319663 0.0340219 0.492644
48 0.0318209 0.0351704 0.495526
49 0.0316302 0.0363125 0.499205
50 0.031384 0.0374439 0.504284
51 0.0310978 0.0385656 0.509942
52 0.0307755 0.0396775 0.516065
53 0.0304193 0.0407792 0.522626
54 0.0300207 0.0418664 0.530181
55 0.029594 0.0429427 0.53796
56 0.0291441 0.0440095 0.545807
57 0.0286736 0.0450675 0.553697
58 0.0281774 0.0461137 0.56204
59 0.0276689 0.047154 0.570042
60 0.0271503 0.0481893 0.577745
61 0.0266221 0.0492197 0.585234
62 0.0260891 0.0502477 0.592257
63 0.0255556 0.0512754 0.598669
64 0.0250228 0.0523034 0.604485
65 0.0244982 0.0533357 0.609303
66 0.0239825 0.0543724 0.613243
67 0.023477 0.0554142 0.616284
68 0.0229903 0.0564648 0.617932
69 0.0225258 0.0575254 0.618159
70 0.022082 0.0585948 0.617225
71 0.0216618 0.0596737 0.614976
72 0.0212756 0.0607654 0.610852
73 0.0209217 0.0618677 0.60527
74 0.020595 0.0629784 0.598692
75 0.0202942 0.0640965 0.591199
76 0.0200269 0.0652232 0.58237
77 0.0197768 0.0663538 0.573446
78 0.0195359 0.0674863 0.564735
79 0.0193028 0.0686206 0.556153
80 0.0190461 0.0697496 0.549433
81 0.0187593 0.0708715 0.544316
82 0.0184309 0.0719816 0.54109
83 0.0180113 0.0730604 0.541947
84 0.017523 0.0741101 0.544666
85 0.016947 0.0751138 0.550066
86 0.0162535 0.0760402 0.559221
87 0.0154895 0.07691 0.568909
88 0.014663 0.0777201 0.579022
89 0.0137661 0.0784517 0.590236
90 0.0128112 0.0791065 0.601756
91 0.0118311 0.0797223 0.61167
92 0.010827 0.0802981 0.620392
93 0.00980014 0.0808329 0.628083
94 0.00874739 0.0813151 0.635182
95 0.00767418 0.0817493 0.641288
96 0.00659702 0.0821742 0.644965
97 0.00551535 0.0825867 0.646689
98 0.00441852 0.0829579 0.647519
99 0.00332168 0.0833291 0.645564
100 0.00221437 0.0836666 0.642127
101 0.00110059 0.0839833 0.636128
102 -1.30009e-05 0.0831452 0.66602
103 -1.28203e-05 0.0819904 0.707093
104 -1.26397e-05 0.0808356 0.748061
105 -1.24592e-05 0.0796808 0.788817
106 -1.22786e-05 0.078526 0.82929
107 -1.2098e-05 0.0773712 0.869471
108 -1.19175e-05 0.0762164 0.909375
109 -1.17369e-05 0.0750616 0.949008
110 -1.15563e-05 0.0739068 0.988375
111 -1.13758e-05 0.0727521 1.02747
112 -1.11952e-05 0.0715973 1.06626
113 -1.10146e-05 0.0704425 1.10472
114 -1.08341e-05 0.0692877 1.14279
115 -1.06535e-05 0.0681329 1.18041
116 -1.04729e-05 0.0669781 1.21751
117 -1.02924e-05 0.0658233 1.254
118 -1.01118e-05 0.0646685 1.28979
119 -9.93123e-06 0.0635137 1.32479
120 -9.75066e-06 0.0623589 1.35891
121 -9.57009e-06 0.0612041 1.39208
122 -9.38952e-06 0.0600493 1.42419
123 -9.20896e-06 0.0588945 1.45518
124 -9.02839e-06 0.0577397 1.48496
125 -8.84782e-06 0.0565849 1.51347
126 -8.66725e-06 0.0554301 1.54064
127 -8.48669e-06 0.0542753 1.56642
128 -8.30612e-06 0.0531205 1.59073
129 -8.12555e-06 0.0519658 1.61352
130 -7.94498e-06 0.050811 1.63474
131 -7.76441e-06 0.0496562 1.65434
132 -7.58385e-06 0.0485014 1.67226
133 -7.40328e-06 0.0473466 1.68845
134 -7.22271e-06 0.0461918 1.70286
135 -7.04214e-06 0.045037 1.71546
136 -6.86158e-06 0.0438822 1.72618
137 -6.68101e-06 0.0427274 1.73498
138 -6.50044e-06 0.0415726 1.74183
139 -6.31987e-06 0.0404178 1.74667
140 -6.1393e-06 0.039263 1.74947
141 -5.95874e-06 0.0381082 1.75019
142 -5.77817e-06 0.0369534 1.74879
143 -5.5976e-06 0.0357986 1.74525
144 -5.41703e-06 0.0346438 1.73952
145 -5.23647e-06 0.033489 1.7316
146 -5.0559e-06 0.0323342 1.72145
147 -4.87533e-06 0.0311795 1.70906
148 -4.69476e-06 0.0300247 1.69442
149 -4.51419e-06 0.0288699 1.67754
150 -4.33363e-06 0.0277151 1.65842
151 -4.15306e-06 0.0265603 1.63707
152 -3.97249e-06 0.0254055 1.61352
153 -3.79192e-06 0.0242507 1.58781
154 -3.61136e-06 0.0230959 1.55998
155 -3.43079e-06 0.0219411 1.53011
156 -3.25022e-06 0.0207863 1.49827
157 -3.06965e-06 0.0196315 1.46454
158 -2.88908e-06 0.0184767 1.42903
159 -2.70852e-06 0.0173219 1.39185
160 -2.52795e-06 0.0161671 1.35311
161 -2.34738e-06 0.0150123 1.31293
162 -2.16681e-06 0.0138575 1.27143
163 -1.98625e-06 0.0127027 1.22871
164 -1.80568e-06 0.0115479 1.18489
165 -1.62511e-06 0.0103932 1.14004
166 -1.44454e-06 0.00923836 1.09426
167 -1.26397e-06 0.00808356 1.04759
168 -1.08341e-06 0.00692877 1.00008
169 -9.02839e-07 0.00577397 0.951801
170 -7.22271e-07 0.00461918 0.902797
171 -5.41703e-07 0.00346438 0.853108
172 -3.61136e-07 0.00230959 0.802829
173 -1.80568e-07 0.00115479 0.752213
174 0.0232973 0.0195717 0.843988
175 0.0250425 0.03157 0.881256
176 0.0030022 0.0804852 0.750355
177 0.015355 0.018096 1.1364
178 0.0166405 0.0305203 1.30866
179 0.0134812 0.0772231 0.635114
180 0.0126436 0.0778733 0.643984
181 0.0142695 0.076508 0.626713
182 0.0117093 0.0784506 0.654979
183 0.015028 0.075744 0.617677
184 0.0107426 0.0790129 0.664305
185 0.0157003 0.0749144 0.610786
186 0.00976981 0.0795597 0.671329
187 0.016276 0.0740272 0.606656
188 0.00877897 0.0800876 0.676518
189 0.0167913 0.0730889 0.603991
190 0.00778077 0.0805478 0.681319
191 0.0172286 0.0721057 0.604086
192 0.00673913 0.0809396 0.686592
193 0.0175849 0.0710817 0.607683
194 0.00568964 0.081318 0.68984
195 0.0178988 0.0700199 0.613272
196 0.00459712 0.0816779 0.69168
197 0.0181775 0.0689369 0.620622
198 0.00333365 0.0817938 0.701035
199 0.0184293 0.0678464 0.62943
200 0.0137116 0.0438073 1.41055
201 0.0186766 0.0667101 0.639608
202 0.0010938 0.0827473 0.680312
203 0.0189311 0.0655738 0.649658
204 0.0191932 0.0644303 0.659923
205 0.0194843 0.0632892 0.668885
206 0.0198091 0.0621533 0.676144
207 0.00108945 0.0815586 0.722651
208 0.0201549 0.0610198 0.682646
209 0.00104904 0.0803654 0.764995
210 0.0205362 0.0598992 0.687096
211 0.0010051 0.0791621 0.807363
212 0.0209471 0.0587905 0.689858
213 0.000996998 0.0779729 0.848875
214 0.0213842 0.0576911 0.691121
215 0.000988074 0.076794 0.889747
216 0.0218519 0.0565985 0.69053
217 0.000988254 0.0756392 0.929506
218 0.0223246 0.0555418 0.688854
219 0.000988435 0.0744844 0.969008
220 0.02283 0.0544624 0.685795
221 0.000988615 0.0733296 1.00825
222 0.0233461 0.0534177 0.681052
223 0.000988796 0.0721748 1.04722
224 0.0238631 0.0523817 0.675833
225 0.000988976 0.07102 1.08589
226 0.0243954 0.0513359 0.669584
227 0.000989157 0.0698652 1.12421
228 0.0249287 0.0503084 0.662349
229 0.000989338 0.0687104 1.16212
230 0.02546 0.0492821 0.654618
231 0.000989518 0.0675556 1.19956
232 0.0259826 0.0482592 0.646638
233 0.000989699 0.0664008 1.23643
234 0.0265046 0.0472259 0.638092
235 0.000989879 0.065246 1.27265
236 0.0270134 0.0462015 0.629206
237 0.00099006 0.0640913 1.30813
238 0.0274987 0.0451767 0.6207
239 0.00099024 0.0629365 1.34278
240 0.0279819 0.0441247 0.61168
241 0.000990421 0.0617817 1.3765
242 0.0284307 0.0430988 0.602976
243 0.000990602 0.0606269 1.40922
244 0.0288521 0.0420471 0.595006
245 0.000990782 0.0594721 1.44084
246 0.0292515 0.040993 0.586955
247 0.000990963 0.0583173 1.47129
248 0.0296111 0.0399261 0.579911
249 0.000991143 0.0571625 1.5005
250 0.0299385 0.0388489 0.573305
251 0.000991324 0.0560077 1.5284
252 0.0302321 0.0377676 0.567115
253 0.000991504 0.0548529 1.55493
254 0.0304831 0.036678 0.561818
255 0.000991685 0.0536981 1.58002
256 0.0306944 0.0355793 0.557196
257 0.000991866 0.0525433 1.60362
258 0.0308594 0.0344771 0.553542
259 0.000992046 0.0513885 1.62568
260 0.0309789 0.033367 0.550815
261 0.000992227 0.0502337 1.64613
262 0.0310588 0.0322522 0.548629
263 0.000992407 0.0490789 1.66494
264 0.0310875 0.0311382 0.547622
265 0.000992588 0.0479241 1.68203
266 0.0310684 0.0300223 0.547578
267 0.000992768 0.0467693 1.69738
268 0.0310096 0.0289085 0.548034
269 0.000992949 0.0456145 1.71093
270 0.0309071 0.0277949 0.549227
271 0.00099313 0.0444597 1.72262
272 0.0307648 0.0266836 0.550924
273 0.00099331 0.043305 1.73243
274 0.0305831 0.0255791 0.553133
275 0.000993491 0.0421502 1.74029
276 0.0303555 0.0244832 0.556205
277 0.000993671 0.0409954 1.74617
278 0.0300975 0.0233956 0.559288
279 0.000993852 0.0398406 1.75003
280 0.0297945 0.0223182 0.563189
281 0.000994032 0.0386858 1.75182
282 0.0294623 0.0212492 0.567018
283 0.000994213 0.037531 1.75151
284 0.0290851 0.0201995 0.571713
285 0.000994394 0.0363762 1.74906
286 0.0286621 0.0191653 0.577199
287 0.000994574 0.0352214 1.74445
288 0.0282048 0.0181531 0.582947
289 0.000994755 0.0340666 1.73765
290 0.0277021 0.0171663 0.589527
291 0.000994935 0.0329118 1.72862
292 0.0271525 0.0162024 0.596909
293 0.000995116 0.031757 1.71736
294 0.0265709 0.0152628 0.604315
295 0.000995296 0.0306022 1.70385
296 0.0259355 0.014364 0.613075
297 0.000995477 0.0294474 1.68809
298 0.0252513 0.0134967 0.622686
299 0.000995657 0.0282926 1.67008
300 0.0245382 0.0126577 0.632084
301 0.000995838 0.0271378 1.64982
302 0.0237709 0.0118708 0.642922
303 0.000996019 0.025983 1.62734
304 0.0229487 0.0111212 0.654815
305 0.000996199 0.0248282 1.60266
306 0.022108 0.0103918 0.665761
307 0.00099638 0.0236734 1.57584
308 0.0212427 0.00969954 0.676485
309 0.00099656 0.0225186 1.54693
310 0.0203418 0.00905906 0.687909
311 0.000996741 0.0213639 1.516
312 0.0193879 0.00845975 0.700348
313 0.000996921 0.0202091 1.48312
314 0.0184225 0.00786589 0.711173
315 0.000997102 0.0190543 1.44841
316 0.0174573 0.00729619 0.720674
317 0.000997283 0.0178995 1.41195
318 0.0164764 0.00676575 0.729923
319 0.000997463 0.0167447 1.37388
320 0.0154736 0.00628423 0.739549
321 0.000997644 0.0155899 1.33431
322 0.014444 0.00584002 0.749407
323 0.000997824 0.0144351 1.29336
324 0.0133767 0.00539315 0.758213
325 0.000998005 0.0132803 1.25115
326 0.0123094 0.0049463 0.764937
327 0.000998185 0.0121255 1.20779
328 0.011242 0.00449939 0.769541
329 0.000998366 0.0109707 1.16338
330 0.010203 0.00408568 0.773069
331 0.000998547 0.00981591 1.118
332 0.009149 0.00371479 0.776845
333 0.000998727 0.00866112 1.07172
334 0.00807579 0.00338625 0.780794
335 0.000998908 0.00750632 1.0246
336 0.00696095 0.00306326 0.783638
337 0.00101778 0.00632946 0.975726
338 0.00584613 0.00274021 0.784483
339 0.00101622 0.00515314 0.926129
340 0.00473481 0.00242135 0.783381
341 0.00103152 0.00393456 0.873971
342 0.00361804 0.0020936 0.779636
343 0.00114672 0.00267255 0.819082
344 0.00233712 0.00197722 0.783769
345 0.001144 0.00151996 0.768464
346 0.0124218 0.0767096 0.685468
347 0.0131945 0.0760981 0.676988
348 0.0115859 0.0773026 0.693852
349 0.0139378 0.0754771 0.667197
350 0.0106917 0.0778706 0.701947
351 0.0146072 0.0746959 0.661967
352 0.00976359 0.0784183 0.708794
353 0.015139 0.0738869 0.66073
354 0.00881006 0.078924 0.714841
355 0.0156584 0.0730778 0.657946
356 0.00784444 0.0793855 0.719891
357 0.0161159 0.0721879 0.657983
358 0.00685943 0.0797923 0.724525
359 0.0164558 0.0712432 0.663603
360 0.0058727 0.0801766 0.727413
361 0.0167758 0.0702597 0.670013
362 0.0048865 0.080563 0.727704
363 0.0170613 0.0692179 0.678719
364 0.00397055 0.080909 0.726151
365 0.0173243 0.0681458 0.688782
366 0.00218399 0.0810863 0.734861
367 0.0175719 0.0670648 0.699638
368 0.0178234 0.0659224 0.711644
369 0.0180819 0.0647657 0.72367
370 0.0183519 0.0636065 0.735299
371 0.0186751 0.0624437 0.743943
372 0.0190159 0.0612851 0.751668
373 0.0193834 0.0601348 0.757789
374 0.00200087 0.0798227 0.780466
375 0.0197903 0.0589961 0.76135
376 0.00200782 0.0786072 0.823011
377 0.0202246 0.0578686 0.763097
378 0.00200374 0.0774006 0.864961
379 0.0206854 0.0567539 0.762972
380 0.00200451 0.0762322 0.905249
381 0.0211744 0.0556612 0.760542
382 0.0019881 0.075062 0.945418
383 0.0216648 0.0545763 0.757829
384 0.00198828 0.0739072 0.984702
385 0.0221869 0.0534949 0.752902
386 0.00198846 0.0727524 1.02372
387 0.0227086 0.0524526 0.746773
388 0.00198864 0.0715976 1.06245
389 0.0232296 0.0514009 0.740605
390 0.00198882 0.0704428 1.10086
391 0.0237733 0.0503609 0.732297
392 0.001989 0.069288 1.1389
393 0.0243062 0.0493354 0.72377
394 0.00198918 0.0681332 1.1765
395 0.0248338 0.0483173 0.714736
396 0.00198936 0.0669784 1.2136
397 0.0253499 0.0472911 0.705821
398 0.00198954 0.0658236 1.25009
399 0.0258688 0.0462715 0.695735
400 0.00198972 0.0646688 1.2859
401 0.0263623 0.0452659 0.685938
402 0.0019899 0.063514 1.32094
403 0.0268305 0.0442328 0.677108
404 0.00199008 0.0623592 1.3551
405 0.0272823 0.04322 0.667753
406 0.00199026 0.0612044 1.3883
407 0.0277079 0.0421978 0.658892
408 0.00199044 0.0600496 1.42046
409 0.0281053 0.0411698 0.650489
410 0.00199063 0.0588948 1.4515
411 0.0284779 0.0401349 0.642288
412 0.00199081 0.05774 1.48135
413 0.0288128 0.0390945 0.634926
414 0.00199099 0.0565852 1.50993
415 0.0291139 0.0380492 0.628124
416 0.00199117 0.0554304 1.53717
417 0.0293753 0.0369984 0.622165
418 0.00199135 0.0542757 1.56302
419 0.029597 0.0359422 0.616993
420 0.00199153 0.0531209 1.58741
421 0.0297784 0.0348808 0.612611
422 0.00199171 0.0519661 1.61028
423 0.0299177 0.0338127 0.609077
424 0.00199189 0.0508113 1.63159
425 0.0300149 0.0327425 0.606342
426 0.00199207 0.0496565 1.65128
427 0.0300608 0.0316675 0.6049
428 0.00199225 0.0485017 1.6693
429 0.0300677 0.0305936 0.604044
430 0.00199243 0.0473469 1.68559
431 0.0300294 0.0295184 0.604093
432 0.00199261 0.0461921 1.7001
433 0.0299566 0.0284422 0.604445
434 0.00199279 0.0450373 1.71279
435 0.0298371 0.027368 0.605758
436 0.00199297 0.0438825 1.72362
437 0.0296774 0.0262968 0.607653
438 0.00199315 0.0427277 1.73252
439 0.0294795 0.025232 0.610042
440 0.00199333 0.0415729 1.73947
441 0.0292464 0.0241752 0.61276
442 0.00199351 0.0404181 1.74441
443 0.0289764 0.0231279 0.615892
444 0.00199369 0.0392633 1.74731
445 0.0286711 0.0220908 0.619349
446 0.00199388 0.0381085 1.74812
447 0.0283243 0.0210664 0.623449
448 0.00199406 0.0369537 1.74682
449 0.027946 0.020061 0.62773
450 0.00199424 0.0357989 1.74336
451 0.0275181 0.0190809 0.633179
452 0.00199442 0.0346441 1.73772
453 0.0270558 0.0181196 0.6389
454 0.0019946 0.0334894 1.72987
455 0.0265491 0.0171842 0.645454
456 0.00199478 0.0323346 1.71979
457 0.0260088 0.0162762 0.652313
458 0.00199496 0.0311798 1.70746
459 0.0254363 0.0153958 0.659387
460 0.00199514 0.030025 1.69288
461 0.0248097 0.0145481 0.667744
462 0.00199532 0.0288702 1.67604
463 0.024137 0.0137434 0.677186
464 0.0019955 0.0277154 1.65695
465 0.0234236 0.0129771 0.687348
466 0.00199568 0.0265606 1.63562
467 0.0226681 0.0122337 0.697824
468 0.00199586 0.0254058 1.61208
469 0.0218748 0.0115207 0.708581
470 0.00199604 0.024251 1.58637
471 0.0210484 0.0108456 0.719616
472 0.00199622 0.0230962 1.55853
473 0.0201972 0.01021 0.730694
474 0.0019964 0.0219414 1.52863
475 0.0193087 0.0096054 0.742025
476 0.00199658 0.0207866 1.49674
477 0.0183845 0.00901974 0.753124
478 0.00199676 0.0196318 1.46297
479 0.0174416 0.00846026 0.76363
480 0.00199695 0.018477 1.42739
481 0.0164917 0.0079217 0.772987
482 0.00199713 0.0173222 1.39014
483 0.0155301 0.00743421 0.782528
484 0.00199731 0.0161674 1.35133
485 0.0145336 0.00697945 0.792327
486 0.00199749 0.0150126 1.31108
487 0.0135238 0.00653984 0.801144
488 0.00199767 0.0138578 1.2695
489 0.0124565 0.00609302 0.809066
490 0.00199785 0.0127031 1.22673
491 0.0113891 0.00564614 0.81482
492 0.00199803 0.0115483 1.18285
493 0.010363 0.00524146 0.819411
494 0.00199821 0.0103935 1.13796
495 0.00933862 0.00485634 0.822881
496 0.00199839 0.00923867 1.09213
497 0.00829275 0.00450357 0.826156
498 0.00199742 0.00807407 1.04503
499 0.00722259 0.00416612 0.828472
500 0.00202458 0.00690245 0.996674
501 0.00610527 0.00385705 0.830644
502 0.00205418 0.00572419 0.947185
503 0.00499416 0.00356663 0.831347
504 0.00201281 0.00451739 0.895984
505 0.00392053 0.00322393 0.827022
506 0.00200801 0.00321816 0.8398
507 0.012173 0.0755685 0.726979
508 0.0114102 0.0761552 0.733872
509 0.0128944 0.0750352 0.717551
510 0.0105938 0.0767292 0.740299
511 0.0136595 0.074547 0.702953
512 0.00972505 0.0772833 0.746219
513 0.0140389 0.0737047 0.711031
514 0.00881314 0.0777946 0.751954
515 0.0145173 0.0729068 0.712386
516 0.00788865 0.0782486 0.757239
517 0.0151272 0.072257 0.702217
518 0.00693574 0.0786576 0.762036
519 0.015341 0.0713724 0.71469
520 0.00595187 0.0790294 0.766051
521 0.0156364 0.0704494 0.723354
522 0.00495872 0.0794204 0.766892
523 0.0159439 0.069466 0.731992
524 0.00397358 0.0798588 0.763318
525 0.016219 0.0684343 0.74271
526 0.0164728 0.067365 0.754943
527 0.0167137 0.066277 0.767995
528 0.0169739 0.0651306 0.781185
529 0.0172291 0.0639433 0.795594
530 0.0175237 0.0627619 0.807527
531 0.0178657 0.0615791 0.816605
532 0.0182183 0.0603976 0.824986
533 0.0186125 0.0592249 0.830571
534 0.00300064 0.0792492 0.793887
535 0.0190506 0.0580685 0.832955
536 0.00302818 0.0780365 0.835929
537 0.0195048 0.0569227 0.833979
538 0.00303871 0.0768476 0.876892
539 0.0199896 0.0558018 0.832343
540 0.00301465 0.0756569 0.917873
541 0.020494 0.0546968 0.828898
542 0.00298794 0.0744847 0.957946
543 0.0210058 0.0536026 0.824488
544 0.00298812 0.0733299 0.99692
545 0.0215488 0.0525237 0.817446
546 0.0029883 0.0721751 1.03562
547 0.0220646 0.0514786 0.810884
548 0.00298848 0.0710203 1.07401
549 0.0226069 0.0504132 0.802694
550 0.00298866 0.0698655 1.11206
551 0.0231522 0.049387 0.792857
552 0.00298884 0.0687107 1.14972
553 0.0236861 0.0483682 0.782916
554 0.00298902 0.0675559 1.18692
555 0.0242015 0.0473565 0.773223
556 0.0029892 0.0664012 1.22357
557 0.0247233 0.0463304 0.762623
558 0.00298938 0.0652464 1.2596
559 0.0252251 0.0453316 0.751783
560 0.00298957 0.0640916 1.29492
561 0.0256956 0.0443411 0.7417
562 0.00298975 0.0629368 1.32943
563 0.0261452 0.043328 0.732195
564 0.00298993 0.061782 1.36305
565 0.0265723 0.0423275 0.722683
566 0.00299011 0.0606272 1.39568
567 0.0269751 0.0413234 0.713473
568 0.00299029 0.0594724 1.42725
569 0.027348 0.0403157 0.704821
570 0.00299047 0.0583176 1.45768
571 0.02769 0.0393078 0.696674
572 0.00299065 0.0571628 1.48689
573 0.0279994 0.0382978 0.689114
574 0.00299083 0.056008 1.51482
575 0.0282706 0.0372831 0.682435
576 0.00299101 0.0548532 1.5414
577 0.0285015 0.0362647 0.676687
578 0.00299119 0.0536984 1.56657
579 0.0286947 0.0352426 0.671696
580 0.00299137 0.0525436 1.59026
581 0.0288483 0.0342164 0.667522
582 0.00299155 0.0513888 1.61243
583 0.0289626 0.0331889 0.664116
584 0.00299173 0.050234 1.63301
585 0.0290344 0.0321585 0.661626
586 0.00299191 0.0490792 1.65195
587 0.0290575 0.0311243 0.660376
588 0.00299209 0.0479244 1.6692
589 0.0290397 0.0300896 0.659894
590 0.00299227 0.0467696 1.68471
591 0.0289908 0.029053 0.659615
592 0.00299245 0.0456149 1.69842
593 0.0288958 0.0280138 0.660328
594 0.00299264 0.0444601 1.71029
595 0.0287588 0.0269792 0.66181
596 0.00299282 0.0433053 1.72027
597 0.0285901 0.0259483 0.663482
598 0.002993 0.0421505 1.72831
599 0.0283802 0.0249235 0.66585
600 0.00299318 0.0409957 1.73437
601 0.0281404 0.0239044 0.668284
602 0.00299336 0.0398409 1.73841
603 0.0278634 0.0228954 0.671185
604 0.00299354 0.0386861 1.74039
605 0.0275469 0.0219036 0.674741
606 0.00299372 0.0375313 1.74026
607 0.0271944 0.0209268 0.678722
608 0.0029939 0.0363765 1.73799
609 0.0268065 0.0199721 0.683181
610 0.00299408 0.0352217 1.73355
611 0.0263864 0.0190377 0.687906
612 0.00299426 0.0340669 1.72692
613 0.0259211 0.0181263 0.693557
614 0.00299444 0.0329121 1.71806
615 0.0254115 0.0172436 0.700136
616 0.00299462 0.0317573 1.70696
617 0.0248804 0.0163942 0.706676
618 0.0029948 0.0306025 1.6936
619 0.0243489 0.0155614 0.711869
620 0.00299498 0.0294477 1.67799
621 0.0237119 0.0147629 0.720735
622 0.00299516 0.0282929 1.66012
623 0.0230354 0.0140583 0.731805
624 0.00299534 0.0271381 1.64
625 0.0223457 0.0133289 0.740971
626 0.00299552 0.0259833 1.61765
627 0.0216055 0.0126233 0.750911
628 0.0029957 0.0248286 1.5931
629 0.0208244 0.0119637 0.761799
630 0.00299589 0.0236738 1.5664
631 0.0200138 0.0113428 0.773019
632 0.00299607 0.022519 1.53761
633 0.0191803 0.0107417 0.783743
634 0.00299625 0.0213642 1.50679
635 0.0183101 0.0101572 0.794311
636 0.00299643 0.0202094 1.47403
637 0.0174032 0.00960104 0.805036
638 0.00299661 0.0190546 1.43942
639 0.0164816 0.0090754 0.815259
640 0.00299679 0.0178998 1.40307
641 0.0155546 0.00857915 0.824718
642 0.00299697 0.016745 1.36511
643 0.014608 0.0081175 0.834093
644 0.00299715 0.0155902 1.32564
645 0.0136167 0.00767353 0.843427
646 0.00299733 0.0144354 1.2848
647 0.0126036 0.0072397 0.85171
648 0.00299751 0.0132806 1.24269
649 0.0115362 0.00679289 0.858647
650 0.00299769 0.0121258 1.19942
651 0.0105125 0.00639027 0.864285
652 0.00299787 0.010971 1.15509
653 0.00949678 0.00600105 0.868321
654 0.00299805 0.00981622 1.10977
655 0.00848597 0.00563237 0.871153
656 0.00299519 0.00864834 1.06301
657 0.00745688 0.00527226 0.872672
658 0.00297901 0.00748921 1.0158
659 0.00639307 0.00491605 0.872828
660 0.0031096 0.00629532 0.965358
661 0.00524432 0.00470343 0.878067
662 0.00315119 0.00513611 0.916029
663 0.00412368 0.00443329 0.877958
664 0.00298422 0.00392144 0.864865
665 0.00296899 0.00288286 0.819518
666 0.0112088 0.0750027 0.774595
667 0.0119575 0.0743835 0.768581
668 0.0104301 0.0755837 0.780256
669 0.00965219 0.0761498 0.783992
670 0.0133172 0.0728021 0.763805
671 0.00878668 0.0767001 0.78806
672 0.00789681 0.0771305 0.794093
673 0.00700479 0.0775563 0.797905
674 0.0140769 0.0717422 0.761473
675 0.00603999 0.0778946 0.803484
676 0.0144706 0.0706645 0.772199
677 0.00504215 0.0782286 0.807056
678 0.0148146 0.0696766 0.781698
679 0.00402385 0.0786932 0.803543
680 0.0151079 0.0686887 0.792659
681 0.0153719 0.0676672 0.805192
682 0.0156171 0.0665838 0.819704
683 0.0158554 0.065454 0.835357
684 0.0160994 0.0642961 0.851098
685 0.0163619 0.0630887 0.866842
686 0.0166926 0.0618841 0.878393
687 0.017044 0.0606739 0.888551
688 0.0174135 0.0594713 0.897186
689 0.0178537 0.0582849 0.900875
690 0.018312 0.0571101 0.902809
691 0.004079 0.0774897 0.84455
692 0.0187917 0.0559591 0.902481
693 0.00407608 0.0762681 0.886368
694 0.0193079 0.0548288 0.899028
695 0.0040081 0.0750585 0.928162
696 0.0198215 0.053712 0.894976
697 0.00398941 0.0738917 0.967641
698 0.0203557 0.0526151 0.888722
699 0.00398796 0.0727527 1.0057
700 0.0209052 0.0515562 0.880135
701 0.00398814 0.0715979 1.04398
702 0.0214291 0.0504843 0.872863
703 0.00398833 0.0704431 1.08194
704 0.0219933 0.0494292 0.86214
705 0.00398851 0.0692883 1.11954
706 0.0225357 0.0484146 0.851185
707 0.00398869 0.0681335 1.15672
708 0.023062 0.0474131 0.84022
709 0.00398887 0.0669787 1.19342
710 0.023573 0.0463911 0.829779
711 0.00398905 0.0658239 1.22956
712 0.0240693 0.045401 0.818732
713 0.00398923 0.0646691 1.26505
714 0.0245492 0.0444095 0.807771
715 0.00398941 0.0635143 1.29981
716 0.025005 0.0434238 0.797143
717 0.00398959 0.0623595 1.33375
718 0.0254363 0.0424338 0.786977
719 0.00398977 0.0612047 1.36677
720 0.0258416 0.0414523 0.777101
721 0.00398995 0.0600499 1.3988
722 0.0262194 0.0404712 0.767686
723 0.00399013 0.0588951 1.42976
724 0.0265675 0.0394907 0.758806
725 0.00399031 0.0577404 1.45956
726 0.0268833 0.0385115 0.750552
727 0.00399049 0.0565856 1.48814
728 0.0271639 0.0375311 0.743084
729 0.00399067 0.0554308 1.51542
730 0.0274022 0.0365509 0.736754
731 0.00399085 0.054276 1.54135
732 0.027607 0.0355667 0.731057
733 0.00399103 0.0531212 1.56585
734 0.0277707 0.0345808 0.726371
735 0.00399121 0.0519664 1.58886
736 0.0278973 0.0335937 0.722436
737 0.00399139 0.0508116 1.61034
738 0.0279903 0.0326072 0.71903
739 0.00399158 0.0496568 1.63022
740 0.0280379 0.0316145 0.716804
741 0.00399176 0.048502 1.64844
742 0.0280378 0.0306211 0.715819
743 0.00399194 0.0473472 1.66495
744 0.0280016 0.0296289 0.715421
745 0.00399212 0.0461924 1.67971
746 0.0279403 0.0286271 0.714951
747 0.0039923 0.0450376 1.69265
748 0.0278273 0.0276271 0.715841
749 0.00399248 0.0438828 1.70373
750 0.0276754 0.0266325 0.71739
751 0.00399266 0.042728 1.7129
752 0.0274949 0.0256375 0.718977
753 0.00399284 0.0415732 1.72012
754 0.0272813 0.024649 0.720864
755 0.00399302 0.0404184 1.72533
756 0.027032 0.0236707 0.723209
757 0.0039932 0.0392636 1.7285
758 0.0267513 0.0227067 0.725816
759 0.00399338 0.0381088 1.72958
760 0.0264309 0.0217567 0.729086
761 0.00399356 0.0369541 1.72855
762 0.0260673 0.0208253 0.73323
763 0.00399374 0.0357993 1.72535
764 0.0256766 0.0199231 0.737602
765 0.00399392 0.0346445 1.71997
766 0.0252708 0.0190362 0.741408
767 0.0039941 0.0334897 1.71237
768 0.024798 0.0181622 0.747023
769 0.00399428 0.0323349 1.70254
770 0.024265 0.0173526 0.755083
771 0.00399446 0.0311801 1.69046
772 0.0237611 0.0165434 0.760197
773 0.00399464 0.0300253 1.67612
774 0.0233735 0.0156834 0.75739
775 0.00399483 0.0288705 1.65951
776 0.0226019 0.0151417 0.77733
777 0.00399501 0.0277157 1.64065
778 0.0219647 0.0144122 0.78525
779 0.00399519 0.0265609 1.61954
780 0.0213097 0.0136988 0.792537
781 0.00399537 0.0254061 1.59622
782 0.0205691 0.0130405 0.802899
783 0.00399555 0.0242513 1.57072
784 0.0197967 0.0124681 0.815186
785 0.00399573 0.0230965 1.54309
786 0.0190091 0.0118775 0.82572
787 0.00399591 0.0219417 1.5134
788 0.0181907 0.0112895 0.835565
789 0.00399609 0.0207869 1.48173
790 0.0173321 0.0107251 0.845609
791 0.00399627 0.0196321 1.44816
792 0.0164426 0.0102032 0.856139
793 0.00399645 0.0184773 1.4128
794 0.0155439 0.00971877 0.866343
795 0.00399663 0.0173225 1.37576
796 0.0146376 0.00925947 0.875817
797 0.00399681 0.0161677 1.33716
798 0.0136825 0.00881368 0.885257
799 0.00399699 0.015013 1.29712
800 0.0126913 0.00837463 0.893908
801 0.00399717 0.0138582 1.25576
802 0.0116834 0.00793962 0.901053
803 0.00399735 0.0127034 1.21318
804 0.010656 0.00753937 0.907932
805 0.00399753 0.0115486 1.16948
806 0.00963848 0.00715088 0.912994
807 0.00399975 0.0103677 1.1237
808 0.00864116 0.00676785 0.915857
809 0.00399474 0.0091966 1.07736
810 0.00764022 0.00640135 0.917465
811 0.00398179 0.00801738 1.02979
812 0.00664141 0.00599958 0.915551
813 0.00388797 0.00695318 0.986694
814 0.00564817 0.00559063 0.911229
815 0.00446048 0.00585134 0.935572
816 0.0110444 0.0738333 0.8145
817 0.0102225 0.0744414 0.821158
818 0.0094621 0.0750317 0.824077
819 0.00878578 0.0757087 0.819794
820 0.0126528 0.0718133 0.816528
821 0.00786755 0.0759925 0.831913
822 0.00702175 0.076458 0.834147
823 0.00625361 0.0769243 0.832641
824 0.0132712 0.0708229 0.8191
825 0.00521922 0.0769291 0.849043
826 0.0136957 0.0698445 0.827361
827 0.0139938 0.068901 0.839146
828 0.0142786 0.0679291 0.851424
829 0.0145228 0.0668994 0.866435
830 0.014751 0.0658125 0.883198
831 0.0149709 0.0646521 0.901823
832 0.0151794 0.0634362 0.922076
833 0.0154752 0.0622217 0.937368
834 0.0158539 0.0609888 0.948008
835 0.0161924 0.0597423 0.960627
836 0.0166186 0.0585329 0.966884
837 0.0171033 0.0573229 0.969064
838 0.0175768 0.0561269 0.970894
839 0.0180864 0.0549683 0.969044
840 0.00502654 0.0755991 0.896682
841 0.0186119 0.0538302 0.965096
842 0.00499839 0.0744109 0.936872
843 0.01915 0.0527154 0.959191
844 0.00497888 0.0732734 0.974935
845 0.0197169 0.0516207 0.950425
846 0.00496557 0.0721478 1.01224
847 0.0202576 0.0505573 0.941837
848 0.00496989 0.0710067 1.0495
849 0.0208104 0.0494999 0.931688
850 0.00498817 0.0698659 1.08618
851 0.0213656 0.0484696 0.92008
852 0.00498835 0.0687111 1.12323
853 0.0219026 0.0474617 0.908338
854 0.00498853 0.0675563 1.15986
855 0.022429 0.0464579 0.896341
856 0.00498871 0.0664015 1.19599
857 0.0229285 0.0454621 0.884919
858 0.00498889 0.0652467 1.23154
859 0.0234082 0.0444762 0.873588
860 0.00498907 0.0640919 1.26643
861 0.0238653 0.0435 0.862464
862 0.00498925 0.0629371 1.30059
863 0.0243003 0.0425294 0.851546
864 0.00498943 0.0617823 1.33391
865 0.024709 0.0415624 0.841072
866 0.00498961 0.0606275 1.36632
867 0.0250894 0.0406025 0.831069
868 0.00498979 0.0594727 1.39772
869 0.0254413 0.0396474 0.821551
870 0.00498997 0.0583179 1.42805
871 0.025762 0.0386958 0.812672
872 0.00499015 0.0571631 1.45723
873 0.0260485 0.0377465 0.804573
874 0.00499033 0.0560083 1.48517
875 0.0263021 0.0368003 0.797154
876 0.00499052 0.0548535 1.51182
877 0.0265158 0.035853 0.790825
878 0.0049907 0.0536987 1.53711
879 0.0266892 0.034903 0.78556
880 0.00499088 0.0525439 1.56096
881 0.0268218 0.0339545 0.781347
882 0.00499106 0.0513891 1.58333
883 0.026927 0.0330069 0.777409
884 0.00499124 0.0502343 1.60414
885 0.0270128 0.0320656 0.773302
886 0.00499142 0.0490795 1.62335
887 0.027034 0.0311084 0.771517
888 0.0049916 0.0479248 1.64088
889 0.0269844 0.0301704 0.772332
890 0.00499178 0.04677 1.6567
891 0.026966 0.0292096 0.770072
892 0.00499196 0.0456152 1.67073
893 0.0268876 0.0282382 0.769685
894 0.00499214 0.0444604 1.68294
895 0.026735 0.0272919 0.772028
896 0.00499232 0.0433056 1.69327
897 0.0265874 0.0263234 0.77255
898 0.0049925 0.0421508 1.70167
899 0.026402 0.0253596 0.773661
900 0.00499268 0.040996 1.70809
901 0.0261781 0.0244113 0.775478
902 0.00499286 0.0398412 1.71249
903 0.0259254 0.023478 0.777491
904 0.00499304 0.0386864 1.71483
905 0.0256559 0.0225625 0.779134
906 0.00499322 0.0375316 1.71506
907 0.0253269 0.02164 0.782197
908 0.0049934 0.0363768 1.71315
909 0.0249207 0.0207699 0.788342
910 0.00499359 0.035222 1.70906
911 0.0245588 0.0199094 0.790994
912 0.00499377 0.0340672 1.70277
913 0.0242972 0.0190006 0.786514
914 0.00499395 0.0329124 1.69425
915 0.0236321 0.0182844 0.803136
916 0.00499413 0.0317576 1.68348
917 0.0230894 0.0174224 0.809397
918 0.00499431 0.0306028 1.67046
919 0.0225003 0.0163928 0.811914
920 0.00499449 0.029448 1.65516
921 0.00499467 0.0282932 1.6376
922 0.0216014 0.0155331 0.828916
923 0.00499485 0.0271385 1.61779
924 0.0209031 0.0147626 0.837398
925 0.00499503 0.0259837 1.59574
926 0.0203849 0.0139873 0.836677
927 0.00499521 0.0248289 1.5715
928 0.0195436 0.0135982 0.857766
929 0.00499539 0.0236741 1.5451
930 0.0188028 0.0130094 0.867704
931 0.00499557 0.0225193 1.5166
932 0.018027 0.0124233 0.87721
933 0.00499575 0.0213645 1.48608
934 0.0172529 0.0118358 0.884803
935 0.00499593 0.0202097 1.45362
936 0.0163842 0.0112994 0.895304
937 0.00499611 0.0190549 1.41932
938 0.0155079 0.0108581 0.907409
939 0.00499629 0.0179001 1.38329
940 0.0146306 0.0104023 0.917265
941 0.00499647 0.0167453 1.34564
942 0.0137304 0.00995356 0.926199
943 0.00499665 0.0155905 1.30649
944 0.012777 0.00951141 0.934891
945 0.00499684 0.0144357 1.26596
946 0.0117896 0.00908059 0.942823
947 0.00499702 0.0132809 1.22415
948 0.0107889 0.00867107 0.949794
949 0.0049972 0.0121261 1.18117
950 0.00977208 0.00829445 0.956297
951 0.00500341 0.0109324 1.13553
952 0.00876644 0.00794587 0.961607
953 0.00499398 0.00973572 1.08884
954 0.00778273 0.00757192 0.963458
955 0.00496727 0.00849211 1.0394
956 0.00677165 0.00712664 0.960744
957 0.00489032 0.00715555 0.985554
958 0.0119389 0.0730024 0.809056
959 0.00567497 0.00657832 0.952588
960 0.0100227 0.0733056 0.861475
961 0.00915583 0.0739259 0.866654
962 0.0131229 0.0586094 1.14757
963 0.0130377 0.0622633 1.05751
964 0.0120575 0.0706971 0.869886
965 0.00703767 0.0753378 0.870787
966 0.00603715 0.0759053 0.870541
967 0.0126994 0.069966 0.86526
968 0.0128611 0.0690438 0.883991
969 0.0131803 0.0681622 0.894365
970 0.0134525 0.0671882 0.908369
971 0.0136463 0.0661581 0.926912
972 0.013861 0.06505 0.946032
973 0.0140546 0.0638761 0.967396
974 0.0141605 0.0625407 0.996902
975 0.0146455 0.0612867 1.00456
976 0.0150053 0.0600873 1.01633
977 0.0152505 0.0587561 1.03682
978 0.0158643 0.0575135 1.03422
979 0.0163475 0.0563089 1.03683
980 0.0168457 0.0551244 1.03719
981 0.0173907 0.0539599 1.03347
982 0.0179242 0.0528111 1.02915
983 0.00600159 0.0737476 0.942507
984 0.0184918 0.0517024 1.02103
985 0.00594701 0.0726703 0.978685
986 0.01907 0.0506199 1.01086
987 0.00592449 0.0715571 1.01525
988 0.0196271 0.0495589 1.00062
989 0.0059807 0.0704485 1.04985
990 0.0201926 0.0485101 0.988764
991 0.00598878 0.0693024 1.08622
992 0.0207458 0.0475012 0.97599
993 0.00598819 0.0681338 1.1231
994 0.0212785 0.0465054 0.963326
995 0.00598837 0.066979 1.15909
996 0.0217926 0.0455143 0.950786
997 0.00598855 0.0658242 1.19457
998 0.0222678 0.0445367 0.939371
999 0.00598873 0.0646694 1.22948
1000 0.0227293 0.0435649 0.927712
1001 0.00598891 0.0635146 1.26373
1002 0.0231657 0.0426061 0.916342
1003 0.00598909 0.0623598 1.29724
1004 0.0235754 0.0416547 0.905406
1005 0.00598928 0.061205 1.32992
1006 0.0239579 0.0407115 0.894907
1007 0.00598946 0.0600503 1.36169
1008 0.0243126 0.0397783 0.884848
1009 0.00598964 0.0588955 1.39247
1010 0.024642 0.0388545 0.87508
1011 0.00598982 0.0577407 1.42218
1012 0.024933 0.0379321 0.866437
1013 0.00599 0.0565859 1.45073
1014 0.0251886 0.0370142 0.85866
1015 0.00599018 0.0554311 1.47806
1016 0.0254331 0.0361064 0.85034
1017 0.00599036 0.0542763 1.5041
1018 0.0256088 0.0351851 0.844904
1019 0.00599054 0.0531215 1.52877
1020 0.0257448 0.0342786 0.84046
1021 0.00599072 0.0519667 1.55201
1022 0.0258587 0.0333575 0.836139
1023 0.0059909 0.0508119 1.57375
1024 0.0259406 0.0324544 0.83239
1025 0.00599108 0.0496571 1.59394
1026 0.0261728 0.0315831 0.819227
1027 0.00599126 0.0485023 1.6125
1028 0.0259271 0.0307041 0.831258
1029 0.00599144 0.0473475 1.62939
1030 0.0259365 0.0297546 0.827874
1031 0.00599162 0.0461927 1.64454
1032 0.0260896 0.0288079 0.815412
1033 0.0059918 0.0450379 1.6579
1034 0.0257598 0.0279527 0.828229
1035 0.00599198 0.0438831 1.66941
1036 0.0256503 0.0269909 0.827213
1037 0.00599216 0.0427283 1.67903
1038 0.0255131 0.0260349 0.826262
1039 0.00599234 0.0415735 1.68669
1040 0.0253047 0.0251123 0.827946
1041 0.00599253 0.0404187 1.69236
1042 0.0250736 0.0242091 0.829609
1043 0.00599271 0.039264 1.69598
1044 0.0248099 0.0233177 0.831669
1045 0.00599289 0.0381092 1.69752
1046 0.0246969 0.022388 0.82426
1047 0.00599307 0.0369544 1.69693
1048 0.0241716 0.0216208 0.838344
1049 0.00599325 0.0357996 1.69418
1050 0.0237448 0.0206651 0.842912
1051 0.00599343 0.0346448 1.68924
1052 0.0155448 0.0192953 1.16131
1053 0.00599361 0.03349 1.68207
1054 0.0166272 0.0295973 1.30135
1055 0.00599379 0.0323352 1.67266
1056 0.0225401 0.0184997 0.856895
1057 0.00599397 0.0311804 1.661
1058 0.0219065 0.0175284 0.863604
1059 0.00599415 0.0300256 1.64706
1060 0.0212018 0.0166351 0.872674
1061 0.00599433 0.0288708 1.63086
1062 0.00599451 0.027716 1.61239
1063 0.0204158 0.0157674 0.883231
1064 0.00599469 0.0265612 1.59167
1065 0.0196438 0.0148278 0.888666
1066 0.00599487 0.0254064 1.56873
1067 0.00599505 0.0242516 1.54362
1068 0.0186434 0.0141592 0.907457
1069 0.00599523 0.0230968 1.51638
1070 0.0178111 0.0135524 0.919451
1071 0.00599541 0.021942 1.48708
1072 0.0170552 0.0129719 0.927647
1073 0.0059956 0.0207872 1.4558
1074 0.0163887 0.0122876 0.927764
1075 0.00599578 0.0196324 1.42263
1076 0.0154708 0.0120372 0.94859
1077 0.00599596 0.0184777 1.38768
1078 0.0146132 0.0115567 0.958149
1079 0.00599614 0.0173229 1.35106
1080 0.0137332 0.0111007 0.967341
1081 0.00599632 0.0161681 1.31288
1082 0.0128158 0.0106541 0.975989
1083 0.0059965 0.0150133 1.27326
1084 0.0118709 0.0102118 0.983518
1085 0.00599668 0.0138585 1.23231
1086 0.0108909 0.00979765 0.990877
1087 0.00599686 0.0127037 1.19013
1088 0.00991821 0.00940691 0.996878
1089 0.00600727 0.0115034 1.14495
1090 0.00890148 0.00911142 1.00542
1091 0.00600689 0.0102939 1.09839
1092 0.00791371 0.00880199 1.0108
1093 0.00597753 0.00906714 1.0504
1094 0.00691545 0.00834433 1.00831
1095 0.00591145 0.00781466 1.00068
1096 0.010832 0.0728035 0.851619
1097 0.0112598 0.0716935 0.870149
1098 0.00599209 0.0748643 0.905907
1099 0.00899496 0.0726748 0.909723
1100 0.00804839 0.0734225 0.910379
1101 0.0116689 0.0694549 0.919406
1102 0.0120183 0.0683027 0.938179
1103 0.012491 0.0674816 0.941633
1104 0.0125246 0.0665376 0.966054
1105 0.0127525 0.065458 0.985483
1106 0.0129647 0.0643573 1.00556
1107 0.0130944 0.0632776 1.0283
1108 0.0134945 0.061403 1.05862
1109 0.0138191 0.0603922 1.0689
1110 0.0140959 0.0593658 1.08118
1111 0.0146641 0.0575706 1.09691
1112 0.0151341 0.0564706 1.09902
1113 0.0156072 0.0552949 1.10178
1114 0.0161424 0.0541129 1.10019
1115 0.0166777 0.0529077 1.0979
1116 0.0172325 0.0517659 1.09201
1117 0.0178509 0.0506745 1.08028
1118 0.00676298 0.0720731 0.982032
1119 0.0184312 0.0495994 1.06934
1120 0.00697378 0.0710861 1.00905
1121 0.019002 0.0485452 1.05754
1122 0.0069983 0.0699224 1.04525
1123 0.0195587 0.0475338 1.04474
1124 0.00697714 0.0687361 1.08283
1125 0.0201072 0.0465437 1.03107
1126 0.00698378 0.0675649 1.11893
1127 0.0206401 0.045559 1.01729
1128 0.00698822 0.0664018 1.15436
1129 0.0211257 0.0445888 1.00506
1130 0.0069884 0.065247 1.18914
1131 0.0215918 0.0436228 0.99294
1132 0.00698858 0.0640922 1.22336
1133 0.0220294 0.0426709 0.981266
1134 0.00698876 0.0629374 1.25693
1135 0.0224408 0.0417306 0.969945
1136 0.00698894 0.0617826 1.28977
1137 0.0228235 0.0408017 0.959123
1138 0.00698912 0.0606278 1.3218
1139 0.0231821 0.039884 0.94854
1140 0.0069893 0.059473 1.35293
1141 0.0235148 0.0389786 0.938288
1142 0.00698948 0.0583182 1.38308
1143 0.0238395 0.0380956 0.927276
1144 0.00698966 0.0571634 1.41218
1145 0.0240779 0.0371883 0.920377
1146 0.00698984 0.0560086 1.44013
1147 0.0243088 0.0363062 0.912635
1148 0.00699002 0.0548538 1.46686
1149 0.0246979 0.0354791 0.894703
1150 0.0069902 0.053699 1.49231
1151 0.0246577 0.0345842 0.900213
1152 0.00699038 0.0525442 1.5164
1153 0.0247943 0.033692 0.894644
1154 0.00699056 0.0513895 1.53906
1155 0.0249139 0.0327136 0.888975
1156 0.00699074 0.0502347 1.56022
1157 0.0141395 0.0584051 1.10297
1158 0.00699092 0.0490799 1.57982
1159 0.017082 0.0329715 1.30199
1160 0.0069911 0.0479251 1.59779
1161 0.0249222 0.0302742 0.884606
1162 0.00699129 0.0467703 1.61407
1163 0.0167335 0.0193353 1.11815
1164 0.00699147 0.0456155 1.62859
1165 0.008985 0.0121478 1.11907
1166 0.00699165 0.0444607 1.64131
1167 0.0247084 0.0277072 0.882246
1168 0.00699183 0.0433059 1.65217
1169 0.0245837 0.0266622 0.880317
1170 0.00699201 0.0421511 1.66111
1171 0.0245896 0.0257391 0.87115
1172 0.00699219 0.0409963 1.66807
1173 0.0241702 0.0248791 0.883298
1174 0.00699237 0.0398415 1.67302
1175 0.0238997 0.0239174 0.885052
1176 0.00699255 0.0386867 1.6759
1177 0.0236159 0.0227729 0.883166
1178 0.00699273 0.0375319 1.67668
1179 0.00699291 0.0363771 1.6753
1180 0.0230348 0.0216242 0.893005
1181 0.00699309 0.0352223 1.67175
1182 0.0225395 0.0205672 0.897656
1183 0.00699327 0.0340675 1.66599
1184 0.00699345 0.0329127 1.65798
1185 0.021988 0.0195642 0.903489
1186 0.00699363 0.0317579 1.64772
1187 0.0213456 0.0186082 0.91189
1188 0.00699381 0.0306031 1.63519
1189 0.0207024 0.0177294 0.919621
1190 0.00699399 0.0294484 1.62039
1191 0.0200086 0.0168859 0.928012
1192 0.00699417 0.0282936 1.60331
1193 0.00699435 0.0271388 1.58398
1194 0.0192679 0.0160547 0.936232
1195 0.00699454 0.025984 1.56241
1196 0.0184476 0.0153126 0.947453
1197 0.00699472 0.0248292 1.53864
1198 0.0069949 0.0236744 1.51271
1199 0.0175803 0.0146649 0.960708
1200 0.00699508 0.0225196 1.4847
1201 0.0167222 0.0140167 0.971312
1202 0.00699526 0.0213648 1.45466
1203 0.0157898 0.0132439 0.97809
1204 0.00699544 0.02021 1.4227
1205 0.00699562 0.0190552 1.38891
1206 0.0146764 0.0127468 0.99656
1207 0.0069958 0.0179004 1.35339
1208 0.0137399 0.0122613 1.00758
1209 0.00699598 0.0167456 1.31626
1210 0.0128321 0.0118014 1.01659
1211 0.00699616 0.0155908 1.27764
1212 0.0119041 0.0113508 1.02444
1213 0.00699634 0.014436 1.23763
1214 0.0109668 0.010915 1.031
1215 0.00699652 0.0132812 1.19634
1216 0.00998892 0.0105203 1.0379
1217 0.00699759 0.0120878 1.15241
1218 0.00910802 0.0101108 1.04017
1219 0.00702634 0.0108541 1.10531
1220 0.00811452 0.0101289 1.05941
1221 0.00700483 0.00960005 1.05697
1222 0.0100096 0.0721403 0.897089
1223 0.00705587 0.0741953 0.907628
1224 0.0110833 0.070461 0.91156
1225 0.00786939 0.0720538 0.957926
1226 0.0108974 0.0684048 0.977182
1227 0.0114202 0.0671759 0.992846
1228 0.0116354 0.0659195 1.01938
1229 0.0118581 0.0647849 1.04155
1230 0.0120119 0.0636821 1.0651
1231 0.0126299 0.0605676 1.12059
1232 0.0129637 0.0596011 1.12997
1233 0.0139583 0.0566545 1.15506
1234 0.0143393 0.0554874 1.16375
1235 0.0195237 0.0310311 1.17323
1236 0.015501 0.0530732 1.15848
1237 0.015868 0.0517718 1.16727
1238 0.0166385 0.050695 1.14785
1239 0.0172469 0.0496325 1.13576
1240 0.0177576 0.0485845 1.12773
1241 0.00803704 0.070617 0.998564
1242 0.0183493 0.0475535 1.11371
1243 0.00797782 0.0693477 1.03927
1244 0.0189373 0.0465596 1.09811
1245 0.00792991 0.0681601 1.07691
1246 0.0194859 0.0455872 1.08336
1247 0.00803068 0.067003 1.10926
1248 0.0199864 0.0446271 1.07017
1249 0.0080309 0.0658356 1.14411
1250 0.0204549 0.0436721 1.05774
1251 0.007979 0.0646541 1.18039
1252 0.0208941 0.0427282 1.04583
1253 0.00798484 0.0634985 1.21373
1254 0.021305 0.0417963 1.03437
1255 0.00800095 0.0623505 1.24594
1256 0.0216895 0.0408755 1.02327
1257 0.00798878 0.0612054 1.27819
1258 0.0220489 0.0399661 1.01246
1259 0.00798896 0.0600506 1.30957
1260 0.0223909 0.0390746 1.00145
1261 0.00798914 0.0588958 1.34007
1262 0.0226965 0.038186 0.991471
1263 0.00798932 0.057741 1.36961
1264 0.0231713 0.037385 0.970306
1265 0.0079895 0.0565862 1.39811
1266 0.0232147 0.0364477 0.973482
1267 0.00798968 0.0554314 1.42548
1268 0.0249596 0.0288796 0.876448
1269 0.00798986 0.0542766 1.45166
1270 0.0147109 0.0398448 1.40159
1271 0.00799004 0.0531218 1.47656
1272 0.023698 0.0340674 0.954864
1273 0.00799023 0.051967 1.50011
1274 0.024001 0.0331632 0.939092
1275 0.00799041 0.0508122 1.52222
1276 0.0238568 0.0322094 0.946856
1277 0.00799059 0.0496574 1.54284
1278 0.0122798 0.0615327 1.111
1279 0.00799077 0.0485026 1.56189
1280 0.0128646 0.0738639 0.751498
1281 0.00799095 0.0473478 1.5793
1282 0.0238749 0.0297415 0.938793
1283 0.00799113 0.046193 1.59501
1284 0.0101467 0.0708568 0.931016
1285 0.00799131 0.0450382 1.60896
1286 0.00220093 0.0823178 0.690806
1287 0.00799149 0.0438834 1.62108
1288 0.0235963 0.027237 0.936693
1289 0.00799167 0.0427286 1.63132
1290 0.0148487 0.054293 1.16535
1291 0.00799185 0.0415739 1.63962
1292 0.0238826 0.0310284 0.943243
1293 0.00799203 0.0404191 1.64592
1294 0.0230601 0.024775 0.937929
1295 0.00799221 0.0392643 1.65019
1296 0.0227284 0.023684 0.939718
1297 0.00799239 0.0381095 1.65236
1298 0.0223211 0.0225939 0.942884
1299 0.00799257 0.0369547 1.65241
1300 0.00799275 0.0357999 1.65029
1301 0.021849 0.0215529 0.947513
1302 0.00799293 0.0346451 1.64597
1303 0.0213436 0.0205591 0.952188
1304 0.00799311 0.0334903 1.63941
1305 0.00799329 0.0323355 1.63061
1306 0.0207718 0.019634 0.958901
1307 0.00799348 0.0311807 1.61953
1308 0.020173 0.0187861 0.966237
1309 0.00799366 0.0300259 1.60618
1310 0.0195466 0.0179651 0.973243
1311 0.00799384 0.0288711 1.59055
1312 0.0188809 0.0171702 0.980345
1313 0.00799402 0.0277163 1.57265
1314 0.0079942 0.0265615 1.5525
1315 0.0181456 0.0164387 0.989639
1316 0.00799438 0.0254067 1.53012
1317 0.0173464 0.0157781 1.00109
1318 0.00799456 0.0242519 1.50558
1319 0.00799474 0.0230971 1.47891
1320 0.0165089 0.0151661 1.01313
1321 0.00799492 0.0219423 1.45019
1322 0.0156314 0.0145267 1.02346
1323 0.0079951 0.0207876 1.4195
1324 0.0146994 0.0139387 1.03472
1325 0.00799528 0.0196328 1.38693
1326 0.00799546 0.018478 1.3526
1327 0.0137471 0.0134354 1.04695
1328 0.00799564 0.0173232 1.31661
1329 0.0128252 0.0129534 1.05674
1330 0.00799582 0.0161684 1.27907
1331 0.0119288 0.0124936 1.06449
1332 0.007996 0.0150136 1.24009
1333 0.0109784 0.012029 1.07133
1334 0.00801335 0.0138529 1.19924
1335 0.0100233 0.0115725 1.07636
1336 0.0080049 0.0126916 1.1576
1337 0.00889225 0.0111179 1.08266
1338 0.0070098 0.0730308 0.946175
1339 0.0235794 0.0352514 0.958361
1340 0.00907771 0.071302 0.949646
1341 0.0104133 0.0695972 0.959543
1342 0.00819771 0.0747321 0.865255
1343 0.0134582 0.0576697 1.15497
1344 0.0101006 0.0674256 1.03318
1345 0.0104943 0.0663114 1.05145
1346 0.0108 0.0651935 1.07174
1347 0.0109567 0.064093 1.09647
1348 0.0119812 0.0598302 1.16831
1349 0.013153 0.0557927 1.21498
1350 0.0142229 0.0532658 1.22044
1351 0.0148027 0.052301 1.21186
1352 0.0154335 0.050439 1.21798
1353 0.0161805 0.0496816 1.19318
1354 0.016482 0.0486417 1.19703
1355 0.0170686 0.0475618 1.18495
1356 0.00917106 0.0698704 0.99043
1357 0.0177366 0.0465563 1.16569
1358 0.00876313 0.0687076 1.03712
1359 0.0183269 0.0455903 1.14886
1360 0.00898025 0.0676873 1.06138
1361 0.0188416 0.044645 1.13486
1362 0.00919981 0.0664344 1.0917
1363 0.0193172 0.0437063 1.12192
1364 0.00894627 0.0651908 1.13579
1365 0.0197593 0.0427758 1.10974
1366 0.00896323 0.0640407 1.1684
1367 0.020171 0.0418552 1.09813
1368 0.00900552 0.0629144 1.19899
1369 0.0205545 0.040943 1.08698
1370 0.00903971 0.0617763 1.22956
1371 0.0209153 0.0400354 1.07604
1372 0.00904745 0.0606344 1.26044
1373 0.0212638 0.0391241 1.06478
1374 0.00902574 0.0594812 1.29185
1375 0.0216248 0.0381768 1.05203
1376 0.00898898 0.0583185 1.32318
1377 0.0237685 0.02846 0.937084
1378 0.00900391 0.0571493 1.35199
1379 0.0221202 0.0370603 1.03159
1380 0.00901201 0.0559853 1.37986
1381 0.0223174 0.0357305 1.02693
1382 0.00900492 0.0548356 1.4068
1383 0.0225497 0.0344618 1.01776
1384 0.00900582 0.0536826 1.43238
1385 0.00900673 0.0525351 1.45658
1386 0.0228589 0.0331147 1.00206
1387 0.00899007 0.0513898 1.47999
1388 0.00899025 0.050235 1.50161
1389 0.00899043 0.0490802 1.52173
1390 0.0227815 0.0304687 1.00051
1391 0.00899061 0.0479254 1.54027
1392 0.00899079 0.0467706 1.55717
1393 0.0227418 0.0292062 0.996016
1394 0.00899097 0.0456158 1.57235
1395 0.00899115 0.044461 1.58576
1396 0.00899133 0.0433062 1.59732
1397 0.0224711 0.026765 0.990123
1398 0.00899151 0.0421514 1.60697
1399 0.00899169 0.0409966 1.61467
1400 0.022207 0.0255794 0.990364
1401 0.00899187 0.0398418 1.62035
1402 0.0218779 0.024531 0.993114
1403 0.00899205 0.038687 1.62397
1404 0.0215211 0.02349 0.995147
1405 0.00899224 0.0375322 1.62547
1406 0.021113 0.0224685 0.997705
1407 0.00899242 0.0363774 1.62483
1408 0.0089926 0.0352226 1.62199
1409 0.0206952 0.0214928 0.999311
1410 0.00899278 0.0340678 1.61693
1411 0.0201774 0.020586 1.00465
1412 0.00899296 0.0329131 1.60963
1413 0.00899314 0.0317583 1.60006
1414 0.0196092 0.0197945 1.01256
1415 0.00899332 0.0306035 1.5882
1416 0.0190368 0.0190062 1.01879
1417 0.0089935 0.0294487 1.57407
1418 0.018457 0.0182446 1.02405
1419 0.00899368 0.0282939 1.55765
1420 0.0178298 0.0175182 1.03017
1421 0.00899386 0.0271391 1.53898
1422 0.00899404 0.0259843 1.51806
1423 0.0171032 0.0168562 1.03985
1424 0.00899422 0.0248295 1.49495
1425 0.0163132 0.0163049 1.05294
1426 0.0089944 0.0236747 1.46969
1427 0.00899458 0.0225199 1.44235
1428 0.015475 0.0157319 1.06507
1429 0.00899476 0.0213651 1.413
1430 0.0145971 0.0151448 1.07586
1431 0.00899494 0.0202103 1.38174
1432 0.0137095 0.0145937 1.08578
1433 0.00899512 0.0190555 1.34867
1434 0.0089953 0.0179007 1.31389
1435 0.0128001 0.0141057 1.09614
1436 0.00899549 0.0167459 1.27751
1437 0.011911 0.0136463 1.10476
1438 0.00899567 0.0155911 1.23964
1439 0.0109789 0.0131662 1.11162
1440 0.00899708 0.0144179 1.19972
1441 0.0100095 0.0126691 1.11645
1442 0.00900277 0.0132669 1.15918
1443 0.0234799 0.0259975 0.930879
1444 0.0110704 0.0629904 1.12237
1445 0.0120483 0.0588746 1.18996
1446 0.0129486 0.0568369 1.19947
1447 0.0134207 0.0544552 1.23341
1448 0.0146405 0.0513077 1.24125
1449 0.0227835 0.0317778 1.0046
1450 0.0226364 0.0279802 0.992704
1451 0.00989377 0.0645401 1.123
1452 0.0137364 0.0520965 1.26979
1453 0.0151547 0.0490646 1.25927
1454 0.0156273 0.0475638 1.26196
1455 0.0165005 0.0465045 1.23378
1456 0.0171626 0.0455529 1.2135
1457 0.0177091 0.0446282 1.19785
1458 0.0181768 0.0437177 1.18524
1459 0.00985134 0.0655268 1.09622
1460 0.0186208 0.0428098 1.17286
1461 0.0190373 0.0419053 1.16093
1462 0.0099977 0.0634744 1.14936
1463 0.019424 0.0410037 1.14958
1464 0.0100636 0.062358 1.17795
1465 0.0197791 0.0401084 1.13888
1466 0.0101324 0.0612113 1.20668
1467 0.0201196 0.0392104 1.12797
1468 0.0101029 0.060073 1.23813
1469 0.0204648 0.0383019 1.11581
1470 0.0100382 0.0588843 1.2715
1471 0.0208316 0.0373014 1.10189
1472 0.0100378 0.0577052 1.30141
1473 0.0211341 0.036166 1.09072
1474 0.0100389 0.0565289 1.33027
1475 0.0100372 0.055368 1.35784
1476 0.0213457 0.0349765 1.08282
1477 0.0100181 0.0542364 1.38432
1478 0.0215355 0.0336926 1.07409
1479 0.010026 0.0530853 1.4091
1480 0.0100418 0.0519452 1.43212
1481 0.0100305 0.0508047 1.45485
1482 0.00999009 0.0496577 1.47735
1483 0.00999334 0.0484928 1.49705
1484 0.0216584 0.0298717 1.05687
1485 0.0100028 0.0473423 1.51472
1486 0.00999063 0.0461933 1.53151
1487 0.00999081 0.0450385 1.54621
1488 0.00999099 0.0438838 1.55911
1489 0.00999118 0.042729 1.57015
1490 0.0213155 0.0263265 1.04349
1491 0.00999136 0.0415742 1.57926
1492 0.00999154 0.0404194 1.58639
1493 0.0210298 0.0253363 1.04529
1494 0.00999172 0.0392646 1.59149
1495 0.0206995 0.0243409 1.04718
1496 0.0099919 0.0381098 1.59449
1497 0.0203364 0.0233366 1.04841
1498 0.00999208 0.036955 1.59535
1499 0.0199267 0.0223398 1.04974
1500 0.00999226 0.0358002 1.59405
1501 0.00999244 0.0346454 1.59053
1502 0.0196807 0.0214286 1.04329
1503 0.00999262 0.0334906 1.58477
1504 0.0190235 0.020804 1.05915
1505 0.0099928 0.0323358 1.57675
1506 0.00999298 0.031181 1.56644
1507 0.018465 0.0200172 1.06549
1508 0.00999316 0.0300262 1.55385
1509 0.0179185 0.0192438 1.06972
1510 0.00999334 0.0288714 1.53898
1511 0.0173482 0.0184882 1.07347
1512 0.00999352 0.0277166 1.52183
1513 0.0169182 0.017779 1.07137
1514 0.0099937 0.0265618 1.50243
1515 0.00999388 0.025407 1.48081
1516 0.0161324 0.017421 1.09047
1517 0.00999406 0.0242522 1.45702
1518 0.0153463 0.0169252 1.1041
1519 0.00999425 0.0230975 1.43112
1520 0.00999443 0.0219427 1.40318
1521 0.0144912 0.0163529 1.11584
1522 0.00999461 0.0207879 1.3733
1523 0.013652 0.0157551 1.12404
1524 0.00999479 0.0196331 1.34156
1525 0.0127606 0.0152384 1.13406
1526 0.0100221 0.018467 1.30707
1527 0.0100186 0.0173087 1.27192
1528 0.0118632 0.0148035 1.1447
1529 0.00999283 0.0161387 1.23536
1530 0.0109534 0.014321 1.15194
1531 0.00997866 0.0149651 1.19692
1532 0.00999884 0.0138077 1.15686
1533 0.0111646 0.061859 1.14931
1534 0.0110313 0.0594627 1.2179
1535 0.0120378 0.05637 1.25239
1536 0.0121848 0.0551479 1.27476
1537 0.0130557 0.0531437 1.27987
1538 0.0142582 0.0501102 1.28443
1539 0.0216314 0.0324208 1.06797
1540 0.0216844 0.0311235 1.06154
1541 0.0215988 0.0286565 1.05169
1542 0.0215322 0.0274854 1.04486
1543 0.0133633 0.0510155 1.30998
1544 0.0142647 0.0478953 1.32482
1545 0.0153487 0.0462341 1.29814
1546 0.0160221 0.0454361 1.27579
1547 0.0166059 0.0445668 1.25794
1548 0.0170382 0.0436947 1.24708
1549 0.0174754 0.042819 1.23501
1550 0.0179029 0.0419391 1.22246
1551 0.0182959 0.0410588 1.21074
1552 0.0186508 0.0401739 1.2001
1553 0.0189796 0.0392935 1.18979
1554 0.0193032 0.0384114 1.17871
1555 0.019651 0.0375207 1.16529
1556 0.0110692 0.0582722 1.2468
1557 0.0199495 0.0365037 1.15398
1558 0.0110801 0.0570759 1.27611
1559 0.020148 0.0354144 1.14676
1560 0.0110758 0.0558671 1.3054
1561 0.0110887 0.0547166 1.33159
1562 0.0203539 0.0342471 1.13742
1563 0.0110246 0.0536294 1.3585
1564 0.0110899 0.0524769 1.38052
1565 0.0111263 0.0513594 1.40179
1566 0.0110296 0.0502133 1.42767
1567 0.0109803 0.0490521 1.45044
1568 0.0110086 0.0479018 1.46848
1569 0.0110385 0.0467651 1.48471
1570 0.0110228 0.0456199 1.50121
1571 0.0109907 0.0444613 1.51674
1572 0.0109908 0.0433065 1.52916
1573 0.010995 0.0421503 1.53957
1574 0.0201761 0.026134 1.09694
1575 0.0109912 0.0409969 1.54832
1576 0.0109914 0.0398421 1.55492
1577 0.019868 0.0251849 1.09887
1578 0.0109916 0.0386873 1.55945
1579 0.0195482 0.0241803 1.09854
1580 0.0109917 0.0375325 1.56187
1581 0.0191514 0.0231433 1.09903
1582 0.0109919 0.0363777 1.56213
1583 0.0186755 0.0220038 1.09864
1584 0.0109921 0.035223 1.56019
1585 0.0109923 0.0340682 1.55602
1586 0.0109925 0.0329134 1.54959
1587 0.0179092 0.0210504 1.11121
1588 0.0109926 0.0317586 1.54089
1589 0.0109928 0.0306038 1.52989
1590 0.0172885 0.0201797 1.1168
1591 0.010993 0.029449 1.51661
1592 0.0109932 0.0282942 1.50104
1593 0.0162491 0.0185014 1.1151
1594 0.0109934 0.0271394 1.4832
1595 0.0109935 0.0259846 1.46314
1596 0.0109937 0.0248298 1.44088
1597 0.0144195 0.0175982 1.15436
1598 0.0109939 0.023675 1.41649
1599 0.0109941 0.0225202 1.39003
1600 0.0109943 0.0213654 1.36159
1601 0.0134911 0.0169385 1.16484
1602 0.0109889 0.0202157 1.33155
1603 0.0127869 0.0162354 1.16459
1604 0.0110267 0.0190488 1.29807
1605 0.0118583 0.0160142 1.18391
1606 0.011083 0.0178706 1.26209
1607 0.0110222 0.0167032 1.22793
1608 0.0109394 0.0154984 1.19144
1609 0.0113276 0.060653 1.17489
1610 0.0121975 0.057669 1.21373
1611 0.0121628 0.0540161 1.30151
1612 0.0123475 0.0519671 1.33754
1613 0.0138069 0.0489802 1.32774
1614 0.0203394 0.0329419 1.13762
1615 0.0205893 0.030485 1.11588
1616 0.0205346 0.0292803 1.11089
1617 0.0205738 0.0270579 1.08834
1618 0.0130611 0.049918 1.34549
1619 0.0205941 0.0316749 1.12099
1620 0.0204779 0.0280715 1.10354
1621 0.0149028 0.0451077 1.33722
1622 0.0156303 0.0445171 1.30899
1623 0.0158984 0.0436443 1.30701
1624 0.0163071 0.0427996 1.29648
1625 0.0167556 0.0419533 1.2829
1626 0.0171837 0.041098 1.26941
1627 0.0175381 0.0402274 1.25889
1628 0.0178568 0.0393612 1.24918
1629 0.0181605 0.0384899 1.23924
1630 0.0184657 0.0376212 1.22813
1631 0.0189271 0.0368074 1.2074
1632 0.0189462 0.0358466 1.20958
1633 0.0191697 0.0347103 1.1997
1634 0.0121449 0.0507005 1.37176
1635 0.0119398 0.0495783 1.40167
1636 0.0119636 0.048449 1.4205
1637 0.0120938 0.0473385 1.43315
1638 0.0121089 0.0461997 1.44965
1639 0.0120052 0.0450284 1.46978
1640 0.0119663 0.043859 1.48533
1641 0.0119927 0.0427103 1.49617
1642 0.0120167 0.0415917 1.50502
1643 0.0190393 0.0260848 1.15032
1644 0.0120042 0.0404465 1.51364
1645 0.0119849 0.0392784 1.52058
1646 0.0187416 0.025039 1.14893
1647 0.0119914 0.0381101 1.52438
1648 0.0184548 0.0240415 1.14565
1649 0.0119916 0.0369553 1.52625
1650 0.0179853 0.0230133 1.1477
1651 0.0119918 0.0358005 1.52593
1652 0.0173769 0.0220773 1.15484
1653 0.0119919 0.0346457 1.5234
1654 0.0119921 0.0334909 1.51861
1655 0.0119923 0.0323361 1.51154
1656 0.0166566 0.0211535 1.16399
1657 0.0119925 0.0311813 1.50219
1658 0.0119927 0.0300265 1.49054
1659 0.0119928 0.0288717 1.47661
1660 0.011993 0.0277169 1.46039
1661 0.0119932 0.0265621 1.44193
1662 0.0119934 0.0254074 1.42127
1663 0.0119936 0.0242526 1.39844
1664 0.0134064 0.0182384 1.20534
1665 0.0119938 0.0230978 1.37353
1666 0.0119939 0.021943 1.3466
1667 0.0119811 0.0208016 1.31849
1668 0.0122301 0.0172293 1.21123
1669 0.0119633 0.019664 1.28881
1670 0.0121108 0.0184944 1.25175
1671 0.0119442 0.0530404 1.33243
1672 0.0141784 0.0459022 1.3609
1673 0.013064 0.0479655 1.38027
1674 0.0194389 0.0337004 1.18553
1675 0.0194196 0.0272488 1.14694
1676 0.0160457 0.0202305 1.16606
1677 0.0145567 0.0188228 1.18362
1678 0.0127705 0.0489768 1.3759
1679 0.0196262 0.0320204 1.17222
1680 0.0194676 0.029932 1.16934
1681 0.0194125 0.0286585 1.16175
1682 0.0147275 0.0438666 1.36234
1683 0.015115 0.042784 1.3563
1684 0.0155584 0.0419181 1.34381
1685 0.0160809 0.0411229 1.32553
1686 0.0164758 0.0402738 1.31308
1687 0.0167449 0.0394095 1.3061
1688 0.0170591 0.0385602 1.29567
1689 0.01736 0.0376116 1.28537
1690 0.0177564 0.0365058 1.26948
1691 0.0179343 0.035158 1.26288
1692 0.0130767 0.0455442 1.41693
1693 0.0129169 0.0443839 1.43914
1694 0.0129364 0.0432542 1.45132
1695 0.0130558 0.0421829 1.45696
1696 0.0130587 0.0410714 1.46632
1697 0.0178752 0.0258875 1.20079
1698 0.0129654 0.0398866 1.47818
1699 0.0129685 0.0386972 1.48385
1700 0.017576 0.0248281 1.19753
1701 0.0130257 0.0375252 1.48507
1702 0.0174223 0.0238864 1.18778
1703 0.0130502 0.0363668 1.48544
1704 0.0168128 0.0231213 1.19899
1705 0.0130416 0.0352132 1.48494
1706 0.0161573 0.022149 1.2054
1707 0.013014 0.0340615 1.48291
1708 0.012992 0.0329137 1.47842
1709 0.0129921 0.0317589 1.47076
1710 0.0129923 0.0306041 1.4608
1711 0.0129925 0.0294493 1.44854
1712 0.0129927 0.0282945 1.434
1713 0.0129929 0.0271397 1.4172
1714 0.0129931 0.0259849 1.39818
1715 0.0129932 0.0248301 1.37698
1716 0.0129972 0.0236669 1.35336
1717 0.012851 0.0192137 1.24961
1718 0.0130142 0.0225124 1.32746
1719 0.0130006 0.0213678 1.30085
1720 0.0129471 0.0202348 1.27396
1721 0.0190737 0.0327997 1.20289
1722 0.0139299 0.0447781 1.38836
1723 0.0182471 0.0337747 1.24681
1724 0.0181119 0.026999 1.20529
1725 0.0152816 0.0212462 1.21873
1726 0.0182985 0.028158 1.21022
1727 0.0184002 0.0293943 1.21735
1728 0.0140172 0.0427936 1.40815
1729 0.0142506 0.0417555 1.4079
1730 0.0149517 0.0410178 1.38147
1731 0.0155756 0.0403563 1.35685
1732 0.0157078 0.0395271 1.35655
1733 0.0158937 0.0386146 1.35307
1734 0.0163561 0.0378361 1.33429
1735 0.0163538 0.036855 1.33802
1736 0.0165172 0.0355598 1.33256
1737 0.0139563 0.0405006 1.43141
1738 0.0167903 0.025608 1.24399
1739 0.0138598 0.0393123 1.44314
1740 0.0140177 0.0381132 1.44164
1741 0.0163178 0.0243957 1.24344
1742 0.0141179 0.0369339 1.44043
1743 0.0141218 0.0357701 1.44112
1744 0.015838 0.0231458 1.23855
1745 0.0140703 0.0346176 1.44189
1746 0.0140329 0.0334639 1.43975
1747 0.0140163 0.0323244 1.43456
1748 0.0139886 0.0311776 1.4275
1749 0.0139769 0.0300153 1.41734
1750 0.0139897 0.0288508 1.40389
1751 0.0139921 0.0276949 1.38866
1752 0.0139651 0.0265342 1.37221
1753 0.0139668 0.0253749 1.35248
1754 0.0139814 0.0242241 1.33032
1755 0.0140167 0.023093 1.30585
1756 0.0138164 0.019491 1.22625
1757 0.0140628 0.0219024 1.27771
1758 0.0139936 0.0207885 1.25354
1759 0.0148402 0.0200689 1.20614
1760 0.0184109 0.0306581 1.22634
1761 0.0186048 0.031733 1.22274
1762 0.0170736 0.0343101 1.30531
1763 0.0169621 0.0267153 1.25305
1764 0.0149694 0.0225074 1.25851
1765 0.0180794 0.0325484 1.25197
1766 0.0172868 0.0288732 1.26455
1767 0.0152353 0.037573 1.38888
1768 0.0152697 0.0363026 1.39017
1769 0.0157881 0.02544 1.28294
1770 0.014866 0.0387989 1.40062
1771 0.0149776 0.0247377 1.30283
1772 0.0151809 0.0351512 1.39451
1773 0.0150468 0.033997 1.3984
1774 0.0150711 0.0328751 1.39324
1775 0.0150204 0.0317444 1.38909
1776 0.0149453 0.0305939 1.3835
1777 0.0149599 0.0294215 1.37159
1778 0.0150131 0.0282397 1.3557
1779 0.014968 0.0270655 1.34154
1780 0.0148925 0.0259263 1.32682
1781 0.0150681 0.0237402 1.28042
1782 0.0170432 0.0278462 1.26417
1783 0.0174975 0.0301251 1.26613
1784 0.0160016 0.0344594 1.35617
1785 0.0159328 0.0264337 1.29285
1786 0.0173026 0.0315001 1.28493
1787 0.0161662 0.0334379 1.3464
1788 0.0161254 0.0322744 1.34352
1789 0.0159804 0.0311693 1.34333
1790 0.015796 0.0300043 1.34192
1791 0.016053 0.0287961 1.3187
1792 0.0160117 0.027526 1.305
1793 0.0121055 0.062595 1.09031
1794 0.013328 0.0468361 1.38666
1795 0.00796772 0.0115018 1.11422
1796 0.00974486 0.0686326 1.00957
1797 0.0145544 0.0468887 1.32732
