1 1.53081e-18 -0.025 8.87963
2 1.02054e-18 0.0133333 5.07816
3 1.53081e-18 0.025 5.80393
4 1.02054e-18 0.0466667 8.95598
5 0.0146855 0.0378813 9.15451
6 0.0239236 -0.00725686 9.17
7 0.0138888 0.020787 8.41306
8 0 0.0122685 5.04251
9 0 0.0112037 5.0106
10 0 0.0101389 4.98448
11 0 0.00907407 4.9645
12 0 0.00800926 4.95088
13 0 0.00694444 4.94388
14 0 0.00587963 4.94377
15 0 0.00481481 4.95079
16 0 0.00375 4.96521
17 0 0.00268519 4.98728
18 0 0.00162037 5.01724
19 0 0.000555556 5.05532
20 0 -0.000509259 5.10177
21 0 -0.00157407 5.15679
22 0 -0.00263889 5.22059
23 0 -0.0037037 5.2934
24 0 -0.00476852 5.37538
25 0 -0.00583333 5.46673
26 0 -0.00689815 5.56762
27 0 -0.00796296 5.67821
28 0 -0.00902778 5.79867
29 0 -0.0100926 5.92913
30 0 -0.0111574 6.06975
31 0 -0.0122222 6.22066
32 0 -0.013287 6.38199
33 0 -0.0143519 6.55386
34 0 -0.0154167 6.73641
35 0 -0.0164815 6.92973
36 0 -0.0175463 7.13395
37 0 -0.0186111 7.34916
38 0 -0.0196759 7.57546
39 0 -0.0207407 7.81291
40 0 -0.0218056 8.06162
41 0 -0.0228704 8.32156
42 0 -0.0239352 8.59156
43 0.0242106 -0.00623254 9.1767
44 0.0244538 -0.00519729 9.1824
45 0.0246528 -0.00415228 9.18717
46 0.024807 -0.00310038 9.19084
47 0.0249164 -0.00204224 9.19343
48 0.0249807 -0.00098119 9.19491
49 0.0249999 8.24224e-05 9.19537
50 0.0249738 0.00114504 9.19465
51 0.0249024 0.00220643 9.19275
52 0.0247861 0.00326304 9.18982
53 0.0246249 0.00431453 9.18578
54 0.0244192 0.00535759 9.18066
55 0.0241691 0.00639157 9.17441
56 0.0238755 0.00741363 9.1672
57 0.0235385 0.00842262 9.15893
58 0.0231588 0.00941637 9.14965
59 0.0227374 0.0103927 9.1394
60 0.0222747 0.0113506 9.12821
61 0.021772 0.0122874 9.116
62 0.0212296 0.0132025 9.10277
63 0.0206491 0.014093 9.08842
64 0.0200309 0.0149587 9.07276
65 0.0193769 0.0157967 9.05552
66 0.0186874 0.0166067 9.03625
67 0.0179645 0.0173861 9.01359
68 0.0172086 0.0181346 8.98533
69 0.0164221 0.0188498 8.94775
70 0.0156053 0.0195314 8.87576
71 0.0147606 0.0201774 8.60299
72 0.013254 0.0198951 7.88061
73 0.0125624 0.0190472 7.46929
74 0.0118169 0.0182467 7.10827
75 0.0110202 0.0174967 6.78318
76 0.0101756 0.0168002 6.49
77 0.009287 0.0161606 6.22603
78 0.00835894 0.0155811 5.99013
79 0.00739508 0.0150638 5.7817
80 0.00639914 0.0146108 5.60057
81 0.00537497 0.0142238 5.44656
82 0.0043276 0.013905 5.31979
83 0.00326224 0.0136557 5.22054
84 0.00218305 0.0134769 5.14866
85 0.00109423 0.0133693 5.10298
86 0.00106354 -0.0249774 8.88572
87 0.0021248 -0.0249095 8.88838
88 0.00318257 -0.0247966 8.89157
89 0.00423396 -0.0246389 8.8956
90 0.0052783 -0.0244364 8.90068
91 0.00631233 -0.02419 8.90682
92 0.0073357 -0.0238995 8.91385
93 0.00834498 -0.0235661 8.92181
94 0.00933997 -0.0231898 8.9307
95 0.0103173 -0.0227718 8.94031
96 0.0112767 -0.0223122 8.95067
97 0.0122152 -0.0218126 8.9617
98 0.0131321 -0.0212732 8.97331
99 0.0140249 -0.0206955 8.98535
100 0.0148926 -0.0200801 8.99782
101 0.0157334 -0.0194284 9.0106
102 0.0165453 -0.0187417 9.02356
103 0.0173277 -0.0180209 9.03666
104 0.0180782 -0.0172679 9.04978
105 0.0187964 -0.0164832 9.06283
106 0.0194801 -0.0156692 9.07567
107 0.0201291 -0.0148263 9.08833
108 0.0207411 -0.0139573 9.1006
109 0.0213161 -0.0130623 9.11242
110 0.0218521 -0.0121443 9.12375
111 0.022349 -0.0112037 9.13448
112 0.0228051 -0.0102434 9.14456
113 0.0232202 -0.00926392 9.15383
114 0.0235932 -0.00826804 9.16236
115 0 0.0239394 5.71594
116 0 0.0228788 5.63349
117 0 0.0218182 5.55462
118 0 0.0207576 5.4797
119 0 0.019697 5.40904
120 0 0.0186364 5.34262
121 0 0.0175758 5.28054
122 0 0.0165152 5.22305
123 0 0.0154545 5.16969
124 0 0.0143939 5.11814
125 0.0130022 0.0213528 7.89506
126 0.0120925 0.0218808 7.53316
127 0.0111615 0.0223701 7.22743
128 0.0102108 0.0228197 6.96251
129 0.00924195 0.023229 6.73312
130 0.00825674 0.0235972 6.53432
131 0.00725686 0.0239236 6.36277
132 0.00624414 0.0242077 6.21669
133 0.00522041 0.0244489 6.09436
134 0.00418748 0.0246468 5.99513
135 0.00314715 0.0248011 5.91799
136 0.00210124 0.0249115 5.86206
137 0.00105158 0.0249779 5.82524
138 0.0141562 0.0387967 9.14113
139 0.0135704 0.0396758 9.12685
140 0.0129299 0.0405164 9.11188
141 0.012237 0.0413152 9.09645
142 0.0114954 0.0420678 9.08085
143 0.0107078 0.0427719 9.06534
144 0.00987629 0.0434252 9.05013
145 0.00900535 0.0440243 9.03552
146 0.00809883 0.0445666 9.02175
147 0.0071591 0.0450507 9.00902
148 0.00619027 0.0454744 8.99752
149 0.00519743 0.0458355 8.98746
150 0.00418355 0.0461331 8.97896
151 0.00315208 0.0463659 8.97195
152 0.0021085 0.0465328 8.96678
153 0.00105689 0.0466331 8.96296
154 0.0144451 0.0216863 8.90919
155 0.0149428 0.0226181 9.05484
156 0.0153806 0.02358 9.11127
157 0.0157567 0.0245683 9.14273
158 0.0160692 0.0255776 9.16521
159 0.0163171 0.0266046 9.18103
160 0.0164996 0.0276462 9.19195
161 0.0166156 0.0286969 9.19913
162 0.0166648 0.0297521 9.20318
163 0.016647 0.030809 9.20454
164 0.0165622 0.0318631 9.20339
165 0.0164109 0.0329086 9.19991
166 0.0161936 0.0339427 9.19434
167 0.015911 0.0349616 9.18683
168 0.0155646 0.0359601 9.17756
169 0.0151557 0.0369341 9.16673
170 0 0.0455833 8.71527
171 0 0.0445 8.49108
172 0 0.0434167 8.27443
173 0 0.0423333 8.06709
174 0 0.04125 7.86914
175 0 0.0401667 7.68022
176 0 0.0390833 7.49998
177 0 0.038 7.32811
178 0 0.0369167 7.16429
179 0 0.0358333 7.0082
180 0 0.03475 6.85952
181 0 0.0336667 6.71793
182 0 0.0325833 6.58309
183 0 0.0315 6.45469
184 0 0.0304167 6.33239
185 0 0.0293333 6.21586
186 0 0.02825 6.10499
187 0 0.0271667 5.99977
188 0 0.0260833 5.89889
189 0.0136957 0.0174461 7.68756
190 0.00477822 0.00944404 5.20932
191 0.0131802 -0.00129589 6.41656
192 0.00357507 0.0110861 5.15139
193 0.0138054 0.01643 7.57367
194 0.00458351 -0.0235695 8.63447
195 0.00557988 -0.0233438 8.63727
196 0.00360319 -0.023769 8.63801
197 0.0066113 -0.0230924 8.64874
198 0.00253973 -0.023868 8.62427
199 0.00754982 -0.0228009 8.6551
200 0.00140828 -0.0239562 8.61935
201 0.0084809 -0.0224716 8.66278
202 0.00945907 -0.0220591 8.66731
203 0.010392 -0.0216419 8.67831
204 0.0113043 -0.0211881 8.69029
205 0.000950564 -0.0222704 8.18637
206 0.0121654 -0.0207 8.69926
207 0.000922157 -0.0212731 7.94809
208 0.0130657 -0.0201374 8.70936
209 0.000922157 -0.0202083 7.70514
210 0.0138993 -0.0195886 8.72436
211 0.000922157 -0.0191435 7.47327
212 0.0147164 -0.0189795 8.73552
213 0.000922157 -0.0180787 7.25254
214 0.0154967 -0.0183319 8.74417
215 0.000922157 -0.0170139 7.04288
216 0.0162964 -0.0176337 8.75863
217 0.000922157 -0.0159491 6.84417
218 0.0170141 -0.0169488 8.77176
219 0.000922157 -0.0148843 6.65632
220 0.0177132 -0.0162066 8.78211
221 0.000922157 -0.0138194 6.47919
222 0.0183797 -0.0154356 8.79225
223 0.000922157 -0.0127546 6.31267
224 0.0190584 -0.0146193 8.80961
225 0.000922157 -0.0116898 6.15665
226 0.0196415 -0.0138264 8.82084
227 0.000922157 -0.010625 6.01099
228 0.0201919 -0.0130081 8.8315
229 0.000922157 -0.00956019 5.87556
230 0.0207318 -0.012094 8.83785
231 0.000922157 -0.00849537 5.75022
232 0.021233 -0.0112028 8.84966
233 0.000922157 -0.00743056 5.63483
234 0.0216961 -0.0102945 8.86134
235 0.000922157 -0.00636574 5.52924
236 0.0220974 -0.00938869 8.8686
237 0.000922157 -0.00530093 5.43327
238 0.0224873 -0.00840106 8.8761
239 0.000922157 -0.00423611 5.34678
240 0.0228276 -0.007466 8.88674
241 0.000922157 -0.0031713 5.26957
242 0.0231222 -0.0064969 8.89333
243 0.000922157 -0.00210648 5.20146
244 0.0233615 -0.00549648 8.89399
245 0.000922157 -0.00104167 5.14226
246 0.0235876 -0.00445213 8.90026
247 0.000922157 2.31481e-05 5.09176
248 0.02376 -0.00347065 8.90618
249 0.000922157 0.00108796 5.04974
250 0.0238808 -0.002455 8.90741
251 0.000922157 0.00215278 5.01597
252 0.0239584 -0.00143647 8.90763
253 0.000922157 0.00321759 4.99022
254 0.0240172 -0.000376502 8.91361
255 0.000922157 0.00428241 4.97226
256 0.0240121 0.000607059 8.91302
257 0.000922157 0.00534722 4.96182
258 0.0239659 0.00159281 8.91133
259 0.000922157 0.00641204 4.95866
260 0.023855 0.00264861 8.90379
261 0.000922157 0.00747685 4.96251
262 0.0237266 0.00366256 8.90179
263 0.000922157 0.00854167 4.97313
264 0.0235571 0.00466728 8.8991
265 0.000922157 0.00960648 4.99025
266 0.02334 0.00563293 8.89202
267 0.00093062 0.0106701 5.01377
268 0.0230629 0.00665774 8.88322
269 0.000902492 0.0117203 5.04186
270 0.0227798 0.00761483 8.87934
271 0.000771889 0.0126205 5.06794
272 0.0224415 0.00856754 8.87096
273 0.0220408 0.00950819 8.85572
274 0.00180254 0.0124309 5.0924
275 0.0216049 0.0104761 8.84556
276 0.00294915 0.0126943 5.16136
277 0.0211579 0.011362 8.83444
278 0.00404418 0.0129423 5.25339
279 0.0206575 0.0122423 8.81937
280 0.00511063 0.013196 5.36918
281 0.0201061 0.0131078 8.79999
282 0.00619374 0.0135617 5.5189
283 0.019522 0.0139942 8.78655
284 0.00725808 0.0140131 5.70005
285 0.0189284 0.0147843 8.76591
286 0.00829339 0.0145217 5.91106
287 0.0183092 0.0155466 8.74277
288 0.00929193 0.0151016 6.15263
289 0.0175912 0.0163286 8.7057
290 0.0102578 0.0157297 6.42614
291 0.0168717 0.0170718 8.66525
292 0.0111425 0.0164096 6.72095
293 0.0161732 0.0178016 8.62539
294 0.0119538 0.017145 7.03954
295 0.0153097 0.0185269 8.51048
296 0.01273 0.0178974 7.39292
297 0.0142484 0.0194311 8.24904
298 0.000850535 -0.0231352 8.39937
299 0.0134816 0.0186747 7.7928
300 0.00485113 -0.0225458 8.39298
301 0.00391302 -0.0227565 8.39577
302 0.00582376 -0.0223041 8.39608
303 0.00302536 -0.023046 8.43139
304 0.00678583 -0.0220475 8.40657
305 0.00203435 -0.022846 8.34968
306 0.00770296 -0.0217442 8.41356
307 0.0086114 -0.0214151 8.42461
308 0.00954533 -0.021007 8.43144
309 0.0104365 -0.020581 8.44112
310 0.0112833 -0.0201279 8.45032
311 0.00185419 -0.0217867 8.08723
312 0.0121304 -0.0196215 8.45893
313 0.00178779 -0.0207074 7.83404
314 0.0129643 -0.0190892 8.47139
315 0.0018466 -0.0196759 7.60566
316 0.0137591 -0.0185339 8.48412
317 0.0018466 -0.0186111 7.37942
318 0.0145211 -0.0179406 8.49457
319 0.0018466 -0.0175463 7.16434
320 0.0152897 -0.0172876 8.50572
321 0.0018466 -0.0164815 6.96032
322 0.016008 -0.0166196 8.51621
323 0.0018466 -0.0154167 6.76721
324 0.0166942 -0.0159364 8.52863
325 0.0018466 -0.0143519 6.5849
326 0.017352 -0.0152122 8.53901
327 0.0018466 -0.013287 6.41328
328 0.0180095 -0.0144375 8.55221
329 0.0018466 -0.0122222 6.25221
330 0.0185848 -0.0136762 8.56089
331 0.0018466 -0.0111574 6.1016
332 0.0191383 -0.0128852 8.57063
333 0.0018466 -0.0100926 5.96129
334 0.0196673 -0.0120817 8.58338
335 0.0018466 -0.00902778 5.83117
336 0.0201748 -0.0111972 8.59144
337 0.0018466 -0.00796296 5.71109
338 0.0206371 -0.0103235 8.60112
339 0.0018466 -0.00689815 5.6009
340 0.0210484 -0.00945454 8.60934
341 0.0018466 -0.00583333 5.50046
342 0.0214279 -0.00854478 8.61584
343 0.0018466 -0.00476852 5.40958
344 0.0217806 -0.00762178 8.62499
345 0.0018466 -0.0037037 5.32812
346 0.0220792 -0.006712 8.63161
347 0.0018466 -0.00263889 5.25587
348 0.0223326 -0.00575523 8.63335
349 0.0018466 -0.00157407 5.19266
350 0.0225691 -0.00477832 8.64011
351 0.0018466 -0.000509259 5.13828
352 0.0227508 -0.00381061 8.64348
353 0.0018466 0.000555556 5.09251
354 0.0228998 -0.00284823 8.64863
355 0.0018466 0.00162037 5.05516
356 0.0229978 -0.00187087 8.64981
357 0.0018466 0.00268519 5.02596
358 0.0230665 -0.000855311 8.65296
359 0.0018466 0.00375 5.00469
360 0.0230735 9.76202e-05 8.65042
361 0.0018466 0.00481481 4.9911
362 0.0230467 0.00106294 8.6485
363 0.0018466 0.00587963 4.98492
364 0.0229927 0.00202436 8.64907
365 0.0018466 0.00694444 4.9859
366 0.0228734 0.00303665 8.64347
367 0.0018466 0.00800926 4.99378
368 0.0227242 0.00401311 8.63936
369 0.00187385 0.00906829 5.00933
370 0.0225365 0.00495493 8.63349
371 0.00186619 0.0101217 5.02974
372 0.0222978 0.00591251 8.62481
373 0.00184465 0.0112163 5.05657
374 0.0220305 0.00686495 8.61866
375 0.0217298 0.00778676 8.61158
376 0.021375 0.00869148 8.59875
377 0.0209815 0.00961321 8.58771
378 0.0205509 0.0104954 8.5732
379 0.00377438 0.011953 5.19417
380 0.0200964 0.0113503 8.55918
381 0.00485762 0.0121676 5.30059
382 0.0195868 0.0121913 8.53884
383 0.0059786 0.0124711 5.4413
384 0.0190435 0.0130432 8.52101
385 0.00709621 0.0128972 5.61733
386 0.0184709 0.013824 8.49396
387 0.0082003 0.0133996 5.82819
388 0.0178658 0.0145886 8.46319
389 0.0092695 0.0139692 6.07176
390 0.0172158 0.0153264 8.42158
391 0.010297 0.0146121 6.34893
392 0.0165214 0.0160676 8.36985
393 0.0113074 0.0152847 6.66537
394 0.0158293 0.0167652 8.30436
395 0.01217 0.016016 6.98803
396 0.0153029 0.01753 8.28853
397 0.0129209 0.0167645 7.31735
398 0.0144458 0.0179922 8.06067
399 0.00509637 -0.0214934 8.15491
400 0.00412542 -0.0217281 8.15634
401 0.00297928 -0.0219926 8.16987
402 0.00604504 -0.0212614 8.1643
403 0.00694003 -0.0209993 8.17352
404 0.00783644 -0.0206959 8.18379
405 0.00873462 -0.0203527 8.196
406 0.00959158 -0.0199491 8.20111
407 0.0104172 -0.0195236 8.20825
408 0.0112352 -0.0190748 8.21962
409 0.0120493 -0.0185722 8.22973
410 0.00270658 -0.0202138 7.74894
411 0.0128198 -0.0180399 8.23785
412 0.00276296 -0.0191714 7.52388
413 0.0135567 -0.0174971 8.24871
414 0.00277685 -0.0180959 7.3015
415 0.0142998 -0.016903 8.26078
416 0.00277104 -0.0170139 7.08853
417 0.0150123 -0.016277 8.2721
418 0.00277104 -0.0159491 6.89024
419 0.0156913 -0.0156123 8.28085
420 0.00277104 -0.0148843 6.7028
421 0.0163263 -0.0149492 8.2916
422 0.00277104 -0.0138194 6.52612
423 0.0169592 -0.0142524 8.3062
424 0.00277104 -0.0127546 6.36009
425 0.0175479 -0.0134936 8.31249
426 0.00277104 -0.0116898 6.20459
427 0.0180938 -0.0127347 8.31987
428 0.00277104 -0.010625 6.05949
429 0.01862 -0.0119629 8.33099
430 0.00277104 -0.00956019 5.92468
431 0.0191343 -0.0111547 8.34467
432 0.00277104 -0.00849537 5.8
433 0.019582 -0.0103198 8.35006
434 0.00277104 -0.00743056 5.68534
435 0.0199922 -0.0094852 8.3565
436 0.00277104 -0.00636574 5.58053
437 0.0203841 -0.00863717 8.36674
438 0.00277104 -0.00530093 5.48541
439 0.0207362 -0.00775419 8.37378
440 0.00277104 -0.00423611 5.39983
441 0.021037 -0.00686799 8.37767
442 0.00277104 -0.0031713 5.32361
443 0.0213003 -0.0059898 8.38213
444 0.00277104 -0.00210648 5.25655
445 0.0215394 -0.00506866 8.38716
446 0.00277104 -0.00104167 5.19849
447 0.021742 -0.0041281 8.39171
448 0.00277104 2.31481e-05 5.14919
449 0.0218954 -0.0031988 8.39389
450 0.00277104 0.00108796 5.10846
451 0.0220175 -0.0022738 8.39757
452 0.00277104 0.00215278 5.07606
453 0.0221083 -0.00133026 8.40212
454 0.00277104 0.00321759 5.05175
455 0.02213 -0.000373542 8.39805
456 0.00277104 0.00428241 5.03528
457 0.0221177 0.000560625 8.39468
458 0.00277104 0.00534722 5.0264
459 0.0220807 0.00149444 8.3942
460 0.00277104 0.00641204 5.0248
461 0.0220122 0.002451 8.39531
462 0.00277104 0.00747685 5.03026
463 0.0218745 0.003388 8.38742
464 0.00282102 0.00853517 5.04523
465 0.0217066 0.00430183 8.3801
466 0.00285022 0.00959033 5.06546
467 0.0215146 0.00521475 8.37564
468 0.00279413 0.0105859 5.08558
469 0.0212702 0.00613955 8.36766
470 0.0209844 0.00703132 8.3562
471 0.0206789 0.00789406 8.34643
472 0.0203243 0.00877836 8.33493
473 0.0199346 0.00964229 8.32179
474 0.0194946 0.0104879 8.30282
475 0.00452679 0.0111507 5.23278
476 0.0190453 0.0112846 8.28421
477 0.00569286 0.0113561 5.36243
478 0.0185614 0.0120921 8.26595
479 0.00687416 0.0117086 5.53018
480 0.0180035 0.0128791 8.23349
481 0.00804799 0.0122511 5.74011
482 0.0174282 0.01363 8.19704
483 0.00921473 0.0127928 5.9868
484 0.0168227 0.0143554 8.15225
485 0.0103224 0.013458 6.26905
486 0.0161358 0.0150865 8.08571
487 0.0114311 0.0141412 6.59674
488 0.0154203 0.0158496 8.00795
489 0.0124622 0.0148686 6.9532
490 0.0146977 0.0167752 7.93719
491 0.0132338 0.0156721 7.28223
492 0.00257852 -0.0211129 7.94942
493 0.00531023 -0.0204215 7.92252
494 0.00439946 -0.0206245 7.91453
495 0.00622916 -0.0202352 7.94509
496 0.00708331 -0.0199447 7.94958
497 0.00793438 -0.0196661 7.9661
498 0.00878392 -0.0193055 7.97442
499 0.00957107 -0.0188896 7.97406
500 0.0103597 -0.0184598 7.98061
501 0.0111503 -0.0180384 7.99857
502 0.0119047 -0.0175328 8.00451
503 0.00364554 -0.0198266 7.70007
504 0.0126216 -0.0170036 8.00986
505 0.00370525 -0.0186975 7.46205
506 0.0133387 -0.0164759 8.02485
507 0.00369767 -0.0175759 7.23516
508 0.0140581 -0.0159122 8.04296
509 0.00369549 -0.0164815 7.02582
510 0.0146894 -0.0152676 8.04157
511 0.00369549 -0.0154167 6.83329
512 0.015316 -0.0146274 8.04946
513 0.00369549 -0.0143519 6.65159
514 0.0159396 -0.0139924 8.06674
515 0.00369549 -0.013287 6.48065
516 0.0165405 -0.0132925 8.07902
517 0.00369549 -0.0122222 6.32032
518 0.0170565 -0.0125532 8.07808
519 0.00369549 -0.0111574 6.1705
520 0.0175649 -0.0118095 8.08416
521 0.00369549 -0.0100926 6.03106
522 0.0180855 -0.0110817 8.10396
523 0.00369549 -0.00902778 5.90188
524 0.0185494 -0.0102843 8.11221
525 0.00369549 -0.00796296 5.78282
526 0.0189353 -0.00948101 8.11155
527 0.00369549 -0.00689815 5.67374
528 0.0193114 -0.0086645 8.11625
529 0.00369549 -0.00583333 5.57449
530 0.0196892 -0.00785966 8.13133
531 0.00369549 -0.00476852 5.48491
532 0.0200006 -0.00700393 8.13524
533 0.00369549 -0.0037037 5.40485
534 0.0202593 -0.00615391 8.13579
535 0.00369549 -0.00263889 5.3341
536 0.020509 -0.00529393 8.14216
537 0.00369549 -0.00157407 5.27251
538 0.0207287 -0.00440015 8.1482
539 0.00369549 -0.000509259 5.21987
540 0.0208816 -0.00350421 8.14668
541 0.00369549 0.000555556 5.17596
542 0.0210171 -0.00261238 8.14987
543 0.00369549 0.00162037 5.14057
544 0.0211382 -0.00172779 8.1584
545 0.00369549 0.00268519 5.11348
546 0.0211951 -0.00081154 8.15884
547 0.00369549 0.00375 5.09442
548 0.0211727 8.79986e-05 8.14798
549 0.00369549 0.00481481 5.08313
550 0.0211418 0.000988293 8.14368
551 0.00369549 0.00587963 5.07934
552 0.0211259 0.00188222 8.15192
553 0.0037262 0.00694733 5.0849
554 0.021024 0.00280183 8.14748
555 0.00377542 0.00800885 5.0988
556 0.0208553 0.00367628 8.13324
557 0.00382558 0.00904114 5.11926
558 0.0206709 0.00455696 8.12372
559 0.0039437 0.0101622 5.1525
560 0.0204983 0.0054341 8.12564
561 0.0202335 0.00630281 8.11221
562 0.0199352 0.00714246 8.09647
563 0.0196384 0.00798186 8.0892
564 0.0193077 0.00883389 8.08287
565 0.0188787 0.00962699 8.05389
566 0.0184467 0.0104124 8.03049
567 0.00526544 0.0103029 5.27957
568 0.0180167 0.0111916 8.01355
569 0.00663914 0.0104192 5.44731
570 0.0175214 0.0119698 7.9864
571 0.0078812 0.0110568 5.65619
572 0.0169614 0.0126829 7.9385
573 0.00911206 0.0115931 5.8989
574 0.0163971 0.0134011 7.89217
575 0.0102779 0.0122166 6.17363
576 0.0157539 0.0141115 7.82257
577 0.0114081 0.0129372 6.48905
578 0.0149935 0.0147975 7.70795
579 0.0126306 0.0135777 6.86578
580 0.0143646 0.0155919 7.63413
581 0.0137148 0.0145261 7.28516
582 0.00352476 -0.0209318 7.94276
583 0.00466492 -0.0194207 7.66345
584 0.00557966 -0.0195239 7.74379
585 0.00635692 -0.0191951 7.72947
586 0.00721168 -0.0188592 7.72933
587 0.00804665 -0.0187515 7.78457
588 0.00874199 -0.0182522 7.75282
589 0.00950607 -0.0178272 7.75252
590 0.0102831 -0.0173715 7.75722
591 0.0111096 -0.0171294 7.81843
592 0.0116964 -0.0164994 7.78213
593 0.0124079 -0.0159713 7.79126
594 0.00461007 -0.0181494 7.39629
595 0.013179 -0.0155996 7.84602
596 0.00461993 -0.0170139 7.17402
597 0.0137004 -0.0149211 7.81604
598 0.00461993 -0.0159491 6.9764
599 0.0143153 -0.0142693 7.81502
600 0.00461993 -0.0148843 6.78971
601 0.0149464 -0.013641 7.82976
602 0.00461993 -0.0138194 6.61389
603 0.0156438 -0.0131417 7.88499
604 0.00461993 -0.0127546 6.44878
605 0.0160196 -0.0123747 7.8484
606 0.00461993 -0.0116898 6.29428
607 0.0165191 -0.0116334 7.84806
608 0.00461993 -0.010625 6.15027
609 0.0170261 -0.0108621 7.85482
610 0.00461993 -0.00956019 6.01664
611 0.0176427 -0.0102814 7.91614
612 0.00461993 -0.00849537 5.89325
613 0.0178892 -0.00946243 7.87907
614 0.00461993 -0.00743056 5.77997
615 0.0182536 -0.00866684 7.87845
616 0.00461993 -0.00636574 5.67667
617 0.0186038 -0.00783697 7.88035
618 0.00461993 -0.00530093 5.58319
619 0.0191206 -0.00715392 7.94139
620 0.00461993 -0.00423611 5.49939
621 0.0192156 -0.00630059 7.89898
622 0.00461993 -0.0031713 5.42508
623 0.0194736 -0.00547869 7.90495
624 0.00461993 -0.00210648 5.36009
625 0.0197122 -0.00463545 7.91336
626 0.00461993 -0.00104167 5.30425
627 0.0198672 -0.00377948 7.90944
628 0.00461993 2.31481e-05 5.25733
629 0.0200087 -0.00291101 7.91007
630 0.00461993 0.00108796 5.21915
631 0.0201327 -0.00204475 7.91506
632 0.00461993 0.00215278 5.18946
633 0.0203803 -0.00122261 7.95993
634 0.00461993 0.00321759 5.16804
635 0.0202339 -0.000376576 7.91386
636 0.00461993 0.00428241 5.15463
637 0.0201948 0.000508382 7.90246
638 0.00461993 0.00534722 5.14898
639 0.0201446 0.00142832 7.89726
640 0.00463453 0.00641132 5.152
641 0.0202954 0.0022617 7.94974
642 0.00471005 0.00747461 5.16757
643 0.0200039 0.00306742 7.89774
644 0.00485819 0.00853039 5.19709
645 0.019823 0.00392301 7.88272
646 0.0196084 0.00479786 7.86842
647 0.0196167 0.00565899 7.91731
648 0.0191842 0.00640341 7.85631
649 0.0188853 0.00723756 7.84177
650 0.0187535 0.00808341 7.87738
651 0.0182555 0.00877932 7.81579
652 0.0178267 0.00956163 7.78528
653 0.0173922 0.0103432 7.75944
654 0.00596169 0.0092313 5.32811
655 0.0171183 0.0111564 7.78306
656 0.00784533 0.00991071 5.60503
657 0.016492 0.0117378 7.69409
658 0.00897152 0.010412 5.81445
659 0.0159373 0.0124444 7.63925
660 0.0102474 0.0108702 6.08433
661 0.0154299 0.0131774 7.60014
662 0.0113393 0.0116809 6.37718
663 0.0147061 0.0138591 7.49039
664 0.0123769 0.012334 6.6835
665 0.0138057 0.0133852 7.17419
666 0.0070071 0.00934968 5.46448
667 0.0132672 0.0126926 6.95049
668 0.00550058 -0.0185648 7.53615
669 0.00648657 -0.0181483 7.5235
670 0.00760755 -0.0177547 7.54104
671 0.00860396 -0.0172173 7.53569
672 0.0094905 -0.0167646 7.54784
673 0.0105546 -0.0162513 7.58315
674 0.0114793 -0.0154615 7.56856
675 0.0125092 -0.0147763 7.60334
676 0.00554437 -0.0175463 7.33474
677 0.00558309 -0.0165015 7.13847
678 0.0132734 -0.0139635 7.59395
679 0.00557894 -0.0154369 6.9464
680 0.0140015 -0.0132297 7.60368
681 0.00554437 -0.0143519 6.75975
682 0.0148357 -0.0124594 7.63923
683 0.00554437 -0.013287 6.58987
684 0.00554437 -0.0122222 6.43072
685 0.015438 -0.0115194 7.62514
686 0.00554437 -0.0111574 6.28217
687 0.0160197 -0.0106907 7.6337
688 0.00554437 -0.0100926 6.14412
689 0.0167313 -0.0097506 7.6675
690 0.00554437 -0.00902778 6.01644
691 0.00554437 -0.00796296 5.89901
692 0.0171763 -0.00872734 7.65398
693 0.00554437 -0.00689815 5.79171
694 0.0176124 -0.00781615 7.66158
695 0.00554437 -0.00583333 5.6944
696 0.0181584 -0.00677325 7.69412
697 0.00554437 -0.00476852 5.60692
698 0.00554437 -0.0037037 5.52913
699 0.0183889 -0.00565801 7.66743
700 0.00554437 -0.00263889 5.46086
701 0.018812 -0.00488536 7.71738
702 0.00554437 -0.00157407 5.40191
703 0.0188314 -0.00404082 7.67789
704 0.00554437 -0.000509259 5.35213
705 0.018994 -0.00318096 7.67903
706 0.00554437 0.000555556 5.31129
707 0.019148 -0.00223749 7.68417
708 0.00554437 0.00162037 5.27919
709 0.0193006 -0.00115791 7.69606
710 0.00554437 0.00268519 5.25559
711 0.00554437 0.00375 5.24027
712 0.0192542 -5.00995e-05 7.67421
713 0.00554437 0.00481481 5.23297
714 0.019234 0.000964241 7.67063
715 0.00554437 0.00587963 5.23345
716 0.0192503 0.00214095 7.68947
717 0.00559084 0.00692811 5.24588
718 0.00573203 0.0080058 5.27616
719 0.0189937 0.00323456 7.65549
720 0.018803 0.00422148 7.64533
721 0.0186179 0.00538805 7.65598
722 0.018128 0.00649696 7.60419
723 0.0177712 0.00768145 7.60288
724 0.0172035 0.00871127 7.5511
725 0.0167243 0.00957301 7.51397
726 0.0162347 0.010583 7.49567
727 0.00881238 0.00921207 5.73711
728 0.0155053 0.0114459 7.40581
729 0.00983658 0.00966506 5.94167
730 0.0149795 0.0122616 7.36282
731 0.0114833 0.010559 6.33329
732 0.0145958 0.0130164 7.35077
733 0.0123882 0.0111603 6.58809
734 0.00674741 0.0083701 5.40357
735 0.00780835 0.00875615 5.56091
736 0.0107855 0.00987093 6.14145
737 0.0132918 0.0117306 6.86284
738 0.0140473 0.012373 7.12613
739 0.00656731 -0.0170891 7.32253
740 0.00758426 -0.0166133 7.32128
741 0.0085424 -0.0161206 7.32608
742 0.00947513 -0.015646 7.34472
743 0.0104171 -0.0150082 7.35024
744 0.0113385 -0.0143245 7.36091
745 0.0122174 -0.0136254 7.37838
746 0.0065559 -0.0160039 7.12062
747 0.0129582 -0.0129092 7.38621
748 0.00652879 -0.0149271 6.93028
749 0.0136777 -0.0121534 7.3972
750 0.00649997 -0.0138418 6.74961
751 0.0143509 -0.0113571 7.40752
752 0.00646882 -0.0127546 6.57969
753 0.00646882 -0.0116898 6.42661
754 0.0149418 -0.0105265 7.41133
755 0.00646882 -0.010625 6.28414
756 0.0155356 -0.00967597 7.42524
757 0.00646882 -0.00956019 6.15218
758 0.0160696 -0.00877711 7.43486
759 0.00646882 -0.00849537 6.03062
760 0.00646882 -0.00743056 5.91935
761 0.0165302 -0.00783904 7.43854
762 0.00646882 -0.00636574 5.81823
763 0.0169682 -0.00686941 7.44705
764 0.00646882 -0.00530093 5.72713
765 0.0173229 -0.0058132 7.44458
766 0.00646882 -0.00423611 5.64589
767 0.00646882 -0.0031713 5.57439
768 0.017766 -0.00462072 7.46736
769 0.00646882 -0.00210648 5.51243
770 0.00646882 -0.00104167 5.45986
771 0.0178883 -0.0034642 7.43912
772 0.00646882 2.31481e-05 5.41647
773 0.018261 -0.0026045 7.49113
774 0.00646882 0.00108796 5.38208
775 0.0181839 -0.00166875 7.44697
776 0.00646882 0.00215278 5.35646
777 0.0182557 -0.00063112 7.44531
778 0.00646882 0.00321759 5.33937
779 0.00646882 0.00428241 5.33058
780 0.0182612 0.000427084 7.44012
781 0.00648128 0.00534847 5.3313
782 0.0182448 0.00148566 7.44164
783 0.0064641 0.00637195 5.33607
784 0.0181416 0.00253341 7.43474
785 0.00655847 0.00739342 5.36047
786 0.0179564 0.00354759 7.41903
787 0.017735 0.00456038 7.40531
788 0.0173863 0.00563048 7.37537
789 0.0169944 0.00671349 7.34729
790 0.0165694 0.00776092 7.3201
791 0.0161022 0.00866383 7.28002
792 0.0156323 0.00957538 7.246
793 0.0150904 0.0104565 7.19595
794 0.00969121 0.00847412 5.86374
795 0.0125145 0.0099922 6.52991
796 0.00867417 0.00800526 5.67375
797 0.01433 0.0113 7.08725
798 0.0106886 0.00889528 6.07115
799 0.0116611 0.00938853 6.2994
800 0.0133512 0.0106782 6.78303
801 0.00763069 0.00768845 5.50728
802 0.00754169 -0.0155115 7.1192
803 0.00848742 -0.0150151 7.12753
804 0.00937704 -0.0144781 7.13639
805 0.0102846 -0.0138569 7.14729
806 0.0111432 -0.0131929 7.1595
807 0.0119248 -0.0125837 7.18214
808 0.012632 -0.0118868 7.19275
809 0.00747393 -0.0144148 6.92734
810 0.0132494 -0.0111277 7.19213
811 0.00742223 -0.0133213 6.74902
812 0.0138636 -0.0103639 7.20159
813 0.00739326 -0.0122222 6.58342
814 0.00739326 -0.0111574 6.43653
815 0.0144297 -0.00955785 7.20894
816 0.00739326 -0.0100926 6.30026
817 0.0149529 -0.00872054 7.21641
818 0.00739326 -0.00902778 6.17456
819 0.0154605 -0.0078791 7.23169
820 0.00739326 -0.00796296 6.0593
821 0.00739326 -0.00689815 5.95436
822 0.0158732 -0.00696563 7.23329
823 0.00739326 -0.00583333 5.85964
824 0.0161914 -0.00598679 7.22225
825 0.00739326 -0.00476852 5.775
826 0.0165384 -0.00489899 7.22244
827 0.00739326 -0.0037037 5.70027
828 0.00739326 -0.00263889 5.63534
829 0.0168476 -0.00372274 7.2251
830 0.00739326 -0.00157407 5.58003
831 0.00739326 -0.000509259 5.53416
832 0.0171935 -0.00246031 7.24873
833 0.00739326 0.000555556 5.49756
834 0.00739326 0.00162037 5.47001
835 0.0172206 -0.00120752 7.22235
836 0.00739326 0.00268519 5.4513
837 0.0172904 -0.000119843 7.22284
838 0.00739326 0.00375 5.44117
839 0.00741808 0.00484483 5.44268
840 0.0172833 0.000913083 7.21861
841 0.00742999 0.00591679 5.4511
842 0.0172196 0.00191457 7.21236
843 0.00729694 0.00682589 5.44587
844 0.0171236 0.00288308 7.2085
845 0.0169236 0.00385019 7.19059
846 0.0166123 0.00480257 7.15566
847 0.0162302 0.00581357 7.11626
848 0.0158471 0.00685146 7.08752
849 0.0154426 0.00777668 7.05482
850 0.0150209 0.00864345 7.01969
851 0.0145716 0.00948994 6.98062
852 0.0141609 0.0102893 6.94962
853 0.00952783 0.00728517 5.79459
854 0.0106007 0.00778159 6.00565
855 0.0134963 0.00959262 6.73113
856 0.0127123 0.00877185 6.49334
857 0.0083488 0.00674767 5.59167
858 0.011631 0.00825346 6.23135
859 0.00839546 -0.0139031 6.93602
860 0.00928724 -0.0133487 6.94813
861 0.0101513 -0.0127334 6.96117
862 0.0109391 -0.0120707 6.97072
863 0.0117096 -0.0116558 7.02359
864 0.0121742 -0.0109082 6.99537
865 0.0127751 -0.0101887 7.00138
866 0.00832645 -0.0127937 6.75918
867 0.0133665 -0.00942637 7.01142
868 0.0083177 -0.0116898 6.60115
869 0.0083177 -0.010625 6.46052
870 0.0138918 -0.00861172 7.0154
871 0.00833431 -0.00956314 6.33274
872 0.0143854 -0.00779378 7.02424
873 0.00834746 -0.00850489 6.21558
874 0.0149401 -0.00708373 7.06447
875 0.0083177 -0.00743056 6.10252
876 0.0083177 -0.00636574 6.00416
877 0.0150754 -0.00618047 7.01813
878 0.0083177 -0.00530093 5.91607
879 0.0153841 -0.00511107 7.00403
880 0.0083177 -0.00423611 5.83811
881 0.0157343 -0.0040381 7.01176
882 0.0083177 -0.0031713 5.7702
883 0.0083177 -0.00210648 5.71214
884 0.0159868 -0.00286414 7.00969
885 0.0083177 -0.00104167 5.6638
886 0.0083177 2.31481e-05 5.62502
887 0.0161354 -0.00172021 7.00246
888 0.0083177 0.00108796 5.59561
889 0.0083177 0.00215278 5.57537
890 0.0162946 -0.000619325 7.0129
891 0.0083177 0.00321759 5.56405
892 0.0163708 0.000404388 7.01916
893 0.00835345 0.00432886 5.56649
894 0.00838411 0.00547252 5.57806
895 0.0162821 0.00136478 7.00025
896 0.0162076 0.0023217 6.99381
897 0.0162484 0.00319381 7.02032
898 0.0158569 0.003979 6.95535
899 0.0154936 0.00496768 6.91051
900 0.0150955 0.00596437 6.86678
901 0.0147147 0.00693103 6.833
902 0.0143503 0.00782994 6.80515
903 0.0139084 0.00870885 6.76298
904 0.00939718 0.00609382 5.74382
905 0.010491 0.00665233 5.9465
906 0.0115614 0.00710118 6.16615
907 0.0133798 0.00795871 6.59394
908 0.00922292 -0.012261 6.78102
909 0.0100748 -0.0116413 6.79864
910 0.010928 -0.0108908 6.81255
911 0.0116462 -0.0100139 6.80822
912 0.0123129 -0.00929963 6.82826
913 0.0128741 -0.00851635 6.83514
914 0.00917544 -0.0111702 6.6268
915 0.00925084 -0.0100975 6.50018
916 0.013353 -0.00765113 6.83099
917 0.0093227 -0.00906615 6.38904
918 0.0139605 -0.00663154 6.84777
919 0.00929615 -0.00797766 6.27048
920 0.00927167 -0.00690142 6.16431
921 0.00924215 -0.00583333 6.06875
922 0.00924215 -0.00476852 5.98753
923 0.0145576 -0.00422892 6.79386
924 0.00926251 -0.00370505 5.9193
925 0.0150527 -0.0032794 6.84132
926 0.00924215 -0.00263889 5.85572
927 0.00924215 -0.00157407 5.80483
928 0.0149068 -0.00215283 6.76726
929 0.00924215 -0.000509259 5.76383
930 0.00924215 0.000555556 5.73257
931 0.0152137 -0.000918783 6.79486
932 0.00924215 0.00162037 5.71082
933 0.00924215 0.00268519 5.69838
934 0.015522 -5.24687e-05 6.84434
935 0.00928352 0.00377018 5.70125
936 0.0153441 0.000815169 6.80094
937 0.0093497 0.00491208 5.71828
938 0.0152764 0.00181823 6.78887
939 0.0151999 0.00298904 6.78756
940 0.0147872 0.0040977 6.72649
941 0.0143784 0.00512766 6.67329
942 0.0139112 0.00613833 6.61455
943 0.014223 -0.00535704 6.8011
944 0.0103903 0.00545833 5.89922
945 0.0114307 0.00602049 6.1028
946 0.0099775 -0.0106846 6.66225
947 0.0104224 -0.00972272 6.60247
948 0.0112719 -0.00902166 6.64234
949 0.0119649 -0.00848191 6.68901
950 0.0122414 -0.00765521 6.65052
951 0.0126721 -0.00669064 6.63382
952 0.0102724 -0.00853701 6.45224
953 0.0102591 -0.00742493 6.33981
954 0.0102274 -0.00638228 6.24257
955 0.0102175 -0.00529217 6.15453
956 0.0102414 -0.00423841 6.08464
957 0.0140718 -0.00313814 6.64802
958 0.010193 -0.00316253 6.01362
959 0.0101666 -0.00210648 5.95684
960 0.0101886 -0.00102686 5.91617
961 0.0141424 -0.00107923 6.58863
962 0.0102111 3.22603e-05 5.88663
963 0.0102031 0.00108255 5.86253
964 0.0144162 6.34918e-05 6.61908
965 0.010193 0.00213274 5.84753
966 0.0102062 0.00318977 5.84542
967 0.0102839 0.00430744 5.86379
968 0.0143089 0.00119315 6.58962
969 0.0142397 0.00223609 6.57878
970 0.0140281 0.00328854 6.54951
971 0.0136767 0.00431805 6.50039
972 0.0132478 0.00534419 6.44316
973 0.0126358 0.00638636 6.35519
974 0.0131404 -0.00562603 6.62929
975 0.0133996 -0.00432576 6.58853
976 0.0114267 0.00477292 6.07151
977 0.0111631 -0.00796034 6.51732
978 0.0113686 -0.00685997 6.44494
979 0.0110248 -0.00583746 6.31111
980 0.0113252 -0.00481182 6.28015
981 0.0111839 -0.00365004 6.18667
982 0.0110882 -0.00259787 6.11717
983 0.0111052 -0.00153164 6.074
984 0.0111872 -0.000485407 6.05251
985 0.0131919 -0.000377935 6.39464
986 0.0111839 0.000583353 6.02733
987 0.0111784 0.00158559 6.01259
988 0.013314 0.000621909 6.40136
989 0.0111413 0.00259776 6.0013
990 0.0111518 0.0036386 6.00719
991 0.0132475 0.00161508 6.38255
992 0.0131218 0.00258818 6.36136
993 0.0129405 0.00355969 6.33757
994 0.0125808 0.00456167 6.28707
995 0.0122543 0.00542297 6.24596
996 0.0119888 -0.00582133 6.45554
997 0.0121169 -0.00296581 6.29861
998 0.0127273 -0.00205758 6.36216
999 0.0120106 0.00389345 6.16587
1000 0.0122464 -0.00396393 6.37269
1001 0.0118559 -0.00204626 6.21532
1002 0.0121907 -0.0010573 6.23504
1003 0.0122088 0.000146371 6.20859
1004 0.0121576 0.00205567 6.18016
1005 0.0120347 0.003009 6.16054
1006 0.0124011 -0.00493182 6.45857
1007 0.0122213 0.00110041 6.19699
1008 0.0135582 0.00704912 6.58218
1009 0.0130539 -0.00311647 6.46433
1010 0.013719 -0.00213604 6.54207
1011 0.0125224 0.00757172 6.38542
1012 0.00276463 0.0116737 5.11532
1013 0.00543447 0.0195617 5.76315
1014 0.00465318 0.0199836 5.69757
1015 0.00454467 0.0190738 5.6254
1016 0.00347891 0.0210341 5.65542
1017 0.00913221 0.0172927 6.27196
1018 0.0082737 0.0167331 6.04862
1019 0.00739084 0.0162125 5.84979
1020 0.00997339 0.0179293 6.52625
1021 0.00649419 0.015742 5.67671
1022 0.0107714 0.0186772 6.81087
1023 0.00551952 0.0153384 5.52062
1024 0.0115248 0.0192993 7.1097
1025 0.00452827 0.0150177 5.39209
1026 0.0120591 0.0204363 7.40251
1027 0.0035262 0.0147833 5.29061
1028 0.00250053 0.0145591 5.21106
1029 0.00136391 0.0143747 5.15214
1030 0.0111185 0.0211548 7.12516
1031 0.0102467 0.0217586 6.89745
1032 0.00936172 0.0221781 6.68733
1033 0.000909891 0.0160401 5.21705
1034 0.0084318 0.0225469 6.4947
1035 0.00095254 0.0170367 5.27021
1036 0.00745667 0.0228919 6.32176
1037 0.000918512 0.0181061 5.3294
1038 0.00651526 0.0231774 6.17944
1039 0.000918512 0.0191667 5.39382
1040 0.0055128 0.0234321 6.05186
1041 0.000918512 0.0202273 5.46251
1042 0.00453453 0.023642 5.95023
1043 0.000911484 0.0213468 5.53945
1044 0.00350199 0.0237377 5.85929
1045 0.000905325 0.0224495 5.61987
1046 0.00255377 0.0239065 5.80469
1047 0.000897349 0.023604 5.70887
1048 0.000803276 0.0151779 5.17258
1049 0.00173404 0.024121 5.77983
1050 0.00818978 0.0178442 6.10683
1051 0.00901582 0.0183952 6.32502
1052 0.00734524 0.0173368 5.91265
1053 0.0065015 0.016834 5.742
1054 0.00984123 0.019055 6.57879
1055 0.00562002 0.0163851 5.59104
1056 0.0107468 0.0199383 6.90473
1057 0.00471625 0.0160553 5.46559
1058 0.00374192 0.0158367 5.36044
1059 0.00277642 0.0156522 5.27949
1060 0.00180412 0.0154196 5.21701
1061 0.010198 0.0208196 6.81385
1062 0.00941622 0.0211464 6.6257
1063 0.00855288 0.0214871 6.4442
1064 0.00191238 0.0164312 5.272
1065 0.0076335 0.0217889 6.27436
1066 0.00192501 0.0175116 5.33116
1067 0.00671574 0.0220886 6.13091
1068 0.00184076 0.0186364 5.3933
1069 0.00578154 0.0223785 6.0089
1070 0.00184076 0.019697 5.46009
1071 0.00482946 0.022632 5.90568
1072 0.00181276 0.0208418 5.53565
1073 0.00388288 0.0228026 5.81988
1074 0.00181694 0.0219785 5.61684
1075 0.00277824 0.022723 5.7255
1076 0.00179284 0.0230955 5.70024
1077 0.00724249 0.0184773 5.96911
1078 0.0080442 0.0189201 6.15166
1079 0.00889232 0.0194351 6.37214
1080 0.00644895 0.017938 5.80235
1081 0.00566233 0.0174509 5.65921
1082 0.00960049 0.0200901 6.5938
1083 0.00482736 0.0171011 5.53638
1084 0.00402473 0.0167358 5.43415
1085 0.00300253 0.0168103 5.35429
1086 0.00872831 0.0204652 6.40932
1087 0.00778541 0.0207338 6.22795
1088 0.00688226 0.0209681 6.07806
1089 0.00284105 0.0180611 5.41472
1090 0.00599847 0.0213132 5.96235
1091 0.00276301 0.0191667 5.47714
1092 0.00510036 0.0216106 5.86289
1093 0.00270891 0.0203482 5.55092
1094 0.0041977 0.0218203 5.77746
1095 0.0026445 0.0215141 5.62816
1096 0.00342197 0.022041 5.72383
1097 0.00633188 0.0190642 5.85737
1098 0.00714827 0.0197265 6.03687
1099 0.00552291 0.018525 5.70727
1100 0.00468851 0.0180715 5.57842
1101 0.0038361 0.017684 5.47033
1102 0.00618468 0.020197 5.91148
1103 0.00370076 0.0186561 5.51673
1104 0.00529878 0.0205905 5.81541
1105 0.00370136 0.0198669 5.59408
1106 0.00434504 0.0208282 5.72172
1107 0.00809717 0.0198486 6.22844
1108 0.0046899 0.0298317 6.52218
1109 0.00552442 0.030479 6.68206
1110 0.00631922 0.0309733 6.83561
1111 0.00998743 0.0291303 7.33837
1112 0.0124564 0.0395206 8.88286
1113 0.0118307 0.0402881 8.87005
1114 0.0130412 0.0387048 8.89556
1115 0.0111578 0.0410165 8.8572
1116 0.0135819 0.0378489 8.9089
1117 0.010436 0.0417025 8.8438
1118 0.0140547 0.0369763 8.9201
1119 0.00967055 0.0423275 8.82789
1120 0.0144645 0.0360703 8.92788
1121 0.00886448 0.0429099 8.81322
1122 0.0148195 0.0351445 8.93512
1123 0.00802773 0.0434435 8.80044
1124 0.015111 0.0342016 8.93959
1125 0.00715374 0.0439196 8.78721
1126 0.015343 0.0332364 8.94165
1127 0.00625434 0.0443527 8.77795
1128 0.0155178 0.0322509 8.94195
1129 0.00534177 0.0447299 8.77132
1130 0.0156171 0.0312673 8.9362
1131 0.00440808 0.045046 8.76543
1132 0.0156627 0.0302731 8.92915
1133 0.00340001 0.0452396 8.74439
1134 0.015664 0.0292852 8.92321
1135 0.00240849 0.0454062 8.73423
1136 0.0155826 0.028291 8.90659
1137 0.00132352 0.045624 8.74799
1138 0.0154359 0.0272999 8.8827
1139 0.0152293 0.0263264 8.84935
1140 0.0149731 0.025368 8.80587
1141 0.0146793 0.0244119 8.74978
1142 0.000871314 0.0439279 8.3887
1143 0.0142315 0.0234655 8.6148
1144 0.000921307 0.0428827 8.18558
1145 0.0137202 0.0225013 8.38973
1146 0.000938194 0.0417917 7.98228
1147 0.000938194 0.0407083 7.78921
1148 0.000938194 0.039625 7.60496
1149 0.000938194 0.0385417 7.42922
1150 0.0120099 0.0229668 7.57097
1151 0.000938194 0.0374583 7.2617
1152 0.0110677 0.0234368 7.26606
1153 0.000938194 0.036375 7.10206
1154 0.0100791 0.0238517 6.99611
1155 0.000938194 0.0352917 6.95
1156 0.00905535 0.0242571 6.76194
1157 0.000938194 0.0342083 6.80519
1158 0.00803557 0.0246198 6.5653
1159 0.000938194 0.033125 6.66731
1160 0.00699764 0.0249346 6.39594
1161 0.000938194 0.0320417 6.53602
1162 0.00594415 0.0252006 6.2522
1163 0.000938194 0.0309583 6.41101
1164 0.00485684 0.0254454 6.1328
1165 0.000938194 0.029875 6.29194
1166 0.00373492 0.0256417 6.03633
1167 0.000953353 0.0287607 6.1758
1168 0.00253543 0.0257913 5.9611
1169 0.000972879 0.027649 6.06582
1170 0.00116731 0.02577 5.8961
1171 0.00084236 0.0267005 5.97234
1172 0.000778412 0.0448144 8.56734
1173 0.0127612 0.0224792 7.86009
1174 0.0120119 0.0385973 8.67629
1175 0.0114066 0.0393112 8.65535
1176 0.0108375 0.0400265 8.65422
1177 0.0125572 0.0377745 8.6852
1178 0.0101768 0.0407118 8.64563
1179 0.0129985 0.0369704 8.68811
1180 0.00946154 0.0412941 8.62532
1181 0.0134342 0.0361637 8.70198
1182 0.00872128 0.0418697 8.61339
1183 0.0138052 0.0352772 8.70648
1184 0.00794137 0.042388 8.59971
1185 0.0140725 0.0343985 8.69986
1186 0.00713297 0.0428593 8.58751
1187 0.0143437 0.0335245 8.70653
1188 0.00628995 0.0432954 8.57868
1189 0.0145488 0.0325833 8.70522
1190 0.00542292 0.0436808 8.57186
1191 0.0146415 0.0316577 8.68736
1192 0.00457107 0.0440098 8.56883
1193 0.0147183 0.0307246 8.6765
1194 0.00372336 0.0443437 8.58001
1195 0.014727 0.0297885 8.6578
1196 0.00275534 0.0442057 8.50126
1197 0.0147164 0.0288741 8.64398
1198 0.00169321 0.0445846 8.54015
1199 0.0146184 0.027906 8.61443
1200 0.0144011 0.0269805 8.55237
1201 0.0141975 0.0260779 8.49667
1202 0.0139595 0.0251763 8.42602
1203 0.0137479 0.0242634 8.35837
1204 0.00182916 0.0434973 8.32674
1205 0.0130539 0.0235319 8.03881
1206 0.00185688 0.0423632 8.11116
1207 0.00187225 0.04125 7.90912
1208 0.00187225 0.0401667 7.72107
1209 0.00187225 0.0390833 7.54173
1210 0.00187225 0.038 7.37078
1211 0.0119846 0.0240766 7.6188
1212 0.00187225 0.0369167 7.20788
1213 0.0109608 0.0245212 7.29831
1214 0.00187225 0.0358333 7.05273
1215 0.00991451 0.0249314 7.02455
1216 0.00187225 0.03475 6.90499
1217 0.00886157 0.0253083 6.79402
1218 0.00187225 0.0336667 6.76435
1219 0.00778738 0.0256788 6.59829
1220 0.00187225 0.0325833 6.63048
1221 0.00668922 0.0259672 6.42826
1222 0.00187225 0.0315 6.50304
1223 0.00559064 0.026255 6.29226
1224 0.00187225 0.0304167 6.38175
1225 0.00445923 0.0264809 6.17878
1226 0.00187895 0.0293052 6.26362
1227 0.00326689 0.0266572 6.08784
1228 0.00191897 0.0281451 6.14788
1229 0.00193569 0.0268244 6.02176
1230 0.0109659 0.0383687 8.44889
1231 0.0116356 0.0377555 8.49915
1232 0.0103426 0.0390592 8.4311
1233 0.00993984 0.039827 8.47435
1234 0.0119371 0.0369087 8.45941
1235 0.0091965 0.0402826 8.42584
1236 0.0123653 0.0361197 8.46398
1237 0.0085371 0.0408327 8.41691
1238 0.0129001 0.0354183 8.51314
1239 0.00780835 0.0413589 8.40654
1240 0.0130322 0.0345355 8.46481
1241 0.00705002 0.041803 8.39069
1242 0.0132987 0.0336898 8.46164
1243 0.00628426 0.0422542 8.3876
1244 0.0136855 0.0328861 8.50299
1245 0.00545216 0.0426664 8.38375
1246 0.0136498 0.0319926 8.44166
1247 0.00457546 0.0430083 8.37649
1248 0.0137583 0.0311186 8.4278
1249 0.00364416 0.0433933 8.38795
1250 0.0137978 0.0302305 8.40475
1251 0.0137568 0.029352 8.36651
1252 0.0138924 0.0284662 8.38894
1253 0.0135802 0.0275986 8.27812
1254 0.0133448 0.0266755 8.18865
1255 0.013079 0.0257068 8.08287
1256 0.0128763 0.0247315 7.98987
1257 0.00280711 0.0418012 8.04566
1258 0.00280631 0.0407083 7.85228
1259 0.00282853 0.0396328 7.67207
1260 0.00280631 0.0385417 7.49555
1261 0.00280631 0.0374583 7.32972
1262 0.0119078 0.0252819 7.6472
1263 0.00280631 0.036375 7.17179
1264 0.0107347 0.0255616 7.29222
1265 0.00280631 0.0352917 7.02146
1266 0.00970894 0.0260162 7.04671
1267 0.00280631 0.0342083 6.87839
1268 0.00861418 0.0264157 6.82339
1269 0.00280631 0.033125 6.74225
1270 0.00749425 0.0267505 6.63023
1271 0.00280631 0.0320417 6.61271
1272 0.00635666 0.0270634 6.46967
1273 0.00280631 0.0309583 6.48944
1274 0.00521485 0.0273584 6.34245
1275 0.00280631 0.029875 6.37211
1276 0.00411114 0.0275051 6.23776
1277 0.00280631 0.0287917 6.26054
1278 0.00293685 0.0276821 6.15996
1279 0.00991189 0.0380816 8.22444
1280 0.0107415 0.0371615 8.25504
1281 0.00919056 0.0390867 8.24596
1282 0.0113036 0.0360568 8.23752
1283 0.0082586 0.0397687 8.21091
1284 0.0119025 0.0349983 8.25319
1285 0.00770716 0.0404461 8.24457
1286 0.00692257 0.0407287 8.19445
1287 0.0122537 0.0338253 8.22679
1288 0.00615362 0.0411649 8.18394
1289 0.0126245 0.0326694 8.22505
1290 0.00551048 0.0417357 8.22177
1291 0.00465409 0.0419398 8.18598
1292 0.0127194 0.0315099 8.17437
1293 0.00370678 0.0423673 8.19809
1294 0.0129752 0.0306592 8.196
1295 0.0128166 0.0297832 8.11113
1296 0.00570073 0.029329 6.58811
1297 0.00890759 0.0312669 7.28973
1298 0.0125385 0.0274535 7.93906
1299 0.0123025 0.0263849 7.82592
1300 0.00382537 0.0412647 8.00681
1301 0.00386657 0.0401859 7.82464
1302 0.00379679 0.0390855 7.64025
1303 0.00376804 0.0380045 7.47021
1304 0.00374036 0.0369167 7.30725
1305 0.00374036 0.0358333 7.15464
1306 0.0105373 0.0266664 7.30671
1307 0.00374036 0.03475 7.00949
1308 0.00950047 0.0271502 7.07757
1309 0.00374036 0.0336667 6.87146
1310 0.00834149 0.0275197 6.85421
1311 0.00374036 0.0325833 6.7402
1312 0.00716516 0.0278352 6.66499
1313 0.00374036 0.0315 6.61534
1314 0.00599286 0.028186 6.51791
1315 0.00373499 0.0304149 6.49587
1316 0.00476006 0.0285721 6.40358
1317 0.00377065 0.0293195 6.38465
1318 0.00368257 0.0283704 6.28339
1319 0.00951231 0.037022 8.01946
1320 0.00879 0.0379105 8.01959
1321 0.0101493 0.0360827 8.0182
1322 0.00798002 0.0387116 8.01428
1323 0.010686 0.0350826 8.0103
1324 0.00702167 0.0395542 8.01705
1325 0.0111163 0.0340655 7.99726
1326 0.0128172 0.0285944 8.06364
1327 0.0114666 0.0329782 7.97748
1328 0.0050025 0.0407516 8.00557
1329 0.0116709 0.0318515 7.9373
1330 0.0119063 0.0306194 7.91115
1331 0.0118568 0.0293792 7.82544
1332 0.0116999 0.0282347 7.72194
1333 0.0115103 0.0271682 7.61211
1334 0.00486483 0.0396241 7.80766
1335 0.00477922 0.0385309 7.62839
1336 0.00471333 0.037447 7.46039
1337 0.00467442 0.036375 7.30415
1338 0.00467442 0.0352917 7.15722
1339 0.0104849 0.0279421 7.37422
1340 0.00467442 0.0342083 7.01767
1341 0.00923346 0.0282996 7.10323
1342 0.00467442 0.033125 6.88508
1343 0.0080145 0.0286321 6.88428
1344 0.00467108 0.0320558 6.76042
1345 0.00682684 0.0289509 6.71079
1346 0.00464739 0.0309715 6.63803
1347 0.00595773 0.0401257 7.99068
1348 0.0114004 0.0262057 7.53062
1349 0.0083916 0.0368554 7.81816
1350 0.00902842 0.0360057 7.81273
1351 0.00766681 0.03765 7.82032
1352 0.00955999 0.0351065 7.79991
1353 0.00681218 0.038383 7.81517
1354 0.0100026 0.0341886 7.78386
1355 0.005862 0.0390357 7.80793
1356 0.0103906 0.0332441 7.76843
1357 0.0106496 0.0322119 7.73167
1358 0.0107448 0.031094 7.66206
1359 0.0108421 0.0299623 7.60193
1360 0.0109778 0.0289295 7.56746
1361 0.00571764 0.0379444 7.62849
1362 0.00560929 0.0368776 7.46412
1363 0.00558037 0.0358107 7.31522
1364 0.00564311 0.0347352 7.1822
1365 0.00565804 0.0336797 7.05408
1366 0.00883206 0.0294509 7.11319
1367 0.00565121 0.0325701 6.92353
1368 0.00765307 0.0297355 6.91878
1369 0.00558275 0.0315436 6.80174
1370 0.00651964 0.030039 6.76891
1371 0.00738823 0.0366612 7.64828
1372 0.00801988 0.0358704 7.63667
1373 0.00849147 0.0350779 7.6139
1374 0.00660176 0.0373214 7.63759
1375 0.00892771 0.0342284 7.5907
1376 0.00931897 0.0333734 7.5708
1377 0.00975892 0.0325536 7.57602
1378 0.00974672 0.0316212 7.48762
1379 0.00969604 0.030374 7.37012
1380 0.00644811 0.036295 7.47871
1381 0.00648916 0.0352923 7.3527
1382 0.00674531 0.0342324 7.2542
1383 0.00654253 0.033125 7.09835
1384 0.00843329 0.0305069 7.12911
1385 0.0066977 0.0319026 6.98419
1386 0.00727555 0.0308572 6.96452
1387 0.00715968 0.0358239 7.50861
1388 0.00746254 0.0350088 7.44842
1389 0.00787427 0.0342423 7.41908
1390 0.0083103 0.0333558 7.39122
1391 0.00874038 0.0323226 7.35829
1392 0.00752307 0.0326072 7.18328
1393 0.00735435 0.0335197 7.25862
1394 0.00275775 0.0429492 8.25647
1395 0.00791113 0.0315783 7.14015
