1 0 0 0.869475
2 -1.31814e-05 0.0843 0.866517
3 0.00486731 0.00128465 0.741492
4 0.00967006 0.00279211 0.743388
5 0.0143592 0.00461659 0.751332
6 0.0188623 0.00685861 0.757021
7 0.0229958 0.00971828 0.770948
8 0.0264911 0.0133239 0.794481
9 0.029115 0.0176083 0.806197
10 0.0308797 0.022316 0.820904
11 0.031893 0.0272414 0.823702
12 0.0321043 0.0322642 0.82972
13 0.0314275 0.0372452 0.822598
14 0.0299523 0.042053 0.808855
15 0.027917 0.0466555 0.796719
16 0.0256267 0.0511381 0.789905
17 0.0233729 0.0556389 0.787471
18 0.021445 0.0602864 0.782391
19 0.0200513 0.0651203 0.796874
20 0.018972 0.0700368 0.814216
21 0.0171608 0.0747087 0.825969
22 0.0138055 0.0784172 0.771931
23 0.00946766 0.0809539 0.75608
24 0.00479993 0.0828294 0.748177
25 -1.24061e-05 0.0793412 0.581032
26 -1.16307e-05 0.0743824 0.354026
27 -1.08553e-05 0.0694235 0.201982
28 -1.00799e-05 0.0644647 0.110948
29 -9.30455e-06 0.0595059 0.0590745
30 -8.52917e-06 0.0545471 0.0305889
31 -7.75379e-06 0.0495882 0.0162541
32 -6.97841e-06 0.0446294 0.0101152
33 -6.20303e-06 0.0396706 0.00907617
34 -5.42765e-06 0.0347118 0.0130028
35 -4.65228e-06 0.0297529 0.0246325
36 -3.8769e-06 0.0247941 0.0495446
37 -3.10152e-06 0.0198353 0.0988247
38 -2.32614e-06 0.0148765 0.193291
39 -1.55076e-06 0.00991765 0.353665
40 -7.75379e-07 0.00495882 0.586712
41 0.0177172 0.0264374 0.053284
42 0.013235 0.0183807 0.0910395
43 0.0117343 0.0520062 0.0359999
44 0.0091981 0.0159742 0.0998085
45 0.0132935 0.0722726 0.38875
46 0.00922571 0.0751294 0.361164
47 0.00481016 0.0773151 0.377761
48 0.0144823 0.066939 0.282924
49 0.0149242 0.0611991 0.176812
50 0.0181907 0.0562617 0.278258
51 0.0205642 0.0515108 0.297764
52 0.00468376 0.0720975 0.185186
53 0.0227082 0.046976 0.298006
54 0.00474518 0.0669298 0.0889469
55 0.0247329 0.0425827 0.304083
56 0.00468815 0.0618973 0.0431777
57 0.0263243 0.0381324 0.310856
58 0.00445656 0.0570202 0.0214441
59 0.0279763 0.0342937 0.385684
60 0.00428633 0.0520683 0.0111828
61 0.0272486 0.0301098 0.308319
62 0.0042871 0.0471095 0.00646335
63 0.0265548 0.0254467 0.304504
64 0.00428788 0.0421507 0.00452438
65 0.0263689 0.0212858 0.393859
66 0.00428865 0.0371918 0.00463971
67 0.023812 0.0179538 0.341629
68 0.00428943 0.032233 0.00743935
69 0.0219528 0.0142519 0.412331
70 0.00446855 0.0273679 0.0146662
71 0.0183422 0.0121845 0.362065
72 0.00457349 0.0225987 0.0311071
73 0.014654 0.00971819 0.381287
74 0.00453732 0.0178296 0.0676924
75 0.0108851 0.00750773 0.42123
76 0.00478279 0.0131013 0.143184
77 0.00568944 0.00751098 0.323171
78 0.00931977 0.0695431 0.176319
79 0.00963699 0.0641691 0.0934462
80 0.0132498 0.0564117 0.0768882
81 0.0158619 0.0518395 0.0999758
82 0.0175474 0.0471673 0.0911126
83 0.0194475 0.0429602 0.0942125
84 0.0213959 0.0385979 0.104729
85 0.00930963 0.0592957 0.0460277
86 0.0229509 0.0336771 0.115659
87 0.00848271 0.0545074 0.022155
88 0.00829861 0.0496015 0.0130739
89 0.00875475 0.0447721 0.00915452
90 0.0212051 0.0228138 0.129992
91 0.00882904 0.039829 0.00647901
92 0.00859774 0.0347131 0.00668804
93 0.00876378 0.0298831 0.0108265
94 0.0182461 0.0178508 0.159918
95 0.0092848 0.0251319 0.0221592
96 0.00922847 0.0205885 0.0470541
97 0.00971414 0.0117778 0.203758
98 0.0222789 0.0282217 0.107758
99 0.0139238 0.0143055 0.182203
100 0.0127893 0.0476001 0.0293921
101 0.0138152 0.0426951 0.0221945
102 0.0167885 0.0392845 0.0387101
103 0.0175703 0.0352436 0.0363361
104 0.0146918 0.0226431 0.0523803
105 0.012906 0.0371932 0.0136394
106 0.013157 0.0325522 0.0148504
107 0.0135214 0.0278749 0.0233917
108 0.0178278 0.0306864 0.0389733
