1 0 0 5.09004
2 -1.31814e-05 0.0843 4.26042
3 0.00162256 0.000428248 5.37651
4 0.00324511 0.000856496 5.50301
5 0.00486767 0.00128474 5.55116
6 0.00647042 0.00178135 5.58
7 0.00807059 0.00228684 5.57343
8 0.00967077 0.00279234 5.51731
9 0.0112462 0.00336888 5.45663
10 0.0128144 0.00396625 5.36222
11 0.0143602 0.00461705 5.25225
12 0.0158862 0.00531529 5.12436
13 0.0173989 0.0060402 4.95917
14 0.0188703 0.00684624 4.78717
15 0.0202995 0.00772561 4.60526
16 0.0216847 0.00867284 4.40681
17 0.0230079 0.0097042 4.20235
18 0.0242512 0.0108307 4.00623
19 0.0254216 0.0120324 3.80647
20 0.026495 0.0133213 3.62093
21 0.0274721 0.0146849 3.44856
22 0.0283421 0.0161192 3.29951
23 0.029115 0.0176082 3.16771
24 0.0297915 0.0191435 3.05455
25 0.0303777 0.0207155 2.95755
26 0.0308798 0.0223163 2.87339
27 0.0312997 0.0239406 2.80113
28 0.031638 0.0255838 2.74057
29 0.031893 0.0272421 2.69258
30 0.0320609 0.0289115 2.65951
31 0.0321343 0.0305877 2.64602
32 0.0321043 0.0322652 2.65877
33 0.0319758 0.0339379 2.69406
34 0.0317491 0.0356001 2.75257
35 0.0314272 0.0372465 2.83314
36 0.0310145 0.0388726 2.93419
37 0.0305201 0.040476 3.05083
38 0.0299517 0.0420547 3.18029
39 0.0293217 0.04361 3.31633
40 0.028638 0.0451425 3.45731
41 0.0279161 0.0466574 3.59439
42 0.0271661 0.0481586 3.72514
43 0.0263992 0.0496512 3.84498
44 0.0256255 0.0511403 3.95076
45 0.0248559 0.0526315 4.03844
46 0.0241011 0.0541303 4.1042
47 0.0233717 0.0556415 4.1447
48 0.0226792 0.05717 4.15555
49 0.0220333 0.0587186 4.13467
50 0.021444 0.0602895 4.07948
51 0.0209171 0.0618824 3.99074
52 0.0204536 0.063495 3.87238
53 0.0200504 0.0651238 3.72963
54 0.0196877 0.0667622 3.5787
55 0.0193464 0.0684053 3.43025
56 0.0189725 0.0700411 3.31685
57 0.0185318 0.07166 3.24606
58 0.0179381 0.0732282 3.26216
59 0.0171867 0.0747276 3.34226
60 0.0162107 0.0760901 3.51559
61 0.01508 0.0773288 3.71001
62 0.0138066 0.0784196 3.92149
63 0.012416 0.0793584 4.1348
64 0.0109711 0.0802101 4.30531
65 0.00947653 0.0809706 4.44686
66 0.00793738 0.0816364 4.56303
67 0.00636883 0.0822328 4.64378
68 0.00480028 0.0828292 4.6507
69 0.00320355 0.0833424 4.62766
70 0.00159518 0.0838212 4.53143
71 -1.2923e-05 0.0826471 5.065
72 -1.26645e-05 0.0809941 5.83212
73 -1.24061e-05 0.0793412 6.56047
74 -1.21476e-05 0.0776882 7.25385
75 -1.18891e-05 0.0760353 7.91965
76 -1.16307e-05 0.0743824 8.56483
77 -1.13722e-05 0.0727294 9.19179
78 -1.11138e-05 0.0710765 9.79826
79 -1.08553e-05 0.0694235 10.3812
80 -1.05968e-05 0.0677706 10.939
81 -1.03384e-05 0.0661176 11.471
82 -1.00799e-05 0.0644647 11.977
83 -9.82147e-06 0.0628118 12.457
84 -9.56301e-06 0.0611588 12.9111
85 -9.30455e-06 0.0595059 13.3391
86 -9.04609e-06 0.0578529 13.7406
87 -8.78763e-06 0.0562 14.1153
88 -8.52917e-06 0.0545471 14.4626
89 -8.27071e-06 0.0528941 14.7818
90 -8.01225e-06 0.0512412 15.0721
91 -7.75379e-06 0.0495882 15.3325
92 -7.49533e-06 0.0479353 15.5621
93 -7.23687e-06 0.0462824 15.7599
94 -6.97841e-06 0.0446294 15.9247
95 -6.71995e-06 0.0429765 16.0557
96 -6.46149e-06 0.0413235 16.1515
97 -6.20303e-06 0.0396706 16.2113
98 -5.94457e-06 0.0380176 16.2339
99 -5.68611e-06 0.0363647 16.2182
100 -5.42765e-06 0.0347118 16.1633
101 -5.1692e-06 0.0330588 16.0683
102 -4.91074e-06 0.0314059 15.9321
103 -4.65228e-06 0.0297529 15.754
104 -4.39382e-06 0.0281 15.5331
105 -4.13536e-06 0.0264471 15.2686
106 -3.8769e-06 0.0247941 14.9599
107 -3.61844e-06 0.0231412 14.6062
108 -3.35998e-06 0.0214882 14.2071
109 -3.10152e-06 0.0198353 13.762
110 -2.84306e-06 0.0181824 13.2708
111 -2.5846e-06 0.0165294 12.7332
112 -2.32614e-06 0.0148765 12.1496
113 -2.06768e-06 0.0132235 11.5212
114 -1.80922e-06 0.0115706 10.8507
115 -1.55076e-06 0.00991765 10.1422
116 -1.2923e-06 0.00826471 9.40013
117 -1.03384e-06 0.00661176 8.62416
118 -7.75379e-07 0.00495882 7.80801
119 -5.1692e-07 0.00330588 6.94637
120 -2.5846e-07 0.00165294 6.03934
121 0.0160271 0.0304386 12.4543
122 0.024753 0.0294161 7.76853
123 0.0154148 0.0232268 11.7123
124 0.016249 0.0322111 12.4615
125 0.00434974 0.078806 6.56825
126 0.0133893 0.0767528 4.76795
127 0.0121836 0.0776163 4.95368
128 0.0145023 0.0756534 4.62671
129 0.0108623 0.0784174 5.12801
130 0.0154111 0.0745334 4.51739
131 0.00949912 0.0791956 5.24762
132 0.0162052 0.0732486 4.45165
133 0.00810161 0.0799074 5.3315
134 0.0167888 0.0718645 4.49262
135 0.00666574 0.0805057 5.40587
136 0.0172813 0.0703711 4.58127
137 0.00483312 0.0806518 5.69329
138 0.0177107 0.0688346 4.69744
139 0.00834664 0.072951 7.98338
140 0.0180878 0.067245 4.85378
141 0.00159054 0.0820678 5.37971
142 0.018457 0.0656278 5.02268
143 0.018855 0.0639532 5.19423
144 0.0193036 0.0622887 5.33621
145 0.0198131 0.0606416 5.44021
146 0.00157931 0.0803649 6.15319
147 0.0203867 0.0590116 5.50376
148 0.00151564 0.0786575 6.88313
149 0.0210206 0.0574063 5.52575
150 0.00144519 0.0769401 7.57973
151 0.0217051 0.0558239 5.51155
152 0.00142082 0.0752488 8.24427
153 0.0224321 0.0542633 5.46337
154 0.00141999 0.0735561 8.89661
155 0.0231796 0.0527428 5.3871
156 0.00142025 0.0719032 9.51662
157 0.0239462 0.0512299 5.2891
158 0.0014205 0.0702502 10.1137
159 0.0247188 0.0497351 5.17031
160 0.00142076 0.0685973 10.685
161 0.0254787 0.0482544 5.04084
162 0.00142102 0.0669443 11.2302
163 0.0262354 0.0467599 4.8964
164 0.00142128 0.0652914 11.7491
165 0.0269458 0.0452939 4.75252
166 0.00142154 0.0636385 12.2421
167 0.0276465 0.0437759 4.59794
168 0.0014218 0.0619855 12.7092
169 0.0282518 0.0422953 4.47082
170 0.00142206 0.0603326 13.1504
171 0.028818 0.0407841 4.34092
172 0.00142231 0.0586796 13.5654
173 0.0293256 0.0392575 4.216
174 0.00142257 0.0570267 13.954
175 0.0297584 0.0377097 4.10643
176 0.00142283 0.0553738 14.3156
177 0.0301047 0.0361527 4.0172
178 0.00142309 0.0537208 14.6495
179 0.0303603 0.0345812 3.9507
180 0.00142335 0.0520679 14.9549
181 0.0305315 0.0329997 3.9003
182 0.00142361 0.0504149 15.2311
183 0.0306081 0.0314149 3.87288
184 0.00142386 0.048762 15.477
185 0.0305968 0.0298236 3.86263
186 0.00142412 0.047109 15.6916
187 0.030484 0.028232 3.87931
188 0.00142438 0.0454561 15.8739
189 0.0302827 0.0266475 3.91324
190 0.00142464 0.0438032 16.0228
191 0.0299995 0.0250781 3.96013
192 0.0014249 0.0421502 16.1371
193 0.0296404 0.023523 4.01512
194 0.00142516 0.0404973 16.2159
195 0.0292016 0.0219899 4.0815
196 0.00142542 0.0388443 16.258
197 0.0286862 0.0204858 4.15694
198 0.00142567 0.0371914 16.2623
199 0.0280856 0.0190154 4.24677
200 0.00142593 0.0355385 16.2279
201 0.0273955 0.0175951 4.35517
202 0.00142619 0.0338855 16.1538
203 0.0266237 0.016223 4.47381
204 0.00142645 0.0322326 16.039
205 0.0257698 0.0149126 4.60372
206 0.00142671 0.0305796 15.8826
207 0.0248096 0.0136605 4.75572
208 0.00142697 0.0289267 15.6838
209 0.0237484 0.0125022 4.93447
210 0.00142722 0.0272738 15.4417
211 0.022601 0.0114337 5.12987
212 0.00142748 0.0256208 15.1557
213 0.0213961 0.0104132 5.31027
214 0.00142774 0.0239679 14.825
215 0.0201211 0.00948197 5.4978
216 0.001428 0.0223149 14.4491
217 0.0187681 0.00862756 5.69234
218 0.00142826 0.020662 14.0274
219 0.017393 0.00780421 5.85098
220 0.00142852 0.019009 13.5594
221 0.015972 0.00705309 6.00334
222 0.00142878 0.0173561 13.0449
223 0.0145053 0.00637003 6.15094
224 0.00142903 0.0157032 12.4836
225 0.0130091 0.00572729 6.27764
226 0.00142929 0.0140502 11.876
227 0.0114623 0.00507961 6.36444
228 0.00142955 0.0123973 11.2234
229 0.0099391 0.00450064 6.43195
230 0.00142981 0.0107443 10.5291
231 0.00839569 0.00397407 6.48334
232 0.00143007 0.0090914 9.80079
233 0.00682521 0.00349884 6.51856
234 0.00144368 0.0073751 9.01628
235 0.00522529 0.00303863 6.51713
236 0.00147294 0.00563563 8.1864
237 0.00338849 0.00284161 6.63268
238 0.00165012 0.00383557 7.27489
239 0.00165496 0.00218182 6.38092
240 0.0119437 0.0758988 5.70426
241 0.013108 0.0752844 5.42689
242 0.0107381 0.0767494 5.83834
243 0.0137727 0.0741431 5.5124
244 0.00945918 0.0775455 5.94702
245 0.0147329 0.0732664 5.30161
246 0.00815117 0.0782575 6.02932
247 0.0150806 0.0720152 5.50429
248 0.00686572 0.0788965 6.07267
249 0.0156178 0.0706396 5.60076
250 0.00567625 0.0794116 6.09134
251 0.0160733 0.0691789 5.74103
252 0.00315297 0.0796721 6.3465
253 0.0164703 0.0676614 5.91388
254 0.0168532 0.0660852 6.10045
255 0.0172322 0.0644398 6.30433
256 0.0176612 0.0627301 6.4913
257 0.0181492 0.0610272 6.6365
258 0.0187072 0.0593367 6.73086
259 0.019333 0.0576702 6.77228
260 0.00291493 0.0778844 7.11248
261 0.0200097 0.0560396 6.76849
262 0.00284025 0.0761465 7.80883
263 0.0207358 0.0544335 6.72207
264 0.00283881 0.0744415 8.47073
265 0.0214977 0.05286 6.63781
266 0.00285635 0.0727299 9.1199
267 0.0222618 0.051327 6.53416
268 0.00285661 0.0710769 9.72782
269 0.0230429 0.049816 6.40206
270 0.00285687 0.069424 10.311
271 0.0238157 0.0483362 6.25312
272 0.00285712 0.067771 10.8682
273 0.0245654 0.0468532 6.10333
274 0.00285738 0.0661181 11.3994
275 0.0252824 0.0454018 5.94642
276 0.00285764 0.0644652 11.9049
277 0.0259619 0.0439497 5.7905
278 0.0028579 0.0628122 12.3848
279 0.0265928 0.0424899 5.64133
280 0.00285816 0.0611593 12.8391
281 0.0271665 0.0410353 5.49942
282 0.00285842 0.0595063 13.2678
283 0.0276823 0.039567 5.36617
284 0.00285867 0.0578534 13.6704
285 0.0281384 0.0380942 5.23914
286 0.00285893 0.0562004 14.0466
287 0.0285063 0.0366169 5.13717
288 0.00285919 0.0545475 14.3957
289 0.028791 0.0351308 5.05583
290 0.00285945 0.0528946 14.7169
291 0.0289924 0.033636 4.99405
292 0.00285971 0.0512416 15.0094
293 0.0291067 0.0321357 4.95338
294 0.00285997 0.0495887 15.2723
295 0.0291423 0.030633 4.92707
296 0.00286023 0.0479357 15.5045
297 0.0290895 0.029123 4.92123
298 0.00286048 0.0462828 15.705
299 0.0289419 0.0276112 4.9391
300 0.00286074 0.0446299 15.8726
301 0.0287007 0.0261178 4.98033
302 0.002861 0.0429769 16.0063
303 0.0283993 0.0246304 5.02061
304 0.00286126 0.041324 16.1049
305 0.0280208 0.0231619 5.07184
306 0.00286152 0.039671 16.1673
307 0.0275674 0.0217173 5.13225
308 0.00286178 0.0380181 16.1925
309 0.0270479 0.0203074 5.19695
310 0.00286203 0.0363652 16.1794
311 0.0264373 0.0189426 5.28272
312 0.00286229 0.0347122 16.127
313 0.0257316 0.017635 5.39279
314 0.00286255 0.0330593 16.0342
315 0.0249752 0.0163803 5.49817
316 0.00286281 0.0314063 15.9003
317 0.0241888 0.0151545 5.57974
318 0.00286307 0.0297534 15.7242
319 0.0232227 0.0140157 5.73459
320 0.00286333 0.0281004 15.5053
321 0.0221721 0.0130215 5.92883
322 0.00286359 0.0264475 15.2426
323 0.0210648 0.0120441 6.10457
324 0.00286384 0.0247946 14.9354
325 0.0198848 0.0111263 6.28245
326 0.0028641 0.0231416 14.5832
327 0.0186349 0.0102788 6.46506
328 0.00286436 0.0214887 14.1853
329 0.0173371 0.0094776 6.63339
330 0.00286462 0.0198357 13.7413
331 0.0160001 0.00872587 6.78562
332 0.00286488 0.0181828 13.2507
333 0.0146117 0.00803284 6.93146
334 0.00286514 0.0165299 12.7132
335 0.0131783 0.00737365 7.05787
336 0.00286539 0.0148769 12.1289
337 0.0116924 0.00674227 7.16287
338 0.00286565 0.013224 11.4984
339 0.0101893 0.00614295 7.23832
340 0.00284302 0.0115591 10.8199
341 0.00865643 0.00561925 7.30908
342 0.00285598 0.00987519 10.0918
343 0.0071403 0.00513453 7.34656
344 0.00287973 0.00819646 9.33483
345 0.00564748 0.00466369 7.33776
346 0.00287222 0.00646707 8.52691
347 0.00427507 0.00416181 7.24647
348 0.0028584 0.00464637 7.62866
349 0.0119548 0.0740267 6.36165
350 0.0105569 0.0750535 6.5293
351 0.00937811 0.0759397 6.5912
352 0.0132767 0.0724275 6.3077
353 0.00809464 0.0766726 6.67686
354 0.00683432 0.0772768 6.74491
355 0.0139656 0.0708788 6.44222
356 0.00556943 0.0779413 6.73043
357 0.014445 0.0694749 6.60768
358 0.0148542 0.0680307 6.80089
359 0.0152377 0.0665008 7.01666
360 0.0156174 0.0648997 7.24226
361 0.0160076 0.0632114 7.47727
362 0.0164633 0.0614575 7.68128
363 0.0169978 0.0597127 7.82415
364 0.017613 0.0579837 7.90162
365 0.0182893 0.0562898 7.92139
366 0.00422952 0.0770584 7.29569
367 0.0190116 0.0546364 7.89177
368 0.00422682 0.0753489 7.96329
369 0.0197777 0.0530131 7.81604
370 0.00427028 0.0736301 8.61457
371 0.0205666 0.0514389 7.70169
372 0.00427633 0.0719671 9.23393
373 0.0213544 0.0499006 7.56673
374 0.00428273 0.0702704 9.84287
375 0.0221486 0.0484073 7.40108
376 0.00429323 0.0685977 10.4167
377 0.0229047 0.0469447 7.23668
378 0.00429349 0.0669448 10.9595
379 0.0236277 0.0455067 7.06891
380 0.00429374 0.0652918 11.4769
381 0.0243195 0.0440693 6.89908
382 0.004294 0.0636389 11.9691
383 0.0249452 0.0426479 6.74508
384 0.00429426 0.061986 12.4363
385 0.025524 0.0412323 6.59379
386 0.00429452 0.060333 12.8784
387 0.0260482 0.0398155 6.44971
388 0.00429478 0.0586801 13.2951
389 0.0265106 0.0384087 6.31478
390 0.00429504 0.0570271 13.6861
391 0.0269127 0.0370072 6.18794
392 0.00429529 0.0553742 14.0508
393 0.0272267 0.0355975 6.08858
394 0.00429555 0.0537213 14.3883
395 0.0274588 0.0341854 6.01081
396 0.00429581 0.0520683 14.6979
397 0.0276016 0.0327682 5.95904
398 0.00429607 0.0504154 14.9785
399 0.0276653 0.0313467 5.92538
400 0.00429633 0.0487624 15.2292
401 0.0276839 0.0299405 5.88661
402 0.00429659 0.0471095 15.4487
403 0.0276019 0.0284917 5.87783
404 0.00429685 0.0454566 15.6361
405 0.0273752 0.0270887 5.92921
406 0.0042971 0.0438036 15.79
407 0.0271142 0.0256712 5.96411
408 0.00429736 0.0421507 15.9095
409 0.0268053 0.0242599 5.99195
410 0.00429762 0.0404977 15.9932
411 0.0264118 0.0228705 6.03694
412 0.00429788 0.0388448 16.0402
413 0.0259541 0.0215212 6.08815
414 0.00429814 0.0371918 16.0493
415 0.025461 0.0202087 6.12804
416 0.0042984 0.0355389 16.0195
417 0.0248197 0.0189458 6.22472
418 0.00429865 0.033886 15.9498
419 0.0240803 0.0177727 6.35578
420 0.00429891 0.032233 15.8392
421 0.0233804 0.0166001 6.42341
422 0.00429917 0.0305801 15.6867
423 0.0227647 0.0153699 6.38713
424 0.00429943 0.0289271 15.4916
425 0.0216667 0.0145761 6.68702
426 0.00429969 0.0272742 15.253
427 0.0206891 0.0136197 6.83165
428 0.00429995 0.0256213 14.9701
429 0.0195971 0.0127156 6.99977
430 0.00430021 0.0239683 14.6423
431 0.0184342 0.0119034 7.18517
432 0.00430046 0.0223154 14.2689
433 0.0172216 0.0111117 7.35109
434 0.00430072 0.0206624 13.8494
435 0.0159618 0.0103745 7.50889
436 0.00430098 0.0190095 13.3832
437 0.0146542 0.00968743 7.65741
438 0.00430124 0.0173566 12.8699
439 0.0132969 0.00902731 7.78679
440 0.0043015 0.0157036 12.3095
441 0.0118824 0.00838628 7.89359
442 0.00430176 0.0140507 11.702
443 0.0104208 0.00777683 7.9784
444 0.00425207 0.0123925 11.0516
445 0.00893798 0.00721108 8.03924
446 0.00423131 0.0107037 10.3427
447 0.00734441 0.006761 8.12632
448 0.00431233 0.0089815 9.57385
449 0.0057859 0.00628563 8.13913
450 0.00435811 0.00729059 8.79266
451 0.00425005 0.00567046 8.02261
452 0.010101 0.0734149 7.26428
453 0.0112018 0.0720451 7.32353
454 0.00906472 0.0743307 7.27542
455 0.0081352 0.0752801 7.19077
456 0.012454 0.0709569 7.14112
457 0.00687917 0.0756214 7.37559
458 0.00554901 0.0762742 7.39562
459 0.0128576 0.0696822 7.35612
460 0.0132207 0.0683443 7.58927
461 0.0136063 0.0669024 7.82433
462 0.0139944 0.0653652 8.06806
463 0.0143635 0.0637066 8.34133
464 0.0147709 0.0619164 8.61581
465 0.0152558 0.0601317 8.8276
466 0.0158608 0.0583379 8.95257
467 0.0165365 0.0565812 9.00698
468 0.0172612 0.0548629 9.00506
469 0.0180287 0.0531967 8.94716
470 0.00565404 0.0746049 8.01583
471 0.018827 0.0515842 8.84029
472 0.00570603 0.0729108 8.6406
473 0.0196475 0.0499974 8.69688
474 0.00566982 0.0711858 9.27635
475 0.0204658 0.0484701 8.52325
476 0.0056929 0.0694799 9.86942
477 0.0212538 0.047018 8.33404
478 0.00573491 0.0677994 10.4239
479 0.0219763 0.0455904 8.16353
480 0.00575723 0.0661397 10.9501
481 0.0226755 0.0441656 7.98619
482 0.0057301 0.0644656 11.4662
483 0.023304 0.0427777 7.82502
484 0.00573036 0.0628127 11.9456
485 0.0238919 0.0413926 7.66495
486 0.00573062 0.0611597 12.4007
487 0.0244181 0.0400153 7.51742
488 0.00573088 0.0595068 12.8314
489 0.0248844 0.0386462 7.37999
490 0.00573114 0.0578538 13.2373
491 0.0252996 0.0373082 7.24355
492 0.0057314 0.0562009 13.6178
493 0.0256796 0.0359929 7.0992
494 0.00573166 0.054548 13.9721
495 0.0259203 0.0346373 7.02076
496 0.00573191 0.052895 14.2993
497 0.0260928 0.0333274 6.95407
498 0.00573217 0.0512421 14.5984
499 0.0261893 0.0319727 6.90795
500 0.00573243 0.0495891 14.8683
501 0.0261793 0.0306271 6.89823
502 0.00573269 0.0479362 15.1079
503 0.0264209 0.0293042 6.69082
504 0.00573295 0.0462833 15.3159
505 0.0260126 0.0280033 6.87823
506 0.00573321 0.0446303 15.4913
507 0.0258018 0.0266589 6.89796
508 0.00573346 0.0429774 15.6326
509 0.0255343 0.0252917 6.91413
510 0.00573372 0.0413244 15.7388
511 0.0252403 0.0239531 6.91322
512 0.00573398 0.0396715 15.8086
513 0.024806 0.0226374 6.96435
514 0.00573424 0.0380185 15.841
515 0.0243435 0.0214092 7.0099
516 0.0057345 0.0363656 15.8349
517 0.0240633 0.0201305 6.90612
518 0.00573476 0.0347127 15.7891
519 0.0231664 0.0191767 7.18575
520 0.00573502 0.0330597 15.7028
521 0.0223939 0.0178848 7.2724
522 0.00573527 0.0314068 15.5749
523 0.0214928 0.0164449 7.33195
524 0.00573553 0.0297538 15.4046
525 0.00573579 0.0281009 15.1909
526 0.0201815 0.0152357 7.58378
527 0.00573605 0.026448 14.9332
528 0.0193794 0.0141309 7.57858
529 0.00573631 0.024795 14.6305
530 0.0181705 0.0135192 7.87498
531 0.00573657 0.0231421 14.2824
532 0.0170669 0.0127253 8.02182
533 0.00573682 0.0214891 13.8881
534 0.0158607 0.0119842 8.18271
535 0.00573708 0.0198362 13.447
536 0.0146279 0.011349 8.35087
537 0.00573734 0.0181833 12.9588
538 0.0133542 0.0106739 8.4732
539 0.0057376 0.0165303 12.4229
540 0.012014 0.0100212 8.57887
541 0.00573786 0.0148774 11.8394
542 0.0106223 0.00939846 8.66437
543 0.00567946 0.0132276 11.2182
544 0.00920231 0.00881111 8.72442
545 0.00558538 0.0115728 10.5551
546 0.00772706 0.00823031 8.74955
547 0.00555064 0.00983869 9.81091
548 0.00596485 0.00807344 8.96237
549 0.00951066 0.0721038 7.91764
550 0.0112067 0.0701583 7.9419
551 0.00725689 0.0739514 7.91447
552 0.0115781 0.0686821 8.25923
553 0.0119424 0.0672488 8.54538
554 0.0123621 0.0657754 8.79617
555 0.0127639 0.0641688 9.07264
556 0.0130994 0.0624332 9.40085
557 0.0134814 0.0605945 9.71451
558 0.0140437 0.0587458 9.91262
559 0.0147593 0.0569175 9.99351
560 0.0154801 0.0551275 10.0379
561 0.0162533 0.0533944 10.0142
562 0.0170682 0.0517293 9.92647
563 0.017902 0.0501251 9.79102
564 0.00702926 0.07212 8.63688
565 0.0187495 0.0485588 9.61695
566 0.00704162 0.0703918 9.24672
567 0.0195597 0.0470833 9.42505
568 0.00714027 0.068704 9.7968
569 0.0203175 0.0456592 9.23464
570 0.0072372 0.0670037 10.326
571 0.0210141 0.0442586 9.05729
572 0.00722849 0.0653343 10.8481
573 0.021668 0.0428793 8.88071
574 0.00716483 0.0636429 11.367
575 0.022259 0.041521 8.71719
576 0.00718917 0.0619728 11.8329
577 0.022796 0.0401726 8.56173
578 0.00721393 0.0603118 12.2726
579 0.0232658 0.038831 8.42231
580 0.00720218 0.0586619 12.6955
581 0.0236692 0.0375012 8.29678
582 0.00717622 0.0570191 13.0962
583 0.0240628 0.0362536 8.14301
584 0.00716776 0.0553747 13.4679
585 0.024573 0.0350609 7.88349
586 0.00716802 0.0537217 13.8131
587 0.0244661 0.033774 8.00341
588 0.00716828 0.0520688 14.1313
589 0.0248828 0.032523 7.75497
590 0.00716853 0.0504158 14.4213
591 0.024654 0.0311792 7.89291
592 0.00716879 0.0487629 14.682
593 0.00681457 0.00925156 9.3638
594 0.00716905 0.0471099 14.9118
595 0.00686384 0.0107422 10.0108
596 0.00716931 0.045457 15.1096
597 0.0245067 0.0277084 7.8003
598 0.00716957 0.0438041 15.274
599 0.0242372 0.026252 7.82045
600 0.00716983 0.0421511 15.4038
601 0.0239339 0.024953 7.83873
602 0.00717008 0.0404982 15.4977
603 0.023833 0.023645 7.70032
604 0.00717034 0.0388452 15.5545
605 0.0230959 0.0225123 7.92823
606 0.0071706 0.0371923 15.5732
607 0.0226308 0.020873 7.85986
608 0.00717086 0.0355394 15.5525
609 0.00717112 0.0338864 15.4915
610 0.0216099 0.0194395 8.06649
611 0.00717138 0.0322335 15.3893
612 0.0207068 0.0180985 8.17211
613 0.00717164 0.0305805 15.2447
614 0.019584 0.0168475 8.34549
615 0.00717189 0.0289276 15.057
616 0.00717215 0.0272747 14.8252
617 0.0183004 0.015398 8.45734
618 0.00717241 0.0256217 14.5487
619 0.00717267 0.0239688 14.2267
620 0.0167926 0.0144127 8.72922
621 0.00717293 0.0223158 13.8585
622 0.0158422 0.013418 8.7251
623 0.00717319 0.0206629 13.4435
624 0.0145427 0.0130467 9.03687
625 0.00717344 0.0190099 12.9811
626 0.0133358 0.0123396 9.14897
627 0.0071737 0.017357 12.4709
628 0.0121088 0.0116638 9.23584
629 0.00720029 0.0156944 11.9046
630 0.0107741 0.0109982 9.3117
631 0.00716343 0.0140448 11.3059
632 0.00940166 0.0104475 9.39864
633 0.00700788 0.0123819 10.6756
634 0.00805577 0.00982352 9.40168
635 0.00981839 0.0707251 8.28554
636 0.00998196 0.0691107 8.76661
637 0.0102466 0.0675564 9.1682
638 0.0106619 0.0661732 9.43377
639 0.0112082 0.0646557 9.65739
640 0.0114989 0.063004 10.0108
641 0.011761 0.0612157 10.3946
642 0.0120422 0.0591756 10.8161
643 0.0129718 0.0572946 10.8475
644 0.0136732 0.0554427 10.9537
645 0.0144454 0.0536199 10.9837
646 0.015264 0.0518779 10.9399
647 0.0161422 0.0502279 10.8126
648 0.0170022 0.0486438 10.6545
649 0.0178447 0.0471473 10.4625
650 0.00848457 0.069679 9.08539
651 0.0186475 0.0457118 10.2578
652 0.00864093 0.067968 9.60391
653 0.0193737 0.0443231 10.0673
654 0.00888164 0.0662146 10.0835
655 0.0200327 0.0429531 9.89148
656 0.00856441 0.0644535 10.7171
657 0.0206271 0.0416137 9.72711
658 0.00860512 0.0627965 11.1842
659 0.0211742 0.0403009 9.56436
660 0.00869055 0.0611257 11.6186
661 0.0216547 0.0389948 9.41726
662 0.00871751 0.0594483 12.0511
663 0.02208 0.0376553 9.28169
664 0.00867858 0.057781 12.4791
665 0.0224642 0.0362614 9.14753
666 0.00862398 0.0561304 12.8836
667 0.0229016 0.0346861 8.95795
668 0.00859275 0.05448 13.2558
669 0.00859437 0.0528297 13.5916
670 0.0231886 0.032425 8.81787
671 0.00861514 0.0512071 13.89
672 0.00860489 0.0495896 14.1695
673 0.00860515 0.0479366 14.4223
674 0.02308 0.0304026 8.83388
675 0.00860541 0.0462837 14.6438
676 0.0230496 0.0285952 8.7458
677 0.00860567 0.0446308 14.8326
678 0.0231458 0.0271497 8.5594
679 0.00860593 0.0429778 14.9873
680 0.022562 0.0258836 8.75259
681 0.00860619 0.0413249 15.1064
682 0.0222509 0.0241464 8.6805
683 0.00860645 0.0396719 15.1889
684 0.0086067 0.038019 15.2336
685 0.0214359 0.022399 8.8063
686 0.00860696 0.0363661 15.2393
687 0.0208138 0.0209441 8.82138
688 0.00860722 0.0347131 15.2048
689 0.00860748 0.0330602 15.1293
690 0.0199463 0.0196218 8.93379
691 0.00860774 0.0314072 15.0116
692 0.0189528 0.0184424 9.08623
693 0.008608 0.0297543 14.8509
694 0.0178035 0.0172254 9.23685
695 0.00860825 0.0281013 14.6462
696 0.00860851 0.0264484 14.3968
697 0.0164739 0.0160886 9.41736
698 0.00860877 0.0247955 14.1018
699 0.00860903 0.0231425 13.7607
700 0.0150024 0.0148039 9.52514
701 0.00860929 0.0214896 13.3727
702 0.00860955 0.0198366 12.9372
703 0.013352 0.0140455 9.7955
704 0.00860981 0.0181837 12.4537
705 0.0120494 0.0133186 9.90788
706 0.0086728 0.0165092 11.9014
707 0.0109544 0.0124323 9.85224
708 0.00868928 0.0148392 11.3109
709 0.00960033 0.0121344 10.0604
710 0.00852114 0.0131585 10.7059
711 0.00827553 0.0712753 8.59887
712 0.00984959 0.0650326 10.093
713 0.0101371 0.061989 10.8657
714 0.0102833 0.0602441 11.2834
715 0.0114009 0.0575347 11.5135
716 0.0117654 0.0557718 11.7859
717 0.0126814 0.0539743 11.781
718 0.0133514 0.0519953 11.8995
719 0.0143841 0.050313 11.7339
720 0.0152082 0.0486993 11.6288
721 0.0160971 0.0471806 11.4393
722 0.0169513 0.0457344 11.2267
723 0.0177368 0.044368 11.0121
724 0.0184237 0.0430081 10.8279
725 0.0189984 0.0416718 10.6809
726 0.019532 0.0403928 10.5274
727 0.0200707 0.0391444 10.3448
728 0.0205014 0.0378502 10.2056
729 0.01021 0.058533 11.7546
730 0.0208697 0.0365156 10.0798
731 0.0101237 0.0568119 12.2073
732 0.0211562 0.0350004 9.98069
733 0.0100338 0.0552097 12.6105
734 0.021349 0.0332647 9.89955
735 0.00997722 0.0535461 12.9884
736 0.0100643 0.0519576 13.2752
737 0.0214332 0.0313434 9.82126
738 0.0101017 0.0503596 13.5572
739 0.0100883 0.0487423 13.8328
740 0.0100868 0.0471032 14.0781
741 0.0214805 0.0293828 9.69631
742 0.0100853 0.0454561 14.2925
743 0.0215274 0.0274203 9.50542
744 0.0100649 0.043811 14.4798
745 0.0100423 0.0421516 14.6334
746 0.0209313 0.0255498 9.59563
747 0.0100425 0.0404986 14.743
748 0.0203682 0.0238567 9.62217
749 0.0100428 0.0388457 14.8151
750 0.0100431 0.0371927 14.8484
751 0.0197086 0.0222829 9.65203
752 0.0100433 0.0355398 14.8417
753 0.0193213 0.0209484 9.54494
754 0.0100436 0.0338869 14.7941
755 0.0100438 0.0322339 14.7045
756 0.0183382 0.0200572 9.7831
757 0.0100441 0.030581 14.572
758 0.0173378 0.018889 9.9083
759 0.0100444 0.028928 14.3955
760 0.0161272 0.017833 10.0935
761 0.0100446 0.0272751 14.1742
762 0.0100449 0.0256222 13.9074
763 0.0147694 0.0167151 10.249
764 0.0100451 0.0239692 13.5944
765 0.0100454 0.0223163 13.2343
766 0.0133112 0.0157417 10.4131
767 0.0100456 0.0206633 12.8268
768 0.0100459 0.0190104 12.3711
769 0.0118031 0.0148573 10.5527
770 0.0101294 0.017349 11.8438
771 0.0102743 0.0138547 10.5842
772 0.00996047 0.0636332 10.466
773 0.0102047 0.0156457 11.2548
774 0.0111346 0.0542519 12.3914
775 0.0115231 0.0526214 12.5821
776 0.0128544 0.0503448 12.4553
777 0.0133126 0.0487086 12.5534
778 0.0143807 0.0471186 12.3209
779 0.0152095 0.0456917 12.1448
780 0.0161027 0.0443403 11.8922
781 0.0168607 0.0430583 11.6734
782 0.0174276 0.0417185 11.5392
783 0.0178802 0.040419 11.4384
784 0.0184331 0.0391861 11.2552
785 0.0191264 0.0380751 10.9617
786 0.0192319 0.0367756 10.9832
787 0.0197229 0.0355433 10.7641
788 0.0195496 0.0340722 10.8874
789 0.0196339 0.0321579 10.8231
790 0.0115991 0.0511688 12.8411
791 0.0198178 0.0303425 10.6481
792 0.0116101 0.0495093 13.1396
793 0.0115687 0.047942 13.4166
794 0.0115617 0.0462583 13.6654
795 0.0199367 0.0285266 10.4517
796 0.0115879 0.044656 13.8601
797 0.0196678 0.0268507 10.4121
798 0.011489 0.0429693 14.0742
799 0.0115119 0.0412909 14.206
800 0.0191741 0.0251997 10.4289
801 0.0115236 0.0396602 14.3016
802 0.0185983 0.0235042 10.4147
803 0.0114819 0.0380198 14.378
804 0.0114794 0.0363665 14.4012
805 0.0178564 0.0217749 10.4012
806 0.0115159 0.0347281 14.3715
807 0.011534 0.0330758 14.3063
808 0.0115417 0.0314254 14.2018
809 0.0115081 0.029766 14.0653
810 0.015808 0.0195612 10.7027
811 0.0114807 0.0281018 13.8806
812 0.0145217 0.0184815 10.8753
813 0.011481 0.0264489 13.6428
814 0.0114523 0.0248062 13.3693
815 0.0131531 0.0174747 11.03
816 0.0114204 0.0231733 13.052
817 0.0114497 0.0215369 12.6698
818 0.0116945 0.0165457 11.1682
819 0.0115056 0.0198918 12.2308
820 0.0115827 0.0182321 11.7335
821 0.0170115 0.0203971 10.4346
822 0.012828 0.0470978 13.0281
823 0.0132992 0.0455358 13.0584
824 0.0144996 0.0442092 12.6919
825 0.0153069 0.0429297 12.4677
826 0.0160699 0.0418859 12.2127
827 0.0162517 0.040505 12.2615
828 0.0167019 0.0391218 12.1516
829 0.0175742 0.0374751 11.8188
830 0.0179996 0.0353433 11.6779
831 0.0179093 0.0331707 11.7194
832 0.0178991 0.0310214 11.6462
833 0.0185255 0.0293811 11.2268
834 0.0182964 0.0279657 11.2054
835 0.0129198 0.0437941 13.4342
836 0.0179615 0.0264472 11.1787
837 0.0128919 0.0420776 13.6194
838 0.0130697 0.040439 13.6792
839 0.0174986 0.0248795 11.1523
840 0.0129777 0.0388431 13.8059
841 0.0169165 0.0232142 11.1034
842 0.0128817 0.0371941 13.8947
843 0.0129773 0.0355885 13.8722
844 0.0130584 0.0339457 13.8156
845 0.0130762 0.0322737 13.7383
846 0.0130212 0.0306071 13.6422
847 0.0129168 0.0289285 13.515
848 0.0144266 0.0202406 11.3915
849 0.0129434 0.0272092 13.2896
850 0.0130216 0.0191833 11.5782
851 0.0129395 0.0255764 13.0388
852 0.0127913 0.0239978 12.7994
853 0.0127808 0.0224124 12.4693
854 0.0129167 0.0208191 12.0473
855 0.0158895 0.0214679 11.1494
856 0.0140288 0.0428529 13.0614
857 0.0145833 0.0413139 12.9723
858 0.0147646 0.0394676 13.0347
859 0.0156527 0.0377954 12.7231
860 0.0161009 0.0360259 12.5742
861 0.0162732 0.0341404 12.5034
862 0.00319401 0.081438 5.55134
863 0.0170734 0.0292541 11.8957
864 0.0168325 0.027671 11.8377
865 0.0163212 0.0261832 11.8612
866 0.0158275 0.024801 11.8443
867 0.0141591 0.0379732 13.3636
868 0.0143745 0.0364801 13.3175
869 0.0145648 0.0348893 13.2472
870 0.0146478 0.0331516 13.1769
871 0.0146198 0.0314326 13.1035
872 0.014416 0.02972 13.0492
873 0.0142366 0.0280301 12.9356
874 0.0142812 0.0218524 11.8353
875 0.0145565 0.0262622 12.5767
876 0.0143136 0.0246546 12.3978
877 0.0139297 0.0232318 12.2574
878 0.0156756 0.0287832 12.4532
879 0.0155177 0.0273807 12.353
880 0.00822878 0.0114637 10.0727
