1 0 0 8.66216
2 -1.31814e-05 0.0843 8.68138
3 0.00486731 0.00128465 7.99272
4 0.00967006 0.00279211 7.98617
5 0.0143592 0.00461659 8.03159
6 0.0188623 0.00685861 8.10918
7 0.0229958 0.00971828 8.2494
8 0.0264911 0.0133239 8.42068
9 0.029115 0.0176083 8.53702
10 0.0308797 0.022316 8.62697
11 0.031893 0.0272414 8.66803
12 0.0321043 0.0322642 8.69472
13 0.0314275 0.0372452 8.6484
14 0.0299523 0.042053 8.54357
15 0.027917 0.0466555 8.4344
16 0.0256267 0.0511381 8.35583
17 0.0233729 0.0556389 8.32082
18 0.021445 0.0602864 8.301
19 0.0200513 0.0651203 8.42472
20 0.018972 0.0700368 8.56811
21 0.0171608 0.0747087 8.61521
22 0.0138055 0.0784172 8.27535
23 0.00946766 0.0809539 8.12856
24 0.00479993 0.0828294 8.08249
25 -1.24061e-05 0.0793412 6.47278
26 -1.16307e-05 0.0743824 4.4537
27 -1.08553e-05 0.0694235 2.83329
28 -1.00799e-05 0.0644647 1.65218
29 -9.30455e-06 0.0595059 0.872733
30 -8.52917e-06 0.0545471 0.418027
31 -7.75379e-06 0.0495882 0.190578
32 -6.97841e-06 0.0446294 0.0971588
33 -6.20303e-06 0.0396706 0.0792369
34 -5.42765e-06 0.0347118 0.127918
35 -4.65228e-06 0.0297529 0.283074
36 -3.8769e-06 0.0247941 0.627582
37 -3.10152e-06 0.0198353 1.29708
38 -2.32614e-06 0.0148765 2.44966
39 -1.55076e-06 0.00991765 4.14641
40 -7.75379e-07 0.00495882 6.32868
41 0.0177172 0.0264374 1.07054
42 0.013235 0.0183807 1.6045
43 0.0117343 0.0520062 0.564203
44 0.0091981 0.0159742 1.70451
45 0.0132935 0.0722726 5.36283
46 0.00922571 0.0751294 5.07862
47 0.00481016 0.0773151 5.19151
48 0.0144823 0.066939 4.27367
49 0.0149242 0.0611991 2.97293
50 0.0181907 0.0562617 3.98768
51 0.0205642 0.0515108 4.2712
52 0.00468376 0.0720975 3.10238
53 0.0227082 0.046976 4.40057
54 0.00474518 0.0669298 1.64361
55 0.0247329 0.0425827 4.61538
56 0.00468815 0.0618973 0.741517
57 0.0263243 0.0381324 4.81712
58 0.00445656 0.0570202 0.2805
59 0.0279763 0.0342937 5.55314
60 0.00428633 0.0520683 0.0989925
61 0.0272486 0.0301098 4.9293
62 0.0042871 0.0471095 0.0381794
63 0.0265548 0.0254467 4.88501
64 0.00428788 0.0421507 0.0187384
65 0.0263689 0.0212858 5.61318
66 0.00428865 0.0371918 0.0187065
67 0.023812 0.0179538 5.07476
68 0.00428943 0.032233 0.0440156
69 0.0219528 0.0142519 5.59124
70 0.00446855 0.0273679 0.134037
71 0.0183422 0.0121845 5.03502
72 0.00457349 0.0225987 0.410069
73 0.014654 0.00971819 5.10828
74 0.00453732 0.0178296 1.0787
75 0.0108851 0.00750773 5.40417
76 0.00478279 0.0131013 2.28602
77 0.00568944 0.00751098 4.50451
78 0.00931977 0.0695431 3.03193
79 0.00963699 0.0641691 1.7386
80 0.0132498 0.0564117 1.38877
81 0.0158619 0.0518395 1.69284
82 0.0175474 0.0471673 1.59855
83 0.0194475 0.0429602 1.74082
84 0.0213959 0.0385979 2.06793
85 0.00930963 0.0592957 0.827144
86 0.0229509 0.0336771 2.4214
87 0.00848271 0.0545074 0.304417
88 0.00829861 0.0496015 0.130329
89 0.00875475 0.0447721 0.0700516
90 0.0212051 0.0228138 2.58588
91 0.00882904 0.039829 0.0361854
92 0.00859774 0.0347131 0.0377119
93 0.00876378 0.0298831 0.090498
94 0.0182461 0.0178508 2.83657
95 0.0092848 0.0251319 0.281754
96 0.00922847 0.0205885 0.763989
97 0.00971414 0.0117778 3.1589
98 0.0222789 0.0282217 2.31081
99 0.0139238 0.0143055 2.95008
100 0.0127893 0.0476001 0.406914
101 0.0138152 0.0426951 0.277427
102 0.0167885 0.0392845 0.665853
103 0.0175703 0.0352436 0.663941
104 0.0146918 0.0226431 0.940068
105 0.012906 0.0371932 0.137391
106 0.013157 0.0325522 0.166537
107 0.0135214 0.0278749 0.337956
108 0.0178278 0.0306864 0.763734
