1 1.53081e-18 -0.025 8.77815
2 1.02054e-18 0.0133333 4.49686
3 1.53081e-18 0.025 5.21618
4 1.02054e-18 0.0466667 8.8143
5 0.0146855 0.0378813 9.17174
6 0.0239236 -0.00725686 9.17701
7 0.0138888 0.020787 8.33991
8 0 0.00566667 4.46972
9 0 -0.002 4.66477
10 0 -0.00966667 5.37279
11 0 -0.0173333 6.7114
12 0.0249925 0.000613864 9.19861
13 0.0235385 0.00842262 9.20254
14 0.0197084 0.0153812 8.79583
15 0.00788126 0.0153145 5.8028
16 0.00784211 -0.0237382 8.9222
17 0.0148926 -0.0200801 8.99721
18 0.0204397 -0.014395 9.0984
19 0 0.0191667 4.75534
20 0.00725686 0.0239236 6.31331
21 0.00855639 0.0443027 9.02211
22 0.0166486 0.0292241 9.35593
23 0 0.0394444 7.12313
24 0 0.0322222 6.00907
25 0.0151463 0.0118348 7.21601
26 0.0135344 -0.0128255 7.47034
27 0.0123994 -0.00110677 6.19834
28 0.0109884 0.00701752 5.95386
29 0.00727497 -0.0151921 6.96335
30 0.0162129 -0.0075576 7.32841
31 0.00784668 -0.00663302 5.84841
32 0.0189811 -0.00229871 7.64798
33 0.00594699 0.00168254 5.14373
34 0.017709 0.0042605 7.33397
35 0.00493297 0.00870473 5.04123
36 0.00792471 0.0355746 7.46637
37 0.0058631 0.0294991 6.41056
