1 1.53081e-18 -0.025 8.73433
2 1.02054e-18 0.0133333 4.14917
3 1.53081e-18 0.025 4.99135
4 1.02054e-18 0.0466667 8.81624
5 0.0146855 0.0378813 9.1597
6 0.0239236 -0.00725686 9.20753
7 0.0138888 0.020787 8.30326
8 0 0.00186849 3.89933
9 0 -0.0115658 5.20238
10 0.0246938 0.00390109 9.2262
11 0.0205272 0.01427 8.85853
12 0.00788126 0.0153145 5.69859
13 0.0103188 -0.0227711 8.92672
14 0.0187954 -0.0164843 9.06475
15 0.00778709 0.0237563 6.34604
16 0.00855639 0.0443027 9.02646
17 0.0166459 0.0291675 9.36666
18 0 0.0364973 6.5431
19 0.013495 0.0147559 7.23235
20 0.0121686 -0.00663808 6.28312
21 0.0113779 0.00714751 5.95326
22 0.00763999 0.0329933 7.07295
