1 6.12323e-19 -0.01 8.59
2 4.08216e-19 0.00533333 6.9724
3 6.12323e-19 0.01 7.30733
4 4.08216e-19 0.0186667 8.6751
5 0.0058742 0.0151525 8.86401
6 0.00956943 -0.00290274 8.88164
7 0.00555552 0.00831481 8.41663
8 0 0.00501389 6.95924
9 0 0.00469444 6.94703
10 0 0.004375 6.93636
11 0 0.00405556 6.9273
12 0 0.00373611 6.91979
13 0 0.00341667 6.91384
14 0 0.00309722 6.90952
15 0 0.00277778 6.90687
16 0 0.00245833 6.90594
17 0 0.00213889 6.90678
18 0 0.00181944 6.90943
19 0 0.0015 6.91395
20 0 0.00118056 6.92037
21 0 0.000861111 6.92874
22 0 0.000541667 6.9391
23 0 0.000222222 6.95149
24 0 -9.72222e-05 6.96594
25 0 -0.000416667 6.9825
26 0 -0.000736111 7.0012
27 0 -0.00105556 7.02207
28 0 -0.001375 7.04514
29 0 -0.00169444 7.07046
30 0 -0.00201389 7.09804
31 0 -0.00233333 7.12791
32 0 -0.00265278 7.16011
33 0 -0.00297222 7.19466
34 0 -0.00329167 7.23158
35 0 -0.00361111 7.2709
36 0 -0.00393056 7.31264
37 0 -0.00425 7.35682
38 0 -0.00456944 7.40346
39 0 -0.00488889 7.45259
40 0 -0.00520833 7.50421
41 0 -0.00552778 7.55836
42 0 -0.00584722 7.61504
43 0 -0.00616667 7.67427
44 0 -0.00648611 7.73607
45 0 -0.00680556 7.80046
46 0 -0.007125 7.86744
47 0 -0.00744444 7.93704
48 0 -0.00776389 8.00926
49 0 -0.00808333 8.08411
50 0 -0.00840278 8.16161
51 0 -0.00872222 8.24177
52 0 -0.00904167 8.32467
53 0 -0.00936111 8.41028
54 0 -0.00968056 8.49807
55 0.00965718 -0.00259595 8.88685
56 0.00973506 -0.0022866 8.89149
57 0.00980306 -0.00197484 8.89558
58 0.00986106 -0.00166116 8.89909
59 0.00990904 -0.00134569 8.90199
60 0.00994693 -0.00102885 8.90428
61 0.00997469 -0.000711061 8.90592
62 0.0099923 -0.00039245 8.90695
63 0.00999973 -7.35392e-05 8.90735
64 0.00999698 0.000245546 8.9071
65 0.00998406 0.000564381 8.9062
66 0.00996098 0.000882542 8.90465
67 0.00992775 0.0011999 8.90247
68 0.00988443 0.00151595 8.89967
69 0.00983103 0.00183054 8.89622
70 0.00976762 0.00214328 8.89213
71 0.00969429 0.00245373 8.88743
72 0.00961106 0.00276178 8.88214
73 0.00951808 0.00306693 8.87626
74 0.00941539 0.00336905 8.86977
75 0.0093031 0.00366774 8.8627
76 0.00918138 0.0039626 8.85505
77 0.00905028 0.00425352 8.84685
78 0.00891001 0.00454002 8.83808
79 0.00876062 0.00482199 8.82873
80 0.00860231 0.00509905 8.8188
81 0.00843529 0.00537083 8.80825
82 0.00825964 0.00563723 8.79706
83 0.00807563 0.00589781 8.78514
84 0.00788335 0.00615246 8.77242
85 0.00768304 0.00640085 8.75874
86 0.00747497 0.00664265 8.74389
87 0.00725923 0.00687776 8.72749
88 0.00703616 0.0071058 8.70903
89 0.00680586 0.00732668 8.68767
90 0.00656864 0.00754009 8.66182
91 0.0063248 0.00774577 8.6277
92 0.00607444 0.00794362 8.57391
93 0.00581799 0.00813333 8.46774
94 0.00537655 0.00805828 8.25384
95 0.00518586 0.00781058 8.12169
96 0.00498364 0.00757194 8.0025
97 0.00477064 0.00734323 7.89212
98 0.00454695 0.00712459 7.78886
99 0.00431341 0.0069168 7.69213
100 0.00407023 0.00672007 7.60149
101 0.00381808 0.00653496 7.5169
102 0.0035577 0.00636199 7.43836
103 0.00328933 0.00620131 7.36575
104 0.00301395 0.00605352 7.2992
105 0.0027317 0.0059187 7.23865
106 0.00244362 0.00579733 7.18423
107 0.00214999 0.00568953 7.13595
108 0.00185162 0.00559563 7.0939
109 0.00154937 0.00551587 7.05818
110 0.00124351 0.00545033 7.02877
111 0.000935184 0.00539925 7.00571
112 0.000624537 0.00536265 6.98893
113 0.00031271 0.00534067 6.97822
114 0.000319057 -0.00999491 8.59204
115 0.00063769 -0.00997965 8.59343
116 0.000955772 -0.00995422 8.59525
117 0.00127278 -0.00991867 8.59765
118 0.0015886 -0.00987301 8.60063
119 0.00190279 -0.0098173 8.6042
120 0.00221495 -0.00975161 8.60838
121 0.00252496 -0.00967598 8.61312
122 0.00283229 -0.00959052 8.61841
123 0.00313684 -0.00949527 8.62426
124 0.0034382 -0.00939036 8.63063
125 0.00373596 -0.00927591 8.63749
126 0.00403001 -0.00915199 8.6448
127 0.00431987 -0.0090188 8.65253
128 0.00460542 -0.00887638 8.66066
129 0.00488628 -0.00872492 8.66917
130 0.00516209 -0.00856463 8.678
131 0.00543272 -0.00839557 8.68711
132 0.00569774 -0.00821802 8.69647
133 0.00595704 -0.00803204 8.70606
134 0.00621027 -0.00783789 8.71582
135 0.00645711 -0.00763582 8.7257
136 0.00669744 -0.00742592 8.73568
137 0.00693089 -0.00720852 8.74571
138 0.00715735 -0.00698371 8.75576
139 0.00737653 -0.0067518 8.76578
140 0.00758813 -0.00651308 8.77572
141 0.00779207 -0.00626766 8.78554
142 0.00798802 -0.00601594 8.79523
143 0.00817589 -0.00575802 8.80474
144 0.00835544 -0.00549423 8.81402
145 0.00852644 -0.00522493 8.82301
146 0.0086888 -0.00495023 8.83172
147 0.00884227 -0.00467058 8.8401
148 0.00898679 -0.00438608 8.84812
149 0.00912215 -0.00409712 8.85574
150 0.00924819 -0.00380408 8.86292
151 0.00936485 -0.00350707 8.86964
152 0.00947195 -0.00320659 8.8759
153 0 0.00968889 7.27739
154 0 0.00937778 7.24891
155 0 0.00906667 7.22138
156 0 0.00875556 7.19483
157 0 0.00844444 7.16933
158 0 0.00813333 7.1448
159 0 0.00782222 7.12129
160 0 0.00751111 7.0988
161 0 0.0072 7.07735
162 0 0.00688889 7.05696
163 0 0.00657778 7.03772
164 0 0.00626667 7.01965
165 0 0.00595556 7.00265
166 0 0.00564444 6.98616
167 0.00528048 0.00849215 8.2547
168 0.0049998 0.00866037 8.13314
169 0.00471378 0.00881931 8.02291
170 0.00442273 0.00896881 7.92396
171 0.00412694 0.0091087 7.83474
172 0.00382673 0.00923884 7.75412
173 0.00352242 0.00935909 7.68133
174 0.00321431 0.00946933 7.61577
175 0.00290274 0.00956943 7.55703
176 0.00258807 0.00965929 7.50498
177 0.00227064 0.0097388 7.4593
178 0.0019508 0.00980787 7.41989
179 0.00162888 0.00986644 7.38664
180 0.00130523 0.00991445 7.35945
181 0.000980167 0.00995185 7.33816
182 0.000654048 0.00997859 7.32263
183 0.000327211 0.00999465 7.31276
184 0.00571997 0.0154244 8.85451
185 0.00555323 0.0156886 8.84447
186 0.0053743 0.0159448 8.83401
187 0.00518354 0.0161923 8.82319
188 0.00498133 0.0164307 8.81213
189 0.00476821 0.0166592 8.80093
190 0.00454467 0.0168775 8.7897
191 0.00431114 0.0170851 8.77853
192 0.00406807 0.0172816 8.76753
193 0.00381602 0.0174665 8.75679
194 0.00355568 0.0176393 8.74643
195 0.00328755 0.0177997 8.73651
196 0.00301217 0.0179474 8.72714
197 0.00273008 0.018082 8.71839
198 0.00244202 0.0182033 8.71032
199 0.00214868 0.0183109 8.70303
200 0.00185063 0.0184047 8.69657
201 0.00154844 0.0184843 8.69098
202 0.00124279 0.0185498 8.68627
203 0.000934485 0.0186008 8.68256
204 0.000624188 0.0186374 8.67973
205 0.000312493 0.0186593 8.67768
206 0.00572216 0.00857928 8.60923
207 0.00587616 0.00885116 8.71069
208 0.00601724 0.00912993 8.76825
209 0.00614513 0.00941507 8.80538
210 0.00625954 0.00970595 8.83257
211 0.00636017 0.0100018 8.85319
212 0.00644681 0.010302 8.86929
213 0.00651929 0.010606 8.88187
214 0.00657746 0.010913 8.8917
215 0.00662118 0.0112226 8.89917
216 0.00665034 0.0115337 8.90464
217 0.00666488 0.0118458 8.90831
218 0.00666479 0.0121583 8.91038
219 0.00665004 0.0124705 8.91095
220 0.00662068 0.0127817 8.91014
221 0.00657679 0.013091 8.90804
222 0.00651845 0.013398 8.90474
223 0.00644577 0.0137019 8.90031
224 0.00635891 0.0140022 8.89483
225 0.00625809 0.014298 8.88838
226 0.00614355 0.0145887 8.88103
227 0.00601551 0.0148737 8.87289
228 0 0.0183457 8.59992
229 0 0.0180247 8.52848
230 0 0.0177037 8.45867
231 0 0.0173827 8.39086
232 0 0.0170617 8.32511
233 0 0.0167407 8.26137
234 0 0.0164198 8.1996
235 0 0.0160988 8.13975
236 0 0.0157778 8.0818
237 0 0.0154568 8.02568
238 0 0.0151358 7.97134
239 0 0.0148148 7.91875
240 0 0.0144938 7.86786
241 0 0.0141728 7.8186
242 0 0.0138519 7.77095
243 0 0.0135309 7.72484
244 0 0.0132099 7.68023
245 0 0.0128889 7.63707
246 0 0.0125679 7.59531
247 0 0.0122469 7.55492
248 0 0.0119259 7.51584
249 0 0.0116049 7.47803
250 0 0.011284 7.44144
251 0 0.010963 7.40607
252 0 0.010642 7.37202
253 0 0.010321 7.33928
254 0.00515455 0.00069924 7.5378
255 0.00405902 -0.00411405 7.659
256 0.00587898 -0.00140444 7.75543
257 0.00573714 7.12375e-05 7.67438
258 0.00420339 0.00423174 7.43982
259 0.00199598 -0.00948972 8.51929
260 0.00169307 -0.00955587 8.51769
261 0.00138618 -0.00960261 8.51384
262 0.00230534 -0.00941435 8.52226
263 0.00106426 -0.00963058 8.50752
264 0.00261465 -0.00933879 8.52873
265 0.00074001 -0.00965888 8.50483
266 0.00290423 -0.0092587 8.53548
267 0.000399674 -0.00968844 8.50579
268 0.00319363 -0.00916409 8.54149
269 0.00347701 -0.00905262 8.54557
270 0.00377046 -0.00892906 8.55106
271 0.00406384 -0.00880533 8.55996
272 0.000273795 -0.00919152 8.36761
273 0.00433912 -0.00867972 8.56908
274 0.000290103 -0.0088878 8.28777
275 0.00460791 -0.00853967 8.5767
276 0.000276647 -0.0085625 8.20457
277 0.00486988 -0.00838598 8.58294
278 0.000276647 -0.00824306 8.12575
279 0.00513997 -0.00821737 8.59023
280 0.000276647 -0.00792361 8.04957
281 0.00540997 -0.0080486 8.60082
282 0.000276647 -0.00760417 7.97604
283 0.00566127 -0.00788157 8.61144
284 0.000276647 -0.00728472 7.90514
285 0.00590443 -0.00769953 8.62005
286 0.000276647 -0.00696528 7.83686
287 0.00613928 -0.00750669 8.62756
288 0.000276647 -0.00664583 7.77119
289 0.00637916 -0.00729732 8.63572
290 0.000276647 -0.00632639 7.70811
291 0.00661891 -0.0070878 8.64708
292 0.000276647 -0.00600694 7.64761
293 0.00684064 -0.00688305 8.6583
294 0.000276647 -0.0056875 7.58967
295 0.00705234 -0.00666521 8.66746
296 0.000276647 -0.00536806 7.53427
297 0.00725302 -0.00643705 8.67482
298 0.000276647 -0.00504861 7.4814
299 0.00745659 -0.00619223 8.68288
300 0.000276647 -0.00472917 7.43104
301 0.00766002 -0.00594728 8.69402
302 0.000276647 -0.00440972 7.38318
303 0.00784653 -0.00571004 8.70493
304 0.000276647 -0.00409028 7.33779
305 0.00802037 -0.00546091 8.71323
306 0.000276647 -0.00377083 7.29485
307 0.00818286 -0.00520419 8.71999
308 0.000276647 -0.00345139 7.25434
309 0.00834495 -0.00493013 8.72698
310 0.000276647 -0.00313194 7.21625
311 0.00850688 -0.00465598 8.73696
312 0.000276647 -0.0028125 7.18054
313 0.00865303 -0.00439089 8.74635
314 0.000276647 -0.00249306 7.14719
315 0.00878599 -0.0041182 8.75356
316 0.000276647 -0.00217361 7.11618
317 0.0089051 -0.00383858 8.75844
318 0.000276647 -0.00185417 7.08749
319 0.00902184 -0.00354187 8.76356
320 0.000276647 -0.00153472 7.06107
321 0.00913878 -0.00324571 8.77178
322 0.000276647 -0.00121528 7.03691
323 0.00923947 -0.00296101 8.7787
324 0.000276647 -0.000895833 7.01497
325 0.00932747 -0.00267101 8.78375
326 0.000276647 -0.000576389 6.99523
327 0.00940082 -0.002375 8.78627
328 0.000276647 -0.000256944 6.97764
329 0.00946855 -0.00206181 8.7886
330 0.000276647 6.25e-05 6.96217
331 0.00953677 -0.00174827 8.79402
332 0.000276647 0.000381944 6.94879
333 0.00959406 -0.00144791 8.7993
334 0.000276647 0.000701389 6.93746
335 0.00963522 -0.00114617 8.8018
336 0.000276647 0.00102083 6.92815
337 0.00966051 -0.000844581 8.80161
338 0.000276647 0.00134028 6.9208
339 0.00967818 -0.000526667 8.8012
340 0.000276647 0.00165972 6.91538
341 0.00969566 -0.000208742 8.80363
342 0.000276647 0.00197917 6.91184
343 0.00970337 9.37299e-05 8.80559
344 0.000276647 0.00229861 6.91015
345 0.0096953 0.000396725 8.80482
346 0.000276647 0.00261806 6.91024
347 0.00967214 0.000699553 8.80155
348 0.000276647 0.0029375 6.91209
349 0.00963908 0.00101624 8.79795
350 0.000276647 0.00325694 6.91564
351 0.00960583 0.0013329 8.79719
352 0.000276647 0.00357639 6.92083
353 0.00956553 0.00163279 8.79617
354 0.000276647 0.00389583 6.92765
355 0.00950941 0.00193068 8.79236
356 0.000283537 0.0042235 6.93639
357 0.00943851 0.00222596 8.78608
358 0.000298891 0.00455141 6.94692
359 0.00935556 0.00253337 8.77933
360 0.000276647 0.00485417 6.9573
361 0.00927243 0.00284073 8.77541
362 0.000223946 0.00512656 6.96723
363 0.00918554 0.00312969 8.77153
364 0.00908218 0.00341526 8.7646
365 0.00048796 0.00510253 6.97272
366 0.00896556 0.00369594 8.75551
367 0.000799326 0.00510034 6.98517
368 0.00883483 0.00398627 8.74567
369 0.00112729 0.00515545 7.00674
370 0.00870392 0.00427652 8.73867
371 0.001449 0.00523392 7.03541
372 0.00857158 0.00454866 8.73173
373 0.00175957 0.00531276 7.06936
374 0.00842512 0.00481406 8.72205
375 0.00207531 0.00539364 7.11034
376 0.00826526 0.00507222 8.70974
377 0.00238212 0.00549778 7.15788
378 0.00809007 0.00533809 8.69645
379 0.00268474 0.00562754 7.21283
380 0.00791472 0.00560386 8.68579
381 0.00297907 0.00575457 7.27292
382 0.00774168 0.00585143 8.67531
383 0.00327021 0.00589764 7.34023
384 0.00755423 0.00609043 8.66116
385 0.00355088 0.00606079 7.41379
386 0.00735539 0.00631989 8.64372
387 0.00382013 0.00623619 7.49278
388 0.00714018 0.00655456 8.62389
389 0.0040945 0.00641578 7.58109
390 0.00692484 0.00678909 8.60518
391 0.00435122 0.00661291 7.67418
392 0.00670944 0.00700989 8.58385
393 0.00459459 0.00683221 7.77382
394 0.00648142 0.00721757 8.55396
395 0.00483343 0.00704735 7.88073
396 0.0062291 0.00741982 8.50881
397 0.00506064 0.00727474 7.99511
398 0.00595786 0.00763121 8.44457
399 0.00527319 0.00751851 8.11741
400 0.00566956 0.00790535 8.36268
401 0.00023437 -0.00944605 8.43614
402 0.00542544 0.00775161 8.22288
403 0.00208532 -0.00918388 8.44308
404 0.0017895 -0.00925314 8.4412
405 0.00148723 -0.00930618 8.43782
406 0.00117862 -0.00934265 8.43294
407 0.00238358 -0.00910819 8.4467
408 0.000847024 -0.00936131 8.42583
409 0.0026762 -0.00902818 8.45195
410 0.000529417 -0.00939983 8.42822
411 0.00295815 -0.0089408 8.4574
412 0.00323848 -0.00884362 8.46318
413 0.00351662 -0.00873647 8.4692
414 0.00380989 -0.00861288 8.47623
415 0.00407761 -0.00848837 8.4828
416 0.000610846 -0.00907368 8.34219
417 0.0043427 -0.00835781 8.49048
418 0.000553371 -0.00872446 8.25031
419 0.00460271 -0.00821739 8.49796
420 0.000553192 -0.00840278 8.16958
421 0.00485877 -0.00806755 8.50551
422 0.000553192 -0.00808333 8.09208
423 0.00512867 -0.00789894 8.51423
424 0.000553192 -0.00776389 8.01724
425 0.00537307 -0.00773363 8.52221
426 0.000553192 -0.00744444 7.94505
427 0.0056137 -0.00756292 8.53116
428 0.000553192 -0.007125 7.87549
429 0.00584764 -0.00738118 8.53925
430 0.000553192 -0.00680556 7.80854
431 0.00607772 -0.00719407 8.54825
432 0.000553192 -0.00648611 7.74419
433 0.00631742 -0.00698473 8.55778
434 0.000553192 -0.00616667 7.68243
435 0.00653387 -0.00678387 8.56687
436 0.000553192 -0.00584722 7.62324
437 0.0067434 -0.00657584 8.57576
438 0.000553192 -0.00552778 7.5666
439 0.00694619 -0.00636042 8.58443
440 0.000553192 -0.00520833 7.5125
441 0.00714258 -0.00613818 8.59305
442 0.000553192 -0.00488889 7.46093
443 0.00734597 -0.00589342 8.60241
444 0.000553192 -0.00456944 7.41186
445 0.00752642 -0.00565979 8.61067
446 0.000553192 -0.00425 7.36527
447 0.00770146 -0.00542215 8.61954
448 0.000553192 -0.00393056 7.32115
449 0.00786656 -0.00517624 8.62713
450 0.000553192 -0.00361111 7.27948
451 0.00802635 -0.00492665 8.63538
452 0.000553192 -0.00329167 7.24023
453 0.00818827 -0.00465269 8.64364
454 0.000553192 -0.00297222 7.20338
455 0.00833081 -0.00439371 8.65119
456 0.000553192 -0.00265278 7.1689
457 0.00846446 -0.00412998 8.65817
458 0.000553192 -0.00233333 7.13679
459 0.00858873 -0.0038613 8.66439
460 0.000553192 -0.00201389 7.107
461 0.00870641 -0.00358909 8.67083
462 0.000553192 -0.00169444 7.07951
463 0.00881746 -0.00330018 8.67625
464 0.000553192 -0.001375 7.05429
465 0.00891943 -0.00301641 8.6821
466 0.000553192 -0.00105556 7.03131
467 0.00901138 -0.00273391 8.68754
468 0.000553192 -0.000736111 7.01054
469 0.00909161 -0.0024487 8.69164
470 0.000553192 -0.000416667 6.99196
471 0.00916389 -0.00215985 8.69551
472 0.000553192 -9.72222e-05 6.97551
473 0.00923171 -0.00184609 8.69917
474 0.000553192 0.000222222 6.96118
475 0.0092869 -0.00155288 8.70261
476 0.000553192 0.000541667 6.94892
477 0.00933295 -0.00125945 8.70563
478 0.000553192 0.000861111 6.93869
479 0.00936835 -0.000965555 8.70767
480 0.000553192 0.00118056 6.93046
481 0.00939377 -0.000670309 8.7089
482 0.000553192 0.0015 6.92417
483 0.00941133 -0.000352551 8.7098
484 0.000553192 0.00181944 6.9198
485 0.00941686 -5.71659e-05 8.70967
486 0.000553192 0.00213889 6.9173
487 0.00941567 0.000238152 8.7098
488 0.000553192 0.00245833 6.91661
489 0.00940301 0.000533364 8.70862
490 0.000553192 0.00277778 6.9177
491 0.00938109 0.000829237 8.70689
492 0.000553192 0.00309722 6.92051
493 0.00934796 0.00114575 8.70462
494 0.000553192 0.00341667 6.92501
495 0.0093069 0.00143826 8.70165
496 0.00055829 0.0037459 6.93155
497 0.00925875 0.00172965 8.6988
498 0.000550201 0.00406264 6.939
499 0.00919828 0.00201914 8.6943
500 0.000574758 0.00439455 6.94946
501 0.00913056 0.00230776 8.68988
502 0.000621212 0.00476067 6.96361
503 0.00904756 0.00261499 8.6844
504 0.00896196 0.00289755 8.67894
505 0.00886677 0.00317693 8.67261
506 0.00876118 0.00345354 8.66519
507 0.00864852 0.00372778 8.65777
508 0.00100043 0.00482953 6.985
509 0.00851777 0.00401792 8.64902
510 0.00134326 0.00491079 7.01234
511 0.00838678 0.00428273 8.63988
512 0.00167468 0.00501029 7.04648
513 0.00824985 0.00454446 8.63093
514 0.00199709 0.00508459 7.08543
515 0.00810179 0.0048005 8.62016
516 0.0023187 0.00517903 7.13192
517 0.0079472 0.00505329 8.60923
518 0.00263265 0.00530013 7.18558
519 0.00777202 0.00531897 8.59633
520 0.00294049 0.00543664 7.24611
521 0.00760197 0.00556174 8.58368
522 0.00325105 0.0055755 7.31463
523 0.00742335 0.00579676 8.56907
524 0.00354877 0.00573573 7.38949
525 0.00723714 0.00602638 8.55286
526 0.00383553 0.00591452 7.4709
527 0.0070359 0.0062557 8.53327
528 0.00411656 0.00609883 7.55935
529 0.00682921 0.00648516 8.51276
530 0.00439409 0.00629046 7.65591
531 0.00661956 0.00670192 8.48858
532 0.00465232 0.00650619 7.75791
533 0.0063993 0.00691014 8.45733
534 0.00490211 0.00673395 7.86794
535 0.00616301 0.00710817 8.41358
536 0.0051559 0.00696318 7.9902
537 0.00591615 0.00730767 8.35727
538 0.00537786 0.00722049 8.11527
539 0.00561875 0.00750853 8.26592
540 0.00216678 -0.00887681 8.36874
541 0.00188075 -0.00895017 8.3671
542 0.00159292 -0.00902051 8.36764
543 0.00128646 -0.009055 8.36083
544 0.000972634 -0.00908212 8.35514
545 0.0024519 -0.0087995 8.37235
546 0.00272981 -0.00871666 8.37692
547 0.00300417 -0.00862569 8.382
548 0.00327826 -0.00852532 8.38764
549 0.00355254 -0.00841695 8.3943
550 0.00382231 -0.00829764 8.4007
551 0.00408407 -0.00817333 8.40774
552 0.00433983 -0.00804032 8.4147
553 0.00083565 -0.00855786 8.21557
554 0.00459254 -0.00789737 8.42171
555 0.000829736 -0.00824306 8.13773
556 0.00484508 -0.00774659 8.42978
557 0.000829736 -0.00792361 8.0616
558 0.00509093 -0.00758572 8.43732
559 0.000829736 -0.00760417 7.98811
560 0.00532951 -0.00742121 8.44559
561 0.000829736 -0.00728472 7.91727
562 0.00556051 -0.00725038 8.45383
563 0.000829736 -0.00696528 7.84906
564 0.00578822 -0.00706881 8.46191
565 0.000829736 -0.00664583 7.78346
566 0.00601412 -0.00687956 8.47085
567 0.000829736 -0.00632639 7.72045
568 0.00623071 -0.00668128 8.47882
569 0.000829736 -0.00600694 7.66002
570 0.00644019 -0.00648101 8.48757
571 0.000829736 -0.0056875 7.60216
572 0.00664167 -0.00627582 8.49625
573 0.000829736 -0.00536806 7.54685
574 0.00683688 -0.00606013 8.50422
575 0.000829736 -0.00504861 7.49407
576 0.007029 -0.00583719 8.51286
577 0.000829736 -0.00472917 7.44381
578 0.00721211 -0.00560772 8.52088
579 0.000829736 -0.00440972 7.39604
580 0.0073873 -0.00537682 8.5293
581 0.000829736 -0.00409028 7.35076
582 0.0075531 -0.00514129 8.53714
583 0.000829736 -0.00377083 7.30794
584 0.00771184 -0.00489837 8.54457
585 0.000829736 -0.00345139 7.26755
586 0.00786639 -0.00464752 8.55235
587 0.000829736 -0.00313194 7.22958
588 0.00801068 -0.00439144 8.55922
589 0.000829736 -0.0028125 7.19401
590 0.00814671 -0.00413516 8.56631
591 0.000829736 -0.00249306 7.16081
592 0.00827367 -0.00387641 8.573
593 0.000829736 -0.00217361 7.12995
594 0.00839093 -0.00361078 8.57861
595 0.000829736 -0.00185417 7.10141
596 0.00850473 -0.00333955 8.58513
597 0.000829736 -0.00153472 7.07516
598 0.00860554 -0.00306426 8.58994
599 0.000829736 -0.00121528 7.05118
600 0.00869848 -0.00279052 8.59499
601 0.000829736 -0.000895833 7.02942
602 0.00878159 -0.0025145 8.59929
603 0.000829736 -0.000576389 7.00987
604 0.00885701 -0.00223305 8.60326
605 0.000829736 -0.000256944 6.99249
606 0.00892671 -0.00194438 8.60749
607 0.000829736 6.25e-05 6.97724
608 0.00898308 -0.00165275 8.60994
609 0.000829736 0.000381944 6.96408
610 0.00903263 -0.0013644 8.61289
611 0.000829736 0.000701389 6.95299
612 0.00907199 -0.00107929 8.61515
613 0.000829736 0.00102083 6.94391
614 0.00910205 -0.000790188 8.61672
615 0.000829736 0.00134028 6.93681
616 0.00912516 -0.000496451 8.6184
617 0.000829736 0.00165972 6.93165
618 0.00913401 -0.000202498 8.61798
619 0.000829736 0.00197917 6.92839
620 0.00913613 8.70488e-05 8.61785
621 0.000829736 0.00229861 6.92697
622 0.00912945 0.000374917 8.61725
623 0.000829736 0.00261806 6.92735
624 0.00911276 0.000664637 8.61581
625 0.000829736 0.0029375 6.92949
626 0.00908806 0.000958177 8.61429
627 0.000829736 0.00325694 6.93333
628 0.00905091 0.00124981 8.61118
629 0.000840226 0.003597 6.93977
630 0.00900758 0.00153608 8.60831
631 0.000842851 0.00393132 6.94755
632 0.00895385 0.00181916 8.60434
633 0.000800166 0.00421579 6.95343
634 0.00889126 0.00210229 8.5999
635 0.000898766 0.00449819 6.9672
636 0.00881922 0.00238805 8.59502
637 0.00873684 0.00266998 8.58906
638 0.00864867 0.00294617 8.58323
639 0.00855224 0.00321762 8.57676
640 0.0084448 0.00348714 8.56901
641 0.00832906 0.00375796 8.56117
642 0.00123468 0.00456594 6.99069
643 0.00820267 0.00402331 8.55182
644 0.00157449 0.00467203 7.02271
645 0.00807136 0.00428149 8.54242
646 0.00190898 0.00477402 7.06122
647 0.00793259 0.00453403 8.53224
648 0.00224923 0.0048492 7.10652
649 0.00778353 0.00478312 8.52059
650 0.00257725 0.00496179 7.15908
651 0.0076264 0.00503169 8.5085
652 0.00289936 0.00510741 7.21981
653 0.00745915 0.0052743 8.49441
654 0.00322375 0.00524619 7.28836
655 0.00728812 0.00550905 8.47968
656 0.00353914 0.00539507 7.36366
657 0.00711068 0.00573714 8.46335
658 0.00383769 0.00557516 7.44533
659 0.0069223 0.00596028 8.44384
660 0.0041287 0.0057694 7.53449
661 0.00672769 0.00618271 8.42271
662 0.00443085 0.00595523 7.63484
663 0.00652505 0.00640133 8.39793
664 0.00470865 0.00616811 7.73991
665 0.0063231 0.00660979 8.36982
666 0.00496634 0.00640623 7.8509
667 0.00609546 0.00680408 8.32626
668 0.00522699 0.00663752 7.97218
669 0.00585778 0.00697624 8.26825
670 0.00550808 0.00687732 8.11345
671 0.00081449 -0.00884131 8.28716
672 0.00223225 -0.00856835 8.29554
673 0.00195573 -0.00864374 8.29374
674 0.00167958 -0.00871983 8.29503
675 0.00141513 -0.00881639 8.30512
676 0.00112307 -0.008752 8.27494
677 0.00250378 -0.00848881 8.29876
678 0.00277408 -0.00840408 8.3034
679 0.00304349 -0.00831248 8.30909
680 0.00331114 -0.00821268 8.31542
681 0.00357398 -0.00810224 8.32146
682 0.00383124 -0.00798285 8.32746
683 0.00408229 -0.00785748 8.33396
684 0.00432972 -0.00772476 8.34094
685 0.00112117 -0.00840452 8.18769
686 0.00457551 -0.00758375 8.3485
687 0.0011246 -0.00808585 8.11059
688 0.00481621 -0.00743329 8.35586
689 0.00112377 -0.00776922 8.03642
690 0.00505029 -0.00727425 8.36291
691 0.00111598 -0.0074489 7.96375
692 0.00527739 -0.00710972 8.3702
693 0.00110628 -0.007125 7.89289
694 0.00550101 -0.00694003 8.37838
695 0.00110628 -0.00680556 7.82604
696 0.00572123 -0.00676195 8.38681
697 0.00110628 -0.00648611 7.7618
698 0.00593529 -0.00657425 8.39473
699 0.00110628 -0.00616667 7.70014
700 0.00614108 -0.00637996 8.40226
701 0.00110628 -0.00584722 7.64106
702 0.00633978 -0.00618186 8.4101
703 0.00110628 -0.00552778 7.58455
704 0.00653292 -0.00597841 8.41825
705 0.00110628 -0.00520833 7.53058
706 0.00672194 -0.00576743 8.42666
707 0.00110628 -0.00488889 7.47914
708 0.00690337 -0.00554919 8.43458
709 0.00110628 -0.00456944 7.43021
710 0.00707579 -0.00532487 8.44184
711 0.00110628 -0.00425 7.38378
712 0.00723965 -0.00509782 8.449
713 0.00110628 -0.00393056 7.33982
714 0.00739846 -0.00486561 8.45654
715 0.00110628 -0.00361111 7.29832
716 0.00755199 -0.00462713 8.46426
717 0.00110628 -0.00329167 7.25925
718 0.00769669 -0.00438286 8.47131
719 0.00110628 -0.00297222 7.2226
720 0.00783127 -0.00413327 8.47737
721 0.00110628 -0.00265278 7.18833
722 0.00795671 -0.00388241 8.48315
723 0.00110628 -0.00233333 7.15643
724 0.00807615 -0.00362825 8.48922
725 0.00110628 -0.00201389 7.12686
726 0.00818956 -0.00336887 8.4954
727 0.00110628 -0.00169444 7.09962
728 0.00829334 -0.00310488 8.50073
729 0.00110628 -0.001375 7.07465
730 0.00838696 -0.0028391 8.50529
731 0.00110628 -0.00105556 7.05194
732 0.00847086 -0.00257195 8.50917
733 0.00110628 -0.000736111 7.03146
734 0.00854846 -0.00230117 8.5132
735 0.00110628 -0.000416667 7.01316
736 0.00861927 -0.00202438 8.51711
737 0.00110628 -9.72222e-05 6.99703
738 0.00868282 -0.00174343 8.52097
739 0.00110628 0.000222222 6.98302
740 0.00873145 -0.00146299 8.52265
741 0.00110628 0.000541667 6.9711
742 0.00877338 -0.00118467 8.52466
743 0.00110628 0.000861111 6.96122
744 0.00880982 -0.00090636 8.52725
745 0.00110628 0.00118056 6.95335
746 0.00883788 -0.000623974 8.52939
747 0.00110628 0.0015 6.94745
748 0.00885227 -0.000338633 8.52952
749 0.00110628 0.00181944 6.94347
750 0.00885444 -5.67874e-05 8.52815
751 0.00110628 0.00213889 6.94137
752 0.00885121 0.000223599 8.52734
753 0.00110628 0.00245833 6.9411
754 0.00884271 0.000503042 8.5271
755 0.00110628 0.00277778 6.94262
756 0.00882565 0.000786693 8.52648
757 0.00110628 0.00309722 6.94587
758 0.00879438 0.00107035 8.52368
759 0.0011194 0.00344001 6.95206
760 0.00875175 0.00134903 8.51945
761 0.00112852 0.00379429 6.96017
762 0.0087041 0.00162549 8.51579
763 0.00111954 0.00418623 6.97008
764 0.00864876 0.0019009 8.5119
765 0.00858509 0.00217723 8.5077
766 0.00851134 0.00245121 8.50249
767 0.00842713 0.00272143 8.49601
768 0.00833568 0.00298664 8.48911
769 0.0082373 0.00324984 8.48208
770 0.00813067 0.0035126 8.47466
771 0.00801381 0.0037712 8.46587
772 0.00147737 0.00432583 7.00147
773 0.00788812 0.0040246 8.45594
774 0.00181107 0.00443946 7.0373
775 0.00775586 0.00427193 8.44533
776 0.00214632 0.00453094 7.07943
777 0.0076176 0.00451641 8.43449
778 0.00252341 0.00458483 7.13307
779 0.00747027 0.00475853 8.42246
780 0.00285555 0.00477253 7.19459
781 0.00731351 0.0049956 8.40861
782 0.00318446 0.00491768 7.26146
783 0.00714768 0.00522635 8.3926
784 0.00352147 0.00505294 7.33753
785 0.00697651 0.00545054 8.37516
786 0.00383609 0.00522169 7.41916
787 0.00679796 0.00567139 8.35574
788 0.0041353 0.00542628 7.50816
789 0.0066139 0.0058901 8.33455
790 0.00443851 0.00562 7.6061
791 0.0064212 0.00610223 8.30908
792 0.00477553 0.00579544 7.7216
793 0.00622159 0.00630976 8.27902
794 0.00503654 0.00607508 7.83515
795 0.00605397 0.00653366 8.26051
796 0.00527946 0.00630387 7.94603
797 0.00579257 0.00666015 8.18684
798 0.00554108 0.00650215 8.06809
799 0.00226814 -0.00825931 8.22246
800 0.0019871 -0.00833832 8.22015
801 0.00170493 -0.00842421 8.22247
802 0.00491065 0.000805479 7.48499
803 0.00254467 -0.00817915 8.22708
804 0.00281374 -0.00809298 8.23245
805 0.00307594 -0.00800076 8.23844
806 0.0033344 -0.00790189 8.24514
807 0.0035863 -0.00778984 8.25064
808 0.00383099 -0.00766843 8.25569
809 0.00407275 -0.00754357 8.26212
810 0.00431273 -0.00741407 8.26982
811 0.00141621 -0.00824205 8.16162
812 0.00454945 -0.00727428 8.27732
813 0.00142648 -0.00793454 8.0889
814 0.00477846 -0.00712253 8.28356
815 0.00141343 -0.00761582 8.01494
816 0.00499971 -0.00696329 8.28944
817 0.00138888 -0.00728799 7.94107
818 0.00521833 -0.00680064 8.29663
819 0.00138283 -0.00696528 7.87196
820 0.00543501 -0.00663466 8.30528
821 0.00138283 -0.00664583 7.80648
822 0.00564669 -0.00645948 8.31363
823 0.00138283 -0.00632639 7.74361
824 0.0058488 -0.00627341 8.32047
825 0.00138283 -0.00600694 7.68332
826 0.00604194 -0.0060815 8.32678
827 0.00138283 -0.0056875 7.62561
828 0.00623167 -0.00588643 8.3342
829 0.00138283 -0.00536806 7.57046
830 0.00641911 -0.00568842 8.34298
831 0.00138283 -0.00504861 7.51786
832 0.00660027 -0.00548175 8.35128
833 0.00138283 -0.00472917 7.46778
834 0.00677016 -0.00526595 8.35784
835 0.00138283 -0.00440972 7.42021
836 0.00693033 -0.00504555 8.3637
837 0.00138283 -0.00409028 7.37514
838 0.00708691 -0.00482291 8.37065
839 0.00138283 -0.00377083 7.33253
840 0.00724069 -0.00459782 8.37886
841 0.00138283 -0.00345139 7.29238
842 0.00738669 -0.00436473 8.3863
843 0.00138283 -0.00313194 7.25466
844 0.0075202 -0.00412435 8.39184
845 0.00138283 -0.0028125 7.21935
846 0.00764263 -0.00388061 8.39629
847 0.00138283 -0.00249306 7.18642
848 0.00776062 -0.00363535 8.4016
849 0.00138283 -0.00217361 7.15586
850 0.00787563 -0.00338848 8.40815
851 0.00138283 -0.00185417 7.12763
852 0.00798441 -0.00313654 8.41468
853 0.00138283 -0.00153472 7.10171
854 0.00807803 -0.00287879 8.41863
855 0.00138283 -0.00121528 7.07807
856 0.00816068 -0.00261992 8.42153
857 0.00138283 -0.000895833 7.05668
858 0.00823902 -0.00236 8.42526
859 0.00138283 -0.000576389 7.03751
860 0.00831337 -0.00209682 8.42978
861 0.00138283 -0.000256944 7.02053
862 0.00837965 -0.00182673 8.43371
863 0.00138283 6.25e-05 7.00569
864 0.0084324 -0.00155293 8.43567
865 0.00138283 0.000381944 6.99298
866 0.00847394 -0.00128155 8.43658
867 0.00138283 0.000701389 6.98234
868 0.00851197 -0.00101211 8.43868
869 0.00138283 0.00102083 6.97374
870 0.00855103 -0.00074515 8.44329
871 0.00138283 0.00134028 6.96714
872 0.00857691 -0.000465012 8.44576
873 0.00138283 0.00165972 6.9625
874 0.00857473 -0.000192146 8.44191
875 0.00138283 0.00197917 6.95977
876 0.00857035 8.0585e-05 8.43952
877 0.00138283 0.00229861 6.9589
878 0.00856511 0.000350885 8.43898
879 0.00138283 0.00261806 6.95984
880 0.00856309 0.00062045 8.44153
881 0.00138283 0.0029375 6.96255
882 0.00854216 0.000901451 8.44058
883 0.00139946 0.0032749 6.96855
884 0.00849658 0.00117074 8.4339
885 0.00141142 0.00361573 6.9762
886 0.00845031 0.0014394 8.4291
887 0.0014243 0.00397262 6.98624
888 0.00840094 0.00170732 8.4254
889 0.00834675 0.00197483 8.42232
890 0.00828172 0.00224202 8.418
891 0.00820318 0.00250534 8.41141
892 0.00811523 0.00276319 8.40362
893 0.00802295 0.00301939 8.3964
894 0.00792706 0.0032748 8.39002
895 0.00782075 0.00352836 8.38233
896 0.00770143 0.00377577 8.37205
897 0.00172802 0.00411288 7.01768
898 0.00757344 0.00401658 8.3603
899 0.00203974 0.0042101 7.05458
900 0.00744184 0.00425487 8.34891
901 0.00233862 0.00426102 7.09409
902 0.00730687 0.00449183 8.338
903 0.00286858 0.00444099 7.181
904 0.00716144 0.00472528 8.32504
905 0.00315454 0.00459313 7.23846
906 0.00700368 0.00495105 8.30867
907 0.00347664 0.00471882 7.30803
908 0.00683729 0.00516912 8.28959
909 0.00384433 0.00482883 7.39423
910 0.00666495 0.00538621 8.26918
911 0.00414145 0.00508123 7.48306
912 0.0064878 0.00560394 8.24756
913 0.00442852 0.00527463 7.57336
914 0.00630787 0.00582216 8.22479
915 0.00470651 0.00542624 7.66497
916 0.0060876 0.0060411 8.1875
917 0.00515134 0.00577392 7.83714
918 0.00585675 0.00629632 8.14964
919 0.00537655 0.00598836 7.93783
920 0.00556223 0.0062021 8.03103
921 0.00263158 0.00426466 7.13607
922 0.00497318 0.0055362 7.75523
923 0.0023161 -0.00795579 8.15426
924 0.002021 -0.00802907 8.14835
925 0.00172317 -0.00811722 8.14907
926 0.00258865 -0.00786834 8.15803
927 0.00285072 -0.00777808 8.16298
928 0.00310238 -0.00769685 8.17153
929 0.00335043 -0.00759839 8.17821
930 0.00358604 -0.00747618 8.18051
931 0.00382145 -0.00735473 8.1854
932 0.00405699 -0.00723334 8.19276
933 0.00429181 -0.00711086 8.20222
934 0.00451702 -0.00696991 8.2087
935 0.00175059 -0.00777828 8.07132
936 0.00472738 -0.00681298 8.21182
937 0.00166365 -0.00744495 7.99093
938 0.00493972 -0.00665413 8.21725
939 0.00165937 -0.007125 7.92123
940 0.00515345 -0.00649684 8.2256
941 0.00165937 -0.00680556 7.85451
942 0.00536601 -0.00633953 8.23608
943 0.00165937 -0.00648611 7.79042
944 0.005566 -0.00616464 8.24317
945 0.00165937 -0.00616667 7.72893
946 0.00574995 -0.00597618 8.24685
947 0.00165937 -0.00584722 7.67003
948 0.00593394 -0.00578582 8.25248
949 0.00165937 -0.00552778 7.61371
950 0.0061194 -0.00559646 8.26089
951 0.00165937 -0.00520833 7.55994
952 0.00630416 -0.0054075 8.27147
953 0.00165937 -0.00488889 7.50873
954 0.00647387 -0.00520308 8.27842
955 0.00165937 -0.00456944 7.46004
956 0.0066253 -0.00498749 8.28161
957 0.00165937 -0.00425 7.41385
958 0.00677713 -0.00477054 8.28689
959 0.00165937 -0.00393056 7.37016
960 0.00693014 -0.00455415 8.29475
961 0.00165937 -0.00361111 7.32894
962 0.00708252 -0.00433836 8.30471
963 0.00165937 -0.00329167 7.29017
964 0.00721749 -0.00410978 8.3108
965 0.00165937 -0.00297222 7.25383
966 0.0073324 -0.00387277 8.31279
967 0.00165937 -0.00265278 7.2199
968 0.00744622 -0.0036336 8.31638
969 0.00165937 -0.00233333 7.18835
970 0.00756044 -0.00339472 8.32225
971 0.00165937 -0.00201389 7.15916
972 0.00767595 -0.00315833 8.33081
973 0.00165937 -0.00169444 7.13231
974 0.00777632 -0.0029105 8.33627
975 0.00165937 -0.001375 7.10776
976 0.007853 -0.00265907 8.33689
977 0.00165937 -0.00105556 7.08549
978 0.00792925 -0.00240801 8.33946
979 0.00165937 -0.000736111 7.06547
980 0.008005 -0.00215657 8.34391
981 0.00165937 -0.000416667 7.04766
982 0.00807917 -0.00190437 8.3499
983 0.00165937 -9.72222e-05 7.03204
984 0.00814086 -0.00163536 8.35344
985 0.00165937 0.000222222 7.01856
986 0.00817551 -0.00137047 8.35141
987 0.00165937 0.000541667 7.0072
988 0.00821248 -0.00110647 8.35216
989 0.00165937 0.000861111 6.99791
990 0.0082448 -0.000844042 8.35367
991 0.00165937 0.00118056 6.99065
992 0.00833309 -0.000587104 8.37414
993 0.00165937 0.0015 6.98538
994 0.00829647 -0.000323925 8.35889
995 0.00165937 0.00181944 6.98206
996 0.00829078 -5.72762e-05 8.35493
997 0.00165937 0.00213889 6.98064
998 0.00828107 0.000211457 8.35183
999 0.00165937 0.00245833 6.98108
1000 0.00827622 0.000479335 8.35227
1001 0.00165937 0.00277778 6.98332
1002 0.00832139 0.000740343 8.36984
1003 0.00167335 0.00310688 6.98868
1004 0.00824235 0.000995986 8.35148
1005 0.0017024 0.00344406 6.99747
1006 0.00819494 0.00125896 8.34489
1007 0.00170698 0.00377526 7.00585
1008 0.00814722 0.00152066 8.34018
1009 0.00809967 0.00178258 8.33752
1010 0.00805049 0.00204292 8.33628
1011 0.00798098 0.00229935 8.33068
1012 0.00789284 0.0025466 8.32076
1013 0.00780215 0.00279577 8.31207
1014 0.00771313 0.00304568 8.30579
1015 0.00762419 0.00329476 8.30131
1016 0.00751487 0.00353691 8.29195
1017 0.00738785 0.00376779 8.27785
1018 0.00194812 0.003928 7.03511
1019 0.00725918 0.00399917 8.26485
1020 0.00223164 0.00393393 7.06867
1021 0.00713176 0.00423152 8.2538
1022 0.00700461 0.00446307 8.24412
1023 0.00317032 0.00425708 7.22498
1024 0.00685825 0.0046848 8.22873
1025 0.00340634 0.00442561 7.27804
1026 0.00669485 0.00489323 8.20729
1027 0.00370815 0.0044561 7.34175
1028 0.00652625 0.0051049 8.1852
1029 0.00422962 0.00474571 7.48037
1030 0.00635276 0.00531869 8.16203
1031 0.00442688 0.00497483 7.54835
1032 0.00617918 0.00553486 8.13889
1033 0.00470975 0.00507422 7.63336
1034 0.00602673 0.00576507 8.12394
1035 0.00573948 0.00592279 8.05134
1036 0.00548247 0.00567787 7.93255
1037 0.00254257 0.00397528 7.11182
1038 0.00287078 0.00408905 7.16619
1039 0.00402481 0.00449354 7.41437
1040 0.00499105 0.00523281 7.72915
1041 0.00524031 0.00544407 7.82701
1042 0.00237223 -0.00764952 8.08866
1043 0.00209698 -0.00774002 8.08692
1044 0.00263762 -0.00755231 8.09092
1045 0.0028913 -0.00745542 8.09486
1046 0.00313716 -0.00742982 8.11616
1047 0.00333891 -0.00728438 8.10807
1048 0.00357263 -0.00716188 8.11113
1049 0.00380862 -0.00704141 8.11733
1050 0.00404254 -0.00691997 8.12548
1051 0.00427909 -0.00684098 8.14508
1052 0.00445304 -0.00666274 8.13685
1053 0.00466063 -0.0065045 8.14021
1054 0.0019183 -0.00727031 7.96945
1055 0.00487784 -0.00634459 8.14725
1056 0.00192821 -0.0069646 7.90517
1057 0.0050897 -0.00619048 8.15682
1058 0.00193591 -0.00664583 7.84055
1059 0.00531256 -0.00607702 8.17815
1060 0.00193591 -0.00632639 7.77786
1061 0.0054542 -0.00587145 8.16926
1062 0.00193591 -0.00600694 7.71777
1063 0.00563536 -0.00568276 8.17324
1064 0.00193591 -0.0056875 7.66029
1065 0.00582329 -0.00548961 8.18013
1066 0.00193591 -0.00536806 7.60538
1067 0.00600778 -0.00530403 8.18984
1068 0.00193591 -0.00504861 7.55303
1069 0.00620976 -0.00515673 8.21157
1070 0.00193591 -0.00472917 7.50322
1071 0.00631706 -0.00493126 8.20204
1072 0.00193591 -0.00440972 7.45595
1073 0.00646578 -0.00471608 8.20552
1074 0.00193591 -0.00409028 7.41118
1075 0.00662097 -0.00449587 8.21202
1076 0.00193591 -0.00377083 7.3689
1077 0.00677352 -0.00428308 8.22111
1078 0.00193591 -0.00345139 7.32909
1079 0.00694944 -0.00410582 8.24257
1080 0.00193591 -0.00313194 7.29173
1081 0.00701938 -0.00386642 8.23173
1082 0.00193591 -0.0028125 7.25681
1083 0.00713129 -0.0036303 8.2339
1084 0.00193591 -0.00249306 7.22429
1085 0.00724767 -0.00338735 8.23861
1086 0.00193591 -0.00217361 7.19416
1087 0.00735711 -0.003142 8.2435
1088 0.00193591 -0.00185417 7.16639
1089 0.00751061 -0.0029472 8.26692
1090 0.00193591 -0.00153472 7.14095
1091 0.00754297 -0.00270041 8.25471
1092 0.00193591 -0.00121528 7.11782
1093 0.00761772 -0.00245061 8.25574
1094 0.00193591 -0.000895833 7.09696
1095 0.00769454 -0.00220084 8.25938
1096 0.00193591 -0.000576389 7.07836
1097 0.00776885 -0.00195152 8.26439
1098 0.00193591 -0.000256944 7.06197
1099 0.00788529 -0.00171889 8.28432
1100 0.00193591 6.25e-05 7.04776
1101 0.00787815 -0.0014588 8.26943
1102 0.00193591 0.000381944 7.0357
1103 0.0079113 -0.00119323 8.26783
1104 0.00193591 0.000701389 7.02575
1105 0.00795391 -0.000904525 8.27034
1106 0.00193591 0.00102083 7.01787
1107 0.00517756 0.00040141 7.54478
1108 0.00193591 0.00134028 7.01202
1109 0.00801555 -0.000558349 8.27956
1110 0.00193591 0.00165972 7.00816
1111 0.0080083 -0.000231912 8.2727
1112 0.00193591 0.00197917 7.00623
1113 0.00800147 6.70467e-05 8.26892
1114 0.00193591 0.00229861 7.0062
1115 0.00799716 0.000366444 8.26839
1116 0.00193591 0.00261806 7.00803
1117 0.0056579 0.00717604 8.22355
1118 0.00193486 0.00293685 7.01155
1119 0.0043864 -0.00327663 7.61143
1120 0.00197008 0.00326354 7.02066
1121 0.00794467 0.0010407 8.26397
1122 0.00204137 0.00361932 7.03645
1123 0.00789234 0.00132782 8.25723
1124 0.00784138 0.00160043 8.25262
1125 0.00779546 0.00185979 8.25098
1126 0.00779208 0.00211016 8.26334
1127 0.00766847 0.00232729 8.23987
1128 0.00757852 0.00257286 8.22974
1129 0.00748765 0.00282628 8.2217
1130 0.00740135 0.00307362 8.21635
1131 0.00735755 0.0033198 8.22509
1132 0.00720186 0.00351503 8.19776
1133 0.00707377 0.0037432 8.18294
1134 0.00694326 0.00397903 8.16961
1135 0.00681956 0.00420948 8.159
1136 0.00673626 0.00444487 8.16211
1137 0.00351763 0.00411122 7.2838
1138 0.00655262 0.00461365 8.12813
1139 0.00638917 0.00482122 8.10525
1140 0.00621421 0.00504018 8.08048
1141 0.00462155 0.00470932 7.578
1142 0.00602405 0.00526495 8.05144
1143 0.00581564 0.00552964 8.02113
1144 0.00191661 -0.00753684 8.02804
1145 0.00242736 0.0036606 7.0854
1146 0.00316668 0.00391181 7.20909
1147 0.00392357 0.00412597 7.36964
1148 0.00438063 0.00445071 7.49692
1149 0.0049782 0.00488149 7.69102
1150 0.00551344 0.00538074 7.90527
1151 0.0028163 0.00371583 7.14346
1152 0.0053239 0.00507817 7.81195
1153 0.00242871 -0.00733514 8.02392
1154 0.00269823 -0.00723017 8.02635
1155 0.00301384 -0.00713505 8.03874
1156 0.00329765 -0.0069794 8.03882
1157 0.00356112 -0.00684838 8.04476
1158 0.00381481 -0.00671182 8.0512
1159 0.00410831 -0.00656836 8.06498
1160 0.00436271 -0.00636872 8.06588
1161 0.00460009 -0.0061973 8.07248
1162 0.00218649 -0.00713778 7.96112
1163 0.00483488 -0.00602283 8.08095
1164 0.00220271 -0.00682151 7.89644
1165 0.00510532 -0.00584001 8.09732
1166 0.00221354 -0.00649901 7.83271
1167 0.00221865 -0.00617455 7.77083
1168 0.00532276 -0.00559746 8.09732
1169 0.00221939 -0.00585285 7.71177
1170 0.00552714 -0.00538946 8.10351
1171 0.00221246 -0.00552778 7.65413
1172 0.00573037 -0.00517886 8.11181
1173 0.00221246 -0.00520833 7.60065
1174 0.00596749 -0.00495561 8.1282
1175 0.00221246 -0.00488889 7.54974
1176 0.00221246 -0.00456944 7.50137
1177 0.00614358 -0.00468107 8.12755
1178 0.00221246 -0.00425 7.45553
1179 0.00631259 -0.00444365 8.13335
1180 0.00221246 -0.00393056 7.4122
1181 0.00647996 -0.00420398 8.14114
1182 0.00221246 -0.00361111 7.37137
1183 0.00667837 -0.0039457 8.15678
1184 0.00221246 -0.00329167 7.33301
1185 0.00221246 -0.00297222 7.2971
1186 0.00680867 -0.00364752 8.15482
1187 0.00221246 -0.00265278 7.26362
1188 0.00693702 -0.00338607 8.15916
1189 0.00221246 -0.00233333 7.23256
1190 0.00706208 -0.00312028 8.16481
1191 0.00221246 -0.00201389 7.20388
1192 0.00722071 -0.00283371 8.17994
1193 0.00221246 -0.00169444 7.17757
1194 0.00221246 -0.001375 7.15359
1195 0.00729998 -0.00251907 8.17537
1196 0.00221246 -0.00105556 7.13193
1197 0.00738349 -0.00224174 8.17746
1198 0.00221246 -0.000736111 7.11254
1199 0.00746858 -0.00196273 8.18233
1200 0.00221246 -0.000416667 7.09541
1201 0.00758161 -0.00165074 8.19558
1202 0.00221246 -9.72222e-05 7.08049
1203 0.00221246 0.000222222 7.06776
1204 0.00760884 -0.00132007 8.1877
1205 0.00221246 0.000541667 7.05718
1206 0.00764864 -0.00102014 8.18738
1207 0.00221246 0.000861111 7.04871
1208 0.00769439 -0.000721307 8.19139
1209 0.00221246 0.00118056 7.04231
1210 0.0077168 -0.000402386 8.19116
1211 0.00221246 0.0015 7.03794
1212 0.00221246 0.00181944 7.03555
1213 0.00771755 -9.55546e-05 8.18779
1214 0.00221246 0.00213889 7.0351
1215 0.00771354 0.00020733 8.18571
1216 0.00221893 0.00246826 7.03736
1217 0.00771032 0.000515955 8.18649
1218 0.00222285 0.00279346 7.04127
1219 0.00768722 0.000825206 8.18433
1220 0.00218675 0.00307717 7.04165
1221 0.00229706 0.00334535 7.06036
1222 0.00763641 0.0011271 8.17672
1223 0.00758721 0.00141988 8.1718
1224 0.00753441 0.00170572 8.16793
1225 0.00749061 0.00202862 8.17082
1226 0.00736539 0.00232956 8.15204
1227 0.00726739 0.00260409 8.14174
1228 0.00716763 0.00287849 8.13301
1229 0.00707079 0.00319029 8.13025
1230 0.00690102 0.00346923 8.10614
1231 0.00676179 0.00372474 8.09039
1232 0.00661743 0.00397999 8.07456
1233 0.00647092 0.00426975 8.06322
1234 0.00626264 0.00452228 8.03067
1235 0.00609351 0.00475124 8.00727
1236 0.00590459 0.00497167 7.9767
1237 0.00569669 0.00517704 7.93772
1238 0.00216172 -0.00744476 8.02568
1239 0.00345403 0.0037233 7.25423
1240 0.00375818 0.00381058 7.31849
1241 0.00470522 0.00434694 7.57181
1242 0.00497798 0.00454089 7.66053
1243 0.00262927 0.00338371 7.10583
1244 0.00316758 0.00357152 7.19645
1245 0.00529044 0.00470542 7.76393
1246 0.00559398 0.0048581 7.8693
1247 0.00245833 -0.00701749 7.95879
1248 0.00274314 -0.00690198 7.96186
1249 0.0030248 -0.00678202 7.96704
1250 0.00329341 -0.00666265 7.97414
1251 0.00355163 -0.00652524 7.97935
1252 0.00380154 -0.00637686 7.98421
1253 0.00405424 -0.00621919 7.99074
1254 0.00430066 -0.0060489 7.99712
1255 0.00454121 -0.00587746 8.00534
1256 0.00478438 -0.00569945 8.01583
1257 0.00248178 -0.00669228 7.89425
1258 0.00501053 -0.00550355 8.02335
1259 0.00249848 -0.0063589 7.83029
1260 0.00251 -0.00603215 7.76995
1261 0.00521967 -0.00529218 8.0282
1262 0.00250711 -0.00570553 7.71103
1263 0.00542311 -0.00508268 8.03508
1264 0.00249831 -0.00537741 7.65401
1265 0.0056286 -0.00486794 8.04436
1266 0.002489 -0.00504861 7.59955
1267 0.00581963 -0.00463807 8.05139
1268 0.002489 -0.00472917 7.5501
1269 0.002489 -0.00440972 7.5032
1270 0.0059928 -0.00439666 8.0559
1271 0.002489 -0.00409028 7.45882
1272 0.00616118 -0.00415847 8.0625
1273 0.002489 -0.00377083 7.41696
1274 0.00633156 -0.00391439 8.07153
1275 0.002489 -0.00345139 7.3776
1276 0.00648363 -0.00365639 8.07751
1277 0.002489 -0.00313194 7.34071
1278 0.002489 -0.0028125 7.30629
1279 0.00661524 -0.00338994 8.08051
1280 0.002489 -0.00249306 7.2743
1281 0.00674251 -0.00312658 8.08541
1282 0.002489 -0.00217361 7.24472
1283 0.0068713 -0.00285889 8.0929
1284 0.002489 -0.00185417 7.21755
1285 0.00697991 -0.0025807 8.09714
1286 0.002489 -0.00153472 7.19274
1287 0.002489 -0.00121528 7.17027
1288 0.00706645 -0.00229674 8.09796
1289 0.002489 -0.000895833 7.15012
1290 0.00715068 -0.00201684 8.10104
1291 0.002489 -0.000576389 7.13226
1292 0.00723462 -0.00173092 8.10621
1293 0.002489 -0.000256944 7.11666
1294 0.00730037 -0.00143224 8.10859
1295 0.002489 6.25e-05 7.10328
1296 0.002489 0.000381944 7.09209
1297 0.0073431 -0.00113869 8.10769
1298 0.002489 0.000701389 7.08305
1299 0.00738313 -0.000844307 8.10856
1300 0.002489 0.00102083 7.07613
1301 0.00741643 -0.000547859 8.11011
1302 0.002489 0.00134028 7.07129
1303 0.0074319 -0.000250379 8.10929
1304 0.002489 0.00165972 7.06848
1305 0.002489 0.00197917 7.06765
1306 0.00743062 4.5317e-05 8.10637
1307 0.00249459 0.0023088 7.06952
1308 0.00742409 0.000340593 8.10444
1309 0.00250474 0.00265008 7.07418
1310 0.00740925 0.000636831 8.10268
1311 0.00250253 0.00303502 7.08009
1312 0.00737722 0.000932571 8.09856
1313 0.00732967 0.0012239 8.09239
1314 0.00727688 0.00151007 8.0869
1315 0.00722323 0.00180207 8.08368
1316 0.00714539 0.0020905 8.07587
1317 0.00704527 0.00237058 8.06353
1318 0.00694681 0.00264416 8.05331
1319 0.00684364 0.00292021 8.04389
1320 0.00671792 0.00319964 8.03035
1321 0.00657697 0.00345997 8.01263
1322 0.00643373 0.0037166 7.99534
1323 0.00628736 0.00397404 7.97847
1324 0.00612119 0.0042308 7.95682
1325 0.00594117 0.00447169 7.93001
1326 0.00582272 0.00470831 7.92113
1327 0.00423835 0.0039503 7.43093
1328 0.00292467 0.00340343 7.15092
1329 0.00346415 0.0033732 7.24267
1330 0.00368858 0.00352717 7.29184
1331 0.005018 0.00421064 7.64404
1332 0.00527621 0.00435717 7.7272
1333 0.00284689 0.00311733 7.13098
1334 0.0055942 0.00450024 7.83155
1335 0.00276564 -0.00656203 7.89568
1336 0.00304662 -0.00644108 7.90208
1337 0.00330637 -0.00638133 7.92099
1338 0.00349649 -0.00619342 7.90908
1339 0.00375045 -0.00604729 7.91593
1340 0.00400157 -0.00589375 7.92405
1341 0.00424444 -0.00573217 7.93253
1342 0.00448154 -0.00556492 7.94202
1343 0.00470718 -0.00538362 7.95012
1344 0.00491773 -0.00518861 7.95616
1345 0.00279735 -0.00622326 7.83368
1346 0.00281016 -0.00588944 7.77365
1347 0.0051171 -0.00498789 7.962
1348 0.00279756 -0.00555583 7.71389
1349 0.00531121 -0.00478207 7.9687
1350 0.00278203 -0.00522375 7.65687
1351 0.00550022 -0.00456639 7.97563
1352 0.00276555 -0.00488889 7.6021
1353 0.00567673 -0.00434213 7.98151
1354 0.00276555 -0.00456944 7.55413
1355 0.00276555 -0.00425 7.50871
1356 0.00584339 -0.0041128 7.98727
1357 0.00276555 -0.00393056 7.46583
1358 0.00600665 -0.00388085 7.99452
1359 0.00276555 -0.00361111 7.42547
1360 0.00615957 -0.00363935 8.00094
1361 0.00276555 -0.00329167 7.38761
1362 0.00629684 -0.00338705 8.00518
1363 0.00276555 -0.00297222 7.35223
1364 0.00276555 -0.00265278 7.31932
1365 0.00642192 -0.00313395 8.00903
1366 0.00276555 -0.00233333 7.28886
1367 0.00654418 -0.00287878 8.01446
1368 0.00276555 -0.00201389 7.26082
1369 0.00665701 -0.00261572 8.01939
1370 0.00276555 -0.00169444 7.23519
1371 0.00675109 -0.00234417 8.02154
1372 0.00276555 -0.001375 7.21193
1373 0.00276555 -0.00105556 7.19102
1374 0.00683425 -0.00207367 8.02346
1375 0.00276555 -0.000736111 7.17244
1376 0.00691299 -0.00179915 8.02641
1377 0.00276555 -0.000416667 7.15616
1378 0.00698154 -0.00151938 8.02888
1379 0.00276555 -9.72222e-05 7.14215
1380 0.00703427 -0.00123662 8.02956
1381 0.00276555 0.000222222 7.13037
1382 0.00276555 0.000541667 7.12079
1383 0.00707707 -0.000954463 8.03005
1384 0.00276555 0.000861111 7.11337
1385 0.00711461 -0.000670996 8.03147
1386 0.00276555 0.00118056 7.10808
1387 0.00713792 -0.000384911 8.03141
1388 0.00276555 0.0015 7.10486
1389 0.00714494 -0.000100217 8.02934
1390 0.00276555 0.00181944 7.10368
1391 0.00276555 0.00213889 7.10449
1392 0.00714089 0.000182655 8.02656
1393 0.00278317 0.00246639 7.10983
1394 0.00713015 0.000467124 8.02422
1395 0.00279789 0.00279286 7.11683
1396 0.00710807 0.000751742 8.02105
1397 0.00707068 0.00103451 8.01589
1398 0.00702318 0.00131413 8.01006
1399 0.00697061 0.00159249 8.0049
1400 0.00690594 0.00187122 7.99854
1401 0.00682119 0.00214484 7.98845
1402 0.00672741 0.00241135 7.97739
1403 0.00662778 0.00267686 7.96644
1404 0.00651701 0.00294152 7.95408
1405 0.00639009 0.0031999 7.93834
1406 0.00625179 0.00345286 7.92036
1407 0.00610692 0.00370559 7.90168
1408 0.00595419 0.00395788 7.8817
1409 0.00579451 0.00421514 7.86092
1410 0.00396123 0.00352837 7.34775
1411 0.00475804 0.0040116 7.56104
1412 0.00317021 0.00323008 7.18582
1413 0.00379483 0.00321497 7.30027
1414 0.00529252 0.00399248 7.70059
1415 0.00551649 0.00419814 7.78044
1416 0.0031277 0.0029202 7.1705
1417 0.00313899 -0.00608737 7.8457
1418 0.00343829 -0.0058725 7.84325
1419 0.00370354 -0.00572881 7.85298
1420 0.00395044 -0.00557842 7.86206
1421 0.00418822 -0.00542274 7.87179
1422 0.00441514 -0.00526366 7.88202
1423 0.00462677 -0.00507468 7.88762
1424 0.00481958 -0.00488629 7.89263
1425 0.00310487 -0.00573143 7.77801
1426 0.00500647 -0.00469179 7.89811
1427 0.00308039 -0.00540071 7.71877
1428 0.00519266 -0.00448983 7.90482
1429 0.00305851 -0.0050671 7.66215
1430 0.00536749 -0.00427775 7.91043
1431 0.00304209 -0.00472917 7.6083
1432 0.00553131 -0.00405783 7.91527
1433 0.00304209 -0.00440972 7.56183
1434 0.00304209 -0.00409028 7.51793
1435 0.00568937 -0.00383709 7.92124
1436 0.00304209 -0.00377083 7.47656
1437 0.00584759 -0.00361768 7.92975
1438 0.00304209 -0.00345139 7.43772
1439 0.00598962 -0.00337561 7.93463
1440 0.00304209 -0.00313194 7.4014
1441 0.00610543 -0.00313152 7.93583
1442 0.00304209 -0.0028125 7.36757
1443 0.00304209 -0.00249306 7.33622
1444 0.00622371 -0.00288843 7.93995
1445 0.00304209 -0.00217361 7.30732
1446 0.00634148 -0.00264592 7.94627
1447 0.00304209 -0.00185417 7.28086
1448 0.00644482 -0.00238292 7.94981
1449 0.00304209 -0.00153472 7.25681
1450 0.00652089 -0.00212341 7.94936
1451 0.00304209 -0.00121528 7.23516
1452 0.00304209 -0.000895833 7.21587
1453 0.00659813 -0.00186167 7.95123
1454 0.00304209 -0.000576389 7.19891
1455 0.00666991 -0.0015939 7.95366
1456 0.00304209 -0.000256944 7.18427
1457 0.00672614 -0.00132187 7.95425
1458 0.00304209 6.25e-05 7.17191
1459 0.00677086 -0.00104947 7.95416
1460 0.00304209 0.000381944 7.1618
1461 0.00304209 0.000701389 7.1539
1462 0.00681261 -0.000779547 7.9556
1463 0.00304209 0.00102083 7.14818
1464 0.00684945 -0.000510253 7.95795
1465 0.00304209 0.00134028 7.14459
1466 0.00686095 -0.000229104 7.95567
1467 0.00304209 0.00165972 7.1431
1468 0.00685776 3.76076e-05 7.95182
1469 0.00304209 0.00197917 7.14366
1470 0.00305749 0.00229237 7.1485
1471 0.00685145 0.000308745 7.94913
1472 0.00308576 0.00260705 7.15739
1473 0.00683812 0.000583915 7.94666
1474 0.00680962 0.00085789 7.94222
1475 0.00676684 0.00112817 7.93591
1476 0.0067187 0.00139548 7.93004
1477 0.00666988 0.00166051 7.92578
1478 0.00659701 0.00193226 7.91722
1479 0.00650614 0.00218717 7.90478
1480 0.0064127 0.00244122 7.8932
1481 0.00631301 0.00269727 7.88158
1482 0.00619867 0.00294919 7.86719
1483 0.00606906 0.00319501 7.84947
1484 0.00592855 0.00344168 7.82992
1485 0.00578252 0.00368739 7.80971
1486 0.00562729 0.00393256 7.78765
1487 0.00447498 0.00412961 7.49833
1488 0.0034589 0.00304446 7.23086
1489 0.00500987 0.00391431 7.61931
1490 0.00545547 0.00368652 7.72045
1491 0.00340282 0.0027331 7.21274
1492 0.00340779 -0.00556596 7.78611
1493 0.0052386 -0.000950635 7.59433
1494 0.00390193 -0.00526663 7.80359
1495 0.00413468 -0.00511906 7.81487
1496 0.00437092 -0.00499788 7.83349
1497 0.0045234 -0.00478087 7.82598
1498 0.00470589 -0.0045946 7.8304
1499 0.00488845 -0.00440818 7.8371
1500 0.00402769 0.00380603 7.37566
1501 0.00506949 -0.00421035 7.84425
1502 0.00332882 -0.0049125 7.67057
1503 0.00522636 -0.00399636 7.84703
1504 0.00331938 -0.00457921 7.61967
1505 0.00537991 -0.00377982 7.85112
1506 0.00331864 -0.00425 7.57322
1507 0.00331864 -0.00393056 7.53084
1508 0.00553122 -0.00356714 7.85747
1509 0.00331864 -0.00361111 7.49102
1510 0.00571872 -0.00337962 7.87648
1511 0.00331864 -0.00329167 7.45374
1512 0.00579243 -0.00312488 7.8661
1513 0.00331864 -0.00297222 7.41899
1514 0.00590297 -0.00288373 7.86724
1515 0.00331864 -0.00265278 7.38674
1516 0.00331864 -0.00233333 7.35699
1517 0.00601885 -0.00264388 7.8719
1518 0.00331864 -0.00201389 7.3297
1519 0.00617751 -0.0024304 7.89081
1520 0.00331864 -0.00169444 7.30486
1521 0.00621017 -0.00216639 7.87852
1522 0.00331864 -0.001375 7.28245
1523 0.00628289 -0.00191526 7.8786
1524 0.00331864 -0.00105556 7.26244
1525 0.00331864 -0.000736111 7.24482
1526 0.00636356 -0.00166117 7.88249
1527 0.00331864 -0.000416667 7.22955
1528 0.00642663 -0.00139767 7.88378
1529 0.00331864 -9.72222e-05 7.21661
1530 0.00646541 -0.00113289 7.88116
1531 0.00331864 0.000222222 7.20597
1532 0.00650648 -0.000868576 7.88119
1533 0.00331864 0.000541667 7.19759
1534 0.00331864 0.000861111 7.19145
1535 0.00654972 -0.000611986 7.88409
1536 0.00331864 0.00118056 7.18751
1537 0.00662469 -0.000358589 7.89717
1538 0.00331864 0.0015 7.18573
1539 0.00657448 -9.92404e-05 7.88005
1540 0.00332513 0.00180977 7.18707
1541 0.00656952 0.000160208 7.87634
1542 0.00333577 0.00211995 7.19108
1543 0.00336188 0.00242373 7.19957
1544 0.00656693 0.000419984 7.87511
1545 0.00655339 0.000691433 7.87305
1546 0.00651127 0.000952256 7.86532
1547 0.00646202 0.0012139 7.85756
1548 0.00641317 0.00146977 7.85151
1549 0.0064092 0.00173524 7.85933
1550 0.00628036 0.00196782 7.83454
1551 0.00619208 0.00221271 7.82236
1552 0.00610536 0.00246034 7.81214
1553 0.00600838 0.00271103 7.80077
1554 0.00588474 0.00294399 7.78242
1555 0.00574983 0.00318249 7.76242
1556 0.0056049 0.00342808 7.74115
1557 0.00453165 0.00378528 7.49025
1558 0.00420991 0.00324377 7.38799
1559 0.00372256 0.00285281 7.27436
1560 0.00514777 0.00366349 7.63723
1561 0.00800803 0.000717007 8.27559
1562 0.00528529 0.0034079 7.65545
1563 0.00366431 0.0025403 7.25543
1564 0.00361684 -0.00509361 7.73619
1565 0.00387517 -0.00494572 7.74937
1566 0.00419807 0.00271174 7.36552
1567 0.0014023 -0.00854016 8.23429
1568 0.00439868 -0.00450478 7.76574
1569 0.00459398 -0.00430137 7.77072
1570 0.00479782 -0.00415666 7.78757
1571 0.0049217 -0.00394 7.78253
1572 0.00359858 -0.00476072 7.68278
1573 0.00507111 -0.00371993 7.78399
1574 0.00358671 -0.00442758 7.63302
1575 0.00523692 -0.00348335 7.78908
1576 0.0035845 -0.00409757 7.58779
1577 0.00359518 -0.00377083 7.54747
1578 0.00544476 -0.00321786 7.80231
1579 0.00359518 -0.00345139 7.50921
1580 0.00359518 -0.00313194 7.47352
1581 0.00557488 -0.00290243 7.79847
1582 0.00359518 -0.0028125 7.44038
1583 0.00571463 -0.00262075 7.80297
1584 0.00359518 -0.00249306 7.40975
1585 0.00359518 -0.00217361 7.38163
1586 0.00589047 -0.00231938 7.81689
1587 0.00359518 -0.00185417 7.35599
1588 0.00359518 -0.00153472 7.33281
1589 0.00596753 -0.00199108 7.81065
1590 0.00359518 -0.00121528 7.31209
1591 0.00604362 -0.00170148 7.80969
1592 0.00359518 -0.000895833 7.29378
1593 0.00359518 -0.000576389 7.27788
1594 0.00617125 -0.00147588 7.82687
1595 0.00359518 -0.000256944 7.26436
1596 0.00616579 -0.00121624 7.81268
1597 0.00359518 6.25e-05 7.25318
1598 0.00619536 -0.000946089 7.80835
1599 0.00359518 0.000381944 7.24433
1600 0.00624317 -0.000673078 7.8104
1601 0.00359518 0.000701389 7.23777
1602 0.00359518 0.00102083 7.23347
1603 0.00533268 -0.000304503 7.59122
1604 0.00359518 0.00134028 7.23139
1605 0.00335552 -0.00524463 7.72625
1606 0.00360434 0.00164551 7.23303
1607 0.00628461 5.67296e-06 7.80613
1608 0.00361526 0.00194807 7.23698
1609 0.00628202 0.000284525 7.80329
1610 0.00363361 0.00224424 7.24412
1611 0.00632949 0.000537183 7.81511
1612 0.00625489 0.000776298 7.79766
1613 0.00621333 0.00103688 7.79042
1614 0.00615082 0.00131673 7.77998
1615 0.00610394 0.00165368 7.77714
1616 0.00597437 0.00196824 7.75524
1617 0.00588023 0.00224254 7.74276
1618 0.00584581 0.00249453 7.74617
1619 0.00569905 0.00269572 7.71893
1620 0.00557734 0.00292348 7.7005
1621 0.00543158 0.00315673 7.67706
1622 0.00427002 0.00361517 7.41956
1623 0.00482434 0.00369296 7.55647
1624 0.00402982 0.00294209 7.33829
1625 0.00395443 0.00262547 7.31316
1626 0.00495333 0.00340574 7.5708
1627 0.00511607 0.00312636 7.59503
1628 0.00392695 0.00235245 7.30095
1629 0.00386542 -0.00460039 7.69675
1630 0.00411341 -0.00441037 7.70714
1631 0.00432759 -0.00416846 7.70852
1632 0.00455902 -0.00394032 7.71789
1633 0.0049145 -0.00344905 7.72383
1634 0.00383873 -0.00426657 7.64628
1635 0.00507084 -0.00319297 7.72585
1636 0.00385412 -0.00394236 7.60591
1637 0.00387781 -0.00362793 7.57066
1638 0.00523275 -0.00292225 7.73053
1639 0.00387147 -0.00329321 7.53126
1640 0.00387225 -0.00296706 7.49662
1641 0.0053779 -0.00263602 7.73362
1642 0.00387173 -0.00265278 7.46556
1643 0.00552608 -0.00235051 7.74058
1644 0.00387173 -0.00233333 7.43659
1645 0.00387173 -0.00201389 7.41013
1646 0.00563947 -0.00204754 7.74208
1647 0.00387173 -0.00169444 7.38619
1648 0.00387173 -0.001375 7.36473
1649 0.00574358 -0.00173087 7.74386
1650 0.00387173 -0.00105556 7.34573
1651 0.00630827 -0.000340866 7.81754
1652 0.00387173 -0.000736111 7.32918
1653 0.00387173 -0.000416667 7.31506
1654 0.00416893 -0.00476599 7.76637
1655 0.00387173 -9.72222e-05 7.30334
1656 0.00589137 -0.00104509 7.74133
1657 0.00387173 0.000222222 7.294
1658 0.00590803 -0.000754682 7.73386
1659 0.00387173 0.000541667 7.287
1660 0.00595427 -0.000439925 7.73503
1661 0.00387173 0.000861111 7.28233
1662 0.00387173 0.00118056 7.27995
1663 0.0038833 0.00148523 7.28189
1664 0.003895 0.00178505 7.28591
1665 0.00599814 0.000194274 7.73448
1666 0.00390988 0.0020737 7.29239
1667 0.00600749 0.000530429 7.73519
1668 0.00590185 0.00109205 7.7137
1669 0.00583363 0.00140933 7.70278
1670 0.00574469 0.00172595 7.68916
1671 0.0056437 0.0020357 7.67453
1672 0.00554481 0.00238718 7.66423
1673 0.00526672 0.00287013 7.61852
1674 0.00458105 0.00342202 7.48107
1675 0.00433867 0.00291669 7.40277
1676 0.00474552 -0.00369208 7.72073
1677 0.00599557 -0.000124518 7.73798
1678 0.00600182 0.000838222 7.73539
1679 0.00543951 0.00266923 7.65145
1680 0.00421297 0.00245217 7.36065
1681 0.00479965 0.00312562 7.51773
1682 0.00496105 0.00282055 7.54131
1683 0.0042062 0.00219156 7.35273
1684 0.00418135 -0.00383749 7.64266
1685 0.00471442 -0.00318884 7.65922
1686 0.0048697 -0.00292339 7.66083
1687 0.00414151 -0.00346344 7.59207
1688 0.00503724 -0.00264962 7.66714
1689 0.00414466 -0.00310637 7.55348
1690 0.00415851 -0.0028072 7.52554
1691 0.00518494 -0.0023697 7.67225
1692 0.00416034 -0.00249149 7.49636
1693 0.00530494 -0.00207406 7.6737
1694 0.0041672 -0.00218078 7.47095
1695 0.00416068 -0.00185629 7.44472
1696 0.00541257 -0.00176985 7.67509
1697 0.00416127 -0.00154027 7.42285
1698 0.00415449 -0.00122128 7.402
1699 0.00553626 -0.0014717 7.68343
1700 0.00414827 -0.000895833 7.38337
1701 0.00414827 -0.000576389 7.36862
1702 0.00414827 -0.000256944 7.35634
1703 0.00414827 6.25e-05 7.34649
1704 0.00556782 -0.000903796 7.66272
1705 0.00414827 0.000381944 7.33904
1706 0.00561802 -0.000545138 7.66101
1707 0.00414827 0.000701389 7.33397
1708 0.00414827 0.00102083 7.33127
1709 0.00415893 0.00133058 7.3329
1710 0.00417462 0.00163125 7.33767
1711 0.00419518 0.00191753 7.34531
1712 0.00568798 0.000365006 7.65975
1713 0.0055999 0.00114517 7.64163
1714 0.00550336 0.00148061 7.62442
1715 0.0053943 0.00180321 7.60631
1716 0.0052703 0.00214 7.58723
1717 0.00451624 0.00309777 7.45027
1718 0.00441605 -0.00362039 7.65511
1719 0.00462691 -0.00344275 7.67126
1720 0.00564476 -0.00119936 7.69302
1721 0.00565354 -0.000206131 7.66003
1722 0.00570292 0.0007794 7.66271
1723 0.00515607 0.00250694 7.57395
1724 0.00451013 0.00233836 7.42018
1725 0.00450597 0.00205623 7.4119
1726 0.00448803 -0.00294444 7.59416
1727 0.00469386 -0.00265279 7.6031
1728 0.00484472 -0.00238634 7.60776
1729 0.00440169 -0.00265118 7.55145
1730 0.00498682 -0.00210853 7.61287
1731 0.00448843 -0.00236043 7.5406
1732 0.00507106 -0.00180301 7.60755
1733 0.00443313 -0.00201539 7.5033
1734 0.00446124 -0.00169883 7.48547
1735 0.0051865 -0.00149199 7.6112
1736 0.0044471 -0.00139071 7.46323
1737 0.00442433 -0.00106537 7.4408
1738 0.00443331 -0.000749376 7.42712
1739 0.00443496 -0.000427256 7.41435
1740 0.00443271 -0.000104373 7.40339
1741 0.00442645 0.000214791 7.39425
1742 0.00529912 -0.000658717 7.59524
1743 0.00441819 0.000540022 7.38704
1744 0.00442697 0.000863823 7.38561
1745 0.00442887 0.00117403 7.3854
1746 0.00444793 0.00149101 7.39085
1747 0.0044773 0.00176602 7.40038
1748 0.00528108 0.00123274 7.56855
1749 0.0051618 0.00155544 7.54626
1750 0.00504381 0.00187009 7.52623
1751 0.00537943 0.000894389 7.58822
1752 0.00464765 0.00284275 7.46891
1753 0.00445427 0.00263297 7.41753
1754 0.00477371 0.00254891 7.48589
1755 0.00535491 -0.00119827 7.63031
1756 0.0036548 -0.0054132 7.79287
1757 0.00541939 0.000520502 7.5973
1758 0.0048617 0.00219708 7.49371
1759 0.00475047 0.00189613 7.46129
1760 0.00469319 -0.0021415 7.55997
1761 0.00474096 -0.00187213 7.54866
1762 0.00479758 -0.00153093 7.53656
1763 0.004678 -0.00122335 7.49626
1764 0.00471818 -0.00092962 7.48885
1765 0.00472189 -0.000606022 7.47562
1766 0.00472893 -0.000276348 7.46552
1767 0.00471791 4.8053e-05 7.45471
1768 0.00469146 0.000368066 7.44339
1769 0.00467543 0.000693616 7.43651
1770 0.00472973 0.00103215 7.44653
1771 0.00467348 0.00132292 7.43629
1772 0.00479496 0.00161326 7.46539
1773 0.0049568 0.00129923 7.4967
1774 0.00537946 0.000115493 7.59226
1775 0.00498353 -0.00118712 7.55338
1776 0.00499553 -0.000806172 7.538
1777 0.00502048 -0.000459193 7.53001
1778 0.00506621 0.00101379 7.51865
1779 0.0050346 -0.000110507 7.52289
1780 0.00499233 0.000207062 7.5077
1781 0.00492772 0.000523106 7.49014
1782 0.00224429 0.0077947 7.29051
1783 0.00195682 0.00776566 7.24752
1784 0.00170803 0.00762014 7.20658
1785 0.00472767 0.00817863 7.96695
1786 0.00326451 0.00652016 7.38379
1787 0.00352638 0.00668984 7.45663
1788 0.00301082 0.00637932 7.32105
1789 0.00377091 0.00685942 7.53183
1790 0.00275524 0.00624753 7.26409
1791 0.00400872 0.00704083 7.61279
1792 0.00246909 0.0061231 7.20806
1793 0.00423065 0.00723173 7.69673
1794 0.00219624 0.00601518 7.16105
1795 0.00445395 0.0074455 7.79044
1796 0.00191199 0.00591988 7.11876
1797 0.00466226 0.00766796 7.88768
1798 0.00162781 0.0058369 7.08269
1799 0.00485592 0.00790842 7.98966
1800 0.0013244 0.00577033 7.05127
1801 0.00502706 0.00822957 8.10005
1802 0.00102425 0.00572044 7.02677
1803 0.000725086 0.00567531 7.00806
1804 0.000393717 0.00563836 6.99411
1805 0.00474021 0.00847181 8.00138
1806 0.00443465 0.00863823 7.89908
1807 0.00415115 0.00877887 7.81403
1808 0.000277643 0.00612393 7.01648
1809 0.00386247 0.00890879 7.73603
1810 0.000288907 0.00641588 7.03316
1811 0.00356561 0.00903288 7.66428
1812 0.000282553 0.00672593 7.05156
1813 0.0032741 0.00914212 7.60103
1814 0.00026943 0.00704444 7.07149
1815 0.0029648 0.00924849 7.54139
1816 0.00026943 0.00735556 7.09243
1817 0.00267191 0.00933731 7.49131
1818 0.00026943 0.00766667 7.11442
1819 0.00235561 0.00942069 7.44379
1820 0.00026943 0.00797778 7.13744
1821 0.0020526 0.00949176 7.40459
1822 0.00026943 0.00828889 7.16149
1823 0.00173674 0.00955348 7.36973
1824 0.00026943 0.0086 7.18654
1825 0.0014246 0.00960579 7.34135
1826 0.000279444 0.00893129 7.21462
1827 0.00109905 0.00963358 7.31641
1828 0.000279999 0.00925324 7.2428
1829 0.000796382 0.00968059 7.30146
1830 0.000281991 0.00959211 7.27367
1831 0.000237819 0.00587095 7.0022
1832 0.000539886 0.00973882 7.29525
1833 0.00300178 0.00669422 7.34187
1834 0.00324717 0.00683383 7.40376
1835 0.00349132 0.00700004 7.47307
1836 0.00275505 0.00655994 7.28533
1837 0.00372003 0.00716872 7.54466
1838 0.00250343 0.00643537 7.23374
1839 0.0039409 0.00734508 7.62064
1840 0.00222815 0.00632696 7.18472
1841 0.00415988 0.00753074 7.70301
1842 0.00196075 0.0062303 7.14299
1843 0.00435986 0.00776286 7.79012
1844 0.00168858 0.00614368 7.10633
1845 0.0045423 0.00798265 7.8758
1846 0.00140956 0.00606433 7.07455
1847 0.00110887 0.00602746 7.04868
1848 0.000814748 0.00599006 7.02873
1849 0.000526117 0.00592529 7.01285
1850 0.00446635 0.0082988 7.87914
1851 0.0041774 0.00844072 7.79246
1852 0.0038934 0.00858605 7.71698
1853 0.000575543 0.0062293 7.03105
1854 0.00360692 0.00871458 7.6477
1855 0.000582238 0.00655122 7.04995
1856 0.0033243 0.00883253 7.5862
1857 0.000564285 0.00687502 7.06928
1858 0.00302824 0.00893006 7.52718
1859 0.000541623 0.0072 7.08969
1860 0.00273898 0.00903117 7.47706
1861 0.000541623 0.00751111 7.1112
1862 0.00244226 0.00910776 7.43042
1863 0.000541623 0.00782222 7.13375
1864 0.00214193 0.00919116 7.39046
1865 0.000541623 0.00813333 7.15732
1866 0.0018414 0.00925 7.35506
1867 0.000541623 0.00844444 7.18193
1868 0.00153522 0.0093084 7.32536
1869 0.000551257 0.00878423 7.21034
1870 0.00122894 0.00935023 7.30062
1871 0.000565189 0.00912602 7.24027
1872 0.000875643 0.0093318 7.27373
1873 0.000560609 0.00944526 7.26868
1874 0.00298072 0.00700036 7.36041
1875 0.00274707 0.00687509 7.30624
1876 0.00322365 0.00714455 7.42271
1877 0.00343961 0.00731531 7.48622
1878 0.00251286 0.00674961 7.25658
1879 0.00365479 0.0074809 7.55404
1880 0.0022543 0.00663101 7.20829
1881 0.0038727 0.00764376 7.62772
1882 0.00199119 0.0065485 7.16674
1883 0.00409521 0.00780255 7.70837
1884 0.00172999 0.00645932 7.12984
1885 0.00421109 0.00808601 7.77084
1886 0.00147303 0.00636867 7.09804
1887 0.0012139 0.0062782 7.07067
1888 0.000903699 0.00633453 7.05269
1889 0.00390663 0.00826569 7.69261
1890 0.00364415 0.00840288 7.63071
1891 0.00336495 0.00852796 7.56995
1892 0.0008638 0.00670417 7.07267
1893 0.00308212 0.00862311 7.5126
1894 0.00084243 0.00703033 7.09232
1895 0.00279334 0.00872235 7.46108
1896 0.000823885 0.00734907 7.11283
1897 0.00252224 0.00880456 7.41791
1898 0.000813817 0.00766667 7.13485
1899 0.00221919 0.0088869 7.37551
1900 0.000813817 0.00797778 7.15798
1901 0.0019249 0.00894775 7.33926
1902 0.000827651 0.00830387 7.18407
1903 0.00162349 0.00899976 7.30765
1904 0.000830706 0.00863036 7.21073
1905 0.00133682 0.00905367 7.28377
1906 0.00081785 0.00897657 7.2393
1907 0.00108038 0.00910344 7.26745
1908 0.00297661 0.00726925 7.38025
1909 0.0027294 0.00718857 7.32603
1910 0.0024956 0.00706317 7.27578
1911 0.00316267 0.00745446 7.4337
1912 0.00336624 0.00763574 7.49489
1913 0.00229167 0.00690041 7.23224
1914 0.00360413 0.00779504 7.56752
1915 0.00203312 0.00686818 7.19332
1916 0.00388033 0.00797832 7.65936
1917 0.00174278 0.00678279 7.15187
1918 0.00145737 0.00668516 7.116
1919 0.00117497 0.00656125 7.0844
1920 0.00340721 0.00826208 7.55775
1921 0.00312732 0.00831061 7.49626
1922 0.0011536 0.0068707 7.1022
1923 0.00285627 0.00841034 7.44726
1924 0.001115 0.00718606 7.12023
1925 0.00257671 0.00849607 7.40146
1926 0.00108601 0.00751111 7.14084
1927 0.0022973 0.00857737 7.36143
1928 0.00109675 0.00781754 7.16403
1929 0.00201585 0.00864771 7.32591
1930 0.00108619 0.00813687 7.18765
1931 0.00171034 0.00870865 7.29255
1932 0.00114056 0.00847817 7.21866
1933 0.00138428 0.00874537 7.26166
1934 0.00110665 0.00881658 7.24444
1935 0.00361465 0.00809015 7.5956
1936 0.00280477 0.007547 7.36713
1937 0.00248173 0.00736505 7.29546
1938 0.00217376 0.00717791 7.23392
1939 0.00305021 0.0077637 7.43425
1940 0.00329148 0.00798671 7.50625
1941 0.00182245 0.00711021 7.18303
1942 0.00146114 0.00704065 7.13941
1943 0.00294696 0.008085 7.43864
1944 0.00264846 0.00818485 7.38873
1945 0.00133558 0.00735136 7.14972
1946 0.00236163 0.00827066 7.34639
1947 0.00140392 0.00764706 7.17692
1948 0.00208325 0.00834222 7.31012
1949 0.0013582 0.00797778 7.19767
1950 0.00180494 0.00841269 7.27931
1951 0.00133662 0.00825784 7.21774
1952 0.00148806 0.00849188 7.25066
1953 0.00248245 0.00767142 7.31885
1954 0.00272894 0.00786999 7.37825
1955 0.00220105 0.00752666 7.26355
1956 0.00192051 0.00742114 7.21732
1957 0.00161368 0.00735829 7.17714
1958 0.00243546 0.00797455 7.33467
1959 0.0021432 0.00803868 7.29442
1960 0.001646 0.00789011 7.21977
1961 0.0018759 0.00810233 7.2633
1962 0.00160896 0.00819945 7.23986
1963 0.00482461 0.0102943 8.17417
1964 0.00309072 0.0136492 8.02427
1965 0.00356431 0.0124122 7.97676
1966 0.00104675 0.0173528 8.41458
1967 0.00485343 0.0161249 8.73514
1968 0.00465669 0.016347 8.72546
1969 0.0050401 0.0158957 8.74501
1970 0.00444355 0.0165614 8.71464
1971 0.00521509 0.015658 8.75437
1972 0.00422599 0.0167647 8.7048
1973 0.00538833 0.0153956 8.76363
1974 0.00399855 0.0169551 8.69447
1975 0.0055432 0.0151412 8.77286
1976 0.00376402 0.017139 8.68541
1977 0.0056874 0.0148805 8.78198
1978 0.00351642 0.0173106 8.67562
1979 0.00580997 0.0146095 8.78744
1980 0.00326621 0.0174699 8.66691
1981 0.00593062 0.0143304 8.79499
1982 0.00300624 0.0176145 8.65769
1983 0.00603108 0.0140551 8.80042
1984 0.00273768 0.0177468 8.64873
1985 0.00612013 0.0137751 8.80531
1986 0.00246618 0.0178719 8.64187
1987 0.00619446 0.013487 8.80838
1988 0.00219136 0.017983 8.63567
1989 0.00625695 0.0131904 8.81055
1990 0.00190789 0.0180762 8.62873
1991 0.00630634 0.0128975 8.81204
1992 0.00161718 0.0181533 8.62172
1993 0.00633981 0.012603 8.81145
1994 0.00132646 0.0182272 8.61813
1995 0.00636269 0.0123056 8.81042
1996 0.00104504 0.0182966 8.61805
1997 0.00636851 0.0120057 8.80666
1998 0.000731292 0.0183275 8.61183
1999 0.0063641 0.0117082 8.80241
2000 0.000404673 0.0183462 8.60695
2001 0.0063421 0.0114127 8.79477
2002 0.006308 0.0111135 8.78542
2003 0.00625673 0.0108201 8.77188
2004 0.00619612 0.0105297 8.75649
2005 0.000278182 0.0178422 8.49241
2006 0.00611803 0.0102416 8.7351
2007 0.000277983 0.0175432 8.42839
2008 0.0060323 0.00995244 8.7106
2009 0.000277983 0.0172222 8.36166
2010 0.00592969 0.00967045 8.67614
2011 0.000277983 0.0169012 8.29695
2012 0.00581947 0.0093926 8.63263
2013 0.000277983 0.0165802 8.23424
2014 0.00566579 0.00911762 8.55219
2015 0.000277983 0.0162593 8.17348
2016 0.0055022 0.00883291 8.44303
2017 0.000277983 0.0159383 8.11463
2018 0.000277983 0.0156173 8.05764
2019 0.000277983 0.0152963 8.00247
2020 0.000277983 0.0149753 7.94906
2021 0.00498204 0.00899373 8.15473
2022 0.000277983 0.0146543 7.89737
2023 0.00469555 0.0091411 8.04283
2024 0.000277983 0.0143333 7.84734
2025 0.00439316 0.00929081 7.94036
2026 0.000277983 0.0140123 7.79894
2027 0.00408566 0.00942947 7.84867
2028 0.000277983 0.0136914 7.75211
2029 0.00377904 0.00955746 7.76786
2030 0.000277983 0.0133704 7.7068
2031 0.0034584 0.00967785 7.69287
2032 0.000277983 0.0130494 7.66297
2033 0.00314152 0.00978482 7.62737
2034 0.000277983 0.0127284 7.62056
2035 0.00282176 0.00988167 7.56917
2036 0.000277983 0.0124074 7.57954
2037 0.0025 0.00996853 7.51808
2038 0.000277983 0.0120864 7.53985
2039 0.00216643 0.0100465 7.47242
2040 0.000277983 0.0117654 7.50146
2041 0.00184043 0.0101104 7.43454
2042 0.000277983 0.0114444 7.46431
2043 0.00150765 0.0101659 7.40269
2044 0.000282986 0.0111177 7.42786
2045 0.00116745 0.0102161 7.37731
2046 0.0002979 0.0107901 7.39279
2047 0.000824797 0.0102583 7.35871
2048 0.000270876 0.0104798 7.35976
2049 0.000496748 0.0102512 7.34314
2050 0.000224614 0.0102163 7.33232
2051 0.000252133 0.0181035 8.54948
2052 0.00521149 0.00883696 8.25598
2053 0.00472881 0.0158338 8.6629
2054 0.00454616 0.0160518 8.65476
2055 0.00435194 0.0162629 8.64641
2056 0.0049054 0.015611 8.6723
2057 0.00414505 0.0164608 8.63674
2058 0.0050731 0.0153759 8.68119
2059 0.00392978 0.0166466 8.62684
2060 0.00522777 0.0151262 8.68836
2061 0.00371152 0.0168268 8.61889
2062 0.00536728 0.0148773 8.69505
2063 0.00348195 0.0169988 8.61098
2064 0.00549846 0.0146248 8.70232
2065 0.0032435 0.0171568 8.60259
2066 0.00561783 0.0143661 8.70887
2067 0.00300014 0.0173021 8.5946
2068 0.00571966 0.0141 8.71288
2069 0.00274885 0.0174382 8.58729
2070 0.00580819 0.0138317 8.71586
2071 0.00248796 0.01756 8.5796
2072 0.00588925 0.0135605 8.71941
2073 0.00222501 0.0176674 8.5724
2074 0.00595839 0.0132811 8.72178
2075 0.00196609 0.0177734 8.569
2076 0.00600832 0.0129994 8.72099
2077 0.00168452 0.0178587 8.56287
2078 0.00604565 0.0127171 8.719
2079 0.00139376 0.0179075 8.55215
2080 0.00607542 0.0124349 8.71734
2081 0.00110996 0.0179872 8.55259
2082 0.0060912 0.0121484 8.71365
2083 0.000860254 0.0180871 8.56301
2084 0.00609036 0.0118625 8.70687
2085 0.000572567 0.018028 8.53969
2086 0.00607745 0.0115803 8.69824
2087 0.00605109 0.0112959 8.68688
2088 0.00600817 0.0110131 8.6711
2089 0.00595221 0.0107348 8.65126
2090 0.00588924 0.0104576 8.62907
2091 0.000559921 0.0176891 8.46574
2092 0.00580919 0.0101805 8.59897
2093 0.000555329 0.0173827 8.40103
2094 0.00571439 0.00990584 8.55972
2095 0.000552134 0.0170585 8.33466
2096 0.00561582 0.0096336 8.51407
2097 0.000555329 0.0167407 8.27178
2098 0.0055327 0.00936792 8.46987
2099 0.000555329 0.0164198 8.21014
2100 0.0053087 0.00915105 8.33329
2101 0.000555329 0.0160988 8.15044
2102 0.000555329 0.0157778 8.09263
2103 0.000555329 0.0154568 8.03666
2104 0.000555329 0.0151358 7.98248
2105 0.000555329 0.0148148 7.93004
2106 0.00497944 0.00932181 8.17843
2107 0.000555329 0.0144938 7.87929
2108 0.00466852 0.00947138 8.05773
2109 0.000555329 0.0141728 7.83019
2110 0.00435687 0.00962061 7.9542
2111 0.000555329 0.0138519 7.78269
2112 0.00404143 0.00975476 7.862
2113 0.000555329 0.0135309 7.73673
2114 0.00372124 0.00988308 7.77982
2115 0.000555329 0.0132099 7.69227
2116 0.00339497 0.00999632 7.70541
2117 0.000555329 0.0128889 7.64926
2118 0.00306529 0.0101054 7.63981
2119 0.000555329 0.0125679 7.60765
2120 0.00273153 0.0101994 7.58137
2121 0.000555329 0.0122469 7.56739
2122 0.00239611 0.0102841 7.53071
2123 0.000555329 0.0119259 7.52845
2124 0.00205787 0.0103563 7.48688
2125 0.000555329 0.0116049 7.49079
2126 0.0017191 0.0104225 7.45071
2127 0.000548988 0.0112815 7.45386
2128 0.00137348 0.0104806 7.4211
2129 0.000573725 0.0109532 7.41869
2130 0.00101782 0.0105314 7.39802
2131 0.000627331 0.0105891 7.38226
2132 0.00442145 0.0157622 8.58341
2133 0.00459574 0.0155532 8.5918
2134 0.00425248 0.0159725 8.57952
2135 0.00405754 0.0161725 8.57171
2136 0.00476734 0.0153422 8.60243
2137 0.00385094 0.0163447 8.56028
2138 0.00492767 0.0151029 8.60975
2139 0.00364211 0.0165191 8.55204
2140 0.00505397 0.014863 8.61166
2141 0.00343804 0.016696 8.54833
2142 0.00518355 0.0146245 8.61753
2143 0.00321033 0.0168554 8.54082
2144 0.0053125 0.0143882 8.62645
2145 0.00297892 0.0169904 8.53149
2146 0.00541936 0.0141309 8.63012
2147 0.00275043 0.0171308 8.5269
2148 0.00549949 0.0138748 8.62911
2149 0.00250291 0.01726 8.521
2150 0.00558132 0.013618 8.63123
2151 0.00224532 0.0173573 8.51107
2152 0.00566298 0.0133601 8.636
2153 0.00198969 0.0174526 8.5044
2154 0.00571957 0.0130872 8.63489
2155 0.00175471 0.0175967 8.51327
2156 0.0057501 0.0128187 8.62834
2157 0.00148745 0.0175979 8.49259
2158 0.0057834 0.0125496 8.62504
2159 0.00115392 0.017641 8.48028
2160 0.00581602 0.0122791 8.62393
2161 0.000850727 0.0178004 8.49976
2162 0.00582147 0.012002 8.61589
2163 0.00580585 0.0117343 8.60252
2164 0.0057962 0.0114671 8.59297
2165 0.00576344 0.0111915 8.57644
2166 0.00570434 0.0109279 8.55029
2167 0.00564816 0.0106605 8.52522
2168 0.00558581 0.0103958 8.49691
2169 0.00549192 0.0101312 8.45273
2170 0.000819422 0.017206 8.37385
2171 0.0054023 0.00986609 8.40656
2172 0.000833574 0.0169014 8.31328
2173 0.00526513 0.00953963 8.32886
2174 0.000841414 0.0165846 8.25197
2175 0.000832674 0.0162593 8.19026
2176 0.000832674 0.0159383 8.13168
2177 0.000832674 0.0156173 8.07496
2178 0.000832674 0.0152963 8.02006
2179 0.000832674 0.0149753 7.96693
2180 0.000832674 0.0146543 7.91551
2181 0.00491907 0.00964766 8.17298
2182 0.000832674 0.0143333 7.86577
2183 0.00461539 0.00979974 8.0615
2184 0.000832674 0.0140123 7.81765
2185 0.0043079 0.00995071 7.96352
2186 0.000832674 0.0136914 7.77109
2187 0.00398816 0.0100885 7.87364
2188 0.000832674 0.0133704 7.72606
2189 0.00365719 0.0102134 7.79129
2190 0.000832674 0.0130494 7.6825
2191 0.00332147 0.0103283 7.71782
2192 0.000832674 0.0127284 7.64036
2193 0.00297963 0.0104315 7.65217
2194 0.000832674 0.0124074 7.5996
2195 0.00263558 0.010523 7.59473
2196 0.000832674 0.0120864 7.56017
2197 0.00228871 0.0106038 7.54504
2198 0.00083551 0.0117518 7.52058
2199 0.00194456 0.0106757 7.50364
2200 0.000837948 0.0114229 7.483
2201 0.00159732 0.0107417 7.46974
2202 0.000794776 0.0111362 7.44891
2203 0.0012446 0.0108077 7.44367
2204 0.000899038 0.010856 7.42439
2205 0.000830828 0.0175164 8.4385
2206 0.00410729 0.0156818 8.50454
2207 0.00428616 0.0154765 8.51187
2208 0.00445726 0.0152724 8.52083
2209 0.00398834 0.0159123 8.51638
2210 0.00376559 0.0160475 8.49497
2211 0.00465474 0.0150936 8.54261
2212 0.00355994 0.0162145 8.48526
2213 0.00474149 0.014842 8.53092
2214 0.0033495 0.016383 8.47818
2215 0.00486545 0.0146092 8.53342
2216 0.00318874 0.0165871 8.48866
2217 0.00499599 0.0143786 8.54071
2218 0.00294617 0.0166784 8.46859
2219 0.0051531 0.0141697 8.56053
2220 0.00272268 0.016812 8.46229
2221 0.00519091 0.0139082 8.54467
2222 0.00252329 0.0169835 8.46958
2223 0.00526632 0.0136594 8.54286
2224 0.00227165 0.0170415 8.45128
2225 0.00535186 0.0134106 8.54656
2226 0.00199446 0.0171657 8.44687
2227 0.00546453 0.0131738 8.56219
2228 0.00364717 0.0121427 7.96829
2229 0.00545427 0.0129113 8.54047
2230 0.00412475 0.0122432 8.09757
2231 0.00548189 0.0126492 8.53249
2232 0.00132897 0.0173202 8.4242
2233 0.00552178 0.0123884 8.53072
2234 0.00558507 0.012133 8.53949
2235 0.00552746 0.0118764 8.50858
2236 0.00551543 0.0116163 8.4944
2237 0.0055496 0.0113595 8.49867
2238 0.00544586 0.0111213 8.45259
2239 0.00539881 0.0108544 8.42673
2240 0.005347 0.010596 8.3987
2241 0.00530632 0.0103433 8.37453
2242 0.00515094 0.0101269 8.29936
2243 0.00110991 0.0170731 8.36093
2244 0.00512258 0.00982985 8.27449
2245 0.00113654 0.0167612 8.30089
2246 0.00112361 0.0164253 8.23598
2247 0.00111002 0.0160988 8.17486
2248 0.00111002 0.0157778 8.11744
2249 0.00111002 0.0154568 8.06187
2250 0.00111002 0.0151358 8.0081
2251 0.00111002 0.0148148 7.95607
2252 0.00111002 0.0144938 7.90574
2253 0.0048636 0.00997297 8.17064
2254 0.00111002 0.0141728 7.85706
2255 0.00456569 0.0101314 8.06682
2256 0.00111002 0.0138519 7.80997
2257 0.00426056 0.0102888 7.97439
2258 0.00111002 0.0135309 7.76443
2259 0.0039291 0.0104277 7.8848
2260 0.00111002 0.0132099 7.72038
2261 0.00358599 0.0105484 7.80248
2262 0.00111002 0.0128889 7.67777
2263 0.00323716 0.0106637 7.72951
2264 0.00111002 0.0125679 7.63655
2265 0.00288453 0.010762 7.66474
2266 0.00111002 0.0122469 7.59668
2267 0.00252976 0.0108494 7.60855
2268 0.00111081 0.0119092 7.5562
2269 0.00217593 0.0109282 7.56112
2270 0.00111417 0.0115611 7.51606
2271 0.0018288 0.0109971 7.52245
2272 0.00111332 0.0111704 7.47226
2273 0.00147687 0.0110689 7.49201
2274 0.00397406 0.0154135 8.43703
2275 0.00376481 0.0156959 8.43851
2276 0.00416667 0.0151773 8.4433
2277 0.0043942 0.014921 8.45871
2278 0.00349654 0.0159004 8.42194
2279 0.00325889 0.0160994 8.41456
2280 0.00454006 0.0146155 8.454
2281 0.00300452 0.0163363 8.41546
2282 0.00468909 0.0143408 8.45772
2283 0.00486266 0.0140501 8.46994
2284 0.00268806 0.0165003 8.40002
2285 0.00237225 0.0166944 8.39611
2286 0.00494817 0.0137248 8.45992
2287 0.00504172 0.0134275 8.45822
2288 0.00204413 0.01683 8.38612
2289 0.00515688 0.0131092 8.4645
2290 0.00176993 0.016988 8.39118
2291 0.00144979 0.0169589 8.3597
2292 0.0051814 0.0127683 8.44616
2293 0.00521872 0.0124568 8.43656
2294 0.00526328 0.0121286 8.43101
2295 0.00523648 0.0117596 8.40228
2296 0.0052407 0.0113995 8.38644
2297 0.00515222 0.0110555 8.33869
2298 0.00509644 0.0107589 8.30435
2299 0.00504677 0.0104567 8.2712
2300 0.00142482 0.0165843 8.28554
2301 0.00141065 0.016253 8.22265
2302 0.00139406 0.0159362 8.16418
2303 0.00138737 0.0156173 8.10786
2304 0.00138737 0.0152963 8.0535
2305 0.00138737 0.0149753 8.00091
2306 0.00138737 0.0146543 7.95005
2307 0.00138737 0.0143333 7.90087
2308 0.00138737 0.0140123 7.85331
2309 0.00452597 0.0104731 8.07692
2310 0.00138737 0.0136914 7.80732
2311 0.0042112 0.0106378 7.98624
2312 0.00138737 0.0133704 7.76284
2313 0.00387226 0.0107764 7.89861
2314 0.00138737 0.0130494 7.71983
2315 0.00350614 0.0108936 7.81392
2316 0.00138737 0.0127284 7.67823
2317 0.00314269 0.0110018 7.74105
2318 0.00138737 0.0124074 7.63798
2319 0.00278048 0.0110923 7.67761
2320 0.00139152 0.0120727 7.59779
2321 0.0024199 0.0111801 7.62432
2322 0.00138212 0.0117418 7.55823
2323 0.00206169 0.0112624 7.58031
2324 0.00139911 0.0114032 7.52135
2325 0.00172547 0.0113211 7.54525
2326 0.00384468 0.0151148 8.36729
2327 0.00365027 0.0153556 8.36466
2328 0.00343078 0.0155787 8.35881
2329 0.00403765 0.0148745 8.37367
2330 0.00421226 0.0146123 8.37725
2331 0.00319604 0.0157804 8.35125
2332 0.00295529 0.0159753 8.34584
2333 0.00436059 0.0143417 8.37772
2334 0.00266303 0.0161608 8.33607
2335 0.00450574 0.0140689 8.38086
2336 0.00462639 0.0137821 8.38006
2337 0.00235819 0.0163369 8.32868
2338 0.00204633 0.0165165 8.32706
2339 0.00471992 0.0134874 8.37475
2340 0.00480974 0.0131917 8.37152
2341 0.00172446 0.0166958 8.33048
2342 0.00487523 0.0128897 8.36406
2343 0.00491364 0.0125814 8.35079
2344 0.00494568 0.0122758 8.33816
2345 0.00494845 0.0119399 8.31641
2346 0.00492666 0.0116013 8.28774
2347 0.00488826 0.0112703 8.25483
2348 0.00483251 0.0109443 8.21592
2349 0.0048015 0.0106244 8.18558
2350 0.00171401 0.0163869 8.27151
2351 0.00169755 0.0160779 8.2138
2352 0.00166909 0.0157722 8.15737
2353 0.00166162 0.0154502 8.10167
2354 0.00166471 0.0151358 8.04997
2355 0.00166471 0.0148148 7.99863
2356 0.00166471 0.0144938 7.949
2357 0.00166471 0.0141728 7.90103
2358 0.00166471 0.0138519 7.85466
2359 0.00451197 0.010809 8.09604
2360 0.00166471 0.0135309 7.80983
2361 0.00418252 0.0110206 8.00798
2362 0.00166471 0.0132099 7.76649
2363 0.00378433 0.0111192 7.90495
2364 0.00166471 0.0128889 7.72458
2365 0.00340664 0.0112369 7.82255
2366 0.00166471 0.0125679 7.68404
2367 0.00303792 0.0113347 7.75216
2368 0.00167421 0.0122249 7.64317
2369 0.00267155 0.0114274 7.69239
2370 0.00167784 0.0118924 7.60439
2371 0.00229796 0.0115154 7.64105
2372 0.00162431 0.0115967 7.56511
2373 0.00193071 0.0116232 7.60266
2374 0.00370961 0.014819 8.29835
2375 0.00352786 0.0150481 8.29602
2376 0.00333308 0.0152662 8.29327
2377 0.00312142 0.0154658 8.28847
2378 0.00388209 0.014581 8.30118
2379 0.00403645 0.0143331 8.3024
2380 0.00290861 0.0156583 8.28609
2381 0.00265333 0.0158331 8.27842
2382 0.00417584 0.0140771 8.30258
2383 0.002329 0.0159696 8.26002
2384 0.00429954 0.0138136 8.30145
2385 0.0043994 0.0135399 8.29637
2386 0.00202561 0.0161991 8.26687
2387 0.00448429 0.0132617 8.28974
2388 0.00455778 0.0129791 8.28235
2389 0.00461229 0.0126925 8.27182
2390 0.0046564 0.0124046 8.2603
2391 0.00466903 0.0121004 8.24015
2392 0.00462939 0.011784 8.20414
2393 0.00460204 0.011463 8.17207
2394 0.00455429 0.0111317 8.13307
2395 0.00192954 0.0155908 8.15092
2396 0.0019351 0.0152828 8.1002
2397 0.00194206 0.0149753 8.05138
2398 0.00194206 0.0146543 8.00135
2399 0.00194206 0.0143333 7.95302
2400 0.00194206 0.0140123 7.90634
2401 0.00194206 0.0136914 7.86124
2402 0.00194206 0.0133704 7.81765
2403 0.00402265 0.0113722 7.99209
2404 0.00194206 0.0130494 7.77553
2405 0.00377648 0.0126254 8.04796
2406 0.00194362 0.0127228 7.73427
2407 0.00329887 0.0115768 7.83168
2408 0.00194931 0.0123847 7.69349
2409 0.00293538 0.0116633 7.76576
2410 0.00196513 0.0120262 7.65299
2411 0.00257842 0.0117566 7.71172
2412 0.00197448 0.0159032 8.20918
2413 0.00432611 0.0113252 8.07616
2414 0.00223076 0.0118463 7.66784
2415 0.00356153 0.0145369 8.23021
2416 0.00339402 0.0147544 8.22879
2417 0.0032266 0.0149681 8.22997
2418 0.00302871 0.0151718 8.22764
2419 0.00282786 0.0153569 8.22535
2420 0.00372073 0.0143082 8.23168
2421 0.00385672 0.0140703 8.23012
2422 0.00266269 0.0155499 8.2328
2423 0.0024201 0.0156307 8.21382
2424 0.00398218 0.0138315 8.22894
2425 0.00408589 0.013578 8.2238
2426 0.00416465 0.0133176 8.21421
2427 0.00424401 0.0130517 8.20646
2428 0.0043089 0.0127836 8.19704
2429 0.00435568 0.0125122 8.18446
2430 0.00442975 0.0122473 8.18193
2431 0.00437363 0.0119827 8.1434
2432 0.00428491 0.0116442 8.08942
2433 0.00219845 0.0154299 8.15343
2434 0.00221586 0.0151203 8.10528
2435 0.00220392 0.0148067 8.05472
2436 0.00221714 0.0144902 8.00832
2437 0.00223226 0.0141796 7.96482
2438 0.0022194 0.0138519 7.91693
2439 0.0022194 0.0135309 7.8732
2440 0.0022194 0.0132099 7.83094
2441 0.00392459 0.0116888 7.99359
2442 0.0022194 0.0128889 7.79008
2443 0.0022225 0.012565 7.75064
2444 0.00318615 0.0119005 7.84083
2445 0.00222672 0.0122137 7.70943
2446 0.00284304 0.0119864 7.7831
2447 0.00217107 0.0157082 8.19705
2448 0.00356017 0.0118419 7.91731
2449 0.00250546 0.0120859 7.73646
2450 0.00324309 0.0144729 8.16169
2451 0.00341694 0.0142795 8.16755
2452 0.0030882 0.0146821 8.16437
2453 0.00295992 0.0149073 8.17664
2454 0.00273978 0.0150467 8.16373
2455 0.00250448 0.0152865 8.16822
2456 0.00355303 0.0140514 8.16438
2457 0.00366414 0.0138177 8.15779
2458 0.00380843 0.0136186 8.16509
2459 0.00384241 0.0133672 8.14343
2460 0.00392923 0.0131088 8.13507
2461 0.00400499 0.0128394 8.12502
2462 0.00406955 0.0125633 8.1136
2463 0.00366212 0.0114776 7.90682
2464 0.00166039 0.0172867 8.44137
2465 0.00411382 0.0119083 8.06457
2466 0.00248751 0.0149321 8.11034
2467 0.00244142 0.0146551 8.06214
2468 0.00254862 0.0143684 8.03448
2469 0.00249967 0.0140125 7.97724
2470 0.00250231 0.0136835 7.93276
2471 0.00250284 0.0133693 7.89146
2472 0.00250283 0.0130554 7.8515
2473 0.00250442 0.0127468 7.81375
2474 0.00250423 0.0124345 7.77648
2475 0.00308187 0.0122097 7.85301
2476 0.00386848 0.0119998 8.00846
2477 0.00338468 0.01215 7.90956
2478 0.0027811 0.0123105 7.80817
2479 0.00291288 0.0144266 8.09866
2480 0.00310338 0.0142203 8.10213
2481 0.00329102 0.014054 8.11404
2482 0.00273443 0.0146829 8.10783
2483 0.00335064 0.0138007 8.0924
2484 0.00346466 0.0135009 8.07743
2485 0.00361456 0.013175 8.07125
2486 0.00369461 0.0128992 8.0582
2487 0.00385237 0.012333 8.03659
2488 0.00279057 0.0141406 8.03896
2489 0.00278444 0.0138171 7.99394
2490 0.00279372 0.0135171 7.95612
2491 0.00279264 0.0132162 7.91778
2492 0.00279669 0.01291 7.88089
2493 0.00279198 0.0126262 7.84645
2494 0.00301044 0.0124738 7.8687
2495 0.00327922 0.0124629 7.92072
2496 0.00303598 0.0139312 8.05138
2497 0.00309805 0.0133726 7.99094
2498 0.00333367 0.0132118 8.01693
2499 0.00338146 0.0129589 7.99712
2500 0.00306991 0.0130596 7.94766
2501 0.00311141 0.0127503 7.91913
2502 0.0034635 0.0126875 7.98393
