1 0 0 6.65521
2 -1.31814e-05 0.0843 6.68311
3 0.000965173 0.000254742 6.19446
4 0.00193035 0.000509484 6.07492
5 0.00289552 0.000764226 6.01974
6 0.00386069 0.00101897 5.99547
7 0.00482586 0.00127371 5.99881
8 0.00578087 0.00156352 5.98715
9 0.00673273 0.00186421 5.97425
10 0.00768459 0.00216491 5.96827
11 0.00863645 0.0024656 5.96852
12 0.00958831 0.00276629 5.98376
13 0.0105321 0.00309052 5.99245
14 0.0114689 0.00343542 5.99089
15 0.0124053 0.00378106 6.01445
16 0.0133259 0.00416716 6.00767
17 0.0142464 0.00455325 6.01973
18 0.0151583 0.00495885 6.03136
19 0.0160615 0.00538377 6.03321
20 0.0169648 0.00580868 6.07135
21 0.0178453 0.00627895 6.0782
22 0.0187221 0.00675569 6.11475
23 0.0195739 0.00727613 6.12397
24 0.0204188 0.00780725 6.15762
25 0.0212428 0.00837071 6.18051
26 0.0220554 0.00895 6.22938
27 0.0228403 0.00956626 6.27614
28 0.0235971 0.0102171 6.3186
29 0.0243276 0.0108973 6.36179
30 0.0250335 0.0116031 6.42149
31 0.0257067 0.01234 6.48816
32 0.0263387 0.0131126 6.54081
33 0.0269366 0.0139118 6.5914
34 0.0275032 0.0147335 6.649
35 0.0280355 0.0155777 6.71063
36 0.0285273 0.0164464 6.75922
37 0.0289842 0.0173339 6.80501
38 0.0294098 0.0182368 6.85436
39 0.029799 0.0191559 6.8926
40 0.0301579 0.0200872 6.93291
41 0.0304822 0.0210311 6.95786
42 0.0307866 0.0219816 7.00333
43 0.0310543 0.0229433 7.03087
44 0.0312931 0.0239123 7.05571
45 0.0315098 0.0248866 7.09464
46 0.0316903 0.0258683 7.11765
47 0.0318397 0.0268551 7.13536
48 0.031965 0.0278452 7.16473
49 0.0320544 0.0288394 7.18238
50 0.0321067 0.0298361 7.18475
51 0.0321321 0.0308337 7.19708
52 0.0321232 0.0318319 7.20422
53 0.0320699 0.0328285 7.18327
54 0.0319888 0.0338231 7.1737
55 0.0318766 0.034815 7.16616
56 0.0317157 0.0358001 7.12134
57 0.0315293 0.0367805 7.09365
58 0.0313157 0.0377556 7.07235
59 0.031056 0.0387194 7.01465
60 0.0307756 0.0396772 6.97973
61 0.0304715 0.0406279 6.94966
62 0.0301308 0.0415661 6.895
63 0.029775 0.0424987 6.86418
64 0.0293982 0.043423 6.83246
65 0.0289982 0.0443375 6.79155
66 0.0285882 0.0452476 6.77022
67 0.0281604 0.0461495 6.74152
68 0.0277224 0.0470465 6.71897
69 0.0272777 0.0479401 6.7042
70 0.0268226 0.0488286 6.68546
71 0.0263655 0.049716 6.67655
72 0.0259051 0.0506017 6.66713
73 0.0254454 0.0514878 6.66308
74 0.0249866 0.0523743 6.65868
75 0.0245345 0.0532643 6.663
76 0.024088 0.0541571 6.66539
77 0.0236488 0.0550535 6.66768
78 0.0232254 0.0559574 6.68353
79 0.0228107 0.0568654 6.68817
80 0.0224151 0.0577819 6.70417
81 0.0220382 0.0587061 6.72337
82 0.0216752 0.0596359 6.7309
83 0.0213423 0.060577 6.76192
84 0.0210281 0.0615243 6.78359
85 0.0207325 0.0624777 6.79938
86 0.0204685 0.0634404 6.8382
87 0.0202205 0.0644072 6.86547
88 0.01999 0.0653784 6.89594
89 0.0197769 0.0663536 6.93472
90 0.0195685 0.0673299 6.96422
91 0.0193667 0.0683075 7.00592
92 0.0191543 0.0692827 7.03381
93 0.0189189 0.0702528 7.04206
94 0.0186656 0.0712183 7.06136
95 0.0183676 0.0721708 7.05129
96 0.0179958 0.073097 6.97912
97 0.0175779 0.0740035 6.92182
98 0.0170968 0.0748776 6.84091
99 0.0165268 0.0756963 6.70657
100 0.015892 0.0764664 6.58362
101 0.0152136 0.0771983 6.49346
102 0.0144824 0.0778773 6.3962
103 0.0137022 0.0784993 6.29912
104 0.0128773 0.0790615 6.20592
105 0.0120363 0.0795985 6.16047
106 0.01118 0.0801113 6.12997
107 0.0102977 0.0805782 6.08822
108 0.00940088 0.0810158 6.06033
109 0.00849139 0.0814269 6.03949
110 0.0075628 0.0817932 6.00226
111 0.00663421 0.0821595 6.00256
112 0.0057045 0.0825227 6.01322
113 0.00475895 0.0828427 5.99629
114 0.00381339 0.0831627 6.01399
115 0.00286729 0.0834809 6.04941
116 0.00190713 0.0837539 6.08505
117 0.000946976 0.084027 6.20427
118 -1.30245e-05 0.0832964 5.3336
119 -1.28676e-05 0.0822929 4.10815
120 -1.27107e-05 0.0812893 3.02948
121 -1.25538e-05 0.0802857 2.1329
122 -1.23968e-05 0.0792821 1.4339
123 -1.22399e-05 0.0782786 0.915999
124 -1.2083e-05 0.077275 0.554299
125 -1.19261e-05 0.0762714 0.318387
126 -1.17691e-05 0.0752679 0.174733
127 -1.16122e-05 0.0742643 0.0924601
128 -1.14553e-05 0.0732607 0.0476022
129 -1.12984e-05 0.0722571 0.0240259
130 -1.11415e-05 0.0712536 0.0119568
131 -1.09845e-05 0.07025 0.00589188
132 -1.08276e-05 0.0692464 0.00288327
133 -1.06707e-05 0.0682429 0.00140419
134 -1.05138e-05 0.0672393 0.000681589
135 -1.03569e-05 0.0662357 0.0003301
136 -1.01999e-05 0.0652321 0.000159636
137 -1.0043e-05 0.0642286 7.7131e-05
138 -9.88609e-06 0.063225 3.72501e-05
139 -9.72916e-06 0.0622214 1.79873e-05
140 -9.57224e-06 0.0612179 8.6867e-06
141 -9.41532e-06 0.0602143 4.1964e-06
142 -9.2584e-06 0.0592107 2.02815e-06
143 -9.10148e-06 0.0582071 9.80791e-07
144 -8.94455e-06 0.0572036 4.74625e-07
145 -8.78763e-06 0.0562 2.29858e-07
146 -8.63071e-06 0.0551964 1.11414e-07
147 -8.47379e-06 0.0541929 5.40533e-08
148 -8.31687e-06 0.0531893 2.62513e-08
149 -8.15994e-06 0.0521857 1.27636e-08
150 -8.00302e-06 0.0511821 6.21375e-09
151 -7.8461e-06 0.0501786 3.02958e-09
152 -7.68918e-06 0.049175 1.47976e-09
153 -7.53226e-06 0.0481714 7.24429e-10
154 -7.37533e-06 0.0471679 3.55798e-10
155 -7.21841e-06 0.0461643 1.75736e-10
156 -7.06149e-06 0.0451607 8.79737e-11
157 -6.90457e-06 0.0441571 4.59002e-11
158 -6.74765e-06 0.0431536 2.73669e-11
159 -6.59072e-06 0.04215 2.27614e-11
160 -6.4338e-06 0.0411464 2.98541e-11
161 -6.27688e-06 0.0401429 5.26155e-11
162 -6.11996e-06 0.0391393 1.03355e-10
163 -5.96304e-06 0.0381357 2.09317e-10
164 -5.80611e-06 0.0371321 4.27264e-10
165 -5.64919e-06 0.0361286 8.7384e-10
166 -5.49227e-06 0.035125 1.78799e-09
167 -5.33535e-06 0.0341214 3.65885e-09
168 -5.17843e-06 0.0331179 7.48773e-09
169 -5.0215e-06 0.0321143 1.53248e-08
170 -4.86458e-06 0.0311107 3.13688e-08
171 -4.70766e-06 0.0301071 6.42211e-08
172 -4.55074e-06 0.0291036 1.31509e-07
173 -4.39382e-06 0.0281 2.69367e-07
174 -4.23689e-06 0.0270964 5.51893e-07
175 -4.07997e-06 0.0260929 1.13108e-06
176 -3.92305e-06 0.0250893 2.31878e-06
177 -3.76613e-06 0.0240857 4.75492e-06
178 -3.60921e-06 0.0230821 9.75271e-06
179 -3.45228e-06 0.0220786 2.00066e-05
180 -3.29536e-06 0.021075 4.10426e-05
181 -3.13844e-06 0.0200714 8.41855e-05
182 -2.98152e-06 0.0190679 0.000172613
183 -2.8246e-06 0.0180643 0.000353665
184 -2.66767e-06 0.0170607 0.00072374
185 -2.51075e-06 0.0160571 0.00147824
186 -2.35383e-06 0.0150536 0.0030106
187 -2.19691e-06 0.01405 0.00610523
188 -2.03999e-06 0.0130464 0.0123033
189 -1.88306e-06 0.0120429 0.0245674
190 -1.72614e-06 0.0110393 0.0484098
191 -1.56922e-06 0.0100357 0.0935972
192 -1.4123e-06 0.00903214 0.176226
193 -1.25538e-06 0.00802857 0.320227
194 -1.09845e-06 0.007025 0.556693
195 -9.41532e-07 0.00602143 0.91708
196 -7.8461e-07 0.00501786 1.43102
197 -6.27688e-07 0.00401429 2.1235
198 -4.70766e-07 0.00301071 3.01243
199 -3.13844e-07 0.00200714 4.08731
200 -1.56922e-07 0.00100357 5.30888
201 0.0157384 0.032237 1.82741e-07
202 0.0157627 0.0312577 2.73937e-07
203 0.0158926 0.0292088 1.08163e-06
204 0.0157046 0.0281 2.21146e-06
205 0.0154789 0.02639 7.11588e-06
206 0.0155549 0.0271673 4.11511e-06
207 0.0134766 0.0774437 4.57948
208 0.0141678 0.0768113 4.56814
209 0.0148231 0.0761435 4.58277
210 0.0127389 0.0779965 4.54814
211 0.0154502 0.0754601 4.65605
212 0.0119284 0.0784927 4.46036
213 0.0160183 0.0747387 4.72545
214 0.0111063 0.0789739 4.41054
215 0.0165126 0.0739508 4.74364
216 0.0102398 0.0794634 4.40351
217 0.0169402 0.0731244 4.73777
218 0.00939309 0.0799245 4.43381
219 0.0173116 0.072271 4.71359
220 0.00853868 0.0803712 4.49146
221 0.0176318 0.0713847 4.66632
222 0.00766926 0.0807512 4.49858
223 0.017915 0.0704709 4.616
224 0.00674901 0.0810809 4.44524
225 0.0181724 0.0695443 4.57622
226 0.00583091 0.0814028 4.40681
227 0.0184015 0.0685952 4.51363
228 0.0049005 0.0817247 4.39836
229 0.0186148 0.0676412 4.4501
230 0.00393531 0.0820563 4.42538
231 0.0188285 0.0666609 4.39214
232 0.00294452 0.0823826 4.47241
233 0.0190482 0.0656822 4.35251
234 0.0018983 0.082626 4.45795
235 0.0192697 0.0647091 4.30794
236 0.000956216 0.0829444 4.68815
237 0.0195139 0.0637149 4.28004
238 0.0197854 0.0627283 4.28646
239 0.0200648 0.0617703 4.28752
240 0.020371 0.0607922 4.28588
241 0.00105406 0.0818462 3.36643
242 0.0207066 0.0598295 4.31249
243 0.000851283 0.0807681 2.32341
244 0.0210613 0.0588822 4.34184
245 0.000847999 0.0797718 1.55041
246 0.0214334 0.0579291 4.35095
247 0.0008568 0.0787805 0.972398
248 0.0218281 0.0569945 4.37783
249 0.000856957 0.0777769 0.565249
250 0.022239 0.0560717 4.40639
251 0.000857114 0.0767734 0.306156
252 0.022653 0.0551563 4.40774
253 0.000857271 0.0757698 0.156502
254 0.0230957 0.0542294 4.42371
255 0.000857428 0.0747662 0.0770832
256 0.0235412 0.0533363 4.45072
257 0.000857585 0.0737626 0.0372531
258 0.0239868 0.0524433 4.45582
259 0.000857742 0.0727591 0.0178698
260 0.0244447 0.0515422 4.46125
261 0.000857898 0.0717555 0.00855647
262 0.0249044 0.0506553 4.4748
263 0.000858055 0.0707519 0.0040989
264 0.0253642 0.0497695 4.48543
265 0.000858212 0.0697484 0.00196579
266 0.0258179 0.0488876 4.49006
267 0.000858369 0.0687448 0.000943918
268 0.0262681 0.0480006 4.48984
269 0.000858526 0.0677412 0.000453749
270 0.0267181 0.0471098 4.49895
271 0.000858683 0.0667376 0.000218338
272 0.0271562 0.0462271 4.51273
273 0.00085884 0.0657341 0.000105157
274 0.0275745 0.0453429 4.50984
275 0.000858997 0.0647305 5.069e-05
276 0.0279911 0.0444361 4.51251
277 0.000859154 0.0637269 2.44553e-05
278 0.0283986 0.043536 4.53983
279 0.000859311 0.0627234 1.18084e-05
280 0.0287651 0.0426551 4.54009
281 0.000859468 0.0617198 5.70663e-06
282 0.0291251 0.0417245 4.53249
283 0.000859625 0.0607162 2.76025e-06
284 0.0294681 0.0408085 4.55445
285 0.000859781 0.0597126 1.33631e-06
286 0.0297784 0.0398875 4.55877
287 0.000859938 0.0587091 6.47535e-07
288 0.0300619 0.0389587 4.5625
289 0.000860095 0.0577055 3.14074e-07
290 0.0303224 0.0380242 4.57707
291 0.000860252 0.0567019 1.52485e-07
292 0.0305473 0.037084 4.57778
293 0.000860409 0.0556984 7.41086e-08
294 0.0307373 0.0361357 4.56851
295 0.000860566 0.0546948 3.60566e-08
296 0.0309094 0.0351806 4.59173
297 0.000860723 0.0536912 1.75637e-08
298 0.0310409 0.0342244 4.59617
299 0.00086088 0.0526876 8.56681e-09
300 0.0311303 0.033262 4.5778
301 0.000861037 0.0516841 4.18489e-09
302 0.0312004 0.032297 4.59422
303 0.000861194 0.0506805 2.04802e-09
304 0.0312311 0.0313325 4.59489
305 0.000861351 0.0496769 1.0045e-09
306 0.0312319 0.0303631 4.60384
307 0.000861508 0.0486734 4.94087e-10
308 0.0311884 0.0293986 4.58262
309 0.000861665 0.0476698 2.43958e-10
310 0.0311196 0.0284347 4.57852
311 0.000861821 0.0466662 1.21141e-10
312 0.0310143 0.0274717 4.56263
313 0.000861978 0.0456626 6.07766e-11
314 0.0308914 0.0265139 4.57925
315 0.000862135 0.0446591 3.12592e-11
316 0.0307262 0.0255555 4.56802
317 0.000862292 0.0436555 1.73129e-11
318 0.0305291 0.0246052 4.55113
319 0.000862449 0.0426519 1.18482e-11
320 0.030318 0.0236599 4.57259
321 0.000862606 0.0416484 1.22062e-11
322 0.0300656 0.0227206 4.56579
323 0.000862763 0.0406448 1.87695e-11
324 0.0297827 0.0217922 4.55506
325 0.00086292 0.0396412 3.51931e-11
326 0.02948 0.0208715 4.56687
327 0.000863077 0.0386376 7.03813e-11
328 0.0291438 0.0199655 4.56639
329 0.000863234 0.0376341 1.43267e-10
330 0.0287734 0.0190721 4.55807
331 0.000863391 0.0366305 2.92952e-10
332 0.0283837 0.0181879 4.57836
333 0.000863548 0.0356269 5.9963e-10
334 0.0279565 0.0173277 4.5798
335 0.000863705 0.0346234 1.22749e-09
336 0.0274884 0.0164907 4.5595
337 0.000863861 0.0336198 2.51257e-09
338 0.027001 0.0156603 4.57727
339 0.000864018 0.0326162 5.14254e-09
340 0.0264783 0.0148671 4.57584
341 0.000864175 0.0316126 1.05249e-08
342 0.0259058 0.0140962 4.54614
343 0.000864332 0.0306091 2.15413e-08
344 0.0253072 0.0133437 4.53257
345 0.000864489 0.0296055 4.40921e-08
346 0.0246917 0.0126065 4.55832
347 0.000864646 0.0286019 9.02643e-08
348 0.0240381 0.0119191 4.55102
349 0.000864803 0.0275984 1.84826e-07
350 0.0233258 0.0112679 4.49629
351 0.00086496 0.0265948 3.78554e-07
352 0.0226046 0.0106318 4.47949
353 0.000865117 0.0255912 7.75595e-07
354 0.0218721 0.0100066 4.50348
355 0.000865274 0.0245876 1.58967e-06
356 0.0211171 0.00942164 4.51691
357 0.000865431 0.0235841 3.25962e-06
358 0.0203257 0.00888231 4.48931
359 0.000865588 0.0225805 6.68702e-06
360 0.0195156 0.00836908 4.45947
361 0.000865745 0.0215769 1.37254e-05
362 0.0186642 0.00785111 4.44589
363 0.000865901 0.0205734 2.8188e-05
364 0.0178121 0.0073335 4.47934
365 0.000866058 0.0195698 5.79255e-05
366 0.0169855 0.00686052 4.51371
367 0.000866215 0.0185662 0.000119114
368 0.0161357 0.00642676 4.51885
369 0.000866372 0.0175626 0.00024512
370 0.0152456 0.00603366 4.47515
371 0.000866529 0.0165591 0.000504837
372 0.0143496 0.00565051 4.44006
373 0.000866686 0.0155555 0.00104071
374 0.0134298 0.00526522 4.4221
375 0.000866843 0.0145519 0.00214769
376 0.0125101 0.00488014 4.42711
377 0.000867 0.0135484 0.00443724
378 0.01159 0.00449526 4.4612
379 0.000867157 0.0125448 0.00917688
380 0.0106851 0.00412893 4.50381
381 0.000867314 0.0115412 0.0189835
382 0.00977564 0.00377958 4.54416
383 0.000867471 0.0105376 0.0391847
384 0.00885385 0.00347841 4.53595
385 0.000867628 0.00953406 0.0802456
386 0.00792221 0.00319741 4.51388
387 0.000867785 0.00853049 0.161201
388 0.00696114 0.00291897 4.48478
389 0.000867941 0.00752692 0.312141
390 0.00600007 0.0026405 4.46607
391 0.00088556 0.00651315 0.572851
392 0.0050392 0.00236184 4.46423
393 0.000888567 0.00550863 0.979201
394 0.00404265 0.00208319 4.48088
395 0.000878599 0.00450759 1.56053
396 0.00304113 0.00180224 4.53638
397 0.000879351 0.0034891 2.34955
398 0.00200128 0.00156839 4.55887
399 0.00110505 0.0023893 3.41267
400 0.00101416 0.00133475 4.68598
401 0.0132517 0.0764861 3.26943
402 0.0125654 0.0770057 3.23488
403 0.0139011 0.0758729 3.25535
404 0.0144603 0.0752189 3.18446
405 0.011836 0.0775066 3.21283
406 0.0150238 0.0745573 3.19937
407 0.0110473 0.07799 3.18741
408 0.0155474 0.0738863 3.24918
409 0.0102342 0.0784674 3.19141
410 0.0159935 0.0731329 3.22498
411 0.00940851 0.0789222 3.21215
412 0.0163244 0.072342 3.08963
413 0.00857876 0.0793543 3.24818
414 0.0166439 0.071517 2.9902
415 0.00774317 0.0797496 3.27861
416 0.0169392 0.0706558 2.90337
417 0.00687414 0.080097 3.26985
418 0.017206 0.0697677 2.82065
419 0.00597354 0.0804188 3.24304
420 0.0174453 0.0688629 2.73813
421 0.00505301 0.0807369 3.23176
422 0.0176637 0.0679208 2.64408
423 0.00412861 0.0810712 3.27045
424 0.0178739 0.0669662 2.56091
425 0.0031749 0.0814301 3.36352
426 0.0180919 0.0659816 2.49631
427 0.00214343 0.081794 3.49705
428 0.0183155 0.0650038 2.45197
429 0.0185438 0.063997 2.39816
430 0.0188049 0.0629958 2.38982
431 0.0190948 0.0620071 2.41573
432 0.0193833 0.0610125 2.40744
433 0.0197124 0.0600237 2.43804
434 0.0200671 0.0590487 2.48354
435 0.00169393 0.0802433 1.92237
436 0.0204364 0.0580847 2.52236
437 0.00172338 0.0792792 1.25435
438 0.020826 0.0571255 2.55991
439 0.00173895 0.0782881 0.754349
440 0.0212457 0.0561739 2.61457
441 0.00174248 0.0772853 0.417786
442 0.0216547 0.0552561 2.64322
443 0.00172507 0.0762717 0.214138
444 0.0220869 0.054319 2.66454
445 0.00172523 0.0752681 0.104871
446 0.0225445 0.0533967 2.7093
447 0.00172539 0.0742646 0.0498268
448 0.02299 0.0525037 2.73634
449 0.00172554 0.073261 0.0233497
450 0.0234387 0.0515978 2.74056
451 0.0017257 0.0722574 0.0108973
452 0.0239062 0.0507005 2.76755
453 0.00172586 0.0712538 0.00508937
454 0.0243666 0.0498139 2.78362
455 0.00172601 0.0702503 0.00238348
456 0.0248248 0.0489343 2.79848
457 0.00172617 0.0692467 0.00112014
458 0.0252733 0.0480534 2.79837
459 0.00172633 0.0682431 0.0005283
460 0.025721 0.0471652 2.79682
461 0.00172648 0.0672396 0.000250016
462 0.0261682 0.0462869 2.8125
463 0.00172664 0.066236 0.000118692
464 0.0265928 0.0454195 2.8165
465 0.0017268 0.0652324 5.65101e-05
466 0.0269968 0.0445285 2.78978
467 0.00172696 0.0642288 2.69758e-05
468 0.0273962 0.0436431 2.78397
469 0.00172711 0.0632253 1.29085e-05
470 0.0277788 0.0427582 2.78047
471 0.00172727 0.0622217 6.1908e-06
472 0.0281345 0.0418699 2.76245
473 0.00172743 0.0612181 2.97527e-06
474 0.0284812 0.040971 2.76015
475 0.00172758 0.0602146 1.43273e-06
476 0.0287905 0.0400726 2.73776
477 0.00172774 0.059211 6.91219e-07
478 0.0290813 0.0391698 2.72655
479 0.0017279 0.0582074 3.34086e-07
480 0.0293445 0.0382633 2.71463
481 0.00172805 0.0572038 1.61764e-07
482 0.0295817 0.037351 2.70676
483 0.00172821 0.0562003 7.84677e-08
484 0.029788 0.036435 2.69729
485 0.00172837 0.0551967 3.81345e-08
486 0.0299677 0.0355151 2.69598
487 0.00172852 0.0541931 1.85707e-08
488 0.0301068 0.0345848 2.67801
489 0.00172868 0.0531896 9.06414e-09
490 0.0302189 0.0336546 2.67188
491 0.00172884 0.052186 4.43589e-09
492 0.0302938 0.0327226 2.65859
493 0.001729 0.0511824 2.17789e-09
494 0.0303411 0.031788 2.65606
495 0.00172915 0.0501788 1.07361e-09
496 0.0303558 0.0308521 2.65525
497 0.00172931 0.0491753 5.31982e-10
498 0.0303336 0.0299153 2.64788
499 0.00172947 0.0481717 2.65381e-10
500 0.0302841 0.0289794 2.65107
501 0.00172962 0.0471681 1.33581e-10
502 0.0302037 0.0280445 2.65756
503 0.00172978 0.0461646 6.80986e-11
504 0.030087 0.0271113 2.65657
505 0.00172994 0.045161 3.54487e-11
506 0.0299463 0.0261819 2.66873
507 0.00173009 0.0441574 1.92847e-11
508 0.029776 0.0252526 2.68554
509 0.00173025 0.0431538 1.17527e-11
510 0.0295728 0.0243308 2.69823
511 0.00173041 0.0421503 9.37896e-12
512 0.0293472 0.0234165 2.72352
513 0.00173056 0.0411467 1.12852e-11
514 0.0290924 0.0225068 2.75245
515 0.00173072 0.0401431 1.87753e-11
516 0.0288062 0.0216092 2.77749
517 0.00173088 0.0391396 3.60799e-11
518 0.0284966 0.0207232 2.81207
519 0.00173104 0.038136 7.2664e-11
520 0.0281533 0.019851 2.84022
521 0.00173119 0.0371324 1.48343e-10
522 0.0277851 0.018993 2.87715
523 0.00173135 0.0361288 3.03964e-10
524 0.0273876 0.0181514 2.91506
525 0.00173151 0.0351253 6.23409e-10
526 0.0269559 0.0173319 2.9443
527 0.00173166 0.0341217 1.27878e-09
528 0.0265063 0.0165273 2.99609
529 0.00173182 0.0331181 2.62317e-09
530 0.0260083 0.0157482 3.02041
531 0.00173198 0.0321146 5.38113e-09
532 0.0254859 0.0149933 3.04957
533 0.00173213 0.031111 1.10401e-08
534 0.0249309 0.0142597 3.07802
535 0.00173229 0.0301074 2.26552e-08
536 0.0243381 0.0135512 3.09924
537 0.00173245 0.0291038 4.65054e-08
538 0.0237215 0.0128712 3.12417
539 0.0017326 0.0281003 9.55059e-08
540 0.0230679 0.0122255 3.13059
541 0.00173276 0.0270967 1.96245e-07
542 0.0223838 0.0115984 3.14151
543 0.00173292 0.0260931 4.03518e-07
544 0.0216828 0.0109925 3.16632
545 0.00173308 0.0250896 8.30387e-07
546 0.0209643 0.0104126 3.1966
547 0.00173323 0.024086 1.71047e-06
548 0.0202179 0.00987084 3.20628
549 0.00173339 0.0230824 3.52721e-06
550 0.0194379 0.00935299 3.20405
551 0.00173355 0.0220788 7.2829e-06
552 0.0186273 0.00884555 3.20547
553 0.0017337 0.0210753 1.50597e-05
554 0.0178066 0.00834832 3.22558
555 0.00173386 0.0200717 3.11931e-05
556 0.016978 0.00786597 3.25875
557 0.00173402 0.0190681 6.47341e-05
558 0.0161652 0.0074179 3.29433
559 0.00173417 0.0180646 0.000134635
560 0.0153221 0.00702304 3.27943
561 0.00173433 0.017061 0.000280709
562 0.0144515 0.00663485 3.26516
563 0.00173449 0.0160574 0.000586902
564 0.0135556 0.00625528 3.25116
565 0.00173464 0.0150538 0.00123088
566 0.0126361 0.0058701 3.25279
567 0.0017348 0.0140503 0.00258994
568 0.0117164 0.00548536 3.2768
569 0.00173496 0.0130467 0.0054672
570 0.0108171 0.00511747 3.31232
571 0.00173512 0.0120431 0.0115701
572 0.00992022 0.00477069 3.34444
573 0.00173527 0.0110396 0.0244974
574 0.00903332 0.00445802 3.35933
575 0.00173543 0.010036 0.0516473
576 0.00811948 0.00417109 3.34963
577 0.00173559 0.00903241 0.107398
578 0.00720059 0.00389031 3.34262
579 0.00173574 0.00802884 0.216788
580 0.00621816 0.00362186 3.3093
581 0.00176893 0.00699882 0.422632
582 0.00523886 0.00334843 3.29672
583 0.00179014 0.00598533 0.762197
584 0.0042723 0.00305962 3.33009
585 0.0017782 0.00498893 1.2636
586 0.00326926 0.002762 3.39769
587 0.00173704 0.00402183 1.93011
588 0.00222275 0.00245967 3.50473
589 0.00164862 0.0810989 2.67688
590 0.0130801 0.0756569 2.36467
591 0.0123661 0.0760453 2.18914
592 0.0116965 0.0765199 2.18002
593 0.0134887 0.0749565 2.09814
594 0.0140505 0.0743216 2.05923
595 0.0109637 0.0770065 2.18608
596 0.0145872 0.07369 2.067
597 0.0101955 0.0774836 2.20542
598 0.0151454 0.0731502 2.23574
599 0.00940162 0.0779379 2.22948
600 0.0153611 0.0723811 1.95202
601 0.00859501 0.0783653 2.25763
602 0.0156566 0.0716124 1.81069
603 0.0077877 0.0787589 2.28596
604 0.0159592 0.0708026 1.70954
605 0.00696285 0.0791171 2.30082
606 0.016235 0.0699589 1.61437
607 0.00610054 0.0794421 2.29182
608 0.016481 0.0690843 1.51896
609 0.0052013 0.0797431 2.26979
610 0.0167066 0.0681872 1.43077
611 0.00428232 0.0800649 2.28833
612 0.0169236 0.0672512 1.35053
613 0.0033872 0.0804166 2.37277
614 0.017133 0.0662857 1.27638
615 0.0173579 0.0652992 1.22846
616 0.0175765 0.0642915 1.17532
617 0.0178214 0.0632735 1.14773
618 0.0181 0.0622574 1.14993
619 0.018394 0.0612455 1.15903
620 0.0187046 0.0602395 1.17029
621 0.0190566 0.0592405 1.20863
622 0.019426 0.0582527 1.24874
623 0.00257284 0.0798246 1.71444
624 0.019812 0.057273 1.28659
625 0.0026188 0.0788215 1.0758
626 0.0202227 0.0563056 1.33176
627 0.00263733 0.0778104 0.621776
628 0.0206569 0.0553615 1.39016
629 0.00262601 0.0767922 0.329805
630 0.021075 0.054411 1.40636
631 0.00259303 0.0757701 0.162979
632 0.0215221 0.0534784 1.44194
633 0.00259319 0.0747665 0.0781602
634 0.0219932 0.052564 1.49405
635 0.00259334 0.0737629 0.0365851
636 0.0224332 0.0516639 1.50592
637 0.0025935 0.0727593 0.0169477
638 0.0228989 0.0507462 1.52319
639 0.00259366 0.0717558 0.00782979
640 0.0233683 0.0498583 1.55172
641 0.00259382 0.0707522 0.00362126
642 0.0238314 0.048976 1.57011
643 0.00259397 0.0697486 0.00167951
644 0.0242826 0.0481036 1.57923
645 0.00259413 0.0687451 0.00078166
646 0.0247263 0.0472207 1.57462
647 0.00259429 0.0677415 0.000365138
648 0.0251795 0.0463365 1.58304
649 0.00259444 0.0667379 0.000171196
650 0.0256095 0.0454757 1.58567
651 0.0025946 0.0657343 8.05524e-05
652 0.0260164 0.0446211 1.57717
653 0.00259476 0.0647308 3.80317e-05
654 0.0264105 0.0437361 1.5523
655 0.00259491 0.0637272 1.80146e-05
656 0.02679 0.0428583 1.53172
657 0.00259507 0.0627236 8.55957e-06
658 0.0271483 0.0419909 1.51225
659 0.00259523 0.0617201 4.07911e-06
660 0.0274907 0.0411167 1.49341
661 0.00259538 0.0607165 1.94948e-06
662 0.0278116 0.0402368 1.4737
663 0.00259554 0.0597129 9.3428e-07
664 0.0281083 0.039356 1.45373
665 0.0025957 0.0587093 4.48977e-07
666 0.0283773 0.0384755 1.43283
667 0.00259586 0.0577058 2.16356e-07
668 0.0286182 0.037591 1.41069
669 0.00259601 0.0567022 1.04558e-07
670 0.0288308 0.0367031 1.38961
671 0.00259617 0.0556986 5.0685e-08
672 0.0290149 0.0358129 1.37123
673 0.00259633 0.0546951 2.46545e-08
674 0.0291716 0.034916 1.35725
675 0.00259648 0.0536915 1.20408e-08
676 0.0292971 0.0340181 1.34537
677 0.00259664 0.0526879 5.90902e-09
678 0.0293873 0.0331174 1.33141
679 0.0025968 0.0516843 2.91739e-09
680 0.0294459 0.0322146 1.32032
681 0.00259695 0.0506808 1.45141e-09
682 0.0294782 0.0313114 1.31892
683 0.00259711 0.0496772 7.29147e-10
684 0.0294746 0.0304033 1.31552
685 0.00259727 0.0486736 3.70861e-10
686 0.0294405 0.029496 1.3166
687 0.00259742 0.0476701 1.9158e-10
688 0.0293749 0.02859 1.32065
689 0.00259758 0.0466665 1.00893e-10
690 0.0292815 0.0276848 1.33144
691 0.00259774 0.0456629 5.44418e-11
692 0.029158 0.0267802 1.3462
693 0.0025979 0.0446593 3.03888e-11
694 0.0290046 0.0258773 1.36452
695 0.00259805 0.0436558 1.79995e-11
696 0.0288236 0.0249784 1.38832
697 0.00259821 0.0426522 1.21367e-11
698 0.0286182 0.0240856 1.42061
699 0.00259837 0.0416486 1.07009e-11
700 0.0283824 0.0232 1.45415
701 0.00259852 0.0406451 1.36514e-11
702 0.0281206 0.0223239 1.49255
703 0.00259868 0.0396415 2.30971e-11
704 0.0278349 0.0214574 1.53905
705 0.00259884 0.0386379 4.45224e-11
706 0.0275158 0.0206086 1.57982
707 0.00259899 0.0376343 8.98249e-11
708 0.0271715 0.0197712 1.62734
709 0.00259915 0.0366308 1.83827e-10
710 0.0268007 0.0189483 1.67927
711 0.00259931 0.0356272 3.77818e-10
712 0.0263983 0.0181505 1.72526
713 0.00259946 0.0346236 7.77517e-10
714 0.0259692 0.0173685 1.77639
715 0.00259962 0.0336201 1.60076e-09
716 0.0255119 0.0166043 1.82951
717 0.00259978 0.0326165 3.29653e-09
718 0.0250275 0.0158648 1.88252
719 0.00259993 0.0316129 6.79074e-09
720 0.0245196 0.0151495 1.939
721 0.00260009 0.0306093 1.39943e-08
722 0.023967 0.014454 1.9827
723 0.00260025 0.0296058 2.88548e-08
724 0.0233812 0.0137975 2.01092
725 0.00260041 0.0286022 5.95355e-08
726 0.0227721 0.0131674 2.03907
727 0.00260056 0.0275986 1.22939e-07
728 0.0221335 0.01255 2.07339
729 0.00260072 0.0265951 2.54113e-07
730 0.0214662 0.0119558 2.10574
731 0.00260088 0.0255915 5.2585e-07
732 0.020778 0.0113855 2.13909
733 0.00260103 0.0245879 1.0896e-06
734 0.0200714 0.010851 2.16252
735 0.00260119 0.0235843 2.26113e-06
736 0.0193385 0.0103336 2.1852
737 0.00260135 0.0225808 4.70025e-06
738 0.0185599 0.00983135 2.19712
739 0.0026015 0.0215772 9.78913e-06
740 0.0177696 0.00933701 2.22333
741 0.00260166 0.0205736 2.0431e-05
742 0.0169613 0.00886638 2.24595
743 0.00260182 0.0195701 4.27423e-05
744 0.0161578 0.00842105 2.27284
745 0.00260197 0.0185665 8.96508e-05
746 0.0153538 0.00801032 2.28845
747 0.00260213 0.0175629 0.000188574
748 0.0145295 0.00762234 2.29328
749 0.00260229 0.0165593 0.000397874
750 0.0136532 0.00723944 2.28964
751 0.00260245 0.0155558 0.000842221
752 0.0127619 0.00686001 2.29407
753 0.0026026 0.0145522 0.00178883
754 0.0118426 0.00647518 2.31051
755 0.00260276 0.0135486 0.00381171
756 0.0109431 0.00610342 2.33943
757 0.00260292 0.0125451 0.00814377
758 0.0100557 0.00575507 2.367
759 0.00260307 0.0115415 0.0174179
760 0.00918674 0.00543742 2.38611
761 0.00260323 0.0105379 0.0371595
762 0.00831478 0.00514336 2.39451
763 0.00260339 0.00953434 0.0784961
764 0.00739042 0.00486434 2.3847
765 0.00260354 0.00853076 0.162003
766 0.0064383 0.00459303 2.36722
767 0.00262693 0.00749851 0.326394
768 0.00545224 0.00433151 2.34429
769 0.00270399 0.0064498 0.623986
770 0.00445906 0.00406174 2.34618
771 0.00273404 0.00542825 1.08494
772 0.00348473 0.00375697 2.41263
773 0.00265537 0.00441483 1.72595
774 0.00255279 0.0034296 2.54472
775 0.00169525 0.00315133 2.69552
776 0.00250878 0.08082 2.54943
777 0.0166957 0.0318451 3.94303e-07
778 0.0158807 0.0477423 0.000212367
779 0.0115754 0.0755252 1.39683
780 0.0108485 0.0760177 1.3995
781 0.0130738 0.0741185 1.28592
782 0.0136679 0.0733951 1.22762
783 0.010116 0.0765009 1.42712
784 0.0142935 0.072651 1.2267
785 0.00936341 0.076965 1.4625
786 0.00858622 0.0773916 1.48818
787 0.014658 0.0717211 1.05018
788 0.0078052 0.0777758 1.50769
789 0.0149734 0.0709174 0.941955
790 0.00702099 0.0781402 1.53187
791 0.0152619 0.0701067 0.853453
792 0.00622382 0.0784877 1.55988
793 0.015518 0.0692827 0.77449
794 0.00532916 0.0787611 1.51824
795 0.0157462 0.068418 0.696486
796 0.00441677 0.0790358 1.49658
797 0.0159656 0.0675152 0.630397
798 0.00347748 0.0794122 1.57276
799 0.0161787 0.0665682 0.573241
800 0.0163951 0.0655986 0.529625
801 0.0166063 0.0645892 0.48813
802 0.0168328 0.0635622 0.458431
803 0.0170934 0.0625356 0.44831
804 0.0173874 0.0615043 0.452971
805 0.017685 0.0604785 0.455736
806 0.0180209 0.0594482 0.469547
807 0.0183992 0.0584409 0.501514
808 0.0187862 0.0574355 0.528644
809 0.0191897 0.0564487 0.556979
810 0.00355385 0.0783736 0.957493
811 0.0196258 0.0554801 0.596295
812 0.00355898 0.0773276 0.528793
813 0.0200555 0.0545157 0.623185
814 0.00350301 0.0762811 0.267798
815 0.0204983 0.0535647 0.647901
816 0.00346099 0.0752684 0.130404
817 0.0209618 0.0526313 0.678907
818 0.00346115 0.0742648 0.0617946
819 0.0214251 0.0517185 0.707191
820 0.0034613 0.0732613 0.0287153
821 0.0218832 0.0508071 0.723327
822 0.00346146 0.0722577 0.0132415
823 0.022366 0.0498965 0.747443
824 0.00346162 0.0712541 0.006097
825 0.0228346 0.0490155 0.76713
826 0.00346177 0.0702505 0.00281152
827 0.0232961 0.0481462 0.782607
828 0.00346193 0.069247 0.00130015
829 0.0237362 0.047276 0.782455
830 0.00346209 0.0682434 0.00060327
831 0.0241852 0.0463851 0.780616
832 0.00346224 0.0672398 0.000280917
833 0.0246136 0.0455302 0.7801
834 0.0034624 0.0662363 0.000131282
835 0.0250325 0.0446768 0.777467
836 0.00346256 0.0652327 6.15706e-05
837 0.0254307 0.0438161 0.764661
838 0.00346271 0.0642291 2.89773e-05
839 0.0258053 0.0429532 0.74379
840 0.00346287 0.0632255 1.36846e-05
841 0.0261654 0.0420962 0.725211
842 0.00346303 0.062222 6.48446e-06
843 0.0265093 0.041238 0.706945
844 0.00346319 0.0612184 3.08301e-06
845 0.026834 0.0403789 0.688711
846 0.00346334 0.0602148 1.47077e-06
847 0.0271339 0.0395196 0.66898
848 0.0034635 0.0592113 7.04078e-07
849 0.027409 0.0386617 0.64938
850 0.00346366 0.0582077 3.3829e-07
851 0.0276523 0.0378043 0.626812
852 0.00346381 0.0572041 1.63192e-07
853 0.0278721 0.036943 0.606841
854 0.00346397 0.0562005 7.90839e-08
855 0.0280663 0.0360802 0.589676
856 0.00346413 0.055197 3.85314e-08
857 0.028231 0.0352149 0.573702
858 0.00346428 0.0541934 1.88972e-08
859 0.0283647 0.0343473 0.559039
860 0.00346444 0.0531898 9.34434e-09
861 0.028471 0.0334807 0.548714
862 0.0034646 0.0521863 4.6689e-09
863 0.0285448 0.0326101 0.539542
864 0.00346475 0.0511827 2.36367e-09
865 0.0285864 0.0317364 0.532192
866 0.00346491 0.0501791 1.21641e-09
867 0.0286014 0.0308613 0.530493
868 0.00346507 0.0491755 6.38612e-10
869 0.0285872 0.0299845 0.532907
870 0.00346523 0.048172 3.43205e-10
871 0.0285373 0.0291055 0.535294
872 0.00346538 0.0471684 1.89353e-10
873 0.028463 0.028228 0.544633
874 0.00346554 0.0461648 1.07463e-10
875 0.0283537 0.0273508 0.553973
876 0.0034657 0.0451613 6.285e-11
877 0.0282174 0.0264751 0.568127
878 0.00346585 0.0441577 3.8074e-11
879 0.0280607 0.0255996 0.591548
880 0.00346601 0.0431541 2.43496e-11
881 0.0278716 0.02473 0.615798
882 0.00346617 0.0421505 1.74173e-11
883 0.027655 0.0238683 0.643366
884 0.00346632 0.041147 1.56887e-11
885 0.0274188 0.0230115 0.68015
886 0.00346648 0.0401434 1.97118e-11
887 0.0271524 0.0221691 0.717483
888 0.00346664 0.0391398 3.27069e-11
889 0.026858 0.0213383 0.757064
890 0.00346679 0.0381363 6.24991e-11
891 0.0265367 0.0205246 0.798738
892 0.00346695 0.0371327 1.25937e-10
893 0.0261909 0.0197243 0.845226
894 0.00346711 0.0361291 2.58251e-10
895 0.0258164 0.0189426 0.892167
896 0.00346727 0.0351255 5.32524e-10
897 0.0254162 0.0181785 0.942029
898 0.00346742 0.034122 1.10008e-09
899 0.0249865 0.0174355 0.991275
900 0.00346758 0.0331184 2.27423e-09
901 0.024533 0.016716 1.04221
902 0.00346774 0.0321148 4.70389e-09
903 0.0240621 0.016013 1.10221
904 0.00346789 0.0311113 9.73432e-09
905 0.0235826 0.015325 1.17826
906 0.00346805 0.0301077 2.0157e-08
907 0.0230118 0.014683 1.19921
908 0.00346821 0.0291041 4.17713e-08
909 0.0224405 0.0140906 1.22175
910 0.00346836 0.0281005 8.66414e-08
911 0.021848 0.0134904 1.26277
912 0.00346852 0.027097 1.79903e-07
913 0.0212242 0.0129003 1.30665
914 0.00346868 0.0260934 3.74011e-07
915 0.020569 0.0123463 1.33595
916 0.00346883 0.0250898 7.78647e-07
917 0.0198948 0.0118211 1.36191
918 0.00346899 0.0240863 1.6236e-06
919 0.0191947 0.0113135 1.38591
920 0.00346915 0.0230827 3.39142e-06
921 0.0184628 0.0108092 1.41404
922 0.00346931 0.0220791 7.09784e-06
923 0.0177056 0.0103179 1.44347
924 0.00346946 0.0210755 1.48866e-05
925 0.0169269 0.00984797 1.46915
926 0.00346962 0.020072 3.12947e-05
927 0.0161399 0.00941126 1.48736
928 0.00346978 0.0190684 6.59533e-05
929 0.0153561 0.00900159 1.50349
930 0.00346993 0.0180648 0.000139371
931 0.0145657 0.00861047 1.51822
932 0.00347009 0.0170613 0.000295364
933 0.0137331 0.00822755 1.52654
934 0.00347025 0.0160577 0.000627837
935 0.0128577 0.0078448 1.53531
936 0.0034704 0.0150541 0.00133866
937 0.0119685 0.00746479 1.55077
938 0.00347056 0.0140505 0.00286276
939 0.0110708 0.00709357 1.57099
940 0.00347072 0.013047 0.00613763
941 0.0101832 0.00674064 1.59334
942 0.00347087 0.0120434 0.0131768
943 0.00932124 0.00641341 1.61493
944 0.00347103 0.0110398 0.0282521
945 0.00845965 0.00611865 1.62267
946 0.00347119 0.0100363 0.0601531
947 0.00757524 0.00584208 1.61924
948 0.00347135 0.00903269 0.125877
949 0.0066667 0.0055619 1.62208
950 0.0034813 0.00801731 0.256238
951 0.00568088 0.0053012 1.60359
952 0.00348902 0.00697289 0.500389
953 0.00464943 0.00506746 1.56836
954 0.00377661 0.00589667 0.944348
955 0.00363405 0.00478203 1.59868
956 0.0120774 0.0739427 0.78405
957 0.0113883 0.0745648 0.820789
958 0.0106824 0.0750413 0.822331
959 0.00999138 0.0755191 0.848865
960 0.0126471 0.0732294 0.698881
961 0.0132138 0.0725319 0.655069
962 0.00930453 0.0759964 0.897047
963 0.0136644 0.0717394 0.576849
964 0.00855831 0.0764456 0.929803
965 0.0077915 0.076804 0.930949
966 0.0139808 0.0709729 0.487896
967 0.00704053 0.0771596 0.949056
968 0.0142862 0.0702116 0.424711
969 0.00628479 0.0775039 0.973471
970 0.0145582 0.0694297 0.368836
971 0.00556186 0.0779193 1.05775
972 0.0147698 0.0686264 0.310273
973 0.00457044 0.0779138 0.870553
974 0.0150048 0.0677656 0.269929
975 0.0152172 0.0668371 0.230998
976 0.0154297 0.0658985 0.203621
977 0.0156387 0.0648995 0.179404
978 0.0158356 0.0638629 0.156634
979 0.0160678 0.0628178 0.144508
980 0.016355 0.0617726 0.144103
981 0.0166624 0.0607144 0.146458
982 0.0169669 0.0596622 0.146257
983 0.0173454 0.058636 0.159711
984 0.0177466 0.0576155 0.176227
985 0.0181382 0.0565979 0.186602
986 0.0185657 0.0556038 0.203077
987 0.019024 0.0546287 0.226
988 0.00442084 0.0767624 0.435763
989 0.0194655 0.0536512 0.239159
990 0.00436207 0.0757404 0.218805
991 0.0199259 0.0527019 0.255706
992 0.00433638 0.0747554 0.107113
993 0.0203974 0.0517773 0.274107
994 0.0043291 0.0737632 0.0507032
995 0.0208765 0.0508642 0.292664
996 0.00432926 0.0727596 0.0234817
997 0.0213493 0.049952 0.304806
998 0.00432942 0.071756 0.0108151
999 0.0218367 0.0490499 0.320208
1000 0.00432957 0.0707525 0.00497904
1001 0.0223076 0.0481787 0.3325
1002 0.00432973 0.0697489 0.00229677
1003 0.0227549 0.0473261 0.338778
1004 0.00432989 0.0687453 0.00106265
1005 0.0231884 0.0464413 0.334235
1006 0.00433005 0.0677418 0.000493328
1007 0.0236251 0.0455794 0.334674
1008 0.0043302 0.0667382 0.000229842
1009 0.0240375 0.0447313 0.330272
1010 0.00433036 0.0657346 0.000107472
1011 0.0244402 0.0438824 0.324738
1012 0.00433052 0.064731 5.04374e-05
1013 0.0248216 0.0430355 0.315209
1014 0.00433067 0.0637275 2.37578e-05
1015 0.0251843 0.0421884 0.303311
1016 0.00433083 0.0627239 1.12326e-05
1017 0.0255297 0.0413452 0.291296
1018 0.00433099 0.0617203 5.33104e-06
1019 0.0258553 0.0405031 0.278858
1020 0.00433114 0.0607168 2.54023e-06
1021 0.0261574 0.0396642 0.265899
1022 0.0043313 0.0597132 1.21558e-06
1023 0.0264356 0.0388284 0.252981
1024 0.00433146 0.0587096 5.84461e-07
1025 0.0266867 0.0379935 0.239702
1026 0.00433161 0.057706 2.82563e-07
1027 0.02691 0.0371577 0.226255
1028 0.00433177 0.0567025 1.37514e-07
1029 0.0271107 0.036321 0.214801
1030 0.00433193 0.0556989 6.74742e-08
1031 0.0272844 0.0354845 0.204625
1032 0.00433209 0.0546953 3.34512e-08
1033 0.0274281 0.0346463 0.195233
1034 0.00433224 0.0536918 1.68018e-08
1035 0.0275431 0.0338088 0.18748
1036 0.0043324 0.0526882 8.57862e-09
1037 0.0276328 0.0329721 0.18244
1038 0.00433256 0.0516846 4.46913e-09
1039 0.0276914 0.0321301 0.178501
1040 0.00433271 0.050681 2.38461e-09
1041 0.0277182 0.0312849 0.175757
1042 0.00433287 0.0496775 1.30739e-09
1043 0.027716 0.0304395 0.175114
1044 0.00433303 0.0486739 7.3798e-10
1045 0.0276871 0.0295917 0.177255
1046 0.00433318 0.0476703 4.28961e-10
1047 0.0276277 0.0287427 0.181167
1048 0.00433334 0.0466668 2.56333e-10
1049 0.0275352 0.0278953 0.185885
1050 0.0043335 0.0456632 1.57017e-10
1051 0.0274137 0.0270501 0.192493
1052 0.00433365 0.0446596 9.83406e-11
1053 0.0272754 0.0261993 0.204919
1054 0.00433381 0.043656 6.30555e-11
1055 0.0271105 0.0253513 0.22018
1056 0.00433397 0.0426525 4.19774e-11
1057 0.0269096 0.0245121 0.23528
1058 0.00433413 0.0416489 3.04273e-11
1059 0.0266927 0.0236799 0.256216
1060 0.00433428 0.0406453 2.6707e-11
1061 0.0264547 0.0228555 0.281899
1062 0.00433444 0.0396418 3.18976e-11
1063 0.0261844 0.0220454 0.308263
1064 0.0043346 0.0386382 5.09722e-11
1065 0.0258817 0.0212525 0.334666
1066 0.00433475 0.0376346 9.59095e-11
1067 0.025556 0.0204797 0.363532
1068 0.00433491 0.036631 1.92593e-10
1069 0.0252144 0.0197168 0.399392
1070 0.00433507 0.0356275 3.95379e-10
1071 0.0248436 0.018969 0.43701
1072 0.00433522 0.0346239 8.17497e-10
1073 0.0244344 0.0182449 0.470959
1074 0.00433538 0.0336203 1.69433e-09
1075 0.0240075 0.0175422 0.509174
1076 0.00433554 0.0326168 3.51513e-09
1077 0.0235605 0.0168533 0.552879
1078 0.00433569 0.0316132 7.29741e-09
1079 0.0231004 0.0161667 0.608913
1080 0.00433585 0.0306096 1.51592e-08
1081 0.0227315 0.0154616 0.726369
1082 0.00433601 0.029606 3.15145e-08
1083 0.0220826 0.0150015 0.662014
1084 0.00433617 0.0286025 6.55729e-08
1085 0.0215223 0.0144271 0.692208
1086 0.00433632 0.0275989 1.36579e-07
1087 0.0209558 0.0138308 0.746064
1088 0.00433648 0.0265953 2.84809e-07
1089 0.0203369 0.0132709 0.778335
1090 0.00433664 0.0255918 5.94709e-07
1091 0.0196858 0.0127865 0.786267
1092 0.00433679 0.0245882 1.24367e-06
1093 0.0190222 0.0122829 0.811358
1094 0.00433695 0.0235846 2.60511e-06
1095 0.0183321 0.0117849 0.839876
1096 0.00433711 0.022581 5.46691e-06
1097 0.0176218 0.0112928 0.873674
1098 0.00433726 0.0215775 1.14955e-05
1099 0.0168724 0.0108229 0.89878
1100 0.00433742 0.0205739 2.42247e-05
1101 0.0161023 0.0103862 0.914283
1102 0.00433758 0.0195703 5.1169e-05
1103 0.0153348 0.00998723 0.923358
1104 0.00433773 0.0185668 0.000108355
1105 0.0145684 0.00960024 0.936545
1106 0.00433789 0.0175632 0.000230065
1107 0.0137736 0.00921376 0.95141
1108 0.00433805 0.0165596 0.000489857
1109 0.0129347 0.00883488 0.962319
1110 0.00433821 0.015556 0.001046
1111 0.012066 0.00845503 0.97636
1112 0.00433836 0.0145525 0.00223981
1113 0.0111948 0.00808634 0.993299
1114 0.00433852 0.0135489 0.00480802
1115 0.0103114 0.00773052 1.01053
1116 0.00433868 0.0125453 0.0103362
1117 0.0094481 0.0073978 1.0278
1118 0.00433883 0.0115418 0.0222047
1119 0.00859525 0.00708928 1.04142
1120 0.00433899 0.0105382 0.0474538
1121 0.00773303 0.0068163 1.03943
1122 0.00436693 0.0095261 0.100874
1123 0.00683055 0.00655292 1.03173
1124 0.00437254 0.00852002 0.206896
1125 0.00592024 0.00627131 1.0396
1126 0.00433618 0.00754679 0.393652
1127 0.00491795 0.00599627 1.0431
1128 0.00433327 0.00667352 0.668548
1129 0.0116302 0.0730223 0.382983
1130 0.0111875 0.0737245 0.480123
1131 0.010469 0.0740719 0.436819
1132 0.00980785 0.0745444 0.457183
1133 0.00914963 0.0750206 0.491158
1134 0.0121996 0.072321 0.335275
1135 0.0127879 0.0717616 0.343458
1136 0.00856748 0.0755981 0.585748
1137 0.0130007 0.0709917 0.250497
1138 0.00776351 0.0758338 0.532376
1139 0.00699294 0.0762087 0.549066
1140 0.0132958 0.0702483 0.201721
1141 0.00619138 0.0766025 0.575634
1142 0.0137192 0.0695952 0.201025
1143 0.00534893 0.0770702 0.633706
1144 0.0137472 0.0688098 0.133043
1145 0.0140301 0.0679873 0.113268
1146 0.0142525 0.0671052 0.0921629
1147 0.0144671 0.0661767 0.0762682
1148 0.0146741 0.0652209 0.0645306
1149 0.0148472 0.0641832 0.0522081
1150 0.0150244 0.0631235 0.0428325
1151 0.01529 0.0620654 0.0405774
1152 0.0156236 0.060992 0.0429211
1153 0.0159078 0.0599016 0.0411911
1154 0.0162605 0.0588406 0.0431131
1155 0.0166968 0.0578007 0.0513012
1156 0.0170726 0.0567506 0.0539849
1157 0.0174774 0.0557315 0.0577108
1158 0.0179683 0.0547323 0.0687036
1159 0.0184246 0.0537416 0.0760987
1160 0.0188837 0.052769 0.0822828
1161 0.00522996 0.0752149 0.184024
1162 0.0193504 0.0518351 0.0898438
1163 0.00520755 0.0742486 0.090495
1164 0.0198458 0.0509138 0.100122
1165 0.00519706 0.0732615 0.0427796
1166 0.0203295 0.0500027 0.108227
1167 0.00519722 0.072258 0.0198072
1168 0.0208125 0.0490944 0.114503
1169 0.00519738 0.0712544 0.00913409
1170 0.0212919 0.0482194 0.121622
1171 0.00519753 0.0702508 0.00421423
1172 0.0217523 0.0473602 0.126649
1173 0.00519769 0.0692472 0.00194873
1174 0.0222008 0.0465061 0.129545
1175 0.00519785 0.0682437 0.000903799
1176 0.0226365 0.0456288 0.128253
1177 0.005198 0.0672401 0.000420641
1178 0.0230524 0.0447794 0.126499
1179 0.00519816 0.0662365 0.000196531
1180 0.0234556 0.0439363 0.123852
1181 0.00519832 0.065233 9.21864e-05
1182 0.0238389 0.043102 0.119976
1183 0.00519847 0.0642294 4.34186e-05
1184 0.0242024 0.0422693 0.114688
1185 0.00519863 0.0632258 2.05376e-05
1186 0.0245494 0.0414385 0.108885
1187 0.00519879 0.0622222 9.75845e-06
1188 0.024876 0.0406112 0.102697
1189 0.00519895 0.0612187 4.65899e-06
1190 0.0251802 0.0397877 0.0962802
1191 0.0051991 0.0602151 2.23631e-06
1192 0.0254593 0.0389727 0.0898654
1193 0.00519926 0.0592115 1.08024e-06
1194 0.0257157 0.0381596 0.0837117
1195 0.00519942 0.058208 5.25851e-07
1196 0.0259463 0.0373468 0.0776168
1197 0.00519957 0.0572044 2.58478e-07
1198 0.0261501 0.0365358 0.0717941
1199 0.00519973 0.0562008 1.28632e-07
1200 0.0263327 0.0357267 0.0670484
1201 0.00519989 0.0551972 6.50216e-08
1202 0.0264867 0.0349155 0.0626739
1203 0.00520004 0.0541937 3.3512e-08
1204 0.0266088 0.0341027 0.0585627
1205 0.0052002 0.0531901 1.76814e-08
1206 0.0267088 0.0332994 0.0558612
1207 0.00520036 0.0521865 9.58586e-09
1208 0.0267895 0.0324936 0.0548001
1209 0.00520051 0.051183 5.35483e-09
1210 0.0268353 0.0316787 0.0537258
1211 0.00520067 0.0501794 3.08554e-09
1212 0.0268322 0.0308621 0.0516807
1213 0.00520083 0.0491758 1.83205e-09
1214 0.0268169 0.0300471 0.0520138
1215 0.00520099 0.0481722 1.11745e-09
1216 0.0267858 0.0292295 0.0544237
1217 0.00520114 0.0471687 6.97048e-10
1218 0.0267127 0.0284091 0.0563773
1219 0.0052013 0.0461651 4.42469e-10
1220 0.026585 0.0276067 0.0567054
1221 0.00520146 0.0451615 2.8454e-10
1222 0.0264733 0.0267794 0.0624439
1223 0.00520161 0.044158 1.84851e-10
1224 0.0263322 0.0259501 0.0693997
1225 0.00520177 0.0431544 1.21469e-10
1226 0.026151 0.0251314 0.0761924
1227 0.00520193 0.0421508 8.17195e-11
1228 0.0259424 0.0243225 0.0842148
1229 0.00520208 0.0411472 5.86055e-11
1230 0.0257268 0.0235201 0.0960388
1231 0.00520224 0.0401437 4.93241e-11
1232 0.0255005 0.0227256 0.112128
1233 0.0052024 0.0391401 5.537e-11
1234 0.0252181 0.0219483 0.125705
1235 0.00520255 0.0381365 8.45155e-11
1236 0.0249003 0.0212078 0.137813
1237 0.00520271 0.037133 1.55937e-10
1238 0.0245794 0.0204707 0.155768
1239 0.00520287 0.0361294 3.11483e-10
1240 0.0242633 0.0197319 0.182731
1241 0.00520303 0.0351258 6.39499e-10
1242 0.0238776 0.0190214 0.203018
1243 0.00520318 0.0341222 1.32468e-09
1244 0.0234465 0.0183493 0.219567
1245 0.00520334 0.0331187 2.75217e-09
1246 0.0230114 0.0176548 0.246773
1247 0.0052035 0.0321151 5.72489e-09
1248 0.0225354 0.0169307 0.281562
1249 0.00520365 0.0311115 1.19176e-08
1250 0.0219861 0.0161131 0.331533
1251 0.00520381 0.030108 2.48271e-08
1252 0.00520397 0.0291044 5.17621e-08
1253 0.021225 0.0153943 0.344913
1254 0.00520412 0.0281008 1.0802e-07
1255 0.0206007 0.0147473 0.375943
1256 0.00520428 0.0270972 2.25664e-07
1257 0.0201694 0.0140954 0.460529
1258 0.00520444 0.0260937 4.72011e-07
1259 0.0194634 0.01376 0.410461
1260 0.00520459 0.0250901 9.88647e-07
1261 0.0188289 0.0132501 0.433847
1262 0.00520475 0.0240865 2.07394e-06
1263 0.0181671 0.0127586 0.455321
1264 0.00520491 0.023083 4.35802e-06
1265 0.0174887 0.0122662 0.481964
1266 0.00520507 0.0220794 9.17469e-06
1267 0.0168063 0.011775 0.517496
1268 0.00520522 0.0210758 1.93543e-05
1269 0.016054 0.0113392 0.528602
1270 0.00520538 0.0200722 4.09187e-05
1271 0.0153009 0.0109652 0.527833
1272 0.00520554 0.0190687 8.67165e-05
1273 0.0145479 0.0105847 0.536098
1274 0.00520569 0.0180651 0.000184243
1275 0.0137858 0.0102048 0.548288
1276 0.00520585 0.0170615 0.000392513
1277 0.0129782 0.00982211 0.560338
1278 0.00520601 0.016058 0.000838582
1279 0.0121459 0.00944199 0.573956
1280 0.00520616 0.0150544 0.00179669
1281 0.0112898 0.00906634 0.589253
1282 0.00520632 0.0140508 0.00385912
1283 0.0104207 0.00871177 0.60109
1284 0.00520648 0.0130472 0.00830942
1285 0.00956344 0.00837549 0.614149
1286 0.00520663 0.0120437 0.0178889
1287 0.00872299 0.00806385 0.625334
1288 0.00522184 0.0110468 0.0382663
1289 0.00788917 0.00776936 0.636782
1290 0.00523947 0.0100397 0.0814795
1291 0.00698885 0.00753947 0.616915
1292 0.00528967 0.00900237 0.173539
1293 0.00608354 0.00729746 0.605618
1294 0.0052694 0.00796685 0.349971
1295 0.00518507 0.00696496 0.637645
1296 0.00525489 0.0761454 0.349783
1297 0.0112069 0.0721018 0.17342
1298 0.0105116 0.0729692 0.219093
1299 0.00965784 0.0735402 0.228092
1300 0.00889434 0.0741022 0.250223
1301 0.0154119 0.0228673 9.11414e-05
1302 0.011918 0.0712497 0.145471
1303 0.0145624 0.0406732 1.52986e-06
1304 0.0123165 0.0702737 0.100448
1305 0.00703791 0.0752186 0.298234
1306 0.00615018 0.0756614 0.315492
1307 0.0128708 0.052661 5.02956e-05
1308 0.013038 0.0620649 0.00233922
1309 0.0130469 0.0682466 0.0511892
1310 0.0132734 0.0673618 0.0386532
1311 0.0134946 0.0664505 0.0300728
1312 0.0137104 0.0655175 0.0242788
1313 0.0138894 0.0645366 0.0192167
1314 0.0140122 0.0634915 0.0142114
1315 0.0141075 0.0623448 0.00972425
1316 0.0145925 0.0612741 0.01273
1317 0.0148995 0.0602219 0.0128117
1318 0.0150688 0.0590344 0.00965084
1319 0.0156454 0.0579877 0.0143505
1320 0.0160632 0.0569552 0.0164904
1321 0.0162973 0.0558574 0.0134945
1322 0.0168778 0.0548332 0.0188591
1323 0.0173674 0.0538514 0.0224082
1324 0.0177948 0.0528421 0.0234571
1325 0.0182699 0.0518806 0.0259536
1326 0.00612846 0.0747208 0.16358
1327 0.0187997 0.050958 0.0310661
1328 0.0061015 0.0737515 0.0795768
1329 0.019301 0.0500445 0.0349955
1330 0.00606502 0.0727599 0.0371766
1331 0.0197746 0.0491373 0.0372947
1332 0.00606518 0.0717563 0.0172264
1333 0.0202561 0.0482561 0.040233
1334 0.00606533 0.0707527 0.00797557
1335 0.0207506 0.0473876 0.0438694
1336 0.00606549 0.0697492 0.00369415
1337 0.0212112 0.0465349 0.0458619
1338 0.00606565 0.0687456 0.00171278
1339 0.0216488 0.0456683 0.0461028
1340 0.00606581 0.067742 0.000796756
1341 0.0220609 0.044828 0.0454784
1342 0.00606596 0.0667385 0.00037263
1343 0.0224704 0.0439844 0.044664
1344 0.00606612 0.0657349 0.000175002
1345 0.0228567 0.0431567 0.0432618
1346 0.00606628 0.0647313 8.25668e-05
1347 0.0232215 0.0423364 0.041311
1348 0.00606643 0.0637277 3.91649e-05
1349 0.0235677 0.0415189 0.0389646
1350 0.00606659 0.0627242 1.86833e-05
1351 0.0238961 0.0407037 0.0364414
1352 0.00606675 0.0617206 8.96382e-06
1353 0.0242005 0.0398949 0.033724
1354 0.0060669 0.060717 4.32993e-06
1355 0.0244819 0.0390949 0.0310484
1356 0.00606706 0.0597135 2.11011e-06
1357 0.0247447 0.0383034 0.0286516
1358 0.00606722 0.0587099 1.03983e-06
1359 0.0249826 0.0375119 0.0262437
1360 0.00606737 0.0577063 5.19793e-07
1361 0.0251914 0.0367237 0.0238272
1362 0.00606753 0.0567027 2.64611e-07
1363 0.0253763 0.0359379 0.0216671
1364 0.00606769 0.0556992 1.37758e-07
1365 0.0255482 0.0351585 0.0202151
1366 0.00606785 0.0546956 7.36381e-08
1367 0.0256906 0.0343616 0.01869
1368 0.006068 0.053692 4.05508e-08
1369 0.0257705 0.0335795 0.0165144
1370 0.00606816 0.0526885 2.30502e-08
1371 0.0258683 0.0327995 0.0159994
1372 0.00606832 0.0516849 1.35267e-08
1373 0.0260904 0.0320459 0.0203756
1374 0.00606847 0.0506813 8.17881e-09
1375 0.0259468 0.0312535 0.0150136
1376 0.00606863 0.0496777 5.07541e-09
1377 0.0259393 0.0304701 0.0148128
1378 0.00606879 0.0486742 3.21574e-09
1379 0.0259114 0.0296874 0.0152331
1380 0.00606894 0.0476706 2.06878e-09
1381 0.026014 0.0289011 0.0207372
1382 0.0060691 0.046667 1.34456e-09
1383 0.0257217 0.0281676 0.0154827
1384 0.00606926 0.0456635 8.79241e-10
1385 0.0256476 0.027346 0.0179029
1386 0.00606941 0.0446599 5.76831e-10
1387 0.0255565 0.0265275 0.0214176
1388 0.00606957 0.0436563 3.79195e-10
1389 0.0253856 0.0257274 0.0238567
1390 0.00606973 0.0426527 2.50289e-10
1391 0.0251823 0.0249403 0.0264775
1392 0.00606989 0.0416492 1.6767e-10
1393 0.0249696 0.0241526 0.0305095
1394 0.00607004 0.0406456 1.17996e-10
1395 0.0247586 0.0233728 0.0366618
1396 0.0060702 0.039642 9.50996e-11
1397 0.0246776 0.0225825 0.0531035
1398 0.00607036 0.0386385 1.0031e-10
1399 0.0242441 0.0219101 0.0496398
1400 0.00607051 0.0376349 1.45774e-10
1401 0.0239125 0.0212036 0.0556071
1402 0.00607067 0.0366313 2.63015e-10
1403 0.023614 0.0204815 0.0674315
1404 0.00607083 0.0356277 5.21848e-10
1405 0.0234165 0.0197271 0.0935701
1406 0.00607098 0.0346242 1.07051e-09
1407 0.0228811 0.0191597 0.0868478
1408 0.00607114 0.0336206 2.21993e-09
1409 0.02247 0.0184931 0.0996918
1410 0.0060713 0.032617 4.62003e-09
1411 0.0220479 0.0177856 0.120194
1412 0.00607145 0.0316135 9.62879e-09
1413 0.0215265 0.0170539 0.140343
1414 0.00607161 0.0306099 2.0085e-08
1415 0.0209001 0.0163593 0.154017
1416 0.00607177 0.0296063 4.19287e-08
1417 0.00607193 0.0286027 8.76037e-08
1418 0.0202321 0.015657 0.172776
1419 0.00607208 0.0275992 1.83214e-07
1420 0.0195398 0.0148211 0.213451
1421 0.00607224 0.0265956 3.836e-07
1422 0.0060724 0.025592 8.0417e-07
1423 0.018689 0.0142643 0.214689
1424 0.00607255 0.0245885 1.68823e-06
1425 0.0179862 0.0137355 0.226819
1426 0.00607271 0.0235849 3.54975e-06
1427 0.0173222 0.0132392 0.243173
1428 0.00607287 0.0225813 7.47679e-06
1429 0.0166516 0.0127522 0.263206
1430 0.00607302 0.0215777 1.57782e-05
1431 0.016062 0.0121805 0.315785
1432 0.00607318 0.0205742 3.33655e-05
1433 0.0152693 0.0119495 0.279224
1434 0.00607334 0.0195706 7.07151e-05
1435 0.0145239 0.0115702 0.285055
1436 0.00607349 0.018567 0.000150237
1437 0.0137722 0.011191 0.293172
1438 0.00607365 0.0175635 0.000320008
1439 0.0130001 0.010812 0.302555
1440 0.00607381 0.0165599 0.000683479
1441 0.0121908 0.0104331 0.312116
1442 0.00607397 0.0155563 0.00146386
1443 0.0113561 0.0100587 0.322423
1444 0.00607412 0.0145527 0.00314678
1445 0.010512 0.00969414 0.333264
1446 0.00609828 0.0135436 0.00682719
1447 0.00965729 0.00935677 0.341081
1448 0.0061116 0.0125458 0.0146803
1449 0.0088342 0.00904245 0.349417
1450 0.00611925 0.0115575 0.0312772
1451 0.00802684 0.00874801 0.357404
1452 0.00613068 0.0105758 0.0658356
1453 0.00723162 0.00838957 0.389139
1454 0.0061566 0.00956614 0.138531
1455 0.00627748 0.00842779 0.307146
1456 0.010221 0.0718785 0.091494
1457 0.010788 0.0711738 0.0741737
1458 0.00949686 0.0725399 0.106085
1459 0.00871878 0.0731375 0.120008
1460 0.00791103 0.0737141 0.136313
1461 0.0112856 0.0703655 0.0560253
1462 0.00703607 0.0742538 0.151395
1463 0.0116381 0.0695077 0.0387104
1464 0.0102414 0.0645938 0.000586216
1465 0.0133431 0.0559457 0.000326373
1466 0.0122802 0.0676249 0.018386
1467 0.0125186 0.066712 0.013168
1468 0.0127439 0.0658095 0.00997189
1469 0.0129622 0.0649042 0.00801386
1470 0.0130926 0.0639159 0.00582325
1471 0.0130554 0.0629463 0.00354773
1472 0.0135285 0.0613041 0.00319963
1473 0.0140097 0.060547 0.00480211
1474 0.0140069 0.0596249 0.00325009
1475 0.0145642 0.0579375 0.00326716
1476 0.0151242 0.0572109 0.00564901
1477 0.0152202 0.0563366 0.00441261
1478 0.0158181 0.0547703 0.00462879
1479 0.0163222 0.0539652 0.0064549
1480 0.016757 0.0529871 0.00723154
1481 0.0170864 0.0518879 0.00616367
1482 0.0177538 0.0509699 0.00921534
1483 0.0182811 0.0500779 0.0110533
1484 0.00696987 0.0732483 0.0710096
1485 0.0187057 0.0491706 0.0112262
1486 0.00691197 0.0722517 0.0328749
1487 0.0192068 0.0482764 0.0124996
1488 0.00690432 0.0712577 0.0153875
1489 0.0197171 0.0474112 0.0140948
1490 0.00693389 0.0702635 0.00727818
1491 0.0201993 0.0465625 0.0153962
1492 0.00695456 0.0692649 0.00340608
1493 0.0206537 0.0457177 0.0160957
1494 0.00695316 0.0682535 0.00157946
1495 0.0210754 0.0448719 0.0160672
1496 0.00693376 0.0672404 0.00073188
1497 0.0214785 0.0440338 0.0157117
1498 0.00693392 0.0662368 0.000344554
1499 0.0218701 0.043205 0.0152699
1500 0.00693408 0.0652332 0.000162968
1501 0.0222386 0.0423913 0.0146221
1502 0.00693423 0.0642297 7.7731e-05
1503 0.0225856 0.0415853 0.0137846
1504 0.00693439 0.0632261 3.74058e-05
1505 0.0229137 0.0407837 0.0128382
1506 0.00693455 0.0622225 1.8086e-05
1507 0.0232203 0.0399857 0.0118047
1508 0.00693471 0.0612189 8.80837e-06
1509 0.023503 0.0391966 0.0107397
1510 0.00693486 0.0602154 4.35371e-06
1511 0.0237691 0.0384204 0.00981176
1512 0.00693502 0.0592118 2.186e-06
1513 0.0240284 0.0376563 0.00914503
1514 0.00693518 0.0582082 1.12031e-06
1515 0.0242349 0.0368834 0.00808609
1516 0.00693533 0.0572047 5.89133e-07
1517 0.0244273 0.0361217 0.00721708
1518 0.00693549 0.0562011 3.19121e-07
1519 0.0245878 0.0353526 0.00637843
1520 0.00693565 0.0551975 1.78468e-07
1521 0.0248941 0.0346396 0.00752589
1522 0.0069358 0.0541939 1.03107e-07
1523 0.0248263 0.0338702 0.00512554
1524 0.00693596 0.0531904 6.14788e-08
1525 0.0249379 0.0329891 0.00464854
1526 0.00693612 0.0521868 3.77365e-08
1527 0.0137187 0.0191572 0.000770568
1528 0.00693627 0.0511832 2.37464e-08
1529 0.0146031 0.0195107 0.00080343
1530 0.00693643 0.0501797 1.52386e-08
1531 0.0250953 0.0309554 0.00454852
1532 0.00693659 0.0491761 9.91518e-09
1533 0.0250665 0.0300258 0.00453951
1534 0.00693675 0.0481725 6.50629e-09
1535 0.0151284 0.0181004 0.00288305
1536 0.0069369 0.0471689 4.28736e-09
1537 0.0191096 0.0384831 6.096e-05
1538 0.00693706 0.0461654 2.82865e-09
1539 0.0248351 0.0279586 0.0050772
1540 0.00693722 0.0451618 1.86483e-09
1541 0.024717 0.0270579 0.00608961
1542 0.00693737 0.0441582 1.22699e-09
1543 0.0247553 0.0262637 0.00915613
1544 0.00693753 0.0431547 8.05614e-10
1545 0.0244288 0.025547 0.00836958
1546 0.00693769 0.0421511 5.29094e-10
1547 0.0242007 0.0247735 0.00954996
1548 0.00693784 0.0411475 3.50879e-10
1549 0.023981 0.0239232 0.0120421
1550 0.006938 0.0401439 2.42e-10
1551 0.0183483 0.0206088 0.00181494
1552 0.00693816 0.0391404 1.87507e-10
1553 0.016721 0.0205461 0.000877798
1554 0.00693831 0.0381368 1.86633e-10
1555 0.0232889 0.0219996 0.0195799
1556 0.00693847 0.0371332 2.58117e-10
1557 0.022899 0.0211316 0.0243691
1558 0.00693863 0.0361297 4.54608e-10
1559 0.0225516 0.0201952 0.0340039
1560 0.00693878 0.0351261 8.9496e-10
1561 0.00693894 0.0341225 1.83319e-09
1562 0.0219645 0.0193771 0.0386847
1563 0.0069391 0.0331189 3.80369e-09
1564 0.0215078 0.0186494 0.0468905
1565 0.00693926 0.0321154 7.92586e-09
1566 0.021191 0.0178861 0.0658382
1567 0.00693941 0.0311118 1.65428e-08
1568 0.020537 0.0173789 0.0620164
1569 0.00693957 0.0301082 3.45616e-08
1570 0.0198837 0.016656 0.0719528
1571 0.00693973 0.0291047 7.22686e-08
1572 0.00693988 0.0281011 1.51253e-07
1573 0.0192199 0.0159128 0.0870111
1574 0.00694004 0.0270975 3.16889e-07
1575 0.018507 0.0152659 0.0977558
1576 0.0069402 0.0260939 6.64691e-07
1577 0.00694035 0.0250904 1.39606e-06
1578 0.0177945 0.0147238 0.105168
1579 0.00694051 0.0240868 2.93649e-06
1580 0.0170949 0.0141923 0.114841
1581 0.00694067 0.0230832 6.18667e-06
1582 0.0163701 0.0136636 0.126086
1583 0.00694082 0.0220797 1.30574e-05
1584 0.0155638 0.0130358 0.145448
1585 0.00694098 0.0210761 2.76122e-05
1586 0.00694114 0.0200725 5.85137e-05
1587 0.014592 0.0126043 0.143754
1588 0.0069413 0.0190689 0.000124279
1589 0.0137717 0.0121938 0.147249
1590 0.00694145 0.0180654 0.000264604
1591 0.0129838 0.0118065 0.15205
1592 0.00694161 0.0170618 0.000564826
1593 0.0122064 0.0114259 0.158637
1594 0.00694177 0.0160582 0.00120882
1595 0.0113909 0.0110538 0.164618
1596 0.0069684 0.0150403 0.00263297
1597 0.010569 0.0106861 0.171696
1598 0.00698701 0.0140333 0.0056959
1599 0.00973243 0.0103336 0.178569
1600 0.00700675 0.0130353 0.0122755
1601 0.00887264 0.0100021 0.184207
1602 0.00703058 0.0120495 0.0261872
1603 0.00801378 0.00967063 0.191379
1604 0.0070397 0.0110854 0.0545089
1605 0.00705131 0.00925998 0.208293
1606 0.0140215 0.0586836 0.00222558
1607 0.0152824 0.0554666 0.00323932
1608 0.00702537 0.0101602 0.108461
1609 0.00923138 0.071528 0.0455145
1610 0.00980947 0.0709064 0.037435
1611 0.0103973 0.0703922 0.035256
1612 0.0085615 0.0721865 0.0565083
1613 0.00779211 0.0727263 0.0634985
1614 0.0105821 0.0696183 0.0220459
1615 0.0108922 0.0688268 0.0151433
1616 0.0112945 0.0678789 0.0103226
1617 0.0115137 0.0669525 0.00657162
1618 0.0117267 0.06603 0.0044013
1619 0.0119696 0.0651191 0.00325207
1620 0.0122762 0.0643077 0.0029953
1621 0.0121174 0.0634411 0.00157654
1622 0.0129918 0.060269 0.00109156
1623 0.0141582 0.0568279 0.00130872
1624 0.0152913 0.0538403 0.00164944
1625 0.0158587 0.0531721 0.00268156
1626 0.0159593 0.0522984 0.00198489
1627 0.0167297 0.0507468 0.00232379
1628 0.0173693 0.050115 0.00392177
1629 0.017607 0.0492244 0.00320738
1630 0.0180943 0.0482901 0.00348933
1631 0.00770431 0.0717608 0.0297627
1632 0.0186695 0.0474142 0.00435092
1633 0.00776845 0.0707828 0.0147101
1634 0.0191906 0.0465679 0.00502624
1635 0.00785405 0.0698158 0.00717491
1636 0.0196604 0.0457353 0.00544704
1637 0.00784871 0.0687795 0.0032838
1638 0.0200878 0.0449065 0.00558238
1639 0.00783482 0.0677449 0.00150376
1640 0.0204948 0.044075 0.00553267
1641 0.00784333 0.066725 0.000709344
1642 0.0208802 0.0432532 0.00536083
1643 0.00783177 0.0657294 0.000337594
1644 0.0212565 0.0424374 0.00516537
1645 0.00780671 0.0647364 0.000161397
1646 0.0216031 0.0416402 0.0048737
1647 0.00781227 0.0637333 7.90804e-05
1648 0.021931 0.040851 0.00454196
1649 0.00783876 0.0627387 3.94289e-05
1650 0.0222397 0.0400646 0.00417155
1651 0.00783529 0.0617347 1.94198e-05
1652 0.0225257 0.0392825 0.00377111
1653 0.00780266 0.0607173 9.5451e-06
1654 0.0227931 0.0385036 0.00337564
1655 0.00780282 0.0597137 4.91744e-06
1656 0.0230485 0.0377545 0.00307695
1657 0.00780298 0.0587102 2.60299e-06
1658 0.023434 0.0370625 0.00353662
1659 0.00780313 0.0577066 1.42857e-06
1660 0.0234703 0.036251 0.00242978
1661 0.00780329 0.056703 8.11804e-07
1662 0.0236467 0.0354378 0.00206675
1663 0.00780345 0.0556994 4.76717e-07
1664 0.023917 0.0344714 0.00192019
1665 0.0078036 0.0546959 2.8831e-07
1666 0.00780376 0.0536923 1.79059e-07
1667 0.0239796 0.0333824 0.0014579
1668 0.00780392 0.0526887 1.13836e-07
1669 0.0240908 0.032363 0.00131937
1670 0.00780408 0.0516852 7.37402e-08
1671 0.00780423 0.0506816 4.84197e-08
1672 0.0241797 0.0313624 0.00131794
1673 0.00780439 0.049678 3.20497e-08
1674 0.0243496 0.0305104 0.00172233
1675 0.00780455 0.0486744 2.12752e-08
1676 0.0241203 0.0296839 0.00132272
1677 0.0078047 0.0476709 1.41142e-08
1678 0.0224914 0.0368046 0.00100637
1679 0.00780486 0.0466673 9.34249e-09
1680 0.0180121 0.0385976 2.05439e-05
1681 0.00780502 0.0456637 6.16504e-09
1682 0.023895 0.0276069 0.00180461
1683 0.00780517 0.0446602 4.0528e-09
1684 0.0237514 0.0229064 0.0171317
1685 0.00780533 0.0436566 2.65268e-09
1686 0.0240201 0.0286714 0.00145872
1687 0.00780549 0.042653 1.72934e-09
1688 0.0234811 0.0255154 0.00301275
1689 0.00780564 0.0416494 1.12566e-09
1690 0.0232326 0.0246302 0.00384021
1691 0.0078058 0.0406459 7.37679e-10
1692 0.0229932 0.0237471 0.00517782
1693 0.00780596 0.0396423 4.99276e-10
1694 0.0226672 0.0228352 0.00677702
1695 0.00780612 0.0386387 3.73932e-10
1696 0.00780627 0.0376352 3.53404e-10
1697 0.0222807 0.0219583 0.00866413
1698 0.00780643 0.0366316 4.65858e-10
1699 0.0218928 0.0210815 0.0115864
1700 0.00780659 0.035628 8.00174e-10
1701 0.0214454 0.020246 0.0147932
1702 0.00780674 0.0346244 1.56176e-09
1703 0.0078069 0.0336209 3.19277e-09
1704 0.0209227 0.0194312 0.0184091
1705 0.00780706 0.0326173 6.62619e-09
1706 0.0203884 0.0185062 0.0253951
1707 0.00780721 0.0316137 1.382e-08
1708 0.00780737 0.0306102 2.88793e-08
1709 0.0196017 0.0176897 0.0295284
1710 0.00780753 0.0296066 6.04148e-08
1711 0.0189298 0.0169435 0.0358722
1712 0.00780768 0.028603 1.26506e-07
1713 0.00780784 0.0275994 2.65164e-07
1714 0.0182657 0.0162843 0.0418794
1715 0.007808 0.0265959 5.56422e-07
1716 0.0175828 0.015705 0.0469457
1717 0.00780816 0.0255923 1.16907e-06
1718 0.00780831 0.0245887 2.45971e-06
1719 0.0168935 0.0151697 0.0519494
1720 0.00780847 0.0235852 5.18326e-06
1721 0.0161816 0.0146511 0.0571972
1722 0.00780863 0.0225816 1.09412e-05
1723 0.0154354 0.0141259 0.0634973
1724 0.00780878 0.021578 2.31386e-05
1725 0.0146186 0.013633 0.0680175
1726 0.00780894 0.0205744 4.90324e-05
1727 0.0078091 0.0195709 0.000104128
1728 0.013783 0.0132091 0.0706382
1729 0.00780925 0.0185673 0.000221635
1730 0.0129746 0.012806 0.073355
1731 0.00780941 0.0175637 0.000472882
1732 0.0121812 0.0124222 0.0763743
1733 0.00780957 0.0165602 0.00101194
1734 0.0113974 0.0120496 0.0799745
1735 0.00784348 0.015533 0.00221946
1736 0.010581 0.0116815 0.0837614
1737 0.00788153 0.0145156 0.00486137
1738 0.00973527 0.0113243 0.0873472
1739 0.00791455 0.0135076 0.0105898
1740 0.00887522 0.0109684 0.0916432
1741 0.00793909 0.0125139 0.0227798
1742 0.00800933 0.0106007 0.0979217
1743 0.0079853 0.0115566 0.0477229
1744 0.0124375 0.0613065 0.000816296
1745 0.0130723 0.0590197 0.000750571
1746 0.013371 0.0578073 0.000641505
1747 0.0143926 0.055716 0.00114744
1748 0.0146587 0.0546479 0.000950495
1749 0.0160934 0.051414 0.00152981
1750 0.00840626 0.0713362 0.0284752
1751 0.0087815 0.0704892 0.0171236
1752 0.00957932 0.0698724 0.0160652
1753 0.0103611 0.0680934 0.00676482
1754 0.010542 0.0672166 0.00403654
1755 0.0106936 0.0662775 0.00233662
1756 0.0109413 0.0653021 0.00150353
1757 0.011272 0.0642035 0.00104254
1758 0.0149629 0.0527679 0.000711153
1759 0.0164617 0.0495824 0.000972038
1760 0.0168421 0.0482991 0.00080842
1761 0.0175844 0.0473735 0.00124992
1762 0.0181743 0.0465414 0.00159553
1763 0.0186671 0.0457289 0.00181051
1764 0.00875464 0.0693392 0.00736145
1765 0.0191018 0.044918 0.00190345
1766 0.00874963 0.0682738 0.00329501
1767 0.0195091 0.0441057 0.00192612
1768 0.00873325 0.0672119 0.00151878
1769 0.019898 0.0432933 0.00189455
1770 0.00877466 0.0661889 0.000736957
1771 0.0202659 0.0424856 0.00181761
1772 0.00870484 0.0652325 0.000353009
1773 0.0206183 0.0416869 0.00172616
1774 0.0086374 0.064243 0.00017238
1775 0.020948 0.0409056 0.00161445
1776 0.00873747 0.063263 9.23213e-05
1777 0.021257 0.0401341 0.00148862
1778 0.00876657 0.0622644 4.65566e-05
1779 0.0215491 0.0393613 0.0013524
1780 0.00871866 0.0612406 2.31363e-05
1781 0.021828 0.0385745 0.00120728
1782 0.00869457 0.0602256 1.21553e-05
1783 0.02211 0.0377616 0.00107633
1784 0.00869158 0.0592219 6.69405e-06
1785 0.0237757 0.0264621 0.00255076
1786 0.00867094 0.0582085 3.78966e-06
1787 0.0251056 0.0319923 0.00482052
1788 0.00867109 0.0572049 2.26721e-06
1789 0.022637 0.0357393 0.000717885
1790 0.00867125 0.0562014 1.39396e-06
1791 0.0228576 0.0347787 0.00060935
1792 0.00867141 0.0551978 8.74111e-07
1793 0.0230226 0.0337858 0.00050371
1794 0.00867156 0.0541942 5.58251e-07
1795 0.00867172 0.0531906 3.63562e-07
1796 0.0231273 0.0327562 0.00041588
1797 0.00867188 0.0521871 2.40036e-07
1798 0.0232221 0.0317041 0.000383862
1799 0.00867203 0.0511835 1.59959e-07
1800 0.00867219 0.0501799 1.07054e-07
1801 0.0233488 0.0305545 0.000430544
1802 0.00867235 0.0491764 7.15138e-08
1803 0.0086725 0.0481728 4.75176e-08
1804 0.0231987 0.0294282 0.000428491
1805 0.00867266 0.0471692 3.14188e-08
1806 0.023073 0.0283367 0.000519228
1807 0.00867282 0.0461656 2.06934e-08
1808 0.00867298 0.0451621 1.35723e-08
1809 0.0229524 0.0272945 0.000708231
1810 0.00867313 0.0441585 8.85322e-09
1811 0.0227397 0.0262868 0.000943927
1812 0.00867329 0.0431549 5.74305e-09
1813 0.00867345 0.0421514 3.70822e-09
1814 0.0224954 0.025364 0.0012491
1815 0.0086736 0.0411478 2.38906e-09
1816 0.0222468 0.02448 0.00170083
1817 0.00867376 0.0401442 1.54716e-09
1818 0.0219729 0.0236122 0.00232638
1819 0.00867392 0.0391406 1.03002e-09
1820 0.0216449 0.0227557 0.00313501
1821 0.00867407 0.0381371 7.49961e-10
1822 0.00867423 0.0371335 6.77733e-10
1823 0.0212757 0.021913 0.004218
1824 0.00867439 0.0361299 8.54014e-10
1825 0.0208685 0.0210866 0.0056161
1826 0.00867454 0.0351264 1.43029e-09
1827 0.020389 0.0202761 0.0072753
1828 0.0086747 0.0341228 2.76629e-09
1829 0.00867486 0.0331192 5.64218e-09
1830 0.0198315 0.0194644 0.00933354
1831 0.00867502 0.0321156 1.17091e-08
1832 0.0192228 0.018673 0.0117003
1833 0.00867517 0.0311121 2.4438e-08
1834 0.00867533 0.0301085 5.11168e-08
1835 0.0186055 0.0179228 0.0148609
1836 0.00867549 0.0291049 1.07055e-07
1837 0.0179762 0.0172386 0.0180927
1838 0.00867564 0.0281014 2.24446e-07
1839 0.0086758 0.0270978 4.71086e-07
1840 0.0173387 0.0166784 0.0204888
1841 0.00867596 0.0260942 9.89963e-07
1842 0.0166888 0.0161356 0.0232724
1843 0.00867611 0.0250906 2.0832e-06
1844 0.00867627 0.0240871 4.39036e-06
1845 0.0160087 0.0156302 0.025778
1846 0.00867643 0.0230835 9.26823e-06
1847 0.0152906 0.0151417 0.0282275
1848 0.00867658 0.0220799 1.96018e-05
1849 0.0145368 0.0146614 0.03066
1850 0.00867674 0.0210764 4.15405e-05
1851 0.0137534 0.0142118 0.0329117
1852 0.0086769 0.0200728 8.82274e-05
1853 0.00867706 0.0190692 0.000187828
1854 0.0129619 0.0137976 0.0347873
1855 0.00867721 0.0180656 0.000400796
1856 0.0121618 0.0134146 0.036113
1857 0.00868173 0.0170522 0.000863471
1858 0.011365 0.013056 0.0372665
1859 0.00870353 0.0160285 0.00188362
1860 0.0105713 0.012684 0.0393433
1861 0.00875486 0.0149983 0.004177
1862 0.00973873 0.0123154 0.0415717
1863 0.00882549 0.0139755 0.0092714
1864 0.0088752 0.0119566 0.0437481
1865 0.00885388 0.0129441 0.0205026
1866 0.00975484 0.0688125 0.00789031
1867 0.0109837 0.0630488 0.00041519
1868 0.0119944 0.0685727 0.0267453
1869 0.0118003 0.060488 0.000276336
1870 0.0131205 0.0568089 0.000333671
1871 0.0143386 0.0535243 0.000418657
1872 0.0149849 0.0515903 0.000418841
1873 0.0156597 0.0505482 0.000602179
1874 0.0122781 0.0582666 0.000211379
1875 0.0135688 0.0550154 0.000304774
1876 0.00955548 0.0676973 0.0032891
1877 0.00968081 0.0666776 0.00167915
1878 0.00978187 0.0655856 0.000820449
1879 0.0093929 0.0646968 0.00036908
1880 0.0156875 0.048625 0.000265194
1881 0.0165404 0.0471516 0.000320481
1882 0.0171619 0.0464445 0.000477874
1883 0.0176976 0.0456792 0.000603521
1884 0.0181119 0.0449042 0.000633011
1885 0.018528 0.0441176 0.000663573
1886 0.0189132 0.0433223 0.000661792
1887 0.0192848 0.0425226 0.000644947
1888 0.0196352 0.0417306 0.000613401
1889 0.0199649 0.0409509 0.000574911
1890 0.00952566 0.0638655 0.000221645
1891 0.0202765 0.0401892 0.000534438
1892 0.00979381 0.0628233 0.000130248
1893 0.0205727 0.0394341 0.000491841
1894 0.0096397 0.0617589 6.00185e-05
1895 0.0208578 0.0386762 0.000447556
1896 0.00958552 0.0607327 3.27122e-05
1897 0.0211086 0.0378805 0.000382924
1898 0.00960375 0.0597493 1.91582e-05
1899 0.0213941 0.03703 0.000336075
1900 0.00955828 0.0587141 1.11758e-05
1901 0.0216496 0.0360844 0.000278286
1902 0.00955726 0.0577004 7.00175e-06
1903 0.00955579 0.0566987 4.45843e-06
1904 0.0218527 0.0351103 0.000219178
1905 0.00955815 0.0557029 2.88201e-06
1906 0.022033 0.0341408 0.000177436
1907 0.00955141 0.0547046 1.86078e-06
1908 0.0221691 0.0331592 0.000144741
1909 0.00953952 0.0536926 1.20784e-06
1910 0.00953968 0.052689 8.07269e-07
1911 0.0222612 0.0321425 0.000123327
1912 0.00953984 0.0516854 5.42573e-07
1913 0.0223337 0.0311016 0.000120811
1914 0.00953999 0.0506819 3.66189e-07
1915 0.00954015 0.0496783 2.45814e-07
1916 0.022325 0.0300537 0.000131213
1917 0.00954031 0.0486747 1.62734e-07
1918 0.00954046 0.0476711 1.07016e-07
1919 0.0222367 0.0290098 0.000157356
1920 0.00954062 0.0466676 7.01577e-08
1921 0.0221188 0.0279912 0.000212107
1922 0.00954078 0.045664 4.59341e-08
1923 0.00954093 0.0446604 2.98457e-08
1924 0.0219581 0.027011 0.00029807
1925 0.00954109 0.0436569 1.92602e-08
1926 0.0217439 0.0260802 0.000414802
1927 0.00954125 0.0426533 1.23624e-08
1928 0.0095414 0.0416497 7.9009e-09
1929 0.0215085 0.0251943 0.000582369
1930 0.00954156 0.0406461 5.03754e-09
1931 0.0212613 0.0243488 0.000821007
1932 0.00954172 0.0396426 3.22765e-09
1933 0.0209824 0.0235112 0.0011593
1934 0.00954188 0.038639 2.1203e-09
1935 0.0206486 0.0226947 0.00159709
1936 0.00954203 0.0376354 1.50929e-09
1937 0.00954219 0.0366319 1.31321e-09
1938 0.0202798 0.0219003 0.00217013
1939 0.00954235 0.0356283 1.58784e-09
1940 0.0198904 0.0211181 0.00297157
1941 0.0095425 0.0346247 2.59436e-09
1942 0.0193595 0.0203513 0.00378612
1943 0.00954266 0.0336211 4.97115e-09
1944 0.00954282 0.0326176 1.01133e-08
1945 0.0187189 0.019629 0.00445304
1946 0.00954297 0.031614 2.09812e-08
1947 0.0180962 0.0188516 0.00576872
1948 0.00954313 0.0306104 4.38085e-08
1949 0.00954329 0.0296069 9.17005e-08
1950 0.0177098 0.018059 0.00870927
1951 0.00954344 0.0286033 1.92222e-07
1952 0.01704 0.0176329 0.00874811
1953 0.0095436 0.0275997 4.03424e-07
1954 0.00954376 0.0265961 8.47729e-07
1955 0.016462 0.0170869 0.010395
1956 0.00954392 0.0255926 1.78376e-06
1957 0.0158368 0.0165768 0.0118399
1958 0.00954407 0.024589 3.75885e-06
1959 0.00954423 0.0235854 7.93373e-06
1960 0.0151526 0.0161316 0.0127004
1961 0.00954439 0.0225819 1.67753e-05
1962 0.0144286 0.0156766 0.0136976
1963 0.00954454 0.0215783 3.55391e-05
1964 0.0136803 0.0152183 0.0149589
1965 0.0095447 0.0205747 7.54521e-05
1966 0.0129224 0.0147832 0.0162376
1967 0.00954486 0.0195711 0.000160576
1968 0.00954501 0.0185676 0.000343003
1969 0.0121591 0.0143767 0.0174925
1970 0.00954517 0.017564 0.000733655
1971 0.0113309 0.0140537 0.0173162
1972 0.0095472 0.0165389 0.0015947
1973 0.0105222 0.0137345 0.0174523
1974 0.00959519 0.015478 0.00359903
1975 0.0097087 0.0133429 0.0188752
1976 0.00807789 0.0747562 0.293691
1977 0.0106851 0.0621071 0.000178554
1978 0.0119476 0.062378 0.000730519
1979 0.0113216 0.0613045 0.000237588
1980 0.0124269 0.074967 1.44257
1981 0.012312 0.0572638 0.000139192
1982 0.0137652 0.0541724 0.000278546
1983 0.0103628 0.0637029 0.000368371
1984 0.0139116 0.0524155 0.000160905
1985 0.0152314 0.0495888 0.00022639
1986 0.0112449 0.0596158 0.000111112
1987 0.0145335 0.0504415 0.000144566
1988 0.0161548 0.0461635 0.000125088
1989 0.0168203 0.0456355 0.00022077
1990 0.0170992 0.044856 0.000197968
1991 0.0175428 0.0441119 0.000223785
1992 0.0179288 0.0433346 0.000228093
1993 0.0182997 0.0425531 0.000226388
1994 0.0186504 0.0417686 0.000217909
1995 0.0189839 0.0409868 0.000204855
1996 0.0193005 0.0402232 0.000190623
1997 0.0195939 0.0394866 0.000176195
1998 0.0200311 0.0388113 0.000202454
1999 0.0103403 0.0612271 8.36517e-05
2000 0.0201067 0.0380135 0.000140144
2001 0.01062 0.0603328 6.81031e-05
2002 0.0203598 0.0372161 0.000120734
2003 0.0104119 0.0592198 3.5249e-05
2004 0.0206184 0.0363393 0.000101931
2005 0.0104342 0.0581823 2.29977e-05
2006 0.0208577 0.0354203 8.39501e-05
2007 0.0104553 0.057195 1.537e-05
2008 0.0104601 0.0562046 1.01738e-05
2009 0.0210587 0.0344825 6.74334e-05
2010 0.0104443 0.0552186 6.52354e-06
2011 0.0212093 0.0335312 5.36287e-05
2012 0.0104207 0.0542191 4.21006e-06
2013 0.0213163 0.0325696 4.40233e-05
2014 0.0104087 0.0532156 2.82058e-06
2015 0.0104075 0.0522129 1.8909e-06
2016 0.0213749 0.0315839 3.92062e-05
2017 0.0104093 0.0512054 1.28239e-06
2018 0.0213994 0.0305914 4.10947e-05
2019 0.0104231 0.0501963 8.75314e-07
2020 0.0104386 0.0492043 5.89852e-07
2021 0.0213698 0.0296022 4.99999e-05
2022 0.0104333 0.048198 3.81075e-07
2023 0.0104244 0.047188 2.46406e-07
2024 0.0212927 0.0286275 6.84012e-05
2025 0.0104086 0.0461659 1.57275e-07
2026 0.0211603 0.0276725 9.85647e-05
2027 0.0104087 0.0451623 1.0157e-07
2028 0.0104089 0.0441588 6.50767e-08
2029 0.0209755 0.0267539 0.000142825
2030 0.010409 0.0431552 4.14932e-08
2031 0.0207568 0.0258686 0.000207347
2032 0.0104092 0.0421516 2.63929e-08
2033 0.0104094 0.0411481 1.6683e-08
2034 0.0205248 0.0250373 0.000299304
2035 0.0104095 0.0401445 1.0536e-08
2036 0.0203065 0.0242313 0.00044113
2037 0.0104097 0.0391409 6.69987e-09
2038 0.020021 0.0234246 0.000637766
2039 0.0104098 0.0381373 4.359e-09
2040 0.019657 0.0226671 0.000858507
2041 0.01041 0.0371338 3.04769e-09
2042 0.0104101 0.0361302 2.56822e-09
2043 0.0193042 0.0219161 0.00119317
2044 0.0104103 0.0351266 2.99239e-09
2045 0.0190161 0.0211469 0.00178372
2046 0.0104105 0.0341231 4.77686e-09
2047 0.0104106 0.0331195 9.07084e-09
2048 0.0104108 0.0321159 1.8404e-08
2049 0.0175108 0.0198681 0.00204386
2050 0.0104109 0.0311123 3.81586e-08
2051 0.0168888 0.0187624 0.00348779
2052 0.0104111 0.0301088 7.96826e-08
2053 0.0104112 0.0291052 1.66858e-07
2054 0.0104114 0.0281016 3.49976e-07
2055 0.0104116 0.0270981 7.35079e-07
2056 0.0104117 0.0260945 1.54613e-06
2057 0.0156917 0.0174211 0.00599044
2058 0.0104119 0.0250909 3.25694e-06
2059 0.0150181 0.0171019 0.00579522
2060 0.010412 0.0240873 6.87191e-06
2061 0.0104122 0.0230838 1.45243e-05
2062 0.0143239 0.0166849 0.00612189
2063 0.0104123 0.0220802 3.07545e-05
2064 0.0135944 0.0162412 0.0066695
2065 0.0104125 0.0210766 6.52473e-05
2066 0.012855 0.0157681 0.00750283
2067 0.0104127 0.0200731 0.000138662
2068 0.0121065 0.0153413 0.0082342
2069 0.0104347 0.0190618 0.000298378
2070 0.0104337 0.0180732 0.000633348
2071 0.0114148 0.0149242 0.00933554
2072 0.0103957 0.0170814 0.00133121
2073 0.0104977 0.0148505 0.00730068
2074 0.0103849 0.0160353 0.00293296
2075 0.0123902 0.0552203 7.00968e-05
2076 0.0123149 0.0562388 9.62936e-05
2077 0.0133171 0.0533812 0.000112466
2078 0.0138322 0.0512013 8.42037e-05
2079 0.0113221 0.0586966 8.07556e-05
2080 0.0113648 0.0577146 5.57483e-05
2081 0.0128841 0.0542356 9.85719e-05
2082 0.015446 0.0468538 7.76803e-05
2083 0.0147655 0.0487656 9.67506e-05
2084 0.0161476 0.0180343 0.00446182
2085 0.0141467 0.0494263 5.79096e-05
2086 0.0160089 0.0450527 6.12551e-05
2087 0.0165414 0.0441045 7.17773e-05
2088 0.0169302 0.0433313 7.57231e-05
2089 0.0173175 0.0425675 7.86194e-05
2090 0.0176763 0.0417975 7.78008e-05
2091 0.0180066 0.0410166 7.34562e-05
2092 0.0183265 0.0402289 6.79882e-05
2093 0.0186645 0.0394108 6.30707e-05
2094 0.0121425 0.0593999 0.00028512
2095 0.00966087 0.0144211 0.00820281
2096 0.0193464 0.0374499 4.56476e-05
2097 0.0196034 0.0365666 3.81057e-05
2098 0.0198546 0.0356778 3.18632e-05
2099 0.0200876 0.0347875 2.66124e-05
2100 0.0113831 0.0567082 3.73105e-05
2101 0.0113888 0.0557189 2.54832e-05
2102 0.0202661 0.0338758 2.13712e-05
2103 0.0113211 0.0547591 1.50838e-05
2104 0.0203794 0.0329568 1.69479e-05
2105 0.0112674 0.0537334 1.00393e-05
2106 0.0204396 0.0320235 1.41895e-05
2107 0.0112868 0.0527509 6.83106e-06
2108 0.0112592 0.0517402 4.48486e-06
2109 0.0204724 0.0310778 1.3942e-05
2110 0.011291 0.0507375 3.12019e-06
2111 0.020477 0.0301298 1.67006e-05
2112 0.011342 0.0497498 2.20217e-06
2113 0.0113437 0.0487431 1.40245e-06
2114 0.0204508 0.0291903 2.34561e-05
2115 0.0113144 0.0477236 8.77035e-07
2116 0.0112997 0.0467001 5.62292e-07
2117 0.0203644 0.028271 3.50224e-05
2118 0.0113076 0.0457003 3.66419e-07
2119 0.020208 0.0273751 5.23991e-05
2120 0.0113005 0.0446899 2.29596e-07
2121 0.0112919 0.0436763 1.43929e-07
2122 0.0199962 0.0265159 7.69946e-05
2123 0.011277 0.0426536 8.90887e-08
2124 0.0197665 0.0256785 0.000114394
2125 0.0112772 0.04165 5.573e-08
2126 0.0112773 0.0406464 3.47913e-08
2127 0.0195338 0.0248975 0.00016835
2128 0.0112775 0.0396428 2.19295e-08
2129 0.0194778 0.0240897 0.000287181
2130 0.0112776 0.0386393 1.38983e-08
2131 0.0190325 0.0234138 0.000346909
2132 0.0112778 0.0376357 8.97119e-09
2133 0.0186528 0.0226491 0.00048515
2134 0.0112779 0.0366321 6.17576e-09
2135 0.0112781 0.0356286 5.06238e-09
2136 0.018218 0.0217258 0.000748925
2137 0.0112783 0.034625 5.71163e-09
2138 0.0112784 0.0336214 8.93595e-09
2139 0.0112786 0.0326178 1.68351e-08
2140 0.0112787 0.0316143 3.40679e-08
2141 0.016357 0.0197805 0.00134089
2142 0.0112789 0.0306107 7.05727e-08
2143 0.011279 0.0296071 1.47325e-07
2144 0.0112792 0.0286036 3.08473e-07
2145 0.0112794 0.0276 6.47064e-07
2146 0.0112795 0.0265964 1.3596e-06
2147 0.0112797 0.0255928 2.86152e-06
2148 0.0143155 0.0176808 0.0028974
2149 0.0112798 0.0245893 6.03318e-06
2150 0.01128 0.0235857 1.2745e-05
2151 0.0112801 0.0225821 2.69787e-05
2152 0.0134922 0.0172917 0.00288039
2153 0.0112803 0.0215786 5.72255e-05
2154 0.0127806 0.0167903 0.00336335
2155 0.0112744 0.0205768 0.000121328
2156 0.0120211 0.0162158 0.00411443
2157 0.0112857 0.0195646 0.000259924
2158 0.0111965 0.0157474 0.00460298
2159 0.0113655 0.0185384 0.000572237
2160 0.0113115 0.0176047 0.00116634
2161 0.012984 0.0518113 3.97491e-05
2162 0.0133385 0.0501286 2.61949e-05
2163 0.015115 0.0457999 3.3076e-05
2164 0.0174276 0.0210168 0.000849078
2165 0.0155739 0.0189721 0.00175568
2166 0.0111901 0.0166306 0.00232504
2167 0.0120221 0.0542569 3.27045e-05
2168 0.012247 0.0533274 2.83264e-05
2169 0.0139184 0.048375 2.92405e-05
2170 0.0154959 0.0440576 2.21034e-05
2171 0.0159176 0.043287 2.41402e-05
2172 0.0163214 0.0425548 2.62074e-05
2173 0.0167108 0.0418148 2.77502e-05
2174 0.0170388 0.0410532 2.66723e-05
2175 0.0173418 0.0402698 2.44135e-05
2176 0.017664 0.0394556 2.23558e-05
2177 0.0127835 0.0692989 0.0761912
2178 0.025026 0.0289994 0.00486419
2179 0.0183318 0.0376863 1.79088e-05
2180 0.0185976 0.03676 1.44856e-05
2181 0.0188554 0.0358831 1.20975e-05
2182 0.0191047 0.0350146 1.02237e-05
2183 0.0193366 0.0341731 8.87864e-06
2184 0.0194695 0.0333054 7.07198e-06
2185 0.0195094 0.0324318 5.55644e-06
2186 0.0195398 0.0315212 5.114e-06
2187 0.0120872 0.0522558 1.58281e-05
2188 0.0121163 0.0513108 1.07198e-05
2189 0.0195687 0.0306049 5.9662e-06
2190 0.0122262 0.050336 8.13009e-06
2191 0.0195724 0.0296932 8.41532e-06
2192 0.0123072 0.0493143 5.56917e-06
2193 0.0122219 0.04829 3.23274e-06
2194 0.0195673 0.0288158 1.33029e-05
2195 0.0121841 0.047249 2.03006e-06
2196 0.0122125 0.0462526 1.37127e-06
2197 0.0194595 0.027946 2.08282e-05
2198 0.0122086 0.0452429 8.40377e-07
2199 0.0192448 0.0271252 3.03239e-05
2200 0.0121777 0.0442155 5.03305e-07
2201 0.0121679 0.0431838 3.12355e-07
2202 0.0190139 0.0262997 4.5544e-05
2203 0.0121778 0.0421797 1.97176e-07
2204 0.0187755 0.0254347 7.18401e-05
2205 0.0121624 0.0411695 1.18711e-07
2206 0.0121404 0.040157 7.26616e-08
2207 0.0185623 0.0244273 0.000128379
2208 0.0121454 0.0391412 4.59376e-08
2209 0.0121456 0.0381376 2.88967e-08
2210 0.0180961 0.0235322 0.000191165
2211 0.0121458 0.037134 1.84791e-08
2212 0.0177035 0.0227606 0.000277842
2213 0.0121459 0.0361305 1.25407e-08
2214 0.0121461 0.0351269 1.00172e-08
2215 0.0121462 0.0341233 1.10241e-08
2216 0.0121464 0.0331198 1.70085e-08
2217 0.0121465 0.0321162 3.18595e-08
2218 0.0121467 0.0311126 6.43263e-08
2219 0.0121468 0.030109 1.33079e-07
2220 0.012147 0.0291055 2.77736e-07
2221 0.0121472 0.0281019 5.80937e-07
2222 0.0121473 0.0270983 1.21737e-06
2223 0.0121475 0.0260948 2.55797e-06
2224 0.0121476 0.0250912 5.38233e-06
2225 0.0135435 0.0182277 0.0014739
2226 0.0121478 0.0240876 1.13485e-05
2227 0.0121479 0.023084 2.39888e-05
2228 0.0121481 0.0220805 5.08615e-05
2229 0.0124394 0.0179243 0.00125453
2230 0.0121483 0.0210769 0.000108172
2231 0.0119584 0.0170563 0.00213399
2232 0.0121179 0.0200878 0.00022695
2233 0.0121486 0.0190698 0.000494782
2234 0.0129095 0.0509553 2.42938e-05
2235 0.0138001 0.0474746 1.62473e-05
2236 0.014232 0.046559 1.68128e-05
2237 0.0148347 0.0477515 6.15523e-05
2238 0.0131658 0.0488769 1.31843e-05
2239 0.0148524 0.0447827 1.42623e-05
2240 0.0171207 0.0219661 0.000368997
2241 0.0153767 0.0198835 0.000842039
2242 0.0144632 0.018657 0.00148675
2243 0.0149248 0.0431797 7.29206e-06
2244 0.0152971 0.0424697 7.8576e-06
2245 0.0157496 0.0418076 9.67871e-06
2246 0.0161092 0.0410813 1.00666e-05
2247 0.0163688 0.04032 8.90183e-06
2248 0.0166511 0.0395338 7.97062e-06
2249 0.0169822 0.0387013 7.34858e-06
2250 0.0173062 0.0378291 6.58005e-06
2251 0.0175875 0.0369367 5.54308e-06
2252 0.0178595 0.0360616 4.65337e-06
2253 0.0181145 0.0351967 3.9068e-06
2254 0.0183475 0.0343289 3.28305e-06
2255 0.0186693 0.0336158 3.49151e-06
2256 0.0185814 0.0328388 2.35063e-06
2257 0.0185945 0.0319452 2.01093e-06
2258 0.0186347 0.0310371 2.27569e-06
2259 0.018663 0.0301278 3.24776e-06
2260 0.0186889 0.0292522 5.31945e-06
2261 0.0130465 0.0478521 7.35898e-06
2262 0.0187922 0.0284711 9.36133e-06
2263 0.0131084 0.0468437 5.25168e-06
2264 0.0131641 0.045842 3.38229e-06
2265 0.0184988 0.0277356 1.22905e-05
2266 0.0130799 0.0447875 1.82015e-06
2267 0.0182609 0.0269566 1.82336e-05
2268 0.0130401 0.0437417 1.08275e-06
2269 0.0130893 0.0427137 7.22177e-07
2270 0.0180253 0.0261062 2.91108e-05
2271 0.0130856 0.0417176 4.26798e-07
2272 0.0177798 0.0252213 4.81073e-05
2273 0.0130005 0.0406736 2.42383e-07
2274 0.0129889 0.039665 1.52638e-07
2275 0.0174618 0.0243542 7.72056e-05
2276 0.0130049 0.0386685 9.66676e-08
2277 0.0130113 0.037661 5.99475e-08
2278 0.0171178 0.0235161 0.000120508
2279 0.013025 0.0366414 3.85695e-08
2280 0.0130352 0.0356322 2.57917e-08
2281 0.0130272 0.0346297 1.99623e-08
2282 0.0130142 0.0336217 2.15481e-08
2283 0.0130143 0.0326181 3.30187e-08
2284 0.0130145 0.0316145 6.16569e-08
2285 0.0130147 0.030611 1.24394e-07
2286 0.0130384 0.0296173 2.57373e-07
2287 0.0130319 0.0286133 5.3491e-07
2288 0.0130252 0.0276117 1.11261e-06
2289 0.0130256 0.0265991 2.33833e-06
2290 0.0130154 0.0255931 4.90967e-06
2291 0.0130156 0.0245895 1.03287e-05
2292 0.0129413 0.0188076 0.000768321
2293 0.0130062 0.0235703 2.18686e-05
2294 0.0129924 0.0225518 4.63914e-05
2295 0.0129806 0.02155 9.77759e-05
2296 0.0129633 0.0205834 0.000201237
2297 0.0129289 0.0196531 0.000401707
2298 0.0164131 0.0213866 0.000408022
2299 0.014051 0.0453636 7.62511e-06
2300 0.0146156 0.0439071 7.37687e-06
2301 0.0168428 0.0227721 0.000183848
2302 0.013776 0.0200618 0.000394689
2303 0.0141383 0.0423096 1.85231e-06
2304 0.0147828 0.0416354 3.02235e-06
2305 0.0153151 0.0411176 4.44466e-06
2306 0.0154413 0.0404068 3.45583e-06
2307 0.0156268 0.0396079 2.76198e-06
2308 0.0159454 0.0388266 2.61795e-06
2309 0.016311 0.0379819 2.52529e-06
2310 0.0165692 0.0371102 2.09306e-06
2311 0.0168357 0.0362374 1.75968e-06
2312 0.0171149 0.035368 1.51156e-06
2313 0.017381 0.0344648 1.28009e-06
2314 0.0176593 0.0334365 1.0915e-06
2315 0.0176708 0.0314493 9.17227e-07
2316 0.017729 0.0305321 1.34069e-06
2317 0.0177802 0.0296122 2.31027e-06
2318 0.0178078 0.0286027 4.4968e-06
2319 0.0172911 0.0268082 1.19529e-05
2320 0.0139049 0.0432566 2.32339e-06
2321 0.0170403 0.0259371 1.98331e-05
2322 0.0138674 0.0411919 8.41663e-07
2323 0.0167516 0.0250726 3.25286e-05
2324 0.01379 0.0401797 4.89861e-07
2325 0.0138649 0.039204 3.34336e-07
2326 0.0164446 0.024202 5.3338e-05
2327 0.0138741 0.0382162 1.99373e-07
2328 0.0138659 0.0371704 1.22617e-07
2329 0.0139481 0.0361467 8.31917e-08
2330 0.0139431 0.0351366 5.24809e-08
2331 0.0138902 0.0341184 3.9567e-08
2332 0.0138909 0.033124 4.29658e-08
2333 0.0139006 0.0321285 6.55791e-08
2334 0.0139242 0.0311389 1.22107e-07
2335 0.0139376 0.0301362 2.46447e-07
2336 0.0139378 0.0291331 5.101e-07
2337 0.0139135 0.0281308 1.05302e-06
2338 0.0138858 0.0271219 2.18011e-06
2339 0.0139295 0.0261016 4.65095e-06
2340 0.0139373 0.0251006 9.82346e-06
2341 0.0138741 0.0240546 2.06829e-05
2342 0.013838 0.0230175 4.39195e-05
2343 0.0138252 0.0219861 9.40592e-05
2344 0.0138055 0.020997 0.000196968
2345 0.0138637 0.0443075 3.61698e-06
2346 0.0161284 0.0222858 0.000187229
2347 0.0146623 0.0213502 0.000205337
2348 0.0146271 0.0204244 0.000415216
2349 0.0176402 0.0323983 8.39952e-07
2350 0.017518 0.0276713 7.26004e-06
2351 0.0161665 0.0233368 8.93858e-05
2352 0.0146517 0.0397607 1.05048e-06
2353 0.0148467 0.0388017 7.67461e-07
2354 0.0154153 0.0381506 1.11043e-06
2355 0.0155705 0.0373123 8.26737e-07
2356 0.0157925 0.036409 6.47133e-07
2357 0.0160917 0.035559 5.79948e-07
2358 0.0164085 0.0346908 5.35742e-07
2359 0.0165951 0.0337863 4.41955e-07
2360 0.016739 0.0308905 5.83021e-07
2361 0.0168029 0.0299703 1.03179e-06
2362 0.016985 0.0291485 1.97429e-06
2363 0.0163336 0.0266151 8.68079e-06
2364 0.0160354 0.0257306 1.45495e-05
2365 0.0157317 0.0248586 2.3992e-05
2366 0.0146277 0.0377404 3.79101e-07
2367 0.0147898 0.0367074 2.65331e-07
2368 0.0149695 0.0356418 1.83598e-07
2369 0.0147465 0.034579 9.9522e-08
2370 0.0147645 0.0336211 7.99946e-08
2371 0.0147871 0.0326526 8.72213e-08
2372 0.0148243 0.0316776 1.32837e-07
2373 0.0148469 0.0306779 2.4717e-07
2374 0.0148834 0.0296717 5.03308e-07
2375 0.0148556 0.0286536 1.0429e-06
2376 0.0147659 0.0276472 2.10329e-06
2377 0.0147201 0.0266665 4.25673e-06
2378 0.0149375 0.0256205 9.80101e-06
2379 0.0147748 0.0245409 2.04689e-05
2380 0.0146712 0.0234779 4.28892e-05
2381 0.0146383 0.022416 9.2613e-05
2382 0.0166715 0.0328217 3.67364e-07
2383 0.0167036 0.0283558 2.9361e-06
2384 0.0165254 0.0274783 5.06348e-06
2385 0.0155122 0.0239176 4.40053e-05
2386 0.0154341 0.0217936 0.000203837
2387 0.0156574 0.02072 0.000490555
2388 0.0155258 0.0348858 2.5051e-07
2389 0.0156097 0.0341019 1.94491e-07
2390 0.0158142 0.0302705 5.09276e-07
2391 0.0156863 0.0331908 1.65826e-07
