1 0 0 8.19441
2 -1.05452e-05 0.07 8.29458
3 -1.03208e-05 0.0685106 7.51887
4 -1.00964e-05 0.0670213 6.76288
5 -9.87206e-06 0.0655319 6.04255
6 -9.6477e-06 0.0640426 5.36608
7 -9.42333e-06 0.0625532 4.72678
8 -9.19897e-06 0.0610638 4.12946
9 -8.9746e-06 0.0595745 3.57675
10 -8.75024e-06 0.0580851 3.06919
11 -8.52587e-06 0.0565957 2.6067
12 -8.30151e-06 0.0551064 2.18883
13 -8.07714e-06 0.053617 1.81491
14 -7.85278e-06 0.0521277 1.48406
15 -7.62841e-06 0.0506383 1.19519
16 -7.40405e-06 0.0491489 0.946924
17 -7.17968e-06 0.0476596 0.737444
18 -6.95532e-06 0.0461702 0.564407
19 -6.73095e-06 0.0446809 0.424851
20 -6.50659e-06 0.0431915 0.315208
21 -6.28222e-06 0.0417021 0.231434
22 -6.05786e-06 0.0402128 0.169268
23 -5.83349e-06 0.0387234 0.124575
24 -5.60913e-06 0.037234 0.0936826
25 -5.38476e-06 0.0357447 0.0736416
26 -5.1604e-06 0.0342553 0.062375
27 -4.93603e-06 0.032766 0.0587531
28 -4.71167e-06 0.0312766 0.0626429
29 -4.4873e-06 0.0297872 0.0749811
30 -4.26294e-06 0.0282979 0.0978816
31 -4.03857e-06 0.0268085 0.13474
32 -3.81421e-06 0.0253191 0.190247
33 -3.58984e-06 0.0238298 0.270204
34 -3.36548e-06 0.0223404 0.381098
35 -3.14111e-06 0.0208511 0.529503
36 -2.91675e-06 0.0193617 0.7215
37 -2.69238e-06 0.0178723 0.96227
38 -2.46802e-06 0.016383 1.25591
39 -2.24365e-06 0.0148936 1.60545
40 -2.01929e-06 0.0134043 2.01295
41 -1.79492e-06 0.0119149 2.47961
42 -1.57056e-06 0.0104255 3.00584
43 -1.34619e-06 0.00893617 3.59127
44 -1.12183e-06 0.00744681 4.2344
45 -8.9746e-07 0.00595745 4.93175
46 -6.73095e-07 0.00446809 5.67736
47 -4.4873e-07 0.00297872 6.47912
48 -2.24365e-07 0.00148936 7.32409
49 0.00145382 0.000385704 8.11733
50 0.00290494 0.00078101 8.07613
51 0.00434751 0.00120684 8.0547
52 0.00578348 0.00165385 8.04774
53 0.00721171 0.00212547 8.05356
54 0.0086239 0.00264322 8.06116
55 0.0100242 0.00319154 8.07836
56 0.0114069 0.00378295 8.10125
57 0.0127694 0.00441946 8.13267
58 0.0141026 0.0051154 8.16898
59 0.0154018 0.00587274 8.21249
60 0.0166554 0.006703 8.25973
61 0.0178575 0.00760628 8.31256
62 0.0189955 0.00858908 8.37162
63 0.0200462 0.0096647 8.42502
64 0.0210136 0.0108155 8.47994
65 0.0218817 0.0120433 8.52899
66 0.0226486 0.0133367 8.57017
67 0.0233202 0.014682 8.60519
68 0.0239014 0.0160688 8.63434
69 0.0243982 0.0174882 8.65885
70 0.0248152 0.0189331 8.6799
71 0.0251549 0.0203981 8.69809
72 0.0254168 0.021879 8.71338
73 0.0255981 0.0233718 8.72501
74 0.0256947 0.0248726 8.7319
75 0.025702 0.0263764 8.7329
76 0.0256163 0.0278779 8.72678
77 0.0254358 0.0293709 8.71263
78 0.0251643 0.03085 8.69161
79 0.024807 0.0323108 8.66449
80 0.024372 0.0337504 8.63273
81 0.0238693 0.0351679 8.5981
82 0.0233099 0.036564 8.56229
83 0.0227053 0.0379412 8.5269
84 0.0220669 0.0393031 8.4933
85 0.0214057 0.040654 8.46242
86 0.0207335 0.0419995 8.43573
87 0.0200612 0.0433451 8.41401
88 0.0194001 0.0446961 8.39806
89 0.0187612 0.0460577 8.38872
90 0.0181559 0.0474346 8.38696
91 0.0175952 0.0488301 8.39387
92 0.0170885 0.0502462 8.41029
93 0.0166421 0.0516823 8.43673
94 0.0162565 0.053136 8.47262
95 0.0159231 0.0546026 8.51566
96 0.0156215 0.0560762 8.56094
97 0.0153174 0.0575492 8.60078
98 0.0149625 0.0590106 8.6269
99 0.0145023 0.0604418 8.62718
100 0.0138769 0.0618083 8.59342
101 0.0130627 0.0630707 8.53219
102 0.0120751 0.0642031 8.45732
103 0.010945 0.0651944 8.38087
104 0.00970886 0.0660493 8.31052
105 0.00841197 0.0668093 8.25894
106 0.00706516 0.0674774 8.21735
107 0.00568838 0.0680818 8.19332
108 0.00428724 0.0686283 8.18271
109 0.00286447 0.0691162 8.18753
110 0.00143113 0.0695712 8.22375
111 0.0116972 0.0247048 1.29535
112 0.0116247 0.0231187 1.42902
113 0.0115046 0.0215926 1.59204
114 0.0127646 0.0313746 1.45826
115 0.0112497 0.020315 1.73
116 0.00954427 0.0645597 7.54219
117 0.0106217 0.0636921 7.58602
118 0.0115307 0.0627609 7.61852
119 0.00837564 0.0652774 7.47407
120 0.012336 0.061679 7.63263
121 0.0071352 0.0659606 7.43718
122 0.0129797 0.0605654 7.63107
123 0.0058274 0.0665731 7.40951
124 0.0135019 0.0592829 7.58379
125 0.00440107 0.0671282 7.38448
126 0.0138488 0.0579389 7.4531
127 0.00284982 0.0675259 7.31753
128 0.0141918 0.0565466 7.34991
129 0.00144938 0.0679957 7.38263
130 0.0144966 0.0550775 7.21965
131 0.0148214 0.0535812 7.105
132 0.0151936 0.052073 7.02058
133 0.0156248 0.0505796 6.97401
134 0.00156742 0.0663352 6.54935
135 0.0161177 0.0491039 6.96104
136 0.00126295 0.0647506 5.76961
137 0.016667 0.0476533 6.97518
138 0.00126471 0.0632687 5.1072
139 0.0172682 0.0462245 7.01092
140 0.00128051 0.0618087 4.49804
141 0.0179029 0.0448264 7.05919
142 0.00128074 0.0603193 3.9201
143 0.0185614 0.0434508 7.11522
144 0.00128096 0.05883 3.38776
145 0.0192316 0.0420929 7.17574
146 0.00128119 0.0573406 2.9007
147 0.0199024 0.0407471 7.23874
148 0.00128141 0.0558513 2.45839
149 0.0205628 0.0394078 7.30294
150 0.00128164 0.0543619 2.06009
151 0.0212021 0.0380702 7.36733
152 0.00128186 0.0528725 1.7049
153 0.0218095 0.0367294 7.43077
154 0.00128208 0.0513832 1.39179
155 0.0223745 0.0353818 7.4918
156 0.00128231 0.0498938 1.1195
157 0.0228865 0.0340241 7.54869
158 0.00128253 0.0484044 0.886459
159 0.0233124 0.0326571 7.5827
160 0.00128276 0.0469151 0.69068
161 0.0236872 0.031273 7.62396
162 0.00128298 0.0454257 0.52963
163 0.0239836 0.0298759 7.65688
164 0.00128321 0.0439364 0.400218
165 0.0241966 0.0284682 7.68103
166 0.00128343 0.042447 0.298845
167 0.0243248 0.0270515 7.69756
168 0.00128366 0.0409576 0.221568
169 0.0243601 0.0256289 7.70148
170 0.00128388 0.0394683 0.164364
171 0.0243131 0.0242047 7.70102
172 0.0012841 0.0379789 0.123442
173 0.024181 0.0227837 7.69351
174 0.00128433 0.0364896 0.0955353
175 0.0239775 0.0213707 7.68852
176 0.00128455 0.0350002 0.0781273
177 0.0236884 0.0199713 7.67468
178 0.00128478 0.0335108 0.0695882
179 0.0233314 0.0185882 7.66512
180 0.001285 0.0320215 0.0692567
181 0.0228983 0.0172296 7.65386
182 0.00128523 0.0305321 0.0775195
183 0.0223872 0.0159036 7.63999
184 0.00128545 0.0290427 0.0958982
185 0.0217925 0.0146211 7.62007
186 0.00128567 0.0275534 0.127149
187 0.0211125 0.0133905 7.59398
188 0.0012859 0.026064 0.175297
189 0.0203485 0.0122156 7.56496
190 0.00128612 0.0245747 0.245536
191 0.0194932 0.0111132 7.52548
192 0.00128635 0.0230853 0.343907
193 0.0185667 0.0100721 7.49097
194 0.00128657 0.0215959 0.476801
195 0.0175391 0.00911281 7.43934
196 0.0012868 0.0201066 0.650393
197 0.0164366 0.00823069 7.38353
198 0.00128702 0.0186172 0.870184
199 0.0152868 0.00740991 7.33813
200 0.00128724 0.0171279 1.14073
201 0.0140643 0.00665313 7.28896
202 0.00128747 0.0156385 1.46557
203 0.0128122 0.00592998 7.26471
204 0.00128769 0.0141491 1.84726
205 0.0115128 0.00530553 7.21861
206 0.00128792 0.0126598 2.28751
207 0.0101933 0.00470281 7.19734
208 0.00128814 0.0111704 2.78728
209 0.00884166 0.00414137 7.1824
210 0.00128837 0.00968105 3.34687
211 0.00748606 0.00363738 7.16738
212 0.00128859 0.00819168 3.96596
213 0.00603623 0.00315564 7.1543
214 0.00128882 0.00670232 4.6438
215 0.00456644 0.00271376 7.15115
216 0.00132164 0.00522015 5.37633
217 0.00303887 0.00236171 7.12435
218 0.00168599 0.00359786 6.26291
219 0.00153897 0.00200135 7.15869
220 0.00939067 0.0632578 6.90918
221 0.00826914 0.0637907 6.74413
222 0.0100914 0.0622538 6.76677
223 0.0110386 0.0615399 6.91788
224 0.00717128 0.0644786 6.72289
225 0.0114327 0.0604247 6.70461
226 0.00595658 0.0651316 6.71341
227 0.0122253 0.0595193 6.84344
228 0.00468154 0.0656715 6.69251
229 0.0123686 0.0583065 6.54337
230 0.00319473 0.0662757 6.72675
231 0.0127353 0.0569587 6.37951
232 0.013072 0.0555481 6.21298
233 0.0133738 0.0540503 6.01944
234 0.0137234 0.0525014 5.86041
235 0.0141356 0.0509584 5.75676
236 0.0146149 0.0494232 5.70618
237 0.0151532 0.0479127 5.70055
238 0.00250992 0.0639524 5.52707
239 0.0157429 0.0464351 5.73209
240 0.00257664 0.0625234 4.91122
241 0.016386 0.0449808 5.79803
242 0.00259657 0.0610573 4.31823
243 0.0170488 0.0435721 5.87948
244 0.00257435 0.0595749 3.75968
245 0.017725 0.0421936 5.97061
246 0.00257458 0.0580855 3.24691
247 0.0184026 0.0408396 6.06633
248 0.0025748 0.0565961 2.77911
249 0.0190707 0.0395045 6.16339
250 0.00257503 0.0551068 2.35538
251 0.0197185 0.0381828 6.25954
252 0.00257525 0.0536174 1.97457
253 0.0203359 0.0368697 6.35309
254 0.00257547 0.052128 1.63559
255 0.0208797 0.0355667 6.41946
256 0.0025757 0.0506387 1.33727
257 0.0213961 0.0342566 6.49473
258 0.00257592 0.0491493 1.07826
259 0.0218511 0.0329441 6.56046
260 0.00257615 0.04766 0.856926
261 0.0222414 0.0316283 6.6186
262 0.00257637 0.0461706 0.671179
263 0.0225607 0.0303062 6.66785
264 0.0025766 0.0446812 0.518418
265 0.0227996 0.0289778 6.70427
266 0.00257682 0.0431919 0.395584
267 0.0229614 0.0276441 6.73251
268 0.00257705 0.0417025 0.299221
269 0.0230353 0.0263036 6.74639
270 0.00257727 0.0402132 0.225631
271 0.023032 0.0249584 6.75496
272 0.00257749 0.0387238 0.171113
273 0.02295 0.0236109 6.75794
274 0.00257772 0.0372344 0.132237
275 0.0227871 0.0222668 6.75445
276 0.00257794 0.0357451 0.10613
277 0.022556 0.0209322 6.75329
278 0.00257817 0.0342557 0.0906772
279 0.0222502 0.0196098 6.75063
280 0.00257839 0.0327663 0.0846721
281 0.0218747 0.0183085 6.7497
282 0.00257862 0.031277 0.0879182
283 0.021434 0.0170375 6.75275
284 0.00257884 0.0297876 0.101327
285 0.0209132 0.0158097 6.74875
286 0.00257906 0.0282983 0.127013
287 0.0203126 0.0146376 6.73632
288 0.00257929 0.0268089 0.168353
289 0.019637 0.0135234 6.71868
290 0.00257951 0.0253195 0.229932
291 0.0188868 0.012464 6.69825
292 0.00257974 0.0238302 0.317312
293 0.0180602 0.0114671 6.67219
294 0.00257996 0.0223408 0.436614
295 0.0171551 0.0105416 6.63626
296 0.00258019 0.0208515 0.593992
297 0.0161648 0.00968266 6.58945
298 0.00258041 0.0193621 0.795139
299 0.0151002 0.00888388 6.53795
300 0.00258064 0.0178727 1.04496
301 0.0139747 0.00814571 6.48606
302 0.00258086 0.0163834 1.34744
303 0.0127996 0.00744667 6.44631
304 0.00258108 0.014894 1.7056
305 0.0115764 0.00680026 6.41008
306 0.00258131 0.0134046 2.12165
307 0.0103119 0.00619288 6.38407
308 0.00258153 0.0119153 2.59698
309 0.00902359 0.00561919 6.37321
310 0.00258176 0.0104259 3.13236
311 0.00767871 0.00509966 6.35565
312 0.00258198 0.00893656 3.72816
313 0.00630125 0.0046276 6.34098
314 0.00261651 0.0074475 4.38779
315 0.00488082 0.00414486 6.36314
316 0.0025823 0.00600333 5.07914
317 0.00331393 0.00374131 6.36077
318 0.00243683 0.0652291 6.11291
319 0.00253189 0.00472894 5.73353
320 0.00847559 0.0620644 6.06715
321 0.00704444 0.0629403 5.98775
322 0.00978649 0.0606273 6.00504
323 0.00608382 0.0638485 6.14096
324 0.00486298 0.0641598 6.0036
325 0.0107848 0.0589658 5.8722
326 0.0112499 0.0573988 5.6157
327 0.0116199 0.0559368 5.38694
328 0.0119158 0.0544772 5.14745
329 0.0122203 0.0529345 4.91348
330 0.0126178 0.0513794 4.75591
331 0.0130904 0.0497908 4.65552
332 0.0136155 0.0482164 4.60348
333 0.0141948 0.0466769 4.60184
334 0.00385603 0.0632618 5.40936
335 0.014825 0.04518 4.64691
336 0.00394289 0.0618089 4.80589
337 0.0155155 0.043711 4.74008
338 0.00394014 0.0603013 4.21274
339 0.0162041 0.0423027 4.84582
340 0.00393017 0.0588156 3.67346
341 0.0168956 0.0409319 4.96299
342 0.00390858 0.0573363 3.17918
343 0.0175782 0.0395924 5.08547
344 0.00386842 0.0558516 2.72436
345 0.0182413 0.0382783 5.20905
346 0.00386864 0.0543623 2.317
347 0.0188614 0.0369781 5.31942
348 0.00386886 0.0528729 1.95082
349 0.019408 0.0357109 5.4059
350 0.00386909 0.0513836 1.62451
351 0.0199303 0.0344393 5.49866
352 0.00386931 0.0498942 1.33686
353 0.0203947 0.0331764 5.58204
354 0.00386954 0.0484048 1.08672
355 0.020792 0.0319206 5.65293
356 0.00386976 0.0469155 0.872556
357 0.0211295 0.0306652 5.71807
358 0.00386999 0.0454261 0.692011
359 0.0213936 0.0294081 5.77063
360 0.00387021 0.0439368 0.542629
361 0.0215774 0.028155 5.80841
362 0.00387044 0.0424474 0.421597
363 0.0216859 0.0268973 5.83566
364 0.00387066 0.040958 0.32586
365 0.0217227 0.0256344 5.8566
366 0.00387088 0.0394687 0.252168
367 0.0216852 0.0243654 5.87086
368 0.00387111 0.0379793 0.197232
369 0.021574 0.0230923 5.88067
370 0.00387133 0.0364899 0.158029
371 0.0213861 0.0218215 5.88535
372 0.00387156 0.0350006 0.132099
373 0.0211296 0.0205648 5.89011
374 0.00387178 0.0335112 0.117747
375 0.0208028 0.0193253 5.89448
376 0.00387201 0.0320219 0.114201
377 0.0204196 0.0181076 5.90736
378 0.00387223 0.0305325 0.121748
379 0.0199999 0.0169259 5.93778
380 0.00387245 0.0290431 0.141839
381 0.0194504 0.0157975 5.92851
382 0.00387268 0.0275538 0.177166
383 0.018863 0.0147684 5.91855
384 0.0038729 0.0260644 0.231643
385 0.0181896 0.0137429 5.90864
386 0.00387313 0.0245751 0.310243
387 0.0174799 0.0128129 5.89631
388 0.00387335 0.0230857 0.418654
389 0.0166825 0.0119139 5.87706
390 0.00387358 0.0215963 0.56281
391 0.0158125 0.0111043 5.83805
392 0.0038738 0.020107 0.748419
393 0.0148367 0.010318 5.79118
394 0.00387403 0.0186176 0.980583
395 0.0137997 0.00963233 5.72331
396 0.00387425 0.0171282 1.2636
397 0.0127127 0.00893642 5.68651
398 0.00387447 0.0156389 1.60093
399 0.0115717 0.00828114 5.65639
400 0.0038747 0.0141495 1.99522
401 0.0103696 0.00767541 5.62543
402 0.00387492 0.0126602 2.44861
403 0.00914246 0.00709159 5.616
404 0.00387515 0.0111708 2.96175
405 0.00790648 0.00652609 5.63196
406 0.00389898 0.00968985 3.53487
407 0.00653565 0.00608637 5.58875
408 0.00397396 0.00817188 4.1908
409 0.00515869 0.0056756 5.56799
410 0.00394003 0.00664361 4.90581
411 0.00379344 0.00513501 5.65944
412 0.00368043 0.0647608 6.0664
413 0.00680284 0.0615453 5.33193
414 0.00797728 0.0602998 5.20425
415 0.00540238 0.0626211 5.42852
416 0.00887771 0.0590283 5.06145
417 0.00972625 0.0577209 4.97605
418 0.0102314 0.0563287 4.77388
419 0.0104831 0.054928 4.48433
420 0.0106903 0.0534065 4.16633
421 0.0110355 0.0518257 3.93006
422 0.0115498 0.0502019 3.80482
423 0.0120612 0.0485785 3.70089
424 0.0126193 0.0469629 3.64273
425 0.0132321 0.0454083 3.64381
426 0.0139189 0.0438895 3.70803
427 0.00529341 0.0610293 4.75071
428 0.0146615 0.0424209 3.82766
429 0.00530652 0.0595089 4.17733
430 0.0153737 0.0410241 3.95123
431 0.00531313 0.0580648 3.67502
432 0.0160779 0.0396716 4.08747
433 0.00520843 0.056553 3.17097
434 0.0167631 0.0383568 4.22979
435 0.00516524 0.0550653 2.7302
436 0.0173568 0.0370874 4.33569
437 0.00517977 0.0535772 2.34101
438 0.0179318 0.0358236 4.44722
439 0.00519659 0.0521086 1.99488
440 0.0184571 0.0345817 4.55132
441 0.00523128 0.0506277 1.68588
442 0.0189342 0.0333609 4.6518
443 0.00519984 0.0491593 1.40246
444 0.0193361 0.0321494 4.73222
445 0.00516315 0.0476604 1.14904
446 0.0196779 0.0309465 4.80458
447 0.00516338 0.046171 0.937348
448 0.0199885 0.0297661 4.88986
449 0.0051636 0.0446816 0.757279
450 0.0201858 0.0285705 4.93408
451 0.00516383 0.0431923 0.60637
452 0.0203156 0.0274192 4.97175
453 0.00516405 0.0417029 0.482387
454 0.0203841 0.0262175 5.00332
455 0.00516427 0.0402135 0.383208
456 0.0203859 0.0250524 5.02963
457 0.0051645 0.0387242 0.306146
458 0.0203285 0.0238422 5.05709
459 0.00516472 0.0372348 0.24809
460 0.0201858 0.0226541 5.07084
461 0.00516495 0.0357455 0.206542
462 0.0199631 0.0214402 5.07846
463 0.00516517 0.0342561 0.179537
464 0.0196867 0.0202993 5.08647
465 0.0051654 0.0327667 0.165856
466 0.0193483 0.0191016 5.10798
467 0.00516562 0.0312774 0.165208
468 0.0189641 0.01798 5.13278
469 0.00516585 0.029788 0.178378
470 0.0187141 0.0168119 5.28105
471 0.00516607 0.0282987 0.207336
472 0.017947 0.0159497 5.12311
473 0.00516629 0.0268093 0.255256
474 0.0175909 0.0148673 5.27027
475 0.00516652 0.0253199 0.326407
476 0.0167267 0.0141172 5.11433
477 0.00516674 0.0238306 0.42588
478 0.0162375 0.0131019 5.25323
479 0.00516697 0.0223412 0.559196
480 0.0152777 0.0125074 5.08109
481 0.00516719 0.0208518 0.731861
482 0.0146527 0.0115863 5.20128
483 0.00516742 0.0193625 0.949
484 0.0135648 0.0111343 4.99948
485 0.00516764 0.0178731 1.2151
486 0.0125663 0.010442 4.96772
487 0.00516786 0.0163838 1.5339
488 0.0114818 0.00977572 4.93809
489 0.00516809 0.0148944 1.90839
490 0.0103505 0.00916278 4.91027
491 0.00517877 0.0133839 2.34886
492 0.00917227 0.00858252 4.8931
493 0.00513904 0.0119295 2.82623
494 0.00800469 0.00800066 4.91474
495 0.00517677 0.0104426 3.38201
496 0.00688147 0.00732838 5.02399
497 0.00527917 0.00906513 3.96188
498 0.00544646 0.00733881 4.77133
499 0.00648213 0.0602292 4.73093
500 0.00693251 0.0588318 4.33954
501 0.00815051 0.0576636 4.33808
502 0.00898089 0.0566603 4.33404
503 0.00910025 0.0553744 3.99197
504 0.0092124 0.0540074 3.65068
505 0.00927432 0.0522953 3.2243
506 0.00998256 0.0506262 3.12404
507 0.0105321 0.0489987 3.00298
508 0.0110251 0.0473454 2.8727
509 0.0116088 0.0456958 2.812
510 0.0122531 0.0440983 2.80832
511 0.0130342 0.0425832 2.91258
512 0.0138085 0.0411482 3.04657
513 0.0145622 0.039742 3.18825
514 0.00662042 0.0572102 3.71359
515 0.0152765 0.038418 3.33746
516 0.00642982 0.0557202 3.2087
517 0.0158772 0.0371639 3.44927
518 0.00649406 0.0542402 2.81207
519 0.0164558 0.0359107 3.56408
520 0.00649736 0.0528152 2.44867
521 0.0169805 0.0346867 3.67069
522 0.0065854 0.0513423 2.12785
523 0.0174571 0.0334947 3.77466
524 0.00663483 0.0498898 1.83383
525 0.0179082 0.0323429 3.89105
526 0.00652634 0.0483648 1.52387
527 0.0182508 0.0311546 3.96422
528 0.00645475 0.0468841 1.26533
529 0.0185351 0.0300202 4.0349
530 0.00642945 0.0453954 1.0473
531 0.0189948 0.0289472 4.23907
532 0.00646235 0.0439259 0.871503
533 0.0188524 0.0278295 4.11557
534 0.00650108 0.0424509 0.722181
535 0.0192168 0.0267486 4.31418
536 0.00648624 0.0409708 0.589142
537 0.0189723 0.025639 4.19156
538 0.00645789 0.0394691 0.478527
539 0.0192209 0.02451 4.38071
540 0.00645811 0.0379797 0.395238
541 0.0188755 0.0233939 4.26729
542 0.00645834 0.0364903 0.331776
543 0.0189575 0.0222308 4.42909
544 0.00645856 0.035001 0.286285
545 0.0184525 0.0211829 4.2936
546 0.00645879 0.0335116 0.257385
547 0.0184283 0.0200171 4.4645
548 0.00645901 0.0320223 0.244415
549 0.0178182 0.0189448 4.35537
550 0.00645924 0.0305329 0.24758
551 0.0173268 0.0173766 4.46114
552 0.00645946 0.0290435 0.268149
553 0.00645968 0.0275542 0.308519
554 0.0163341 0.0156882 4.46395
555 0.00645991 0.0260648 0.372149
556 0.00646013 0.0245754 0.463391
557 0.00646036 0.0230861 0.587163
558 0.0151427 0.0141299 4.46106
559 0.00646058 0.0215967 0.748559
560 0.00646081 0.0201074 0.9525
561 0.0138049 0.0127957 4.43941
562 0.00646103 0.018618 1.20352
563 0.0124881 0.0119783 4.32458
564 0.00646125 0.0171286 1.50561
565 0.0113837 0.0112544 4.28993
566 0.00646148 0.0156393 1.86187
567 0.0102934 0.0106256 4.26186
568 0.00646313 0.0141058 2.28826
569 0.00908118 0.0101199 4.18842
570 0.00651179 0.0125541 2.79042
571 0.00793334 0.0094776 4.225
572 0.00629071 0.0112564 3.22585
573 0.00654405 0.00856182 4.37852
574 0.0067231 0.010015 3.77947
575 0.00771448 0.0562155 3.73521
576 0.00779659 0.0548251 3.35617
577 0.00789623 0.053392 3.00191
578 0.00823623 0.0507368 2.46838
579 0.00920894 0.0494433 2.54351
580 0.00934543 0.0478502 2.25882
581 0.0100914 0.0462061 2.23559
582 0.0104394 0.0443406 2.03219
583 0.0113344 0.0427153 2.12329
584 0.0122354 0.0412444 2.27528
585 0.0130108 0.0398401 2.40188
586 0.0137235 0.0385087 2.52904
587 0.0143868 0.0372311 2.6586
588 0.0149832 0.0359791 2.77488
589 0.0154985 0.0347571 2.87161
590 0.00772323 0.0521023 2.62505
591 0.0159762 0.0335664 2.97219
592 0.0164305 0.0324416 3.08859
593 0.00793364 0.048979 2.00849
594 0.0170137 0.0313921 3.30201
595 0.00777345 0.0475096 1.68622
596 0.017072 0.0301766 3.24407
597 0.00767481 0.0460582 1.42114
598 0.0175357 0.0286052 3.41332
599 0.0077025 0.0446547 1.22073
600 0.00782833 0.0431912 1.05964
601 0.0177005 0.0266487 3.48491
602 0.00788261 0.0417419 0.905464
603 0.00779252 0.0402131 0.743283
604 0.0176759 0.0245802 3.55254
605 0.0077515 0.0387246 0.621253
606 0.00775173 0.0372352 0.529098
607 0.0174578 0.0225115 3.62704
608 0.00775195 0.0357458 0.458609
609 0.00775218 0.0342565 0.407893
610 0.0169711 0.0204999 3.67595
611 0.0077524 0.0327671 0.376857
612 0.00775263 0.0312778 0.365054
613 0.0162761 0.0188391 3.67638
614 0.00775285 0.0297884 0.373258
615 0.015479 0.0173057 3.69145
616 0.00775307 0.028299 0.403168
617 0.0077533 0.0268097 0.457422
618 0.0144612 0.0158741 3.68282
619 0.00775352 0.0253203 0.539458
620 0.00775375 0.023831 0.653501
621 0.00775397 0.0223416 0.804086
622 0.0133843 0.0145816 3.69981
623 0.0077542 0.0208522 0.995574
624 0.00775442 0.0193629 1.23224
625 0.0123128 0.013514 3.7193
626 0.00778393 0.0178895 1.5194
627 0.0112181 0.0127079 3.69557
628 0.00779141 0.0164309 1.85194
629 0.0101905 0.0120626 3.67289
630 0.00774954 0.0149038 2.24851
631 0.00919132 0.0114649 3.67311
632 0.00770782 0.0132578 2.74387
633 0.00781689 0.0113656 3.42828
634 0.00889336 0.0440093 1.45015
635 0.00947661 0.0426232 1.42347
636 0.0106593 0.0412735 1.64067
637 0.011489 0.0399027 1.76095
638 0.0121713 0.038554 1.84521
639 0.0129005 0.0372674 1.97987
640 0.0135187 0.0360264 2.09228
641 0.014029 0.0348178 2.1797
642 0.0145017 0.0335968 2.26691
643 0.0150137 0.0323529 2.39126
644 0.0156113 0.0309465 2.56792
645 0.0158491 0.0291743 2.60561
646 0.00899397 0.0453016 1.68215
647 0.0160488 0.0274324 2.68182
648 0.0160601 0.0256205 2.73869
649 0.00914714 0.04093 1.12205
650 0.00903577 0.0393973 0.939148
651 0.0159406 0.0237332 2.81742
652 0.00903804 0.0379764 0.81719
653 0.00901449 0.0364904 0.711707
654 0.0157098 0.0219046 2.92517
655 0.00906392 0.0350468 0.643511
656 0.00904652 0.0335538 0.584306
657 0.0153098 0.0202313 3.0219
658 0.00906165 0.0320589 0.552851
659 0.00905786 0.030578 0.541567
660 0.0146465 0.0187512 3.05229
661 0.00904914 0.0290736 0.554453
662 0.0137169 0.0174318 3.02293
663 0.00904669 0.0275546 0.59556
664 0.00904691 0.0260652 0.665376
665 0.0126306 0.0161737 3.00105
666 0.00904714 0.0245758 0.767607
667 0.00904736 0.0230865 0.906103
668 0.00901883 0.0216128 1.07785
669 0.0117376 0.0149954 3.08368
670 0.00899668 0.0201328 1.29421
671 0.00905211 0.0186299 1.57532
672 0.011024 0.0139669 3.21843
673 0.00917848 0.0172012 1.90543
674 0.0099406 0.01353 3.09794
675 0.00912808 0.0158337 2.238
676 0.00889478 0.0126763 3.16313
677 0.00891616 0.0142171 2.66127
678 0.00878065 0.0465767 1.8314
679 0.010154 0.0400493 1.31787
680 0.010487 0.0386052 1.25425
681 0.0114325 0.0372433 1.42328
682 0.0120516 0.0360612 1.51896
683 0.0126153 0.0348474 1.61315
684 0.0129796 0.0336441 1.6507
685 0.0135041 0.0324536 1.76785
686 0.0140543 0.0311458 1.91348
687 0.0143405 0.0297059 1.97749
688 0.0144917 0.0281214 2.02492
689 0.0145701 0.0264385 2.09364
690 0.0145106 0.0247712 2.16524
691 0.0143538 0.0230075 2.27111
692 0.0100807 0.0372323 1.015
693 0.0104702 0.0359047 1.01213
694 0.0140909 0.0213416 2.395
695 0.0102904 0.0343391 0.875387
696 0.0103769 0.0328751 0.833083
697 0.0139416 0.0199458 2.57624
698 0.0103843 0.0314144 0.796786
699 0.0103318 0.0298818 0.77721
700 0.0130518 0.0189162 2.48257
701 0.0103447 0.0283493 0.801122
702 0.012007 0.0176263 2.4588
703 0.0103705 0.0268694 0.857774
704 0.0103753 0.0253775 0.94416
705 0.0107385 0.0164236 2.42627
706 0.0103603 0.0238709 1.06469
707 0.0102973 0.022375 1.21522
708 0.0102145 0.0209183 1.39926
709 0.0102124 0.0150058 2.69859
710 0.010234 0.0194532 1.64905
711 0.0104918 0.0180437 1.98715
712 0.0113944 0.0349541 1.21649
713 0.0116014 0.0336936 1.19402
714 0.0118714 0.0323354 1.20438
715 0.0128991 0.0301244 1.46765
716 0.0130297 0.0286795 1.50198
717 0.0131024 0.0271411 1.5557
718 0.013109 0.0255358 1.63485
719 0.01303 0.0239142 1.73785
720 0.0128724 0.0222405 1.87728
721 0.0126328 0.0204945 2.06321
722 0.0115605 0.0307265 1.07657
723 0.0116264 0.0292347 1.08658
724 0.0116749 0.0190985 2.05592
725 0.0116956 0.027726 1.13071
726 0.011721 0.0262182 1.19953
