1 0 0 6.71644
2 -1.31814e-05 0.0843 6.74982
3 0.00111959 0.000295499 6.17658
4 0.00223918 0.000590997 6.05218
5 0.00335878 0.000886496 5.99783
6 0.00447837 0.00118199 5.9974
7 0.00559046 0.00150337 5.99023
8 0.00669461 0.00185217 5.97434
9 0.00779876 0.00220097 5.96755
10 0.00890291 0.00254977 5.96906
11 0.0100071 0.00289857 6.0029
12 0.0110897 0.00330925 5.99208
13 0.0121718 0.00372145 5.9897
14 0.0132538 0.00413364 6.01971
15 0.0143148 0.00459627 6.0222
16 0.0153677 0.00507806 6.02001
17 0.0164207 0.00555985 6.04469
18 0.0174585 0.00607208 6.07126
19 0.0184796 0.00661823 6.1077
20 0.0194722 0.00721399 6.12185
21 0.0204523 0.00783013 6.15524
22 0.0214081 0.00848373 6.19075
23 0.0223416 0.00916824 6.24685
24 0.0232369 0.00990207 6.29808
25 0.0240954 0.0106787 6.3458
26 0.024921 0.0114905 6.40798
27 0.0257071 0.0123404 6.4894
28 0.0264354 0.0132404 6.54725
29 0.0271211 0.0141733 6.61099
30 0.0277616 0.0151376 6.68006
31 0.0283505 0.0161341 6.7377
32 0.0288931 0.0171569 6.7918
33 0.0293931 0.018201 6.84943
34 0.0298451 0.0192669 6.89503
35 0.0302566 0.0203493 6.94523
36 0.0306203 0.0214486 6.97822
37 0.0309473 0.0225591 7.01159
38 0.0312392 0.0236793 7.04831
39 0.0314954 0.0248085 7.09131
40 0.0317048 0.0259473 7.11877
41 0.0318725 0.0270929 7.14115
42 0.0320008 0.0282433 7.16249
43 0.0320886 0.0293977 7.18177
44 0.0321346 0.0305546 7.20263
45 0.0321243 0.0317125 7.19533
46 0.0320674 0.0328688 7.18269
47 0.0319663 0.0340219 7.16633
48 0.0318209 0.0351704 7.14506
49 0.0316302 0.0363125 7.11956
50 0.031384 0.0374439 7.06798
51 0.0310978 0.0385656 7.02146
52 0.0307755 0.0396775 6.97896
53 0.0304193 0.0407792 6.94062
54 0.0300207 0.0418664 6.88553
55 0.029594 0.0429427 6.84182
56 0.0291441 0.0440095 6.80595
57 0.0286736 0.0450675 6.77597
58 0.0281774 0.0461137 6.73908
59 0.0276689 0.047154 6.71455
60 0.0271503 0.0481893 6.69663
61 0.0266221 0.0492197 6.68027
62 0.0260891 0.0502477 6.66834
63 0.0255556 0.0512754 6.66209
64 0.0250228 0.0523034 6.65668
65 0.0244982 0.0533357 6.66108
66 0.0239825 0.0543724 6.66553
67 0.023477 0.0554142 6.66932
68 0.0229903 0.0564648 6.68297
69 0.0225258 0.0575254 6.70044
70 0.022082 0.0585948 6.71654
71 0.0216618 0.0596737 6.73116
72 0.0212756 0.0607654 6.75945
73 0.0209217 0.0618677 6.79168
74 0.020595 0.0629784 6.81941
75 0.0202942 0.0640965 6.84531
76 0.0200269 0.0652232 6.89184
77 0.0197768 0.0663538 6.93101
78 0.0195359 0.0674863 6.96631
79 0.0193028 0.0686206 7.01793
80 0.0190461 0.0697496 7.03873
81 0.0187593 0.0708715 7.05044
82 0.0184309 0.0719816 7.05551
83 0.0180113 0.0730604 6.98214
84 0.017523 0.0741101 6.91065
85 0.016947 0.0751138 6.81129
86 0.0162535 0.0760402 6.64949
87 0.0154895 0.07691 6.5249
88 0.014663 0.0777201 6.4199
89 0.0137661 0.0784517 6.30603
90 0.0128112 0.0791065 6.20131
91 0.0118311 0.0797223 6.14856
92 0.010827 0.0802981 6.11016
93 0.00980014 0.0808329 6.07842
94 0.00874739 0.0813151 6.04161
95 0.00767418 0.0817493 6.00512
96 0.00659702 0.0821742 6.00267
97 0.00551535 0.0825867 6.00972
98 0.00441852 0.0829579 5.98875
99 0.00332168 0.0833291 6.02804
100 0.00221437 0.0836666 6.07288
101 0.00110059 0.0839833 6.18846
102 -1.30009e-05 0.0831452 5.21851
103 -1.28203e-05 0.0819904 3.84983
104 -1.26397e-05 0.0808356 2.69625
105 -1.24592e-05 0.0796808 1.78175
106 -1.22786e-05 0.078526 1.10519
107 -1.2098e-05 0.0773712 0.64238
108 -1.19175e-05 0.0762164 0.350465
109 -1.17369e-05 0.0750616 0.181272
110 -1.15563e-05 0.0739068 0.0899414
111 -1.13758e-05 0.0727521 0.0432939
112 -1.11952e-05 0.0715973 0.020397
113 -1.10146e-05 0.0704425 0.00946553
114 -1.08341e-05 0.0692877 0.00434601
115 -1.06535e-05 0.0681329 0.00198036
116 -1.04729e-05 0.0669781 0.000897506
117 -1.02924e-05 0.0658233 0.000405166
118 -1.01118e-05 0.0646685 0.000182393
119 -9.93123e-06 0.0635137 8.19424e-05
120 -9.75066e-06 0.0623589 3.67617e-05
121 -9.57009e-06 0.0612041 1.64766e-05
122 -9.38952e-06 0.0600493 7.3803e-06
123 -9.20896e-06 0.0588945 3.30472e-06
124 -9.02839e-06 0.0577397 1.4796e-06
125 -8.84782e-06 0.0565849 6.62486e-07
126 -8.66725e-06 0.0554301 2.96688e-07
127 -8.48669e-06 0.0542753 1.32914e-07
128 -8.30612e-06 0.0531205 5.95728e-08
129 -8.12555e-06 0.0519658 2.67172e-08
130 -7.94498e-06 0.050811 1.19915e-08
131 -7.76441e-06 0.0496562 5.38758e-09
132 -7.58385e-06 0.0485014 2.42391e-09
133 -7.40328e-06 0.0473466 1.09296e-09
134 -7.22271e-06 0.0461918 4.95247e-10
135 -7.04214e-06 0.045037 2.28022e-10
136 -6.86158e-06 0.0438822 1.11921e-10
137 -6.68101e-06 0.0427274 6.944e-11
138 -6.50044e-06 0.0415726 7.25193e-11
139 -6.31987e-06 0.0404178 1.23598e-10
140 -6.1393e-06 0.039263 2.57215e-10
141 -5.95874e-06 0.0381082 5.63154e-10
142 -5.77817e-06 0.0369534 1.24655e-09
143 -5.5976e-06 0.0357986 2.76516e-09
144 -5.41703e-06 0.0346438 6.13559e-09
145 -5.23647e-06 0.033489 1.36132e-08
146 -5.0559e-06 0.0323342 3.01999e-08
147 -4.87533e-06 0.0311795 6.69887e-08
148 -4.69476e-06 0.0300247 1.48577e-07
149 -4.51419e-06 0.0288699 3.29503e-07
150 -4.33363e-06 0.0277151 7.30667e-07
151 -4.15306e-06 0.0265603 1.62002e-06
152 -3.97249e-06 0.0254055 3.59116e-06
153 -3.79192e-06 0.0242507 7.9584e-06
154 -3.61136e-06 0.0230959 1.76293e-05
155 -3.43079e-06 0.0219411 3.90282e-05
156 -3.25022e-06 0.0207863 8.63263e-05
157 -3.06965e-06 0.0196315 0.000190707
158 -2.88908e-06 0.0184767 0.00042056
159 -2.70852e-06 0.0173219 0.000925159
160 -2.52795e-06 0.0161671 0.00202813
161 -2.34738e-06 0.0150123 0.00442433
162 -2.16681e-06 0.0138575 0.00958462
163 -1.98625e-06 0.0127027 0.0205578
164 -1.80568e-06 0.0115479 0.0434651
165 -1.62511e-06 0.0103932 0.0900111
166 -1.44454e-06 0.00923836 0.180951
167 -1.26397e-06 0.00808356 0.349141
168 -1.08341e-06 0.00692877 0.63894
169 -9.02839e-07 0.00577397 1.09585
170 -7.22271e-07 0.00461918 1.76251
171 -5.41703e-07 0.00346438 2.66862
172 -3.61136e-07 0.00230959 3.81988
173 -1.80568e-07 0.00115479 5.18545
174 0.0232973 0.0195717 0.0914606
175 0.0250425 0.03157 0.00442624
176 0.0030022 0.0804852 2.34913
177 0.015355 0.018096 0.00323252
178 0.0166405 0.0305203 8.005e-07
179 0.0134812 0.0772231 4.30963
180 0.0126436 0.0778733 4.30054
181 0.0142695 0.076508 4.32415
182 0.0117093 0.0784506 4.22164
183 0.015028 0.075744 4.39607
184 0.0107426 0.0790129 4.18464
185 0.0157003 0.0749144 4.43052
186 0.00976981 0.0795597 4.2002
187 0.016276 0.0740272 4.42261
188 0.00877897 0.0800876 4.25492
189 0.0167913 0.0730889 4.4358
190 0.00778077 0.0805478 4.28438
191 0.0172286 0.0721057 4.42013
192 0.00673913 0.0809396 4.24794
193 0.0175849 0.0710817 4.34713
194 0.00568964 0.081318 4.226
195 0.0178988 0.0700199 4.27534
196 0.00459712 0.0816779 4.20677
197 0.0181775 0.0689369 4.20298
198 0.00333365 0.0817938 3.84001
199 0.0184293 0.0678464 4.12839
200 0.0137116 0.0438073 2.98215e-06
201 0.0186766 0.0667101 4.05135
202 0.0010938 0.0827473 4.47436
203 0.0189311 0.0655738 3.99973
204 0.0191932 0.0644303 3.94733
205 0.0194843 0.0632892 3.92877
206 0.0198091 0.0621533 3.94249
207 0.00108945 0.0815586 3.09917
208 0.0201549 0.0610198 3.94564
209 0.00104904 0.0803654 2.00345
210 0.0205362 0.0598992 3.97217
211 0.0010051 0.0791621 1.19167
212 0.0209471 0.0587905 4.0034
213 0.000996998 0.0779729 0.646742
214 0.0213842 0.0576911 4.02998
215 0.000988074 0.076794 0.320821
216 0.0218519 0.0565985 4.06391
217 0.000988254 0.0756392 0.149384
218 0.0223246 0.0555418 4.08614
219 0.000988435 0.0744844 0.066596
220 0.02283 0.0544624 4.10343
221 0.000988615 0.0733296 0.0291924
222 0.0233461 0.0534177 4.13455
223 0.000988796 0.0721748 0.012762
224 0.0238631 0.0523817 4.14594
225 0.000988976 0.07102 0.00559479
226 0.0243954 0.0513359 4.155
227 0.000989157 0.0698652 0.00246273
228 0.0249287 0.0503084 4.17159
229 0.000989338 0.0687104 0.00108813
230 0.02546 0.0492821 4.18205
231 0.000989518 0.0675556 0.00048225
232 0.0259826 0.0482592 4.18432
233 0.000989699 0.0664008 0.000214237
234 0.0265046 0.0472259 4.18931
235 0.000989879 0.065246 9.53491e-05
236 0.0270134 0.0462015 4.20129
237 0.00099006 0.0640913 4.24989e-05
238 0.0274987 0.0451767 4.1982
239 0.00099024 0.0629365 1.89655e-05
240 0.0279819 0.0441247 4.20642
241 0.000990421 0.0617817 8.47233e-06
242 0.0284307 0.0430988 4.21954
243 0.000990602 0.0606269 3.78829e-06
244 0.0288521 0.0420471 4.21159
245 0.000990782 0.0594721 1.69533e-06
246 0.0292515 0.040993 4.22113
247 0.000990963 0.0583173 7.59312e-07
248 0.0296111 0.0399261 4.21189
249 0.000991143 0.0571625 3.40355e-07
250 0.0299385 0.0388489 4.20948
251 0.000991324 0.0560077 1.52685e-07
252 0.0302321 0.0377676 4.21776
253 0.000991504 0.0548529 6.85531e-08
254 0.0304831 0.036678 4.21908
255 0.000991685 0.0536981 3.0808e-08
256 0.0306944 0.0355793 4.22545
257 0.000991866 0.0525433 1.38599e-08
258 0.0308594 0.0344771 4.22754
259 0.000992046 0.0513885 6.2433e-09
260 0.0309789 0.033367 4.22544
261 0.000992227 0.0502337 2.81687e-09
262 0.0310588 0.0322522 4.2348
263 0.000992407 0.0490789 1.27363e-09
264 0.0310875 0.0311382 4.22807
265 0.000992588 0.0479241 5.776e-10
266 0.0310684 0.0300223 4.21423
267 0.000992768 0.0467693 2.63234e-10
268 0.0310096 0.0289085 4.21149
269 0.000992949 0.0456145 1.21264e-10
270 0.0309071 0.0277949 4.20632
271 0.00099313 0.0444597 5.77789e-11
272 0.0307648 0.0266836 4.20665
273 0.00099331 0.043305 3.11642e-11
274 0.0305831 0.0255791 4.21106
275 0.000993491 0.0421502 2.42512e-11
276 0.0303555 0.0244832 4.20328
277 0.000993671 0.0409954 3.28875e-11
278 0.0300975 0.0233956 4.21747
279 0.000993852 0.0398406 6.32329e-11
280 0.0297945 0.0223182 4.21753
281 0.000994032 0.0386858 1.35961e-10
282 0.0294623 0.0212492 4.24131
283 0.000994213 0.037531 3.00194e-10
284 0.0290851 0.0201995 4.25192
285 0.000994394 0.0363762 6.66509e-10
286 0.0286621 0.0191653 4.25367
287 0.000994574 0.0352214 1.48115e-09
288 0.0282048 0.0181531 4.26833
289 0.000994755 0.0340666 3.29119e-09
290 0.0277021 0.0171663 4.27355
291 0.000994935 0.0329118 7.31129e-09
292 0.0271525 0.0162024 4.27291
293 0.000995116 0.031757 1.6238e-08
294 0.0265709 0.0152628 4.29605
295 0.000995296 0.0306022 3.60572e-08
296 0.0259355 0.014364 4.29104
297 0.000995477 0.0294474 8.00585e-08
298 0.0252513 0.0134967 4.27752
299 0.000995657 0.0282926 1.77751e-07
300 0.0245382 0.0126577 4.29521
301 0.000995838 0.0271378 3.94675e-07
302 0.0237709 0.0118708 4.28246
303 0.000996019 0.025983 8.76446e-07
304 0.0229487 0.0111212 4.24799
305 0.000996199 0.0248282 1.94674e-06
306 0.022108 0.0103918 4.25448
307 0.00099638 0.0236734 4.3254e-06
308 0.0212427 0.00969954 4.27512
309 0.00099656 0.0225186 9.61458e-06
310 0.0203418 0.00905906 4.2711
311 0.000996741 0.0213639 2.13833e-05
312 0.0193879 0.00845975 4.23341
313 0.000996921 0.0202091 4.75917e-05
314 0.0184225 0.00786589 4.23673
315 0.000997102 0.0190543 0.000106021
316 0.0174573 0.00729619 4.2695
317 0.000997283 0.0178995 0.00023647
318 0.0164764 0.00676575 4.29804
319 0.000997463 0.0167447 0.000528273
320 0.0154736 0.00628423 4.29546
321 0.000997644 0.0155899 0.00118265
322 0.014444 0.00584002 4.25873
323 0.000997824 0.0144351 0.00265485
324 0.0133767 0.00539315 4.23073
325 0.000998005 0.0132803 0.00597964
326 0.0123094 0.0049463 4.24588
327 0.000998185 0.0121255 0.0135153
328 0.011242 0.00449939 4.2957
329 0.000998366 0.0109707 0.0306092
330 0.010203 0.00408568 4.33444
331 0.000998547 0.00981591 0.0690704
332 0.009149 0.00371479 4.34419
333 0.000998727 0.00866112 0.153136
334 0.00807579 0.00338625 4.32098
335 0.000998908 0.00750632 0.325429
336 0.00696095 0.00306326 4.2883
337 0.00101778 0.00632946 0.648625
338 0.00584613 0.00274021 4.26805
339 0.00101622 0.00515314 1.18214
340 0.00473481 0.00242135 4.27187
341 0.00103152 0.00393456 1.99542
342 0.00361804 0.0020936 4.33014
343 0.00114672 0.00267255 3.13471
344 0.00233712 0.00197722 4.10377
345 0.001144 0.00151996 4.47853
346 0.0124218 0.0767096 2.82505
347 0.0131945 0.0760981 2.83559
348 0.0115859 0.0773026 2.82805
349 0.0139378 0.0754771 2.90726
350 0.0106917 0.0778706 2.83792
351 0.0146072 0.0746959 2.87214
352 0.00976359 0.0784183 2.86732
353 0.015139 0.0738869 2.76295
354 0.00881006 0.078924 2.89623
355 0.0156584 0.0730778 2.7414
356 0.00784444 0.0793855 2.92455
357 0.0161159 0.0721879 2.6977
358 0.00685943 0.0797923 2.92512
359 0.0164558 0.0712432 2.54749
360 0.0058727 0.0801766 2.93379
361 0.0167758 0.0702597 2.43103
362 0.0048865 0.080563 2.97888
363 0.0170613 0.0692179 2.31024
364 0.00397055 0.080909 3.04365
365 0.0173243 0.0681458 2.20368
366 0.00218399 0.0810863 2.74331
367 0.0175719 0.0670648 2.11471
368 0.0178234 0.0659224 2.03446
369 0.0180819 0.0647657 1.97195
370 0.0183519 0.0636065 1.92297
371 0.0186751 0.0624437 1.93601
372 0.0190159 0.0612851 1.95047
373 0.0193834 0.0601348 1.97288
374 0.00200087 0.0798227 1.64598
375 0.0197903 0.0589961 2.01916
376 0.00200782 0.0786072 0.920559
377 0.0202246 0.0578686 2.06833
378 0.00200374 0.0774006 0.463797
379 0.0206854 0.0567539 2.11828
380 0.00200451 0.0762322 0.216438
381 0.0211744 0.0556612 2.17959
382 0.0019881 0.075062 0.0943008
383 0.0216648 0.0545763 2.20898
384 0.00198828 0.0739072 0.0400836
385 0.0221869 0.0534949 2.25048
386 0.00198846 0.0727524 0.0168322
387 0.0227086 0.0524526 2.2899
388 0.00198864 0.0715976 0.0070628
389 0.0232296 0.0514009 2.29853
390 0.00198882 0.0704428 0.00297593
391 0.0237733 0.0503609 2.33066
392 0.001989 0.069288 0.00126138
393 0.0243062 0.0493354 2.34818
394 0.00198918 0.0681332 0.000538024
395 0.0248338 0.0483173 2.36111
396 0.00198936 0.0669784 0.000230877
397 0.0253499 0.0472911 2.35502
398 0.00198954 0.0658236 9.96287e-05
399 0.0258688 0.0462715 2.36753
400 0.00198972 0.0646688 4.32106e-05
401 0.0263623 0.0452659 2.37078
402 0.0019899 0.063514 1.8827e-05
403 0.0268305 0.0442328 2.34213
404 0.00199008 0.0623592 8.23677e-06
405 0.0272823 0.04322 2.33332
406 0.00199026 0.0612044 3.61697e-06
407 0.0277079 0.0421978 2.31556
408 0.00199044 0.0600496 1.59367e-06
409 0.0281053 0.0411698 2.29418
410 0.00199063 0.0588948 7.04368e-07
411 0.0284779 0.0401349 2.27912
412 0.00199081 0.05774 3.12221e-07
413 0.0288128 0.0390945 2.25718
414 0.00199099 0.0565852 1.38783e-07
415 0.0291139 0.0380492 2.23934
416 0.00199117 0.0554304 6.18613e-08
417 0.0293753 0.0369984 2.22008
418 0.00199135 0.0542757 2.76545e-08
419 0.029597 0.0359422 2.20248
420 0.00199153 0.0531209 1.24026e-08
421 0.0297784 0.0348808 2.18861
422 0.00199171 0.0519661 5.58339e-09
423 0.0299177 0.0338127 2.17752
424 0.00199189 0.0508113 2.52523e-09
425 0.0300149 0.0327425 2.17131
426 0.00199207 0.0496565 1.1489e-09
427 0.0300608 0.0316675 2.1552
428 0.00199225 0.0485017 5.26802e-10
429 0.0300677 0.0305936 2.14959
430 0.00199243 0.0473469 2.44111e-10
431 0.0300294 0.0295184 2.14419
432 0.00199261 0.0461921 1.14858e-10
433 0.0299566 0.0284422 2.1555
434 0.00199279 0.0450373 5.55117e-11
435 0.0298371 0.027368 2.16262
436 0.00199297 0.0438825 2.86327e-11
437 0.0296774 0.0262968 2.17531
438 0.00199315 0.0427277 1.78586e-11
439 0.0294795 0.025232 2.19434
440 0.00199333 0.0415729 1.71156e-11
441 0.0292464 0.0241752 2.22368
442 0.00199351 0.0404181 2.67286e-11
443 0.0289764 0.0231279 2.25882
444 0.00199369 0.0392633 5.38119e-11
445 0.0286711 0.0220908 2.30265
446 0.00199388 0.0381085 1.17239e-10
447 0.0283243 0.0210664 2.34549
448 0.00199406 0.0369537 2.60604e-10
449 0.027946 0.020061 2.40031
450 0.00199424 0.0357989 5.82062e-10
451 0.0275181 0.0190809 2.43961
452 0.00199442 0.0346441 1.30145e-09
453 0.0270558 0.0181196 2.48811
454 0.0019946 0.0334894 2.91077e-09
455 0.0265491 0.0171842 2.53045
456 0.00199478 0.0323346 6.51137e-09
457 0.0260088 0.0162762 2.58194
458 0.00199496 0.0311798 1.45702e-08
459 0.0254363 0.0153958 2.64403
460 0.00199514 0.030025 3.26183e-08
461 0.0248097 0.0145481 2.68564
462 0.00199532 0.0288702 7.30704e-08
463 0.024137 0.0137434 2.71216
464 0.0019955 0.0277154 1.63833e-07
465 0.0234236 0.0129771 2.73515
466 0.00199568 0.0265606 3.67739e-07
467 0.0226681 0.0122337 2.76104
468 0.00199586 0.0254058 8.26558e-07
469 0.0218748 0.0115207 2.78892
470 0.00199604 0.024251 1.86092e-06
471 0.0210484 0.0108456 2.81366
472 0.00199622 0.0230962 4.19801e-06
473 0.0201972 0.01021 2.83606
474 0.0019964 0.0219414 9.49251e-06
475 0.0193087 0.0096054 2.84944
476 0.00199658 0.0207866 2.15239e-05
477 0.0183845 0.00901974 2.86592
478 0.00199676 0.0196318 4.89626e-05
479 0.0174416 0.00846026 2.88891
480 0.00199695 0.018477 0.000111799
481 0.0164917 0.0079217 2.92924
482 0.00199713 0.0173222 0.000256382
483 0.0155301 0.00743421 2.94676
484 0.00199731 0.0161674 0.000590835
485 0.0145336 0.00697945 2.93928
486 0.00199749 0.0150126 0.00136901
487 0.0135238 0.00653984 2.93405
488 0.00199767 0.0138578 0.00319042
489 0.0124565 0.00609302 2.93971
490 0.00199785 0.0127031 0.00747618
491 0.0113891 0.00564614 2.97373
492 0.00199803 0.0115483 0.0175868
493 0.010363 0.00524146 2.9992
494 0.00199821 0.0103935 0.0413334
495 0.00933862 0.00485634 3.02787
496 0.00199839 0.00923867 0.0959767
497 0.00829275 0.00450357 3.03823
498 0.00199742 0.00807407 0.216831
499 0.00722259 0.00416612 3.04138
500 0.00202458 0.00690245 0.460807
501 0.00610527 0.00385705 3.00917
502 0.00205418 0.00572419 0.897748
503 0.00499416 0.00356663 2.97863
504 0.00201281 0.00451739 1.59664
505 0.00392053 0.00322393 3.05029
506 0.00200801 0.00321816 2.67422
507 0.012173 0.0755685 1.71171
508 0.0114102 0.0761552 1.73905
509 0.0128944 0.0750352 1.75129
510 0.0105938 0.0767292 1.78114
511 0.0136595 0.074547 1.93391
512 0.00972505 0.0772833 1.82768
513 0.0140389 0.0737047 1.64059
514 0.00881314 0.0777946 1.86263
515 0.0145173 0.0729068 1.5184
516 0.00788865 0.0782486 1.88715
517 0.0151272 0.072257 1.66888
518 0.00693574 0.0786576 1.89456
519 0.015341 0.0713724 1.39654
520 0.00595187 0.0790294 1.88656
521 0.0156364 0.0704494 1.24619
522 0.00495872 0.0794204 1.92012
523 0.0159439 0.069466 1.14072
524 0.00397358 0.0798588 2.02962
525 0.016219 0.0684343 1.04027
526 0.0164728 0.067365 0.951155
527 0.0167137 0.066277 0.877103
528 0.0169739 0.0651306 0.826053
529 0.0172291 0.0639433 0.77284
530 0.0175237 0.0627619 0.753526
531 0.0178657 0.0615791 0.765765
532 0.0182183 0.0603976 0.774144
533 0.0186125 0.0592249 0.799665
534 0.00300064 0.0792492 1.38523
535 0.0190506 0.0580685 0.844888
536 0.00302818 0.0780365 0.746086
537 0.0195048 0.0569227 0.883664
538 0.00303871 0.0768476 0.364406
539 0.0199896 0.0558018 0.93108
540 0.00301465 0.0756569 0.161308
541 0.020494 0.0546968 0.978393
542 0.00298794 0.0744847 0.0682946
543 0.0210058 0.0536026 1.01248
544 0.00298812 0.0733299 0.0285437
545 0.0215488 0.0525237 1.05858
546 0.0029883 0.0721751 0.0118196
547 0.0220646 0.0514786 1.07956
548 0.00298848 0.0710203 0.00489346
549 0.0226069 0.0504132 1.09911
550 0.00298866 0.0698655 0.00203306
551 0.0231522 0.049387 1.12889
552 0.00298884 0.0687107 0.000848756
553 0.0236861 0.0483682 1.14548
554 0.00298902 0.0675559 0.000356238
555 0.0242015 0.0473565 1.14787
556 0.0029892 0.0664012 0.000150338
557 0.0247233 0.0463304 1.15033
558 0.00298938 0.0652464 6.37865e-05
559 0.0252251 0.0453316 1.15303
560 0.00298957 0.0640916 2.72054e-05
561 0.0256956 0.0443411 1.14211
562 0.00298975 0.0629368 1.16618e-05
563 0.0261452 0.043328 1.1173
564 0.00298993 0.061782 5.02324e-06
565 0.0265723 0.0423275 1.09607
566 0.00299011 0.0606272 2.17394e-06
567 0.0269751 0.0413234 1.07309
568 0.00299029 0.0594724 9.4519e-07
569 0.027348 0.0403157 1.04689
570 0.00299047 0.0583176 4.12865e-07
571 0.02769 0.0393078 1.0217
572 0.00299065 0.0571628 1.81211e-07
573 0.0279994 0.0382978 0.997682
574 0.00299083 0.056008 7.99498e-08
575 0.0282706 0.0372831 0.97223
576 0.00299101 0.0548532 3.54823e-08
577 0.0285015 0.0362647 0.946201
578 0.00299119 0.0536984 1.58585e-08
579 0.0286947 0.0352426 0.923999
580 0.00299137 0.0525436 7.14985e-09
581 0.0288483 0.0342164 0.905684
582 0.00299155 0.0513888 3.25946e-09
583 0.0289626 0.0331889 0.893112
584 0.00299173 0.050234 1.50716e-09
585 0.0290344 0.0321585 0.884069
586 0.00299191 0.0490792 7.09582e-10
587 0.0290575 0.0311243 0.873083
588 0.00299209 0.0479244 3.41659e-10
589 0.0290397 0.0300896 0.867691
590 0.00299227 0.0467696 1.69052e-10
591 0.0289908 0.029053 0.876812
592 0.00299245 0.0456149 8.64587e-11
593 0.0288958 0.0280138 0.886628
594 0.00299264 0.0444601 4.62252e-11
595 0.0287588 0.0269792 0.899628
596 0.00299282 0.0433053 2.67715e-11
597 0.0285901 0.0259483 0.924776
598 0.002993 0.0421505 1.87213e-11
599 0.0283802 0.0249235 0.952776
600 0.00299318 0.0409957 1.91638e-11
601 0.0281404 0.0239044 0.993329
602 0.00299336 0.0398409 3.01583e-11
603 0.0278634 0.0228954 1.03937
604 0.00299354 0.0386861 6.05347e-11
605 0.0275469 0.0219036 1.08627
606 0.00299372 0.0375313 1.32325e-10
607 0.0271944 0.0209268 1.13844
608 0.0029939 0.0363765 2.96404e-10
609 0.0268065 0.0199721 1.19401
610 0.00299408 0.0352217 6.68403e-10
611 0.0263864 0.0190377 1.25781
612 0.00299426 0.0340669 1.51038e-09
613 0.0259211 0.0181263 1.31665
614 0.00299444 0.0329121 3.41624e-09
615 0.0254115 0.0172436 1.36965
616 0.00299462 0.0317573 7.7334e-09
617 0.0248804 0.0163942 1.43506
618 0.0029948 0.0306025 1.7523e-08
619 0.0243489 0.0155614 1.53673
620 0.00299498 0.0294477 3.97515e-08
621 0.0237119 0.0147629 1.57736
622 0.00299516 0.0282929 9.03048e-08
623 0.0230354 0.0140583 1.5828
624 0.00299534 0.0271381 2.05491e-07
625 0.0223457 0.0133289 1.63672
626 0.00299552 0.0259833 4.68508e-07
627 0.0216055 0.0126233 1.68497
628 0.0029957 0.0248286 1.07056e-06
629 0.0208244 0.0119637 1.71558
630 0.00299589 0.0236738 2.45249e-06
631 0.0200138 0.0113428 1.74136
632 0.00299607 0.022519 5.63434e-06
633 0.0191803 0.0107417 1.77398
634 0.00299625 0.0213642 1.29856e-05
635 0.0183101 0.0101572 1.80894
636 0.00299643 0.0202094 3.00342e-05
637 0.0174032 0.00960104 1.83636
638 0.00299661 0.0190546 6.97354e-05
639 0.0164816 0.0090754 1.86398
640 0.00299679 0.0178998 0.000162601
641 0.0155546 0.00857915 1.89312
642 0.00299697 0.016745 0.000380854
643 0.014608 0.0081175 1.90796
644 0.00299715 0.0155902 0.000896329
645 0.0136167 0.00767353 1.91219
646 0.00299733 0.0144354 0.00211972
647 0.0126036 0.0072397 1.92052
648 0.00299751 0.0132806 0.00503557
649 0.0115362 0.00679289 1.9422
650 0.00299769 0.0121258 0.0120013
651 0.0105125 0.00639027 1.95876
652 0.00299787 0.010971 0.0285987
653 0.00949678 0.00600105 1.98355
654 0.00299805 0.00981622 0.0676431
655 0.00848597 0.00563237 2.00949
656 0.00299519 0.00864834 0.157325
657 0.00745688 0.00527226 2.03944
658 0.00297901 0.00748921 0.345043
659 0.00639307 0.00491605 2.07099
660 0.0031096 0.00629532 0.714846
661 0.00524432 0.00470343 1.96674
662 0.00315119 0.00513611 1.30246
663 0.00412368 0.00443329 1.94745
664 0.00298422 0.00392144 2.17718
665 0.00296899 0.00288286 3.19722
666 0.0112088 0.0750027 0.96211
667 0.0119575 0.0743835 0.929705
668 0.0104301 0.0755837 1.00216
669 0.00965219 0.0761498 1.06651
670 0.0133172 0.0728021 0.790532
671 0.00878668 0.0767001 1.1195
672 0.00789681 0.0771305 1.12847
673 0.00700479 0.0775563 1.15892
674 0.0140769 0.0717422 0.73252
675 0.00603999 0.0778946 1.13156
676 0.0144706 0.0706645 0.595267
677 0.00504215 0.0782286 1.1159
678 0.0148146 0.0696766 0.507514
679 0.00402385 0.0786932 1.20514
680 0.0151079 0.0686887 0.435055
681 0.0153719 0.0676672 0.374854
682 0.0156171 0.0665838 0.322685
683 0.0158554 0.065454 0.280515
684 0.0160994 0.0642961 0.24996
685 0.0163619 0.0630887 0.227567
686 0.0166926 0.0618841 0.227011
687 0.017044 0.0606739 0.230901
688 0.0174135 0.0594713 0.235631
689 0.0178537 0.0582849 0.257332
690 0.018312 0.0571101 0.279809
691 0.004079 0.0774897 0.637335
692 0.0187917 0.0559591 0.303429
693 0.00407608 0.0762681 0.294791
694 0.0193079 0.0548288 0.333844
695 0.0040081 0.0750585 0.125322
696 0.0198215 0.053712 0.356746
697 0.00398941 0.0738917 0.0525635
698 0.0203557 0.0526151 0.380914
699 0.00398796 0.0727527 0.0220384
700 0.0209052 0.0515562 0.410901
701 0.00398814 0.0715979 0.00909551
702 0.0214291 0.0504843 0.41943
703 0.00398833 0.0704431 0.00375872
704 0.0219933 0.0494292 0.441142
705 0.00398851 0.0692883 0.00155721
706 0.0225357 0.0484146 0.457494
707 0.00398869 0.0681335 0.000648025
708 0.023062 0.0474131 0.466812
709 0.00398887 0.0669787 0.000271009
710 0.023573 0.0463911 0.463952
711 0.00398905 0.0658239 0.000113913
712 0.0240693 0.045401 0.462754
713 0.00398923 0.0646691 4.81239e-05
714 0.0245492 0.0444095 0.457011
715 0.00398941 0.0635143 2.04333e-05
716 0.025005 0.0434238 0.446356
717 0.00398959 0.0623595 8.72018e-06
718 0.0254363 0.0424338 0.430811
719 0.00398977 0.0612047 3.74086e-06
720 0.0258416 0.0414523 0.414652
721 0.00398995 0.0600499 1.61356e-06
722 0.0262194 0.0404712 0.397223
723 0.00399013 0.0588951 7.00098e-07
724 0.0265675 0.0394907 0.379205
725 0.00399031 0.0577404 3.05794e-07
726 0.0268833 0.0385115 0.361392
727 0.00399049 0.0565856 1.34628e-07
728 0.0271639 0.0375311 0.343661
729 0.00399067 0.0554308 5.98556e-08
730 0.0274022 0.0365509 0.324796
731 0.00399085 0.054276 2.69473e-08
732 0.027607 0.0355667 0.308781
733 0.00399103 0.0531212 1.23294e-08
734 0.0277707 0.0345808 0.293898
735 0.00399121 0.0519664 5.75868e-09
736 0.0278973 0.0335937 0.282549
737 0.00399139 0.0508116 2.75939e-09
738 0.0279903 0.0326072 0.276655
739 0.00399158 0.0496568 1.36299e-09
740 0.0280379 0.0316145 0.271482
741 0.00399176 0.048502 6.96619e-10
742 0.0280378 0.0306211 0.266638
743 0.00399194 0.0473472 3.69089e-10
744 0.0280016 0.0296289 0.266596
745 0.00399212 0.0461924 2.02658e-10
746 0.0279403 0.0286271 0.275794
747 0.0039923 0.0450376 1.15157e-10
748 0.0278273 0.0276271 0.283787
749 0.00399248 0.0438828 6.78798e-11
750 0.0276754 0.0266325 0.295095
751 0.00399266 0.042728 4.24128e-11
752 0.0274949 0.0256375 0.314161
753 0.00399284 0.0415732 3.04335e-11
754 0.0272813 0.024649 0.339031
755 0.00399302 0.0404184 2.97053e-11
756 0.027032 0.0236707 0.368273
757 0.0039932 0.0392636 4.37573e-11
758 0.0267513 0.0227067 0.403414
759 0.00399338 0.0381088 8.52671e-11
760 0.0264309 0.0217567 0.441204
761 0.00399356 0.0369541 1.85756e-10
762 0.0260673 0.0208253 0.47925
763 0.00399374 0.0357993 4.18725e-10
764 0.0256766 0.0199231 0.523413
765 0.00399392 0.0346445 9.53125e-10
766 0.0252708 0.0190362 0.582106
767 0.0039941 0.0334897 2.17622e-09
768 0.024798 0.0181622 0.62944
769 0.00399428 0.0323349 4.97586e-09
770 0.024265 0.0173526 0.659983
771 0.00399446 0.0311801 1.139e-08
772 0.0237611 0.0165434 0.729181
773 0.00399464 0.0300253 2.61039e-08
774 0.0233735 0.0156834 0.905651
775 0.00399483 0.0288705 5.99091e-08
776 0.0226019 0.0151417 0.791007
777 0.00399501 0.0277157 1.37716e-07
778 0.0219647 0.0144122 0.850512
779 0.00399519 0.0265609 3.17157e-07
780 0.0213097 0.0136988 0.924492
781 0.00399537 0.0254061 7.31928e-07
782 0.0205691 0.0130405 0.957134
783 0.00399555 0.0242513 1.69305e-06
784 0.0197967 0.0124681 0.964492
785 0.00399573 0.0230965 3.92632e-06
786 0.0190091 0.0118775 0.996273
787 0.00399591 0.0219417 9.13107e-06
788 0.0181907 0.0112895 1.03895
789 0.00399609 0.0207869 2.13003e-05
790 0.0173321 0.0107251 1.07555
791 0.00399627 0.0196321 4.98522e-05
792 0.0164426 0.0102032 1.09941
793 0.00399645 0.0184773 0.00011709
794 0.0155439 0.00971877 1.11919
795 0.00399663 0.0173225 0.000276051
796 0.0146376 0.00925947 1.13744
797 0.00399681 0.0161677 0.000653381
798 0.0136825 0.00881368 1.14867
799 0.00399699 0.015013 0.00155265
800 0.0126913 0.00837463 1.16112
801 0.00399717 0.0138582 0.00370351
802 0.0116834 0.00793962 1.18068
803 0.00399735 0.0127034 0.00885915
804 0.010656 0.00753937 1.18925
805 0.00399753 0.0115486 0.0211995
806 0.00963848 0.00715088 1.20367
807 0.00399975 0.0103677 0.0513315
808 0.00864116 0.00676785 1.23101
809 0.00399474 0.0091966 0.121023
810 0.00764022 0.00640135 1.25873
811 0.00398179 0.00801738 0.274194
812 0.00664141 0.00599958 1.31947
813 0.00388797 0.00695318 0.536561
814 0.00564817 0.00559063 1.40282
815 0.00446048 0.00585134 1.04019
816 0.0110444 0.0738333 0.480394
817 0.0102225 0.0744414 0.498251
818 0.0094621 0.0750317 0.54506
819 0.00878578 0.0757087 0.664795
820 0.0126528 0.0718133 0.318405
821 0.00786755 0.0759925 0.600751
822 0.00702175 0.076458 0.640554
823 0.00625361 0.0769243 0.711348
824 0.0132712 0.0708229 0.275272
825 0.00521922 0.0769291 0.556661
826 0.0136957 0.0698445 0.222498
827 0.0139938 0.068901 0.174672
828 0.0142786 0.0679291 0.141543
829 0.0145228 0.0668994 0.113165
830 0.014751 0.0658125 0.0913641
831 0.0149709 0.0646521 0.0742639
832 0.0151794 0.0634362 0.0597164
833 0.0154752 0.0622217 0.0554961
834 0.0158539 0.0609888 0.0586799
835 0.0161924 0.0597423 0.0569431
836 0.0166186 0.0585329 0.0615317
837 0.0171033 0.0573229 0.0715643
838 0.0175768 0.0561269 0.0787426
839 0.0180864 0.0549683 0.0886759
840 0.00502654 0.0755991 0.229827
841 0.0186119 0.0538302 0.0996028
842 0.00499839 0.0744109 0.0978214
843 0.01915 0.0527154 0.110218
844 0.00497888 0.0732734 0.0414695
845 0.0197169 0.0516207 0.123098
846 0.00496557 0.0721478 0.0174802
847 0.0202576 0.0505573 0.132796
848 0.00496989 0.0710067 0.00731692
849 0.0208104 0.0494999 0.140862
850 0.00498817 0.0698659 0.0030653
851 0.0213656 0.0484696 0.150118
852 0.00498835 0.0687111 0.00127234
853 0.0219026 0.0474617 0.156546
854 0.00498853 0.0675563 0.000530882
855 0.022429 0.0464579 0.160226
856 0.00498871 0.0664015 0.000222653
857 0.0229285 0.0454621 0.159363
858 0.00498889 0.0652467 9.38636e-05
859 0.0234082 0.0444762 0.156455
860 0.00498907 0.0640919 3.97796e-05
861 0.0238653 0.0435 0.151863
862 0.00498925 0.0629371 1.69535e-05
863 0.0243003 0.0425294 0.14578
864 0.00498943 0.0617823 7.2691e-06
865 0.024709 0.0415624 0.138145
866 0.00498961 0.0606275 3.13765e-06
867 0.0250894 0.0406025 0.129915
868 0.00498979 0.0594727 1.36486e-06
869 0.0254413 0.0396474 0.121546
870 0.00498997 0.0583179 5.99312e-07
871 0.025762 0.0386958 0.113122
872 0.00499015 0.0571631 2.66324e-07
873 0.0260485 0.0377465 0.104754
874 0.00499033 0.0560083 1.20211e-07
875 0.0263021 0.0368003 0.0971956
876 0.00499052 0.0548535 5.53751e-08
877 0.0265158 0.035853 0.0896736
878 0.0049907 0.0536987 2.61779e-08
879 0.0266892 0.034903 0.0826275
880 0.00499088 0.0525439 1.27712e-08
881 0.0268218 0.0339545 0.0763752
882 0.00499106 0.0513891 6.45873e-09
883 0.026927 0.0330069 0.0727408
884 0.00499124 0.0502343 3.3935e-09
885 0.0270128 0.0320656 0.0727292
886 0.00499142 0.0490795 1.8514e-09
887 0.027034 0.0311084 0.0704959
888 0.0049916 0.0479248 1.04557e-09
889 0.0269844 0.0301704 0.0661475
890 0.00499178 0.04677 6.08173e-10
891 0.026966 0.0292096 0.071397
892 0.00499196 0.0456152 3.62203e-10
893 0.0268876 0.0282382 0.0756715
894 0.00499214 0.0444604 2.19751e-10
895 0.026735 0.0272919 0.0765944
896 0.00499232 0.0433056 1.35776e-10
897 0.0265874 0.0263234 0.0850134
898 0.0049925 0.0421508 8.67796e-11
899 0.026402 0.0253596 0.0954921
900 0.00499268 0.040996 6.11102e-11
901 0.0261781 0.0244113 0.107549
902 0.00499286 0.0398412 5.53116e-11
903 0.0259254 0.023478 0.122758
904 0.00499304 0.0386864 7.4785e-11
905 0.0256559 0.0225625 0.143718
906 0.00499322 0.0375316 1.39833e-10
907 0.0253269 0.02164 0.165015
908 0.0049934 0.0363768 3.01932e-10
909 0.0249207 0.0207699 0.178406
910 0.00499359 0.035222 6.82508e-10
911 0.0245588 0.0199094 0.210309
912 0.00499377 0.0340672 1.56309e-09
913 0.0242972 0.0190006 0.288552
914 0.00499395 0.0329124 3.59398e-09
915 0.0236321 0.0182844 0.258887
916 0.00499413 0.0317576 8.27716e-09
917 0.0230894 0.0174224 0.295734
918 0.00499431 0.0306028 1.90855e-08
919 0.0225003 0.0163928 0.373673
920 0.00499449 0.029448 4.40609e-08
921 0.00499467 0.0282932 1.0186e-07
922 0.0216014 0.0155331 0.386206
923 0.00499485 0.0271385 2.35853e-07
924 0.0209031 0.0147626 0.430442
925 0.00499503 0.0259837 5.47088e-07
926 0.0203849 0.0139873 0.53974
927 0.00499521 0.0248289 1.27159e-06
928 0.0195436 0.0135982 0.467372
929 0.00499539 0.0236741 2.96211e-06
930 0.0188028 0.0130094 0.495738
931 0.00499557 0.0225193 6.91703e-06
932 0.018027 0.0124233 0.529521
933 0.00499575 0.0213645 1.61957e-05
934 0.0172529 0.0118358 0.577819
935 0.00499593 0.0202097 3.80311e-05
936 0.0163842 0.0112994 0.598888
937 0.00499611 0.0190549 8.95845e-05
938 0.0155079 0.0108581 0.598924
939 0.00499629 0.0179001 0.000211726
940 0.0146306 0.0104023 0.61315
941 0.00499647 0.0167453 0.000502159
942 0.0137304 0.00995356 0.629314
943 0.00499665 0.0155905 0.0011953
944 0.012777 0.00951141 0.643743
945 0.00499684 0.0144357 0.00285521
946 0.0117896 0.00908059 0.656972
947 0.00499702 0.0132809 0.00684007
948 0.0107889 0.00867107 0.668971
949 0.0049972 0.0121261 0.0164046
950 0.00977208 0.00829445 0.672992
951 0.00500341 0.0109324 0.0402614
952 0.00876644 0.00794587 0.674577
953 0.00499398 0.00973572 0.0974399
954 0.00778273 0.00757192 0.695179
955 0.00496727 0.00849211 0.232697
956 0.00677165 0.00712664 0.751397
957 0.00489032 0.00715555 0.537533
958 0.0119389 0.0730024 0.432087
959 0.00567497 0.00657832 0.853898
960 0.0100227 0.0733056 0.223923
961 0.00915583 0.0739259 0.242914
962 0.0131229 0.0586094 0.000751086
963 0.0130377 0.0622633 0.00276109
964 0.0120575 0.0706971 0.113683
965 0.00703767 0.0753378 0.322996
966 0.00603715 0.0759053 0.36096
967 0.0126994 0.069966 0.114228
968 0.0128611 0.0690438 0.0725435
969 0.0131803 0.0681622 0.0571968
970 0.0134525 0.0671882 0.0435159
971 0.0136463 0.0661581 0.0314599
972 0.013861 0.06505 0.0240371
973 0.0140546 0.0638761 0.0184491
974 0.0141605 0.0625407 0.0118172
975 0.0146455 0.0612867 0.0143206
976 0.0150053 0.0600873 0.0146417
977 0.0152505 0.0587561 0.0115806
978 0.0158643 0.0575135 0.0164997
979 0.0163475 0.0563089 0.0186322
980 0.0168457 0.0551244 0.0209826
981 0.0173907 0.0539599 0.0245742
982 0.0179242 0.0528111 0.0276195
983 0.00600159 0.0737476 0.0776034
984 0.0184918 0.0517024 0.0318075
985 0.00594701 0.0726703 0.0340029
986 0.01907 0.0506199 0.0366019
987 0.00592449 0.0715571 0.0146612
988 0.0196271 0.0495589 0.0401685
989 0.0059807 0.0704485 0.00634246
990 0.0201926 0.0485101 0.0436108
991 0.00598878 0.0693024 0.00264823
992 0.0207458 0.0475012 0.0470381
993 0.00598819 0.0681338 0.00109596
994 0.0212785 0.0465054 0.0492513
995 0.00598837 0.066979 0.000460456
996 0.0217926 0.0455143 0.0502799
997 0.00598855 0.0658242 0.000194419
998 0.0222678 0.0445367 0.0492401
999 0.00598873 0.0646694 8.25419e-05
1000 0.0227293 0.0435649 0.0478144
1001 0.00598891 0.0635146 3.52915e-05
1002 0.0231657 0.0426061 0.0457321
1003 0.00598909 0.0623598 1.52071e-05
1004 0.0235754 0.0416547 0.0430591
1005 0.00598928 0.061205 6.6106e-06
1006 0.0239579 0.0407115 0.0400283
1007 0.00598946 0.0600503 2.90474e-06
1008 0.0243126 0.0397783 0.0369338
1009 0.00598964 0.0588955 1.2939e-06
1010 0.024642 0.0388545 0.0340833
1011 0.00598982 0.0577407 5.86885e-07
1012 0.024933 0.0379321 0.0309052
1013 0.00599 0.0565859 2.72649e-07
1014 0.0251886 0.0370142 0.0278181
1015 0.00599018 0.0554311 1.30572e-07
1016 0.0254331 0.0361064 0.026015
1017 0.00599036 0.0542763 6.48425e-08
1018 0.0256088 0.0351851 0.023017
1019 0.00599054 0.0531215 3.35188e-08
1020 0.0257448 0.0342786 0.0203765
1021 0.00599072 0.0519667 1.80421e-08
1022 0.0258587 0.0333575 0.0185938
1023 0.0059909 0.0508119 1.00805e-08
1024 0.0259406 0.0324544 0.0175899
1025 0.00599108 0.0496571 5.81516e-09
1026 0.0261728 0.0315831 0.0235988
1027 0.00599126 0.0485023 3.44319e-09
1028 0.0259271 0.0307041 0.0150952
1029 0.00599144 0.0473475 2.08036e-09
1030 0.0259365 0.0297546 0.0163376
1031 0.00599162 0.0461927 1.27512e-09
1032 0.0260896 0.0288079 0.0247979
1033 0.0059918 0.0450379 7.88577e-10
1034 0.0257598 0.0279527 0.0180121
1035 0.00599198 0.0438831 4.90231e-10
1036 0.0256503 0.0269909 0.0210199
1037 0.00599216 0.0427283 3.06543e-10
1038 0.0255131 0.0260349 0.0254704
1039 0.00599234 0.0415735 1.9536e-10
1040 0.0253047 0.0251123 0.0292135
1041 0.00599253 0.0404187 1.33614e-10
1042 0.0250736 0.0242091 0.0341792
1043 0.00599271 0.039264 1.1266e-10
1044 0.0248099 0.0233177 0.0406926
1045 0.00599289 0.0381092 1.39975e-10
1046 0.0246969 0.022388 0.0617331
1047 0.00599307 0.0369544 2.49948e-10
1048 0.0241716 0.0216208 0.0554252
1049 0.00599325 0.0357996 5.32789e-10
1050 0.0237448 0.0206651 0.0672215
1051 0.00599343 0.0346448 1.20381e-09
1052 0.0155448 0.0192953 0.00144386
1053 0.00599361 0.03349 2.76534e-09
1054 0.0166272 0.0295973 1.39864e-06
1055 0.00599379 0.0323352 6.38315e-09
1056 0.0225401 0.0184997 0.105077
1057 0.00599397 0.0311804 1.47613e-08
1058 0.0219065 0.0175284 0.130244
1059 0.00599415 0.0300256 3.41781e-08
1060 0.0212018 0.0166351 0.152751
1061 0.00599433 0.0288708 7.9232e-08
1062 0.00599451 0.027716 1.83929e-07
1063 0.0204158 0.0157674 0.177126
1064 0.00599469 0.0265612 4.27647e-07
1065 0.0196438 0.0148278 0.222811
1066 0.00599487 0.0254064 9.96086e-07
1067 0.00599505 0.0242516 2.32479e-06
1068 0.0186434 0.0141592 0.226174
1069 0.00599523 0.0230968 5.43805e-06
1070 0.0178111 0.0135524 0.239402
1071 0.00599541 0.021942 1.2752e-05
1072 0.0170552 0.0129719 0.264035
1073 0.0059956 0.0207872 2.99838e-05
1074 0.0163887 0.0122876 0.330516
1075 0.00599578 0.0196324 7.07088e-05
1076 0.0154708 0.0120372 0.282498
1077 0.00599596 0.0184777 0.000167276
1078 0.0146132 0.0115567 0.297234
1079 0.00599614 0.0173229 0.000397061
1080 0.0137332 0.0111007 0.30965
1081 0.00599632 0.0161681 0.000945804
1082 0.0128158 0.0106541 0.32124
1083 0.0059965 0.0150133 0.00226073
1084 0.0118709 0.0102118 0.334519
1085 0.00599668 0.0138585 0.00542007
1086 0.0108909 0.00979765 0.343494
1087 0.00599686 0.0127037 0.0130138
1088 0.00991821 0.00940691 0.354112
1089 0.00600727 0.0115034 0.0321601
1090 0.00890148 0.00911142 0.340702
1091 0.00600689 0.0102939 0.0791922
1092 0.00791371 0.00880199 0.334605
1093 0.00597753 0.00906714 0.189844
1094 0.00691545 0.00834433 0.370133
1095 0.00591145 0.00781466 0.42974
1096 0.010832 0.0728035 0.233011
1097 0.0112598 0.0716935 0.133472
1098 0.00599209 0.0748643 0.174908
1099 0.00899496 0.0726748 0.0951121
1100 0.00804839 0.0734225 0.115997
1101 0.0116689 0.0694549 0.0387484
1102 0.0120183 0.0683027 0.0235966
1103 0.012491 0.0674816 0.0217388
1104 0.0125246 0.0665376 0.0127034
1105 0.0127525 0.065458 0.00884961
1106 0.0129647 0.0643573 0.0064966
1107 0.0130944 0.0632776 0.00466368
1108 0.0134945 0.061403 0.00340509
1109 0.0138191 0.0603922 0.00360356
1110 0.0140959 0.0593658 0.00359437
1111 0.0146641 0.0575706 0.00350482
1112 0.0151341 0.0564706 0.00431295
1113 0.0156072 0.0552949 0.00482867
1114 0.0161424 0.0541129 0.00566506
1115 0.0166777 0.0529077 0.0064714
1116 0.0172325 0.0517659 0.00736725
1117 0.0178509 0.0506745 0.00923663
1118 0.00676298 0.0720731 0.0286412
1119 0.0184312 0.0495994 0.0106758
1120 0.00697378 0.0710861 0.0141732
1121 0.019002 0.0485452 0.0118206
1122 0.0069983 0.0699224 0.0058816
1123 0.0195587 0.0475338 0.0130037
1124 0.00697714 0.0687361 0.00239476
1125 0.0201072 0.0465437 0.0141887
1126 0.00698378 0.0675649 0.00100719
1127 0.0206401 0.045559 0.0149931
1128 0.00698822 0.0664018 0.000424722
1129 0.0211257 0.0445888 0.0150346
1130 0.0069884 0.065247 0.000180439
1131 0.0215918 0.0436228 0.0146793
1132 0.00698858 0.0640922 7.77544e-05
1133 0.0220294 0.0426709 0.0140373
1134 0.00698876 0.0629374 3.38733e-05
1135 0.0224408 0.0417306 0.0131962
1136 0.00698894 0.0617826 1.49126e-05
1137 0.0228235 0.0408017 0.0121944
1138 0.00698912 0.0606278 6.66935e-06
1139 0.0231821 0.039884 0.0111739
1140 0.0069893 0.059473 3.04056e-06
1141 0.0235148 0.0389786 0.0101819
1142 0.00698948 0.0583182 1.42328e-06
1143 0.0238395 0.0380956 0.00956816
1144 0.00698966 0.0571634 6.89906e-07
1145 0.0240779 0.0371883 0.00814411
1146 0.00698984 0.0560086 3.4832e-07
1147 0.0243088 0.0363062 0.00712986
1148 0.00699002 0.0548538 1.83678e-07
1149 0.0246979 0.0354791 0.00860394
1150 0.0069902 0.053699 1.01053e-07
1151 0.0246577 0.0345842 0.00559743
1152 0.00699038 0.0525442 5.76747e-08
1153 0.0247943 0.033692 0.00503993
1154 0.00699056 0.0513895 3.38712e-08
1155 0.0249139 0.0327136 0.00459427
1156 0.00699074 0.0502347 2.03202e-08
1157 0.0141395 0.0584051 0.00254034
1158 0.00699092 0.0490799 1.2389e-08
1159 0.017082 0.0329715 6.55993e-07
1160 0.0069911 0.0479251 7.65093e-09
1161 0.0249222 0.0302742 0.00381141
1162 0.00699129 0.0467703 4.76517e-09
1163 0.0167335 0.0193353 0.00224883
1164 0.00699147 0.0456155 2.97821e-09
1165 0.008985 0.0121478 0.0394418
1166 0.00699165 0.0444607 1.86035e-09
1167 0.0247084 0.0277072 0.00496084
1168 0.00699183 0.0433059 1.15926e-09
1169 0.0245837 0.0266622 0.00641905
1170 0.00699201 0.0421511 7.21895e-10
1171 0.0245896 0.0257391 0.0100551
1172 0.00699219 0.0409963 4.54371e-10
1173 0.0241702 0.0248791 0.00913234
1174 0.00699237 0.0398415 3.01753e-10
1175 0.0238997 0.0239174 0.0114957
1176 0.00699255 0.0386867 2.39369e-10
1177 0.0236159 0.0227729 0.0167751
1178 0.00699273 0.0375319 2.75066e-10
1179 0.00699291 0.0363771 4.68294e-10
1180 0.0230348 0.0216242 0.0205306
1181 0.00699309 0.0352223 9.82975e-10
1182 0.0225395 0.0205672 0.0273969
1183 0.00699327 0.0340675 2.21548e-09
1184 0.00699345 0.0329127 5.09523e-09
1185 0.021988 0.0195642 0.0352866
1186 0.00699363 0.0317579 1.17859e-08
1187 0.0213456 0.0186082 0.0441702
1188 0.00699381 0.0306031 2.73196e-08
1189 0.0207024 0.0177294 0.0543167
1190 0.00699399 0.0294484 6.34093e-08
1191 0.0200086 0.0168859 0.0661563
1192 0.00699417 0.0282936 1.47361e-07
1193 0.00699435 0.0271388 3.42946e-07
1194 0.0192679 0.0160547 0.0813334
1195 0.00699454 0.025984 7.99424e-07
1196 0.0184476 0.0153126 0.0925895
1197 0.00699472 0.0248292 1.86696e-06
1198 0.0069949 0.0236744 4.36919e-06
1199 0.0175803 0.0146649 0.100678
1200 0.00699508 0.0225196 1.02491e-05
1201 0.0167222 0.0140167 0.112749
1202 0.00699526 0.0213648 2.41045e-05
1203 0.0157898 0.0132439 0.136361
1204 0.00699544 0.02021 5.68526e-05
1205 0.00699562 0.0190552 0.000134509
1206 0.0146764 0.0127468 0.134903
1207 0.0069958 0.0179004 0.000319303
1208 0.0137399 0.0122613 0.140182
1209 0.00699598 0.0167456 0.000760665
1210 0.0128321 0.0118014 0.14729
1211 0.00699616 0.0155908 0.00181869
1212 0.0119041 0.0113508 0.155055
1213 0.00699634 0.014436 0.004363
1214 0.0109668 0.010915 0.163735
1215 0.00699652 0.0132812 0.0104971
1216 0.00998892 0.0105203 0.168368
1217 0.00699759 0.0120878 0.0258471
1218 0.00910802 0.0101108 0.185375
1219 0.00702634 0.0108541 0.0650759
1220 0.00811452 0.0101289 0.138604
1221 0.00700483 0.00960005 0.161507
1222 0.0100096 0.0721403 0.101558
1223 0.00705587 0.0741953 0.146645
1224 0.0110833 0.070461 0.0549295
1225 0.00786939 0.0720538 0.0394707
1226 0.0108974 0.0684048 0.0116579
1227 0.0114202 0.0671759 0.00731441
1228 0.0116354 0.0659195 0.00406118
1229 0.0118581 0.0647849 0.00261596
1230 0.0120119 0.0636821 0.00171337
1231 0.0126299 0.0605676 0.000855018
1232 0.0129637 0.0596011 0.000939168
1233 0.0139583 0.0566545 0.00103054
1234 0.0143393 0.0554874 0.00105781
1235 0.0195237 0.0310311 6.39917e-06
1236 0.015501 0.0530732 0.00168953
1237 0.015868 0.0517718 0.00140821
1238 0.0166385 0.050695 0.00226345
1239 0.0172469 0.0496325 0.00279896
1240 0.0177576 0.0485845 0.00295107
1241 0.00803704 0.070617 0.0145279
1242 0.0183493 0.0475535 0.00342402
1243 0.00797782 0.0693477 0.0055149
1244 0.0189373 0.0465596 0.00395146
1245 0.00792991 0.0681601 0.00228325
1246 0.0194859 0.0455872 0.004345
1247 0.00803068 0.067003 0.00101102
1248 0.0199864 0.0446271 0.00450648
1249 0.0080309 0.0658356 0.000424629
1250 0.0204549 0.0436721 0.00447597
1251 0.007979 0.0646541 0.000179279
1252 0.0208941 0.0427282 0.00430979
1253 0.00798484 0.0634985 7.94811e-05
1254 0.021305 0.0417963 0.00405207
1255 0.00800095 0.0623505 3.61879e-05
1256 0.0216895 0.0408755 0.00373827
1257 0.00798878 0.0612054 1.66155e-05
1258 0.0220489 0.0399661 0.00339477
1259 0.00798896 0.0600506 7.81116e-06
1260 0.0223909 0.0390746 0.00308457
1261 0.00798914 0.0588958 3.8039e-06
1262 0.0226965 0.038186 0.00273299
1263 0.00798932 0.057741 1.94953e-06
1264 0.0231713 0.037385 0.00330547
1265 0.0079895 0.0565862 1.04739e-06
1266 0.0232147 0.0364477 0.00211258
1267 0.00798968 0.0554314 5.87019e-07
1268 0.0249596 0.0288796 0.00481558
1269 0.00798986 0.0542766 3.41453e-07
1270 0.0147109 0.0398448 1.42442e-06
1271 0.00799004 0.0531218 2.0421e-07
1272 0.023698 0.0340674 0.00138043
1273 0.00799023 0.051967 1.24001e-07
1274 0.024001 0.0331632 0.00163964
1275 0.00799041 0.0508122 7.61113e-08
1276 0.0238568 0.0322094 0.00104068
1277 0.00799059 0.0496574 4.70331e-08
1278 0.0122798 0.0615327 0.000787681
1279 0.00799077 0.0485026 2.93596e-08
1280 0.0128646 0.0738639 1.05116
1281 0.00799095 0.0473478 1.84534e-08
1282 0.0238749 0.0297415 0.00103154
1283 0.00799113 0.046193 1.16006e-08
1284 0.0101467 0.0708568 0.0417523
1285 0.00799131 0.0450382 7.25929e-09
1286 0.00220093 0.0823178 4.14752
1287 0.00799149 0.0438834 4.51373e-09
1288 0.0235963 0.027237 0.00159457
1289 0.00799167 0.0427286 2.79034e-09
1290 0.0148487 0.054293 0.00123448
1291 0.00799185 0.0415739 1.71864e-09
1292 0.0238826 0.0310284 0.00094854
1293 0.00799203 0.0404191 1.0647e-09
1294 0.0230601 0.024775 0.00316989
1295 0.00799221 0.0392643 6.8814e-10
1296 0.0227284 0.023684 0.004469
1297 0.00799239 0.0381095 5.18718e-10
1298 0.0223211 0.0225939 0.00622061
1299 0.00799257 0.0369547 5.56077e-10
1300 0.00799275 0.0357999 9.03179e-10
1301 0.021849 0.0215529 0.00854611
1302 0.00799293 0.0346451 1.8645e-09
1303 0.0213436 0.0205591 0.0116151
1304 0.00799311 0.0334903 4.18742e-09
1305 0.00799329 0.0323355 9.6327e-09
1306 0.0207718 0.019634 0.0151022
1307 0.00799348 0.0311807 2.23093e-08
1308 0.020173 0.0187861 0.0189863
1309 0.00799366 0.0300259 5.17915e-08
1310 0.0195466 0.0179651 0.0239932
1311 0.00799384 0.0288711 1.20406e-07
1312 0.0188809 0.0171702 0.0302712
1313 0.00799402 0.0277163 2.80299e-07
1314 0.0079942 0.0265615 6.53486e-07
1315 0.0181456 0.0164387 0.0359445
1316 0.00799438 0.0254067 1.5261e-06
1317 0.0173464 0.0157781 0.0406212
1318 0.00799456 0.0242519 3.57079e-06
1319 0.00799474 0.0230971 8.37315e-06
1320 0.0165089 0.0151661 0.045012
1321 0.00799492 0.0219423 1.96821e-05
1322 0.0156314 0.0145267 0.0514357
1323 0.0079951 0.0207876 4.63914e-05
1324 0.0146994 0.0139387 0.0564701
1325 0.00799528 0.0196328 0.000109675
1326 0.00799546 0.018478 0.00026014
1327 0.0137471 0.0134354 0.059822
1328 0.00799564 0.0173232 0.000619103
1329 0.0128252 0.0129534 0.0636024
1330 0.00799582 0.0161684 0.00147864
1331 0.0119288 0.0124936 0.0679954
1332 0.007996 0.0150136 0.00354452
1333 0.0109784 0.012029 0.0731758
1334 0.00801335 0.0138529 0.00858213
1335 0.0100233 0.0115725 0.0793664
1336 0.0080049 0.0126916 0.0207084
1337 0.00889225 0.0111179 0.0842663
1338 0.0070098 0.0730308 0.0619401
1339 0.0235794 0.0352514 0.00186202
1340 0.00907771 0.071302 0.0365162
1341 0.0104133 0.0695972 0.0202452
1342 0.00819771 0.0747321 0.299313
1343 0.0134582 0.0576697 0.000754836
1344 0.0101006 0.0674256 0.00371454
1345 0.0104943 0.0663114 0.00224031
1346 0.0108 0.0651935 0.0013578
1347 0.0109567 0.064093 0.000795697
1348 0.0119812 0.0598302 0.000322549
1349 0.013153 0.0557927 0.000265673
1350 0.0142229 0.0532658 0.000383622
1351 0.0148027 0.052301 0.000572988
1352 0.0154335 0.050439 0.00045843
1353 0.0161805 0.0496816 0.000848137
1354 0.016482 0.0486417 0.000696293
1355 0.0170686 0.0475618 0.000798095
1356 0.00917106 0.0698704 0.013191
1357 0.0177366 0.0465563 0.00104546
1358 0.00876313 0.0687076 0.00495575
1359 0.0183269 0.0455903 0.00122748
1360 0.00898025 0.0676873 0.00253449
1361 0.0188416 0.044645 0.00132004
1362 0.00919981 0.0664344 0.00113211
1363 0.0193172 0.0437063 0.00134804
1364 0.00894627 0.0651908 0.000429728
1365 0.0197593 0.0427758 0.0013215
1366 0.00896323 0.0640407 0.000195478
1367 0.020171 0.0418552 0.00125455
1368 0.00900552 0.0629144 9.38398e-05
1369 0.0205545 0.040943 0.0011597
1370 0.00903971 0.0617763 4.62047e-05
1371 0.0209153 0.0400354 0.00105074
1372 0.00904745 0.0606344 2.30094e-05
1373 0.0212638 0.0391241 0.000942157
1374 0.00902574 0.0594812 1.1625e-05
1375 0.0216248 0.0381768 0.000848141
1376 0.00898898 0.0583185 6.1262e-06
1377 0.0237685 0.02846 0.00123804
1378 0.00900391 0.0571493 3.52513e-06
1379 0.0221202 0.0370603 0.000806294
1380 0.00901201 0.0559853 2.09943e-06
1381 0.0223174 0.0357305 0.000537333
1382 0.00900492 0.0548356 1.26543e-06
1383 0.0225497 0.0344618 0.000402993
1384 0.00900582 0.0536826 7.81665e-07
1385 0.00900673 0.0525351 4.90202e-07
1386 0.0228589 0.0331147 0.000353274
1387 0.00899007 0.0513898 2.99352e-07
1388 0.00899025 0.050235 1.84233e-07
1389 0.00899043 0.0490802 1.15428e-07
1390 0.0227815 0.0304687 0.000242034
1391 0.00899061 0.0479254 7.31924e-08
1392 0.00899079 0.0467706 4.62169e-08
1393 0.0227418 0.0292062 0.000295066
1394 0.00899097 0.0456158 2.89101e-08
1395 0.00899115 0.044461 1.78864e-08
1396 0.00899133 0.0433062 1.09958e-08
1397 0.0224711 0.026765 0.000614265
1398 0.00899151 0.0421514 6.71763e-09
1399 0.00899169 0.0409966 4.07977e-09
1400 0.022207 0.0255794 0.000917676
1401 0.00899187 0.0398418 2.48408e-09
1402 0.0218779 0.024531 0.00129314
1403 0.00899205 0.038687 1.5677e-09
1404 0.0215211 0.02349 0.00187623
1405 0.00899224 0.0375322 1.13448e-09
1406 0.021113 0.0224685 0.0027229
1407 0.00899242 0.0363774 1.1462e-09
1408 0.0089926 0.0352226 1.78054e-09
1409 0.0206952 0.0214928 0.00398489
1410 0.00899278 0.0340678 3.61386e-09
1411 0.0201774 0.020586 0.00538109
1412 0.00899296 0.0329131 8.08377e-09
1413 0.00899314 0.0317583 1.85925e-08
1414 0.0196092 0.0197945 0.00669104
1415 0.00899332 0.0306035 4.30971e-08
1416 0.0190368 0.0190062 0.00862334
1417 0.0089935 0.0294487 1.0017e-07
1418 0.018457 0.0182446 0.0112091
1419 0.00899368 0.0282939 2.33193e-07
1420 0.0178298 0.0175182 0.0142014
1421 0.00899386 0.0271391 5.43652e-07
1422 0.00899404 0.0259843 1.26941e-06
1423 0.0171032 0.0168562 0.0166051
1424 0.00899422 0.0248295 2.96921e-06
1425 0.0163132 0.0163049 0.0179176
1426 0.0089944 0.0236747 6.9587e-06
1427 0.00899458 0.0225199 1.63442e-05
1428 0.015475 0.0157319 0.0198255
1429 0.00899476 0.0213651 3.84822e-05
1430 0.0145971 0.0151448 0.0222369
1431 0.00899494 0.0202103 9.08519e-05
1432 0.0137095 0.0145937 0.0247816
1433 0.00899512 0.0190555 0.00021514
1434 0.0089953 0.0179007 0.000511712
1435 0.0128001 0.0141057 0.0266169
1436 0.00899549 0.0167459 0.00121962
1437 0.011911 0.0136463 0.0285644
1438 0.00899567 0.0155911 0.00291408
1439 0.0109789 0.0131662 0.0312176
1440 0.00899708 0.0144179 0.0070673
1441 0.0100095 0.0126691 0.0347997
1442 0.00900277 0.0132669 0.0169558
1443 0.0234799 0.0259975 0.00248303
1444 0.0110704 0.0629904 0.000471734
1445 0.0120483 0.0588746 0.000228056
1446 0.0129486 0.0568369 0.00031371
1447 0.0134207 0.0544552 0.00021019
1448 0.0146405 0.0513077 0.000264953
1449 0.0227835 0.0317778 0.000246488
1450 0.0226364 0.0279802 0.00040775
1451 0.00989377 0.0645401 0.000478836
1452 0.0137364 0.0520965 0.000131131
1453 0.0151547 0.0490646 0.000178108
1454 0.0156273 0.0475638 0.000150519
1455 0.0165005 0.0465045 0.000257337
1456 0.0171626 0.0455529 0.00033667
1457 0.0177091 0.0446282 0.000383992
1458 0.0181768 0.0437177 0.000397482
1459 0.00985134 0.0655268 0.000911774
1460 0.0186208 0.0428098 0.000399898
1461 0.0190373 0.0419053 0.000388345
1462 0.0099977 0.0634744 0.000259731
1463 0.019424 0.0410037 0.000363645
1464 0.0100636 0.062358 0.000139542
1465 0.0197791 0.0401084 0.000329457
1466 0.0101324 0.0612113 7.81328e-05
1467 0.0201196 0.0392104 0.000293795
1468 0.0101029 0.060073 4.03832e-05
1469 0.0204648 0.0383019 0.000263348
1470 0.0100382 0.0588843 2.21819e-05
1471 0.0208316 0.0373014 0.000232629
1472 0.0100378 0.0577052 1.33005e-05
1473 0.0211341 0.036166 0.000182988
1474 0.0100389 0.0565289 8.12956e-06
1475 0.0100372 0.055368 5.11351e-06
1476 0.0213457 0.0349765 0.000130201
1477 0.0100181 0.0542364 3.12003e-06
1478 0.0215355 0.0336926 9.3568e-05
1479 0.010026 0.0530853 1.98384e-06
1480 0.0100418 0.0519452 1.28044e-06
1481 0.0100305 0.0508047 7.71759e-07
1482 0.00999009 0.0496577 4.58648e-07
1483 0.00999334 0.0484928 2.93446e-07
1484 0.0216584 0.0298717 7.25381e-05
1485 0.0100028 0.0473423 1.90881e-07
1486 0.00999063 0.0461933 1.17538e-07
1487 0.00999081 0.0450385 7.16971e-08
1488 0.00999099 0.0438838 4.37924e-08
1489 0.00999118 0.042729 2.66529e-08
1490 0.0213155 0.0263265 0.000274166
1491 0.00999136 0.0415742 1.60509e-08
1492 0.00999154 0.0404194 9.57705e-09
1493 0.0210298 0.0253363 0.000395458
1494 0.00999172 0.0392646 5.73204e-09
1495 0.0206995 0.0243409 0.000584435
1496 0.0099919 0.0381098 3.5555e-09
1497 0.0203364 0.0233366 0.000888919
1498 0.00999208 0.036955 2.49668e-09
1499 0.0199267 0.0223398 0.00135647
1500 0.00999226 0.0358002 2.40073e-09
1501 0.00999244 0.0346454 3.57967e-09
1502 0.0196807 0.0214286 0.00223736
1503 0.00999262 0.0334906 7.14743e-09
1504 0.0190235 0.020804 0.00233675
1505 0.0099928 0.0323358 1.59229e-08
1506 0.00999298 0.031181 3.66068e-08
1507 0.018465 0.0200172 0.00307272
1508 0.00999316 0.0300262 8.49056e-08
1509 0.0179185 0.0192438 0.0041452
1510 0.00999334 0.0288714 1.97544e-07
1511 0.0173482 0.0184882 0.00556468
1512 0.00999352 0.0277166 4.6046e-07
1513 0.0169182 0.017779 0.00788197
1514 0.0099937 0.0265618 1.07508e-06
1515 0.00999388 0.025407 2.51449e-06
1516 0.0161324 0.017421 0.00727277
1517 0.00999406 0.0242522 5.89217e-06
1518 0.0153463 0.0169252 0.00769764
1519 0.00999425 0.0230975 1.38352e-05
1520 0.00999443 0.0219427 3.25573e-05
1521 0.0144912 0.0163529 0.00860401
1522 0.00999461 0.0207879 7.67991e-05
1523 0.013652 0.0157551 0.0101896
1524 0.00999479 0.0196331 0.000181597
1525 0.0127606 0.0152384 0.0111829
1526 0.0100221 0.018467 0.000436957
1527 0.0100186 0.0173087 0.00104499
1528 0.0118632 0.0148035 0.0117329
1529 0.00999283 0.0161387 0.0025038
1530 0.0109534 0.014321 0.0129231
1531 0.00997866 0.0149651 0.0060487
1532 0.00999884 0.0138077 0.0146368
1533 0.0111646 0.061859 0.000282369
1534 0.0110313 0.0594627 8.55532e-05
1535 0.0120378 0.05637 8.37998e-05
1536 0.0121848 0.0551479 6.43155e-05
1537 0.0130557 0.0531437 8.38717e-05
1538 0.0142582 0.0501102 0.000102235
1539 0.0216314 0.0324208 6.97568e-05
1540 0.0216844 0.0311235 6.37832e-05
1541 0.0215988 0.0286565 0.000103587
1542 0.0215322 0.0274854 0.000172246
1543 0.0133633 0.0510155 5.07276e-05
1544 0.0142647 0.0478953 3.95657e-05
1545 0.0153487 0.0462341 5.76976e-05
1546 0.0160221 0.0454361 8.77835e-05
1547 0.0166059 0.0445668 0.000112112
1548 0.0170382 0.0436947 0.000114721
1549 0.0174754 0.042819 0.000117673
1550 0.0179029 0.0419391 0.000118736
1551 0.0182959 0.0410588 0.000114384
1552 0.0186508 0.0401739 0.00010468
1553 0.0189796 0.0392935 9.30325e-05
1554 0.0193032 0.0384114 8.23509e-05
1555 0.019651 0.0375207 7.55259e-05
1556 0.0110692 0.0582722 5.53817e-05
1557 0.0199495 0.0365037 6.19438e-05
1558 0.0110801 0.0570759 3.34615e-05
1559 0.020148 0.0354144 4.43976e-05
1560 0.0110758 0.0558671 2.14003e-05
1561 0.0110887 0.0547166 1.39075e-05
1562 0.0203539 0.0342471 3.28943e-05
1563 0.0110246 0.0536294 7.85856e-06
1564 0.0110899 0.0524769 5.50852e-06
1565 0.0111263 0.0513594 3.53409e-06
1566 0.0110296 0.0502133 1.91358e-06
1567 0.0109803 0.0490521 1.16003e-06
1568 0.0110086 0.0479018 7.86228e-07
1569 0.0110385 0.0467651 5.16137e-07
1570 0.0110228 0.0456199 3.02073e-07
1571 0.0109907 0.0444613 1.7527e-07
1572 0.0109908 0.0433065 1.06616e-07
1573 0.010995 0.0421503 6.44976e-08
1574 0.0201761 0.026134 0.000123
1575 0.0109912 0.0409969 3.7723e-08
1576 0.0109914 0.0398421 2.20187e-08
1577 0.019868 0.0251849 0.000185459
1578 0.0109916 0.0386873 1.31072e-08
1579 0.0195482 0.0241803 0.000298321
1580 0.0109917 0.0375325 8.07301e-09
1581 0.0191514 0.0231433 0.000480881
1582 0.0109919 0.0363777 5.53634e-09
1583 0.0186755 0.0220038 0.000818211
1584 0.0109921 0.035223 5.09744e-09
1585 0.0109923 0.0340682 7.33273e-09
1586 0.0109925 0.0329134 1.44345e-08
1587 0.0179092 0.0210504 0.00109531
1588 0.0109926 0.0317586 3.20343e-08
1589 0.0109928 0.0306038 7.35888e-08
1590 0.0172885 0.0201797 0.00154098
1591 0.010993 0.029449 1.70703e-07
1592 0.0109932 0.0282942 3.97394e-07
1593 0.0162491 0.0185014 0.00344578
1594 0.0109934 0.0271394 9.27175e-07
1595 0.0109935 0.0259846 2.16774e-06
1596 0.0109937 0.0248298 5.07929e-06
1597 0.0144195 0.0175982 0.00328725
1598 0.0109939 0.023675 1.19292e-05
1599 0.0109941 0.0225202 2.80835e-05
1600 0.0109943 0.0213654 6.62647e-05
1601 0.0134911 0.0169385 0.0039026
1602 0.0109889 0.0202157 0.00015588
1603 0.0127869 0.0162354 0.00535526
1604 0.0110267 0.0190488 0.000374335
1605 0.0118583 0.0160142 0.00466754
1606 0.011083 0.0178706 0.000917172
1607 0.0110222 0.0167032 0.00219443
1608 0.0109394 0.0154984 0.00527488
1609 0.0113276 0.060653 0.000178337
1610 0.0121975 0.057669 0.000157556
1611 0.0121628 0.0540161 3.77569e-05
1612 0.0123475 0.0519671 1.99713e-05
1613 0.0138069 0.0489802 3.55086e-05
1614 0.0203394 0.0329419 1.85697e-05
1615 0.0205893 0.030485 2.02509e-05
1616 0.0205346 0.0292803 2.79123e-05
1617 0.0205738 0.0270579 9.74004e-05
1618 0.0130611 0.049918 2.12714e-05
1619 0.0205941 0.0316749 1.95496e-05
1620 0.0204779 0.0280715 4.85767e-05
1621 0.0149028 0.0451077 2.0451e-05
1622 0.0156303 0.0445171 3.7362e-05
1623 0.0158984 0.0436443 3.17006e-05
1624 0.0163071 0.0427996 3.27904e-05
1625 0.0167556 0.0419533 3.50799e-05
1626 0.0171837 0.041098 3.62332e-05
1627 0.0175381 0.0402274 3.36684e-05
1628 0.0178568 0.0393612 2.99266e-05
1629 0.0181605 0.0384899 2.59823e-05
1630 0.0184657 0.0376212 2.27026e-05
1631 0.0189271 0.0368074 2.54357e-05
1632 0.0189462 0.0358466 1.53715e-05
1633 0.0191697 0.0347103 1.11126e-05
1634 0.0121449 0.0507005 9.27383e-06
1635 0.0119398 0.0495783 4.45711e-06
1636 0.0119636 0.048449 3.06413e-06
1637 0.0120938 0.0473385 2.35184e-06
1638 0.0121089 0.0461997 1.37971e-06
1639 0.0120052 0.0450284 7.17951e-07
1640 0.0119663 0.043859 4.12614e-07
1641 0.0119927 0.0427103 2.57593e-07
1642 0.0120167 0.0415917 1.56165e-07
1643 0.0190393 0.0260848 5.80697e-05
1644 0.0120042 0.0404465 8.75758e-08
1645 0.0119849 0.0392784 5.02501e-08
1646 0.0187416 0.025039 0.000100284
1647 0.0119914 0.0381101 3.03098e-08
1648 0.0184548 0.0240415 0.00017232
1649 0.0119916 0.0369553 1.85054e-08
1650 0.0179853 0.0230133 0.000280881
1651 0.0119918 0.0358005 1.23009e-08
1652 0.0173769 0.0220773 0.00040346
1653 0.0119919 0.0346457 1.09001e-08
1654 0.0119921 0.0334909 1.53071e-08
1655 0.0119923 0.0323361 2.98443e-08
1656 0.0166566 0.0211535 0.000566473
1657 0.0119925 0.0311813 6.60121e-08
1658 0.0119927 0.0300265 1.51418e-07
1659 0.0119928 0.0288717 3.50984e-07
1660 0.011993 0.0277169 8.16684e-07
1661 0.0119932 0.0265621 1.90489e-06
1662 0.0119934 0.0254074 4.455e-06
1663 0.0119936 0.0242526 1.04489e-05
1664 0.0134064 0.0182384 0.00142679
1665 0.0119938 0.0230978 2.4592e-05
1666 0.0119939 0.021943 5.81187e-05
1667 0.0119811 0.0208016 0.000136127
1668 0.0122301 0.0172293 0.00207286
1669 0.0119633 0.019664 0.000318596
1670 0.0121108 0.0184944 0.000791495
1671 0.0119442 0.0530404 1.95215e-05
1672 0.0141784 0.0459022 1.32079e-05
1673 0.013064 0.0479655 9.55753e-06
1674 0.0194389 0.0337004 9.92297e-06
1675 0.0194196 0.0272488 3.41645e-05
1676 0.0160457 0.0202305 0.000864508
1677 0.0145567 0.0188228 0.001396
1678 0.0127705 0.0489768 1.04016e-05
1679 0.0196262 0.0320204 7.54512e-06
1680 0.0194676 0.029932 8.15476e-06
1681 0.0194125 0.0286585 1.47849e-05
1682 0.0147275 0.0438666 9.31042e-06
1683 0.015115 0.042784 8.60573e-06
1684 0.0155584 0.0419181 9.24878e-06
1685 0.0160809 0.0411229 1.14062e-05
1686 0.0164758 0.0402738 1.14846e-05
1687 0.0167449 0.0394095 9.65815e-06
1688 0.0170591 0.0385602 8.67713e-06
1689 0.01736 0.0376116 7.16416e-06
1690 0.0177564 0.0365058 5.92535e-06
1691 0.0179343 0.035158 3.70415e-06
1692 0.0130767 0.0455442 3.25772e-06
1693 0.0129169 0.0443839 1.54815e-06
1694 0.0129364 0.0432542 9.57272e-07
1695 0.0130558 0.0421829 6.6939e-07
1696 0.0130587 0.0410714 3.67676e-07
1697 0.0178752 0.0258875 3.42973e-05
1698 0.0129654 0.0398866 1.93039e-07
1699 0.0129685 0.0386972 1.15617e-07
1700 0.017576 0.0248281 6.25871e-05
1701 0.0130257 0.0375252 7.25099e-08
1702 0.0174223 0.0238864 0.000114437
1703 0.0130502 0.0363668 4.37818e-08
1704 0.0168128 0.0231213 0.000146184
1705 0.0130416 0.0352132 2.78743e-08
1706 0.0161573 0.022149 0.000221292
1707 0.013014 0.0340615 2.37518e-08
1708 0.012992 0.0329137 3.26741e-08
1709 0.0129921 0.0317589 6.35156e-08
1710 0.0129923 0.0306041 1.39994e-07
1711 0.0129925 0.0294493 3.2034e-07
1712 0.0129927 0.0282945 7.41945e-07
1713 0.0129929 0.0271397 1.72371e-06
1714 0.0129931 0.0259849 4.0067e-06
1715 0.0129932 0.0248301 9.35503e-06
1716 0.0129972 0.0236669 2.20509e-05
1717 0.012851 0.0192137 0.000590131
1718 0.0130142 0.0225124 5.20031e-05
1719 0.0130006 0.0213678 0.000121734
1720 0.0129471 0.0202348 0.000278501
1721 0.0190737 0.0327997 4.58552e-06
1722 0.0139299 0.0447781 5.96464e-06
1723 0.0182471 0.0337747 2.66221e-06
1724 0.0181119 0.026999 1.80906e-05
1725 0.0152816 0.0212462 0.0002974
1726 0.0182985 0.028158 9.17969e-06
1727 0.0184002 0.0293943 4.60248e-06
1728 0.0140172 0.0427936 2.54068e-06
1729 0.0142506 0.0417555 1.86286e-06
1730 0.0149517 0.0410178 3.16573e-06
1731 0.0155756 0.0403563 4.77829e-06
1732 0.0157078 0.0395271 3.50673e-06
1733 0.0158937 0.0386146 2.64416e-06
1734 0.0163561 0.0378361 3.04183e-06
1735 0.0163538 0.036855 1.79169e-06
1736 0.0165172 0.0355598 1.05485e-06
1737 0.0139563 0.0405006 7.87008e-07
1738 0.0167903 0.025608 2.41542e-05
1739 0.0138598 0.0393123 4.18863e-07
1740 0.0140177 0.0381132 2.84118e-07
1741 0.0163178 0.0243957 4.63837e-05
1742 0.0141179 0.0369339 1.77516e-07
1743 0.0141218 0.0357701 1.00685e-07
1744 0.015838 0.0231458 9.5557e-05
1745 0.0140703 0.0346176 6.08676e-08
1746 0.0140329 0.0334639 5.26478e-08
1747 0.0140163 0.0323244 7.29662e-08
1748 0.0139886 0.0311776 1.3979e-07
1749 0.0139769 0.0300153 3.07509e-07
1750 0.0139897 0.0288508 7.1095e-07
1751 0.0139921 0.0276949 1.65112e-06
1752 0.0139651 0.0265342 3.80609e-06
1753 0.0139668 0.0253749 8.82176e-06
1754 0.0139814 0.0242241 2.0672e-05
1755 0.0140167 0.023093 4.81467e-05
1756 0.0138164 0.019491 0.000636268
1757 0.0140628 0.0219024 0.000116019
1758 0.0139936 0.0207885 0.000265546
1759 0.0148402 0.0200689 0.000614784
1760 0.0184109 0.0306581 2.50466e-06
1761 0.0186048 0.031733 2.43793e-06
1762 0.0170736 0.0343101 1.097e-06
1763 0.0169621 0.0267153 1.19867e-05
1764 0.0149694 0.0225074 0.000107071
1765 0.0180794 0.0325484 1.59644e-06
1766 0.0172868 0.0288732 3.17125e-06
1767 0.0152353 0.037573 7.7737e-07
1768 0.0152697 0.0363026 4.40853e-07
1769 0.0157881 0.02544 1.81607e-05
1770 0.014866 0.0387989 9.82957e-07
1771 0.0149776 0.0247377 2.07965e-05
1772 0.0151809 0.0351512 2.15972e-07
1773 0.0150468 0.033997 1.3206e-07
1774 0.0150711 0.0328751 1.21177e-07
1775 0.0150204 0.0317444 1.66413e-07
1776 0.0149453 0.0305939 3.14567e-07
1777 0.0149599 0.0294215 6.98684e-07
1778 0.0150131 0.0282397 1.67311e-06
1779 0.014968 0.0270655 3.85725e-06
1780 0.0148925 0.0259263 8.63191e-06
1781 0.0150681 0.0237402 4.57103e-05
1782 0.0170432 0.0278462 5.60083e-06
1783 0.0174975 0.0301251 1.66394e-06
1784 0.0160016 0.0344594 4.13872e-07
1785 0.0159328 0.0264337 9.20506e-06
1786 0.0173026 0.0315001 7.73132e-07
1787 0.0161662 0.0334379 3.23237e-07
1788 0.0161254 0.0322744 2.86531e-07
1789 0.0159804 0.0311693 3.82741e-07
1790 0.015796 0.0300043 7.01387e-07
1791 0.016053 0.0287961 1.76613e-06
1792 0.0160117 0.027526 4.28815e-06
1793 0.0121055 0.062595 0.00107707
1794 0.013328 0.0468361 7.81761e-06
1795 0.00796772 0.0115018 0.0504322
1796 0.00974486 0.0686326 0.00715885
1797 0.0145544 0.0468887 3.43561e-05
