1 1.53081e-18 -0.025 0.313373
2 1.02054e-18 0.0133333 0.752481
3 1.53081e-18 0.025 0.641058
4 1.02054e-18 0.0466667 0.246743
5 0.0146855 0.0378813 0.160072
6 0.0239236 -0.00725686 0.15965
7 0.0138888 0.020787 0.344942
8 0 0.0122973 0.758867
9 0 0.0112613 0.764794
10 0 0.0102252 0.769924
11 0 0.00918919 0.774194
12 0 0.00815315 0.77764
13 0 0.00711712 0.780267
14 0 0.00608108 0.782032
15 0 0.00504505 0.782895
16 0 0.00400901 0.782822
17 0 0.00297297 0.781784
18 0 0.00193694 0.779749
19 0 0.000900901 0.776691
20 0 -0.000135135 0.772585
21 0 -0.00117117 0.767406
22 0 -0.00220721 0.761131
23 0 -0.00324324 0.75374
24 0 -0.00427928 0.745212
25 0 -0.00531532 0.735529
26 0 -0.00635135 0.724673
27 0 -0.00738739 0.712628
28 0 -0.00842342 0.699377
29 0 -0.00945946 0.684906
30 0 -0.0104955 0.669201
31 0 -0.0115315 0.652249
32 0 -0.0125676 0.634037
33 0 -0.0136036 0.614553
34 0 -0.0146396 0.593786
35 0 -0.0156757 0.571724
36 0 -0.0167117 0.548357
37 0 -0.0177477 0.523676
38 0 -0.0187838 0.497672
39 0 -0.0198198 0.470339
40 0 -0.0208559 0.441678
41 0 -0.0218919 0.411687
42 0 -0.0229279 0.380377
43 0 -0.023964 0.34798
44 0.0242021 -0.00626578 0.156137
45 0.0244395 -0.00526424 0.153132
46 0.0246355 -0.00425361 0.150635
47 0.0247897 -0.00323611 0.148685
48 0.0249019 -0.00221278 0.147293
49 0.0249718 -0.00118619 0.146471
50 0.0249995 -0.000157097 0.146225
51 0.0249848 0.00087165 0.146562
52 0.0249277 0.00189953 0.14749
53 0.0248285 0.0029235 0.149002
54 0.0246871 0.00394321 0.151096
55 0.0245039 0.00495548 0.153767
56 0.0242792 0.0059601 0.157012
57 0.0240134 0.00695385 0.160814
58 0.0237068 0.00793659 0.165168
59 0.0233602 0.0089051 0.170062
60 0.0229738 0.00985928 0.175488
61 0.0225487 0.010796 0.181432
62 0.0220852 0.0117152 0.187901
63 0.0215845 0.0126139 0.194889
64 0.0210469 0.0134918 0.202423
65 0.020474 0.0143463 0.210513
66 0.019866 0.015177 0.219232
67 0.0192247 0.0159816 0.228658
68 0.0185504 0.0167595 0.238949
69 0.0178451 0.0175087 0.250362
70 0.0171091 0.0182285 0.263387
71 0.0163444 0.0189172 0.279027
72 0.0155517 0.019574 0.300295
73 0.0147328 0.0201976 0.334473
74 0.0132954 0.0199496 0.398369
75 0.012652 0.0191509 0.443089
76 0.0119608 0.0183932 0.483885
77 0.0112237 0.017679 0.52187
78 0.010444 0.0170115 0.557089
79 0.00962535 0.0163937 0.589562
80 0.00877025 0.0158275 0.619285
81 0.00788126 0.0153145 0.646211
82 0.00696238 0.0148572 0.670229
83 0.00601781 0.0144577 0.691252
84 0.00505045 0.014117 0.709207
85 0.00406323 0.0138362 0.72406
86 0.00306059 0.0136168 0.73575
87 0.00204711 0.0134595 0.744257
88 0.00102588 0.0133649 0.749649
89 0.00102925 -0.0249788 0.312156
90 0.00205657 -0.0249153 0.311054
91 0.00308059 -0.0248095 0.309526
92 0.00409903 -0.0246617 0.307516
93 0.00511087 -0.024472 0.304984
94 0.00611357 -0.024241 0.301948
95 0.00710639 -0.0239687 0.298419
96 0.00808657 -0.023656 0.294428
97 0.00905363 -0.023303 0.289989
98 0.0100047 -0.0229108 0.285144
99 0.0109395 -0.0224795 0.279916
100 0.011855 -0.0220104 0.274344
101 0.0127511 -0.0215037 0.268461
102 0.0136249 -0.020961 0.262315
103 0.0144763 -0.0203822 0.255942
104 0.0153025 -0.0197695 0.249384
105 0.0161035 -0.0191227 0.242689
106 0.0168765 -0.0184441 0.235903
107 0.0176215 -0.0177336 0.229064
108 0.0183362 -0.0169937 0.22223
109 0.0190203 -0.0162244 0.215438
110 0.0196717 -0.0154281 0.208741
111 0.0202902 -0.0146051 0.202173
112 0.0208739 -0.0137579 0.195794
113 0.0214226 -0.0128869 0.189639
114 0.0219348 -0.0119944 0.183749
115 0.02241 -0.0110812 0.178165
116 0.022847 -0.0101495 0.17293
117 0.0232455 -0.00920029 0.168083
118 0.0236045 -0.00823564 0.163642
119 0 0.0239394 0.6535
120 0 0.0228788 0.665489
121 0 0.0218182 0.677214
122 0 0.0207576 0.688449
123 0 0.019697 0.699158
124 0 0.0186364 0.709403
125 0 0.0175758 0.719144
126 0 0.0165152 0.728334
127 0 0.0154545 0.736991
128 0 0.0143939 0.745471
129 0.0130022 0.0213528 0.389696
130 0.0120925 0.0218808 0.426441
131 0.0111615 0.0223701 0.460888
132 0.0102108 0.0228197 0.49218
133 0.00924195 0.023229 0.520253
134 0.00825674 0.0235972 0.545222
135 0.00725686 0.0239236 0.567194
136 0.00624414 0.0242077 0.586192
137 0.00522041 0.0244489 0.60228
138 0.00418748 0.0246468 0.615458
139 0.00314715 0.0248011 0.625737
140 0.00210124 0.0249115 0.633306
141 0.00105158 0.0249779 0.63822
142 0.0141562 0.0387967 0.165846
143 0.0135704 0.0396758 0.172082
144 0.0129299 0.0405164 0.178682
145 0.012237 0.0413152 0.185515
146 0.0114954 0.0420678 0.192449
147 0.0107078 0.0427719 0.199372
148 0.00987629 0.0434252 0.206165
149 0.00900535 0.0440243 0.212709
150 0.00809883 0.0445666 0.218895
151 0.0071591 0.0450507 0.224626
152 0.00619027 0.0454744 0.229809
153 0.00519743 0.0458355 0.23435
154 0.00418355 0.0461331 0.238187
155 0.00315208 0.0463659 0.241282
156 0.0021085 0.0465328 0.243586
157 0.00105689 0.0466331 0.245183
158 0.0144451 0.0216863 0.273675
159 0.0149428 0.0226181 0.231753
160 0.0153806 0.02358 0.205202
161 0.0157567 0.0245683 0.186652
162 0.0160692 0.0255776 0.172822
163 0.0163171 0.0266046 0.162406
164 0.0164996 0.0276462 0.154586
165 0.0166156 0.0286969 0.148902
166 0.0166648 0.0297521 0.145052
167 0.016647 0.030809 0.142803
168 0.0165622 0.0318631 0.141985
169 0.0164109 0.0329086 0.142466
170 0.0161936 0.0339427 0.144103
171 0.015911 0.0349616 0.146799
172 0.0155646 0.0359601 0.150435
173 0.0151557 0.0369341 0.154894
174 0 0.0456349 0.273914
175 0 0.0446032 0.299253
176 0 0.0435714 0.324021
177 0 0.0425397 0.347895
178 0 0.0415079 0.370838
179 0 0.0404762 0.392886
180 0 0.0394444 0.414091
181 0 0.0384127 0.434487
182 0 0.037381 0.454104
183 0 0.0363492 0.472976
184 0 0.0353175 0.49114
185 0 0.0342857 0.508629
186 0 0.033254 0.525479
187 0 0.0322222 0.541724
188 0 0.0311905 0.557399
189 0 0.0301587 0.57254
190 0 0.029127 0.587186
191 0 0.0280952 0.601344
192 0 0.0270635 0.614963
193 0 0.0260317 0.628072
194 0.0125498 -0.00420601 0.583823
195 0.0123306 -0.00327911 0.595463
196 0.0167304 0.00568408 0.465869
197 0.0123582 0.00396497 0.608795
198 0.0128866 -0.0146744 0.432536
199 0.0053991 -0.0233931 0.336829
200 0.00444509 -0.0236258 0.338331
201 0.00350281 -0.0238152 0.339367
202 0.00636273 -0.0231607 0.333424
203 0.00246331 -0.0239069 0.342377
204 0.00731224 -0.022889 0.329617
205 0.00136341 -0.0239872 0.343994
206 0.0082444 -0.0225825 0.325351
207 0.00917079 -0.0222127 0.321324
208 0.0100835 -0.0218091 0.316758
209 0.0109801 -0.0213845 0.311348
210 0.000923202 -0.0223461 0.396404
211 0.0118374 -0.0209147 0.306337
212 0.000897234 -0.0213739 0.425207
213 0.0126893 -0.0204074 0.300811
214 0.000897234 -0.0203378 0.45453
215 0.0135191 -0.0198658 0.295056
216 0.000897234 -0.0193018 0.482534
217 0.0143318 -0.0193089 0.28848
218 0.000897234 -0.0182658 0.509205
219 0.0151014 -0.0186896 0.283045
220 0.000897234 -0.0172297 0.534545
221 0.0158644 -0.0180501 0.27667
222 0.000897234 -0.0161937 0.558565
223 0.0165943 -0.0173838 0.270316
224 0.000897234 -0.0151577 0.581275
225 0.0172917 -0.0166965 0.263895
226 0.000897234 -0.0141216 0.602683
227 0.017954 -0.0159946 0.257425
228 0.000897234 -0.0130856 0.622803
229 0.0186104 -0.0152043 0.251494
230 0.000897234 -0.0120495 0.641644
231 0.0192245 -0.0144294 0.245148
232 0.000897234 -0.0110135 0.659218
233 0.0197951 -0.0136292 0.239377
234 0.000897234 -0.00997748 0.675538
235 0.0203311 -0.0127971 0.234004
236 0.000897234 -0.00894144 0.690617
237 0.0208532 -0.011947 0.227998
238 0.000897234 -0.00790541 0.704468
239 0.0213258 -0.0110879 0.222632
240 0.000897234 -0.00686937 0.717105
241 0.0217631 -0.010214 0.217508
242 0.000897234 -0.00583333 0.728544
243 0.0221563 -0.0093197 0.21309
244 0.000897234 -0.0047973 0.7388
245 0.0225338 -0.00836411 0.208676
246 0.000897234 -0.00376126 0.747891
247 0.0228612 -0.0074462 0.204551
248 0.000897234 -0.00272523 0.755835
249 0.0231407 -0.00650804 0.201361
250 0.000897234 -0.00168919 0.762651
251 0.0233797 -0.0055534 0.198749
252 0.000897234 -0.000653153 0.768359
253 0.0235982 -0.00454277 0.196078
254 0.000897234 0.000382883 0.772982
255 0.0237651 -0.00358077 0.194024
256 0.000897234 0.00141892 0.776542
257 0.0238949 -0.00260949 0.192381
258 0.000897234 0.00245495 0.779065
259 0.0239776 -0.00162617 0.191611
260 0.000897234 0.00349099 0.780576
261 0.0240153 -0.000628474 0.191597
262 0.000897234 0.00452703 0.781105
263 0.024042 0.000358476 0.190747
264 0.000897234 0.00556306 0.78068
265 0.0240049 0.00133798 0.19152
266 0.000897234 0.0065991 0.779333
267 0.0239184 0.00232813 0.193231
268 0.000897234 0.00763514 0.777099
269 0.0237973 0.00331895 0.195194
270 0.000897234 0.00867117 0.774018
271 0.0236512 0.00429998 0.19701
272 0.000944028 0.00973581 0.76984
273 0.0234508 0.00525675 0.20013
274 0.000989717 0.0107986 0.764824
275 0.0232121 0.00621916 0.203635
276 0.000897234 0.0117793 0.75989
277 0.0229359 0.0071709 0.207593
278 0.000730982 0.0126591 0.755059
279 0.0226385 0.00811027 0.211298
280 0.0222694 0.00902679 0.217106
281 0.00160189 0.0125754 0.752416
282 0.0218779 0.00994186 0.2226
283 0.00262787 0.0126233 0.74592
284 0.021452 0.0108336 0.228587
285 0.00371026 0.0128598 0.734826
286 0.0209967 0.0117003 0.234924
287 0.0047708 0.0131415 0.720388
288 0.0205175 0.0125382 0.241504
289 0.00580781 0.0134735 0.70265
290 0.0199518 0.0133957 0.250154
291 0.0068024 0.0138668 0.681918
292 0.0193932 0.0142056 0.258179
293 0.00778959 0.014312 0.65766
294 0.0187984 0.0149825 0.267283
295 0.00873706 0.0148142 0.630473
296 0.0181805 0.0157306 0.277049
297 0.00964447 0.0154002 0.600114
298 0.0174857 0.0164874 0.289127
299 0.010539 0.0160146 0.566302
300 0.0167727 0.0171948 0.302848
301 0.0113876 0.0166856 0.529583
302 0.0160725 0.0178918 0.316756
303 0.0122073 0.0173959 0.489472
304 0.0151941 0.018579 0.341012
305 0.0129693 0.0181364 0.447143
306 0.0142458 0.019486 0.367165
307 0.000825154 -0.0231885 0.370737
308 0.0134665 0.0189024 0.412051
309 0.00563614 -0.0223843 0.365458
310 0.00471123 -0.0226129 0.367569
311 0.00379471 -0.0228266 0.368401
312 0.00292865 -0.0231088 0.365159
313 0.00656621 -0.0221458 0.361904
314 0.00197201 -0.0229126 0.375925
315 0.00748028 -0.0218679 0.358044
316 0.00837915 -0.0215469 0.354008
317 0.00927167 -0.0211836 0.349641
318 0.0101388 -0.0207826 0.345143
319 0.0109689 -0.0203566 0.34047
320 0.00180339 -0.0218747 0.407929
321 0.0117946 -0.0198895 0.335458
322 0.00173564 -0.0208295 0.438401
323 0.0126113 -0.0193836 0.330104
324 0.00179641 -0.0198198 0.466109
325 0.0133975 -0.018841 0.324858
326 0.00179641 -0.0187838 0.493451
327 0.0141523 -0.0182797 0.31935
328 0.00179641 -0.0177477 0.519452
329 0.0148947 -0.0176853 0.313493
330 0.00179641 -0.0167117 0.544122
331 0.0156213 -0.0170533 0.307453
332 0.00179641 -0.0156757 0.567476
333 0.0163072 -0.0163914 0.3018
334 0.00179641 -0.0146396 0.589522
335 0.016959 -0.0157127 0.296118
336 0.00179641 -0.0136036 0.610273
337 0.0175946 -0.0150037 0.290171
338 0.00179641 -0.0125676 0.629739
339 0.0181986 -0.0142573 0.284592
340 0.00179641 -0.0115315 0.647931
341 0.0187696 -0.0134947 0.279043
342 0.00179641 -0.0104955 0.664861
343 0.0193032 -0.0127137 0.27378
344 0.00179641 -0.00945946 0.680542
345 0.019812 -0.0119117 0.268423
346 0.00179641 -0.00842342 0.694986
347 0.020283 -0.0110813 0.263585
348 0.00179641 -0.00738739 0.708207
349 0.0207286 -0.0102453 0.258471
350 0.00179641 -0.00635135 0.720221
351 0.0211364 -0.00939951 0.25368
352 0.00179641 -0.00531532 0.731042
353 0.021513 -0.00851317 0.249356
354 0.00179641 -0.00427928 0.740687
355 0.0218444 -0.00761069 0.245734
356 0.00179641 -0.00324324 0.749173
357 0.0221275 -0.00671299 0.242796
358 0.00179641 -0.00220721 0.756518
359 0.022379 -0.00579676 0.240109
360 0.00179641 -0.00117117 0.762743
361 0.0225952 -0.00485975 0.237822
362 0.00179641 -0.000135135 0.767869
363 0.022775 -0.00392028 0.235853
364 0.00179641 0.000900901 0.771917
365 0.0229223 -0.0029805 0.234051
366 0.00179641 0.00193694 0.774912
367 0.0230207 -0.00203283 0.233183
368 0.00179641 0.00297297 0.776878
369 0.023091 -0.00107726 0.232341
370 0.00179641 0.00400901 0.777845
371 0.0231149 -0.000124311 0.23231
372 0.00179641 0.00504505 0.777838
373 0.023106 0.000821361 0.232512
374 0.00179641 0.00608108 0.77689
375 0.0230529 0.00176871 0.23347
376 0.00179641 0.00711712 0.77503
377 0.0229631 0.0027251 0.234817
378 0.00179641 0.00815315 0.772287
379 0.0228312 0.00366971 0.236836
380 0.00183811 0.00920844 0.768429
381 0.0226646 0.00458771 0.239323
382 0.0019297 0.0102953 0.763326
383 0.0224585 0.00551376 0.242311
384 0.00204765 0.0115008 0.756583
385 0.0222115 0.00644254 0.245854
386 0.0219225 0.00735285 0.250154
387 0.0216049 0.00823839 0.254734
388 0.0212482 0.00912092 0.259841
389 0.0208542 0.00999806 0.265397
390 0.00330785 0.0118064 0.745439
391 0.0204179 0.0108463 0.271937
392 0.00444972 0.0121048 0.731511
393 0.0199588 0.0116676 0.278693
394 0.00554756 0.0124154 0.714478
395 0.0194659 0.0124808 0.2859
396 0.00661163 0.0127871 0.694072
397 0.0189293 0.0132745 0.294186
398 0.00765455 0.0132628 0.669732
399 0.0183707 0.0140419 0.302909
400 0.00869273 0.0137422 0.641868
401 0.0177821 0.0147815 0.312596
402 0.00966981 0.0143223 0.610884
403 0.017174 0.015504 0.32285
404 0.0106144 0.0149544 0.57653
405 0.0164614 0.0162115 0.337484
406 0.0115351 0.0156224 0.538643
407 0.0157372 0.0168624 0.354193
408 0.0124257 0.0163437 0.497073
409 0.0151419 0.0176132 0.364164
410 0.0133159 0.0171256 0.450372
411 0.0141388 0.0180972 0.398809
412 0.00584887 -0.0213764 0.392917
413 0.00493231 -0.0215843 0.396246
414 0.00400126 -0.0218234 0.397137
415 0.00291107 -0.0221198 0.395581
416 0.00674507 -0.0211402 0.38903
417 0.00761613 -0.0208635 0.385072
418 0.00848195 -0.0205426 0.380901
419 0.00932324 -0.0201657 0.377151
420 0.0101327 -0.0197588 0.373282
421 0.0109338 -0.0193342 0.368589
422 0.0117274 -0.0188693 0.363645
423 0.00262827 -0.0203477 0.448029
424 0.0124909 -0.0183568 0.359126
425 0.00268684 -0.0193253 0.475391
426 0.0132278 -0.0178239 0.354307
427 0.00270149 -0.0182788 0.502266
428 0.0139519 -0.0172765 0.348758
429 0.0026956 -0.0172297 0.527942
430 0.0146655 -0.0166913 0.342968
431 0.0026956 -0.0161937 0.551935
432 0.0153355 -0.0160623 0.33798
433 0.0026956 -0.0151577 0.574617
434 0.0159758 -0.0154131 0.332931
435 0.0026956 -0.0141216 0.595996
436 0.0166003 -0.0147559 0.327195
437 0.0026956 -0.0130856 0.616083
438 0.017206 -0.0140616 0.321459
439 0.0026956 -0.0120495 0.634888
440 0.0177673 -0.0133315 0.31653
441 0.0026956 -0.0110135 0.652423
442 0.0182855 -0.012586 0.312041
443 0.0026956 -0.00997748 0.6687
444 0.0187811 -0.0118225 0.307386
445 0.0026956 -0.00894144 0.683732
446 0.0192583 -0.0110381 0.302469
447 0.0026956 -0.00790541 0.697531
448 0.0196995 -0.0102406 0.297811
449 0.0026956 -0.00686937 0.710113
450 0.0201127 -0.00943822 0.293058
451 0.0026956 -0.00583333 0.72149
452 0.0205106 -0.00864057 0.287644
453 0.0026956 -0.0047973 0.73168
454 0.020867 -0.00773459 0.283882
455 0.0026956 -0.00376126 0.740698
456 0.0211246 -0.00687931 0.282283
457 0.0026956 -0.00272523 0.748562
458 0.0213752 -0.00601306 0.279936
459 0.0026956 -0.00168919 0.755291
460 0.0216014 -0.0051215 0.277638
461 0.0026956 -0.000653153 0.760905
462 0.0217917 -0.00422441 0.275695
463 0.0026956 0.000382883 0.765426
464 0.0219472 -0.00331985 0.274091
465 0.0026956 0.00141892 0.768877
466 0.0220676 -0.00240986 0.27284
467 0.0026956 0.00245495 0.771281
468 0.0221482 -0.00149473 0.272144
469 0.0026956 0.00349099 0.772666
470 0.0221905 -0.000576754 0.271943
471 0.0026956 0.00452703 0.773059
472 0.0222026 0.000333823 0.271895
473 0.0026956 0.00556306 0.772489
474 0.0221781 0.00123965 0.272309
475 0.0026956 0.0065991 0.770986
476 0.0221188 0.00215749 0.273086
477 0.00271513 0.00765169 0.768388
478 0.0220048 0.00306887 0.27509
479 0.00269781 0.00866468 0.765285
480 0.0218499 0.00396089 0.27781
481 0.00278533 0.00969735 0.76059
482 0.0216764 0.00485077 0.280248
483 0.00297189 0.0107247 0.754288
484 0.0214672 0.00574826 0.283046
485 0.0211968 0.00662714 0.287449
486 0.0209073 0.00748654 0.291736
487 0.0205902 0.00833988 0.29616
488 0.0202262 0.00918682 0.301523
489 0.0198162 0.0100099 0.308
490 0.00412269 0.0110528 0.741607
491 0.0193859 0.010815 0.314526
492 0.00524517 0.0113482 0.725842
493 0.0189392 0.0116018 0.321018
494 0.00635854 0.011663 0.706574
495 0.0184519 0.0123819 0.328332
496 0.00746592 0.0121012 0.682871
497 0.0179205 0.0131282 0.337134
498 0.00860688 0.0126267 0.653822
499 0.0173592 0.0138495 0.346874
500 0.00966547 0.0131878 0.622324
501 0.0167844 0.0145612 0.356823
502 0.0106568 0.0138545 0.587623
503 0.0161802 0.0152772 0.367587
504 0.0116375 0.0145151 0.549323
505 0.0154075 0.0159653 0.385876
506 0.0125742 0.015239 0.507649
507 0.0145046 0.0167566 0.408411
508 0.0134835 0.0160067 0.462281
509 0.0024976 -0.0212443 0.42331
510 0.00514487 -0.0205536 0.423614
511 0.00604554 -0.0203898 0.418585
512 0.00426225 -0.020745 0.426166
513 0.00689049 -0.0201378 0.415164
514 0.00771876 -0.0198745 0.410843
515 0.00854783 -0.0195422 0.406983
516 0.00932433 -0.019142 0.404386
517 0.0100978 -0.0187381 0.400565
518 0.0108718 -0.0183338 0.395376
519 0.011626 -0.0178539 0.391135
520 0.00353319 -0.0199723 0.452978
521 0.0123268 -0.0173377 0.387632
522 0.00360128 -0.0188806 0.481463
523 0.0130274 -0.0168204 0.382852
524 0.00359973 -0.0177794 0.509151
525 0.0137277 -0.0162966 0.376917
526 0.00359478 -0.0167117 0.534592
527 0.0144018 -0.015707 0.371833
528 0.00359478 -0.0156757 0.55791
529 0.0150128 -0.0150793 0.368022
530 0.00359478 -0.0146396 0.579915
531 0.0156209 -0.014447 0.363128
532 0.00359478 -0.0136036 0.60062
533 0.0162257 -0.013829 0.356815
534 0.00359478 -0.0125676 0.620035
535 0.0167924 -0.0131375 0.351835
536 0.00359478 -0.0115315 0.638172
537 0.0172825 -0.0124276 0.348456
538 0.00359478 -0.0104955 0.655041
539 0.0177594 -0.0116999 0.344654
540 0.00359478 -0.00945946 0.670656
541 0.0182368 -0.0109584 0.339895
542 0.00359478 -0.00842342 0.685028
543 0.0186875 -0.0101981 0.335171
544 0.00359478 -0.00738739 0.698171
545 0.0190907 -0.0094132 0.33133
546 0.00359478 -0.00635135 0.710099
547 0.0194795 -0.00862702 0.326881
548 0.00359478 -0.00531532 0.720826
549 0.0199914 -0.00790728 0.315863
550 0.00359478 -0.00427928 0.730368
551 0.0201074 -0.00702944 0.320627
552 0.00359478 -0.00324324 0.738742
553 0.0203628 -0.00619255 0.318543
554 0.00359478 -0.00220721 0.745965
555 0.0206132 -0.00535007 0.315618
556 0.00359478 -0.00117117 0.752058
557 0.0208065 -0.00448681 0.314018
558 0.00359478 -0.000135135 0.757039
559 0.0209646 -0.00361925 0.312785
560 0.00359478 0.000900901 0.760931
561 0.021102 -0.00275066 0.311332
562 0.00359478 0.00193694 0.763758
563 0.0212066 -0.00187346 0.310184
564 0.00359478 0.00297297 0.765545
565 0.0212621 -0.000990407 0.310004
566 0.00359478 0.00400901 0.766317
567 0.0212772 -0.000113996 0.310433
568 0.00359478 0.00504505 0.766105
569 0.0212727 0.000756851 0.310641
570 0.00359478 0.00608108 0.764938
571 0.0212593 0.00161736 0.310219
572 0.00363331 0.00716396 0.762377
573 0.0211857 0.00250969 0.311208
574 0.00364611 0.00822668 0.759119
575 0.0210255 0.00336585 0.31485
576 0.00352 0.00913568 0.756824
577 0.0208628 0.00422269 0.317604
578 0.00384156 0.00999666 0.750018
579 0.0207005 0.00508242 0.319319
580 0.0204641 0.00594424 0.323039
581 0.0201802 0.00676415 0.328017
582 0.0199103 0.00758942 0.331422
583 0.0195872 0.00841973 0.335951
584 0.0191964 0.00920669 0.342706
585 0.0187859 0.0099856 0.349436
586 0.00492332 0.0102188 0.73652
587 0.0183584 0.0107539 0.356104
588 0.00602413 0.0105326 0.719093
589 0.0179436 0.0115128 0.361607
590 0.0071778 0.0107978 0.69763
591 0.0174463 0.0122559 0.369823
592 0.00836888 0.0115346 0.668053
593 0.0169087 0.0129323 0.380043
594 0.00966719 0.0119509 0.633627
595 0.01636 0.0136322 0.389858
596 0.0106775 0.0127306 0.598784
597 0.0158054 0.0143273 0.399676
598 0.0116763 0.0134004 0.561384
599 0.0152922 0.0150681 0.406932
600 0.0126421 0.0140773 0.521101
601 0.0144495 0.0154995 0.432906
602 0.0135943 0.0148082 0.476692
603 0.00340568 -0.021047 0.423848
604 0.00540308 -0.0196793 0.444853
605 0.00452781 -0.019562 0.456419
606 0.00620096 -0.0193953 0.443664
607 0.00702079 -0.0191249 0.440461
608 0.00784043 -0.0189912 0.43231
609 0.00852095 -0.0185182 0.433929
610 0.00927481 -0.0181106 0.431388
611 0.0100431 -0.0177311 0.426575
612 0.0108519 -0.0174572 0.417058
613 0.011433 -0.0168337 0.419452
614 0.0121163 -0.0163224 0.415783
615 0.00449313 -0.0183401 0.488301
616 0.0128127 -0.0158357 0.410006
617 0.00449396 -0.0172297 0.515434
618 0.0135674 -0.0154348 0.399615
619 0.00449396 -0.0161937 0.539389
620 0.0140611 -0.0147232 0.401453
621 0.00449396 -0.0151577 0.56202
622 0.0146603 -0.0141083 0.397287
623 0.00449396 -0.0141216 0.583341
624 0.0152436 -0.0134693 0.392817
625 0.00449396 -0.0130856 0.603363
626 0.0159266 -0.0130034 0.380998
627 0.00449396 -0.0120495 0.622098
628 0.0162753 -0.0122537 0.383428
629 0.00449396 -0.0110135 0.639557
630 0.0167325 -0.0115539 0.380573
631 0.00449396 -0.00997748 0.655751
632 0.017213 -0.0108391 0.376108
633 0.00449396 -0.00894144 0.670693
634 0.0176779 -0.0101245 0.371032
635 0.00449396 -0.00790541 0.684394
636 0.018119 -0.00934921 0.366464
637 0.00449396 -0.00686937 0.696867
638 0.0185097 -0.00850094 0.363405
639 0.00449396 -0.00583333 0.708127
640 0.0190345 -0.00753152 0.355576
641 0.00449396 -0.0047973 0.718187
642 0.00449396 -0.00376126 0.727065
643 0.0193126 -0.00645894 0.355883
644 0.00449396 -0.00272523 0.734775
645 0.0196104 -0.00557725 0.352321
646 0.00449396 -0.00168919 0.741337
647 0.0198371 -0.00471959 0.350098
648 0.00449396 -0.000653153 0.74677
649 0.0199758 -0.00388295 0.350063
650 0.00449396 0.000382883 0.751093
651 0.0201173 -0.00304969 0.348925
652 0.00449396 0.00141892 0.75433
653 0.0202648 -0.00222058 0.346563
654 0.00449396 0.00245495 0.756504
655 0.0203443 -0.00136788 0.345956
656 0.00449396 0.00349099 0.75764
657 0.0203468 -0.000525903 0.347411
658 0.00449396 0.00452703 0.757768
659 0.0203471 0.000323336 0.34801
660 0.00449396 0.00556306 0.756917
661 0.0203394 0.00116701 0.347956
662 0.00453142 0.00664777 0.754595
663 0.0204696 0.00199379 0.341459
664 0.00458392 0.00777537 0.750937
665 0.0201943 0.0027787 0.350447
666 0.0045612 0.00902306 0.746646
667 0.0200256 0.00361494 0.354093
668 0.0198824 0.00446391 0.355718
669 0.0198518 0.00531637 0.351865
670 0.0194334 0.00605905 0.363256
671 0.0191622 0.00686819 0.367454
672 0.01905 0.00771845 0.364148
673 0.0185647 0.00842192 0.376005
674 0.0181732 0.00918051 0.382827
675 0.0177512 0.00993495 0.390069
676 0.00573737 0.00940149 0.729393
677 0.0173142 0.0106775 0.397281
678 0.00756515 0.00988293 0.695609
679 0.0170666 0.0114663 0.395972
680 0.00827758 0.0104032 0.677906
681 0.0164504 0.0120176 0.411514
682 0.00925303 0.0107986 0.652985
683 0.015902 0.012702 0.422114
684 0.0108635 0.0116715 0.603683
685 0.0153531 0.0134512 0.431387
686 0.0117475 0.0123017 0.571294
687 0.0146371 0.0143049 0.445236
688 0.0127039 0.0129424 0.53333
689 0.0146655 0.00772364 0.521608
690 0.0101985 0.0109709 0.627847
691 0.00537489 -0.0187544 0.46946
692 0.00632169 -0.0183756 0.468538
693 0.00743218 -0.017992 0.463605
694 0.00842081 -0.0174886 0.46086
695 0.00928751 -0.0170398 0.456886
696 0.00901942 -0.0142826 0.521096
697 0.00898238 0.0078082 0.677472
698 0.0111904 -0.015846 0.446747
699 0.0119275 -0.0152631 0.443016
700 0.00540433 -0.0177628 0.493978
701 0.0117751 -0.0118016 0.511521
702 0.00545259 -0.0167423 0.517719
703 0.011964 0.00692351 0.608256
704 0.00544151 -0.0156935 0.541408
705 0.013654 -0.0138594 0.429086
706 0.00542693 -0.0146516 0.56364
707 0.0143257 -0.0131166 0.425047
708 0.00539314 -0.0136036 0.584871
709 0.015145 -0.0123597 0.415455
710 0.00539314 -0.0125676 0.604202
711 0.00539314 -0.0115315 0.62225
712 0.015685 -0.0114609 0.414351
713 0.00539314 -0.0104955 0.639023
714 0.0161778 -0.0106873 0.411277
715 0.00539314 -0.00945946 0.654533
716 0.016633 -0.0099531 0.407573
717 0.00539314 -0.00842342 0.66879
718 0.0172286 -0.00936998 0.396111
719 0.00539314 -0.00738739 0.681806
720 0.0174597 -0.00855377 0.398786
721 0.00539314 -0.00635135 0.693596
722 0.017862 -0.00762432 0.395825
723 0.00539314 -0.00531532 0.704171
724 0.0182425 -0.00665543 0.392499
725 0.00539314 -0.00427928 0.713548
726 0.00539314 -0.00324324 0.721741
727 0.0185728 -0.00569291 0.389338
728 0.00539314 -0.00220721 0.728768
729 0.0189779 -0.00495151 0.380381
730 0.00539314 -0.00117117 0.734645
731 0.0189905 -0.00412398 0.385522
732 0.00539314 -0.000135135 0.739392
733 0.0191147 -0.00330992 0.385542
734 0.00539314 0.000900901 0.74303
735 0.0192692 -0.00250137 0.383472
736 0.00539314 0.00193694 0.745581
737 0.0195433 -0.00173218 0.375793
738 0.00539314 0.00297297 0.747069
739 0.0194088 -0.000937702 0.382889
740 0.00539314 0.00400901 0.74752
741 0.0194038 -7.98696e-05 0.38428
742 0.00539314 0.00504505 0.746964
743 0.0194082 0.000837653 0.384326
744 0.00543291 0.00610727 0.74487
745 0.0194438 0.0019025 0.38188
746 0.00552332 0.0071941 0.741006
747 0.00557171 0.00831366 0.736504
748 0.0192039 0.00295233 0.388391
749 0.0190191 0.00389747 0.391876
750 0.00741611 0.0090915 0.702806
751 0.0136261 0.0136376 0.492467
752 0.0184138 0.00618408 0.401468
753 0.00671564 0.00972502 0.7121
754 0.018106 0.00734352 0.403813
755 0.0176117 0.00827321 0.41359
756 0.0171682 0.00911012 0.421396
757 0.0166963 0.00992266 0.429681
758 0.0162238 0.0109052 0.435099
759 0.00823435 0.00928446 0.685678
760 0.00912062 0.00969726 0.663795
761 0.0154971 0.0117011 0.451262
762 0.0149 0.0124833 0.462384
763 0.0118671 0.0111992 0.578832
764 0.0144693 0.0132631 0.467069
765 0.0127243 0.0118476 0.545363
766 0.00670679 0.00863758 0.717665
767 0.0100611 0.00997086 0.63922
768 0.0110887 0.0105314 0.607476
769 0.0137617 0.0124346 0.503609
770 0.00641513 -0.0173302 0.492999
771 0.00741645 -0.0168601 0.490849
772 0.0083971 -0.0163543 0.487606
773 0.00939213 -0.0159475 0.479756
774 0.010865 -0.0147188 0.477394
775 0.0118836 -0.0140867 0.467804
776 0.00642871 -0.0162588 0.51764
777 0.006404 -0.0151913 0.541245
778 0.0132703 -0.0128441 0.457692
779 0.00635353 -0.0141364 0.563517
780 0.0139951 -0.012118 0.451428
781 0.00629232 -0.0130856 0.584488
782 0.0146225 -0.0113371 0.447029
783 0.00629232 -0.0120495 0.603126
784 0.00629232 -0.0110135 0.620479
785 0.015163 -0.0105433 0.443765
786 0.00629232 -0.00997748 0.636556
787 0.015696 -0.00974148 0.439439
788 0.00629232 -0.00894144 0.651369
789 0.0163647 -0.00886608 0.430466
790 0.00629232 -0.00790541 0.664929
791 0.00629232 -0.00686937 0.677248
792 0.016758 -0.00778399 0.430703
793 0.00629232 -0.00583333 0.688338
794 0.0171323 -0.00678196 0.428968
795 0.00629232 -0.0047973 0.698213
796 0.0175406 -0.00577837 0.424485
797 0.00629232 -0.00376126 0.706887
798 0.00629232 -0.00272523 0.714375
799 0.0179686 -0.00467465 0.418403
800 0.00629232 -0.00168919 0.720694
801 0.00629232 -0.000653153 0.725861
802 0.00629232 0.000382883 0.729895
803 0.018278 -0.00268518 0.418783
804 0.00629232 0.00141892 0.732818
805 0.0185201 -0.00163957 0.414035
806 0.00629232 0.00245495 0.73465
807 0.00629232 0.00349099 0.735416
808 0.018472 -0.000588871 0.418157
809 0.00629232 0.00452703 0.735142
810 0.0184621 0.000359889 0.41949
811 0.00630449 0.0055595 0.733685
812 0.0184514 0.00131472 0.419695
813 0.00641351 0.00659902 0.729767
814 0.018353 0.00231992 0.421807
815 0.00659312 0.00765754 0.723614
816 0.018151 0.00333146 0.426387
817 0.0179395 0.00435999 0.429946
818 0.0173508 0.00644399 0.438798
819 0.0169168 0.00741949 0.446782
820 0.0161439 0.00897203 0.459999
821 0.0156682 0.00987305 0.467357
822 0.015054 0.0106904 0.479749
823 0.00894775 0.00866928 0.673905
824 0.014455 0.0114725 0.491355
825 0.0128043 0.0107272 0.554521
826 0.0102904 -0.0156049 0.470284
827 0.0127428 -0.01366 0.455717
828 0.0181082 -0.00363709 0.420014
829 0.0176957 0.00538799 0.433305
830 0.0166967 0.00829856 0.446771
831 0.00782971 0.00814098 0.699818
832 0.00995853 0.00901361 0.648328
833 0.011984 0.0100982 0.585456
834 0.0135169 0.0113648 0.524584
835 0.0110692 0.00935824 0.617308
836 0.00741959 -0.0157407 0.515992
837 0.00850535 -0.015142 0.512314
838 0.0109545 -0.0135142 0.499072
839 0.00735122 -0.0146623 0.539748
840 0.0128519 -0.0119818 0.48307
841 0.00723859 -0.0135949 0.562474
842 0.0135368 -0.0111933 0.478543
843 0.0071915 -0.0125676 0.582189
844 0.0141195 -0.0104147 0.474925
845 0.0071915 -0.0115315 0.600126
846 0.0071915 -0.0104955 0.616775
847 0.0146606 -0.00962186 0.471211
848 0.0071915 -0.00945946 0.632146
849 0.0151956 -0.00879545 0.466706
850 0.0071915 -0.00842342 0.64625
851 0.0156711 -0.00789956 0.463301
852 0.0071915 -0.00738739 0.659099
853 0.0071915 -0.00635135 0.670704
854 0.0160711 -0.00694706 0.461282
855 0.0071915 -0.00531532 0.681079
856 0.0164704 -0.0059742 0.457943
857 0.0071915 -0.00427928 0.690234
858 0.0168325 -0.00496611 0.454513
859 0.0071915 -0.00324324 0.698186
860 0.0071915 -0.00220721 0.704947
861 0.0071915 -0.00117117 0.710534
862 0.0071915 -0.000135135 0.714964
863 0.0071915 0.000900901 0.718256
864 0.0174283 -0.0020528 0.450963
865 0.0071915 0.00193694 0.72043
866 0.0175151 -0.00107846 0.450972
867 0.0071915 0.00297297 0.721507
868 0.0071915 0.00400901 0.721511
869 0.017521 -0.000133292 0.452502
870 0.0071915 0.00504505 0.720466
871 0.0175142 0.000798587 0.453334
872 0.00723467 0.00600568 0.717839
873 0.0174613 0.00174916 0.454643
874 0.00743234 0.00701599 0.711489
875 0.017324 0.00271616 0.457722
876 0.0170882 0.00372893 0.462917
877 0.0162022 0.00652533 0.47882
878 0.0151839 0.00880772 0.495032
879 0.0146401 0.00967513 0.505004
880 0.00967985 -0.014912 0.496603
881 0.0120462 -0.0128797 0.486767
882 0.0170762 -0.00398458 0.453215
883 0.017252 -0.0030216 0.452719
884 0.0167928 0.00472029 0.469005
885 0.0157257 0.00779299 0.485566
886 0.0138829 0.0104695 0.522265
887 0.00848815 0.00709092 0.691009
888 0.00983469 0.00803772 0.656954
889 0.0129531 0.00978137 0.558877
890 0.0106816 0.00831363 0.634428
891 0.0121936 0.0090504 0.587897
892 0.00817551 -0.0140481 0.539736
893 0.0125184 -0.0110358 0.506492
894 0.00812253 -0.0130339 0.559905
895 0.0130826 -0.0102646 0.504253
896 0.00809068 -0.0120495 0.577978
897 0.0136405 -0.00951768 0.500416
898 0.00809068 -0.0110135 0.595202
899 0.00809068 -0.00997748 0.611133
900 0.0141417 -0.00873046 0.497296
901 0.00809068 -0.00894144 0.625782
902 0.014576 -0.00790503 0.495215
903 0.00809068 -0.00790541 0.639163
904 0.0150093 -0.00703331 0.492331
905 0.00809068 -0.00686937 0.651288
906 0.00809068 -0.00583333 0.662165
907 0.0154242 -0.0061319 0.48888
908 0.00809068 -0.0047973 0.671807
909 0.0157744 -0.00519814 0.486249
910 0.00809068 -0.00376126 0.680225
911 0.00809068 -0.00272523 0.687432
912 0.00809068 -0.00168919 0.693442
913 0.00809068 -0.000653153 0.698271
914 0.00809068 0.000382883 0.701936
915 0.00809068 0.00141892 0.704454
916 0.0165315 -0.00146549 0.482925
917 0.00809068 0.00245495 0.705845
918 0.016568 -0.000577715 0.484014
919 0.00809068 0.00349099 0.706132
920 0.00809068 0.00452703 0.705334
921 0.0165777 0.000311639 0.48497
922 0.00812902 0.00548715 0.702928
923 0.0165842 0.00119487 0.485021
924 0.0164948 0.00213476 0.487212
925 0.0162807 0.00308701 0.49249
926 0.0141911 0.00869153 0.529109
927 0.0115436 0.00842435 0.610745
928 0.010916 -0.0124372 0.519423
929 0.0160242 -0.00421861 0.485665
930 0.0164102 -0.002452 0.483172
931 0.00807646 0.00634057 0.701625
932 0.0159971 0.00414546 0.49858
933 0.0151459 0.00658402 0.514043
934 0.0137655 0.00947133 0.535848
935 0.0162332 -0.00333214 0.484484
936 0.0104677 0.00726567 0.645619
937 0.0131397 0.00871647 0.562159
938 0.009033 -0.0134522 0.537034
939 0.0120656 -0.0101039 0.531295
940 0.00902244 -0.012489 0.554865
941 0.0126246 -0.00931039 0.529047
942 0.00899505 -0.011485 0.572526
943 0.0132256 -0.00871076 0.521753
944 0.00899657 -0.0104461 0.58898
945 0.00899865 -0.00940959 0.604095
946 0.0134847 -0.00790937 0.524877
947 0.00899335 -0.00839797 0.617728
948 0.0139392 -0.00706558 0.522108
949 0.00898986 -0.00738739 0.630105
950 0.0143929 -0.00623137 0.517893
951 0.00898986 -0.00635135 0.64149
952 0.00898986 -0.00531532 0.651622
953 0.0147844 -0.00537738 0.514309
954 0.00898986 -0.00427928 0.660514
955 0.00898986 -0.00324324 0.668175
956 0.00898986 -0.00220721 0.674614
957 0.00898986 -0.00117117 0.679849
958 0.00898986 -0.000135135 0.683893
959 0.00898986 0.000900901 0.686761
960 0.00898986 0.00193694 0.688471
961 0.0156184 -0.000998629 0.513512
962 0.00898986 0.00297297 0.689046
963 0.0156243 -0.000126183 0.51524
964 0.00900553 0.00400377 0.688188
965 0.00900758 0.00500475 0.686566
966 0.0156418 0.000734345 0.515617
967 0.0157886 0.00157349 0.510886
968 0.0154824 0.00239325 0.51994
969 0.0157071 0.00536754 0.502736
970 0.0188566 0.00505432 0.392194
971 0.010319 -0.0166043 0.447746
972 0.00954247 0.00704221 0.668541
973 0.00906646 0.00609547 0.682557
974 0.0113588 0.00753947 0.621308
975 0.0124372 0.00789434 0.58921
976 0.0115902 -0.0109112 0.529938
977 0.0150885 -0.00444152 0.512625
978 0.0157269 -0.00186578 0.507224
979 0.0152297 0.00341623 0.525895
980 0.0135614 0.00775403 0.556485
981 0.0152345 -0.00356074 0.514081
982 0.0154107 -0.00267687 0.513545
983 0.0116036 -0.00920679 0.554465
984 0.00992064 -0.0119551 0.547712
985 0.0123214 -0.00816082 0.551222
986 0.00991834 -0.0108932 0.565127
987 0.00989309 -0.00986912 0.581033
988 0.0099154 -0.0088119 0.595228
989 0.012847 -0.00709275 0.550428
990 0.00989675 -0.0078496 0.607705
991 0.0133408 -0.00621293 0.546656
992 0.00983464 -0.00684941 0.620346
993 0.0137584 -0.00543594 0.542554
994 0.00988904 -0.00583333 0.6297
995 0.00988615 -0.00481682 0.638968
996 0.00988859 -0.00378183 0.647054
997 0.00988904 -0.00272523 0.654073
998 0.00988904 -0.00168919 0.659727
999 0.00988904 -0.000653153 0.664164
1000 0.00988904 0.000382883 0.667393
1001 0.00988904 0.00141892 0.669427
1002 0.00988904 0.00245495 0.670293
1003 0.0146871 -0.00061109 0.542896
1004 0.00989925 0.00350487 0.669781
1005 0.0146958 0.000398262 0.54449
1006 0.00994892 0.00452217 0.667276
1007 0.0147556 0.00148641 0.543346
1008 0.0107502 -0.0113906 0.540516
1009 0.0149118 0.00452145 0.532365
1010 0.0144944 0.00562663 0.540549
1011 0.0140272 0.00671041 0.549022
1012 0.0111629 0.00647267 0.631837
1013 0.0102129 0.00621503 0.656374
1014 0.00997293 -0.01297 0.528831
1015 0.0109215 -0.0102329 0.554956
1016 0.0142312 -0.00472345 0.535212
1017 0.0147125 -0.00174432 0.538633
1018 0.0144662 0.00260911 0.551194
1019 0.0129149 0.00680721 0.582015
1020 0.0143867 -0.00289164 0.542767
1021 0.0109853 -0.00822192 0.580933
1022 0.0116334 -0.0070811 0.579752
1023 0.0123338 -0.00611419 0.573044
1024 0.0128318 -0.00527308 0.568281
1025 0.0107044 -0.00641603 0.607179
1026 0.0107559 -0.00539354 0.615918
1027 0.0108001 -0.00436189 0.623623
1028 0.0107611 -0.00328752 0.632144
1029 0.01077 -0.00223699 0.638161
1030 0.0107964 -0.00118133 0.642535
1031 0.0108361 -0.000142539 0.645275
1032 0.0108401 0.000911422 0.647586
1033 0.0107908 0.00195375 0.649872
1034 0.0107671 0.00299595 0.650391
1035 0.0137448 -8.78632e-05 0.571325
1036 0.0108087 0.00407658 0.648147
1037 0.0137578 0.000893261 0.572398
1038 0.00994951 -0.0139636 0.510546
1039 0.00984148 0.00540861 0.667519
1040 0.0142186 -0.0038914 0.541549
1041 0.01422 0.00369972 0.556402
1042 0.0106728 -0.00926235 0.573862
1043 0.0106238 -0.0072907 0.599447
1044 0.0134143 -0.00448887 0.559385
1045 0.0136853 -0.00106512 0.570404
1046 0.0109335 0.00525842 0.642336
1047 0.013638 0.00184895 0.576126
1048 0.0133486 0.00577216 0.574712
1049 0.013551 -0.00209864 0.570089
1050 0.0114492 -0.00601225 0.594769
1051 0.0117962 -0.00504455 0.59561
1052 0.0116268 -0.00384714 0.608742
1053 0.0116081 -0.00278307 0.615982
1054 0.0116904 -0.00177908 0.619224
1055 0.0117597 -0.000742941 0.621663
1056 0.0118831 0.000388806 0.621719
1057 0.011753 0.00150756 0.626428
1058 0.0116738 0.00251074 0.628576
1059 0.0115982 0.00350202 0.629568
1060 0.0129419 0.000393671 0.594229
1061 0.0138217 0.00473499 0.565055
1062 0.0121111 0.00580237 0.609764
1063 0.0134716 0.00286943 0.580026
1064 0.0132715 -0.00328583 0.571391
1065 0.0127007 -0.000423108 0.598876
1066 0.0117132 0.0045749 0.624447
1067 0.0127088 0.00119835 0.601537
1068 0.0125572 -0.00237121 0.594971
1069 0.0126375 0.00214484 0.603698
1070 0.0125159 0.00305211 0.606233
1071 0.0132197 0.00386353 0.585268
1072 0.0126573 -0.00140399 0.596763
1073 0.0127571 0.00482156 0.595532
1074 0.00533988 0.0194489 0.655914
1075 0.00440079 0.0188549 0.675964
1076 0.00460994 0.0198804 0.662595
1077 0.00271891 0.0170364 0.711427
1078 0.00948634 0.0174383 0.58161
1079 0.00868088 0.0168883 0.610324
1080 0.00785805 0.0163864 0.636152
1081 0.0102003 0.0180218 0.552444
1082 0.00700209 0.015924 0.6596
1083 0.0109418 0.018773 0.51723
1084 0.00611094 0.0155108 0.680532
1085 0.0116572 0.0193758 0.481298
1086 0.00520852 0.0151771 0.698253
1087 0.0121263 0.0204694 0.445673
1088 0.00428397 0.0148963 0.71323
1089 0.00331603 0.0147179 0.725271
1090 0.00234493 0.0145576 0.734486
1091 0.00129015 0.0143475 0.741829
1092 0.0111638 0.0211711 0.476265
1093 0.0102719 0.0217653 0.502798
1094 0.00936172 0.0221781 0.528865
1095 0.0084318 0.0225469 0.552599
1096 0.000854414 0.0160126 0.730446
1097 0.00745667 0.0228919 0.574362
1098 0.000918512 0.0170455 0.721501
1099 0.00651526 0.0231774 0.592585
1100 0.000918512 0.0181061 0.71199
1101 0.0055128 0.0234321 0.609137
1102 0.000918512 0.0191667 0.701955
1103 0.00453453 0.023642 0.622444
1104 0.000918512 0.0202273 0.691439
1105 0.00353119 0.0238102 0.633384
1106 0.000980943 0.0213396 0.679668
1107 0.00234361 0.0239569 0.642948
1108 0.000920926 0.0223422 0.669074
1109 0.00103191 0.0241469 0.648349
1110 0.000781392 0.0151408 0.737571
1111 0.000801042 0.0231946 0.659937
1112 0.00929428 0.0184437 0.575535
1113 0.00855243 0.017872 0.602934
1114 0.0077804 0.0173996 0.627549
1115 0.00699706 0.0169521 0.649724
1116 0.0100059 0.0191414 0.5449
1117 0.00620936 0.0165235 0.669454
1118 0.0108428 0.0199775 0.505038
1119 0.0053225 0.0161625 0.687905
1120 0.00445082 0.0159046 0.702679
1121 0.00361141 0.0156152 0.715038
1122 0.00270318 0.0157215 0.72275
1123 0.00165889 0.0153599 0.73243
1124 0.0102525 0.0208385 0.515021
1125 0.00945126 0.0211543 0.538263
1126 0.00855897 0.0214913 0.561325
1127 0.00764232 0.0218438 0.581828
1128 0.00178525 0.0164523 0.722842
1129 0.00672467 0.0221731 0.5996
1130 0.00183043 0.0175758 0.712743
1131 0.00577125 0.0224074 0.61616
1132 0.00183043 0.0186364 0.702893
1133 0.0048363 0.0226639 0.629126
1134 0.00183043 0.019697 0.69253
1135 0.00388587 0.0228489 0.640241
1136 0.00185133 0.0208173 0.680939
1137 0.00277396 0.0229618 0.650734
1138 0.00202563 0.0220053 0.667251
1139 0.00170425 0.0231407 0.656493
1140 0.00846168 0.0187746 0.595193
1141 0.00898633 0.0194487 0.572925
1142 0.00767514 0.0184087 0.619354
1143 0.00693826 0.0179826 0.640561
1144 0.0061766 0.0175584 0.660117
1145 0.00968444 0.0201145 0.543463
1146 0.00549415 0.0170605 0.676833
1147 0.00459882 0.016957 0.691366
1148 0.0035484 0.0165709 0.707681
1149 0.00870541 0.0204302 0.569553
1150 0.00779127 0.0207783 0.590252
1151 0.0068783 0.0211198 0.608097
1152 0.00597587 0.021388 0.623719
1153 0.00273784 0.0181417 0.701137
1154 0.00506504 0.0216098 0.637271
1155 0.00271624 0.0192253 0.690871
1156 0.00415843 0.0218216 0.648197
1157 0.00274982 0.020275 0.679959
1158 0.00320281 0.022028 0.65705
1159 0.00270452 0.0212614 0.669894
1160 0.00783457 0.0196174 0.602328
1161 0.00698845 0.0190408 0.628419
1162 0.00611176 0.0185931 0.650971
1163 0.00511568 0.0180819 0.67335
1164 0.00383173 0.0177337 0.694138
1165 0.00701161 0.0201184 0.61622
1166 0.00611054 0.0203756 0.632203
1167 0.00526775 0.0205814 0.645113
1168 0.0034837 0.0187371 0.68822
1169 0.00437318 0.0207576 0.656779
1170 0.00369655 0.0198309 0.675019
1171 0.00355749 0.0210247 0.664071
1172 0.00630091 0.0195105 0.637693
1173 0.00788802 0.0343048 0.417285
1174 0.00857695 0.0324616 0.42715
1175 0.00819655 0.0332698 0.425313
1176 0.00856964 0.0315637 0.43954
1177 0.0111585 0.0410127 0.222183
1178 0.011837 0.0402843 0.216195
1179 0.0124655 0.0395122 0.210496
1180 0.0104474 0.041705 0.227754
1181 0.0130324 0.0386904 0.205645
1182 0.00967936 0.0423388 0.2339
1183 0.0135755 0.0378664 0.199749
1184 0.008873 0.0429279 0.239768
1185 0.0140505 0.0369891 0.195156
1186 0.00803454 0.0434624 0.245357
1187 0.0144645 0.0360703 0.191521
1188 0.00716298 0.0439356 0.250778
1189 0.0148204 0.0351427 0.188444
1190 0.00625919 0.0443624 0.255594
1191 0.0151109 0.0341988 0.186448
1192 0.00533894 0.0447361 0.259644
1193 0.0153382 0.033231 0.185634
1194 0.00437402 0.0450197 0.264127
1195 0.0155237 0.0322592 0.185057
1196 0.00339348 0.0452582 0.267512
1197 0.0156263 0.0312709 0.186682
1198 0.00240473 0.0454631 0.269429
1199 0.0156761 0.0302734 0.189314
1200 0.00130814 0.0456215 0.270614
1201 0.0156647 0.0292838 0.193455
1202 0.0155867 0.028295 0.199663
1203 0.0154522 0.0273102 0.207797
1204 0.0152517 0.0263281 0.218858
1205 0.000867316 0.0440292 0.31126
1206 0.0149753 0.025368 0.23422
1207 0.000918194 0.0430616 0.333893
1208 0.0146756 0.0244224 0.252128
1209 0.000917129 0.0420383 0.357095
1210 0.0142278 0.0234752 0.282357
1211 0.000893518 0.0409921 0.379967
1212 0.0137154 0.0225046 0.323077
1213 0.000893518 0.0399603 0.401569
1214 0.000893518 0.0389286 0.422344
1215 0.000893518 0.0378968 0.442323
1216 0.000893518 0.0368651 0.46154
1217 0.0120127 0.0229721 0.415963
1218 0.000893518 0.0358333 0.480029
1219 0.0110675 0.023406 0.452206
1220 0.000893518 0.0348016 0.497826
1221 0.0100791 0.0238517 0.484753
1222 0.000893518 0.0337698 0.514966
1223 0.00905535 0.0242571 0.514084
1224 0.000893518 0.0327381 0.531486
1225 0.00803035 0.0246172 0.539433
1226 0.000893518 0.0317063 0.547418
1227 0.00699211 0.0249316 0.561486
1228 0.000893518 0.0306746 0.562795
1229 0.00594415 0.0252006 0.580304
1230 0.000893518 0.0296429 0.57765
1231 0.00486782 0.0254322 0.596187
1232 0.000921664 0.0285895 0.592211
1233 0.0037754 0.0256473 0.608599
1234 0.000975721 0.0275324 0.606221
1235 0.0026683 0.025804 0.618024
1236 0.000878306 0.0265421 0.619442
1237 0.00161831 0.0258054 0.62538
1238 0.000722866 0.0256932 0.630561
1239 0.00076775 0.0448475 0.291608
1240 0.0127632 0.0224789 0.384257
1241 0.0101739 0.040698 0.254297
1242 0.0108406 0.0400314 0.249032
1243 0.0114432 0.0393065 0.244792
1244 0.0119965 0.0385476 0.240849
1245 0.00947971 0.0413177 0.259337
1246 0.0125206 0.0377723 0.236393
1247 0.00874177 0.0419061 0.264166
1248 0.0130025 0.0369758 0.231969
1249 0.00795983 0.0424349 0.269256
1250 0.0134348 0.0361446 0.228125
1251 0.00714743 0.0428987 0.274376
1252 0.0137961 0.0352793 0.225687
1253 0.00631155 0.0433228 0.278797
1254 0.014091 0.0344025 0.224403
1255 0.00544388 0.0436906 0.282949
1256 0.0143398 0.0335004 0.223757
1257 0.00457309 0.0440086 0.286252
1258 0.0145257 0.0325842 0.224415
1259 0.00361734 0.0442183 0.29093
1260 0.0146629 0.0316655 0.225854
1261 0.00266181 0.0444009 0.29401
1262 0.0147411 0.0307287 0.228747
1263 0.00172276 0.0446381 0.293433
1264 0.0147561 0.029792 0.23338
1265 0.0147184 0.0288682 0.239528
1266 0.0146257 0.0279262 0.247703
1267 0.014453 0.0269962 0.2595
1268 0.0142285 0.0260777 0.274212
1269 0.00184296 0.0436558 0.316524
1270 0.0139363 0.0251701 0.293535
1271 0.00187304 0.0426053 0.340675
1272 0.0137414 0.0242731 0.308969
1273 0.00182234 0.0415348 0.364691
1274 0.0130684 0.0235542 0.354514
1275 0.00179046 0.0404762 0.387427
1276 0.00179046 0.0394444 0.408565
1277 0.00179046 0.0384127 0.428887
1278 0.00179046 0.037381 0.448426
1279 0.00179046 0.0363492 0.467219
1280 0.0119661 0.0240434 0.405821
1281 0.00179046 0.0353175 0.4853
1282 0.0109364 0.0244728 0.445334
1283 0.00179046 0.0342857 0.502707
1284 0.00990796 0.0249182 0.47849
1285 0.00179046 0.033254 0.519476
1286 0.00885811 0.0252985 0.507948
1287 0.00179046 0.0322222 0.535644
1288 0.00778248 0.0256631 0.533571
1289 0.00179046 0.0311905 0.551245
1290 0.00668667 0.0259571 0.555986
1291 0.00179046 0.0301587 0.566299
1292 0.00559704 0.0262276 0.574236
1293 0.00178435 0.0291184 0.580987
1294 0.004475 0.0264832 0.589071
1295 0.00187703 0.0280525 0.594995
1296 0.00331744 0.0266898 0.600805
1297 0.00204557 0.0268803 0.609377
1298 0.00987506 0.0397445 0.279617
1299 0.00922446 0.0403261 0.284623
1300 0.0104714 0.0390755 0.275984
1301 0.0109941 0.038358 0.273647
1302 0.0114949 0.03762 0.270776
1303 0.00857301 0.0408965 0.288227
1304 0.0119775 0.0368854 0.266902
1305 0.00785187 0.0414514 0.29197
1306 0.0124078 0.0361737 0.262959
1307 0.00708547 0.0418934 0.29716
1308 0.012823 0.0353629 0.259456
1309 0.00628146 0.042305 0.301822
1310 0.0130855 0.034544 0.260126
1311 0.00549456 0.042682 0.305127
1312 0.0133415 0.0337233 0.259914
1313 0.00466662 0.0429886 0.308751
1314 0.0135533 0.032854 0.260659
1315 0.00391691 0.0433383 0.308728
1316 0.0136819 0.0320003 0.263525
1317 0.00290934 0.0432631 0.319259
1318 0.0138208 0.0311344 0.265097
1319 0.013854 0.0302433 0.270308
1320 0.0138192 0.0293785 0.277712
1321 0.0137985 0.0285112 0.284047
1322 0.0136552 0.0275988 0.29596
1323 0.0134599 0.0267473 0.310335
1324 0.0132493 0.0258559 0.326354
1325 0.0128567 0.0247824 0.35461
1326 0.00276701 0.042075 0.347127
1327 0.00271704 0.0410223 0.370326
1328 0.00268741 0.0399603 0.392674
1329 0.00268741 0.0389286 0.413318
1330 0.00268741 0.0378968 0.433157
1331 0.00268741 0.0368651 0.452226
1332 0.00268741 0.0358333 0.470563
1333 0.0117483 0.0250815 0.404834
1334 0.00268741 0.0348016 0.488208
1335 0.0107344 0.0255563 0.441282
1336 0.00268741 0.0337698 0.505198
1337 0.00969931 0.0259988 0.473259
1338 0.00268741 0.0327381 0.521569
1339 0.00860655 0.0263872 0.502559
1340 0.00268741 0.0317063 0.537359
1341 0.00749482 0.0267237 0.528014
1342 0.00270861 0.030632 0.553042
1343 0.00637226 0.0270146 0.549601
1344 0.00272406 0.0295651 0.568093
1345 0.00523453 0.0272917 0.567165
1346 0.00259482 0.0286458 0.581785
1347 0.00407878 0.0275719 0.580545
1348 0.00294424 0.027743 0.590872
1349 0.00892966 0.0393585 0.309578
1350 0.00961646 0.0388893 0.301371
1351 0.00829259 0.0399118 0.313422
1352 0.0100146 0.038157 0.303894
1353 0.0104814 0.0374257 0.303243
1354 0.0109725 0.036703 0.300365
1355 0.00777164 0.0405762 0.311131
1356 0.0114573 0.0359845 0.29614
1357 0.00698734 0.0408827 0.319832
1358 0.0119908 0.0354268 0.286683
1359 0.00620958 0.0413095 0.324154
1360 0.0121178 0.0346666 0.292371
1361 0.00540982 0.0417168 0.327345
1362 0.0123225 0.0338466 0.295341
1363 0.00457079 0.0420898 0.329899
1364 0.0127085 0.03311 0.289785
1365 0.00374182 0.0424471 0.330725
1366 0.0126643 0.0322896 0.300091
1367 0.0128436 0.0314587 0.301418
1368 0.0130734 0.0306551 0.299509
1369 0.0128767 0.0298558 0.314299
1370 0.0128932 0.0289894 0.320595
1371 0.0130285 0.0281676 0.320907
1372 0.0126733 0.027415 0.342489
1373 0.0124605 0.026557 0.358965
1374 0.0123737 0.0256907 0.370195
1375 0.00364596 0.0415508 0.351326
1376 0.00360315 0.0405306 0.37333
1377 0.00358435 0.0394444 0.395592
1378 0.00358435 0.0384127 0.41571
1379 0.00360815 0.0373885 0.434649
1380 0.00358435 0.0363492 0.453589
1381 0.00358435 0.0353175 0.471441
1382 0.0115547 0.0261661 0.402064
1383 0.00358435 0.0342857 0.48862
1384 0.0105865 0.0266813 0.434639
1385 0.00358435 0.033254 0.505164
1386 0.00947421 0.0271005 0.468021
1387 0.00358435 0.0322222 0.521106
1388 0.00834061 0.0274807 0.49697
1389 0.00359007 0.0311544 0.536966
1390 0.00719111 0.0278091 0.521847
1391 0.00364353 0.0300324 0.552508
1392 0.00602558 0.0280998 0.542709
1393 0.00364159 0.0287637 0.570129
1394 0.00486365 0.0283989 0.558736
1395 0.00798855 0.0389384 0.338077
1396 0.00883261 0.0381906 0.332805
1397 0.00718673 0.0397857 0.338031
1398 0.00943312 0.0372682 0.333652
1399 0.00997692 0.0364327 0.332674
1400 0.0111814 0.0349668 0.318805
1401 0.00617344 0.0402907 0.345568
1402 0.00534528 0.0406901 0.34978
1403 0.0117036 0.0328737 0.328169
1404 0.0120188 0.0305845 0.34139
1405 0.0119847 0.0294328 0.353722
1406 0.0121274 0.0283283 0.358083
1407 0.0115618 0.027362 0.390261
1408 0.0044683 0.0400731 0.373572
1409 0.00454118 0.0389642 0.394697
1410 0.00457785 0.0379238 0.413955
1411 0.00451137 0.0368738 0.433874
1412 0.0044813 0.0358333 0.45243
1413 0.0044813 0.0348016 0.469768
1414 0.0044813 0.0337698 0.486456
1415 0.0103708 0.027803 0.430293
1416 0.0044813 0.0327381 0.502525
1417 0.00922029 0.0282296 0.462772
1418 0.00445051 0.031713 0.518324
1419 0.00804918 0.0285987 0.49103
1420 0.00448951 0.0306623 0.53306
1421 0.00686395 0.0289166 0.515067
1422 0.00462726 0.0295447 0.546767
1423 0.00571422 0.0292089 0.533895
1424 0.0113092 0.0339615 0.327974
1425 0.00451513 0.0411503 0.350749
1426 0.0118004 0.0316958 0.337873
1427 0.00766243 0.0379377 0.362875
1428 0.00685747 0.0386549 0.365477
1429 0.0083798 0.0371282 0.361286
1430 0.00623751 0.0393593 0.362746
1431 0.00897453 0.0362467 0.361554
1432 0.00532231 0.039614 0.371749
1433 0.011021 0.0298328 0.385421
1434 0.0111885 0.0285871 0.39234
1435 0.00565925 0.0384674 0.389007
1436 0.00549057 0.0373704 0.411583
1437 0.00539566 0.0363305 0.431285
1438 0.00537824 0.0353175 0.448675
1439 0.00536345 0.0342771 0.465832
1440 0.00538678 0.0332194 0.482031
1441 0.0101201 0.0289853 0.42559
1442 0.00540048 0.0321564 0.497812
1443 0.00895579 0.0293791 0.45676
1444 0.00522554 0.0312367 0.513933
1445 0.00776794 0.0297366 0.483665
1446 0.00551002 0.0303284 0.522184
1447 0.00658897 0.0300747 0.505546
1448 0.00951167 0.035354 0.361551
1449 0.0101844 0.0343753 0.357067
1450 0.010481 0.0331389 0.364607
1451 0.0107313 0.0320537 0.37012
1452 0.0108682 0.0309267 0.378727
1453 0.0073297 0.036997 0.385929
1454 0.00653133 0.0377144 0.388438
1455 0.00798421 0.036121 0.386701
1456 0.00990251 0.0301509 0.419102
1457 0.00629522 0.0368009 0.408628
1458 0.00625882 0.0357678 0.426799
1459 0.00623662 0.0348026 0.44293
1460 0.00623307 0.0337629 0.459334
1461 0.00632733 0.032634 0.474649
1462 0.00626732 0.0313093 0.494979
1463 0.00873368 0.0304985 0.449005
1464 0.00752573 0.0309032 0.474063
1465 0.00843097 0.0352536 0.390284
1466 0.00896172 0.0342874 0.391648
1467 0.00937293 0.0333049 0.394591
1468 0.00958605 0.032255 0.402552
1469 0.00975307 0.0312545 0.410337
1470 0.00702652 0.0361872 0.40553
1471 0.00724187 0.0352725 0.416286
1472 0.00695923 0.0343133 0.43693
1473 0.00718114 0.0333847 0.44653
1474 0.00737358 0.0321754 0.460005
1475 0.0105207 0.0356099 0.329721
