1 0 0 0.825155
2 -1.31814e-05 0.0843 0.690383
3 0.00361131 0.000953149 0.952309
4 0.00719272 0.00200952 0.974629
5 0.0107398 0.00317598 0.957685
6 0.0142119 0.00454917 0.922969
7 0.0175842 0.00615079 0.866647
8 0.0207825 0.00807376 0.79581
9 0.0237341 0.0103535 0.714276
10 0.0262998 0.0130623 0.636141
11 0.0283686 0.0161673 0.572205
12 0.0299476 0.0195483 0.525014
13 0.0310977 0.0230992 0.489746
14 0.0318266 0.0267599 0.466304
15 0.0321332 0.0304797 0.455334
16 0.0319454 0.034207 0.465273
17 0.0312838 0.0378799 0.495018
18 0.0301754 0.0414445 0.543361
19 0.0287501 0.0448956 0.598371
20 0.027117 0.0482543 0.651997
21 0.0254018 0.0515721 0.695775
22 0.0237206 0.0549071 0.722789
23 0.0221921 0.0583143 0.726567
24 0.0209335 0.0618293 0.699342
25 0.0199765 0.0654384 0.646193
26 0.0191933 0.0690902 0.585433
27 0.0181728 0.072679 0.557481
28 0.0163448 0.0759187 0.596784
29 0.0136766 0.0785149 0.681942
30 0.0104874 0.0804511 0.760347
31 0.00707685 0.0819636 0.803577
32 0.00356655 0.0832344 0.798931
33 -1.25823e-05 0.0804682 1.00543
34 -1.19831e-05 0.0766364 1.29394
35 -1.1384e-05 0.0728045 1.55213
36 -1.07848e-05 0.0689727 1.7804
37 -1.01857e-05 0.0651409 1.98124
38 -9.58651e-06 0.0613091 2.1586
39 -8.98735e-06 0.0574773 2.31719
40 -8.38819e-06 0.0536455 2.46007
41 -7.78904e-06 0.0498136 2.58414
42 -7.18988e-06 0.0459818 2.68115
43 -6.59072e-06 0.04215 2.74341
44 -5.99157e-06 0.0383182 2.76555
45 -5.39241e-06 0.0344864 2.74486
46 -4.79325e-06 0.0306545 2.68228
47 -4.1941e-06 0.0268227 2.58199
48 -3.59494e-06 0.0229909 2.44813
49 -2.99578e-06 0.0191591 2.28056
50 -2.39663e-06 0.0153273 2.07416
51 -1.79747e-06 0.0114955 1.82444
52 -1.19831e-06 0.00766364 1.52994
53 -5.99157e-07 0.00383182 1.19419
54 0.0136763 0.0267895 2.2342
55 0.0134894 0.0191363 1.99195
56 0.0105552 0.0136742 1.83613
57 0.0125627 0.0697807 1.31907
58 0.0128354 0.0750974 0.979182
59 0.00983201 0.0764641 1.09805
60 0.0142881 0.0725215 1.01241
61 0.006837 0.0778036 1.14612
62 0.015694 0.0694642 1.03317
63 0.00349412 0.0791916 1.131
64 0.0164923 0.0660839 1.11783
65 0.0173031 0.0624367 1.20672
66 0.0184288 0.0588495 1.25114
67 0.0200055 0.0552972 1.23622
68 0.00342814 0.075217 1.42001
69 0.0216701 0.0517943 1.20618
70 0.00337207 0.0712492 1.67307
71 0.0233759 0.0484415 1.15665
72 0.00333256 0.0672854 1.89363
73 0.0248846 0.0451889 1.11195
74 0.00334815 0.0633909 2.08267
75 0.0263363 0.0419351 1.05051
76 0.00343221 0.0595137 2.24932
77 0.0275485 0.0387546 0.987134
78 0.00351041 0.0556846 2.39972
79 0.0283341 0.0354366 0.948821
80 0.00342261 0.0517994 2.54137
81 0.0286864 0.0322147 0.929232
82 0.00331096 0.0478982 2.66195
83 0.0286499 0.028844 0.92335
84 0.00331156 0.0440664 2.74749
85 0.0282332 0.0256338 0.928895
86 0.00331216 0.0402346 2.79366
87 0.0273793 0.02239 0.950387
88 0.00331276 0.0364028 2.79529
89 0.0261743 0.019443 0.982489
90 0.00331336 0.032571 2.75093
91 0.0244958 0.0164905 1.02568
92 0.00331396 0.0287392 2.66447
93 0.0224045 0.0140017 1.08751
94 0.00331456 0.0249073 2.54471
95 0.0204595 0.0114119 1.08023
96 0.00331516 0.0210755 2.39694
97 0.0174171 0.0100782 1.21113
98 0.00331576 0.0172437 2.21635
99 0.0142731 0.00833294 1.26593
100 0.00349634 0.0134633 1.99786
101 0.0110834 0.00678573 1.29143
102 0.0036902 0.00965965 1.73278
103 0.00808291 0.0051838 1.25903
104 0.00420048 0.00536128 1.37571
105 0.0102362 0.072121 1.3598
106 0.00676154 0.0736323 1.43824
107 0.013042 0.0667378 1.44389
108 0.0136298 0.0631667 1.57055
109 0.0144169 0.059396 1.67452
110 0.0158482 0.0557926 1.6961
111 0.0178448 0.0521234 1.64489
112 0.0195343 0.0487218 1.60187
113 0.00668351 0.0696645 1.68024
114 0.0210262 0.045438 1.56115
115 0.00662828 0.0656889 1.89079
116 0.0224656 0.0422146 1.50462
117 0.00682504 0.0617548 2.06521
118 0.0238 0.0390261 1.43436
119 0.00710869 0.0578132 2.21677
120 0.0252426 0.0364071 1.31356
121 0.00698408 0.0538358 2.37007
122 0.0250633 0.0334317 1.36287
123 0.00666673 0.0498304 2.51436
124 0.0258645 0.0305525 1.26971
125 0.00664195 0.0459391 2.61938
126 0.0250353 0.0276837 1.33688
127 0.00660179 0.042151 2.68991
128 0.0251342 0.0246995 1.2665
129 0.00660239 0.0383192 2.71964
130 0.0235854 0.0222067 1.35828
131 0.00660299 0.0344874 2.7041
132 0.0229696 0.0193243 1.30762
133 0.00660358 0.0306556 2.64403
134 0.0207491 0.0172139 1.41118
135 0.00660418 0.0268238 2.54612
136 0.0162343 0.0212168 1.91447
137 0.00660478 0.0229919 2.4182
138 0.0181653 0.0142971 1.45259
139 0.00660538 0.0191601 2.25941
140 0.014324 0.0120767 1.54972
141 0.00687765 0.0154089 2.06023
142 0.0109142 0.0101654 1.57805
143 0.00711873 0.011741 1.82304
144 0.00732178 0.00827455 1.55579
145 0.0100153 0.0642162 1.7948
146 0.0104966 0.0603253 1.9409
147 0.0111357 0.0560293 2.07524
148 0.013847 0.0525365 1.99927
149 0.0158606 0.0490991 1.94618
150 0.0170655 0.0456529 1.94429
151 0.0185435 0.0424796 1.89009
152 0.0201 0.0391769 1.80937
153 0.0215662 0.0354869 1.71705
154 0.0100131 0.0516781 2.29101
155 0.00981927 0.0477636 2.41597
156 0.0219949 0.0305708 1.67818
157 0.0101835 0.0440463 2.48017
158 0.0214235 0.0256822 1.65919
159 0.0102581 0.0402741 2.53218
160 0.0101237 0.036386 2.55639
161 0.0198894 0.0212282 1.65692
162 0.0101548 0.0325541 2.52819
163 0.0101603 0.0287351 2.46144
164 0.010023 0.0249267 2.36725
165 0.0171904 0.0179864 1.71767
166 0.00989501 0.0210765 2.23752
167 0.0101696 0.0172296 2.05323
168 0.00969818 0.068 1.62334
169 0.0140093 0.0156729 1.79155
170 0.0125619 0.049435 2.19217
171 0.0133889 0.0461016 2.22434
172 0.0142104 0.0423834 2.24291
173 0.0165914 0.0397074 2.09805
174 0.0172418 0.0365057 2.07788
175 0.0177571 0.032669 2.04224
176 0.0177131 0.0285249 2.00643
177 0.0171603 0.024628 1.96401
178 0.0136032 0.0382177 2.33189
179 0.0137442 0.0344496 2.32885
180 0.0133531 0.0230444 2.14883
181 0.0138011 0.0306219 2.29463
