1 0 0 0.690226
2 -1.31814e-05 0.0843 0.613101
3 0.00243379 0.000642361 0.719294
4 0.00486759 0.00128472 0.728107
5 0.00727038 0.00203406 0.730838
6 0.00967061 0.00279229 0.724537
7 0.0120301 0.00366749 0.714948
8 0.01436 0.00461695 0.700221
9 0.0166489 0.00566428 0.680893
10 0.0188633 0.00685917 0.659117
11 0.020986 0.00820914 0.635471
12 0.0230082 0.00970449 0.609083
13 0.0248485 0.0114206 0.584682
14 0.0264952 0.0133216 0.561993
15 0.0279122 0.0153997 0.543023
16 0.0291152 0.0176088 0.526929
17 0.0300937 0.0199269 0.514621
18 0.0308799 0.0223168 0.504696
19 0.0314864 0.0247591 0.496575
20 0.0318931 0.0272426 0.491281
21 0.0321031 0.0297497 0.488617
22 0.0321042 0.0322656 0.489174
23 0.0318814 0.034772 0.493771
24 0.0314272 0.0372468 0.503031
25 0.0307756 0.0396771 0.515606
26 0.0299516 0.0420549 0.530899
27 0.0289808 0.0443769 0.54831
28 0.027916 0.0466575 0.565696
29 0.0267832 0.0489053 0.582655
30 0.0256255 0.0511404 0.597493
31 0.0244759 0.0533797 0.609183
32 0.0233717 0.0556415 0.616379
33 0.0223467 0.0579402 0.617997
34 0.021444 0.0602894 0.61253
35 0.0206751 0.0626856 0.600776
36 0.0200505 0.0651236 0.583269
37 0.0195173 0.0675836 0.563938
38 0.0189726 0.0700408 0.547432
39 0.0182576 0.0724523 0.539082
40 0.0171833 0.0747254 0.546298
41 0.0156581 0.0767211 0.565225
42 0.0138058 0.078419 0.588125
43 0.0117012 0.0797971 0.611774
44 0.00947638 0.0809707 0.629469
45 0.00715298 0.0819346 0.642083
46 0.0048002 0.0828293 0.644996
47 0.00239933 0.0835818 0.639169
48 -1.27938e-05 0.0818206 0.70003
49 -1.24061e-05 0.0793412 0.786635
50 -1.20184e-05 0.0768618 0.872683
51 -1.16307e-05 0.0743824 0.95739
52 -1.1243e-05 0.0719029 1.04029
53 -1.08553e-05 0.0694235 1.12129
54 -1.04676e-05 0.0669441 1.20008
55 -1.00799e-05 0.0644647 1.27599
56 -9.69224e-06 0.0619853 1.34831
57 -9.30455e-06 0.0595059 1.41625
58 -8.91686e-06 0.0570265 1.47903
59 -8.52917e-06 0.0545471 1.53595
60 -8.14148e-06 0.0520676 1.58638
61 -7.75379e-06 0.0495882 1.62974
62 -7.3661e-06 0.0471088 1.66547
63 -6.97841e-06 0.0446294 1.69309
64 -6.59072e-06 0.04215 1.7121
65 -6.20303e-06 0.0396706 1.72207
66 -5.81534e-06 0.0371912 1.7226
67 -5.42765e-06 0.0347118 1.71338
68 -5.03997e-06 0.0322324 1.69414
69 -4.65228e-06 0.0297529 1.66475
70 -4.26459e-06 0.0272735 1.6252
71 -3.8769e-06 0.0247941 1.5757
72 -3.48921e-06 0.0223147 1.51662
73 -3.10152e-06 0.0198353 1.44861
74 -2.71383e-06 0.0173559 1.37253
75 -2.32614e-06 0.0148765 1.28935
76 -1.93845e-06 0.0123971 1.20009
77 -1.55076e-06 0.00991765 1.10562
78 -1.16307e-06 0.00743824 1.00658
79 -7.75379e-07 0.00495882 0.903645
80 -3.8769e-07 0.00247941 0.797918
81 0.0152337 0.0260423 1.31118
82 0.0152894 0.0332475 1.38068
83 0.0148681 0.0238684 1.28614
84 0.00494671 0.0759702 0.880677
85 0.0114792 0.0770312 0.703163
86 0.0134309 0.0761103 0.66589
87 0.0144848 0.0742459 0.677166
88 0.00938005 0.078223 0.722364
89 0.0160202 0.0727193 0.64775
90 0.00731632 0.0794105 0.726588
91 0.0163824 0.0706301 0.68047
92 0.0054377 0.0805174 0.718599
93 0.0170265 0.0682733 0.701273
94 0.0168927 0.0296654 1.28576
95 0.0176586 0.065884 0.721151
96 0.018277 0.0633407 0.745356
97 0.0190123 0.0608264 0.762519
98 0.0198656 0.0583552 0.772232
99 0.00251852 0.0777405 0.843623
100 0.0208553 0.0559354 0.772611
101 0.00230472 0.0753687 0.925599
102 0.0219693 0.0535637 0.763769
103 0.00217904 0.0729977 1.00571
104 0.0231089 0.051281 0.749966
105 0.00219162 0.0706313 1.08374
106 0.024262 0.0490316 0.732359
107 0.00213657 0.0681842 1.16318
108 0.0253978 0.0468068 0.711999
109 0.00213696 0.0657047 1.24114
110 0.0264608 0.0446097 0.691175
111 0.00213735 0.0632253 1.31598
112 0.0273822 0.0424041 0.673726
113 0.00213774 0.0607459 1.38684
114 0.0282228 0.0401681 0.655574
115 0.00213812 0.0582665 1.45288
116 0.0289318 0.0379155 0.638747
117 0.00213851 0.0557871 1.51335
118 0.0294524 0.0356305 0.626124
119 0.0021389 0.0533077 1.56758
120 0.0297626 0.033331 0.618279
121 0.00213929 0.0508283 1.61498
122 0.029862 0.0310169 0.614969
123 0.00213967 0.0483489 1.655
124 0.0297506 0.028687 0.615875
125 0.00214006 0.0458695 1.68711
126 0.0294492 0.0263846 0.61976
127 0.00214045 0.04339 1.71084
128 0.029009 0.024104 0.623757
129 0.00214084 0.0409106 1.72571
130 0.0283818 0.0218487 0.630241
131 0.00214122 0.0384312 1.73129
132 0.0275146 0.0196762 0.642218
133 0.00214161 0.0359518 1.72721
134 0.0264523 0.0176197 0.65747
135 0.002142 0.0334724 1.71315
136 0.0252527 0.0156769 0.672812
137 0.00214239 0.030993 1.6889
138 0.0239698 0.0138677 0.686117
139 0.00214278 0.0285136 1.65435
140 0.0223886 0.0122047 0.706626
141 0.00214316 0.0260342 1.60955
142 0.0206202 0.010815 0.732842
143 0.00214355 0.0235547 1.55478
144 0.0186971 0.00951888 0.758159
145 0.00214394 0.0210753 1.49053
146 0.0166526 0.00831136 0.780727
147 0.00214433 0.0185959 1.41761
148 0.0145436 0.00722141 0.7997
149 0.00214471 0.0161165 1.33702
150 0.0123418 0.00623496 0.815508
151 0.0021451 0.0136371 1.2499
152 0.0100757 0.00535397 0.827561
153 0.00215006 0.0110637 1.15375
154 0.00774895 0.00456209 0.83486
155 0.00220245 0.00844246 1.05071
156 0.00502316 0.00427729 0.858717
157 0.00246163 0.00575052 0.939908
158 0.00247163 0.0032719 0.834417
159 0.00926382 0.0755538 0.810102
160 0.0116741 0.0742204 0.780758
161 0.0136739 0.0715527 0.781596
162 0.00718375 0.0767291 0.818767
163 0.00507943 0.0784057 0.796663
164 0.0144718 0.0689514 0.813933
165 0.0151915 0.0665201 0.840623
166 0.0158156 0.0640015 0.871499
167 0.016531 0.0614389 0.89641
168 0.0173409 0.0588599 0.914475
169 0.0182818 0.0563096 0.922347
170 0.0193746 0.0538387 0.916989
171 0.0042143 0.0739758 0.955966
172 0.0205783 0.0514434 0.900632
173 0.00448269 0.0718811 1.02172
174 0.021746 0.0491621 0.880968
175 0.00434944 0.0694003 1.1037
176 0.0229025 0.0469352 0.85744
177 0.00429111 0.0669448 1.18203
178 0.0239239 0.0448076 0.836098
179 0.0042915 0.0644654 1.25787
180 0.0249038 0.0426574 0.813135
181 0.00429189 0.061986 1.33041
182 0.025747 0.0405265 0.79273
183 0.00429228 0.0595066 1.39878
184 0.0264838 0.0384063 0.772822
185 0.00429266 0.0570271 1.46211
186 0.027111 0.0363163 0.753207
187 0.00429305 0.0545477 1.51972
188 0.0274712 0.034161 0.743207
189 0.00429344 0.0520683 1.57096
190 0.0276484 0.032104 0.736842
191 0.00429383 0.0495889 1.61522
192 0.0276805 0.0299318 0.732455
193 0.00429422 0.0471095 1.65194
194 0.0274131 0.0278012 0.737741
195 0.0042946 0.0446301 1.68057
196 0.0270764 0.025688 0.740058
197 0.00429499 0.0421507 1.70061
198 0.0266824 0.0235788 0.738641
199 0.00429538 0.0396713 1.71158
200 0.0259772 0.0215091 0.746585
201 0.00429577 0.0371918 1.71306
202 0.024967 0.019613 0.764764
203 0.00429615 0.0347124 1.70467
204 0.0238652 0.0177586 0.780151
205 0.00429654 0.032233 1.68615
206 0.0227304 0.0160137 0.791271
207 0.00429693 0.0297536 1.65731
208 0.0218972 0.0142498 0.781639
209 0.00429732 0.0272742 1.61813
210 0.0202226 0.0132923 0.821241
211 0.0042977 0.0247948 1.56875
212 0.0184185 0.0120355 0.849318
213 0.00429809 0.0223154 1.50956
214 0.0165641 0.0108468 0.872155
215 0.00429848 0.019836 1.44122
216 0.014587 0.00974848 0.892691
217 0.00429887 0.0173566 1.36465
218 0.0124977 0.00878293 0.911738
219 0.00429926 0.0148771 1.28096
220 0.0103703 0.00786095 0.923848
221 0.00428911 0.0123181 1.18841
222 0.00825383 0.0069906 0.928285
223 0.00426294 0.00970479 1.08849
224 0.00631416 0.00623346 0.92555
225 0.00426973 0.00696939 0.978408
226 0.0202508 0.0157964 0.888344
227 0.0094001 0.0733663 0.873757
228 0.00683642 0.0736797 0.925203
229 0.0107478 0.0715416 0.888489
230 0.0118404 0.0694256 0.910701
231 0.0127625 0.067113 0.936834
232 0.0132988 0.0646554 0.978959
233 0.0139901 0.0621329 1.01239
234 0.0148226 0.0594754 1.03783
235 0.0156577 0.0567569 1.0607
236 0.016704 0.0541475 1.06506
237 0.0179327 0.0516799 1.05099
238 0.0191209 0.0493572 1.03163
239 0.00645037 0.0706692 1.02839
240 0.0203273 0.0471087 1.00537
241 0.00654807 0.0681229 1.10578
242 0.021429 0.0449494 0.979188
243 0.00650311 0.0656183 1.18305
244 0.0224165 0.0428683 0.953868
245 0.00647291 0.0631884 1.2552
246 0.0232921 0.0407863 0.930291
247 0.0064189 0.0607454 1.32512
248 0.0240322 0.0387141 0.909269
249 0.00641315 0.0582577 1.391
250 0.0247142 0.0367513 0.885419
251 0.00644721 0.0557878 1.45048
252 0.0254707 0.0348761 0.851882
253 0.00644759 0.0533084 1.50532
254 0.0252748 0.0329285 0.867071
255 0.00644798 0.050829 1.55377
256 0.0258116 0.0310484 0.836303
257 0.00644837 0.0483495 1.59517
258 0.0254019 0.0290739 0.851936
259 0.00644876 0.0458701 1.6289
260 0.0250361 0.0270969 0.858607
261 0.00644914 0.0433907 1.65438
262 0.0247543 0.0251208 0.854503
263 0.00644953 0.0409113 1.67109
264 0.0245922 0.0231441 0.838037
265 0.00644992 0.0384319 1.67849
266 0.0235076 0.0214964 0.866339
267 0.00645031 0.0359525 1.6762
268 0.0224317 0.0196886 0.883873
269 0.0064507 0.0334731 1.66385
270 0.021227 0.0178323 0.897692
271 0.00645108 0.0309937 1.64122
272 0.00645147 0.0285142 1.60818
273 0.0181708 0.0147205 0.938473
274 0.00645186 0.0260348 1.5648
275 0.00645225 0.0235554 1.51137
276 0.0164203 0.0133595 0.958481
277 0.00645263 0.021076 1.44841
278 0.0145601 0.0122039 0.978895
279 0.00645302 0.0185966 1.37675
280 0.0126031 0.0112964 1.00155
281 0.00646986 0.0160578 1.29517
282 0.010538 0.0103773 1.01715
283 0.00643837 0.013509 1.20712
284 0.00840958 0.00945983 1.02402
285 0.0063781 0.0109644 1.1137
286 0.00630209 0.00849484 1.01826
287 0.00835436 0.0715456 0.957226
288 0.00894622 0.0693038 1.01034
289 0.0105845 0.0676001 1.00677
290 0.0108956 0.0654738 1.05612
291 0.0111868 0.0628022 1.11896
292 0.0123596 0.0602066 1.13726
293 0.0130657 0.0574776 1.17402
294 0.01376 0.0544641 1.21286
295 0.0152787 0.0519076 1.19147
296 0.0164602 0.0494837 1.17835
297 0.0177423 0.0472143 1.15043
298 0.0188962 0.0450661 1.12201
299 0.00866951 0.0666916 1.0955
300 0.0199162 0.043006 1.09474
301 0.00875084 0.0642878 1.16289
302 0.0208275 0.0409949 1.0681
303 0.00860058 0.0619866 1.23214
304 0.0216451 0.0389668 1.04193
305 0.00844312 0.0594985 1.30386
306 0.0223076 0.0368139 1.02011
307 0.00862037 0.0570237 1.36106
308 0.0229769 0.0343518 0.992511
309 0.00872953 0.0545648 1.41514
310 0.00873824 0.0520671 1.46774
311 0.0232678 0.0311325 0.974762
312 0.00871263 0.0495867 1.51463
313 0.00869968 0.0471177 1.55384
314 0.0230094 0.0285702 0.975526
315 0.0086799 0.0446356 1.58562
316 0.0226005 0.0263016 0.976526
317 0.00866924 0.0421646 1.60866
318 0.0222094 0.023934 0.966577
319 0.00860407 0.0396719 1.62427
320 0.00860446 0.0371925 1.62847
321 0.00860485 0.0347131 1.62273
322 0.0198606 0.0197609 0.998619
323 0.00860524 0.0322337 1.60676
324 0.00860562 0.0297543 1.58038
325 0.00860601 0.0272749 1.54356
326 0.0160321 0.0159477 1.04961
327 0.0086064 0.0247955 1.49649
328 0.00860679 0.0223161 1.43961
329 0.014574 0.0143726 1.04893
330 0.00865035 0.0197969 1.3716
331 0.0126649 0.0138628 1.08824
332 0.00866139 0.0171929 1.29326
333 0.0106328 0.0129768 1.1092
334 0.0086148 0.0146428 1.21013
335 0.00851253 0.012014 1.11866
336 0.0210654 0.0216981 0.983863
337 0.0183097 0.0176538 1.01288
338 0.0102281 0.060633 1.21266
339 0.0106129 0.0583217 1.25832
340 0.0110296 0.0558528 1.30231
341 0.0129566 0.0520527 1.30246
342 0.0135724 0.0495518 1.32411
343 0.0151764 0.0471688 1.28714
344 0.016306 0.0451207 1.26161
345 0.0174036 0.0430565 1.23193
346 0.0183496 0.0411482 1.2032
347 0.0192296 0.0392369 1.17313
348 0.0202096 0.0373618 1.13227
349 0.0201678 0.0352277 1.143
350 0.0203729 0.0324891 1.13252
351 0.011052 0.0533773 1.35736
352 0.0110563 0.0507495 1.41057
353 0.0211512 0.0299406 1.08085
354 0.0109603 0.0483744 1.45672
355 0.0109354 0.045891 1.49458
356 0.0205462 0.0279045 1.09589
357 0.0110004 0.043452 1.52106
358 0.0200161 0.0256436 1.09558
359 0.0108733 0.0409255 1.54648
360 0.010853 0.0384283 1.55841
361 0.010759 0.0359532 1.56288
362 0.0107594 0.0334737 1.55406
363 0.0107598 0.0309943 1.53482
364 0.0107602 0.0285149 1.50508
365 0.0107606 0.0260355 1.46497
366 0.0131872 0.0165784 1.16
367 0.0107609 0.0235561 1.41481
368 0.010878 0.0210146 1.35053
369 0.0109349 0.0183376 1.27518
370 0.0107821 0.0156607 1.19633
371 0.0198315 0.0235032 1.07137
372 0.0175398 0.01992 1.09758
373 0.0185056 0.02186 1.10016
374 0.0154718 0.0186072 1.14269
375 0.0128704 0.0471522 1.3964
376 0.0135107 0.0448638 1.40194
377 0.0152024 0.0431708 1.3424
378 0.0156392 0.0410206 1.34418
379 0.0171299 0.0394088 1.28181
380 0.00294326 0.0803156 0.752388
381 0.0177399 0.0368326 1.26545
382 0.0177925 0.0341597 1.26614
383 0.0190271 0.0298771 1.18748
384 0.0131586 0.0421547 1.44716
385 0.0131404 0.0396791 1.46657
386 0.0130799 0.0371208 1.47801
387 0.0130499 0.0346431 1.47782
388 0.0129627 0.0321865 1.46949
389 0.0129508 0.0297093 1.44766
390 0.0129617 0.027273 1.41518
391 0.0129082 0.024886 1.37606
392 0.0132463 0.019746 1.24766
393 0.0130639 0.022404 1.31865
394 0.0174886 0.03176 1.27361
395 0.0177638 0.0273606 1.22279
396 0.017418 0.0243077 1.19282
397 0.0157093 0.0216866 1.20969
398 0.0152501 0.0383601 1.38003
399 0.0154669 0.0356901 1.37696
400 0.0150736 0.030917 1.37614
401 0.015175 0.0283812 1.34627
