1 0 0 5.11398
2 -1.31814e-05 0.0843 4.28531
3 0.00145398 0.000383755 5.36729
4 0.00290796 0.000767511 5.48876
5 0.00436194 0.00115127 5.54627
6 0.00580542 0.00157128 5.57313
7 0.00723935 0.00202425 5.58509
8 0.00867327 0.00247723 5.56211
9 0.0101057 0.00293444 5.4991
10 0.011511 0.00346975 5.44632
11 0.0129163 0.00400505 5.35683
12 0.0143008 0.00458986 5.25817
13 0.0156682 0.00521555 5.14871
14 0.0170338 0.0058449 4.99665
15 0.0183598 0.00655418 4.84735
16 0.0196515 0.00732349 4.6924
17 0.0209111 0.00814389 4.52492
18 0.0221353 0.00901624 4.34147
19 0.0233014 0.00996451 4.16024
20 0.0244063 0.0109839 3.98246
21 0.0254507 0.0120649 3.80241
22 0.026414 0.0132187 3.63654
23 0.0273025 0.0144315 3.47931
24 0.0281059 0.015702 3.33872
25 0.0288241 0.0170229 3.21733
26 0.0294652 0.0183827 3.11066
27 0.0300347 0.0197739 3.01583
28 0.0305352 0.0211914 2.93171
29 0.0309674 0.0226313 2.85851
30 0.0313341 0.0240893 2.79451
31 0.031634 0.0255625 2.74059
32 0.0318663 0.0270478 2.69734
33 0.0320277 0.0285425 2.66685
34 0.0321152 0.0300433 2.6511
35 0.0321258 0.0315467 2.6521
36 0.0320565 0.0330484 2.67197
37 0.0319072 0.0345444 2.71091
38 0.0316773 0.0360301 2.76991
39 0.0313712 0.0375021 2.84642
40 0.0309916 0.0389569 2.93982
41 0.0305466 0.040393 3.0455
42 0.0300417 0.0418092 3.16167
43 0.0294864 0.0432066 3.28338
44 0.0288878 0.0445859 3.40836
45 0.0282551 0.0459499 3.53209
46 0.0275956 0.0473013 3.65229
47 0.0269175 0.0486435 3.76573
48 0.0262282 0.04998 3.86976
49 0.0255352 0.0513146 3.96196
50 0.024846 0.0526511 4.03957
51 0.0241682 0.0539934 4.09989
52 0.0235091 0.055345 4.14078
53 0.0228779 0.0567099 4.15804
54 0.0222818 0.0580905 4.15012
55 0.0217306 0.0594895 4.11323
56 0.0212259 0.060906 4.05066
57 0.0207751 0.0623405 3.95954
58 0.020373 0.0637895 3.84801
59 0.0200202 0.0652512 3.71628
60 0.019697 0.0667198 3.5811
61 0.0193903 0.0681919 3.44793
62 0.0190668 0.0696604 3.33733
63 0.0186921 0.0711166 3.2634
64 0.0182242 0.0725448 3.24364
65 0.0176169 0.07392 3.29381
66 0.0168718 0.0752244 3.39566
67 0.015943 0.0764058 3.56806
68 0.0149078 0.0774954 3.74109
69 0.0137551 0.0784598 3.93247
70 0.0125067 0.0792978 4.12633
71 0.0112177 0.0800706 4.28217
72 0.0098908 0.0807761 4.41161
73 0.00852814 0.0814117 4.51906
74 0.00712256 0.0819462 4.61746
75 0.00571697 0.0824807 4.65425
76 0.00431062 0.0830129 4.64376
77 0.00286935 0.0834419 4.62442
78 0.00142808 0.083871 4.52719
79 -1.29461e-05 0.0827946 5.02001
80 -1.27107e-05 0.0812893 5.72229
81 -1.24753e-05 0.0797839 6.39432
82 -1.22399e-05 0.0782786 7.03656
83 -1.20045e-05 0.0767732 7.6505
84 -1.17691e-05 0.0752679 8.24538
85 -1.15338e-05 0.0737625 8.82608
86 -1.12984e-05 0.0722571 9.3918
87 -1.1063e-05 0.0707518 9.93976
88 -1.08276e-05 0.0692464 10.4677
89 -1.05922e-05 0.0677411 10.9746
90 -1.03569e-05 0.0662357 11.46
91 -1.01215e-05 0.0647304 11.9237
92 -9.88609e-06 0.063225 12.366
93 -9.6507e-06 0.0617196 12.7866
94 -9.41532e-06 0.0602143 13.1857
95 -9.17994e-06 0.0587089 13.5629
96 -8.94455e-06 0.0572036 13.9181
97 -8.70917e-06 0.0556982 14.2508
98 -8.47379e-06 0.0541929 14.5607
99 -8.2384e-06 0.0526875 14.847
100 -8.00302e-06 0.0511821 15.1093
101 -7.76764e-06 0.0496768 15.3467
102 -7.53226e-06 0.0481714 15.5587
103 -7.29687e-06 0.0466661 15.7444
104 -7.06149e-06 0.0451607 15.903
105 -6.82611e-06 0.0436554 16.0337
106 -6.59072e-06 0.04215 16.1356
107 -6.35534e-06 0.0406446 16.2081
108 -6.11996e-06 0.0391393 16.2502
109 -5.88457e-06 0.0376339 16.2612
110 -5.64919e-06 0.0361286 16.2403
111 -5.41381e-06 0.0346232 16.1867
112 -5.17843e-06 0.0331179 16.0998
113 -4.94304e-06 0.0316125 15.9787
114 -4.70766e-06 0.0301071 15.8229
115 -4.47228e-06 0.0286018 15.6318
116 -4.23689e-06 0.0270964 15.4046
117 -4.00151e-06 0.0255911 15.141
118 -3.76613e-06 0.0240857 14.8404
119 -3.53074e-06 0.0225804 14.5023
120 -3.29536e-06 0.021075 14.1263
121 -3.05998e-06 0.0195696 13.712
122 -2.8246e-06 0.0180643 13.2594
123 -2.58921e-06 0.0165589 12.7683
124 -2.35383e-06 0.0150536 12.2388
125 -2.11845e-06 0.0135482 11.672
126 -1.88306e-06 0.0120429 11.0694
127 -1.64768e-06 0.0105375 10.4342
128 -1.4123e-06 0.00903214 9.77036
129 -1.17691e-06 0.00752679 9.07988
130 -9.41532e-07 0.00602143 8.36032
131 -7.06149e-07 0.00451607 7.60573
132 -4.70766e-07 0.00301071 6.81216
133 -2.35383e-07 0.00150536 5.98058
134 0.0156832 0.0315843 12.6803
135 0.0155569 0.0300035 12.6231
136 0.0154277 0.028502 12.5311
137 0.0153059 0.0341746 12.9343
138 0.010337 0.0706495 8.13148
139 0.0133917 0.0768838 4.72147
140 0.0122982 0.0777205 4.8689
141 0.0143821 0.0759369 4.59183
142 0.0111045 0.0784578 5.02775
143 0.0152951 0.0749809 4.43602
144 0.00985471 0.0791543 5.15826
145 0.0160907 0.0738491 4.3378
146 0.00858857 0.0798203 5.24452
147 0.01668 0.0726346 4.33752
148 0.00729128 0.0804049 5.31441
149 0.0171717 0.0713437 4.38147
150 0.00589638 0.0809245 5.3763
151 0.0175775 0.0699867 4.47409
152 0.00443674 0.0814159 5.40302
153 0.0179354 0.0685896 4.59384
154 0.00286629 0.0817823 5.43269
155 0.0182658 0.0671857 4.72772
156 0.00144704 0.0822631 5.30792
157 0.0185944 0.065704 4.88618
158 0.0189432 0.0642136 5.03916
159 0.0193354 0.0627234 5.16912
160 0.0197721 0.061244 5.27419
161 0.0015934 0.0806169 6.05962
162 0.0202614 0.0597813 5.34607
163 0.00128116 0.0790034 6.75932
164 0.0208032 0.0583355 5.38367
165 0.00127416 0.0775089 7.3726
166 0.0213894 0.0569094 5.39097
167 0.00129179 0.0760207 7.96272
168 0.0220119 0.0555078 5.3699
169 0.00129203 0.0745154 8.54927
170 0.022673 0.0541026 5.32442
171 0.00129226 0.07301 9.12499
172 0.0233437 0.0527518 5.25346
173 0.0012925 0.0715047 9.68451
174 0.02403 0.0513966 5.16838
175 0.00129273 0.0699993 10.224
176 0.0247222 0.0500562 5.0656
177 0.00129297 0.068494 10.7421
178 0.0254069 0.0487269 4.95292
179 0.0012932 0.0669886 11.2383
180 0.0260852 0.047392 4.83058
181 0.00129344 0.0654832 11.7128
182 0.0267443 0.0460629 4.70104
183 0.00129367 0.0639779 12.1658
184 0.0273745 0.04473 4.571
185 0.00129391 0.0624725 12.5972
186 0.0279815 0.0433792 4.43611
187 0.00129414 0.0609672 13.0072
188 0.0285226 0.0420368 4.31955
189 0.00129438 0.0594618 13.3955
190 0.0290172 0.0406765 4.20984
191 0.00129462 0.0579565 13.762
192 0.0294676 0.0393025 4.10167
193 0.00129485 0.0564511 14.1063
194 0.0298594 0.0379121 4.00429
195 0.00129509 0.0549457 14.428
196 0.0301849 0.0365115 3.92093
197 0.00129532 0.0534404 14.7266
198 0.0304408 0.0350965 3.85327
199 0.00129556 0.051935 15.0015
200 0.0306201 0.033675 3.80495
201 0.00129579 0.0504297 15.252
202 0.0307256 0.0322445 3.77347
203 0.00129603 0.0489243 15.4774
204 0.0307564 0.0308121 3.75877
205 0.00129626 0.047419 15.6769
206 0.0307103 0.0293782 3.76234
207 0.0012965 0.0459136 15.8497
208 0.0305944 0.0279486 3.77884
209 0.00129673 0.0444082 15.9951
210 0.0304112 0.0265238 3.80638
211 0.00129697 0.0429029 16.1122
212 0.0301577 0.0251091 3.84735
213 0.0012972 0.0413975 16.2001
214 0.0298372 0.023708 3.89949
215 0.00129744 0.0398922 16.2581
216 0.0294554 0.0223245 3.9586
217 0.00129768 0.0383868 16.2854
218 0.0290114 0.0209613 4.02512
219 0.00129791 0.0368815 16.2811
220 0.0285038 0.0196242 4.10012
221 0.00129815 0.0353761 16.2445
222 0.0279276 0.018317 4.18656
223 0.00129838 0.0338707 16.1748
224 0.0272758 0.0170517 4.29001
225 0.00129862 0.0323654 16.0714
226 0.0265646 0.0158276 4.39706
227 0.00129885 0.03086 15.9336
228 0.0257746 0.0146574 4.52147
229 0.00129909 0.0293547 15.7606
230 0.0249006 0.0135322 4.66121
231 0.00129932 0.0278493 15.552
232 0.0239442 0.0124837 4.82292
233 0.00129956 0.026344 15.3071
234 0.022919 0.0115092 4.99759
235 0.00129979 0.0248386 15.0254
236 0.0218397 0.0105771 5.16519
237 0.00130003 0.0233332 14.7064
238 0.020711 0.00971038 5.33178
239 0.00130026 0.0218279 14.3496
240 0.0195198 0.0089137 5.50693
241 0.0013005 0.0203225 13.9548
242 0.0182914 0.00815685 5.66804
243 0.00130074 0.0188172 13.5215
244 0.0170444 0.00742776 5.80252
245 0.00130097 0.0173118 13.0495
246 0.0157677 0.00677297 5.93713
247 0.00130121 0.0158065 12.5388
248 0.0144294 0.00617568 6.07786
249 0.00130144 0.0143011 11.9896
250 0.0130875 0.00559654 6.18835
251 0.00130168 0.0127957 11.4026
252 0.0117014 0.0050162 6.26927
253 0.00130191 0.0112904 10.7802
254 0.0103372 0.00448207 6.32938
255 0.00130215 0.00978503 10.127
256 0.00894809 0.00401055 6.39023
257 0.00130238 0.00827967 9.44971
258 0.00753655 0.00358736 6.44154
259 0.00131725 0.00671041 8.71971
260 0.00612967 0.0031553 6.44736
261 0.00134628 0.00512579 7.94949
262 0.00469888 0.0027197 6.41464
263 0.00149057 0.00348171 7.10383
264 0.003035 0.00257238 6.52096
265 0.00148591 0.00197798 6.28325
266 0.0120476 0.0762651 5.5311
267 0.0130226 0.0754239 5.42304
268 0.0109755 0.0769721 5.67231
269 0.0138718 0.0745309 5.33615
270 0.00982852 0.0776713 5.78627
271 0.0147891 0.0737744 5.11118
272 0.00861862 0.0783105 5.88703
273 0.0152378 0.072675 5.21563
274 0.00737402 0.0788884 5.96587
275 0.0157253 0.0715178 5.27967
276 0.00609618 0.0794408 6.0071
277 0.0161088 0.0702565 5.41283
278 0.00476613 0.0799857 6.00577
279 0.0164774 0.0689324 5.55296
280 0.00323103 0.0805292 5.96865
281 0.0168241 0.0675529 5.70846
282 0.0171602 0.0661235 5.87741
283 0.0174998 0.0646408 6.05639
284 0.0178744 0.0631209 6.22223
285 0.0182955 0.0616 6.35816
286 0.0187676 0.0600897 6.45806
287 0.0192982 0.0585959 6.51452
288 0.00253948 0.078215 7.01924
289 0.0198743 0.0571254 6.53464
290 0.00257968 0.0767736 7.59576
291 0.0205004 0.0556736 6.51519
292 0.00258612 0.0752773 8.18183
293 0.0211556 0.0542481 6.46768
294 0.00259396 0.0737629 8.76542
295 0.021841 0.0528476 6.38897
296 0.0025942 0.0722576 9.33285
297 0.0225191 0.0514829 6.3008
298 0.00259443 0.0707522 9.88182
299 0.0232179 0.0501283 6.187
300 0.00259467 0.0692468 10.4099
301 0.0239119 0.0487978 6.05901
302 0.00259491 0.0677415 10.9163
303 0.0245892 0.0474716 5.92813
304 0.00259514 0.0662361 11.4012
305 0.0252586 0.0461541 5.78347
306 0.00259538 0.0647308 11.8646
307 0.0258971 0.0448469 5.63872
308 0.00259561 0.0632254 12.3067
309 0.0264797 0.0435364 5.51228
310 0.00259585 0.0617201 12.7274
311 0.0270244 0.0422268 5.38764
312 0.00259608 0.0602147 13.1269
313 0.0275312 0.0409109 5.26442
314 0.00259632 0.0587093 13.5048
315 0.0279889 0.0395887 5.14864
316 0.00259655 0.057204 13.8609
317 0.0283914 0.0382583 5.04319
318 0.00259679 0.0556986 14.1948
319 0.0287338 0.0369209 4.95018
320 0.00259702 0.0541933 14.506
321 0.0290112 0.0355741 4.87211
322 0.00259726 0.0526879 14.7939
323 0.0292186 0.0342213 4.81141
324 0.00259749 0.0511826 15.0579
325 0.0293557 0.0328618 4.76758
326 0.00259773 0.0496772 15.2972
327 0.0294178 0.0314978 4.7433
328 0.00259797 0.0481718 15.5111
329 0.0294106 0.0301317 4.73387
330 0.0025982 0.0466665 15.6988
331 0.0293341 0.0287654 4.73905
332 0.00259844 0.0451611 15.8594
333 0.0291947 0.027403 4.75387
334 0.00259867 0.0436558 15.9922
335 0.0289866 0.0260459 4.78217
336 0.00259891 0.0421504 16.0963
337 0.0287135 0.0246996 4.8212
338 0.00259914 0.0406451 16.1708
339 0.0283734 0.0233695 4.87237
340 0.00259938 0.0391397 16.2149
341 0.0279793 0.0220579 4.92673
342 0.00259961 0.0376343 16.2278
343 0.027529 0.0207708 4.98583
344 0.00259985 0.036129 16.2088
345 0.0270259 0.0195111 5.04746
346 0.00260008 0.0346236 16.157
347 0.0264447 0.0182865 5.12806
348 0.00260032 0.0331183 16.0718
349 0.0257794 0.0171132 5.23313
350 0.00260055 0.0316129 15.9524
351 0.0250745 0.0159895 5.33448
352 0.00260079 0.0301076 15.7982
353 0.0243508 0.0148812 5.40997
354 0.00260103 0.0286022 15.6085
355 0.0234627 0.0138483 5.55663
356 0.00260126 0.0270968 15.3828
357 0.0225164 0.012933 5.72921
358 0.0026015 0.0255915 15.1205
359 0.0215248 0.0120267 5.88428
360 0.00260173 0.0240861 14.821
361 0.0204683 0.0111799 6.04763
362 0.00260197 0.0225808 14.4839
363 0.0193607 0.0103917 6.21285
364 0.0026022 0.0210754 14.1087
365 0.0182066 0.00964229 6.37033
366 0.00260244 0.0195701 13.6952
367 0.0170148 0.00893185 6.5163
368 0.00260267 0.0180647 13.243
369 0.0157903 0.00827572 6.65582
370 0.00260291 0.0165593 12.752
371 0.0145275 0.00766656 6.7888
372 0.00260314 0.015054 12.222
373 0.0132256 0.00707997 6.90479
374 0.00260338 0.0135486 11.6536
375 0.0118966 0.00651649 6.99975
376 0.00260361 0.0120433 11.048
377 0.0105504 0.00598494 7.07563
378 0.00258733 0.0105127 10.3986
379 0.00918378 0.00551002 7.14577
380 0.00258393 0.00898029 9.71937
381 0.00779526 0.00509542 7.21161
382 0.00261283 0.00743866 9.01138
383 0.00640961 0.00467528 7.23313
384 0.00262297 0.00586327 8.26031
385 0.00508262 0.00418478 7.16783
386 0.00261218 0.00418973 7.41874
387 0.00248197 0.0794929 6.48769
388 0.011845 0.0749832 6.0739
389 0.0108034 0.0754739 6.29595
390 0.0125178 0.0739854 6.14247
391 0.00976668 0.0762029 6.3775
392 0.0135813 0.0728882 6.01923
393 0.00862811 0.0768794 6.45919
394 0.00743383 0.0773898 6.5692
395 0.00621047 0.0779274 6.62211
396 0.0146442 0.0705148 6.19952
397 0.00499354 0.0784842 6.61337
398 0.0150058 0.0692459 6.36922
399 0.0153758 0.0678933 6.54131
400 0.0157232 0.0665158 6.72156
401 0.0160604 0.0650457 6.92586
402 0.016414 0.0635386 7.12428
403 0.0168063 0.0619957 7.30346
404 0.0172539 0.0604379 7.44671
405 0.0177634 0.0588959 7.54046
406 0.0183322 0.0573769 7.58392
407 0.00379985 0.0775971 7.14484
408 0.0189506 0.0558847 7.58232
409 0.00384885 0.0760847 7.7376
410 0.0196127 0.0544153 7.54008
411 0.00388443 0.0745494 8.32744
412 0.0203 0.0529754 7.46719
413 0.00389891 0.0730448 8.89767
414 0.0210057 0.0515817 7.36191
415 0.00390444 0.0715275 9.45834
416 0.0217029 0.0502043 7.24963
417 0.00389637 0.0699997 10.0047
418 0.0224129 0.0488621 7.10807
419 0.00389661 0.0684944 10.5208
420 0.0230987 0.0475465 6.96344
421 0.00389684 0.066989 11.0154
422 0.023776 0.0462297 6.80931
423 0.00389708 0.0654836 11.4889
424 0.0243886 0.0449506 6.6733
425 0.00389731 0.0639783 11.9412
426 0.0249833 0.0436645 6.53122
427 0.00389755 0.0624729 12.3726
428 0.0255341 0.0423844 6.39616
429 0.00389778 0.0609676 12.783
430 0.0260535 0.0411056 6.25891
431 0.00389802 0.0594622 13.1723
432 0.0265204 0.0398276 6.13244
433 0.00389825 0.0579569 13.5403
434 0.0269343 0.0385488 6.01631
435 0.00389849 0.0564515 13.8867
436 0.0272922 0.0372687 5.91158
437 0.00389873 0.0549461 14.2108
438 0.027589 0.0359854 5.82126
439 0.00389896 0.0534408 14.5122
440 0.0278199 0.0346991 5.74791
441 0.0038992 0.0519354 14.7902
442 0.0279833 0.0334097 5.69204
443 0.00389943 0.0504301 15.044
444 0.0280766 0.0321169 5.65489
445 0.00389967 0.0489247 15.2729
446 0.0281034 0.0308188 5.6333
447 0.0038999 0.0474194 15.4761
448 0.028066 0.0295181 5.6251
449 0.00390014 0.045914 15.6527
450 0.0279634 0.0282169 5.63017
451 0.00390037 0.0444086 15.8019
452 0.0277969 0.0269194 5.64716
453 0.00390061 0.0429033 15.9228
454 0.0275667 0.0256304 5.67558
455 0.00390084 0.0413979 16.0145
456 0.027273 0.0243533 5.71488
457 0.00390108 0.0398926 16.0762
458 0.0269209 0.0230906 5.7613
459 0.00390131 0.0383872 16.1071
460 0.0265149 0.0218501 5.8123
461 0.00390155 0.0368819 16.1063
462 0.0260708 0.0206372 5.85867
463 0.00390179 0.0353765 16.0732
464 0.0256038 0.0194526 5.89145
465 0.00390202 0.0338711 16.0068
466 0.0249941 0.0183089 5.98284
467 0.00390226 0.0323658 15.9065
468 0.0242906 0.017257 6.11446
469 0.00390249 0.0308604 15.7717
470 0.0236364 0.0161958 6.18085
471 0.00390273 0.0293551 15.6015
472 0.0230608 0.0150714 6.15028
473 0.00390296 0.0278497 15.3956
474 0.0220307 0.0143306 6.43651
475 0.0039032 0.0263444 15.1531
476 0.0211759 0.0134306 6.54686
477 0.00390343 0.024839 14.8736
478 0.0201877 0.0125833 6.69853
479 0.00390367 0.0233336 14.5567
480 0.0191462 0.0118476 6.87549
481 0.0039039 0.0218283 14.2017
482 0.0180746 0.0111087 7.02545
483 0.00390414 0.0203229 13.8084
484 0.0169494 0.010396 7.16743
485 0.00390437 0.0188176 13.3764
486 0.0157774 0.00974818 7.31386
487 0.00390461 0.0173122 12.9054
488 0.0145675 0.00915103 7.45629
489 0.00390485 0.0158069 12.3952
490 0.0133199 0.00856886 7.57883
491 0.00392805 0.0142772 11.8348
492 0.0120449 0.00799921 7.67631
493 0.00394546 0.0127377 11.2314
494 0.0107559 0.00745497 7.75073
495 0.00391186 0.0112091 10.5998
496 0.00943069 0.00697358 7.82536
497 0.00382274 0.00970663 9.95327
498 0.00806316 0.00657725 7.91121
499 0.0038853 0.00817824 9.25805
500 0.00664704 0.00623477 7.991
501 0.00396944 0.00666008 8.54011
502 0.00524211 0.0057534 7.95527
503 0.00387893 0.00510419 7.78353
504 0.00385457 0.00373913 7.07345
505 0.0144005 0.0717445 5.95591
506 0.0037802 0.0790683 6.54027
507 0.0108726 0.0738426 6.84976
508 0.00954231 0.0746661 7.01513
509 0.00866169 0.0755886 6.93916
510 0.00749484 0.075913 7.12825
511 0.00628793 0.0763957 7.21482
512 0.00504484 0.0769771 7.21559
513 0.0135005 0.0696082 7.07033
514 0.0139294 0.068255 7.25332
515 0.0142848 0.0668678 7.46923
516 0.0146191 0.0654445 7.69462
517 0.0149622 0.063955 7.9226
518 0.015322 0.0624229 8.14277
519 0.0157304 0.0608324 8.3403
520 0.0162074 0.0592333 8.48771
521 0.0167627 0.0576601 8.56807
522 0.0173773 0.0561178 8.59188
523 0.0180384 0.0546122 8.56577
524 0.00512736 0.075427 7.80519
525 0.0187331 0.0531438 8.49796
526 0.00518823 0.0738847 8.38203
527 0.0194518 0.0517043 8.39662
528 0.00521722 0.0723319 8.95635
529 0.0201751 0.0502961 8.27326
530 0.00520881 0.0707799 9.51968
531 0.0209012 0.0489213 8.12734
532 0.00519831 0.0692472 10.0558
533 0.0216114 0.0476078 7.96352
534 0.00519854 0.0677419 10.5595
535 0.0222911 0.0462984 7.80424
536 0.00519878 0.0662365 11.0423
537 0.0229022 0.0450338 7.66447
538 0.00519902 0.0647312 11.5043
539 0.0234984 0.0437685 7.51662
540 0.00519925 0.0632258 11.9459
541 0.0240559 0.0425108 7.37333
542 0.00519949 0.0617205 12.3671
543 0.0245749 0.041263 7.23267
544 0.00519972 0.0602151 12.7676
545 0.0250525 0.0400225 7.0961
546 0.00519996 0.0587097 13.1475
547 0.0254807 0.0387877 6.96843
548 0.00520019 0.0572044 13.5063
549 0.0258518 0.0375568 6.85435
550 0.00520043 0.055699 13.8436
551 0.0261703 0.0363329 6.74989
552 0.00520066 0.0541937 14.1588
553 0.0264226 0.0351084 6.66479
554 0.0052009 0.0526883 14.4512
555 0.0266078 0.033886 6.59858
556 0.00520113 0.051183 14.7201
557 0.0267239 0.0326647 6.55247
558 0.00520137 0.0496776 14.9647
559 0.0267835 0.031439 6.51738
560 0.0052016 0.0481722 15.184
561 0.0267792 0.0302065 6.49741
562 0.00520184 0.0466669 15.3773
563 0.0267166 0.0289712 6.48784
564 0.00520208 0.0451615 15.5437
565 0.0265852 0.0277348 6.49475
566 0.00520231 0.0436562 15.6822
567 0.0263981 0.0265034 6.50901
568 0.00520255 0.0421508 15.7919
569 0.0261461 0.0252794 6.53593
570 0.00520278 0.0406455 15.872
571 0.02584 0.0240658 6.56818
572 0.00520302 0.0391401 15.9216
573 0.0254652 0.0228667 6.61435
574 0.00520325 0.0376347 15.9399
575 0.0250536 0.0216924 6.65602
576 0.00520349 0.0361294 15.9261
577 0.0246321 0.0205473 6.67844
578 0.00520372 0.034624 15.8793
579 0.0243387 0.0193772 6.59268
580 0.00520396 0.0331187 15.7989
581 0.0235204 0.018519 6.8435
582 0.00520419 0.0316133 15.684
583 0.0227563 0.0173494 6.95046
584 0.00520443 0.030108 15.5341
585 0.0101629 0.0616447 10.9586
586 0.00520466 0.0286026 15.3485
587 0.0102851 0.069303 8.59761
588 0.0052049 0.0270972 15.1266
589 0.0207235 0.0148603 7.22263
590 0.00520514 0.0255919 14.8678
591 0.019993 0.0138402 7.21835
592 0.00520537 0.0240865 14.5715
593 0.0188933 0.0132896 7.5026
594 0.00520561 0.0225812 14.2373
595 0.0178798 0.0125785 7.65904
596 0.00520584 0.0210758 13.8647
597 0.0168516 0.0118323 7.77204
598 0.00520608 0.0195705 13.4533
599 0.0157341 0.0111737 7.91465
600 0.00520631 0.0180651 13.0029
601 0.0145666 0.0106238 8.08201
602 0.00520655 0.0165597 12.513
603 0.0133651 0.0100557 8.21639
604 0.00524855 0.0150097 11.9623
605 0.0121392 0.00948569 8.31958
606 0.00528472 0.0134542 11.3688
607 0.0109047 0.00893057 8.39417
608 0.00530811 0.0118722 10.726
609 0.00966962 0.00840385 8.44453
610 0.00517814 0.0103399 10.0873
611 0.00835479 0.00797978 8.52237
612 0.00490685 0.00896771 9.50877
613 0.00701982 0.00775885 8.6601
614 0.00544031 0.00750968 8.77808
615 0.0120289 0.0725663 6.82013
616 0.0130523 0.0711625 6.81188
617 0.00929755 0.0731672 7.62654
618 0.00787818 0.0742418 7.65587
619 0.00643816 0.0748017 7.79202
620 0.0125009 0.0684923 7.90243
621 0.0128658 0.0671886 8.12621
622 0.0131766 0.0658439 8.37352
623 0.0135043 0.0644099 8.62388
624 0.0138497 0.0628984 8.87248
625 0.0142154 0.0612843 9.12489
626 0.0146373 0.0596358 9.34106
627 0.0151634 0.0579846 9.48198
628 0.0157733 0.0563825 9.54355
629 0.0164394 0.054819 9.54507
630 0.0171464 0.0533063 9.49293
631 0.0178781 0.0518419 9.39815
632 0.00653968 0.07322 8.35941
633 0.0186244 0.0504066 9.27242
634 0.00652837 0.0716145 8.94739
635 0.0193691 0.0490044 9.12466
636 0.00649918 0.0700486 9.50713
637 0.0200889 0.0476721 8.96162
638 0.00650025 0.0684948 10.035
639 0.0207699 0.0463751 8.80026
640 0.00650048 0.0669894 10.5261
641 0.021403 0.0451103 8.6469
642 0.00650072 0.0654841 10.9971
643 0.0220119 0.0438532 8.49024
644 0.00650692 0.0639951 11.442
645 0.0225766 0.0426132 8.34053
646 0.00648975 0.0624874 11.8783
647 0.0231004 0.041385 8.19559
648 0.00648071 0.0609712 12.2949
649 0.0235846 0.0401737 8.05317
650 0.00650166 0.0594626 12.6823
651 0.0240316 0.0389796 7.91126
652 0.00650189 0.0579573 13.0536
653 0.0244166 0.0377932 7.78713
654 0.00650213 0.0564519 13.4042
655 0.024738 0.03661 7.6817
656 0.00650237 0.0549466 13.7336
657 0.0250393 0.0354554 7.5642
658 0.0065026 0.0534412 14.0408
659 0.0252362 0.0342757 7.49394
660 0.00650284 0.0519358 14.3253
661 0.0253711 0.0331502 7.43827
662 0.00650307 0.0504305 14.5862
663 0.0254513 0.0319786 7.39619
664 0.00650331 0.0489251 14.8224
665 0.025477 0.0308381 7.36461
666 0.00650354 0.0474198 15.0332
667 0.025453 0.0296487 7.33937
668 0.00650378 0.0459144 15.2175
669 0.0253626 0.0284959 7.33182
670 0.00650401 0.0444091 15.3744
671 0.0252064 0.0273057 7.33733
672 0.00650425 0.0429037 15.503
673 0.0250026 0.02616 7.34878
674 0.00650448 0.0413983 15.6023
675 0.0247331 0.0249772 7.36942
676 0.00650472 0.039893 15.6715
677 0.0244123 0.0238444 7.39862
678 0.00650495 0.0383876 15.7097
679 0.0240033 0.022662 7.44309
680 0.00650519 0.0368823 15.716
681 0.0235286 0.0214683 7.4901
682 0.00650543 0.0353769 15.6896
683 0.0219188 0.0160455 7.01297
684 0.00650566 0.0338716 15.6298
685 0.0152182 0.0271756 12.4529
686 0.0065059 0.0323662 15.5358
687 0.0220533 0.0187006 7.6604
688 0.00650613 0.0308608 15.4068
689 0.0211736 0.0174354 7.76798
690 0.00650637 0.0293555 15.2423
691 0.0065066 0.0278501 15.0415
692 0.0201888 0.0162237 7.88689
693 0.00650684 0.0263448 14.804
694 0.0190482 0.014944 7.99604
695 0.00650707 0.0248394 14.5291
696 0.00650731 0.0233341 14.2162
697 0.0177078 0.0140916 8.26471
698 0.00650754 0.0218287 13.865
699 0.0166235 0.0132906 8.39934
700 0.00650778 0.0203233 13.475
701 0.0157351 0.01245 8.40815
702 0.00650801 0.018818 13.0456
703 0.0145601 0.0120942 8.67117
704 0.00653407 0.0172892 12.5651
705 0.0133693 0.0115501 8.8309
706 0.00655543 0.0157652 12.0461
707 0.0121725 0.0109763 8.94267
708 0.00660202 0.0142102 11.4707
709 0.0109725 0.0104037 9.01838
710 0.00667087 0.0126043 10.8303
711 0.00974361 0.00986633 9.07877
712 0.00673999 0.0108386 10.0829
713 0.00870851 0.00925907 9.03079
714 0.00617437 0.00913094 9.41711
715 0.0105051 0.0721914 7.54756
716 0.0117976 0.0698743 7.7926
717 0.00747118 0.00932903 9.2968
718 0.0115405 0.0712715 7.44648
719 0.00787495 0.0724574 8.30295
720 0.0115083 0.0674679 8.68003
721 0.011744 0.0661964 8.96664
722 0.0120318 0.0648591 9.23491
723 0.0123877 0.0634107 9.48751
724 0.0127464 0.0618282 9.75921
725 0.0130615 0.0601342 10.067
726 0.01351 0.0584018 10.2983
727 0.0141318 0.0566947 10.4077
728 0.0148039 0.0550499 10.4514
729 0.0155248 0.0534775 10.428
730 0.016283 0.0519752 10.3452
731 0.0170473 0.0505253 10.2267
732 0.01782 0.0490932 10.0802
733 0.00780663 0.07084 8.89547
734 0.018549 0.0477411 9.92426
735 0.00776289 0.0692957 9.43829
736 0.0192574 0.0464309 9.75477
737 0.00776145 0.0677951 9.93555
738 0.0199064 0.0451694 9.59487
739 0.00778925 0.0662948 10.4055
740 0.0205233 0.043922 9.43483
741 0.00783776 0.0647905 10.8515
742 0.0210994 0.0426934 9.27871
743 0.0077945 0.063279 11.3074
744 0.0216298 0.0414796 9.12991
745 0.00773346 0.0617338 11.7579
746 0.0221147 0.040282 8.98765
747 0.00776025 0.0602159 12.1563
748 0.0225676 0.0391162 8.84134
749 0.0078036 0.0587102 12.5278
750 0.0230067 0.0379853 8.67993
751 0.00781899 0.0572154 12.885
752 0.0233299 0.0368236 8.57477
753 0.00780894 0.0557181 13.23
754 0.0235777 0.0357002 8.49294
755 0.00780398 0.0542013 13.5565
756 0.024052 0.0346423 8.24232
757 0.00782186 0.0527097 13.8498
758 0.023917 0.0335342 8.36208
759 0.00782674 0.0512037 14.1268
760 0.024291 0.0324731 8.1368
761 0.00780501 0.049678 14.3902
762 0.0240588 0.0313796 8.27382
763 0.00780524 0.0481727 14.6192
764 0.0243364 0.0302782 8.06801
765 0.00780548 0.0466673 14.8223
766 0.024029 0.0291879 8.20518
767 0.00780571 0.0451619 14.9985
768 0.0241609 0.0280452 8.04289
769 0.00780595 0.0436566 15.1469
770 0.0237311 0.0269815 8.20617
771 0.00780619 0.0421512 15.2664
772 0.0237713 0.0258221 8.05053
773 0.00780642 0.0406459 15.3561
774 0.0232347 0.0247871 8.22702
775 0.00780666 0.0391405 15.4151
776 0.0231468 0.0236338 8.09767
777 0.00780689 0.0376352 15.4424
778 0.0224599 0.0226374 8.3081
779 0.00780713 0.0361298 15.4373
780 0.0219497 0.0213103 8.32024
781 0.00780736 0.0346244 15.3989
782 0.0078076 0.0331191 15.3265
783 0.00780783 0.0316137 15.2193
784 0.0205006 0.0187296 8.44369
785 0.00780807 0.0301084 15.0766
786 0.0196056 0.0176522 8.57266
787 0.0078083 0.028603 14.8979
788 0.00780854 0.0270977 14.6823
789 0.0186063 0.0165836 8.70381
790 0.00780877 0.0255923 14.4294
791 0.0174754 0.0156115 8.8695
792 0.00780901 0.0240869 14.1387
793 0.00780925 0.0225816 13.8095
794 0.0162511 0.0147342 9.05139
795 0.00780948 0.0210762 13.4414
796 0.0149778 0.0137583 9.16262
797 0.0078349 0.0195479 13.0226
798 0.00785652 0.0180249 12.5654
799 0.0134363 0.0130839 9.41303
800 0.00787605 0.0164993 12.0667
801 0.0121095 0.0124745 9.56728
802 0.0079135 0.0149636 11.5199
803 0.010866 0.0118596 9.65182
804 0.00800553 0.0134204 10.9189
805 0.00959452 0.0112364 9.69767
806 0.00944638 0.012655 10.3139
807 0.00834593 0.0105805 9.68219
808 0.00913822 0.0715658 8.2387
809 0.011287 0.0685681 8.42756
810 0.0213567 0.0199938 8.33333
811 0.0103384 0.0665952 9.44186
812 0.0105302 0.0652455 9.77756
813 0.0108734 0.0639865 10.0084
814 0.0113385 0.0624484 10.2468
815 0.0116085 0.0608314 10.5759
816 0.0117368 0.0589367 11.0243
817 0.0124561 0.0570611 11.1663
818 0.013144 0.0552981 11.2627
819 0.0138538 0.0536425 11.2947
820 0.0146546 0.0520935 11.2269
821 0.0154504 0.050626 11.1182
822 0.0162472 0.0491953 10.9768
823 0.0170198 0.04778 10.8236
824 0.00903869 0.0700289 8.79894
825 0.0177002 0.0464854 10.679
826 0.00900998 0.0685767 9.2929
827 0.018391 0.0452091 10.5056
828 0.00902911 0.0671243 9.75502
829 0.0190272 0.0439736 10.3385
830 0.00911746 0.0656489 10.1843
831 0.0196216 0.0427547 10.175
832 0.00925957 0.0640761 10.6071
833 0.0201647 0.0415556 10.0204
834 0.00891606 0.0624989 11.1743
835 0.0206555 0.0403622 9.87728
836 0.00899812 0.0609459 11.5736
837 0.0211007 0.0391843 9.74011
838 0.00906143 0.0594775 11.938
839 0.0215304 0.0380797 9.58538
840 0.00915265 0.0579592 12.2886
841 0.0221263 0.0370552 9.30401
842 0.00914627 0.0565036 12.6381
843 0.0221881 0.0358383 9.34397
844 0.00907675 0.054977 13.0037
845 0.0226117 0.0342852 9.15149
846 0.00914296 0.0535152 13.2911
847 0.00915678 0.0520014 13.5852
848 0.0228034 0.0323369 9.0546
849 0.00915284 0.0504728 13.8641
850 0.00913304 0.0489467 14.1228
851 0.0228252 0.030303 8.98816
852 0.00910718 0.0474202 14.3568
853 0.00910742 0.0459148 14.5532
854 0.0226525 0.0282372 8.95648
855 0.00910765 0.0444095 14.7225
856 0.00910789 0.0429041 14.8632
857 0.0222932 0.0261803 8.94873
858 0.00910812 0.0413987 14.9744
859 0.00910836 0.0398934 15.0552
860 0.0217527 0.0242061 8.96569
861 0.00910859 0.038388 15.1046
862 0.00910883 0.0368827 15.1217
863 0.0209804 0.0226142 9.08895
864 0.00910906 0.0353773 15.1057
865 0.0091093 0.033872 15.0557
866 0.00910954 0.0323666 14.9711
867 0.00910977 0.0308612 14.8512
868 0.0190094 0.0190847 9.23769
869 0.00911001 0.0293559 14.6951
870 0.0181326 0.0180919 9.35424
871 0.00911024 0.0278505 14.5024
872 0.00911048 0.0263452 14.2723
873 0.0171289 0.0171205 9.48735
874 0.00911071 0.0248398 14.0043
875 0.0160059 0.0162401 9.64945
876 0.00911095 0.0233345 13.698
877 0.00911118 0.0218291 13.3526
878 0.0147848 0.015419 9.81837
879 0.0091475 0.0202909 12.9509
880 0.0134822 0.0146501 9.98099
881 0.0091789 0.0187568 12.51
882 0.00922048 0.0172132 12.022
883 0.0120804 0.0139814 10.1573
884 0.00926643 0.0156708 11.4911
885 0.0107509 0.0133283 10.2668
886 0.00933082 0.0141443 10.9202
887 0.0230416 0.020032 7.4566
888 0.0102237 0.0679036 9.07427
889 0.0203841 0.0212014 9.09779
890 0.019992 0.0199532 8.99685
891 0.010247 0.0587913 11.6803
892 0.0107462 0.0572225 11.878
893 0.0115686 0.0555822 11.9214
894 0.0120712 0.0537603 12.1176
895 0.0130273 0.0521459 12.0255
896 0.0138005 0.0506757 11.9593
897 0.0146842 0.0492755 11.7939
898 0.0154427 0.0478774 11.6656
899 0.0161334 0.046527 11.5413
900 0.0168507 0.0452324 11.3711
901 0.0175248 0.0439946 11.1936
902 0.0181373 0.042787 11.0264
903 0.0186996 0.0416132 10.8638
904 0.0100965 0.0629485 10.6172
905 0.0192086 0.0404423 10.7122
906 0.0196628 0.0392402 10.5757
907 0.0104247 0.0601729 11.2534
908 0.0201171 0.0380011 10.4216
909 0.0207273 0.03661 10.1651
910 0.0102119 0.0557164 12.4354
911 0.0209455 0.0348488 10.1117
912 0.0104737 0.0543625 12.6404
913 0.0211458 0.0331196 10.0198
914 0.0105012 0.0528698 12.9452
915 0.010498 0.0512839 13.2558
916 0.0212057 0.0312937 9.95253
917 0.0105048 0.0497435 13.5308
918 0.0104089 0.0481765 13.8188
919 0.0211195 0.0294054 9.90245
920 0.0104281 0.0466488 14.0331
921 0.0104643 0.0451604 14.21
922 0.0208689 0.0274963 9.87213
923 0.0104459 0.043666 14.3787
924 0.0104098 0.0421516 14.5252
925 0.0204825 0.0256282 9.84626
926 0.0104101 0.0406463 14.6288
927 0.0104103 0.0391409 14.7014
928 0.0199668 0.0239178 9.83908
929 0.0104105 0.0376356 14.7419
930 0.0104108 0.0361302 14.7493
931 0.010411 0.0346248 14.7227
932 0.0104112 0.0331195 14.6615
933 0.0104115 0.0316141 14.5652
934 0.0104117 0.0301088 14.4328
935 0.017715 0.0195575 9.93247
936 0.0104119 0.0286034 14.2637
937 0.0167852 0.0185846 10.0552
938 0.0104122 0.0270981 14.0572
939 0.0104124 0.0255927 13.8128
940 0.0157568 0.0176908 10.1965
941 0.0104126 0.0240873 13.53
942 0.0145921 0.01698 10.4005
943 0.0104129 0.022582 13.2082
944 0.0104426 0.02105 12.8326
945 0.0133578 0.0162439 10.5736
946 0.0104982 0.0194952 12.4025
947 0.0120301 0.0155103 10.7259
948 0.0105523 0.0179361 11.9286
949 0.010613 0.0163781 11.41
950 0.0106731 0.0148384 10.8551
951 0.0193561 0.0223513 9.84047
952 0.0187645 0.0207593 9.76838
953 0.00810967 0.0119134 10.2918
954 0.0116198 0.052133 12.6481
955 0.0120565 0.050596 12.7698
956 0.0131531 0.0492794 12.5285
957 0.0139663 0.0479507 12.3852
958 0.0145462 0.0465613 12.3397
959 0.015243 0.0452428 12.2031
960 0.0160185 0.0439914 11.9916
961 0.0166609 0.042767 11.8219
962 0.0172154 0.041623 11.6688
963 0.0177795 0.040518 11.4879
964 0.0182446 0.0393553 11.347
965 0.0186161 0.0381428 11.2408
966 0.0190667 0.0368293 11.0762
967 0.0194581 0.0354121 10.9197
968 0.0195531 0.0338287 10.8924
969 0.0196224 0.0321785 10.8346
970 0.0196671 0.0304151 10.7367
971 0.0116892 0.048886 13.2229
972 0.0116479 0.0473813 13.4783
973 0.0194939 0.0286477 10.6949
974 0.0118387 0.045895 13.6163
975 0.0118444 0.0444344 13.7974
976 0.0192091 0.0268792 10.6493
977 0.0117223 0.0429052 14.0034
978 0.0117122 0.0413919 14.1352
979 0.01879 0.0251858 10.6166
980 0.0117603 0.0399077 14.214
981 0.0117558 0.0384032 14.2813
982 0.0117125 0.0368831 14.3287
983 0.0116788 0.0353736 14.3379
984 0.0116868 0.0338661 14.2983
985 0.0117242 0.0323724 14.2148
986 0.0117349 0.0308826 14.1053
987 0.0117136 0.0293563 13.9657
988 0.0163027 0.0200059 10.6311
989 0.0117139 0.0278509 13.7836
990 0.0155634 0.0190153 10.6504
991 0.0117141 0.0263456 13.5635
992 0.0117144 0.0248402 13.3051
993 0.0144421 0.018521 10.9203
994 0.0117146 0.0233349 13.0077
995 0.0132249 0.0178231 11.1207
996 0.0117452 0.0218032 12.6556
997 0.0118115 0.0202456 12.2449
998 0.0119354 0.0170896 11.2832
999 0.0118639 0.0186857 11.7945
1000 0.0183093 0.0235992 10.5705
1001 0.0173184 0.0208302 10.4167
1002 0.0177583 0.0221817 10.5352
1003 0.013031 0.0467351 13.0059
1004 0.0134488 0.0452018 13.0466
1005 0.0145105 0.0439628 12.7261
1006 0.0152785 0.0427188 12.514
1007 0.0157124 0.0415396 12.433
1008 0.0162959 0.0404829 12.2489
1009 0.0170149 0.0395511 11.9673
1010 0.0171119 0.0383815 12.0028
1011 0.0174672 0.0371468 11.8908
1012 0.0179552 0.0357261 11.694
1013 0.0183335 0.0344776 11.52
1014 0.0179873 0.0330285 11.6849
1015 0.0182572 0.0313086 11.4913
1016 0.0181861 0.0296547 11.4208
1017 0.0179645 0.0279875 11.3705
1018 0.0130319 0.043637 13.4137
1019 0.0175572 0.0263277 11.3526
1020 0.0129514 0.0421135 13.6003
1021 0.0131028 0.0406897 13.6562
1022 0.013152 0.0391972 13.7295
1023 0.0130564 0.037632 13.8272
1024 0.0129764 0.0361008 13.881
1025 0.0128974 0.0346151 13.8982
1026 0.0130149 0.0331199 13.8091
1027 0.0131022 0.0316895 13.7014
1028 0.0130193 0.0301435 13.6095
1029 0.0129632 0.0286107 13.4697
1030 0.014615 0.0201957 11.3209
1031 0.0129645 0.0271021 13.2739
1032 0.0130037 0.0256113 13.0299
1033 0.0130129 0.0241282 12.7596
1034 0.0131831 0.0194233 11.6001
1035 0.0130213 0.0225865 12.438
1036 0.0131244 0.0210176 12.0372
1037 0.0126853 0.0480438 12.9458
1038 0.0171436 0.0247201 11.287
1039 0.01604 0.0215876 11.1229
1040 0.0167713 0.0231405 11.1543
1041 0.0140179 0.0427897 13.0817
1042 0.0143229 0.0415217 13.0751
1043 0.0146621 0.0401376 13.0417
1044 0.0157198 0.0389853 12.6356
1045 0.0157536 0.0373273 12.7047
1046 0.0166972 0.0360536 12.2989
1047 0.0168096 0.0344351 12.2649
1048 0.017017 0.0319119 12.1044
1049 0.0168773 0.0305605 12.0935
1050 0.0167643 0.0290229 12.0187
1051 0.0164972 0.0274446 11.9623
1052 0.0144224 0.0383691 13.2477
1053 0.0143226 0.0367597 13.3423
1054 0.0141693 0.035259 13.4166
1055 0.0140034 0.0339541 13.4623
1056 0.0145909 0.0326542 13.1889
1057 0.0143586 0.0309323 13.1783
1058 0.0142423 0.0293521 13.0863
1059 0.0141542 0.0278531 12.9507
1060 0.0144112 0.0219035 11.8076
1061 0.0142596 0.0263568 12.7054
1062 0.0143562 0.0249392 12.4401
1063 0.0142688 0.02345 12.1911
1064 0.0162517 0.0330436 12.4966
1065 0.0158269 0.0258656 12.0257
1066 0.015615 0.0241829 11.8244
1067 0.0154155 0.0228575 11.6404
1068 0.0154987 0.0356541 12.8552
