1 0 0 0.783789
2 -1.31814e-05 0.0843 0.78883
3 0.000902904 0.000238307 0.764124
4 0.00180581 0.000476615 0.757117
5 0.00270871 0.000714922 0.753186
6 0.00361162 0.000953229 0.750956
7 0.00451452 0.00119154 0.750087
8 0.00541242 0.00144713 0.749624
9 0.00630287 0.00172842 0.748256
10 0.00719332 0.00200971 0.747445
11 0.00808377 0.00229101 0.747059
12 0.00897422 0.0025723 0.747172
13 0.00986467 0.00285359 0.748548
14 0.0107437 0.0031684 0.748607
15 0.01162 0.00349105 0.748868
16 0.0124944 0.00381843 0.750305
17 0.0133556 0.00417962 0.750199
18 0.0142167 0.0045408 0.751159
19 0.0150709 0.00491774 0.752291
20 0.0159159 0.00531524 0.752824
21 0.0167609 0.00571274 0.755021
22 0.0175898 0.00614227 0.756291
23 0.0184132 0.00658272 0.758714
24 0.0192167 0.00705789 0.760044
25 0.0200136 0.00754475 0.762537
26 0.020791 0.00806173 0.764261
27 0.0215618 0.00858884 0.767454
28 0.0223115 0.00914526 0.77083
29 0.023037 0.00973275 0.774012
30 0.0237388 0.0103484 0.777101
31 0.0244187 0.0109884 0.780311
32 0.0250781 0.0116495 0.784471
33 0.0257068 0.01234 0.788669
34 0.0262999 0.0130613 0.792201
35 0.0268624 0.0138066 0.795455
36 0.0273994 0.0145706 0.799284
37 0.0279032 0.0153567 0.802953
38 0.0283709 0.0161648 0.805873
39 0.0288093 0.0169893 0.808653
40 0.0292195 0.017828 0.811428
41 0.0296016 0.0186799 0.814099
42 0.0299535 0.0195448 0.816392
43 0.0302798 0.0204196 0.818863
44 0.0305732 0.0213062 0.820346
45 0.0308471 0.0221987 0.822341
46 0.0310974 0.0230983 0.824556
47 0.0313149 0.0240063 0.82568
48 0.0315156 0.0249181 0.827786
49 0.0316844 0.0258366 0.829049
50 0.0318265 0.0267593 0.830034
51 0.0319505 0.0276848 0.831991
52 0.0320342 0.0286149 0.832259
53 0.0320947 0.0295464 0.832871
54 0.0321332 0.0304795 0.834113
55 0.032127 0.0314132 0.833317
56 0.0320993 0.0323463 0.83332
57 0.0320424 0.0332784 0.833142
58 0.0319454 0.034207 0.831517
59 0.0318271 0.0351331 0.830764
60 0.0316733 0.0360541 0.829004
61 0.031488 0.0369691 0.826768
62 0.0312837 0.0378802 0.825459
63 0.0310392 0.0387815 0.822327
64 0.0307756 0.0396771 0.820046
65 0.0304911 0.0405665 0.817938
66 0.0301751 0.0414451 0.814662
67 0.029848 0.0423197 0.812671
68 0.0294955 0.0431844 0.809791
69 0.0291291 0.0440432 0.807425
70 0.0287497 0.0448965 0.805317
71 0.0283536 0.0457421 0.802873
72 0.027952 0.0465852 0.801301
73 0.0275359 0.0474212 0.799094
74 0.0271164 0.0482555 0.797686
75 0.0266904 0.0490864 0.796218
76 0.0262615 0.049916 0.795026
77 0.0258308 0.0507445 0.793977
78 0.025401 0.0515736 0.793203
79 0.024972 0.052403 0.792449
80 0.0245491 0.0532356 0.792197
81 0.0241305 0.0540703 0.791857
82 0.0237197 0.0549089 0.791765
83 0.0233201 0.0557529 0.792106
84 0.0229276 0.0566002 0.792021
85 0.0225555 0.0574566 0.793134
86 0.0221913 0.0583164 0.793349
87 0.0218499 0.0591856 0.794773
88 0.0215249 0.0600609 0.795972
89 0.0212134 0.0609412 0.796752
90 0.0209328 0.0618318 0.799394
91 0.0206641 0.062726 0.800823
92 0.0204175 0.0636267 0.803066
93 0.0201907 0.0645325 0.805757
94 0.0199759 0.0654412 0.80807
95 0.0197769 0.0663536 0.811061
96 0.0195816 0.0672668 0.813503
97 0.0193925 0.0681812 0.816478
98 0.0191979 0.0690945 0.819096
99 0.0189822 0.070003 0.820326
100 0.0187493 0.0709073 0.821658
101 0.0184899 0.0718042 0.822627
102 0.0181717 0.0726819 0.820559
103 0.0177999 0.0735385 0.817386
104 0.0173863 0.0743756 0.814582
105 0.016907 0.0751767 0.809672
106 0.0163465 0.0759232 0.802084
107 0.0157451 0.0766374 0.79634
108 0.015098 0.0773103 0.790602
109 0.0144095 0.0779407 0.785029
110 0.0136756 0.0785174 0.778869
111 0.0129039 0.0790434 0.77296
112 0.012119 0.0795486 0.769335
113 0.0113194 0.080031 0.76647
114 0.0104969 0.0804728 0.763103
115 0.00966437 0.0808951 0.761044
116 0.00881537 0.081284 0.758685
117 0.00795222 0.0816396 0.75633
118 0.00708353 0.0819823 0.755183
119 0.00621485 0.0823249 0.755324
120 0.00533848 0.0826466 0.755211
121 0.00445393 0.0829459 0.755214
122 0.00356938 0.0832453 0.756861
123 0.00268146 0.0835337 0.759168
124 0.00178324 0.0837892 0.761988
125 0.000885031 0.0840446 0.768818
126 -1.3035e-05 0.0833633 0.716393
127 -1.28885e-05 0.0824267 0.645731
128 -1.27421e-05 0.08149 0.577951
129 -1.25956e-05 0.0805533 0.51459
130 -1.24491e-05 0.0796167 0.45624
131 -1.23027e-05 0.07868 0.402879
132 -1.21562e-05 0.0777433 0.354387
133 -1.20098e-05 0.0768067 0.310606
134 -1.18633e-05 0.07587 0.271319
135 -1.17168e-05 0.0749333 0.236265
136 -1.15704e-05 0.0739967 0.205155
137 -1.14239e-05 0.07306 0.177679
138 -1.12775e-05 0.0721233 0.153526
139 -1.1131e-05 0.0711867 0.132384
140 -1.09845e-05 0.07025 0.113951
141 -1.08381e-05 0.0693133 0.0979377
142 -1.06916e-05 0.0683767 0.0840706
143 -1.05452e-05 0.06744 0.0720967
144 -1.03987e-05 0.0665033 0.0617838
145 -1.02522e-05 0.0655667 0.0529209
146 -1.01058e-05 0.06463 0.0453183
147 -9.95932e-06 0.0636933 0.0388069
148 -9.81286e-06 0.0627567 0.0332372
149 -9.66639e-06 0.06182 0.0284779
150 -9.51993e-06 0.0608833 0.024414
151 -9.37347e-06 0.0599467 0.0209458
152 -9.22701e-06 0.05901 0.017987
153 -9.08055e-06 0.0580733 0.0154633
154 -8.93409e-06 0.0571367 0.0133108
155 -8.78763e-06 0.0562 0.0114747
156 -8.64117e-06 0.0552633 0.00990848
157 -8.49471e-06 0.0543267 0.0085723
158 -8.34825e-06 0.05339 0.0074324
159 -8.20179e-06 0.0524533 0.00646015
160 -8.05533e-06 0.0515167 0.00563133
161 -7.90887e-06 0.05058 0.00492554
162 -7.76241e-06 0.0496433 0.00432563
163 -7.61595e-06 0.0487067 0.00381727
164 -7.46949e-06 0.04777 0.00338855
165 -7.32303e-06 0.0468333 0.00302965
166 -7.17657e-06 0.0458967 0.00273261
167 -7.03011e-06 0.04496 0.00249106
168 -6.88364e-06 0.0440233 0.00230013
169 -6.73718e-06 0.0430867 0.00215622
170 -6.59072e-06 0.04215 0.002057
171 -6.44426e-06 0.0412133 0.0020013
172 -6.2978e-06 0.0402767 0.00198911
173 -6.15134e-06 0.03934 0.00202158
174 -6.00488e-06 0.0384033 0.00210109
175 -5.85842e-06 0.0374667 0.00223128
176 -5.71196e-06 0.03653 0.00241724
177 -5.5655e-06 0.0355933 0.00266559
178 -5.41904e-06 0.0346567 0.00298477
179 -5.27258e-06 0.03372 0.00338523
180 -5.12612e-06 0.0327833 0.00387974
181 -4.97966e-06 0.0318467 0.00448383
182 -4.8332e-06 0.03091 0.00521617
183 -4.68674e-06 0.0299733 0.00609914
184 -4.54028e-06 0.0290367 0.00715942
185 -4.39382e-06 0.0281 0.00842878
186 -4.24736e-06 0.0271633 0.00994483
187 -4.10089e-06 0.0262267 0.0117521
188 -3.95443e-06 0.02529 0.0139031
189 -3.80797e-06 0.0243533 0.0164594
190 -3.66151e-06 0.0234167 0.0194935
191 -3.51505e-06 0.02248 0.0230897
192 -3.36859e-06 0.0215433 0.0273464
193 -3.22213e-06 0.0206067 0.0323775
194 -3.07567e-06 0.01967 0.0383141
195 -2.92921e-06 0.0187333 0.0453067
196 -2.78275e-06 0.0177967 0.0535265
197 -2.63629e-06 0.01686 0.063167
198 -2.48983e-06 0.0159233 0.0744451
199 -2.34337e-06 0.0149867 0.0876015
200 -2.19691e-06 0.01405 0.102901
201 -2.05045e-06 0.0131133 0.12063
202 -1.90399e-06 0.0121767 0.141096
203 -1.75753e-06 0.01124 0.164623
204 -1.61107e-06 0.0103033 0.191548
205 -1.46461e-06 0.00936667 0.222214
206 -1.31814e-06 0.00843 0.256962
207 -1.17168e-06 0.00749333 0.296127
208 -1.02522e-06 0.00655667 0.340027
209 -8.78763e-07 0.00562 0.388893
210 -7.32303e-07 0.00468333 0.442882
211 -5.85842e-07 0.00374667 0.502162
212 -4.39382e-07 0.00281 0.566806
213 -2.92921e-07 0.00187333 0.636341
214 -1.46461e-07 0.000936667 0.70905
215 0.0158325 0.0483284 0.0599195
216 0.0201265 0.0272383 0.067054
217 0.0165932 0.0265785 0.0372892
218 0.0165452 0.0481939 0.0715344
219 0.012733 0.0486881 0.0271342
220 0.0218334 0.0268261 0.0988062
221 0.0134665 0.0775199 0.689729
222 0.0141141 0.076933 0.69076
223 0.0147373 0.0763141 0.693408
224 0.0127765 0.0780363 0.686124
225 0.0153399 0.0756771 0.698906
226 0.0120235 0.0785049 0.67961
227 0.0158812 0.0750079 0.703079
228 0.0112455 0.0789591 0.674384
229 0.0163624 0.0742927 0.705222
230 0.0104349 0.0794171 0.671624
231 0.016793 0.0735288 0.706104
232 0.00963401 0.0798631 0.671862
233 0.017184 0.0727438 0.707451
234 0.00883579 0.0802916 0.673967
235 0.0175171 0.0719421 0.706727
236 0.00803787 0.0806627 0.674353
237 0.0177928 0.0710854 0.701603
238 0.00719684 0.0809895 0.671955
239 0.0180508 0.0702248 0.6982
240 0.00635208 0.081292 0.669201
241 0.018284 0.0693496 0.694225
242 0.00546737 0.0815916 0.66689
243 0.0184936 0.0684711 0.689326
244 0.00458294 0.0818911 0.666846
245 0.0186896 0.0675584 0.682823
246 0.00368294 0.0822012 0.669478
247 0.0188898 0.0666411 0.677514
248 0.00275295 0.0825073 0.673516
249 0.0190955 0.065726 0.673101
250 0.00177442 0.082736 0.674151
251 0.0193026 0.0648157 0.668437
252 0.000893386 0.0830337 0.687308
253 0.0195242 0.0638905 0.664086
254 0.0197725 0.0629723 0.662331
255 0.0200372 0.062064 0.661396
256 0.0203067 0.06115 0.658411
257 0.000984755 0.0820087 0.609729
258 0.0206105 0.0602469 0.658489
259 0.000795704 0.0810046 0.539109
260 0.0209447 0.0593541 0.660805
261 0.000792285 0.0800745 0.478746
262 0.0212767 0.0584677 0.660425
263 0.000798801 0.0791485 0.423624
264 0.0216312 0.0575858 0.660941
265 0.000798948 0.0782118 0.372868
266 0.0220138 0.0567115 0.663391
267 0.000799094 0.0772751 0.326969
268 0.0223951 0.0558594 0.664748
269 0.000799241 0.0763385 0.285734
270 0.0227884 0.0549989 0.66521
271 0.000799387 0.0754018 0.248905
272 0.0232031 0.054139 0.66693
273 0.000799534 0.0744651 0.216189
274 0.0236199 0.0533036 0.669061
275 0.00079968 0.0735285 0.187272
276 0.0240367 0.0524682 0.670132
277 0.000799826 0.0725918 0.161834
278 0.0244646 0.0516255 0.67141
279 0.000799973 0.0716551 0.139556
280 0.0248946 0.0507952 0.673278
281 0.000800119 0.0707185 0.120125
282 0.0253247 0.0499666 0.675112
283 0.000800266 0.0697818 0.103238
284 0.0257515 0.0491401 0.676813
285 0.000800412 0.0688451 0.0886115
286 0.0261728 0.048313 0.678249
287 0.000800559 0.0679085 0.0759806
288 0.0265937 0.0474797 0.679989
289 0.000800705 0.0669718 0.0651011
290 0.0270147 0.0466464 0.682745
291 0.000800852 0.0660351 0.0557513
292 0.0274099 0.0458307 0.684634
293 0.000800998 0.0650985 0.0477314
294 0.0277999 0.0449859 0.685777
295 0.000801145 0.0641618 0.0408632
296 0.0281896 0.0441375 0.688523
297 0.000801291 0.0632251 0.034989
298 0.0285576 0.0433055 0.691512
299 0.000801438 0.0622885 0.0299701
300 0.0288984 0.042465 0.692881
301 0.000801584 0.0613518 0.0256852
302 0.0292352 0.0415944 0.694852
303 0.00080173 0.0604151 0.022029
304 0.0295498 0.0407402 0.697533
305 0.000801877 0.0594785 0.0189103
306 0.0298405 0.0398759 0.699634
307 0.000802023 0.0585418 0.0162505
308 0.0301063 0.0390053 0.701435
309 0.00080217 0.0576051 0.0139823
310 0.0303558 0.0381317 0.704247
311 0.000802316 0.0566685 0.0120476
312 0.0305703 0.0372513 0.705657
313 0.000802463 0.0557318 0.0103974
314 0.0307596 0.0363662 0.707171
315 0.000802609 0.0547951 0.00898945
316 0.0309242 0.0354673 0.708672
317 0.000802756 0.0538585 0.00778813
318 0.0310584 0.0345718 0.709914
319 0.000802902 0.0529218 0.00676314
320 0.031162 0.0336836 0.710865
321 0.000803049 0.0519851 0.00588885
322 0.0312338 0.0327703 0.710972
323 0.000803195 0.0510485 0.00514365
324 0.0312834 0.0318666 0.711993
325 0.000803341 0.0501118 0.00450932
326 0.0312975 0.0309736 0.711938
327 0.000803488 0.0491751 0.00397064
328 0.0312824 0.0300404 0.711745
329 0.000803634 0.0482385 0.0035149
330 0.0312383 0.0291472 0.711206
331 0.000803781 0.0473018 0.00313157
332 0.0311693 0.028258 0.710838
333 0.000803927 0.0463651 0.00281205
334 0.0310638 0.0273306 0.709644
335 0.000804074 0.0454285 0.0025494
336 0.0309397 0.0264385 0.709038
337 0.00080422 0.0444918 0.00233819
338 0.0307813 0.0255435 0.70737
339 0.000804367 0.0435551 0.00217429
340 0.0306042 0.0246461 0.706806
341 0.000804513 0.0426185 0.00205485
342 0.0304053 0.0237581 0.706597
343 0.00080466 0.0416818 0.00197815
344 0.0301734 0.0228818 0.705187
345 0.000804806 0.0407451 0.00194361
346 0.0299172 0.0220104 0.703931
347 0.000804953 0.0398085 0.00195178
348 0.0296435 0.0211503 0.703453
349 0.000805099 0.0388718 0.00200433
350 0.0293376 0.0202951 0.702325
351 0.000805245 0.0379351 0.00210418
352 0.0290057 0.0194533 0.701072
353 0.000805392 0.0369985 0.00225553
354 0.0286442 0.0186179 0.699725
355 0.000805538 0.0360618 0.00246402
356 0.0282681 0.0177965 0.699736
357 0.000805685 0.0351251 0.00273692
358 0.0278429 0.0169993 0.696778
359 0.000805831 0.0341885 0.00308334
360 0.0274001 0.0162031 0.695797
361 0.000805978 0.0332518 0.00351451
362 0.0269347 0.0154381 0.694666
363 0.000806124 0.0323151 0.0040441
364 0.0264376 0.0146908 0.69341
365 0.000806271 0.0313785 0.00468864
366 0.0258926 0.0139792 0.689267
367 0.000806417 0.0304418 0.005468
368 0.0253304 0.0132797 0.686784
369 0.000806564 0.0295051 0.00640593
370 0.0247532 0.0125878 0.686628
371 0.00080671 0.0285685 0.00753075
372 0.0241466 0.0119342 0.685471
373 0.000806857 0.0276318 0.00887611
374 0.0234846 0.0113304 0.680149
375 0.000807003 0.0266951 0.0104819
376 0.0228112 0.0107256 0.677647
377 0.000807149 0.0257585 0.0123952
378 0.0221271 0.0101395 0.67654
379 0.000807296 0.0248218 0.0146716
380 0.0214373 0.00956649 0.677574
381 0.000807442 0.0238851 0.0173764
382 0.0207169 0.00905578 0.675058
383 0.000807589 0.0229485 0.0205862
384 0.0199566 0.00857232 0.670761
385 0.000807735 0.0220118 0.0243904
386 0.0191601 0.00808753 0.667321
387 0.000807882 0.0210751 0.028893
388 0.0183634 0.00760315 0.666527
389 0.000808028 0.0201385 0.0342144
390 0.0175663 0.00711866 0.66843
391 0.000808175 0.0192018 0.0404935
392 0.0168017 0.00669365 0.669159
393 0.000808321 0.0182651 0.0478892
394 0.0159946 0.00629868 0.667595
395 0.000808468 0.0173285 0.0565824
396 0.0151723 0.00593478 0.664521
397 0.000808614 0.0163918 0.0667775
398 0.0143118 0.00557425 0.661237
399 0.000808761 0.0154551 0.0787029
400 0.0134514 0.00521383 0.659693
401 0.000808907 0.0145185 0.092612
402 0.012591 0.0048536 0.659546
403 0.000809053 0.0135818 0.108782
404 0.0117303 0.00449353 0.661027
405 0.0008092 0.0126451 0.127515
406 0.0108695 0.00413315 0.664162
407 0.000809346 0.0117085 0.149129
408 0.0100392 0.00381018 0.666224
409 0.000809493 0.0107718 0.173962
410 0.00918013 0.00351676 0.666329
411 0.000809639 0.00983513 0.202361
412 0.00830981 0.00325151 0.664968
413 0.000809786 0.00889846 0.234677
414 0.00741074 0.00299103 0.663263
415 0.000809932 0.00796179 0.271257
416 0.00651167 0.00273055 0.662222
417 0.000810079 0.00702513 0.312432
418 0.00561261 0.00247001 0.662018
419 0.00082363 0.00608007 0.358908
420 0.00471398 0.00220916 0.66322
421 0.000826608 0.0051416 0.410268
422 0.00378322 0.0019463 0.665841
423 0.000816432 0.00420898 0.466628
424 0.00284924 0.00168559 0.670199
425 0.000821269 0.00325689 0.529684
426 0.00187209 0.00146503 0.672865
427 0.0010331 0.0022303 0.603671
428 0.000948194 0.00124658 0.680497
429 0.0132547 0.0766016 0.613604
430 0.0126152 0.0771072 0.610796
431 0.0138653 0.0760469 0.615713
432 0.0144318 0.0754475 0.616623
433 0.0119427 0.0775772 0.607463
434 0.0149503 0.0748244 0.617246
435 0.0112065 0.0780356 0.603548
436 0.0154329 0.074179 0.61841
437 0.0104424 0.0784842 0.601038
438 0.0158877 0.0735178 0.621063
439 0.00963184 0.0789418 0.600494
440 0.016267 0.0727751 0.617749
441 0.0088513 0.0793596 0.60133
442 0.0165716 0.0720237 0.610896
443 0.0080864 0.0797292 0.6018
444 0.0168738 0.0712379 0.606111
445 0.00729851 0.080067 0.601327
446 0.0171434 0.0704173 0.599974
447 0.00648556 0.0803802 0.600087
448 0.0173832 0.0695728 0.592786
449 0.00561666 0.0806729 0.597544
450 0.0176012 0.0687172 0.585266
451 0.00474199 0.0809664 0.597063
452 0.0177998 0.0678447 0.576779
453 0.00386741 0.0812784 0.600282
454 0.0179958 0.0669265 0.567686
455 0.0029765 0.0816169 0.607619
456 0.0182003 0.0660055 0.560391
457 0.00200253 0.0819576 0.617062
458 0.0184094 0.0650911 0.554229
459 0.0186199 0.0641562 0.54726
460 0.0188571 0.0632198 0.542938
461 0.0191291 0.0622853 0.54208
462 0.0193916 0.0613591 0.538918
463 0.0196683 0.0604291 0.535701
464 0.0200033 0.0595247 0.539155
465 0.00158689 0.0805144 0.510589
466 0.0203492 0.0586336 0.542547
467 0.00160912 0.0796137 0.45394
468 0.0206935 0.0577182 0.542451
469 0.001623 0.0786872 0.400672
470 0.021072 0.0568289 0.545774
471 0.00162624 0.0777516 0.351875
472 0.0214653 0.0559547 0.549702
473 0.00161063 0.0768069 0.307483
474 0.0218492 0.0550898 0.55112
475 0.00161078 0.0758703 0.26818
476 0.0222606 0.0542203 0.553922
477 0.00161093 0.0749336 0.233202
478 0.0226868 0.0533597 0.557481
479 0.00161107 0.0739969 0.20223
480 0.0231036 0.0525243 0.560173
481 0.00161122 0.0730603 0.174938
482 0.0235232 0.0516774 0.561642
483 0.00161137 0.0721236 0.150997
484 0.0239598 0.0508376 0.564798
485 0.00161151 0.0711869 0.130082
486 0.0243908 0.0500078 0.567498
487 0.00161166 0.0702503 0.11188
488 0.0248201 0.0491826 0.570155
489 0.0016118 0.0693136 0.096095
490 0.025243 0.0483602 0.572442
491 0.00161195 0.0683769 0.0824473
492 0.0256604 0.0475312 0.574179
493 0.0016121 0.0674403 0.0706799
494 0.0260813 0.0466979 0.576789
495 0.00161224 0.0665036 0.0605577
496 0.0264878 0.0458875 0.579959
497 0.00161239 0.0655669 0.0518683
498 0.0268711 0.0450696 0.581331
499 0.00161254 0.0646303 0.0444215
500 0.0272588 0.0442237 0.583268
501 0.00161268 0.0636936 0.0380485
502 0.0276284 0.0433988 0.585877
503 0.00161283 0.0627569 0.0326003
504 0.0279774 0.0425717 0.587944
505 0.00161298 0.0618203 0.0279467
506 0.0283116 0.0417375 0.590075
507 0.00161312 0.0608836 0.0239742
508 0.0286332 0.0408898 0.5925
509 0.00161327 0.0599469 0.0205843
510 0.0289262 0.0400515 0.594508
511 0.00161342 0.0590103 0.0176921
512 0.0291951 0.0392072 0.596102
513 0.00161356 0.0580736 0.0152246
514 0.0294426 0.0383543 0.597681
515 0.00161371 0.0571369 0.0131193
516 0.0296729 0.0374952 0.599967
517 0.00161386 0.0562003 0.0113226
518 0.0298708 0.0366364 0.601431
519 0.001614 0.0552636 0.009789
520 0.0300388 0.0357717 0.602298
521 0.00161415 0.0543269 0.00847961
522 0.0301876 0.0349029 0.603969
523 0.00161429 0.0533903 0.00736155
524 0.0303002 0.0340324 0.604478
525 0.00161444 0.0524536 0.00640693
526 0.0303858 0.0331539 0.604898
527 0.00161459 0.0515169 0.00559218
528 0.030444 0.0322746 0.6053
529 0.00161473 0.0505803 0.00489744
530 0.0304742 0.0314001 0.605619
531 0.00161488 0.0496436 0.00430605
532 0.0304803 0.03052 0.606262
533 0.00161503 0.0487069 0.00380404
534 0.0304434 0.0296376 0.604992
535 0.00161517 0.0477703 0.00337984
536 0.0303882 0.0287598 0.604724
537 0.00161532 0.0468336 0.0030239
538 0.030312 0.0278858 0.605085
539 0.00161547 0.0458969 0.00272846
540 0.0301937 0.0270016 0.603742
541 0.00161561 0.0449603 0.00248733
542 0.0300594 0.0261284 0.603475
543 0.00161576 0.0440236 0.00229573
544 0.0298963 0.0252598 0.602858
545 0.00161591 0.0430869 0.00215016
546 0.0297102 0.0243918 0.60265
547 0.00161605 0.0421503 0.00204832
548 0.0295063 0.0235295 0.603343
549 0.0016162 0.0412136 0.00198903
550 0.0292663 0.0226789 0.602656
551 0.00161635 0.0402769 0.00197225
552 0.0290061 0.0218294 0.602795
553 0.00161649 0.0393403 0.00199905
554 0.028724 0.0209924 0.603224
555 0.00161664 0.0384036 0.0020717
556 0.0284149 0.0201697 0.603353
557 0.00161678 0.0374669 0.00219369
558 0.028077 0.0193537 0.603371
559 0.00161693 0.0365303 0.0023699
560 0.0277159 0.0185513 0.60371
561 0.00161708 0.0355936 0.00260672
562 0.0273326 0.0177746 0.603879
563 0.00161722 0.0346569 0.00291227
564 0.0269121 0.0170103 0.603166
565 0.00161737 0.0337203 0.00329664
566 0.0264721 0.0162489 0.603959
567 0.00161752 0.0327836 0.00377217
568 0.0260031 0.0155233 0.603623
569 0.00161766 0.0318469 0.00435388
570 0.025518 0.0148245 0.603714
571 0.00161781 0.0309103 0.00505985
572 0.0249793 0.0141393 0.602002
573 0.00161796 0.0299736 0.00591174
574 0.0244242 0.0134693 0.601584
575 0.0016181 0.0290369 0.00693546
576 0.02385 0.0128341 0.600954
577 0.00161825 0.0281003 0.00816184
578 0.023246 0.0122303 0.599314
579 0.0016184 0.0271636 0.00962746
580 0.0226066 0.0116347 0.597891
581 0.00161854 0.0262269 0.0113757
582 0.0219458 0.0110546 0.597164
583 0.00161869 0.0252903 0.0134576
584 0.0212695 0.010497 0.597006
585 0.00161883 0.0243536 0.0159337
586 0.0205882 0.00998662 0.595976
587 0.00161898 0.0234169 0.0188745
588 0.0198784 0.0094976 0.594309
589 0.00161913 0.0224803 0.0223631
590 0.0191376 0.00902121 0.592518
591 0.00161927 0.0215436 0.0264961
592 0.0183413 0.00853679 0.59108
593 0.00161942 0.0206069 0.0313858
594 0.0175444 0.00805261 0.592075
595 0.00161957 0.0196703 0.0371621
596 0.0167913 0.0076238 0.592916
597 0.00161971 0.0187336 0.0439744
598 0.0160408 0.00722848 0.593126
599 0.00161986 0.0177969 0.0519932
600 0.0152474 0.00685703 0.591407
601 0.00162001 0.0168603 0.0614124
602 0.0144292 0.00650121 0.589046
603 0.00162015 0.0159236 0.0724499
604 0.0135688 0.00614065 0.587112
605 0.0016203 0.0149869 0.0853488
606 0.0127086 0.00578034 0.586626
607 0.00162045 0.0140503 0.100377
608 0.0118482 0.00542038 0.587593
609 0.00162059 0.0131136 0.117828
610 0.0109872 0.00506019 0.590053
611 0.00162074 0.0121769 0.138017
612 0.0101661 0.00473128 0.592456
613 0.00162089 0.0112403 0.161277
614 0.00934675 0.00443359 0.593639
615 0.00162103 0.0103036 0.187959
616 0.0085047 0.00415878 0.593536
617 0.00162118 0.00936692 0.21842
618 0.00763455 0.00390037 0.592387
619 0.00162132 0.00843025 0.253017
620 0.00673548 0.00363989 0.591489
621 0.00162147 0.00749359 0.292102
622 0.00581428 0.00338665 0.590452
623 0.0016442 0.00653756 0.337027
624 0.00490324 0.00312904 0.591249
625 0.00166345 0.00558802 0.38699
626 0.00399259 0.00286034 0.594677
627 0.00165525 0.00465529 0.441398
628 0.00306518 0.00257477 0.601185
629 0.00162005 0.00375406 0.49906
630 0.00207815 0.00229819 0.608666
631 0.00154265 0.081307 0.564397
632 0.0130234 0.0757427 0.546553
633 0.01242 0.0762048 0.542107
634 0.011803 0.0766631 0.539891
635 0.0135833 0.0751957 0.546983
636 0.0140604 0.074603 0.543162
637 0.0111317 0.077112 0.537477
638 0.0145249 0.0740089 0.541956
639 0.0103938 0.0775658 0.53547
640 0.0149719 0.0734057 0.542665
641 0.00963968 0.078009 0.535089
642 0.0154733 0.0728359 0.553258
643 0.00886632 0.0784184 0.534546
644 0.0156135 0.0720877 0.529435
645 0.00809816 0.0788134 0.535788
646 0.0159538 0.0713406 0.525058
647 0.00735233 0.079146 0.535597
648 0.0162258 0.0705703 0.516951
649 0.00658701 0.0794674 0.53592
650 0.0164785 0.0697711 0.508749
651 0.00574806 0.079761 0.53403
652 0.0167052 0.0689431 0.499501
653 0.00488756 0.0800394 0.532567
654 0.0169111 0.068093 0.489512
655 0.00401666 0.0803367 0.534477
656 0.0171031 0.067216 0.478887
657 0.0031723 0.0806669 0.541635
658 0.0173024 0.0662894 0.468637
659 0.0175131 0.0653673 0.460629
660 0.017714 0.0644483 0.452191
661 0.0179271 0.0634861 0.443739
662 0.0181874 0.0625362 0.440389
663 0.018479 0.0616072 0.440547
664 0.0187416 0.0606368 0.435245
665 0.0190579 0.0597018 0.435709
666 0.0194035 0.0587817 0.438585
667 0.00241068 0.0801114 0.492821
668 0.0197479 0.0578603 0.439807
669 0.0024454 0.0791793 0.435582
670 0.0201186 0.0569491 0.442612
671 0.00246251 0.0782394 0.383011
672 0.0205276 0.0560505 0.448325
673 0.0024511 0.0772892 0.334912
674 0.020911 0.055191 0.451515
675 0.00242217 0.0763387 0.291769
676 0.0213123 0.054302 0.453837
677 0.00242232 0.075402 0.254083
678 0.0217324 0.0534347 0.457745
679 0.00242246 0.0744654 0.220651
680 0.0221705 0.0525805 0.462888
681 0.00242261 0.0735287 0.191133
682 0.0225823 0.0517387 0.465046
683 0.00242276 0.072592 0.165188
684 0.023017 0.0508808 0.467974
685 0.0024229 0.0716554 0.142482
686 0.023456 0.050049 0.472071
687 0.00242305 0.0707187 0.122686
688 0.0238885 0.0492223 0.475483
689 0.0024232 0.069782 0.10549
690 0.0243155 0.0484031 0.47867
691 0.00242334 0.0688454 0.0905994
692 0.0247309 0.0475828 0.480876
693 0.00242349 0.0679087 0.0777422
694 0.0251479 0.0467494 0.483052
695 0.00242364 0.066972 0.0666682
696 0.0255649 0.0459317 0.486631
697 0.00242378 0.0660354 0.0571504
698 0.0259511 0.0451372 0.489097
699 0.00242393 0.0650987 0.0489849
700 0.0263302 0.0443098 0.490493
701 0.00242408 0.064162 0.0419898
702 0.0267026 0.0434876 0.49281
703 0.00242422 0.0632254 0.0360044
704 0.027059 0.0426721 0.495293
705 0.00242437 0.0622887 0.0308875
706 0.0273914 0.0418552 0.497012
707 0.00242452 0.061352 0.026516
708 0.0277095 0.0410309 0.49889
709 0.00242466 0.0604154 0.0227828
710 0.0280135 0.0401984 0.501085
711 0.00242481 0.0594787 0.0195952
712 0.0282883 0.0393789 0.5029
713 0.00242495 0.058542 0.0168738
714 0.0285444 0.0385462 0.504674
715 0.0024251 0.0576054 0.0145498
716 0.0287683 0.0377128 0.505536
717 0.00242525 0.0566687 0.012565
718 0.0289753 0.0368832 0.507252
719 0.00242539 0.055732 0.0108691
720 0.0291615 0.0360501 0.509275
721 0.00242554 0.0547954 0.00941981
722 0.0293109 0.0352039 0.509826
723 0.00242569 0.0538587 0.00818079
724 0.0294352 0.0343644 0.51057
725 0.00242583 0.052922 0.00712141
726 0.0295332 0.0335124 0.511119
727 0.00242598 0.0519854 0.00621573
728 0.0296016 0.0326593 0.511334
729 0.00242613 0.0510487 0.00544184
730 0.0296433 0.0318126 0.511558
731 0.00242627 0.050112 0.0047813
732 0.0296601 0.030963 0.511907
733 0.00242642 0.0491754 0.00421866
734 0.0296467 0.0301081 0.511862
735 0.00242657 0.0482387 0.00374102
736 0.0296009 0.0292518 0.511203
737 0.00242671 0.047302 0.00333771
738 0.0295351 0.0283993 0.511209
739 0.00242686 0.0463654 0.00299997
740 0.0294438 0.0275431 0.511367
741 0.00242701 0.0454287 0.00272073
742 0.0293202 0.0266897 0.510907
743 0.00242715 0.044492 0.00249444
744 0.0291765 0.0258436 0.511009
745 0.0024273 0.0435554 0.00231688
746 0.0290109 0.024994 0.511689
747 0.00242744 0.0426187 0.00218508
748 0.0288148 0.0241517 0.511886
749 0.00242759 0.041682 0.00209724
750 0.0285993 0.0233197 0.512608
751 0.00242774 0.0407454 0.00205272
752 0.0283589 0.0224892 0.513594
753 0.00242788 0.0398087 0.00205198
754 0.0280889 0.0216712 0.514096
755 0.00242803 0.038872 0.00209665
756 0.0278043 0.0208696 0.515429
757 0.00242818 0.0379354 0.00218957
758 0.0275001 0.0200755 0.517429
759 0.00242832 0.0369987 0.00233491
760 0.0271561 0.0192904 0.518292
761 0.00242847 0.036062 0.00253829
762 0.0267909 0.0185306 0.519088
763 0.00242862 0.0351254 0.00280695
764 0.026404 0.0177866 0.52016
765 0.00242876 0.0341887 0.00315
766 0.025983 0.0170538 0.520815
767 0.00242891 0.033252 0.00357868
768 0.0255419 0.0163331 0.522205
769 0.00242906 0.0323154 0.00410669
770 0.0250788 0.015649 0.522946
771 0.0024292 0.0313787 0.00475061
772 0.0245951 0.0149781 0.524295
773 0.00242935 0.030442 0.0055304
774 0.0240755 0.014327 0.524897
775 0.0024295 0.0295054 0.00646994
776 0.0235234 0.0137054 0.524473
777 0.00242964 0.0285687 0.0075977
778 0.0229623 0.0131125 0.524515
779 0.00242979 0.027632 0.00894755
780 0.0223672 0.0125254 0.524783
781 0.00242993 0.0266954 0.0105597
782 0.0217411 0.0119516 0.525107
783 0.00243008 0.0257587 0.0124816
784 0.0210908 0.0114141 0.524393
785 0.00243023 0.024822 0.0147695
786 0.0204391 0.0109039 0.524274
787 0.00243037 0.0238854 0.0174892
788 0.0197797 0.0104237 0.523962
789 0.00243052 0.0229487 0.0207181
790 0.0190727 0.00994197 0.523589
791 0.00243067 0.022012 0.0245469
792 0.0183189 0.00947018 0.522574
793 0.00243081 0.0210754 0.0290809
794 0.017542 0.00900113 0.522571
795 0.00243096 0.0201387 0.0344423
796 0.0167736 0.00855152 0.523594
797 0.00243111 0.019202 0.0407721
798 0.016032 0.00815305 0.523804
799 0.00243125 0.0182654 0.0482323
800 0.0152941 0.0077858 0.523409
801 0.0024314 0.0173287 0.0570071
802 0.0145104 0.00742043 0.522646
803 0.00243155 0.016392 0.067305
804 0.0136861 0.00706754 0.521024
805 0.00243169 0.0154554 0.0793599
806 0.012826 0.00670703 0.520194
807 0.00243184 0.0145187 0.0934314
808 0.011966 0.006347 0.520722
809 0.00243198 0.013582 0.109805
810 0.0111052 0.00598727 0.522582
811 0.00243213 0.0126454 0.12879
812 0.0102841 0.00565192 0.524987
813 0.00243228 0.0117087 0.150719
814 0.00947294 0.00534369 0.526802
815 0.00243242 0.010772 0.175942
816 0.00866949 0.00507321 0.52705
817 0.00243257 0.00983538 0.204823
818 0.00781709 0.00480862 0.526677
819 0.00243272 0.00889871 0.237733
820 0.00695929 0.00454923 0.526649
821 0.00243286 0.00796205 0.275043
822 0.00602808 0.00429494 0.525648
823 0.00244345 0.00700751 0.318012
824 0.00510204 0.00404822 0.525415
825 0.00250399 0.00603313 0.36767
826 0.00416869 0.00378899 0.527609
827 0.00253471 0.0050662 0.422826
828 0.00324635 0.00350452 0.533817
829 0.00247396 0.00411455 0.482228
830 0.00237619 0.00319925 0.544548
831 0.00158176 0.00294151 0.555562
832 0.00235821 0.0810551 0.556058
833 0.0128414 0.0749849 0.493598
834 0.0122057 0.075332 0.480383
835 0.0116205 0.0757513 0.476799
836 0.0110016 0.0761982 0.475838
837 0.0132052 0.0743592 0.479481
838 0.013654 0.0737639 0.474533
839 0.0103387 0.0766442 0.475573
840 0.0141276 0.0731175 0.471705
841 0.00960646 0.0770948 0.475499
842 0.007961 0.0112936 0.197586
843 0.00885591 0.077502 0.474743
844 0.0173759 0.0290029 0.03364
845 0.00810498 0.0778812 0.474663
846 0.0150322 0.0714633 0.458659
847 0.00738112 0.0782224 0.47506
848 0.0152968 0.0706922 0.44681
849 0.00664539 0.0785502 0.476056
850 0.0155604 0.0699323 0.437805
851 0.0058915 0.078873 0.47799
852 0.0158024 0.0691444 0.428404
853 0.00501315 0.0791222 0.473956
854 0.0160155 0.0683297 0.41781
855 0.00413045 0.0793717 0.472203
856 0.0162159 0.0674666 0.406352
857 0.0032533 0.0797167 0.47928
858 0.0164038 0.0665808 0.394664
859 0.016612 0.0656465 0.384504
860 0.0168188 0.064734 0.375813
861 0.0170113 0.0637641 0.364862
862 0.0172434 0.0627996 0.357797
863 0.0175198 0.0618306 0.35449
864 0.0177917 0.0608635 0.350627
865 0.018078 0.0598942 0.347387
866 0.018429 0.058956 0.350019
867 0.0187864 0.0580239 0.352592
868 0.0191493 0.0570834 0.354233
869 0.00331995 0.0787613 0.422084
870 0.0195425 0.0561744 0.358426
871 0.00331541 0.0777851 0.36842
872 0.019951 0.0552945 0.363939
873 0.00326911 0.0768142 0.320357
874 0.0203553 0.0544022 0.367425
875 0.00324767 0.0758687 0.278924
876 0.020773 0.0535104 0.37093
877 0.00323386 0.0749338 0.242586
878 0.0212071 0.0526462 0.375908
879 0.003234 0.0739972 0.21048
880 0.0216473 0.0518029 0.381371
881 0.00323415 0.0730605 0.182201
882 0.022069 0.0509381 0.383615
883 0.0032343 0.0721238 0.1574
884 0.0225171 0.0500852 0.388023
885 0.00323444 0.0711872 0.135734
886 0.0229549 0.0492604 0.392321
887 0.00323459 0.0702505 0.116877
888 0.0233884 0.0484408 0.396274
889 0.00323474 0.0693138 0.100517
890 0.0238072 0.0476304 0.39939
891 0.00323488 0.0683772 0.0863671
892 0.0242159 0.0468041 0.401207
893 0.00323503 0.0674405 0.0741595
894 0.0246422 0.0459764 0.404902
895 0.00323518 0.0665038 0.0636514
896 0.0250293 0.0451802 0.40712
897 0.00323532 0.0655672 0.0546234
898 0.025408 0.0443878 0.40955
899 0.00323547 0.0646305 0.0468792
900 0.0257936 0.0435569 0.412126
901 0.00323561 0.0636938 0.0402445
902 0.0261367 0.0427561 0.413327
903 0.00323576 0.0627572 0.0345659
904 0.0264748 0.0419543 0.415383
905 0.00323591 0.0618205 0.0297088
906 0.0267995 0.0411473 0.417571
907 0.00323605 0.0608838 0.0255563
908 0.0270934 0.0403377 0.418613
909 0.0032362 0.0599472 0.0220068
910 0.0273693 0.0395311 0.419912
911 0.00323635 0.0590105 0.0189729
912 0.0276321 0.0387276 0.421978
913 0.00323649 0.0580738 0.0163791
914 0.0278635 0.0379146 0.422978
915 0.00323664 0.0571372 0.0141611
916 0.0280756 0.0371028 0.424321
917 0.00323679 0.0562005 0.0122637
918 0.0282637 0.0362932 0.425678
919 0.00323693 0.0552638 0.0106397
920 0.0284267 0.0354767 0.426825
921 0.00323708 0.0543272 0.00924918
922 0.0285587 0.034659 0.427369
923 0.00323723 0.0533905 0.00805818
924 0.028666 0.0338441 0.427974
925 0.00323737 0.0524538 0.00703788
926 0.0287498 0.0330202 0.428666
927 0.00323752 0.0515172 0.00616393
928 0.0288022 0.0321943 0.42881
929 0.00323767 0.0505805 0.00541581
930 0.0288306 0.0313736 0.429138
931 0.00323781 0.0496438 0.00477625
932 0.0288367 0.0305484 0.429779
933 0.00323796 0.0487072 0.00423082
934 0.0288051 0.0297159 0.429356
935 0.0032381 0.0477705 0.00376747
936 0.0287502 0.0288888 0.429192
937 0.00323825 0.0468338 0.00337631
938 0.0286776 0.0280585 0.429849
939 0.0032384 0.0458972 0.00304922
940 0.0285698 0.0272275 0.429734
941 0.00323854 0.0449605 0.00277974
942 0.028439 0.0264039 0.42986
943 0.00323869 0.0440238 0.00256284
944 0.0282898 0.0255775 0.430801
945 0.00323884 0.0430872 0.00239482
946 0.0281128 0.0247557 0.431618
947 0.00323898 0.0421505 0.00227318
948 0.0279147 0.0239454 0.432752
949 0.00323913 0.0412138 0.00219662
950 0.0276922 0.023138 0.434121
951 0.00323928 0.0402772 0.00216497
952 0.0274428 0.0223366 0.435471
953 0.00323942 0.0393405 0.00217923
954 0.0271729 0.0215487 0.437158
955 0.00323957 0.0384038 0.0022416
956 0.026887 0.0207726 0.439599
957 0.00323972 0.0374672 0.00235555
958 0.0265714 0.0200085 0.441681
959 0.00323986 0.0365305 0.00252599
960 0.026227 0.0192633 0.443305
961 0.00324001 0.0355938 0.00275935
962 0.0258619 0.018539 0.444988
963 0.00324016 0.0346572 0.00306386
964 0.0254712 0.0178252 0.446808
965 0.0032403 0.0337205 0.00344976
966 0.0250576 0.0171313 0.448632
967 0.00324045 0.0327838 0.00392962
968 0.0246244 0.0164544 0.450783
969 0.00324059 0.0318472 0.00451872
970 0.024174 0.015797 0.453319
971 0.00324074 0.0309105 0.0052355
972 0.0237125 0.0151527 0.456949
973 0.00324089 0.0299738 0.0061021
974 0.0231798 0.0145497 0.456304
975 0.00324103 0.0290372 0.00714499
976 0.0226388 0.0139776 0.456005
977 0.00324118 0.0281005 0.00839571
978 0.0220915 0.0134082 0.457485
979 0.00324133 0.0271638 0.00989171
980 0.021512 0.0128441 0.459191
981 0.00324147 0.0262272 0.0116774
982 0.020895 0.0123105 0.459408
983 0.00324162 0.0252905 0.0138053
984 0.0202618 0.0118124 0.45893
985 0.00324177 0.0243538 0.0163371
986 0.0196193 0.011333 0.458844
987 0.00324191 0.0234172 0.0193456
988 0.0189621 0.0108656 0.459235
989 0.00324206 0.0224805 0.022916
990 0.0182471 0.0103893 0.459605
991 0.00324221 0.0215438 0.0271477
992 0.0175056 0.00993326 0.459589
993 0.00324235 0.0206072 0.0321561
994 0.0167555 0.00948938 0.460274
995 0.0032425 0.0196705 0.0380751
996 0.0160145 0.0090789 0.460775
997 0.00324265 0.0187338 0.0450585
998 0.0152888 0.00871075 0.46047
999 0.00324279 0.0177972 0.0532825
1000 0.0145497 0.00834781 0.460623
1001 0.00324294 0.0168605 0.0629469
1002 0.0137601 0.00798684 0.460306
1003 0.00324308 0.0159238 0.074277
1004 0.0129432 0.00763375 0.459937
1005 0.00324323 0.0149872 0.0875245
1006 0.0120835 0.00727344 0.460079
1007 0.00324338 0.0140505 0.102967
1008 0.0112235 0.00691406 0.461431
1009 0.00324352 0.0131138 0.12091
1010 0.0103935 0.0065707 0.463664
1011 0.00324367 0.0121772 0.14168
1012 0.00958809 0.00626198 0.465254
1013 0.00324382 0.0112405 0.165628
1014 0.00881207 0.00598421 0.466375
1015 0.00324396 0.0103038 0.193122
1016 0.00799287 0.00571803 0.466671
1017 0.00324411 0.00936717 0.224541
1018 0.00714512 0.00545921 0.466721
1019 0.00324426 0.00843051 0.260288
1020 0.0062447 0.00520007 0.46669
1021 0.00325226 0.00748461 0.301212
1022 0.00530047 0.00494637 0.46672
1023 0.00324635 0.00652589 0.347852
1024 0.00431079 0.00472151 0.465604
1025 0.00348697 0.005496 0.406657
1026 0.00337188 0.00446169 0.469599
1027 0.0121982 0.0743361 0.427469
1028 0.0114746 0.0748197 0.420412
1029 0.0108454 0.0752768 0.418801
1030 0.0102165 0.075734 0.419716
1031 0.0127449 0.0736003 0.41815
1032 0.0132174 0.0729333 0.411364
1033 0.00955122 0.0761981 0.421858
1034 0.0137064 0.0722337 0.407308
1035 0.00883644 0.0765848 0.420353
1036 0.00810161 0.0769512 0.419339
1037 0.00737415 0.0773014 0.419559
1038 0.0143677 0.0707711 0.387742
1039 0.00666633 0.0776275 0.420611
1040 0.0146319 0.0700607 0.378206
1041 0.00595652 0.0779514 0.423079
1042 0.0148872 0.0693079 0.368647
1043 0.00525533 0.0783436 0.431375
1044 0.0151141 0.0685166 0.35789
1045 0.00426494 0.0783392 0.412187
1046 0.0153191 0.0677128 0.346998
1047 0.0155163 0.0668381 0.335037
1048 0.0157089 0.0659268 0.323172
1049 0.0159055 0.0649976 0.312366
1050 0.0160881 0.0640505 0.301092
1051 0.0162953 0.063076 0.291562
1052 0.0165565 0.0620989 0.286203
1053 0.016841 0.0611199 0.282748
1054 0.0171096 0.0601085 0.277275
1055 0.0174235 0.0591387 0.275678
1056 0.0178135 0.0581904 0.279932
1057 0.0181609 0.0572344 0.280231
1058 0.0185278 0.0562937 0.28143
1059 0.0189777 0.0553929 0.289202
1060 0.00413729 0.0772663 0.352994
1061 0.0193877 0.0544904 0.293148
1062 0.00408369 0.0763175 0.307355
1063 0.0197939 0.0535995 0.296263
1064 0.0040596 0.0753932 0.268103
1065 0.0202393 0.0527103 0.301426
1066 0.0040454 0.0744656 0.233249
1067 0.0206915 0.0518516 0.307353
1068 0.00404554 0.073529 0.202298
1069 0.0211216 0.0509906 0.310956
1070 0.00404569 0.0725923 0.175092
1071 0.0215653 0.0501367 0.315195
1072 0.00404584 0.0716556 0.151271
1073 0.0220205 0.049293 0.320204
1074 0.00404598 0.070719 0.130489
1075 0.0224587 0.0484735 0.324549
1076 0.00404613 0.0697823 0.112421
1077 0.0228883 0.0476689 0.328706
1078 0.00404628 0.0688456 0.0967603
1079 0.0232911 0.046861 0.330852
1080 0.00404642 0.067909 0.0832227
1081 0.0237103 0.04602 0.333312
1082 0.00404657 0.0669723 0.071548
1083 0.0241035 0.0452258 0.33588
1084 0.00404671 0.0660356 0.0614999
1085 0.0244878 0.0444348 0.338449
1086 0.00404686 0.065099 0.0528661
1087 0.0248644 0.0436344 0.340862
1088 0.00404701 0.0641623 0.0454575
1089 0.0252169 0.042834 0.342417
1090 0.00404715 0.0632256 0.0391066
1091 0.0255532 0.0420421 0.344021
1092 0.0040473 0.062289 0.0336664
1093 0.0258848 0.0412479 0.346369
1094 0.00404745 0.0613523 0.0290084
1095 0.0261845 0.0404561 0.3477
1096 0.00404759 0.0604156 0.0250209
1097 0.026455 0.0396693 0.34833
1098 0.00404774 0.059479 0.0216075
1099 0.0267117 0.038883 0.349416
1100 0.00404789 0.0585423 0.0186849
1101 0.0269548 0.0380946 0.351
1102 0.00404803 0.0576056 0.0161816
1103 0.0271723 0.0373054 0.352254
1104 0.00404818 0.056669 0.0140364
1105 0.0273619 0.0365144 0.353061
1106 0.00404833 0.0557323 0.0121971
1107 0.0275295 0.0357253 0.353976
1108 0.00404847 0.0547956 0.0106192
1109 0.0276736 0.0349348 0.354879
1110 0.00404862 0.053859 0.00926477
1111 0.0277901 0.0341436 0.355489
1112 0.00404876 0.0529223 0.00810165
1113 0.0278812 0.0333484 0.355978
1114 0.00404891 0.0519856 0.00710264
1115 0.0279482 0.0325518 0.356522
1116 0.00404906 0.051049 0.00624474
1117 0.0279878 0.031755 0.356869
1118 0.0040492 0.0501123 0.00550856
1119 0.0280029 0.0309564 0.357274
1120 0.00404935 0.0491756 0.00487781
1121 0.0279924 0.0301572 0.357665
1122 0.0040495 0.048239 0.00433891
1123 0.0279545 0.0293538 0.357944
1124 0.00404964 0.0473023 0.00388054
1125 0.0278924 0.0285474 0.358403
1126 0.00404979 0.0463656 0.00349341
1127 0.0278029 0.0277439 0.358751
1128 0.00404994 0.045429 0.00316999
1129 0.0276867 0.0269426 0.359083
1130 0.00405008 0.0444923 0.00290433
1131 0.0275497 0.0261407 0.3599
1132 0.00405023 0.0435556 0.00269185
1133 0.0273924 0.0253406 0.361225
1134 0.00405038 0.042619 0.00252931
1135 0.02721 0.0245481 0.362628
1136 0.00405052 0.0416823 0.00241467
1137 0.0270054 0.0237621 0.364324
1138 0.00405067 0.0407456 0.00234709
1139 0.0267797 0.0229827 0.366418
1140 0.00405082 0.039809 0.00232689
1141 0.0265298 0.0222117 0.368656
1142 0.00405096 0.0388723 0.0023556
1143 0.0262568 0.0214552 0.370961
1144 0.00405111 0.0379356 0.00243604
1145 0.0259601 0.0207144 0.373247
1146 0.00405125 0.036999 0.00257238
1147 0.025643 0.019986 0.375849
1148 0.0040514 0.0360623 0.00277032
1149 0.0253024 0.0192734 0.378452
1150 0.00405155 0.0351256 0.00303724
1151 0.024938 0.0185775 0.380977
1152 0.00405169 0.034189 0.00338248
1153 0.0245484 0.0178996 0.383362
1154 0.00405184 0.0332523 0.00381757
1155 0.0241448 0.0172384 0.386299
1156 0.00405199 0.0323156 0.00435664
1157 0.0237181 0.016597 0.389104
1158 0.00405213 0.031379 0.00501679
1159 0.0232806 0.0159604 0.393135
1160 0.00405228 0.0304423 0.00581862
1161 0.0229277 0.0152869 0.405593
1162 0.00405243 0.0295056 0.00678683
1163 0.0222928 0.0148325 0.394204
1164 0.00405257 0.028569 0.00795092
1165 0.021774 0.0142777 0.395961
1166 0.00405272 0.0276323 0.00934598
1167 0.0212515 0.0137245 0.399362
1168 0.00405287 0.0266956 0.0110137
1169 0.0206756 0.0131787 0.401579
1170 0.00405301 0.025759 0.0130033
1171 0.0200699 0.0127116 0.400265
1172 0.00405316 0.0248223 0.0153732
1173 0.0194481 0.0122329 0.40054
1174 0.00405331 0.0238856 0.0181917
1175 0.0188081 0.0117733 0.400724
1176 0.00405345 0.022949 0.0215395
1177 0.0181516 0.011312 0.401953
1178 0.0040536 0.0220123 0.0255105
1179 0.0174403 0.0108486 0.402946
1180 0.00405374 0.0210756 0.0302145
1181 0.0167201 0.0104173 0.403382
1182 0.00405389 0.020139 0.0357787
1183 0.0159936 0.0100083 0.403777
1184 0.00405404 0.0192023 0.0423499
1185 0.0152745 0.00963521 0.403612
1186 0.00405418 0.0182656 0.0500966
1187 0.0145537 0.00927062 0.404038
1188 0.00405433 0.017329 0.0592109
1189 0.0138151 0.00891267 0.404645
1190 0.00405448 0.0163923 0.0699103
1191 0.0130121 0.00855418 0.404662
1192 0.00405462 0.0154556 0.0824385
1193 0.0122006 0.00819982 0.405311
1194 0.00405477 0.014519 0.0970665
1195 0.0113415 0.00784029 0.406251
1196 0.00405492 0.0135823 0.114093
1197 0.0105095 0.00750369 0.407551
1198 0.00405506 0.0126456 0.133841
1199 0.00969414 0.00718464 0.409173
1200 0.00405521 0.011709 0.156658
1201 0.00892614 0.00690116 0.41054
1202 0.00405536 0.0107723 0.182915
1203 0.00812722 0.00662482 0.411685
1204 0.0040555 0.00983563 0.212993
1205 0.00730875 0.00636503 0.412225
1206 0.00408565 0.00888708 0.247971
1207 0.00643043 0.00611522 0.411948
1208 0.00409332 0.00794453 0.287316
1209 0.0055085 0.00584682 0.413195
1210 0.00405558 0.007029 0.33002
1211 0.00452255 0.00556654 0.4157
1212 0.0142329 0.0715853 0.411471
1213 0.011938 0.0734686 0.375557
1214 0.0112781 0.0738872 0.367615
1215 0.0106579 0.0743463 0.365987
1216 0.0100358 0.0748167 0.367055
1217 0.00951486 0.0753944 0.378839
1218 0.0122723 0.0727522 0.358694
1219 0.012817 0.0720294 0.353726
1220 0.00878815 0.0756886 0.37161
1221 0.00808433 0.0760209 0.369214
1222 0.00735506 0.0763917 0.369939
1223 0.00660157 0.0767485 0.371158
1224 0.0136995 0.0702422 0.33136
1225 0.00582864 0.0771027 0.373528
1226 0.0139679 0.0694649 0.31985
1227 0.00504184 0.077559 0.38283
1228 0.0142129 0.0686902 0.309112
1229 0.0144263 0.0679064 0.298056
1230 0.014617 0.0670914 0.286364
1231 0.0148115 0.0662046 0.274457
1232 0.015003 0.0652867 0.26298
1233 0.0151818 0.0643541 0.251629
1234 0.015337 0.0633674 0.238742
1235 0.0155608 0.0623683 0.230274
1236 0.0158863 0.0613894 0.228535
1237 0.0161195 0.0603939 0.221558
1238 0.0163231 0.0593106 0.211243
1239 0.0168481 0.0583559 0.221813
1240 0.0172179 0.0574151 0.223658
1241 0.0174237 0.0563942 0.213762
1242 0.0179836 0.0554675 0.226212
1243 0.0184276 0.054578 0.232232
1244 0.00494526 0.0767062 0.337743
1245 0.0188235 0.0536761 0.234461
1246 0.004906 0.0758279 0.296956
1247 0.0192343 0.0527803 0.237089
1248 0.0048884 0.0749197 0.259603
1249 0.0197129 0.051908 0.243943
1250 0.00487201 0.0739938 0.225859
1251 0.0201608 0.0510493 0.248825
1252 0.00485708 0.0730608 0.195885
1253 0.0206109 0.0501812 0.253079
1254 0.00485723 0.0721241 0.169612
1255 0.0210632 0.0493329 0.257594
1256 0.00485737 0.0711874 0.146632
1257 0.0215274 0.0485025 0.263114
1258 0.00485752 0.0702508 0.1266
1259 0.021969 0.047695 0.26771
1260 0.00485767 0.0693141 0.109194
1261 0.0223699 0.0469061 0.270344
1262 0.00485781 0.0683774 0.0941127
1263 0.022773 0.0460778 0.272092
1264 0.00485796 0.0674408 0.0810772
1265 0.0231773 0.0452719 0.274834
1266 0.00485811 0.0665041 0.0698338
1267 0.0235648 0.0444769 0.277194
1268 0.00485825 0.0655674 0.0601529
1269 0.0239386 0.0436913 0.279471
1270 0.0048584 0.0646308 0.0518293
1271 0.0242984 0.0429017 0.281425
1272 0.00485855 0.0636941 0.0446802
1273 0.0246322 0.0421196 0.282705
1274 0.00485869 0.0627574 0.0385447
1275 0.0249533 0.0413391 0.284113
1276 0.00485884 0.0618208 0.0332816
1277 0.0252686 0.0405595 0.286175
1278 0.00485899 0.0608841 0.0287677
1279 0.0255393 0.0397923 0.286744
1280 0.00485913 0.0599474 0.0248962
1281 0.0257967 0.0390208 0.287542
1282 0.00485928 0.0590108 0.0215749
1283 0.0260392 0.0382521 0.28869
1284 0.00485943 0.0580741 0.0187244
1285 0.0262631 0.0374847 0.289987
1286 0.00485957 0.0571374 0.0162766
1287 0.0264634 0.0367168 0.291142
1288 0.00485972 0.0562008 0.0141732
1289 0.0266344 0.0359496 0.291802
1290 0.00485986 0.0552641 0.0123645
1291 0.0267814 0.0351832 0.292374
1292 0.00486001 0.0543274 0.0108079
1293 0.0269093 0.0344174 0.293227
1294 0.00486016 0.0533908 0.00946756
1295 0.0270111 0.0336506 0.293889
1296 0.0048603 0.0524541 0.00831279
1297 0.0270868 0.0328816 0.294389
1298 0.00486045 0.0515174 0.00731771
1299 0.0271378 0.0321113 0.294845
1300 0.0048606 0.0505808 0.00646044
1301 0.0271652 0.0313395 0.295371
1302 0.00486074 0.0496441 0.00572255
1303 0.0271665 0.0305668 0.295821
1304 0.00486089 0.0487074 0.00508857
1305 0.0271427 0.0297921 0.296284
1306 0.00486104 0.0477708 0.0045456
1307 0.0270964 0.0290144 0.29696
1308 0.00486118 0.0468341 0.00408292
1309 0.0270186 0.0282355 0.297289
1310 0.00486133 0.0458974 0.00369178
1311 0.0269156 0.0274577 0.2977
1312 0.00486148 0.0449608 0.00336512
1313 0.0267975 0.0266791 0.298902
1314 0.00486162 0.0440241 0.0030974
1315 0.0266549 0.0259022 0.300279
1316 0.00486177 0.0430874 0.00288448
1317 0.026488 0.0251308 0.301792
1318 0.00486192 0.0421508 0.00272352
1319 0.0263025 0.0243648 0.303829
1320 0.00486206 0.0412141 0.00261292
1321 0.0260978 0.0236054 0.306328
1322 0.00486221 0.0402774 0.00255227
1323 0.0258742 0.0228535 0.309289
1324 0.00486235 0.0393408 0.00254242
1325 0.025622 0.0221147 0.311984
1326 0.0048625 0.0384041 0.00258545
1327 0.0253385 0.0213919 0.314177
1328 0.00486265 0.0374674 0.00268485
1329 0.0250404 0.0206841 0.316929
1330 0.00486279 0.0365308 0.00284554
1331 0.0247315 0.0199844 0.320616
1332 0.00486294 0.0355941 0.00307414
1333 0.0243867 0.0193023 0.323375
1334 0.00486309 0.0346574 0.00337909
1335 0.0240161 0.0186493 0.325648
1336 0.00486323 0.0337208 0.00377099
1337 0.0236292 0.017992 0.328983
1338 0.00486338 0.0327841 0.00426288
1339 0.0232136 0.0173351 0.332624
1340 0.00486353 0.0318474 0.00487067
1341 0.0227511 0.0166592 0.336561
1342 0.00486367 0.0309108 0.00561358
1343 0.02222 0.015897 0.342779
1344 0.00486382 0.0299741 0.00651473
1345 0.0161084 0.0529156 0.106295
1346 0.00486397 0.0290374 0.00760178
1347 0.0214798 0.0151914 0.340559
1348 0.00486411 0.0281008 0.00890776
1349 0.020912 0.0145803 0.34389
1350 0.00486426 0.0271641 0.0104719
1351 0.0205066 0.0139502 0.356604
1352 0.0048644 0.0262274 0.0123407
1353 0.0198635 0.0136146 0.347228
1354 0.00486455 0.0252908 0.0145693
1355 0.0192778 0.0131337 0.348529
1356 0.0048647 0.0243541 0.0172225
1357 0.0186455 0.0126822 0.348174
1358 0.00486484 0.0234174 0.0203765
1359 0.0180078 0.0122244 0.349392
1360 0.00486499 0.0224808 0.0241209
1361 0.0173527 0.0117645 0.351529
1362 0.00486514 0.0215441 0.0285599
1363 0.016666 0.011324 0.353039
1364 0.00486528 0.0206074 0.0338149
1365 0.0159546 0.010927 0.352833
1366 0.00486543 0.0196708 0.0400263
1367 0.0152473 0.0105573 0.352481
1368 0.00486558 0.0187341 0.0473559
1369 0.0145425 0.0101957 0.35284
1370 0.00486572 0.0177974 0.0559884
1371 0.0138226 0.00983521 0.353721
1372 0.00486587 0.0168608 0.0661337
1373 0.013073 0.00948042 0.35452
1374 0.00486602 0.0159241 0.0780284
1375 0.0122833 0.00911951 0.355683
1376 0.00486616 0.0149874 0.0919365
1377 0.0114589 0.00876602 0.356667
1378 0.00486631 0.0140508 0.10815
1379 0.0106211 0.0084372 0.357042
1380 0.00486646 0.0131141 0.126987
1381 0.00979968 0.00812323 0.357882
1382 0.0048666 0.0121774 0.148793
1383 0.00901749 0.00782133 0.359694
1384 0.00486675 0.0112408 0.173935
1385 0.00824868 0.00754067 0.361345
1386 0.00486689 0.0103041 0.202807
1387 0.00747541 0.00725549 0.363998
1388 0.00490445 0.00936017 0.236371
1389 0.00659097 0.00703085 0.362122
1390 0.00495366 0.00839345 0.275706
1391 0.00570477 0.00680252 0.361439
1392 0.00494549 0.00741745 0.320386
1393 0.00481317 0.006477 0.367316
1394 0.0040202 0.00621316 0.372348
1395 0.0134215 0.0711863 0.350475
1396 0.0112193 0.0728091 0.319473
1397 0.0104889 0.0733908 0.318592
1398 0.00977729 0.0739561 0.320274
1399 0.0130071 0.0532823 0.0482663
1400 0.0141922 0.060854 0.144087
1401 0.0118277 0.0719355 0.308437
1402 0.00813053 0.0750547 0.324331
1403 0.00734901 0.0754531 0.32442
1404 0.00657584 0.0758492 0.326514
1405 0.00579587 0.0762328 0.329642
1406 0.0130323 0.0695809 0.278501
1407 0.0133111 0.0688385 0.269003
1408 0.0135488 0.0680842 0.258989
1409 0.0137195 0.0673008 0.246507
1410 0.0139079 0.0664594 0.23482
1411 0.0140918 0.0655716 0.223251
1412 0.0142784 0.0646699 0.212771
1413 0.0144219 0.0637191 0.200466
1414 0.014489 0.0626377 0.183396
1415 0.0148831 0.0616216 0.183032
1416 0.0151712 0.0607125 0.18032
1417 0.0153324 0.0597865 0.172009
1418 0.015862 0.058295 0.170815
1419 0.0163803 0.0576419 0.184018
1420 0.0164381 0.0568273 0.172607
1421 0.0170202 0.055395 0.174419
1422 0.0174926 0.0546489 0.183417
1423 0.0178572 0.0537583 0.184352
1424 0.0181944 0.0528439 0.182944
1425 0.0186764 0.0519523 0.188587
1426 0.00571109 0.0744553 0.253356
1427 0.0191898 0.0510898 0.196392
1428 0.00568589 0.073529 0.220384
1429 0.0196492 0.0502246 0.200921
1430 0.00566862 0.0725926 0.191132
1431 0.0200937 0.0493752 0.204686
1432 0.00566877 0.0716559 0.165666
1433 0.0205624 0.0485343 0.209679
1434 0.00566891 0.0707192 0.143401
1435 0.0210126 0.0477309 0.214495
1436 0.00566906 0.0697826 0.123999
1437 0.0214471 0.0469334 0.21859
1438 0.00566921 0.0688459 0.107141
1439 0.0218491 0.0461404 0.221105
1440 0.00566935 0.0679092 0.092532
1441 0.0222633 0.0453102 0.223535
1442 0.0056695 0.0669726 0.0798988
1443 0.022642 0.0445227 0.225364
1444 0.00566965 0.0660359 0.0689943
1445 0.0230174 0.0437363 0.227423
1446 0.00566979 0.0650992 0.0595958
1447 0.0233756 0.0429591 0.229233
1448 0.00566994 0.0641626 0.0515047
1449 0.0237132 0.0421869 0.230636
1450 0.00567009 0.0632259 0.0445447
1451 0.0240338 0.0414176 0.231867
1452 0.00567023 0.0622892 0.0385607
1453 0.0243338 0.0406528 0.232843
1454 0.00567038 0.0613526 0.0334166
1455 0.024615 0.0398952 0.233806
1456 0.00567052 0.0604159 0.0289943
1457 0.0248809 0.0391413 0.234924
1458 0.00567067 0.0594792 0.0251913
1459 0.0251253 0.0383886 0.235878
1460 0.00567082 0.0585426 0.0219195
1461 0.0253537 0.0376384 0.237069
1462 0.00567096 0.0576059 0.0191027
1463 0.0255703 0.0368955 0.238822
1464 0.00567111 0.0566692 0.0166759
1465 0.0257478 0.0361482 0.239563
1466 0.00567126 0.0557326 0.0145833
1467 0.0258917 0.0354069 0.23962
1468 0.0056714 0.0547959 0.0127772
1469 0.0260243 0.0346648 0.24029
1470 0.00567155 0.0538592 0.0112171
1471 0.0261424 0.033927 0.241459
1472 0.0056717 0.0529226 0.00986836
1473 0.0262258 0.0331858 0.241947
1474 0.00567184 0.0519859 0.00870186
1475 0.026285 0.0324426 0.242366
1476 0.00567199 0.0510492 0.00769276
1477 0.0263273 0.0316986 0.243186
1478 0.00567214 0.0501126 0.00682012
1479 0.026339 0.0309526 0.24363
1480 0.00567228 0.0491759 0.0060663
1481 0.0263258 0.0302041 0.244083
1482 0.00567243 0.0482392 0.00541649
1483 0.0263007 0.0294565 0.24529
1484 0.00567258 0.0473026 0.00485834
1485 0.0262401 0.0287013 0.245927
1486 0.00567272 0.0463659 0.00438164
1487 0.0261388 0.027952 0.245749
1488 0.00567287 0.0454292 0.00397805
1489 0.0260319 0.0271975 0.246801
1490 0.00567301 0.0444926 0.0036409
1491 0.0259073 0.0264418 0.248398
1492 0.00567316 0.0435559 0.00336504
1493 0.0257575 0.0256904 0.250089
1494 0.00567331 0.0426192 0.00314667
1495 0.0255853 0.0249437 0.25203
1496 0.00567345 0.0416826 0.00298334
1497 0.0253966 0.0242037 0.254521
1498 0.0056736 0.0407459 0.00287385
1499 0.0251922 0.0234716 0.257579
1500 0.00567375 0.0398092 0.00281826
1501 0.0249832 0.0227467 0.261789
1502 0.00567389 0.0388726 0.00281791
1503 0.0247164 0.0220393 0.264068
1504 0.00567404 0.0379359 0.00287552
1505 0.0244142 0.0213654 0.265388
1506 0.00567419 0.0369992 0.00299527
1507 0.0241335 0.0206744 0.269722
1508 0.00567433 0.0360626 0.00318296
1509 0.0239603 0.0199502 0.281793
1510 0.00567448 0.0351259 0.00344621
1511 0.023466 0.0193786 0.275315
1512 0.00567463 0.0341892 0.00379469
1513 0.0231006 0.0187448 0.27845
1514 0.00567477 0.0332526 0.00424043
1515 0.0227373 0.0181009 0.283563
1516 0.00567492 0.0323159 0.00479823
1517 0.0222984 0.0174425 0.287324
1518 0.00567507 0.0313792 0.00548605
1519 0.0217922 0.0167424 0.291641
1520 0.00567521 0.0304426 0.00632557
1521 0.00567536 0.0295059 0.00734282
1522 0.0056755 0.0285692 0.00856893
1523 0.0204902 0.0153784 0.294322
1524 0.00567565 0.0276326 0.010041
1525 0.0198284 0.0146054 0.302159
1526 0.0056758 0.0266959 0.011803
1527 0.00567594 0.0257592 0.0139072
1528 0.00567609 0.0248226 0.0164151
1529 0.0184996 0.0136338 0.30021
1530 0.00567624 0.0238859 0.0193994
1531 0.0178645 0.0131435 0.302462
1532 0.00567638 0.0229492 0.0229451
1533 0.0172226 0.0126784 0.304685
1534 0.00567653 0.0220126 0.0271518
1535 0.0165822 0.0122209 0.307824
1536 0.00567668 0.0210759 0.0321357
1537 0.0158998 0.0118288 0.30782
1538 0.00567682 0.0201392 0.0380312
1539 0.015208 0.0114737 0.306905
1540 0.00567697 0.0192026 0.0449937
1541 0.0145119 0.0111186 0.306887
1542 0.00567712 0.0182659 0.0532012
1543 0.0138102 0.0107629 0.307636
1544 0.00567726 0.0173292 0.0628566
1545 0.0130813 0.0104036 0.308788
1546 0.00567741 0.0163926 0.0741894
1547 0.0123325 0.0100495 0.310128
1548 0.00567755 0.0154559 0.0874568
1549 0.0115348 0.00969351 0.311428
1550 0.0056777 0.0145192 0.102944
1551 0.0107203 0.00936073 0.312152
1552 0.00567785 0.0135826 0.120965
1553 0.00989261 0.00905446 0.312217
1554 0.00567799 0.0126459 0.141859
1555 0.00909227 0.00875894 0.313054
1556 0.00567814 0.0117092 0.165988
1557 0.00833945 0.00846401 0.315377
1558 0.00569826 0.0107778 0.193732
1559 0.00758258 0.00818084 0.317799
1560 0.00573234 0.00985207 0.22543
1561 0.00684899 0.00781005 0.325649
1562 0.00578345 0.00891479 0.262205
1563 0.00591942 0.00785767 0.310502
1564 0.0123945 0.0712036 0.304427
1565 0.0127799 0.0703682 0.2924
1566 0.0153491 0.0589632 0.159823
1567 0.00575907 0.0753656 0.290318
1568 0.0211683 0.0160546 0.293039
1569 0.0191922 0.0139865 0.307365
1570 0.0102621 0.0724469 0.275261
1571 0.0108322 0.0717741 0.268489
1572 0.00962255 0.0730034 0.277918
1573 0.00892279 0.0735512 0.280746
1574 0.00817078 0.0740712 0.283539
1575 0.00655704 0.0749276 0.28579
1576 0.0123768 0.0688836 0.2327
1577 0.0127664 0.0682593 0.231099
1578 0.012813 0.0675412 0.215096
1579 0.0129958 0.0667285 0.203388
1580 0.0131876 0.0658631 0.192265
1581 0.0133636 0.064987 0.181646
1582 0.0135361 0.0641086 0.172002
1583 0.0136302 0.0632459 0.160831
1584 0.0139284 0.0617097 0.147338
1585 0.0145312 0.0601307 0.145969
1586 0.015454 0.0572825 0.139169
1587 0.0165498 0.0545714 0.141722
1588 0.0170447 0.0539273 0.151657
1589 0.0170826 0.0530261 0.139133
1590 0.0175382 0.0519334 0.139789
1591 0.0182308 0.0510988 0.153726
1592 0.00652828 0.0739975 0.249121
1593 0.0187062 0.0502633 0.15895
1594 0.00649475 0.073066 0.21662
1595 0.0191093 0.0494111 0.160509
1596 0.00648016 0.0721243 0.188005
1597 0.0195797 0.0485675 0.164929
1598 0.00648031 0.0711877 0.163233
1599 0.0200624 0.0477493 0.170297
1600 0.00648045 0.070251 0.141564
1601 0.0205094 0.0469566 0.174586
1602 0.0064806 0.0693143 0.122677
1603 0.0209253 0.0461705 0.177674
1604 0.00648075 0.0683777 0.106265
1605 0.0213342 0.0453651 0.18016
1606 0.00648089 0.067441 0.0920291
1607 0.0217263 0.0445587 0.182056
1608 0.00648104 0.0665043 0.0797042
1609 0.0220984 0.0437787 0.183809
1610 0.00648118 0.0655677 0.0690507
1611 0.0224537 0.0430055 0.185304
1612 0.00648133 0.064631 0.0598533
1613 0.0227908 0.0422426 0.186599
1614 0.00648148 0.0636943 0.05192
1615 0.0231123 0.0414856 0.1878
1616 0.00648162 0.0627577 0.0450808
1617 0.0234099 0.0407316 0.188558
1618 0.00648177 0.061821 0.0391855
1619 0.0236921 0.0399856 0.189411
1620 0.00648192 0.0608843 0.0341027
1621 0.0239614 0.0392442 0.190468
1622 0.00648206 0.0599477 0.0297189
1623 0.0242109 0.0385041 0.191424
1624 0.00648221 0.059011 0.0259363
1625 0.0244445 0.0377685 0.192556
1626 0.00648236 0.0580743 0.0226701
1627 0.0246562 0.0370412 0.19371
1628 0.0064825 0.0571377 0.0198475
1629 0.0250049 0.0363599 0.203015
1630 0.00648265 0.056201 0.0174058
1631 0.0250099 0.0356131 0.195795
1632 0.0064828 0.0552643 0.0152913
1633 0.0251299 0.034886 0.195451
1634 0.00648294 0.0543277 0.0134584
1635 0.0252676 0.0341657 0.197137
1636 0.00648309 0.053391 0.011868
1637 0.025515 0.0334783 0.205584
1638 0.00648324 0.0524543 0.0104869
1639 0.0254196 0.0327451 0.197862
1640 0.00648338 0.0515177 0.00928702
1641 0.0254801 0.0320194 0.199076
1642 0.00648353 0.050581 0.00824446
1643 0.0256591 0.0313123 0.207417
1644 0.00648367 0.0496443 0.00733907
1645 0.025494 0.0305913 0.199803
1646 0.00648382 0.0487077 0.00655381
1647 0.0254921 0.0298604 0.201524
1648 0.00648397 0.047771 0.00587441
1649 0.025597 0.0291326 0.209785
1650 0.00648411 0.0468343 0.00528897
1651 0.025356 0.0284334 0.202106
1652 0.00648426 0.0458977 0.00478763
1653 0.0252535 0.0276964 0.202726
1654 0.00648441 0.044961 0.0043624
1655 0.0251455 0.026962 0.20441
1656 0.00648455 0.0440243 0.00400691
1657 0.0250187 0.0262306 0.206461
1658 0.0064847 0.0430877 0.00371631
1659 0.0248596 0.0255028 0.208289
1660 0.00648485 0.042151 0.00348714
1661 0.024676 0.0247791 0.210272
1662 0.00648499 0.0412143 0.00331728
1663 0.0244927 0.0240625 0.213475
1664 0.00648514 0.0402777 0.0032059
1665 0.0242884 0.023357 0.216911
1666 0.00648529 0.039341 0.00315354
1667 0.0241942 0.022636 0.226842
1668 0.00648543 0.0384043 0.00316208
1669 0.0237679 0.0220597 0.220411
1670 0.00648558 0.0374677 0.0032349
1671 0.0234585 0.0212654 0.225236
1672 0.00648573 0.036531 0.00337697
1673 0.0226778 0.0274843 0.114058
1674 0.00648587 0.0355943 0.00359506
1675 0.0176178 0.0147835 0.232667
1676 0.00648602 0.0346577 0.00389792
1677 0.0225973 0.0195545 0.234334
1678 0.00648616 0.033721 0.00429663
1679 0.0221825 0.0188554 0.238294
1680 0.00648631 0.0327843 0.0048049
1681 0.0219358 0.0181607 0.249925
1682 0.00648646 0.0318477 0.0054395
1683 0.0213602 0.017665 0.244516
1684 0.0064866 0.030911 0.0062208
1685 0.00648675 0.0299743 0.00717333
1686 0.0064869 0.0290377 0.00832648
1687 0.00648704 0.028101 0.00971539
1688 0.0194754 0.0155601 0.254549
1689 0.00648719 0.0271643 0.0113819
1690 0.00648734 0.0262277 0.0133755
1691 0.00648748 0.025291 0.0157548
1692 0.00648763 0.0243543 0.0185892
1693 0.0177866 0.0140566 0.263117
1694 0.00648778 0.0234177 0.0219598
1695 0.0170616 0.0135861 0.262805
1696 0.00648792 0.022481 0.0259619
1697 0.0164088 0.0131214 0.265276
1698 0.00648807 0.0215443 0.0307067
1699 0.0158746 0.0126107 0.273538
1700 0.00648822 0.0206077 0.0363234
1701 0.0151674 0.0123948 0.266234
1702 0.00648836 0.019671 0.0429613
1703 0.0144805 0.0120399 0.266212
1704 0.00648851 0.0187343 0.0507921
1705 0.0137863 0.0116886 0.266651
1706 0.00648865 0.0177977 0.060012
1707 0.0130781 0.0113312 0.267803
1708 0.0064888 0.016861 0.0708437
1709 0.0123527 0.0109754 0.269308
1710 0.00648895 0.0159243 0.0835377
1711 0.0116029 0.0106222 0.270996
1712 0.00648909 0.0149877 0.0983734
1713 0.0108229 0.010281 0.272395
1714 0.00648924 0.014051 0.115658
1715 0.0100013 0.00998829 0.271783
1716 0.00648939 0.0131143 0.135729
1717 0.00915904 0.00971241 0.27086
1718 0.00648084 0.0121789 0.15885
1719 0.00833971 0.00938806 0.273193
1720 0.00649865 0.0112442 0.18564
1721 0.00751255 0.00901901 0.278158
1722 0.00655364 0.0103303 0.216023
1723 0.00666891 0.00862757 0.284631
1724 0.0066144 0.00944946 0.249462
1725 0.0113861 0.0710438 0.261795
1726 0.00736808 0.0745006 0.283809
1727 0.0120888 0.0696646 0.243975
1728 0.013553 0.0624267 0.145572
1729 0.0143909 0.0592244 0.128458
1730 0.0148349 0.0582063 0.130054
1731 0.0156527 0.0562065 0.131879
1732 0.0160191 0.0552898 0.132316
1733 0.0208151 0.0169782 0.248085
1734 0.0201832 0.0162804 0.2511
1735 0.0186171 0.0147567 0.258776
1736 0.0119526 0.0704552 0.262923
1737 0.00944784 0.072198 0.245084
1738 0.00982881 0.0715631 0.233711
1739 0.00880924 0.0725524 0.241968
1740 0.00808577 0.0730731 0.244527
1741 0.0118718 0.0679688 0.193172
1742 0.0120722 0.0670309 0.178921
1743 0.0122815 0.0661556 0.167837
1744 0.0124638 0.0652918 0.157486
1745 0.0126149 0.0644227 0.147304
1746 0.0127423 0.0635698 0.137746
1747 0.0162463 0.05369 0.119546
1748 0.0164977 0.0521988 0.109185
1749 0.0173143 0.0508827 0.117675
1750 0.0178741 0.0503085 0.128599
1751 0.0073299 0.0735526 0.246927
1752 0.0180783 0.0494831 0.123869
1753 0.00729155 0.0725928 0.214095
1754 0.0185472 0.0485968 0.126955
1755 0.00729627 0.0716395 0.186152
1756 0.0190697 0.0477646 0.132678
1757 0.00731453 0.0707085 0.162381
1758 0.0195508 0.0469685 0.137552
1759 0.00730864 0.069784 0.141384
1760 0.0199899 0.0461837 0.14112
1761 0.00729214 0.0688461 0.122695
1762 0.0204125 0.0454036 0.144212
1763 0.00729228 0.0679095 0.106631
1764 0.0207983 0.0446126 0.145913
1765 0.00729243 0.0669728 0.0926657
1766 0.0211703 0.0438285 0.147408
1767 0.00729258 0.0660361 0.0805553
1768 0.0215334 0.0430496 0.148887
1769 0.00729272 0.0650995 0.0700658
1770 0.0218642 0.0422942 0.149848
1771 0.00729287 0.0641628 0.0609863
1772 0.0221815 0.0415468 0.150799
1773 0.00729302 0.0632261 0.0531372
1774 0.0224854 0.0408013 0.151721
1775 0.00729316 0.0622895 0.0463525
1776 0.0227702 0.0400627 0.152519
1777 0.00729331 0.0613528 0.0404795
1778 0.0230406 0.0393324 0.153443
1779 0.00729346 0.0604161 0.0353965
1780 0.0232974 0.0386097 0.154561
1781 0.0072936 0.0594795 0.0309947
1782 0.023542 0.0378656 0.155663
1783 0.00729375 0.0585428 0.0271808
1784 0.0237821 0.0370764 0.156886
1785 0.0072939 0.0576061 0.0238735
1786 0.0209594 0.0275162 0.0780757
1787 0.00729404 0.0566695 0.0210025
1788 0.0145446 0.0186432 0.0932834
1789 0.00729419 0.0557328 0.0185069
1790 0.0242191 0.0351974 0.15835
1791 0.00729433 0.0547961 0.016335
1792 0.0243705 0.0343397 0.159119
1793 0.00729448 0.0538595 0.0144427
1794 0.0143169 0.057416 0.10515
1795 0.00729463 0.0529228 0.0127923
1796 0.0146713 0.0724052 0.473906
1797 0.00729477 0.0519861 0.0113519
1798 0.0245982 0.0323121 0.160996
1799 0.00729492 0.0510495 0.0100944
1800 0.0246682 0.0292147 0.167919
1801 0.00729507 0.0501128 0.00899651
1802 0.024098 0.0361342 0.160555
1803 0.00729521 0.0491761 0.00803878
1804 0.0246496 0.0302296 0.163811
1805 0.00729536 0.0482395 0.00720463
1806 0.02313 0.0203692 0.233519
1807 0.00729551 0.0473028 0.00648015
1808 0.0247276 0.0312953 0.16533
1809 0.00729565 0.0463661 0.00585374
1810 0.0244814 0.0282591 0.165987
1811 0.0072958 0.0454295 0.00531583
1812 0.0243667 0.0274534 0.167427
1813 0.00729595 0.0444928 0.00485863
1814 0.0242716 0.0267534 0.169945
1815 0.00729609 0.0435561 0.00447603
1816 0.0241412 0.0260413 0.172258
1817 0.00729624 0.0426195 0.00416339
1818 0.023952 0.0253383 0.17339
1819 0.00729639 0.0416828 0.00391751
1820 0.0237608 0.024618 0.175794
1821 0.00729653 0.0407461 0.00373658
1822 0.0235456 0.0238529 0.17919
1823 0.00729668 0.0398095 0.00362016
1824 0.0233097 0.0229586 0.185335
1825 0.00729682 0.0388728 0.00356923
1826 0.00729697 0.0379361 0.00358627
1827 0.0228614 0.0220237 0.187058
1828 0.00729712 0.0369995 0.00367536
1829 0.0224982 0.0211495 0.192484
1830 0.00729726 0.0360628 0.00384237
1831 0.00729741 0.0351261 0.00409512
1832 0.00729756 0.0341895 0.00444371
1833 0.0216111 0.0195541 0.200323
1834 0.0072977 0.0332528 0.00490079
1835 0.0211701 0.0186993 0.208393
1836 0.00729785 0.0323161 0.00548202
1837 0.007298 0.0313795 0.00620647
1838 0.00729814 0.0304428 0.00709727
1839 0.00729829 0.0295061 0.00818225
1840 0.00729844 0.0285695 0.00949471
1841 0.00729858 0.0276328 0.0110744
1842 0.00729873 0.0266961 0.0129686
1843 0.00729888 0.0257595 0.0152331
1844 0.00729902 0.0248228 0.0179342
1845 0.00729917 0.0238861 0.0211497
1846 0.0168966 0.0144703 0.22669
1847 0.00729931 0.0229495 0.0249707
1848 0.016191 0.0139926 0.228065
1849 0.00729946 0.0220128 0.0295041
1850 0.015412 0.0133997 0.23296
1851 0.00729961 0.0210761 0.0348739
1852 0.00729975 0.0201395 0.041224
1853 0.0145295 0.0130028 0.2304
1854 0.0072999 0.0192028 0.04872
1855 0.0137804 0.0126245 0.230486
1856 0.00730005 0.0182661 0.0575517
1857 0.0130609 0.0122564 0.231503
1858 0.00730019 0.0173295 0.0679348
1859 0.0123437 0.0119049 0.232645
1860 0.00730034 0.0163928 0.0801128
1861 0.0116236 0.0115572 0.234248
1862 0.00730049 0.0154561 0.0943584
1863 0.0108934 0.0112098 0.236339
1864 0.00730063 0.0145195 0.110982
1865 0.0101164 0.0109098 0.236527
1866 0.00730297 0.0135752 0.130481
1867 0.00929156 0.010654 0.235044
1868 0.00728952 0.0126365 0.152844
1869 0.00837237 0.0104202 0.232193
1870 0.00726616 0.0117168 0.17801
1871 0.00746803 0.00990318 0.241333
1872 0.0165171 0.0560258 0.162914
1873 0.0103497 0.0708435 0.225009
1874 0.0114162 0.0689666 0.203576
1875 0.0127714 0.0627379 0.126629
1876 0.0132264 0.0609006 0.115386
1877 0.0129293 0.0617682 0.118151
1878 0.013645 0.06001 0.116188
1879 0.0147089 0.056442 0.105482
1880 0.0245908 0.0333705 0.163367
1881 0.0155548 0.0544215 0.107096
1882 0.0167242 0.051429 0.10691
1883 0.0220757 0.0203197 0.1969
1884 0.0204703 0.0179178 0.209168
1885 0.0192503 0.016532 0.216296
1886 0.0185527 0.015916 0.217627
1887 0.00735575 0.0107836 0.208293
1888 0.0110839 0.0700191 0.221519
1889 0.0138187 0.0583183 0.101823
1890 0.0199035 0.0172149 0.21344
1891 0.00886516 0.0715973 0.212797
1892 0.00807171 0.0720847 0.212024
1893 0.0111103 0.0673209 0.158737
1894 0.0113915 0.0664295 0.14883
1895 0.0115467 0.0655724 0.137787
1896 0.0117067 0.064713 0.128057
1897 0.0118579 0.0638515 0.11917
1898 0.0170446 0.0498444 0.0977576
1899 0.0174197 0.0486376 0.0946457
1900 0.0180583 0.0477432 0.101769
1901 0.00815502 0.0711441 0.186531
1902 0.0186032 0.0469453 0.107549
1903 0.00817156 0.0702531 0.164129
1904 0.0190608 0.0461786 0.111327
1905 0.00812862 0.0693071 0.142491
1906 0.0194774 0.0454142 0.113989
1907 0.00812474 0.0683667 0.124241
1908 0.0198719 0.044644 0.116033
1909 0.00814957 0.0674287 0.108683
1910 0.020251 0.0438697 0.117673
1911 0.00814288 0.0664899 0.0947671
1912 0.0206059 0.0430991 0.118811
1913 0.00813734 0.0655492 0.0826746
1914 0.0209434 0.0423396 0.119792
1915 0.00812978 0.0646182 0.0722443
1916 0.0212577 0.0416 0.120576
1917 0.00810441 0.0636946 0.0631048
1918 0.0215635 0.0408603 0.121427
1919 0.00808803 0.0627623 0.0551778
1920 0.0218494 0.0401268 0.122124
1921 0.0081047 0.0618213 0.0484554
1922 0.0221189 0.0394033 0.122855
1923 0.00810485 0.0608846 0.0425327
1924 0.0223787 0.0386931 0.123891
1925 0.008105 0.0599479 0.0373802
1926 0.0226316 0.0379971 0.125347
1927 0.00810514 0.0590113 0.0328964
1928 0.0228608 0.0372652 0.126352
1929 0.00810529 0.0580746 0.028995
1930 0.0230915 0.0364514 0.127353
1931 0.00810543 0.0571379 0.025597
1932 0.0232901 0.035515 0.127523
1933 0.00810558 0.0562013 0.0226301
1934 0.00810573 0.0552646 0.0200363
1935 0.0234512 0.0345984 0.127806
1936 0.00810587 0.0543279 0.0177659
1937 0.0236226 0.0336571 0.129545
1938 0.00810602 0.0533913 0.0157766
1939 0.00810617 0.0524546 0.0140321
1940 0.0237532 0.0326661 0.131268
1941 0.00810631 0.0515179 0.0125015
1942 0.0237906 0.0316667 0.131561
1943 0.00810646 0.0505813 0.0111583
1944 0.00810661 0.0496446 0.00997992
1945 0.0238097 0.0306938 0.132889
1946 0.00810675 0.0487079 0.00894729
1947 0.0237717 0.0296932 0.134126
1948 0.0081069 0.0477713 0.00804412
1949 0.00810705 0.0468346 0.00725671
1950 0.0236993 0.0287498 0.135737
1951 0.00810719 0.0458979 0.00657361
1952 0.0235591 0.0279093 0.136185
1953 0.00810734 0.0449613 0.0059854
1954 0.0234958 0.0272005 0.139348
1955 0.00810748 0.0440246 0.00548443
1956 0.0235397 0.0265197 0.146696
1957 0.00810763 0.0430879 0.0050647
1958 0.0232253 0.0258929 0.142717
1959 0.00810778 0.0421513 0.00472175
1960 0.0230418 0.0252159 0.144397
1961 0.00810792 0.0412146 0.00445256
1962 0.0228254 0.0244752 0.146884
1963 0.00810807 0.0402779 0.00425558
1964 0.0225827 0.023658 0.150817
1965 0.00810822 0.0393413 0.00413072
1966 0.0222711 0.0228006 0.15481
1967 0.00810836 0.0384046 0.00407944
1968 0.00810851 0.0374679 0.00410482
1969 0.0218994 0.0219461 0.158712
1970 0.00810866 0.0365313 0.00421175
1971 0.0081088 0.0355946 0.00440706
1972 0.00810895 0.0346579 0.00469982
1973 0.0081091 0.0337213 0.00510163
1974 0.0206462 0.0196048 0.171813
1975 0.00810924 0.0327846 0.00562697
1976 0.00810939 0.0318479 0.00629372
1977 0.00810954 0.0309113 0.00712363
1978 0.00810968 0.0299746 0.00814303
1979 0.00810983 0.0290379 0.00938353
1980 0.00810997 0.0281013 0.010883
1981 0.00811012 0.0271646 0.0126865
1982 0.00811027 0.0262279 0.0148474
1983 0.00811041 0.0252913 0.0174292
1984 0.00811056 0.0243546 0.0205064
1985 0.00811071 0.0234179 0.0241666
1986 0.0161133 0.0149442 0.195737
1987 0.00811085 0.0224813 0.0285123
1988 0.0153415 0.0144294 0.197493
1989 0.008111 0.0215446 0.0336633
1990 0.0145456 0.013966 0.198317
1991 0.00811115 0.0206079 0.039758
1992 0.00811129 0.0196713 0.0469566
1993 0.0137836 0.0135697 0.198572
1994 0.00811144 0.0187346 0.0554424
1995 0.0130462 0.0131907 0.199374
1996 0.00811159 0.0177979 0.0654245
1997 0.0123251 0.0128289 0.200511
1998 0.00811173 0.0168613 0.077139
1999 0.0116073 0.012492 0.201455
2000 0.00811188 0.0159246 0.0908502
2001 0.01091 0.0121546 0.203289
2002 0.00813002 0.0149764 0.107174
2003 0.010229 0.0118129 0.205999
2004 0.00811932 0.0140408 0.125782
2005 0.00945372 0.0115844 0.204106
2006 0.0081075 0.0130692 0.148166
2007 0.00870978 0.011417 0.201143
2008 0.00808148 0.0121485 0.172608
2009 0.0132558 0.0591478 0.0966033
2010 0.0149241 0.0553277 0.0993749
2011 0.0178554 0.0154681 0.215529
2012 0.00916713 0.0707199 0.193851
2013 0.0107881 0.0682017 0.169075
2014 0.011975 0.0630074 0.110672
2015 0.0154794 0.052344 0.0842605
2016 0.0151902 0.0533943 0.0869832
2017 0.0158557 0.0514811 0.0850661
2018 0.0163856 0.0506311 0.0894234
2019 0.0215155 0.0211345 0.163096
2020 0.0210944 0.0203635 0.167201
2021 0.0200901 0.0188196 0.1758
2022 0.0169651 0.0154901 0.195581
2023 0.00995634 0.0700046 0.192218
2024 0.0104658 0.0691523 0.183024
2025 0.0120741 0.0620206 0.10098
2026 0.0125428 0.0600057 0.0894045
2027 0.0122297 0.061041 0.0935255
2028 0.0137314 0.0566954 0.0841899
2029 0.0194732 0.0180893 0.178768
2030 0.0190644 0.0173652 0.188047
2031 0.0183446 0.0169429 0.182969
2032 0.0105911 0.0666788 0.135469
2033 0.0106571 0.0658859 0.123582
2034 0.0107647 0.0650253 0.112776
2035 0.0109586 0.0641475 0.104576
2036 0.016411 0.049015 0.0754944
2037 0.0170623 0.0475717 0.0764661
2038 0.0176421 0.0468747 0.0828169
2039 0.0181462 0.0461375 0.0873864
2040 0.00896001 0.0697651 0.166026
2041 0.0185425 0.0454048 0.0894315
2042 0.0089271 0.0688201 0.144905
2043 0.0189468 0.0446573 0.0916271
2044 0.00900926 0.0678902 0.128366
2045 0.0193256 0.0439008 0.0932208
2046 0.00901571 0.0669462 0.112512
2047 0.0196858 0.0431406 0.0944491
2048 0.00898629 0.065983 0.0980345
2049 0.0200193 0.0423869 0.0952493
2050 0.00900504 0.0650356 0.0861937
2051 0.0203356 0.0416442 0.0959372
2052 0.00894404 0.0641458 0.0755608
2053 0.020637 0.0409143 0.0966195
2054 0.00886668 0.0632298 0.0659404
2055 0.0209287 0.0401846 0.097348
2056 0.00888739 0.0623224 0.0584451
2057 0.0212006 0.0394589 0.0979505
2058 0.0089107 0.0613774 0.0516328
2059 0.0214588 0.0387427 0.098662
2060 0.00892986 0.0604406 0.0457034
2061 0.0217084 0.0380653 0.0998823
2062 0.0089387 0.0594966 0.0404008
2063 0.0220804 0.0374335 0.105114
2064 0.00892848 0.0585526 0.0356454
2065 0.0220958 0.0367123 0.100717
2066 0.00891683 0.0576064 0.0314827
2067 0.0223339 0.035829 0.10186
2068 0.00891697 0.0566697 0.0279328
2069 0.0225279 0.0349071 0.102604
2070 0.00891712 0.0557331 0.024813
2071 0.00891727 0.0547964 0.0220675
2072 0.0226994 0.0339718 0.10375
2073 0.00891741 0.0538597 0.0196503
2074 0.0228344 0.0330333 0.105067
2075 0.00891756 0.0529231 0.0175197
2076 0.00891771 0.0519864 0.015641
2077 0.0229133 0.0320863 0.106119
2078 0.00891785 0.0510497 0.0139838
2079 0.0229401 0.0311304 0.107084
2080 0.008918 0.0501131 0.012522
2081 0.00891815 0.0491764 0.0112337
2082 0.0229288 0.0301759 0.108392
2083 0.00891829 0.0482397 0.0100997
2084 0.0228607 0.0292464 0.109523
2085 0.00891844 0.0473031 0.00910399
2086 0.00891858 0.0463664 0.00823274
2087 0.022763 0.0283523 0.111068
2088 0.00891873 0.0454297 0.00747458
2089 0.00891888 0.0444931 0.0068201
2090 0.022736 0.0266669 0.12165
2091 0.00891902 0.0435564 0.00626169
2092 0.00891917 0.0426197 0.00579336
2093 0.00891932 0.0416831 0.00541067
2094 0.022133 0.0251473 0.120412
2095 0.00891946 0.0407464 0.00511072
2096 0.0218994 0.0243596 0.123488
2097 0.00891961 0.0398097 0.00489214
2098 0.0216248 0.0235288 0.127298
2099 0.00891976 0.0388731 0.00475517
2100 0.0213026 0.022708 0.131162
2101 0.0089199 0.0379364 0.00470176
2102 0.00892005 0.0369997 0.00473564
2103 0.0089202 0.0360631 0.00486258
2104 0.00892034 0.0351264 0.00509054
2105 0.00892049 0.0341897 0.00542995
2106 0.00892064 0.0332531 0.00589416
2107 0.00892078 0.0323164 0.00649976
2108 0.00892093 0.0313797 0.00726717
2109 0.00892107 0.0304431 0.00822126
2110 0.00892122 0.0295064 0.00939203
2111 0.00892137 0.0285697 0.0108155
2112 0.00892151 0.0276331 0.0125348
2113 0.00892166 0.0266964 0.014601
2114 0.00892181 0.0257597 0.0170749
2115 0.00892195 0.0248231 0.0200281
2116 0.0089221 0.0238864 0.0235448
2117 0.00892225 0.0229497 0.0277239
2118 0.015268 0.0153918 0.16867
2119 0.00892239 0.0220131 0.0326807
2120 0.0145173 0.0149351 0.169633
2121 0.00892254 0.0210764 0.038549
2122 0.0137625 0.0145114 0.170471
2123 0.00892269 0.0201397 0.0454835
2124 0.00892283 0.0192031 0.0536621
2125 0.0130196 0.014117 0.171366
2126 0.00892298 0.0182664 0.0632876
2127 0.0122998 0.0137467 0.172496
2128 0.00892312 0.0173297 0.0745898
2129 0.0115926 0.0133971 0.173752
2130 0.00892327 0.0163931 0.087826
2131 0.0108429 0.0131073 0.173213
2132 0.00895309 0.0154403 0.103741
2133 0.0102123 0.0127491 0.176526
2134 0.00899832 0.0144659 0.122886
2135 0.00965916 0.0123273 0.183053
2136 0.00891767 0.0135515 0.142946
2137 0.0088819 0.0124397 0.171568
2138 0.0139519 0.0557833 0.0809798
2139 0.0132865 0.0575284 0.0820668
2140 0.0145147 0.0542732 0.0798749
2141 0.0176199 0.0163153 0.185085
2142 0.0128233 0.0582604 0.0791601
2143 0.0100125 0.0674219 0.136902
2144 0.0111421 0.0632438 0.0968805
2145 0.0159314 0.0498158 0.0723167
2146 0.0224086 0.0259049 0.119794
2147 0.0209352 0.0219076 0.135001
2148 0.0196646 0.019655 0.147874
2149 0.0201678 0.0203998 0.144227
2150 0.0160086 0.0158632 0.167996
2151 0.0122933 0.0589829 0.0754872
2152 0.00981257 0.06842 0.152587
2153 0.0147397 0.0515662 0.0634353
2154 0.0145005 0.0526027 0.0667038
2155 0.0153441 0.0506356 0.0675855
2156 0.0205565 0.0211427 0.139295
2157 0.0190557 0.0189237 0.150419
2158 0.0113308 0.0613053 0.0797558
2159 0.0114864 0.0603276 0.0734808
2160 0.0183973 0.018036 0.156984
2161 0.00985917 0.0654481 0.103187
2162 0.0099281 0.0644365 0.0911934
2163 0.0166791 0.0466301 0.0622772
2164 0.0173136 0.0461102 0.0699353
2165 0.0175857 0.0453652 0.0692073
2166 0.0180092 0.0446537 0.0716871
2167 0.0183994 0.043918 0.0734157
2168 0.0187597 0.0431738 0.0745924
2169 0.00983447 0.0663938 0.116632
2170 0.0190983 0.0424299 0.0754666
2171 0.0194127 0.0416931 0.0760676
2172 0.0197171 0.0409623 0.0766968
2173 0.0095775 0.0636422 0.0778884
2174 0.0200062 0.0402377 0.0772839
2175 0.00965415 0.0628425 0.0709004
2176 0.0202852 0.0395149 0.0779329
2177 0.00969093 0.0619353 0.0633578
2178 0.0205517 0.0387794 0.0785457
2179 0.00973462 0.0609766 0.0564074
2180 0.0208321 0.0380177 0.079633
2181 0.00978212 0.0599989 0.0502309
2182 0.0211883 0.0371641 0.0821524
2183 0.00977306 0.059037 0.0443753
2184 0.00972365 0.0580738 0.0389958
2185 0.0213884 0.0361506 0.0814712
2186 0.00972654 0.0571296 0.0347224
2187 0.0216023 0.0352186 0.0822507
2188 0.00972851 0.0562015 0.0309906
2189 0.0217911 0.0343006 0.083384
2190 0.00973764 0.0552561 0.0276763
2191 0.00972881 0.0543282 0.0246934
2192 0.0219358 0.0333883 0.0844963
2193 0.00972895 0.0533915 0.0220692
2194 0.0220348 0.0324676 0.0855803
2195 0.0097291 0.0524549 0.019745
2196 0.00972924 0.0515182 0.0176852
2197 0.0220874 0.0315608 0.0866817
2198 0.00972939 0.0505815 0.015858
2199 0.022086 0.0306364 0.0876994
2200 0.00972954 0.0496449 0.0142385
2201 0.00972968 0.0487082 0.0128054
2202 0.022039 0.0297256 0.0888269
2203 0.00972983 0.0477715 0.0115392
2204 0.0219431 0.0288162 0.0900483
2205 0.00972998 0.0468349 0.010423
2206 0.00973012 0.0458982 0.00944308
2207 0.00973027 0.0449615 0.00858812
2208 0.00973042 0.0440249 0.00784872
2209 0.00973056 0.0430882 0.00721706
2210 0.00973071 0.0421515 0.00668695
2211 0.00973086 0.0412149 0.00625381
2212 0.0212446 0.0250813 0.101416
2213 0.009731 0.0402782 0.00591469
2214 0.0209908 0.0242504 0.104898
2215 0.00973115 0.0393415 0.00566833
2216 0.0206972 0.0234342 0.108561
2217 0.0097313 0.0384049 0.00551528
2218 0.00973144 0.0374682 0.00545798
2219 0.00973159 0.0365315 0.00550095
2220 0.00973173 0.0355949 0.00565089
2221 0.00973188 0.0346582 0.00591703
2222 0.00973203 0.0337215 0.00631138
2223 0.00973217 0.0327849 0.00684926
2224 0.00973232 0.0318482 0.00754968
2225 0.00973247 0.0309115 0.00843605
2226 0.00973261 0.0299749 0.00953678
2227 0.00973276 0.0290382 0.0108862
2228 0.00973291 0.0281015 0.0125253
2229 0.00973305 0.0271649 0.0145033
2230 0.0097332 0.0262282 0.0168784
2231 0.00973335 0.0252915 0.0197195
2232 0.00973349 0.0243549 0.0231077
2233 0.00973364 0.0234182 0.0271384
2234 0.00973379 0.0224815 0.0319229
2235 0.0144624 0.0158762 0.145151
2236 0.00973393 0.0215449 0.0375905
2237 0.0137179 0.0154447 0.145993
2238 0.00973408 0.0206082 0.0442911
2239 0.0129739 0.0150364 0.146944
2240 0.00973422 0.0196715 0.0521972
2241 0.00973437 0.0187349 0.0615058
2242 0.0122564 0.0146587 0.148016
2243 0.00973452 0.0177982 0.0724412
2244 0.0115636 0.0143002 0.149387
2245 0.00973755 0.0168701 0.085143
2246 0.0108766 0.0139271 0.151762
2247 0.00975399 0.0159384 0.100115
2248 0.00997493 0.0138172 0.14538
2249 0.00979865 0.0149644 0.118609
2250 0.00951645 0.0130756 0.160273
2251 0.0139707 0.0549535 0.0745482
2252 0.0112415 0.0622898 0.0880509
2253 0.0140063 0.0534789 0.0640923
2254 0.0167124 0.0165293 0.162694
2255 0.00962569 0.0692337 0.166679
2256 0.0116791 0.0595266 0.0699414
2257 0.0130416 0.0560184 0.0656722
2258 0.017387 0.0174192 0.152666
2259 0.010379 0.063517 0.087432
2260 0.0159551 0.0474158 0.055781
2261 0.015406 0.0490119 0.0574706
2262 0.0218599 0.0278917 0.0927715
2263 0.0214966 0.0259196 0.0989438
2264 0.0203524 0.0226427 0.11205
2265 0.0151949 0.0163105 0.144792
2266 0.0123641 0.0573887 0.0644371
2267 0.0119476 0.0580832 0.06311
2268 0.0148791 0.049731 0.0539425
2269 0.0199796 0.0218862 0.115631
2270 0.0193336 0.0204194 0.127173
2271 0.0187135 0.0198776 0.125492
2272 0.0196227 0.0211643 0.120052
2273 0.0143193 0.0505384 0.0506191
2274 0.0137825 0.052001 0.0516106
2275 0.0180685 0.019111 0.128758
2276 0.0105726 0.0605772 0.0627907
2277 0.0165592 0.0455646 0.0536981
2278 0.0170671 0.0446614 0.0558806
2279 0.0174634 0.0439178 0.0573647
2280 0.0178303 0.0431884 0.0585554
2281 0.0181741 0.042461 0.0594871
2282 0.0184937 0.0417352 0.0601566
2283 0.0187957 0.0410109 0.0606922
2284 0.0190826 0.0402904 0.061174
2285 0.0193572 0.0395706 0.0616537
2286 0.0104362 0.0625671 0.0783432
2287 0.0196233 0.03884 0.0621725
2288 0.0105029 0.0616023 0.070312
2289 0.0198979 0.0380781 0.0629456
2290 0.0201863 0.0372776 0.0641092
2291 0.0107329 0.059546 0.057163
2292 0.020454 0.0364127 0.0651448
2293 0.010518 0.0585159 0.0483828
2294 0.0105115 0.0575809 0.0432202
2295 0.0206775 0.0355056 0.065874
2296 0.0105638 0.0566572 0.0391343
2297 0.0208788 0.0346091 0.0669192
2298 0.0105611 0.0557013 0.0349503
2299 0.02105 0.0337164 0.0681636
2300 0.010566 0.0547706 0.0313611
2301 0.0105639 0.0538455 0.0281222
2302 0.0211703 0.032842 0.0693022
2303 0.0105502 0.0529191 0.0251655
2304 0.0212462 0.0319666 0.0704514
2305 0.0105406 0.0519866 0.0225456
2306 0.0105408 0.05105 0.0202466
2307 0.0212641 0.0310842 0.0714178
2308 0.0105409 0.0501133 0.0181934
2309 0.0212331 0.0302049 0.0724076
2310 0.0105411 0.0491766 0.0163696
2311 0.0105412 0.04824 0.014754
2312 0.0211424 0.0293177 0.0733023
2313 0.0105414 0.0473033 0.0133189
2314 0.0105415 0.0463666 0.0120474
2315 0.0105417 0.04543 0.0109287
2316 0.0105418 0.0444933 0.00995148
2317 0.010542 0.0435566 0.00910567
2318 0.0105421 0.04262 0.00838267
2319 0.0105422 0.0416833 0.00777577
2320 0.0105424 0.0407466 0.00728006
2321 0.0203196 0.0249316 0.0861639
2322 0.0105425 0.03981 0.00689235
2323 0.0200905 0.02412 0.090204
2324 0.0105427 0.0388733 0.0066113
2325 0.0105428 0.0379366 0.00643778
2326 0.010543 0.037 0.00637495
2327 0.0105431 0.0360633 0.00642818
2328 0.0105433 0.0351266 0.00660524
2329 0.0105434 0.03419 0.00691668
2330 0.0105436 0.0332533 0.00737633
2331 0.0105437 0.0323166 0.00800172
2332 0.0105439 0.03138 0.00881473
2333 0.010544 0.0304433 0.00984216
2334 0.0105442 0.0295066 0.0111166
2335 0.0105443 0.02857 0.0126772
2336 0.0105444 0.0276333 0.0145711
2337 0.0105446 0.0266966 0.0168541
2338 0.0105447 0.02576 0.0195926
2339 0.0105449 0.0248233 0.0228648
2340 0.010545 0.0238866 0.0267629
2341 0.0105452 0.02295 0.0313945
2342 0.0105453 0.0220133 0.0368849
2343 0.0137 0.0163788 0.125118
2344 0.0105455 0.0210766 0.0433791
2345 0.0129264 0.0159513 0.125871
2346 0.0105456 0.02014 0.0510443
2347 0.0121835 0.0155469 0.127013
2348 0.0105458 0.0192033 0.0600718
2349 0.0105459 0.0182666 0.0706792
2350 0.0114403 0.0151407 0.128697
2351 0.0105445 0.01735 0.0828154
2352 0.0106338 0.0147078 0.130849
2353 0.0105611 0.016438 0.0969939
2354 0.0129099 0.0568155 0.0693528
2355 0.0131614 0.055193 0.0618449
2356 0.013381 0.0542051 0.0586347
2357 0.0158837 0.0166686 0.146362
2358 0.0113809 0.0587854 0.0600987
2359 0.013809 0.0512312 0.0477605
2360 0.0136399 0.0527487 0.0539497
2361 0.0174882 0.0184157 0.133079
2362 0.015719 0.0463178 0.0465504
2363 0.0210029 0.0284086 0.0744218
2364 0.0205474 0.0257824 0.0827642
2365 0.0197814 0.0233235 0.0937378
2366 0.0144657 0.0168201 0.124635
2367 0.0105977 0.0155547 0.11307
2368 0.0162477 0.0173857 0.135647
2369 0.0144117 0.0487382 0.0426969
2370 0.0194093 0.0226033 0.0963389
2371 0.0114352 0.0571837 0.0505609
2372 0.0138921 0.0496269 0.0408995
2373 0.0190077 0.0218364 0.0999685
2374 0.0185565 0.0209647 0.105304
2375 0.0177538 0.0201292 0.106533
2376 0.0161278 0.0446042 0.0432516
2377 0.0165394 0.0438893 0.0447486
2378 0.0169094 0.0431798 0.0458544
2379 0.017253 0.0424707 0.0467168
2380 0.0175743 0.0417624 0.0473923
2381 0.0178792 0.04105 0.0479522
2382 0.0181634 0.0403373 0.0483668
2383 0.0184318 0.0396305 0.0487501
2384 0.0186942 0.0389146 0.0491922
2385 0.0189581 0.0381733 0.0497632
2386 0.0192253 0.0373959 0.0505068
2387 0.0194948 0.0365796 0.051489
2388 0.0197475 0.0357346 0.0525804
2389 0.019972 0.0348763 0.0537457
2390 0.0113672 0.056132 0.0442032
2391 0.0201526 0.0340192 0.054855
2392 0.0114083 0.0551857 0.0400604
2393 0.0202974 0.0331741 0.0560606
2394 0.0114224 0.0542788 0.036221
2395 0.0113915 0.0533711 0.032396
2396 0.0203991 0.0323404 0.0572709
2397 0.0113571 0.0524384 0.0289114
2398 0.0204483 0.0315042 0.0583748
2399 0.0113636 0.0515011 0.0260529
2400 0.0113757 0.0505656 0.0235088
2401 0.0204363 0.03066 0.0593025
2402 0.0113525 0.0496451 0.0210717
2403 0.0203749 0.029813 0.0602595
2404 0.0113283 0.0487055 0.0188793
2405 0.0113391 0.047773 0.0170964
2406 0.0113529 0.0468351 0.0154974
2407 0.0113531 0.0458984 0.0140278
2408 0.0113532 0.0449618 0.0127359
2409 0.0113533 0.0440251 0.0116087
2410 0.0113535 0.0430884 0.0106322
2411 0.0113536 0.0421518 0.00979728
2412 0.0113538 0.0412151 0.00909659
2413 0.0113539 0.0402784 0.00852509
2414 0.0193898 0.0247332 0.0743108
2415 0.0113541 0.0393418 0.0080783
2416 0.0113542 0.0384051 0.00775404
2417 0.0113544 0.0374684 0.00755523
2418 0.0113545 0.0365318 0.00748537
2419 0.0113547 0.0355951 0.0075514
2420 0.0113548 0.0346584 0.00776125
2421 0.011355 0.0337218 0.00812715
2422 0.0113551 0.0327851 0.00866499
2423 0.0113553 0.0318484 0.00939498
2424 0.0113554 0.0309118 0.0103422
2425 0.0113555 0.0299751 0.0115375
2426 0.0113557 0.0290384 0.0130182
2427 0.0113558 0.0281018 0.0148292
2428 0.011356 0.0271651 0.0170243
2429 0.0113561 0.0262284 0.0196673
2430 0.0113563 0.0252918 0.0228338
2431 0.0113564 0.0243551 0.0266127
2432 0.0113566 0.0234184 0.0311085
2433 0.0113567 0.0224818 0.0364428
2434 0.0113569 0.0215451 0.0427565
2435 0.0129171 0.0168697 0.107947
2436 0.011357 0.0206084 0.0502112
2437 0.0121435 0.0164503 0.108814
2438 0.0113572 0.0196718 0.0589928
2439 0.01139 0.0160221 0.110502
2440 0.0113573 0.0187351 0.0693137
2441 0.0113494 0.0178154 0.0811309
2442 0.0113576 0.0169186 0.0946474
2443 0.0121987 0.0555779 0.0507028
2444 0.0121396 0.0564467 0.0550844
2445 0.0166114 0.0182354 0.123557
2446 0.0150048 0.0480263 0.0463645
2447 0.0148806 0.0469888 0.0399252
2448 0.0208061 0.0266244 0.080947
2449 0.0152617 0.0172758 0.124942
2450 0.0111585 0.0580221 0.0524507
2451 0.0132101 0.0504929 0.0373745
2452 0.0129977 0.0514993 0.0395838
2453 0.0128955 0.0523658 0.0424447
2454 0.01698 0.0193096 0.109282
2455 0.015515 0.045339 0.0395991
2456 0.0202396 0.0289325 0.0610514
2457 0.0196183 0.0256054 0.0704809
2458 0.0192979 0.0239672 0.080007
2459 0.0137125 0.0173084 0.107479
2460 0.0123255 0.0546941 0.0473978
2461 0.0123022 0.0538051 0.0425885
2462 0.0188401 0.0233523 0.0799147
2463 0.0135136 0.048678 0.0333227
2464 0.0184862 0.0226144 0.0832557
2465 0.0180348 0.0218474 0.0864917
2466 0.0174491 0.0211116 0.0886015
2467 0.0156356 0.0438143 0.0348563
2468 0.0160015 0.0431418 0.0358711
2469 0.0163378 0.0424577 0.0366097
2470 0.0166592 0.0417679 0.037251
2471 0.0169741 0.0410772 0.0378983
2472 0.017256 0.0403735 0.0382891
2473 0.0175106 0.0396805 0.038526
2474 0.0177624 0.0389792 0.0388442
2475 0.0180195 0.0382629 0.0393275
2476 0.0182768 0.0375039 0.0398876
2477 0.0185386 0.0367184 0.0406736
2478 0.0187997 0.035914 0.0417161
2479 0.019052 0.0351026 0.043013
2480 0.0192629 0.0342805 0.0442588
2481 0.01942 0.0334623 0.0453575
2482 0.0195317 0.0326625 0.0464248
2483 0.0121676 0.0528722 0.0371593
2484 0.0196299 0.0318779 0.0478198
2485 0.012154 0.0519433 0.0334166
2486 0.0196415 0.0310757 0.0487478
2487 0.012227 0.0510018 0.0306561
2488 0.0122131 0.0500735 0.0275042
2489 0.0195893 0.0302873 0.0494785
2490 0.0121065 0.0491546 0.0241808
2491 0.0121046 0.0482415 0.0218944
2492 0.0121751 0.0473377 0.0201998
2493 0.0121957 0.0464014 0.0183478
2494 0.0121816 0.0454487 0.016531
2495 0.0121647 0.0444936 0.0149253
2496 0.0121649 0.0435569 0.0136129
2497 0.012165 0.0426202 0.0124787
2498 0.0121652 0.0416836 0.0115072
2499 0.0121653 0.0407469 0.0106925
2500 0.0121804 0.0398065 0.0100632
2501 0.0122019 0.0388756 0.00959192
2502 0.0121971 0.0379422 0.00920099
2503 0.0121921 0.0370038 0.00895888
2504 0.0121661 0.0360636 0.0088315
2505 0.0121662 0.0351269 0.00891337
2506 0.0121664 0.0341902 0.00916353
2507 0.0121665 0.0332536 0.00959552
2508 0.0121666 0.0323169 0.0102277
2509 0.0121668 0.0313802 0.0110833
2510 0.0121669 0.0304436 0.0121913
2511 0.0121671 0.0295069 0.013587
2512 0.0121672 0.0285702 0.0153133
2513 0.0121674 0.0276336 0.0174217
2514 0.0121675 0.0266969 0.0199736
2515 0.0121677 0.0257602 0.0230419
2516 0.0121678 0.0248236 0.0267127
2517 0.012168 0.0238869 0.031087
2518 0.0121681 0.0229502 0.0362825
2519 0.0121683 0.0220136 0.0424408
2520 0.0121684 0.0210769 0.0497153
2521 0.0121423 0.0173513 0.0934406
2522 0.0121685 0.0201402 0.0582839
2523 0.0121687 0.0192036 0.0683537
2524 0.0121592 0.0182715 0.0800365
2525 0.0147479 0.0459375 0.0343422
2526 0.0200565 0.0280503 0.0620801
2527 0.0198162 0.0265038 0.067053
2528 0.0145574 0.0177714 0.107717
2529 0.0154908 0.018197 0.11024
2530 0.0129595 0.049493 0.0314064
2531 0.0167492 0.0203848 0.0902427
2532 0.0153006 0.0445191 0.0343437
2533 0.0195536 0.0294782 0.0510088
2534 0.0184384 0.0243005 0.066401
2535 0.018688 0.0253409 0.0612917
2536 0.0129399 0.0177932 0.0926635
2537 0.0159824 0.0190499 0.101559
2538 0.0139488 0.0476706 0.0334278
2539 0.017909 0.0233906 0.0687418
2540 0.017668 0.02262 0.0737421
2541 0.0170743 0.0220956 0.0730518
2542 0.0150962 0.0430984 0.0280789
2543 0.0154238 0.0424285 0.0286549
2544 0.0157453 0.0417562 0.0292328
2545 0.0160546 0.0410814 0.0297845
2546 0.0164851 0.0404677 0.0315899
2547 0.0165922 0.0397283 0.0304622
2548 0.0168341 0.039035 0.0306781
2549 0.0170742 0.0383398 0.0310081
2550 0.0173317 0.0376142 0.0315595
2551 0.0175827 0.0368537 0.0321651
2552 0.0178472 0.0360641 0.0330618
2553 0.0181115 0.0352706 0.0342364
2554 0.0183723 0.0345023 0.0357315
2555 0.0185569 0.0337153 0.0368949
2556 0.0186502 0.032936 0.0375955
2557 0.0187615 0.0321728 0.0388538
2558 0.0189415 0.0314539 0.0411474
2559 0.0187504 0.0307385 0.0403049
2560 0.0129742 0.047883 0.0264404
2561 0.0130601 0.0469564 0.0244204
2562 0.0130296 0.0459558 0.0217495
2563 0.0129932 0.044976 0.0194371
2564 0.0129643 0.044029 0.0175148
2565 0.0129497 0.0430964 0.0159298
2566 0.0129694 0.042156 0.014683
2567 0.0129767 0.0412154 0.0135612
2568 0.012986 0.0402709 0.012643
2569 0.0130446 0.0393454 0.0120457
2570 0.0130691 0.038421 0.0114943
2571 0.0130423 0.0374805 0.010969
2572 0.0130251 0.0365325 0.0106546
2573 0.0130054 0.0355889 0.0105241
2574 0.012991 0.0346502 0.0105975
2575 0.0129779 0.033722 0.0108678
2576 0.012978 0.0327854 0.0113808
2577 0.0129782 0.0318487 0.0121275
2578 0.0129783 0.030912 0.0131347
2579 0.0129785 0.0299754 0.0144358
2580 0.0129786 0.0290387 0.0160715
2581 0.0129788 0.028102 0.018091
2582 0.0129789 0.0271654 0.0205534
2583 0.0129791 0.0262287 0.0235285
2584 0.0129792 0.025292 0.0270993
2585 0.0129794 0.0243554 0.0313651
2586 0.0129795 0.0234187 0.0364414
2587 0.013003 0.0224726 0.0426242
2588 0.0130012 0.0215337 0.0497733
2589 0.0129871 0.0205978 0.0581112
2590 0.0129723 0.0196578 0.0679354
2591 0.0129576 0.0187192 0.0794347
2592 0.013918 0.0465091 0.0292216
2593 0.0161546 0.019817 0.0918562
2594 0.0146131 0.0449368 0.0297473
2595 0.0193081 0.028555 0.0511848
2596 0.0189753 0.026334 0.0580411
2597 0.013748 0.0182319 0.0925359
2598 0.0164481 0.0214022 0.0745419
2599 0.0146445 0.0439311 0.0270071
2600 0.0187671 0.0299425 0.0419749
2601 0.0151881 0.0190677 0.0930684
2602 0.017716 0.0251101 0.0534416
2603 0.0173215 0.0241481 0.0567996
2604 0.0168355 0.0231236 0.0609073
2605 0.0145265 0.0424111 0.0225561
2606 0.014819 0.0417303 0.022848
2607 0.0152007 0.0410205 0.0237092
2608 0.0156202 0.0401101 0.0243947
2609 0.00899731 0.0746154 0.326693
2610 0.0158434 0.0391867 0.0240277
2611 0.0161056 0.0384177 0.0243297
2612 0.0163972 0.0377205 0.0250751
2613 0.0166229 0.0370006 0.0254817
2614 0.016874 0.0362141 0.0261317
2615 0.0171572 0.0354021 0.0272069
2616 0.0174334 0.034604 0.0285158
2617 0.0177873 0.0339508 0.0307867
2618 0.017767 0.0332174 0.0305284
2619 0.0178789 0.0323771 0.0315877
2620 0.018001 0.031434 0.0332322
2621 0.0138405 0.0454657 0.0255919
2622 0.0138006 0.0444712 0.02283
2623 0.0137367 0.0435708 0.0204694
2624 0.0137108 0.042655 0.0186216
2625 0.0138401 0.0417035 0.0176132
2626 0.0137295 0.0407284 0.0158
2627 0.0138768 0.0398272 0.0152937
2628 0.013992 0.0389165 0.0147895
2629 0.0139728 0.0379715 0.0139367
2630 0.0139115 0.0369945 0.0131951
2631 0.0138649 0.0360423 0.012737
2632 0.0138231 0.0350908 0.0125407
2633 0.0138109 0.0341738 0.0126408
2634 0.0137936 0.0332502 0.0129553
2635 0.0137896 0.0323172 0.0135573
2636 0.0137897 0.0313805 0.0144436
2637 0.0137899 0.0304438 0.015634
2638 0.01379 0.0295072 0.017168
2639 0.0137902 0.0285705 0.0190924
2640 0.0137903 0.0276338 0.0214621
2641 0.0137905 0.0266972 0.0243491
2642 0.0137906 0.0257605 0.0278256
2643 0.0138055 0.0248263 0.0320378
2644 0.0138231 0.023889 0.0370824
2645 0.0138352 0.0229381 0.0431405
2646 0.0138489 0.0219828 0.0503836
2647 0.013836 0.0210247 0.0588418
2648 0.0137828 0.020094 0.0682342
2649 0.0137554 0.0191595 0.0794029
2650 0.0190906 0.0274472 0.0532832
2651 0.0156747 0.0207531 0.0749479
2652 0.0187832 0.0291908 0.0440629
2653 0.0180559 0.0260281 0.0508362
2654 0.0153843 0.0198059 0.0843594
2655 0.0163027 0.0223178 0.0638757
2656 0.0143543 0.0431234 0.0231293
2657 0.017947 0.0303804 0.0344201
2658 0.0166982 0.0249522 0.0464648
2659 0.0163021 0.0239859 0.0500532
2660 0.0144014 0.0410993 0.0194046
2661 0.0145801 0.0403668 0.0190724
2662 0.0148253 0.0394686 0.018918
2663 0.0150266 0.0384791 0.0185583
2664 0.0155413 0.0378334 0.0204005
2665 0.0156606 0.0371348 0.0202148
2666 0.0158442 0.0363934 0.0204668
2667 0.0162252 0.0355702 0.021857
2668 0.0164679 0.0346997 0.0227204
2669 0.0168523 0.0337354 0.0246331
2670 0.0169814 0.0327289 0.0256435
2671 0.0170764 0.0317586 0.0268856
2672 0.0147841 0.0374682 0.0165831
2673 0.0148316 0.036498 0.0160922
2674 0.0146403 0.035486 0.0150698
2675 0.0146911 0.0345695 0.0151644
2676 0.0146476 0.0337018 0.0151831
2677 0.0145696 0.032772 0.0153959
2678 0.0145934 0.0318625 0.0161825
2679 0.0146103 0.0309392 0.0172665
2680 0.0146252 0.0299964 0.0187264
2681 0.0146309 0.0290509 0.0205747
2682 0.0146156 0.0281044 0.0228188
2683 0.0146354 0.02715 0.0257349
2684 0.0146092 0.0262311 0.0289843
2685 0.0146317 0.0252847 0.0331839
2686 0.0146554 0.0243867 0.0379906
2687 0.0146723 0.0234208 0.0440335
2688 0.0147148 0.0224547 0.051431
2689 0.0147343 0.0214252 0.0606217
2690 0.0146645 0.0204609 0.0703105
2691 0.0145031 0.0195798 0.0797962
2692 0.0182657 0.0284596 0.0416732
2693 0.0183244 0.0268332 0.0490218
2694 0.0155083 0.0218952 0.0615739
2695 0.0180291 0.0294671 0.0369838
2696 0.0171216 0.0258609 0.0442756
2697 0.0156756 0.0230155 0.0529841
2698 0.017102 0.0307907 0.0282165
2699 0.0156096 0.0248683 0.0401293
2700 0.0153746 0.0357869 0.0179814
2701 0.0155027 0.0349923 0.0182263
2702 0.0156576 0.0340119 0.0187803
2703 0.0160754 0.033071 0.0209031
2704 0.0162095 0.032086 0.0221171
2705 0.0152733 0.0331863 0.0175701
2706 0.0153938 0.0323494 0.0184972
2707 0.0154244 0.0314705 0.0194185
2708 0.0154479 0.0305237 0.02075
2709 0.0154819 0.0295392 0.0226292
2710 0.0154671 0.0285825 0.0247828
2711 0.0154085 0.0276412 0.0272479
2712 0.0155544 0.0266343 0.031446
2713 0.0153199 0.02576 0.0341432
2714 0.0153907 0.023942 0.0446024
2715 0.017972 0.0275671 0.0426449
2716 0.017472 0.0267535 0.0423994
2717 0.0171155 0.0298331 0.030015
2718 0.016163 0.0257747 0.0385094
2719 0.0162646 0.0311392 0.023361
2720 0.0171879 0.028227 0.0346866
2721 0.0162796 0.030115 0.0250061
2722 0.0164277 0.0290169 0.0280563
2723 0.0162481 0.0280786 0.0297977
2724 0.0161459 0.0272909 0.0319636
2725 0.01695 0.0274404 0.0359484
