1 0 0 8.11103
2 -1.31814e-05 0.0843 8.00343
3 0.00361131 0.000953149 5.86218
4 0.00719272 0.00200952 5.88615
5 0.0107398 0.00317598 6.00504
6 0.0142119 0.00454917 5.97992
7 0.0175842 0.00615079 6.02968
8 0.0207825 0.00807376 6.10921
9 0.0237341 0.0103535 6.35306
10 0.0262998 0.0130623 6.49511
11 0.0283686 0.0161673 6.69305
12 0.0299476 0.0195483 6.85133
13 0.0310977 0.0230992 6.96544
14 0.0318266 0.0267599 7.05822
15 0.0321332 0.0304797 7.10554
16 0.0319454 0.034207 7.08408
17 0.0312838 0.0378799 6.98712
18 0.0301754 0.0414445 6.83785
19 0.0287501 0.0448956 6.71397
20 0.027117 0.0482543 6.64409
21 0.0254018 0.0515721 6.59085
22 0.0237206 0.0549071 6.59469
23 0.0221921 0.0583143 6.6146
24 0.0209335 0.0618293 6.70792
25 0.0199765 0.0654384 6.81024
26 0.0191933 0.0690902 6.94663
27 0.0181728 0.072679 6.9433
28 0.0163448 0.0759187 6.71487
29 0.0136766 0.0785149 6.21118
30 0.0104874 0.0804511 6.0244
31 0.00707685 0.0819636 5.9463
32 0.00356655 0.0832344 5.89683
33 -1.25823e-05 0.0804682 4.2567
34 -1.19831e-05 0.0766364 1.8973
35 -1.1384e-05 0.0728045 0.764255
36 -1.07848e-05 0.0689727 0.296716
37 -1.01857e-05 0.0651409 0.113216
38 -9.58651e-06 0.0613091 0.0431039
39 -8.98735e-06 0.0574773 0.0168565
40 -8.38819e-06 0.0536455 0.00683138
41 -7.78904e-06 0.0498136 0.00273941
42 -7.18988e-06 0.0459818 0.0011614
43 -6.59072e-06 0.04215 0.000772864
44 -5.99157e-06 0.0383182 0.00118016
45 -5.39241e-06 0.0344864 0.0028082
46 -4.79325e-06 0.0306545 0.00735487
47 -4.1941e-06 0.0268227 0.0195838
48 -3.59494e-06 0.0229909 0.0523761
49 -2.99578e-06 0.0191591 0.140463
50 -2.39663e-06 0.0153273 0.377311
51 -1.79747e-06 0.0114955 0.946315
52 -1.19831e-06 0.00766364 2.2272
53 -5.99157e-07 0.00383182 4.58965
54 0.0136763 0.0267895 2.42782e-05
55 0.0134894 0.0191363 0.00188914
56 0.0105552 0.0136742 0.0269588
57 0.0125627 0.0697807 0.134593
58 0.0128354 0.0750974 1.75981
59 0.00983201 0.0764641 1.20797
60 0.0142881 0.0725215 1.0849
61 0.006837 0.0778036 1.1716
62 0.015694 0.0694642 0.914132
63 0.00349412 0.0791916 1.44115
64 0.0164923 0.0660839 0.608905
65 0.0173031 0.0624367 0.47295
66 0.0184288 0.0588495 0.514559
67 0.0200055 0.0552972 0.688137
68 0.00342814 0.075217 0.179469
69 0.0216701 0.0517943 0.780269
70 0.00337207 0.0712492 0.0236962
71 0.0233759 0.0484415 0.806131
72 0.00333256 0.0672854 0.00517677
73 0.0248846 0.0451889 0.716618
74 0.00334815 0.0633909 0.00159861
75 0.0263363 0.0419351 0.681459
76 0.00343221 0.0595137 0.000535256
77 0.0275485 0.0387546 0.707753
78 0.00351041 0.0556846 0.000195606
79 0.0283341 0.0354366 0.642732
80 0.00342261 0.0517994 9.12167e-05
81 0.0286864 0.0322147 0.597783
82 0.00331096 0.0478982 4.15633e-05
83 0.0286499 0.028844 0.608276
84 0.00331156 0.0440664 1.99191e-05
85 0.0282332 0.0256338 0.673843
86 0.00331216 0.0402346 2.00826e-05
87 0.0273793 0.02239 0.76223
88 0.00331276 0.0364028 4.10207e-05
89 0.0261743 0.019443 0.879886
90 0.00331336 0.032571 0.000104114
91 0.0244958 0.0164905 1.04618
92 0.00331396 0.0287392 0.00027411
93 0.0224045 0.0140017 1.14165
94 0.00331456 0.0249073 0.000730555
95 0.0204595 0.0114119 1.94068
96 0.00331516 0.0210755 0.00202207
97 0.0174171 0.0100782 1.40526
98 0.00331576 0.0172437 0.00647291
99 0.0142731 0.00833294 1.55235
100 0.00349634 0.0134633 0.0226098
101 0.0110834 0.00678573 1.74901
102 0.0036902 0.00965965 0.138075
103 0.00808291 0.0051838 2.32258
104 0.00420048 0.00536128 1.14789
105 0.0102362 0.072121 0.129325
106 0.00676154 0.0736323 0.113968
107 0.013042 0.0667378 0.0446988
108 0.0136298 0.0631667 0.0222595
109 0.0144169 0.059396 0.0143893
110 0.0158482 0.0557926 0.0192152
111 0.0178448 0.0521234 0.0376332
112 0.0195343 0.0487218 0.043389
113 0.00668351 0.0696645 0.00992933
114 0.0210262 0.045438 0.0407151
115 0.00662828 0.0656889 0.00103454
116 0.0224656 0.0422146 0.0346532
117 0.00682504 0.0617548 0.00015243
118 0.0238 0.0390261 0.0293976
119 0.00710869 0.0578132 3.86387e-05
120 0.0252426 0.0364071 0.0595351
121 0.00698408 0.0538358 7.14591e-06
122 0.0250633 0.0334317 0.0164059
123 0.00666673 0.0498304 2.91684e-06
124 0.0258645 0.0305525 0.0474369
125 0.00664195 0.0459391 1.201e-06
126 0.0250353 0.0276837 0.0184447
127 0.00660179 0.042151 7.25083e-07
128 0.0251342 0.0246995 0.0675203
129 0.00660239 0.0383192 9.4614e-07
130 0.0235854 0.0222067 0.0370726
131 0.00660299 0.0344874 2.22619e-06
132 0.0229696 0.0193243 0.122104
133 0.00660358 0.0306556 6.01522e-06
134 0.0207491 0.0172139 0.0935977
135 0.00660418 0.0268238 1.8673e-05
136 0.0162343 0.0212168 0.00165032
137 0.00660478 0.0229919 7.92979e-05
138 0.0181653 0.0142971 0.177521
139 0.00660538 0.0191601 0.000525798
140 0.014324 0.0120767 0.200466
141 0.00687765 0.0154089 0.00450897
142 0.0109142 0.0101654 0.262131
143 0.00711873 0.011741 0.0447
144 0.00732178 0.00827455 0.406733
145 0.0100153 0.0642162 0.00212636
146 0.0104966 0.0603253 0.000780292
147 0.0111357 0.0560293 0.000251046
148 0.013847 0.0525365 0.00111705
149 0.0158606 0.0490991 0.00242589
150 0.0170655 0.0456529 0.00183472
151 0.0185435 0.0424796 0.0019446
152 0.0201 0.0391769 0.00178453
153 0.0215662 0.0354869 0.00127656
154 0.0100131 0.0516781 1.75948e-05
155 0.00981927 0.0477636 6.44143e-06
156 0.0219949 0.0305708 0.00069786
157 0.0101835 0.0440463 4.35499e-06
158 0.0214235 0.0256822 0.00172534
159 0.0102581 0.0402741 9.54438e-07
160 0.0101237 0.036386 3.28398e-07
161 0.0198894 0.0212282 0.00684573
162 0.0101548 0.0325541 4.50141e-07
163 0.0101603 0.0287351 2.7936e-06
164 0.010023 0.0249267 2.47705e-05
165 0.0171904 0.0179864 0.0149688
166 0.00989501 0.0210765 0.000243472
167 0.0101696 0.0172296 0.0026272
168 0.00969818 0.068 0.0118532
169 0.0140093 0.0156729 0.0194939
170 0.0125619 0.049435 0.000134187
171 0.0133889 0.0461016 0.000109493
172 0.0142104 0.0423834 4.46537e-05
173 0.0165914 0.0397074 0.000180207
174 0.0172418 0.0365057 8.17048e-05
175 0.0177571 0.032669 4.02192e-05
176 0.0177131 0.0285249 6.6566e-05
177 0.0171603 0.024628 0.000353664
178 0.0136032 0.0382177 8.2167e-06
179 0.0137442 0.0344496 3.03417e-06
180 0.0133531 0.0230444 0.000190295
181 0.0138011 0.0306219 3.68442e-06
