1 1.53081e-18 -0.025 0.315233
2 1.02054e-18 0.0133333 0.758848
3 1.53081e-18 0.025 0.647273
4 1.02054e-18 0.0466667 0.249691
5 0.0146855 0.0378813 0.1609
6 0.0239236 -0.00725686 0.159905
7 0.0138888 0.020787 0.354809
8 0 0.011859 0.767402
9 0 0.0103846 0.774951
10 0 0.00891026 0.780891
11 0 0.0074359 0.785124
12 0 0.00596154 0.787599
13 0 0.00448718 0.788223
14 0 0.00301282 0.78691
15 0 0.00153846 0.783576
16 0 6.41026e-05 0.778148
17 0 -0.00141026 0.770558
18 0 -0.00288462 0.760743
19 0 -0.00435897 0.748643
20 0 -0.00583333 0.734206
21 0 -0.00730769 0.717383
22 0 -0.00878205 0.698128
23 0 -0.0102564 0.6764
24 0 -0.0117308 0.65216
25 0 -0.0132051 0.625372
26 0 -0.0146795 0.596006
27 0 -0.0161538 0.564031
28 0 -0.0176282 0.529421
29 0 -0.0191026 0.4921
30 0 -0.0205769 0.452017
31 0 -0.0220513 0.409278
32 0 -0.0235256 0.36447
33 0.0243203 -0.0057898 0.154897
34 0.024627 -0.00430236 0.150995
35 0.0248428 -0.00279915 0.148279
36 0.024967 -0.00128475 0.146801
37 0.0249989 0.000234679 0.146579
38 0.0249385 0.00175233 0.147636
39 0.0247861 0.00326324 0.149983
40 0.0245421 0.00476275 0.153613
41 0.0242074 0.00624519 0.1585
42 0.0237834 0.00770385 0.164614
43 0.0232718 0.00913362 0.171941
44 0.0226741 0.0105301 0.180462
45 0.0219924 0.0118884 0.190163
46 0.0212297 0.0132023 0.20108
47 0.0203889 0.0144669 0.213322
48 0.0194728 0.0156783 0.227138
49 0.0184842 0.0168326 0.243059
50 0.0174274 0.0179244 0.262421
51 0.0163069 0.0189495 0.289782
52 0.0151262 0.0199047 0.336783
53 0.0130089 0.0195814 0.427463
54 0.0120248 0.0184595 0.48759
55 0.0109445 0.0174304 0.541382
56 0.00977666 0.0165021 0.589695
57 0.00853056 0.0156819 0.632359
58 0.00721616 0.0149765 0.669111
59 0.00584391 0.0143915 0.699743
60 0.00442474 0.0139314 0.724006
61 0.00296995 0.0136001 0.741687
62 0.00149111 0.0134002 0.752954
63 0.00151906 -0.0249538 0.31271
64 0.00303147 -0.0248155 0.310423
65 0.00453261 -0.0245857 0.307211
66 0.00601784 -0.0242649 0.302897
67 0.00748112 -0.0238544 0.297546
68 0.00891589 -0.0233561 0.29122
69 0.0103175 -0.0227717 0.283986
70 0.0116816 -0.0221029 0.275941
71 0.0130031 -0.0213523 0.267208
72 0.0142759 -0.0205231 0.257912
73 0.0154956 -0.0196185 0.248209
74 0.0166585 -0.0186412 0.238226
75 0.0177604 -0.0175946 0.228116
76 0.0187963 -0.0164833 0.218022
77 0.0197624 -0.0153117 0.208102
78 0.0206557 -0.0140833 0.198498
79 0.0214733 -0.0128022 0.189358
80 0.0222114 -0.011474 0.180782
81 0.0228671 -0.0101043 0.17295
82 0.0234384 -0.00869711 0.165958
83 0 0.0235417 0.664217
84 0 0.0220833 0.680266
85 0 0.020625 0.695843
86 0 0.0191667 0.710521
87 0 0.0177083 0.724168
88 0 0.01625 0.736901
89 0 0.0147917 0.74933
90 0.012641 0.0215686 0.413947
91 0.0113494 0.0222753 0.460993
92 0.0100184 0.0229049 0.503613
93 0.00865268 0.0234549 0.540686
94 0.00725686 0.0239236 0.571957
95 0.00583587 0.0243093 0.597578
96 0.00439477 0.0246107 0.617607
97 0.00293831 0.0248267 0.632267
98 0.00147177 0.0249566 0.641757
99 0.013919 0.0391672 0.169237
100 0.0130403 0.0403792 0.178417
101 0.0120563 0.0415075 0.188115
102 0.0109751 0.0425429 0.197963
103 0.00980529 0.0434772 0.20765
104 0.00855639 0.0443027 0.216861
105 0.00723845 0.0450127 0.22526
106 0.00586211 0.0456017 0.232543
107 0.00443847 0.0460648 0.238558
108 0.00297902 0.0463983 0.24312
109 0.00149555 0.0465994 0.246345
110 0.0146595 0.0220705 0.262774
111 0.0153119 0.0234179 0.213737
112 0.0158407 0.0248184 0.185465
113 0.0162418 0.0262608 0.167325
114 0.0165118 0.0277333 0.155458
115 0.0166486 0.0292241 0.148033
116 0.0166511 0.0307212 0.144009
117 0.0165192 0.0322124 0.142944
118 0.016254 0.0336858 0.144413
119 0.0158577 0.0351294 0.148091
120 0.0153335 0.0365317 0.153706
121 0 0.045119 0.29076
122 0 0.0435714 0.327782
123 0 0.0420238 0.363258
124 0 0.0404762 0.396813
125 0 0.0389286 0.42853
126 0 0.037381 0.458501
127 0 0.0358333 0.486818
128 0 0.0342857 0.513592
129 0 0.0327381 0.538939
130 0 0.0311905 0.562974
131 0 0.0296429 0.58579
132 0 0.0280952 0.607258
133 0 0.0265476 0.627512
134 0.0131908 -0.0130217 0.457477
135 0.0160576 0.0085794 0.470167
136 0.0136652 0.0152107 0.474775
137 0.0118526 0.00748317 0.612055
138 0.00350479 -0.0233002 0.356628
139 0.00492412 -0.0230044 0.354406
140 0.00191279 -0.0235543 0.357164
141 0.00635436 -0.0226925 0.348693
142 0.00774638 -0.0222862 0.342469
143 0.00909662 -0.0217848 0.335923
144 0.0103865 -0.0211888 0.329509
145 0.00126933 -0.021223 0.430277
146 0.0116625 -0.0205085 0.322127
147 0.00133429 -0.0198464 0.468678
148 0.0129214 -0.0197634 0.313204
149 0.00132047 -0.0183853 0.507098
150 0.0140669 -0.0189464 0.305423
151 0.00127683 -0.016891 0.543729
152 0.0151807 -0.0180853 0.29626
153 0.00127683 -0.0154167 0.57701
154 0.0162649 -0.0171124 0.287269
155 0.00127683 -0.0139423 0.607667
156 0.0172882 -0.0160852 0.277975
157 0.00127683 -0.0124679 0.635727
158 0.0182224 -0.0150091 0.269355
159 0.00127683 -0.0109936 0.661221
160 0.0190872 -0.0138843 0.26095
161 0.00127683 -0.00951923 0.684182
162 0.0198913 -0.0127423 0.252001
163 0.00127683 -0.00804487 0.704646
164 0.0206629 -0.0114367 0.243913
165 0.00127683 -0.00657051 0.722654
166 0.0212915 -0.0101808 0.237491
167 0.00127683 -0.00509615 0.738248
168 0.02187 -0.00889218 0.230655
169 0.00127683 -0.00362179 0.751476
170 0.0223729 -0.00754859 0.224723
171 0.00127683 -0.00214744 0.762388
172 0.0227924 -0.00618429 0.219664
173 0.00127683 -0.000673077 0.77104
174 0.0231198 -0.00474047 0.216336
175 0.00127683 0.000801282 0.777493
176 0.0233614 -0.00334059 0.213605
177 0.00127683 0.00227564 0.78181
178 0.0235354 -0.0019447 0.211132
179 0.00127683 0.00375 0.784065
180 0.0235967 -0.000484132 0.211118
181 0.00127683 0.00522436 0.784333
182 0.0235901 0.000962436 0.211322
183 0.00127683 0.00669872 0.782699
184 0.0234873 0.00238138 0.213139
185 0.00127683 0.00817308 0.779257
186 0.0233019 0.00379511 0.215983
187 0.00129151 0.00967239 0.773936
188 0.0230186 0.00521327 0.220458
189 0.00127683 0.0111218 0.767301
190 0.0226632 0.00662829 0.225363
191 0.00106407 0.0123523 0.761299
192 0.0222225 0.00796158 0.232025
193 0.0217132 0.00927734 0.239249
194 0.00239005 0.0122222 0.75534
195 0.0210943 0.0105983 0.248473
196 0.00403061 0.0125786 0.738241
197 0.0204008 0.0118674 0.258953
198 0.00554931 0.0130047 0.715174
199 0.0196524 0.0130811 0.270173
200 0.00702163 0.0135348 0.685436
201 0.0188154 0.0142307 0.284067
202 0.00844754 0.0142254 0.648511
203 0.0179676 0.0153361 0.297619
204 0.00978606 0.0150369 0.605642
205 0.0170082 0.0164414 0.315071
206 0.0110057 0.0159657 0.558015
207 0.015831 0.0175311 0.343933
208 0.0121026 0.0169557 0.507007
209 0.0143547 0.0188794 0.385792
210 0.00112416 -0.0224268 0.395002
211 0.0132246 0.0178744 0.449501
212 0.00388679 -0.0217679 0.400655
213 0.00253033 -0.0220957 0.399375
214 0.00526296 -0.0215224 0.395725
215 0.0066594 -0.021259 0.387496
216 0.00794941 -0.0208068 0.382552
217 0.00919208 -0.0202758 0.377186
218 0.0103986 -0.0196809 0.370944
219 0.0026848 -0.0206945 0.439426
220 0.0115798 -0.0190153 0.363858
221 0.00270967 -0.0191789 0.480658
222 0.0127233 -0.018275 0.356294
223 0.00264865 -0.0176572 0.519568
224 0.0138163 -0.0174693 0.348406
225 0.0025625 -0.0161538 0.555357
226 0.0148581 -0.0166205 0.339806
227 0.0025625 -0.0146795 0.587304
228 0.0158494 -0.015688 0.331496
229 0.0025625 -0.0132051 0.616629
230 0.0167761 -0.0146917 0.323508
231 0.0025625 -0.0117308 0.643366
232 0.0176179 -0.0136406 0.316418
233 0.0025625 -0.0102564 0.667545
234 0.0184039 -0.0125486 0.30914
235 0.0025625 -0.00878205 0.689203
236 0.0191324 -0.0114035 0.301996
237 0.0025625 -0.00730769 0.708376
238 0.0197907 -0.0102139 0.295317
239 0.0025625 -0.00583333 0.725106
240 0.020388 -0.00899115 0.2887
241 0.0025625 -0.00435897 0.739437
242 0.0209023 -0.00773822 0.283006
243 0.0025625 -0.00288462 0.751417
244 0.0213264 -0.00646445 0.278545
245 0.0025625 -0.00141026 0.761099
246 0.0216735 -0.00514684 0.275062
247 0.0025625 6.41026e-05 0.768539
248 0.0219462 -0.00381968 0.272163
249 0.0025625 0.00153846 0.7738
250 0.0221377 -0.0024744 0.27026
251 0.0025625 0.00301282 0.776949
252 0.0222507 -0.00112629 0.269215
253 0.0025625 0.00448718 0.778059
254 0.0222896 0.000219605 0.268878
255 0.0025625 0.00596154 0.777207
256 0.0222433 0.00157053 0.269768
257 0.0025625 0.0074359 0.774479
258 0.0221032 0.00292401 0.272241
259 0.00255786 0.00893118 0.769944
260 0.0218701 0.00425954 0.276345
261 0.00259411 0.0105225 0.762941
262 0.021571 0.00556821 0.28102
263 0.0211995 0.00686713 0.286461
264 0.0207543 0.00815134 0.292772
265 0.0202215 0.00940884 0.300693
266 0.0196008 0.0106033 0.310784
267 0.0052943 0.0115839 0.728486
268 0.0188992 0.0117492 0.322856
269 0.00681521 0.0120549 0.700609
270 0.0181344 0.012883 0.335891
271 0.00834021 0.0126733 0.664578
272 0.0173201 0.01398 0.350126
273 0.00981376 0.0134726 0.620854
274 0.0164915 0.0150106 0.365364
275 0.0111741 0.014415 0.571223
276 0.0157743 0.0160814 0.375216
277 0.0123178 0.0154673 0.520058
278 0.0144766 0.0167374 0.418474
279 0.00375361 0.0111941 0.749557
280 0.0131558 0.0164639 0.47488
281 0.00421269 -0.0201522 0.444316
282 0.00570056 -0.020282 0.426209
283 0.00685355 -0.0198149 0.425288
284 0.00802714 -0.019329 0.421669
285 0.00918544 -0.0187874 0.416812
286 0.0103241 -0.0181986 0.410562
287 0.0114412 -0.0175458 0.403397
288 0.00404373 -0.0184135 0.491471
289 0.0124895 -0.0168043 0.396972
290 0.00394997 -0.0168909 0.529339
291 0.0134886 -0.0160281 0.389728
292 0.00389704 -0.0154177 0.562969
293 0.0144682 -0.0152343 0.380673
294 0.00384817 -0.0139423 0.593969
295 0.01538 -0.0143166 0.373394
296 0.00384817 -0.0124679 0.621943
297 0.0161816 -0.0133443 0.367866
298 0.00384817 -0.0109936 0.647331
299 0.0169372 -0.0123297 0.362004
300 0.00384817 -0.00951923 0.670169
301 0.0176622 -0.011277 0.355271
302 0.00384817 -0.00804487 0.690492
303 0.0183155 -0.0101684 0.349333
304 0.00384817 -0.00657051 0.708339
305 0.0188972 -0.00902705 0.343905
306 0.00384817 -0.00509615 0.723751
307 0.0194495 -0.00789478 0.337059
308 0.00384817 -0.00362179 0.736773
309 0.0198733 -0.00667399 0.333613
310 0.00384817 -0.00214744 0.747455
311 0.0202235 -0.00547554 0.330546
312 0.00384817 -0.000673077 0.755849
313 0.0205355 -0.00423109 0.32706
314 0.00384817 0.000801282 0.762015
315 0.0207574 -0.00296106 0.325014
316 0.00384817 0.00227564 0.766015
317 0.0208869 -0.00169348 0.324432
318 0.00384817 0.00375 0.76792
319 0.0209575 -0.000421362 0.324055
320 0.00384817 0.00522436 0.767803
321 0.0209787 0.000844411 0.323528
322 0.00384817 0.00669872 0.765743
323 0.0209152 0.00212692 0.324284
324 0.00383729 0.0081258 0.762096
325 0.0206887 0.00337488 0.32969
326 0.00381678 0.00962126 0.756642
327 0.0204298 0.00461449 0.33437
328 0.0201301 0.00585602 0.338616
329 0.0197451 0.00707562 0.344403
330 0.0193568 0.008273 0.348523
331 0.0187373 0.00944405 0.360229
332 0.0181229 0.0104893 0.371529
333 0.00658399 0.0105605 0.714371
334 0.0174036 0.011555 0.385248
335 0.00811829 0.011031 0.681891
336 0.0165976 0.0126233 0.40109
337 0.00975109 0.0118146 0.637617
338 0.0157724 0.0137236 0.416312
339 0.0113203 0.0127499 0.585015
340 0.0148926 0.0149797 0.430845
341 0.0126405 0.0138852 0.529676
342 0.00548008 -0.0189724 0.463839
343 0.0067301 -0.0183959 0.463965
344 0.00792442 -0.0178484 0.460869
345 0.00909598 -0.0173035 0.454986
346 0.0101985 -0.0167552 0.447499
347 0.0112331 -0.0160803 0.441602
348 0.00539366 -0.0175573 0.50031
349 0.012166 -0.015327 0.437108
350 0.00526133 -0.0161407 0.534784
351 0.0131056 -0.0146129 0.429143
352 0.00519492 -0.0146822 0.56696
353 0.0141568 -0.0140144 0.413475
354 0.00513384 -0.0132051 0.596854
355 0.0147228 -0.012979 0.417364
356 0.00513384 -0.0117308 0.623443
357 0.015453 -0.0120273 0.41287
358 0.00513384 -0.0102564 0.647452
359 0.0162138 -0.0110831 0.404995
360 0.00513384 -0.00878205 0.668916
361 0.0168809 -0.0100593 0.39899
362 0.00513384 -0.00730769 0.687869
363 0.0174315 -0.00896684 0.395528
364 0.00513384 -0.00583333 0.704349
365 0.0179373 -0.00785412 0.391593
366 0.00513384 -0.00435897 0.718396
367 0.0186373 -0.0068998 0.376871
368 0.00513384 -0.00288462 0.730057
369 0.0187439 -0.00572663 0.38383
370 0.00513384 -0.00141026 0.73938
371 0.0191202 -0.0045659 0.378864
372 0.00513384 6.41026e-05 0.746421
373 0.019375 -0.00336639 0.376522
374 0.00513384 0.00153846 0.751239
375 0.0195115 -0.00217616 0.376632
376 0.00513384 0.00301282 0.7539
377 0.0196158 -0.000984722 0.376026
378 0.00513384 0.00448718 0.754476
379 0.019634 0.000209043 0.376841
380 0.00513384 0.00596154 0.753043
381 0.0198408 0.00138458 0.368339
382 0.00514784 0.00736472 0.749688
383 0.0194966 0.00252724 0.379761
384 0.00510916 0.00872877 0.745499
385 0.0192375 0.00371073 0.385871
386 0.0190067 0.00490285 0.388976
387 0.0186885 0.00609286 0.393609
388 0.0183449 0.00725245 0.397659
389 0.0181621 0.00837115 0.394174
390 0.0173582 0.00920727 0.416139
391 0.0166695 0.0102424 0.430288
392 0.00776998 0.00925607 0.70004
393 0.015877 0.0112198 0.447843
394 0.00958929 0.010055 0.65519
395 0.0149396 0.012331 0.468115
396 0.0113033 0.0109623 0.602763
397 0.0141487 0.0136715 0.47898
398 0.013057 0.0120605 0.537601
399 0.00663953 -0.0169277 0.500845
400 0.00786142 -0.0163461 0.497228
401 0.00902445 -0.0157903 0.490755
402 0.0101137 -0.0154617 0.477746
403 0.0108954 -0.0146021 0.480135
404 0.0119331 -0.013755 0.474153
405 0.00657843 -0.0154066 0.53582
406 0.00649383 -0.0139668 0.56665
407 0.0138639 -0.0117397 0.462279
408 0.00641951 -0.0124679 0.595879
409 0.00641951 -0.0109936 0.621052
410 0.0147342 -0.0107591 0.453829
411 0.00641951 -0.00951923 0.643651
412 0.0155898 -0.00999021 0.439973
413 0.00641951 -0.00804487 0.663708
414 0.0159806 -0.00888661 0.443049
415 0.00641951 -0.00657051 0.681251
416 0.0165404 -0.00770933 0.439532
417 0.00641951 -0.00509615 0.696316
418 0.0172795 -0.00638556 0.429085
419 0.00641951 -0.00362179 0.708945
420 0.00641951 -0.00214744 0.719184
421 0.0181817 -0.00373242 0.417855
422 0.00641951 -0.000673077 0.727081
423 0.00641951 0.000801282 0.732691
424 0.0181126 -0.00260681 0.426178
425 0.00641951 0.00227564 0.736076
426 0.0184573 -0.0014984 0.417748
427 0.00641951 0.00375 0.737306
428 0.0182349 -0.000285287 0.428542
429 0.00641951 0.00522436 0.73646
430 0.0183592 0.0012954 0.424723
431 0.00648397 0.00666767 0.732659
432 0.0177333 0.00403555 0.440768
433 0.0177459 0.00522777 0.434364
434 0.0171635 0.00626167 0.44923
435 0.0170229 0.00769593 0.443257
436 0.0153194 0.00975772 0.484619
437 0.00937708 0.00834153 0.67052
438 0.0142983 0.0108388 0.508741
439 0.0112469 0.00898862 0.619755
440 0.0127829 0.0101 0.565876
441 0.00648465 0.00803988 0.728232
442 0.0180309 0.00275833 0.434232
443 0.00784409 -0.014797 0.531091
444 0.0092874 -0.0141715 0.520098
445 0.0106293 -0.0130651 0.515437
446 0.00782598 -0.0132688 0.56162
447 0.0131666 -0.0104622 0.500549
448 0.00770518 -0.0117308 0.590977
449 0.00770518 -0.0102564 0.61471
450 0.0143073 -0.00917891 0.488357
451 0.00770518 -0.00878205 0.63588
452 0.00770518 -0.00730769 0.6545
453 0.00770518 -0.00583333 0.670586
454 0.0156303 -0.00645837 0.480872
455 0.00770518 -0.00435897 0.68418
456 0.00770518 -0.00288462 0.695331
457 0.00770518 -0.00141026 0.70408
458 0.0167301 -0.00338977 0.469728
459 0.00770518 6.41026e-05 0.710474
460 0.00770518 0.00153846 0.714566
461 0.0169821 -0.00144415 0.469838
462 0.00770518 0.00301282 0.716412
463 0.00770518 0.00448718 0.716102
464 0.0168604 0.000335153 0.477382
465 0.0078012 0.00596876 0.711933
466 0.0162976 0.00487979 0.487865
467 0.015681 0.00677655 0.498008
468 0.0140538 0.00942821 0.530857
469 0.0105871 0.00728905 0.646478
470 0.0130445 0.00826169 0.5726
471 0.007844 0.00748098 0.706524
472 0.0120898 -0.0119587 0.503148
473 0.0149966 -0.00781868 0.48539
474 0.0161079 -0.00504253 0.47851
475 0.0167995 0.00182118 0.479307
476 0.0165832 0.00328058 0.483914
477 0.014703 0.0082072 0.520034
478 0.00922835 0.00663992 0.681144
479 0.00911681 -0.0124666 0.555096
480 0.0126737 -0.00894784 0.534132
481 0.00898674 -0.0110049 0.582012
482 0.00893823 -0.00955888 0.604753
483 0.00903175 -0.00809212 0.622805
484 0.00902524 -0.00659927 0.640324
485 0.00899084 -0.00509615 0.65582
486 0.00899084 -0.00362179 0.667892
487 0.00899084 -0.00214744 0.677503
488 0.00899084 -0.000673077 0.684693
489 0.0153603 -0.002152 0.519327
490 0.00899084 0.000801282 0.689504
491 0.00899084 0.00227564 0.691984
492 0.0154003 -0.00045208 0.523634
493 0.00897379 0.0037226 0.692502
494 0.00904128 0.00519443 0.689207
495 0.0146443 0.0052259 0.54076
496 0.0104607 -0.0115342 0.545557
497 0.0114927 -0.0101624 0.545121
498 0.0134036 -0.00768137 0.531104
499 0.0142627 -0.00666272 0.518633
500 0.0144503 -0.00531069 0.526071
501 0.0149477 -0.00379799 0.522932
502 0.0153734 0.00108069 0.526369
503 0.0150828 0.00364921 0.5325
504 0.0140162 0.00673723 0.552549
505 0.0105863 0.00559725 0.653204
506 0.0127461 0.00668197 0.591045
507 0.0155758 0.00239824 0.519089
508 0.0100378 -0.0102714 0.573726
509 0.0102681 -0.00902897 0.58699
510 0.0104122 -0.00740263 0.604576
511 0.0102602 -0.00581379 0.624448
512 0.0102765 -0.00435897 0.636934
513 0.0102765 -0.00288462 0.64742
514 0.0102765 -0.00141026 0.655431
515 0.0102765 6.41026e-05 0.660992
516 0.0140612 -0.00108233 0.561853
517 0.0102765 0.00153846 0.664135
518 0.0103198 0.00307467 0.663914
519 0.010149 0.00435572 0.666335
520 0.0113836 -0.00858608 0.568988
521 0.0138487 -0.00266557 0.561044
522 0.0140943 0.000520652 0.564671
523 0.0130721 0.005341 0.587946
524 0.0135441 0.00388989 0.578889
525 0.0128782 -0.00608126 0.56169
526 0.0131621 -0.00420977 0.570183
527 0.0141229 0.00221521 0.564539
528 0.0117154 0.00418746 0.628901
529 0.0115974 -0.00507793 0.601892
530 0.0115837 -0.00363698 0.613304
531 0.0114835 -0.00217755 0.624464
532 0.0115283 -0.00072435 0.629751
533 0.0115381 0.000765175 0.63349
534 0.0115166 0.00235016 0.635498
535 0.0120484 -0.0075043 0.566977
536 0.0117452 0.00602706 0.62211
537 0.0128094 -0.000104937 0.599213
538 0.0127543 -0.00157547 0.595724
539 0.0128031 0.0014215 0.601786
540 0.0127228 0.00282164 0.603678
541 0.0114254 -0.00637456 0.593519
542 0.0125937 -0.00286 0.593347
543 0.00624413 0.00930572 0.726506
544 0.00507003 0.0101691 0.739529
545 0.0176054 -0.00490465 0.430333
546 0.0039261 0.020274 0.672931
547 0.00822061 0.0199079 0.594372
548 0.00475093 0.019239 0.671988
549 0.00361505 0.0185846 0.69333
550 0.00842305 0.0172009 0.61927
551 0.00954506 0.0180879 0.57815
552 0.00722758 0.0165452 0.654061
553 0.0106724 0.0188583 0.531909
554 0.00601711 0.0159098 0.683673
555 0.0113782 0.0203176 0.486815
556 0.00468053 0.0154763 0.708318
557 0.0033416 0.0151675 0.726548
558 0.00184665 0.0148061 0.741046
559 0.0101048 0.0213597 0.519678
560 0.00881923 0.0220397 0.552657
561 0.0075242 0.0224462 0.58286
562 0.00120233 0.0170716 0.725739
563 0.0062191 0.0228789 0.606934
564 0.00126295 0.0184375 0.713065
565 0.00476992 0.0231462 0.629442
566 0.00126412 0.0199218 0.698586
567 0.00323176 0.023451 0.64574
568 0.00121891 0.0213249 0.684233
569 0.00143074 0.0237998 0.656046
570 0.00112181 0.0158828 0.736081
571 0.00105879 0.0225107 0.672079
572 0.00714063 0.018064 0.640598
573 0.00825172 0.0186983 0.607375
574 0.00962011 0.0197241 0.556576
575 0.0060468 0.0173777 0.669334
576 0.00500589 0.0167499 0.692325
577 0.00373376 0.0168044 0.708651
578 0.00241389 0.016234 0.725745
579 0.00775679 0.0210424 0.59331
580 0.00651057 0.0213088 0.618904
581 0.0024655 0.0177402 0.71218
582 0.00511285 0.0216215 0.641301
583 0.00252838 0.019332 0.696549
584 0.00370424 0.0219476 0.657421
585 0.00254135 0.0208439 0.680923
586 0.0023025 0.0223664 0.666223
587 0.00890775 0.0208339 0.564346
588 0.00694687 0.0196998 0.627505
589 0.00591057 0.01878 0.657813
590 0.0047626 0.0179738 0.684515
591 0.00555479 0.0202409 0.648961
592 0.0124312 0.0312083 0.32218
593 0.0119337 0.0339321 0.309905
594 0.0118774 0.0274604 0.380282
595 0.0079763 0.0390137 0.338815
596 0.0115306 0.0400742 0.229962
597 0.0123604 0.0389875 0.223595
598 0.0131305 0.0378647 0.216065
599 0.0105436 0.0410393 0.23935
600 0.0138495 0.0366986 0.207307
601 0.00955785 0.0419092 0.246736
602 0.014363 0.0353857 0.204423
603 0.0084431 0.0427835 0.253178
604 0.0146878 0.0340829 0.205723
605 0.00728282 0.0434636 0.260656
606 0.0149493 0.032752 0.207081
607 0.00599918 0.0440191 0.268873
608 0.0151364 0.0313721 0.20918
609 0.00456975 0.0445109 0.275837
610 0.0152293 0.0299927 0.212799
611 0.00339045 0.0451005 0.272883
612 0.0152567 0.0286438 0.216993
613 0.00198047 0.0451077 0.282522
614 0.0150592 0.0272087 0.230634
615 0.0147205 0.0259267 0.251559
616 0.0142397 0.0245373 0.282909
617 0.0136298 0.0231547 0.328671
618 0.00142901 0.0426849 0.343379
619 0.00134028 0.04125 0.37573
620 0.00134028 0.0397024 0.408289
621 0.00134028 0.0381548 0.439071
622 0.0111606 0.023747 0.4502
623 0.00134028 0.0366071 0.46813
624 0.00979055 0.0243383 0.494296
625 0.00134028 0.0350595 0.49558
626 0.00836622 0.0248899 0.531768
627 0.00134028 0.0335119 0.521543
628 0.00686884 0.0253441 0.563893
629 0.00134028 0.0319643 0.546145
630 0.00536784 0.0256951 0.589241
631 0.00134028 0.0304167 0.569509
632 0.00379538 0.0260863 0.607423
633 0.00144108 0.0287927 0.592108
634 0.00232053 0.0261471 0.621346
635 0.00134028 0.0273214 0.612497
636 0.00104575 0.0260099 0.630689
637 0.00128382 0.0439603 0.314099
638 0.0122381 0.0230916 0.410433
639 0.0102503 0.0397576 0.270948
640 0.0109143 0.0387183 0.271321
641 0.0116532 0.037689 0.266393
642 0.0123974 0.0366518 0.258171
643 0.00908618 0.0403355 0.289234
644 0.0131401 0.035716 0.245254
645 0.0083868 0.0414703 0.281916
646 0.0132207 0.0344919 0.257505
647 0.00738886 0.0419464 0.291969
648 0.0134411 0.0332643 0.262833
649 0.00621384 0.0425313 0.29949
650 0.0136596 0.0319464 0.266981
651 0.00483593 0.0431724 0.304271
652 0.0137974 0.0306113 0.272344
653 0.00307015 0.0435657 0.313107
654 0.0139273 0.0293105 0.27578
655 0.0141011 0.0280992 0.274835
656 0.013461 0.0269469 0.312758
657 0.0134366 0.0255959 0.322283
658 0.012597 0.0244859 0.376191
659 0.00276118 0.0418611 0.354052
660 0.00268175 0.0403773 0.386544
661 0.0026639 0.0389286 0.416142
662 0.0026639 0.037381 0.445887
663 0.0110144 0.0251912 0.43945
664 0.0026639 0.0358333 0.473943
665 0.00950958 0.0258036 0.486473
666 0.0026639 0.0342857 0.50044
667 0.0079974 0.0263803 0.523811
668 0.0026639 0.0327381 0.525505
669 0.0064253 0.0268543 0.554825
670 0.0026639 0.0311905 0.549291
671 0.00476784 0.0272609 0.579303
672 0.00279403 0.0295533 0.572008
673 0.00296539 0.0277453 0.595385
674 0.00937581 0.0387506 0.311591
675 0.0101055 0.0375306 0.313592
676 0.0109631 0.0363802 0.307252
677 0.0119013 0.0353531 0.292507
678 0.00758961 0.040471 0.318585
679 0.012184 0.0325606 0.317164
680 0.00522383 0.0416793 0.332392
681 0.00792134 0.0325538 0.444989
682 0.00402988 0.0422215 0.334579
683 0.0128516 0.0283338 0.330422
684 0.012167 0.0260532 0.380847
685 0.00400288 0.0395745 0.391082
686 0.00398753 0.0381548 0.41903
687 0.00398753 0.0366071 0.4476
688 0.0106865 0.0266539 0.435764
689 0.00398753 0.0350595 0.474539
690 0.00918525 0.0273258 0.478723
691 0.00398753 0.0335119 0.499983
692 0.00760809 0.027938 0.514362
693 0.00394684 0.0319966 0.52405
694 0.00598207 0.0284207 0.543454
695 0.00404695 0.030446 0.545826
696 0.00430666 0.0288722 0.56451
697 0.00397979 0.0409735 0.362376
698 0.00839785 0.0373242 0.359952
699 0.00954276 0.036277 0.348541
700 0.0102523 0.0348908 0.350335
701 0.010415 0.0280939 0.429473
702 0.00538572 0.0388081 0.388777
703 0.00540567 0.037336 0.415987
704 0.00536051 0.0358124 0.443463
705 0.00529601 0.0342702 0.470055
706 0.00896449 0.0290002 0.465071
707 0.00530439 0.032721 0.494229
708 0.00718334 0.0296274 0.502539
709 0.00512153 0.0313379 0.517596
710 0.00560111 0.0300179 0.528707
711 0.00682919 0.0381048 0.378332
712 0.0106291 0.0331577 0.362272
713 0.0109546 0.0316546 0.370227
714 0.0104247 0.0293732 0.414335
715 0.00834541 0.0354061 0.392762
716 0.00685648 0.0365086 0.406067
717 0.00661439 0.0350126 0.435506
718 0.00650058 0.0333452 0.463849
719 0.00835729 0.0307906 0.458488
720 0.00661597 0.0315015 0.488955
721 0.00906781 0.0337326 0.399399
722 0.00980258 0.0304908 0.421392
723 0.0116001 0.0288985 0.376962
724 0.00765481 0.0340495 0.429006
725 0.00944548 0.0320766 0.411812
726 0.00657116 0.0395755 0.355083
727 0.00527509 0.0402669 0.361397
728 0.0113659 0.0303429 0.370772
729 0.0063901 0.0410655 0.328055
730 0.0126594 0.0297846 0.326446
