1 0 0 6.70214
2 -1.05452e-05 0.07 6.73818
3 -1.00867e-05 0.0669565 3.20398
4 -9.62819e-06 0.063913 1.03075
5 -9.1697e-06 0.0608696 0.115732
6 -8.71122e-06 0.0578261 -0.0193154
7 -8.25273e-06 0.0547826 -0.00327572
8 -7.79425e-06 0.0517391 0.000421926
9 -7.33576e-06 0.0486957 0.00100824
10 -6.87728e-06 0.0456522 0.000879686
11 -6.41879e-06 0.0426087 0.000431746
12 -5.96031e-06 0.0395652 0.000120099
13 -5.50182e-06 0.0365217 4.24139e-05
14 -5.04334e-06 0.0334783 1.82929e-05
15 -4.58485e-06 0.0304348 3.87079e-06
16 -4.12637e-06 0.0273913 -6.10478e-06
17 -3.66788e-06 0.0243478 -1.90572e-05
18 -3.2094e-06 0.0213043 -9.71287e-05
19 -2.75091e-06 0.0182609 -0.000674379
20 -2.29243e-06 0.0152174 -0.00420351
21 -1.83394e-06 0.0121739 -0.0123948
22 -1.37546e-06 0.00913043 0.110223
23 -9.1697e-07 0.00608696 0.927135
24 -4.58485e-07 0.00304348 3.11349
25 0.00285983 0.000767693 6.63282
26 0.00569411 0.00162446 6.58725
27 0.00849141 0.00259464 6.61179
28 0.0112357 0.00370477 6.62854
29 0.0138982 0.00499893 6.68947
30 0.0164254 0.00653943 6.79024
31 0.0187498 0.00836988 6.95225
32 0.0207802 0.0105205 7.13287
33 0.0224435 0.0129663 7.35353
34 0.0237306 0.0156306 7.46097
35 0.0246814 0.0184333 7.56168
36 0.0253288 0.0213214 7.64845
37 0.0256673 0.0242617 7.70562
38 0.0256649 0.0272211 7.71415
39 0.0253023 0.0301581 7.65038
40 0.0245988 0.0330328 7.53226
41 0.0236139 0.0358244 7.40489
42 0.0224299 0.0385381 7.30085
43 0.0211335 0.0412003 7.22088
44 0.0198118 0.0438502 7.18885
45 0.0185485 0.0465282 7.18804
46 0.0174294 0.0492691 7.21785
47 0.0165269 0.0520885 7.29061
48 0.0158455 0.0549697 7.42026
49 0.015248 0.0578699 7.59135
50 0.0144004 0.0607039 7.55736
51 0.0129148 0.0632527 7.34304
52 0.010791 0.0653023 6.96985
53 0.00828771 0.0668762 6.75448
54 0.00560092 0.0681165 6.6751
55 0.00281998 0.0691315 6.70515
56 0.0109461 0.0214869 -0.00219523
57 0.0123511 0.0260447 -0.000531956
58 0.0126063 0.0287842 -0.000610737
59 0.0083586 0.011048 0.350872
60 0.0101451 0.0625407 3.73061
61 0.00781984 0.0636479 3.0727
62 0.0113028 0.0603497 3.08144
63 0.0113703 0.015652 0.0402738
64 0.0127921 0.0583486 3.5904
65 0.00276623 0.0659404 3.14097
66 0.0130257 0.0557383 2.56468
67 0.0136386 0.052775 2.16638
68 0.0145436 0.0499002 2.21736
69 0.0156198 0.0469355 2.29654
70 0.00269987 0.0627822 1.04387
71 0.0168619 0.0441005 2.43946
72 0.00263228 0.0596472 0.176571
73 0.0181769 0.0413836 2.5567
74 0.00259595 0.0565212 0.0089113
75 0.0194753 0.0387477 2.63135
76 0.00263182 0.05337 -0.00118009
77 0.0205597 0.036182 2.56213
78 0.00272822 0.0503399 -0.00219207
79 0.0215946 0.0335985 2.63023
80 0.0027646 0.047273 -0.00238971
81 0.0224394 0.0310195 2.76349
82 0.00270495 0.0441907 -0.00140728
83 0.0228752 0.0283199 2.70518
84 0.00262954 0.0410874 -0.000303364
85 0.0230164 0.0257372 2.68423
86 0.00263 0.0380439 -0.000105401
87 0.0228649 0.0230411 2.69642
88 0.00263046 0.0350004 -5.76805e-05
89 0.0224067 0.0204514 2.72289
90 0.00263092 0.0319569 -2.13657e-05
91 0.0216032 0.0178457 2.70652
92 0.00263137 0.0289134 6.15244e-06
93 0.0205908 0.0154729 2.80467
94 0.00263183 0.02587 2.03541e-05
95 0.0198074 0.0130193 3.65743
96 0.00263229 0.0228265 2.69488e-05
97 0.0179826 0.0113385 3.25008
98 0.00263275 0.019783 0.000111969
99 0.0159516 0.00943724 3.32501
100 0.00263321 0.0167395 0.00119426
101 0.0136809 0.00801143 3.2312
102 0.00272231 0.013752 0.013403
103 0.0112744 0.00668336 3.29446
104 0.00277867 0.0107269 0.140307
105 0.00879234 0.00547687 3.43585
106 0.00290559 0.00769164 0.80656
107 0.00638634 0.00411815 3.96407
108 0.00331824 0.00424891 2.91168
109 0.00809559 0.0601458 1.03961
110 0.00531547 0.06152 0.949219
111 0.0100959 0.0571463 0.762577
112 0.0107008 0.0536166 0.284652
113 0.011355 0.050337 0.0986698
114 0.0124468 0.0473627 0.144239
115 0.0138835 0.0444984 0.31571
116 0.0151829 0.0416716 0.371663
117 0.00516602 0.0583774 0.136417
118 0.0163992 0.0390069 0.381235
119 0.00515644 0.0552734 0.0127672
120 0.0175163 0.0364469 0.365942
121 0.0054172 0.0522152 0.0050744
122 0.0186039 0.033932 0.373029
123 0.00563781 0.0490365 0.0086467
124 0.0195585 0.0315334 0.427665
125 0.00552545 0.0458175 0.00691788
126 0.0204911 0.0292561 0.651982
127 0.00527802 0.0426335 0.000656852
128 0.0201704 0.0268634 0.301435
129 0.00524295 0.0395276 0.000283523
130 0.0207027 0.0245048 0.614744
131 0.00525083 0.0365225 0.000252693
132 0.0199236 0.0222004 0.361549
133 0.00525129 0.0334791 0.000136946
134 0.0198185 0.0197451 0.703775
135 0.00525175 0.0304356 1.92023e-06
136 0.0184002 0.0175558 0.493154
137 0.00525221 0.0273921 -6.3501e-05
138 0.00541645 0.0648074 3.00132
139 0.00525266 0.0243486 -8.72662e-05
140 0.0172267 0.0145967 0.879092
141 0.00525312 0.0213051 2.67096e-05
142 0.0155743 0.0119947 1.43296
143 0.00536397 0.0183001 0.000597591
144 0.0134599 0.0109274 1.19151
145 0.00549038 0.0153567 0.00615621
146 0.0110701 0.00958741 1.22367
147 0.0055586 0.0123899 0.0726294
148 0.0086341 0.00822377 1.39305
149 0.00564951 0.00941234 0.506474
150 0.00575451 0.00659899 1.7452
151 0.00733587 0.0570633 0.180675
152 0.00831614 0.0511212 -0.0260372
153 0.00879338 0.0475418 -0.033286
154 0.0108844 0.0447565 -0.0272323
155 0.0123428 0.0419785 -0.0154093
156 0.0133977 0.0391571 -0.0282098
157 0.0144727 0.0366647 -0.0261458
158 0.00797113 0.054318 0.00813062
159 0.0156192 0.0341039 -0.026504
160 0.0166218 0.031653 -0.0299223
161 0.0175578 0.028639 -0.0543223
162 0.00792696 0.0440947 0.0022538
163 0.00771967 0.0409861 -0.000545447
164 0.00799325 0.0379834 -0.00111866
165 0.0176159 0.0246681 -0.0623384
166 0.00804074 0.0350093 -0.000927291
167 0.0169319 0.02067 -0.0259273
168 0.00787212 0.0319577 -2.94115e-05
169 0.00777158 0.0289174 0.000154898
170 0.0148525 0.0171812 0.0206517
171 0.00782138 0.0258492 0.000464044
172 0.00800476 0.0228382 0.000462558
173 0.00820899 0.0198794 2.5814e-06
174 0.0138652 0.0139282 0.329614
175 0.0083416 0.0169397 0.00210105
176 0.00834235 0.0140361 0.041842
177 0.0110647 0.0125552 0.292335
178 0.00986745 0.0422996 -0.00145398
179 0.0104581 0.0394962 0.00461238
180 0.0111126 0.0365989 0.00596009
181 0.0129571 0.0344168 0.00155771
182 0.0133673 0.0317944 0.00606159
183 0.0150172 0.029533 0.00458942
184 0.0149279 0.0267242 0.0126424
185 0.013935 0.0232542 0.0163268
186 0.0105557 0.0333732 -0.000268865
187 0.0136568 0.0201903 0.0077028
188 0.0103729 0.0304466 -0.000870076
189 0.0101354 0.0273941 -0.000350434
190 0.0112758 0.0184437 0.00397919
191 0.0105672 0.0242964 -0.00313684
