1 1.53081e-18 -0.025 0.314112
2 1.02054e-18 0.0133333 0.754847
3 1.53081e-18 0.025 0.643106
4 1.02054e-18 0.0466667 0.247658
5 0.0146855 0.0378813 0.160441
6 0.0239236 -0.00725686 0.159765
7 0.0138888 0.020787 0.349325
8 0 0.0121354 0.762149
9 0 0.0109375 0.768823
10 0 0.00973958 0.774402
11 0 0.00854167 0.77879
12 0 0.00734375 0.782031
13 0 0.00614583 0.784137
14 0 0.00494792 0.785044
15 0 0.00375 0.784697
16 0 0.00255208 0.783049
17 0 0.00135417 0.780056
18 0 0.00015625 0.775676
19 0 -0.00104167 0.769873
20 0 -0.00223958 0.762611
21 0 -0.0034375 0.753857
22 0 -0.00463542 0.74358
23 0 -0.00583333 0.731752
24 0 -0.00703125 0.718346
25 0 -0.00822917 0.703337
26 0 -0.00942708 0.686702
27 0 -0.010625 0.668419
28 0 -0.0118229 0.648468
29 0 -0.0130208 0.62683
30 0 -0.0142188 0.603486
31 0 -0.0154167 0.578418
32 0 -0.0166146 0.551611
33 0 -0.0178125 0.52305
34 0 -0.0190104 0.492726
35 0 -0.0202083 0.460634
36 0 -0.0214062 0.426781
37 0 -0.0226042 0.39118
38 0 -0.0238021 0.354132
39 0.0242509 -0.00607385 0.155626
40 0.0245197 -0.0048771 0.15222
41 0.0247295 -0.0036677 0.149558
42 0.0248796 -0.00245019 0.147676
43 0.0249699 -0.00122647 0.146612
44 0.025 6.23264e-07 0.146365
45 0.0249699 0.00122674 0.146951
46 0.0248796 0.00245088 0.148376
47 0.0247293 0.00366869 0.150628
48 0.0245196 0.00487736 0.153716
49 0.0242507 0.00607499 0.157618
50 0.0239235 0.00725711 0.162313
51 0.0235385 0.00842262 0.167799
52 0.0230967 0.00956783 0.174054
53 0.0225996 0.0106891 0.181061
54 0.0220477 0.0117855 0.188825
55 0.021443 0.0128529 0.197349
56 0.0207865 0.0138895 0.206675
57 0.0200797 0.0148931 0.216876
58 0.0193251 0.01586 0.228087
59 0.0185234 0.0167894 0.240591
60 0.0176773 0.0176781 0.254871
61 0.0167888 0.0185239 0.271953
62 0.0158593 0.0193257 0.294166
63 0.0148924 0.0200803 0.338122
64 0.0132064 0.0198329 0.408695
65 0.0124589 0.0189296 0.45818
66 0.01165 0.0180813 0.503385
67 0.0107835 0.017292 0.544888
68 0.00986364 0.0165655 0.582941
69 0.0088947 0.0159052 0.61745
70 0.00788126 0.0153145 0.648353
71 0.00682877 0.0147965 0.675472
72 0.00574297 0.014354 0.698701
73 0.00462906 0.0139891 0.717926
74 0.00349236 0.0137033 0.733073
75 0.00233829 0.0134982 0.744129
76 0.00117232 0.0133746 0.751134
77 0.0012271 -0.0249699 0.312409
78 0.00245033 -0.0248796 0.310876
79 0.00366856 -0.0247294 0.308729
80 0.00487723 -0.0245196 0.305886
81 0.00607446 -0.0242508 0.302332
82 0.00725746 -0.0239234 0.298084
83 0.00842204 -0.0235387 0.293182
84 0.00956726 -0.0230969 0.28765
85 0.010689 -0.0225997 0.281576
86 0.0117848 -0.0220481 0.274991
87 0.0128528 -0.0214431 0.267962
88 0.013889 -0.0207869 0.260568
89 0.0148926 -0.0200801 0.252861
90 0.0158602 -0.0193249 0.244925
91 0.016789 -0.0185238 0.236848
92 0.017678 -0.0176774 0.228687
93 0.0185238 -0.0167889 0.220531
94 0.0193253 -0.0158598 0.212465
95 0.0200805 -0.0148921 0.204556
96 0.0207867 -0.0138893 0.196883
97 0.0214434 -0.0128523 0.189526
98 0.0220482 -0.0117847 0.182544
99 0.0225997 -0.0106889 0.176021
100 0.0230971 -0.00956675 0.170011
101 0.0235386 -0.00842238 0.164577
102 0 0.0238333 0.657119
103 0 0.0226667 0.670288
104 0 0.0215 0.682979
105 0 0.0203333 0.695124
106 0 0.0191667 0.706669
107 0 0.018 0.71761
108 0 0.0168333 0.727912
109 0 0.0156667 0.737626
110 0 0.0145 0.747147
111 0.0128521 0.0214435 0.400033
112 0.0117845 0.0220482 0.441285
113 0.0106885 0.0225999 0.479505
114 0.00956674 0.0230971 0.513542
115 0.00842197 0.0235387 0.543362
116 0.00725686 0.0239236 0.569157
117 0.00607427 0.0242508 0.590989
118 0.0048771 0.0245197 0.608868
119 0.00366813 0.0247294 0.622881
120 0.00245032 0.0248796 0.633106
121 0.00122666 0.0249699 0.639577
122 0.0140812 0.0389161 0.167016
123 0.0134046 0.0399042 0.17418
124 0.0126591 0.0408409 0.181744
125 0.011848 0.0417219 0.18956
126 0.0109751 0.0425429 0.197439
127 0.0100454 0.0432992 0.205212
128 0.00906455 0.0439861 0.212695
129 0.00803718 0.0446007 0.219724
130 0.00696805 0.0451401 0.226159
131 0.00586211 0.0456017 0.231873
132 0.00472586 0.0459826 0.236717
133 0.00356606 0.0462807 0.24069
134 0.00238815 0.0464947 0.243631
135 0.00119762 0.0466236 0.245661
136 0.0145149 0.0218089 0.271031
137 0.0150656 0.0228722 0.226084
138 0.0155384 0.0239721 0.198517
139 0.0159311 0.0251034 0.179843
140 0.0162418 0.0262608 0.16635
141 0.0164685 0.0274375 0.156607
142 0.01661 0.0286266 0.149801
143 0.0166657 0.0298225 0.145369
144 0.0166354 0.0310196 0.142984
145 0.0165192 0.0322124 0.142444
146 0.0163175 0.0333937 0.143495
147 0.0160317 0.0345566 0.145977
148 0.0156632 0.0356957 0.149738
149 0.0152139 0.0368056 0.154622
150 0 0.045463 0.279419
151 0 0.0442593 0.308724
152 0 0.0430556 0.337215
153 0 0.0418519 0.364511
154 0 0.0406481 0.390591
155 0 0.0394444 0.415511
156 0 0.0382407 0.439325
157 0 0.037037 0.462089
158 0 0.0358333 0.483856
159 0 0.0346296 0.504683
160 0 0.0334259 0.524627
161 0 0.0322222 0.543742
162 0 0.0310185 0.562087
163 0 0.0298148 0.57972
164 0 0.0286111 0.596629
165 0 0.0274074 0.612753
166 0 0.0262037 0.628118
167 0.0116189 0.00984527 0.600041
168 0.0105082 0.00927109 0.63453
169 0.00806648 0.00720721 0.700543
170 0.00608284 -0.0164628 0.517543
171 0.00409217 -0.023553 0.343804
172 0.00288484 -0.023691 0.347499
173 0.00158415 -0.0237887 0.350185
174 0.00522903 -0.0232838 0.342263
175 0.00636816 -0.0229885 0.338991
176 0.00748678 -0.0226559 0.334601
177 0.0085765 -0.0222779 0.329555
178 0.00106453 -0.0219233 0.409328
179 0.00970525 -0.0218021 0.324247
180 0.00102957 -0.0207882 0.442297
181 0.0107405 -0.0213186 0.318374
182 0.00103743 -0.0196094 0.474703
183 0.0117684 -0.0207637 0.312338
184 0.00103743 -0.0184115 0.505917
185 0.012783 -0.0201472 0.305897
186 0.00103743 -0.0172135 0.53536
187 0.0137478 -0.0195204 0.298576
188 0.00103743 -0.0160156 0.56304
189 0.0146886 -0.0188176 0.291575
190 0.00103743 -0.0148177 0.58897
191 0.0155882 -0.0180642 0.284691
192 0.00103743 -0.0136198 0.613166
193 0.0164657 -0.0172767 0.277002
194 0.00103743 -0.0124219 0.635647
195 0.0172999 -0.0164506 0.269304
196 0.00103743 -0.011224 0.65643
197 0.0180623 -0.0155966 0.262417
198 0.00103743 -0.010026 0.675534
199 0.0188136 -0.0146762 0.255166
200 0.00103743 -0.00882813 0.692979
201 0.0195243 -0.0137441 0.247425
202 0.00103743 -0.00763021 0.708785
203 0.0201607 -0.0127594 0.241308
204 0.00103743 -0.00643229 0.722975
205 0.0207764 -0.0117409 0.234466
206 0.00103743 -0.00523438 0.735573
207 0.0213212 -0.010735 0.228192
208 0.00103743 -0.00403646 0.746603
209 0.0218173 -0.00967647 0.222688
210 0.00103743 -0.00283854 0.756095
211 0.0222656 -0.0085773 0.217703
212 0.00103743 -0.00164063 0.764077
213 0.0226693 -0.00747955 0.212604
214 0.00103743 -0.000442708 0.770581
215 0.0230128 -0.00635449 0.208439
216 0.00103743 0.000755208 0.77564
217 0.0232745 -0.00522503 0.205982
218 0.00103743 0.00195312 0.779292
219 0.023514 -0.00405951 0.202864
220 0.00103743 0.00315104 0.781576
221 0.0236939 -0.00289533 0.20049
222 0.00103743 0.00434896 0.782532
223 0.0237992 -0.00175481 0.199547
224 0.00103743 0.00554687 0.782206
225 0.0238538 -0.000568205 0.199171
226 0.00103743 0.00674479 0.780646
227 0.0238691 0.000603353 0.198702
228 0.00103743 0.00794271 0.777909
229 0.0237929 0.00177341 0.200561
230 0.001097 0.00917761 0.773664
231 0.0236806 0.00295878 0.202162
232 0.00114894 0.0104085 0.768278
233 0.0235184 0.00408965 0.204406
234 0.00103743 0.0115365 0.762918
235 0.0232816 0.00523849 0.208136
236 0.000841832 0.0125547 0.757504
237 0.0229903 0.00638435 0.21248
238 0.0226606 0.00750595 0.216888
239 0.00183109 0.0124667 0.753965
240 0.0222669 0.00860933 0.222476
241 0.00302 0.0125465 0.745277
242 0.0218112 0.00967343 0.229421
243 0.00425979 0.0128535 0.730747
244 0.021313 0.0107421 0.236353
245 0.0054686 0.0132388 0.711711
246 0.0207649 0.0117796 0.244072
247 0.00664131 0.0136655 0.688624
248 0.0201681 0.0127574 0.253106
249 0.00778734 0.0141602 0.661168
250 0.0194957 0.0137562 0.263312
251 0.00887807 0.0147435 0.629787
252 0.0187944 0.0146973 0.274283
253 0.00991988 0.0154176 0.594353
254 0.0180505 0.0155933 0.286725
255 0.0109272 0.0161518 0.554659
256 0.0172663 0.0164738 0.30044
257 0.0118856 0.0169788 0.510544
258 0.0164405 0.0173004 0.317268
259 0.012844 0.0178956 0.459713
260 0.0157049 0.0181094 0.33215
261 0.0139189 0.0190584 0.393103
262 0.00094967 -0.0229101 0.37973
263 0.0150241 0.0189177 0.349431
264 0.00439664 -0.0223727 0.377904
265 0.00340051 -0.0227536 0.373647
266 0.00228332 -0.0225321 0.38676
267 0.00551487 -0.0221145 0.375158
268 0.00660997 -0.0218022 0.371858
269 0.00767517 -0.0214554 0.367616
270 0.00872832 -0.021055 0.362802
271 0.00207891 -0.0214062 0.421098
272 0.0097549 -0.0205953 0.357842
273 0.00200534 -0.0201794 0.456051
274 0.0107505 -0.0200925 0.352412
275 0.00207891 -0.0190104 0.487049
276 0.0117224 -0.019538 0.34667
277 0.00207891 -0.0178125 0.517382
278 0.0126685 -0.0189419 0.340426
279 0.00207891 -0.0166146 0.545937
280 0.0135828 -0.0183044 0.333856
281 0.00207891 -0.0154167 0.572723
282 0.0144631 -0.0176126 0.327393
283 0.00207891 -0.0142188 0.597766
284 0.0153119 -0.0168791 0.320689
285 0.00207891 -0.0130208 0.621083
286 0.0161273 -0.0161091 0.313718
287 0.00207891 -0.0118229 0.642691
288 0.0168935 -0.0153002 0.307072
289 0.00207891 -0.010625 0.662609
290 0.0176298 -0.0144542 0.300169
291 0.00207891 -0.00942708 0.680854
292 0.0183197 -0.0135746 0.293506
293 0.00207891 -0.00822917 0.697448
294 0.0189518 -0.0126679 0.287441
295 0.00207891 -0.00703125 0.71241
296 0.0195512 -0.0117202 0.281378
297 0.00207891 -0.00583333 0.725765
298 0.0200986 -0.0107406 0.275862
299 0.00207891 -0.00463542 0.737536
300 0.0205995 -0.00974258 0.270558
301 0.00207891 -0.0034375 0.747749
302 0.0210513 -0.00871681 0.26572
303 0.00207891 -0.00223958 0.756433
304 0.0214572 -0.00767068 0.261158
305 0.00207891 -0.00104167 0.763619
306 0.0218121 -0.00661021 0.257052
307 0.00207891 0.00015625 0.769337
308 0.0221143 -0.00553973 0.25348
309 0.00207891 0.00135417 0.773625
310 0.0223506 -0.00443025 0.251234
311 0.00207891 0.00255208 0.776518
312 0.0225468 -0.00331929 0.248953
313 0.00207891 0.00375 0.778058
314 0.0226835 -0.00220994 0.247505
315 0.00207891 0.00494792 0.778286
316 0.0227694 -0.00109366 0.246595
317 0.00207891 0.00614583 0.777246
318 0.0228007 2.19245e-05 0.246377
319 0.00207891 0.00734375 0.774974
320 0.0227676 0.00112656 0.247317
321 0.00213398 0.00856752 0.771146
322 0.022684 0.00224368 0.2488
323 0.00224376 0.00983301 0.765634
324 0.0225401 0.00335567 0.25126
325 0.00237646 0.0112392 0.75803
326 0.0223488 0.00445389 0.254186
327 0.0220996 0.00554821 0.257989
328 0.021803 0.00662944 0.262265
329 0.0214558 0.00769356 0.267205
330 0.0210498 0.00873311 0.273263
331 0.00383416 0.0116157 0.743418
332 0.0205986 0.00975514 0.279823
333 0.00515438 0.0120123 0.724851
334 0.0200977 0.0107571 0.287148
335 0.00642118 0.0124631 0.701823
336 0.0195452 0.011728 0.295533
337 0.0076514 0.0129454 0.674444
338 0.0189473 0.0126844 0.304588
339 0.00884661 0.0134992 0.642461
340 0.0182819 0.0135951 0.315886
341 0.00997115 0.0141929 0.606096
342 0.0175861 0.0144719 0.328023
343 0.0110567 0.0149229 0.56553
344 0.0168661 0.0153298 0.340884
345 0.0120715 0.0157265 0.521392
346 0.0161174 0.0161682 0.355243
347 0.0130101 0.0165907 0.474191
348 0.0151668 0.0169398 0.380718
349 0.0139012 0.0174675 0.423911
350 0.00336825 -0.0216296 0.407761
351 0.00466041 -0.0212591 0.408533
352 0.00575011 -0.0209343 0.407021
353 0.00680101 -0.020622 0.403302
354 0.00782277 -0.0202789 0.398658
355 0.00881671 -0.0198668 0.394229
356 0.00977494 -0.0193976 0.389879
357 0.00304036 -0.0196176 0.46612
358 0.010713 -0.0188959 0.384741
359 0.00311557 -0.0184322 0.496583
360 0.0116333 -0.0183491 0.379126
361 0.00313802 -0.0172373 0.525826
362 0.0125196 -0.0177584 0.373375
363 0.0031204 -0.0160156 0.554148
364 0.0133702 -0.0171274 0.36751
365 0.0031204 -0.0148177 0.580029
366 0.0142019 -0.0164522 0.361244
367 0.0031204 -0.0136198 0.604175
368 0.0149993 -0.0157306 0.355025
369 0.0031204 -0.0124219 0.626602
370 0.0157487 -0.0149785 0.348954
371 0.0031204 -0.011224 0.647327
372 0.0164681 -0.0141902 0.342695
373 0.0031204 -0.010026 0.666367
374 0.0171424 -0.0133642 0.336779
375 0.0031204 -0.00882813 0.683739
376 0.0177677 -0.0125136 0.331153
377 0.0031204 -0.00763021 0.699464
378 0.0183641 -0.0116332 0.325294
379 0.0031204 -0.00643229 0.713565
380 0.018914 -0.0107138 0.319954
381 0.0031204 -0.00523438 0.726063
382 0.0193995 -0.00976595 0.315662
383 0.0031204 -0.00403646 0.736984
384 0.0198584 -0.00880161 0.310908
385 0.0031204 -0.00283854 0.746354
386 0.0202718 -0.00781419 0.306502
387 0.0031204 -0.00164063 0.754202
388 0.0206317 -0.00681068 0.302704
389 0.0031204 -0.000442708 0.760559
390 0.0209398 -0.00578914 0.299525
391 0.0031204 0.000755208 0.765459
392 0.0212063 -0.00474448 0.296594
393 0.0031204 0.00195312 0.768937
394 0.0214115 -0.00368526 0.294641
395 0.0031204 0.00315104 0.771032
396 0.0215702 -0.00263223 0.292996
397 0.0031204 0.00434896 0.771786
398 0.0216801 -0.00157326 0.291852
399 0.0031204 0.00554687 0.771244
400 0.0217296 -0.000510356 0.291715
401 0.00315389 0.00676256 0.769125
402 0.0217247 0.000544386 0.292342
403 0.00312659 0.00793021 0.766374
404 0.0216791 0.00160593 0.293188
405 0.00324226 0.0091348 0.761263
406 0.0215716 0.00266858 0.295123
407 0.00346974 0.0103528 0.753837
408 0.0213983 0.00371986 0.298357
409 0.0211957 0.00476621 0.301349
410 0.0209388 0.00580818 0.305137
411 0.0206254 0.00683247 0.309909
412 0.0202665 0.00783268 0.315312
413 0.0198648 0.00882169 0.321155
414 0.00481506 0.0107551 0.73697
415 0.0194059 0.00978834 0.32818
416 0.00614244 0.0112048 0.715039
417 0.0189075 0.0107227 0.335888
418 0.00745754 0.0116977 0.687953
419 0.0183599 0.011643 0.344531
420 0.00876353 0.0122322 0.655464
421 0.0177524 0.0125347 0.354885
422 0.00996611 0.012879 0.619362
423 0.0170825 0.0133923 0.367369
424 0.0111386 0.0136419 0.57774
425 0.0163733 0.0142238 0.381284
426 0.0122685 0.0144294 0.531817
427 0.0157119 0.0150495 0.393174
428 0.0132531 0.0152847 0.485014
429 0.0151091 0.0158631 0.403028
430 0.0141319 0.0162057 0.436615
431 0.00288692 -0.0206429 0.438814
432 0.00394892 -0.0204352 0.437652
433 0.00494785 -0.0200471 0.439879
434 0.0059607 -0.0197326 0.437864
435 0.00696204 -0.0194749 0.432412
436 0.00793731 -0.0191261 0.427779
437 0.00884611 -0.0186834 0.424729
438 0.00974289 -0.0181968 0.421146
439 0.00407667 -0.0191893 0.470362
440 0.0106321 -0.0177309 0.415359
441 0.0042029 -0.0179124 0.501878
442 0.0115136 -0.0171793 0.409994
443 0.00419143 -0.0166804 0.531413
444 0.0123119 -0.0165852 0.405671
445 0.00414163 -0.0154321 0.559706
446 0.0131129 -0.0159913 0.399556
447 0.00416189 -0.0142188 0.584846
448 0.0139143 -0.0153242 0.393299
449 0.00416189 -0.0130208 0.608092
450 0.0146241 -0.0146026 0.388874
451 0.00416189 -0.0118229 0.629621
452 0.0153356 -0.0138882 0.382577
453 0.00416189 -0.010625 0.649449
454 0.0160078 -0.0131199 0.376799
455 0.00416189 -0.00942708 0.667595
456 0.0165998 -0.0123086 0.372669
457 0.00416189 -0.00822917 0.684077
458 0.0171938 -0.0114978 0.366877
459 0.00416189 -0.00703125 0.698915
460 0.0177626 -0.0106481 0.360956
461 0.00416189 -0.00583333 0.712131
462 0.0182231 -0.00974594 0.357946
463 0.00416189 -0.00463542 0.723748
464 0.0186579 -0.0088256 0.354551
465 0.00416189 -0.0034375 0.733792
466 0.0190999 -0.00791616 0.349256
467 0.00416189 -0.00223958 0.742289
468 0.0194792 -0.00694506 0.345402
469 0.00416189 -0.00104167 0.749269
470 0.0197636 -0.00599555 0.343442
471 0.00416189 0.00015625 0.754762
472 0.0200662 -0.00502868 0.339519
473 0.00416189 0.00135417 0.758802
474 0.0202964 -0.00400185 0.337329
475 0.00416189 0.00255208 0.761428
476 0.020442 -0.00300043 0.336852
477 0.00416189 0.00375 0.762678
478 0.0205897 -0.00200423 0.334877
479 0.00416189 0.00494792 0.762599
480 0.0206725 -0.000989739 0.334147
481 0.00422509 0.00619651 0.7605
482 0.020664 1.32008e-05 0.335709
483 0.00425612 0.00742442 0.757384
484 0.020659 0.00101724 0.335783
485 0.00407225 0.00846754 0.755885
486 0.0206086 0.00203843 0.33631
487 0.00448312 0.00950278 0.747276
488 0.0204366 0.00303387 0.340459
489 0.0202471 0.00403559 0.343954
490 0.0200626 0.00503122 0.345936
491 0.0197817 0.00603119 0.350405
492 0.0194445 0.00696834 0.356304
493 0.0191091 0.00790648 0.360896
494 0.0187016 0.00886927 0.366842
495 0.00579402 0.00985736 0.72817
496 0.0182205 0.00975563 0.375334
497 0.00715377 0.0103727 0.70254
498 0.0177456 0.0106425 0.382521
499 0.00851594 0.0109073 0.671309
500 0.0172078 0.0115146 0.391365
501 0.00997438 0.0114209 0.632274
502 0.01658 0.0123362 0.403582
503 0.0111846 0.012324 0.590279
504 0.0158715 0.0131871 0.417861
505 0.0123681 0.0131197 0.544714
506 0.0150396 0.0140155 0.436922
507 0.0136369 0.0139005 0.490987
508 0.0144359 0.0149594 0.445186
509 0.00512934 -0.0187768 0.471808
510 0.00620348 -0.0185311 0.466415
511 0.00714467 -0.0184744 0.45578
512 0.00792607 -0.0179498 0.457727
513 0.00880758 -0.0174847 0.454978
514 0.00967227 -0.0169696 0.451939
515 0.0105917 -0.0167055 0.440208
516 0.00537819 -0.0173751 0.504202
517 0.0112679 -0.0160157 0.441765
518 0.00511867 -0.0160318 0.537769
519 0.0120693 -0.0154208 0.436803
520 0.00516722 -0.0148099 0.563613
521 0.0129366 -0.0149812 0.425251
522 0.00520338 -0.0136198 0.587146
523 0.013514 -0.0141996 0.426532
524 0.00520338 -0.0124219 0.609478
525 0.014213 -0.0134853 0.421699
526 0.00520338 -0.011224 0.630095
527 0.0149965 -0.0129425 0.409702
528 0.00520338 -0.010026 0.649013
529 0.0153942 -0.0120878 0.413079
530 0.00520338 -0.00882813 0.666248
531 0.0160196 -0.0112764 0.407477
532 0.00520338 -0.00763021 0.681818
533 0.0167201 -0.0106132 0.395587
534 0.00520338 -0.00643229 0.695746
535 0.0170532 -0.00970559 0.397817
536 0.00520338 -0.00523438 0.708053
537 0.0174592 -0.00881014 0.396061
538 0.00520338 -0.00403646 0.718762
539 0.0178743 -0.00787483 0.393011
540 0.00520338 -0.00283854 0.727899
541 0.018466 -0.00711587 0.380368
542 0.00520338 -0.00164063 0.735489
543 0.0185843 -0.00616343 0.385295
544 0.00520338 -0.000442708 0.741563
545 0.0188672 -0.00522096 0.382873
546 0.00520338 0.000755208 0.746152
547 0.0193106 -0.00433013 0.372727
548 0.00520338 0.00195312 0.749288
549 0.0193086 -0.00333497 0.378633
550 0.00520338 0.00315104 0.751009
551 0.0194475 -0.00234641 0.377834
552 0.00520338 0.00434896 0.751354
553 0.0197528 -0.00144648 0.369026
554 0.00525252 0.00558208 0.749739
555 0.0195659 -0.000525863 0.378099
556 0.00536872 0.00689211 0.745696
557 0.0195841 0.00049523 0.378156
558 0.0053707 0.00836747 0.741028
559 0.0197517 0.00144642 0.371073
560 0.0194777 0.00237444 0.380074
561 0.0192698 0.00333742 0.385184
562 0.0190641 0.00433822 0.388778
563 0.0190764 0.00529912 0.382889
564 0.0185969 0.00613377 0.39572
565 0.0182602 0.00707335 0.401168
566 0.0180913 0.00803093 0.39889
567 0.0175109 0.00881033 0.413004
568 0.00684045 0.00899019 0.715653
569 0.0170303 0.00968663 0.42135
570 0.00818197 0.00957955 0.686991
571 0.0167465 0.0105898 0.421077
572 0.00948685 0.0100774 0.654498
573 0.0160594 0.0112316 0.438515
574 0.0113785 0.0110916 0.596309
575 0.0154739 0.0121301 0.44816
576 0.0124497 0.0117834 0.55696
577 0.0146605 0.0129791 0.466415
578 0.0134989 0.0124973 0.514089
579 0.00677381 -0.0173772 0.487858
580 0.00785656 -0.0168331 0.485428
581 0.00883812 -0.0162775 0.482467
582 0.00991707 -0.0156787 0.476474
583 0.0110249 -0.0148513 0.471704
584 0.00614261 -0.015366 0.5412
585 0.012149 -0.0140506 0.462935
586 0.00624188 -0.0142105 0.563978
587 0.00624487 -0.0130208 0.586905
588 0.0130919 -0.0130873 0.458231
589 0.00624487 -0.0118229 0.608307
590 0.0140934 -0.0121778 0.448272
591 0.00624487 -0.010625 0.628001
592 0.00624487 -0.00942708 0.645991
593 0.00624487 -0.00822917 0.662293
594 0.0157047 -0.00995946 0.436659
595 0.00624487 -0.00703125 0.676929
596 0.00624487 -0.00583333 0.689922
597 0.00624487 -0.00463542 0.701293
598 0.0167251 -0.00785818 0.431333
599 0.00624487 -0.0034375 0.711064
600 0.0173755 -0.0066886 0.422323
601 0.00624487 -0.00223958 0.71926
602 0.00624487 -0.00104167 0.725907
603 0.0176897 -0.00538124 0.423138
604 0.00624487 0.00015625 0.731035
605 0.0181241 -0.00405431 0.417564
606 0.00624487 0.00135417 0.734675
607 0.00624487 0.00255208 0.736862
608 0.0183088 -0.00269046 0.41818
609 0.00624487 0.00375 0.73762
610 0.0185746 -0.00136906 0.413379
611 0.00622289 0.00490804 0.737352
612 0.00635733 0.00613044 0.733439
613 0.00667824 0.00747867 0.7247
614 0.0185465 0.00136611 0.416869
615 0.0181163 0.00366458 0.427216
616 0.017941 0.00499214 0.427567
617 0.0174121 0.00623929 0.439038
618 0.0169722 0.00754741 0.444908
619 0.0163241 0.00872934 0.457335
620 0.00800066 0.00829727 0.697379
621 0.0157692 0.00997344 0.464236
622 0.00929758 0.00881275 0.666965
623 0.0125362 0.0105178 0.566897
624 0.0144988 0.0119494 0.485806
625 0.0136959 0.0111075 0.523551
626 0.014836 -0.0110355 0.446146
627 0.0162211 -0.00887166 0.435211
628 0.0184886 -1.39692e-05 0.418869
629 0.0183098 0.0025467 0.423569
630 0.0147637 0.0179247 0.37943
631 0.0149919 0.0110313 0.479648
632 0.00794402 -0.0157965 0.507382
633 0.00868505 -0.0150245 0.512239
634 0.00973632 -0.0143232 0.508012
635 0.0107859 -0.0135255 0.502853
636 0.00735073 -0.0148329 0.536843
637 0.0118378 -0.012714 0.494901
638 0.00728636 -0.0136198 0.561913
639 0.00726565 -0.0124255 0.584316
640 0.0127371 -0.0118257 0.488982
641 0.00732452 -0.011264 0.603366
642 0.00733732 -0.0100617 0.622049
643 0.00731803 -0.00884711 0.639635
644 0.00728636 -0.00763021 0.6557
645 0.00728636 -0.00643229 0.669381
646 0.00728636 -0.00523438 0.681415
647 0.00728636 -0.00403646 0.691821
648 0.0159758 -0.00683508 0.465872
649 0.00728636 -0.00283854 0.700622
650 0.0164285 -0.00565747 0.462544
651 0.00728636 -0.00164063 0.707841
652 0.00728636 -0.000442708 0.713505
653 0.0167744 -0.00440442 0.460989
654 0.00728636 0.000755208 0.717643
655 0.0170763 -0.00315815 0.458514
656 0.00728636 0.00195312 0.720286
657 0.00731503 0.00317009 0.721006
658 0.0172835 -0.00190087 0.457056
659 0.00731424 0.00435411 0.720735
660 0.00714333 0.00538492 0.722211
661 0.00757569 0.00629863 0.71274
662 0.0168898 0.00404457 0.469558
663 0.0165648 0.00525813 0.475182
664 0.0161014 0.00646085 0.483903
665 0.0156085 0.00764765 0.492039
666 0.0150825 0.0087949 0.500093
667 0.00921679 0.00758275 0.675098
668 0.0134458 0.00993614 0.543523
669 0.00700071 -0.016094 0.514405
670 0.0135485 -0.0108843 0.48354
671 0.0143106 -0.00992916 0.477187
672 0.0149419 -0.00892191 0.472903
673 0.0154375 -0.00789836 0.470787
674 0.0173554 -0.000643163 0.458084
675 0.0173726 0.000550171 0.458929
676 0.0172977 0.00174794 0.461101
677 0.0170866 0.00285395 0.466499
678 0.0104276 0.00803327 0.644298
679 0.0126673 0.0092405 0.574047
680 0.00850315 -0.0139786 0.536433
681 0.00944466 -0.0129334 0.540033
682 0.0105492 -0.0122478 0.530823
683 0.0114938 -0.0114597 0.523963
684 0.00838631 -0.011964 0.575359
685 0.00843896 -0.0107299 0.59479
686 0.00842408 -0.00947736 0.613729
687 0.00835812 -0.00824543 0.631373
688 0.00832784 -0.00703125 0.646453
689 0.00832784 -0.00583333 0.659158
690 0.00832784 -0.00463542 0.670206
691 0.00832784 -0.0034375 0.679617
692 0.0151479 -0.00587164 0.500026
693 0.00832784 -0.00223958 0.687413
694 0.0155334 -0.00472008 0.497884
695 0.00832784 -0.00104167 0.693616
696 0.00832784 0.00015625 0.698251
697 0.0158729 -0.00356166 0.495158
698 0.00832784 0.00135417 0.701346
699 0.0161308 -0.0024006 0.493022
700 0.00834578 0.00257109 0.70262
701 0.00842057 0.00383197 0.701292
702 0.00840118 0.00519369 0.699939
703 0.0156459 0.00433978 0.510456
704 0.0152911 0.00547874 0.516936
705 0.0148238 0.00662906 0.525523
706 0.0142735 0.00773934 0.53565
707 0.00819176 -0.0129844 0.560243
708 0.0122766 -0.0106013 0.519526
709 0.0146771 -0.00695651 0.503246
710 0.0161652 -0.00119781 0.496336
711 0.00892346 0.00635396 0.686304
712 0.0158957 0.00316614 0.506003
713 0.0138852 0.0088421 0.539321
714 0.0103088 0.00664104 0.654105
715 0.0130226 -0.00966127 0.514923
716 0.0141075 -0.00794373 0.508339
717 0.0161407 -3.97637e-05 0.4997
718 0.0160322 0.00198175 0.503641
719 0.00944618 -0.0115231 0.564457
720 0.0104262 -0.0111219 0.551952
721 0.0096516 -0.0101519 0.582273
722 0.00946044 -0.00883423 0.604316
723 0.00938934 -0.00761461 0.620965
724 0.0093872 -0.00642561 0.634278
725 0.00941153 -0.00523078 0.645479
726 0.00939891 -0.00403732 0.655712
727 0.00936933 -0.00283854 0.664667
728 0.0143231 -0.00497433 0.531417
729 0.00936933 -0.00164063 0.671417
730 0.0146771 -0.00386568 0.529293
731 0.00936933 -0.000442708 0.676566
732 0.00936933 0.000755208 0.680124
733 0.0149882 -0.00277932 0.526457
734 0.00937798 0.00193609 0.681923
735 0.00939142 0.00313363 0.682129
736 0.00968844 0.00441323 0.674745
737 0.0144242 0.00456925 0.54853
738 0.0140547 0.00566635 0.555216
739 0.0135666 0.0067526 0.564287
740 0.0128652 0.00787607 0.578403
741 0.0110417 -0.0102603 0.552527
742 0.0139091 -0.00605886 0.533526
743 0.0152641 -0.00176329 0.522608
744 0.00966913 0.00556331 0.672458
745 0.0147489 0.00348796 0.541826
746 0.0118689 -0.00945397 0.545643
747 0.0134256 -0.00712213 0.535796
748 0.0148718 -0.000760639 0.537933
749 0.0149184 0.00230767 0.538751
750 0.0104129 -0.0081437 0.594498
751 0.0104319 -0.00700794 0.607398
752 0.010496 -0.00581696 0.618358
753 0.0105166 -0.00464188 0.628363
754 0.0104703 -0.00341185 0.638542
755 0.0104582 -0.00221969 0.646045
756 0.0135197 -0.00411956 0.55994
757 0.0104108 -0.00104167 0.652632
758 0.0137942 -0.00302649 0.559407
759 0.0104347 0.000166826 0.656182
760 0.0104384 0.00134289 0.658491
761 0.0104144 0.00246987 0.65987
762 0.0103906 0.00347291 0.659949
763 0.0131991 0.00475232 0.584485
764 0.0128307 0.00576685 0.591069
765 0.0116874 0.00859247 0.607436
766 0.0115491 0.00736061 0.618869
767 0.0107264 0.00531658 0.648579
768 0.0126899 -0.00830498 0.541141
769 0.0149421 0.000864285 0.538575
770 0.010625 -0.00925976 0.575597
771 0.0131171 -0.00519783 0.56229
772 0.0141862 -0.00196529 0.553678
773 0.0135379 0.0036915 0.577723
774 0.0126974 -0.00617314 0.564176
775 0.0139624 0.00278235 0.566915
776 0.0114818 -0.00761199 0.577813
777 0.0114711 -0.00644432 0.590796
778 0.0117912 -0.00527081 0.594592
779 0.0115045 -0.0039822 0.611491
780 0.0115787 -0.00276927 0.617685
781 0.0115718 -0.00158465 0.623905
782 0.0126213 -0.00332145 0.58879
783 0.0114979 -0.000392653 0.630107
784 0.0115126 0.000789008 0.632558
785 0.0115414 0.00196153 0.633071
786 0.0114456 0.0030938 0.635139
787 0.0119745 0.00497951 0.617726
788 0.011626 0.00608126 0.62294
789 0.0114209 -0.00857869 0.567349
790 0.0123565 -0.00713229 0.562634
791 0.0137403 -0.000157681 0.572201
792 0.0138374 0.0017904 0.571392
793 0.0124781 -0.00437796 0.584994
794 0.0128177 -0.0021717 0.590232
795 0.0123357 0.0038767 0.61095
796 0.0127371 0.00263054 0.601959
797 0.0125978 -0.00087151 0.601155
798 0.0125779 0.000258671 0.604656
799 0.0126218 0.00140732 0.605061
800 0.0135514 0.00084015 0.579049
801 0.012475 0.00674688 0.596352
802 0.0110779 0.00422523 0.642663
803 0.0144853 0.0099853 0.50878
804 0.0135421 -0.00122519 0.57459
805 0.0105919 0.0103541 0.624318
806 0.0137974 -0.00894758 0.504262
807 0.0163352 0.00100332 0.494053
808 0.00302232 0.0170814 0.710274
809 0.00958264 0.0197823 0.553099
810 0.00421989 0.0196338 0.672495
811 0.00590333 0.0193296 0.649258
812 0.00879621 0.0171139 0.60707
813 0.00781464 0.0164794 0.638407
814 0.00684475 0.0160351 0.663846
815 0.00965302 0.0177339 0.57558
816 0.00583859 0.0156168 0.686376
817 0.0103999 0.0186999 0.539854
818 0.00482327 0.0152223 0.705469
819 0.0113188 0.0192376 0.499499
820 0.00374904 0.0149402 0.721067
821 0.011879 0.0204145 0.460414
822 0.0026474 0.0146822 0.733304
823 0.00147276 0.0144835 0.742052
824 0.0107805 0.0213065 0.492324
825 0.00970458 0.021866 0.523772
826 0.00097523 0.0162995 0.729734
827 0.00862529 0.0222437 0.552797
828 0.00101036 0.0174167 0.720012
829 0.00749017 0.0227199 0.577578
830 0.00101036 0.0185833 0.709366
831 0.00639186 0.023053 0.598587
832 0.00101036 0.01975 0.698079
833 0.00523892 0.0233348 0.616917
834 0.00103463 0.0209635 0.685577
835 0.00405637 0.0235146 0.632393
836 0.00103721 0.0221829 0.672459
837 0.00294841 0.0237435 0.642134
838 0.00105012 0.0234408 0.658248
839 0.0009089 0.0153623 0.73752
840 0.00202246 0.0239967 0.646577
841 0.00856963 0.0182547 0.600512
842 0.00774264 0.0177253 0.627211
843 0.00684616 0.0172536 0.65199
844 0.00591096 0.0167981 0.674318
845 0.00933002 0.0187369 0.573345
846 0.00493008 0.0164484 0.693325
847 0.0106094 0.0200425 0.51531
848 0.00393514 0.0161329 0.709107
849 0.00292496 0.0158627 0.721601
850 0.00192658 0.0155886 0.731061
851 0.0098681 0.0208197 0.53104
852 0.00881338 0.0208852 0.563387
853 0.00199704 0.0167075 0.72138
854 0.00774686 0.0214758 0.585523
855 0.00203259 0.0178887 0.710686
856 0.00664284 0.0218622 0.606925
857 0.00207464 0.0190943 0.699045
858 0.00559415 0.0220991 0.624825
859 0.00204852 0.0203333 0.686855
860 0.00447277 0.0224132 0.639328
861 0.00207305 0.0216602 0.672691
862 0.0031894 0.0224419 0.654749
863 0.00208203 0.022881 0.659108
864 0.00766648 0.0189553 0.615824
865 0.00856422 0.0194875 0.58669
866 0.00680006 0.0184811 0.64043
867 0.00590324 0.0180439 0.662368
868 0.00498243 0.0176843 0.68109
869 0.00403382 0.0173785 0.696844
870 0.00777928 0.0202331 0.598885
871 0.0069699 0.0208243 0.611315
872 0.00306593 0.0183179 0.698509
873 0.00592795 0.0207439 0.633766
874 0.00319539 0.0196623 0.684143
875 0.00484954 0.0212651 0.646394
876 0.00302362 0.0211334 0.67051
877 0.003906 0.0215788 0.655911
878 0.00680908 0.0197513 0.626733
879 0.00501335 0.0188768 0.668914
880 0.00405736 0.0185811 0.685146
881 0.00502253 0.0201068 0.656108
882 0.00402332 0.0205693 0.665377
883 0.0122008 0.0294611 0.346214
884 0.0117093 0.0337527 0.318433
885 0.00432239 0.0286702 0.56441
886 0.0108396 0.0270918 0.422507
887 0.0114529 0.0405435 0.22306
888 0.0121555 0.0396956 0.217384
889 0.0128217 0.0388149 0.211013
890 0.0106474 0.0413473 0.229993
891 0.0134183 0.0378467 0.205904
892 0.00980129 0.0420894 0.236567
893 0.0139691 0.036855 0.200323
894 0.00890434 0.0427704 0.242941
895 0.0144349 0.0358284 0.195983
896 0.00797443 0.0433413 0.249719
897 0.0147942 0.034788 0.193701
898 0.00699385 0.0438617 0.255905
899 0.0150807 0.0337142 0.192648
900 0.00599672 0.0443481 0.260367
901 0.0153152 0.0326202 0.191928
902 0.00500299 0.0447656 0.263679
903 0.0154802 0.0314971 0.192449
904 0.00385451 0.0450729 0.268615
905 0.0155288 0.030395 0.196193
906 0.0027368 0.0452391 0.273591
907 0.0155339 0.0292898 0.200403
908 0.0015094 0.0454738 0.274314
909 0.015463 0.0281929 0.206847
910 0.015274 0.0270609 0.218273
911 0.015022 0.0259656 0.232784
912 0.0147141 0.0249112 0.251205
913 0.00100768 0.0436056 0.321805
914 0.0142262 0.023824 0.283536
915 0.00104244 0.0424537 0.348347
916 0.0136865 0.0227303 0.325531
917 0.00104244 0.04125 0.374989
918 0.00104244 0.0400463 0.400445
919 0.00104244 0.0388426 0.424768
920 0.00104244 0.0376389 0.448012
921 0.0116613 0.0232855 0.430953
922 0.00104244 0.0364352 0.470232
923 0.0105416 0.0238186 0.470468
924 0.00104244 0.0352315 0.491483
925 0.0093695 0.0242951 0.505839
926 0.00104244 0.0340278 0.511822
927 0.00818111 0.0247289 0.536021
928 0.00104244 0.0328241 0.531305
929 0.0069333 0.0251074 0.562618
930 0.00104244 0.0316204 0.549987
931 0.00570404 0.0254067 0.584175
932 0.00104244 0.0304167 0.567923
933 0.00442049 0.0256653 0.601837
934 0.00109805 0.0291835 0.585308
935 0.00312477 0.0258917 0.614609
936 0.00114785 0.0279537 0.601951
937 0.00188812 0.0259277 0.624254
938 0.00104244 0.0268056 0.617496
939 0.00084404 0.0258082 0.630757
940 0.000932216 0.044576 0.29865
941 0.0125425 0.0227047 0.396145
942 0.0110116 0.03946 0.254926
943 0.0103055 0.0402416 0.259948
944 0.0116243 0.0386222 0.251447
945 0.0122205 0.0377504 0.246897
946 0.0095355 0.0409171 0.266412
947 0.0127573 0.0368609 0.242439
948 0.00876836 0.0415785 0.270829
949 0.0132444 0.0359694 0.237675
950 0.0078981 0.0421642 0.276777
951 0.0136401 0.0349406 0.235929
952 0.00699056 0.0426503 0.283154
953 0.0139214 0.0339799 0.235953
954 0.00604148 0.0431477 0.287464
955 0.0141623 0.0329573 0.23655
956 0.00507799 0.0435784 0.290889
957 0.0143296 0.0319159 0.238679
958 0.00420559 0.0440508 0.289768
959 0.0144426 0.0308829 0.241555
960 0.0031181 0.0439345 0.302664
961 0.014479 0.029838 0.24658
962 0.00201155 0.0443281 0.300321
963 0.0144614 0.0288374 0.252784
964 0.0143538 0.0277466 0.262832
965 0.0141034 0.0267417 0.279623
966 0.0138623 0.0257366 0.296724
967 0.0136489 0.0247235 0.313653
968 0.00205979 0.0431137 0.328883
969 0.0128679 0.0238915 0.364801
970 0.00207003 0.0418644 0.35707
971 0.00208694 0.0406481 0.383203
972 0.00208694 0.0394444 0.408005
973 0.00208694 0.0382407 0.431698
974 0.00208694 0.037037 0.454335
975 0.0116012 0.0245668 0.418925
976 0.00208694 0.0358333 0.475973
977 0.0103901 0.0250923 0.461473
978 0.00208694 0.0346296 0.496671
979 0.00914436 0.0255229 0.498614
980 0.00208694 0.0334259 0.516485
981 0.00787385 0.0259564 0.529567
982 0.00208694 0.0322222 0.535472
983 0.00657331 0.0263027 0.555992
984 0.00208694 0.0310185 0.553685
985 0.00526554 0.026578 0.577461
986 0.00213831 0.0297998 0.571014
987 0.00390136 0.0268262 0.594245
988 0.00223185 0.0285401 0.587931
989 0.00239681 0.0271556 0.605248
990 0.00999085 0.0392352 0.286292
991 0.0104531 0.0383907 0.288766
992 0.00919836 0.0397837 0.296079
993 0.0110358 0.0375995 0.285324
994 0.01154 0.0367507 0.283274
995 0.00843676 0.0404292 0.301028
996 0.0121019 0.0359158 0.277261
997 0.00784709 0.0411331 0.299104
998 0.0126691 0.0351849 0.26765
999 0.00697124 0.0413905 0.310387
1000 0.0127554 0.0342339 0.276309
1001 0.00607109 0.0418956 0.314603
1002 0.0129881 0.0332619 0.278834
1003 0.0050893 0.0424175 0.317057
1004 0.01315 0.0322841 0.282704
1005 0.00404729 0.0429791 0.316451
1006 0.0132707 0.031266 0.287362
1007 0.0133687 0.0302907 0.291508
1008 0.0133994 0.029308 0.297694
1009 0.0135626 0.0283498 0.296992
1010 0.0131849 0.0274777 0.320278
1011 0.0128623 0.0264472 0.342954
1012 0.0126538 0.0252748 0.362569
1013 0.00311666 0.0412179 0.363971
1014 0.00313145 0.0400463 0.388399
1015 0.00313145 0.0388426 0.412499
1016 0.00313145 0.0376389 0.435516
1017 0.00313145 0.0364352 0.457499
1018 0.0114733 0.0259921 0.409398
1019 0.00313145 0.0352315 0.47851
1020 0.0101159 0.0263189 0.457552
1021 0.00313145 0.0340278 0.498609
1022 0.00883538 0.026803 0.492845
1023 0.00313145 0.0328241 0.517857
1024 0.00751832 0.0272188 0.523133
1025 0.00313145 0.0316204 0.536314
1026 0.00613501 0.0275575 0.549228
1027 0.00320206 0.0304068 0.553443
1028 0.00480834 0.0277162 0.570235
1029 0.00323693 0.0292343 0.569611
1030 0.0034741 0.0279897 0.584025
1031 0.00906956 0.0383992 0.324366
1032 0.0102196 0.0366977 0.322689
1033 0.00815291 0.0392883 0.328892
1034 0.0108836 0.0357376 0.31803
1035 0.00719889 0.0401519 0.331435
1036 0.0116286 0.0348548 0.306952
1037 0.00522006 0.0411634 0.342431
1038 0.0119527 0.0326929 0.322539
1039 0.00411451 0.0417931 0.342206
1040 0.0121033 0.0316237 0.328772
1041 0.0121872 0.0305432 0.336519
1042 0.0124388 0.0284031 0.345975
1043 0.0119538 0.027294 0.376266
1044 0.00420766 0.040583 0.366919
1045 0.00417341 0.0394017 0.391288
1046 0.00417595 0.0382407 0.413761
1047 0.00417595 0.037037 0.436038
1048 0.00417595 0.0358333 0.457313
1049 0.00417595 0.0346296 0.477647
1050 0.00984025 0.0276254 0.451884
1051 0.00417595 0.0334259 0.4971
1052 0.00853677 0.0281232 0.485471
1053 0.00417595 0.0322222 0.515741
1054 0.0070841 0.0285012 0.517275
1055 0.00427507 0.0309907 0.532739
1056 0.00556761 0.0289089 0.542252
1057 0.00436166 0.0297695 0.548943
1058 0.00779909 0.0380485 0.359009
1059 0.00957326 0.0358093 0.353891
1060 0.00713174 0.0389859 0.354939
1061 0.0103724 0.0345092 0.350764
1062 0.005184 0.0399507 0.367857
1063 0.0109402 0.0320189 0.36481
1064 0.0111158 0.0309113 0.371642
1065 0.0111076 0.0283952 0.399072
1066 0.00522435 0.0387577 0.390726
1067 0.00522203 0.0376034 0.412286
1068 0.0051917 0.0364099 0.434004
1069 0.00522046 0.0352315 0.453652
1070 0.00522046 0.0340278 0.473247
1071 0.00973138 0.0291041 0.438467
1072 0.00522046 0.0328241 0.492001
1073 0.00816038 0.0294124 0.479556
1074 0.00531724 0.0316137 0.508554
1075 0.00674459 0.0298011 0.507574
1076 0.00543791 0.0303406 0.524805
1077 0.00879355 0.0369923 0.35501
1078 0.00609291 0.0393793 0.365648
1079 0.0107066 0.0331728 0.358168
1080 0.0110925 0.0296336 0.3864
1081 0.00643443 0.0380674 0.384818
1082 0.00870996 0.0347066 0.393084
1083 0.0099482 0.0312655 0.405432
1084 0.0062959 0.0358836 0.425325
1085 0.00631206 0.0346866 0.444616
1086 0.00631016 0.0334807 0.463489
1087 0.00906452 0.0303632 0.442691
1088 0.00632741 0.0322742 0.481224
1089 0.00774756 0.0306733 0.473258
1090 0.00649806 0.0310861 0.494941
1091 0.0073079 0.0368285 0.390407
1092 0.00835507 0.0359394 0.382269
1093 0.00943923 0.0335334 0.390542
1094 0.00973015 0.03237 0.397946
1095 0.010183 0.0302634 0.410066
1096 0.00611292 0.0369484 0.410149
1097 0.00739943 0.0353349 0.413134
1098 0.00741504 0.0341575 0.431118
1099 0.00739643 0.0329854 0.448997
1100 0.00876155 0.031522 0.436141
1101 0.00752714 0.0318582 0.462195
1102 0.00835534 0.0335965 0.417835
1103 0.00855372 0.0326343 0.42655
1104 0.00306412 0.0424963 0.336307
1105 0.00974495 0.0376114 0.320591
1106 0.00616958 0.0406314 0.339529
