1 6.12323e-19 -0.01 8.53336
2 4.08216e-19 0.00533333 6.76718
3 6.12323e-19 0.01 7.09028
4 4.08216e-19 0.0186667 8.60297
5 0.0058742 0.0151525 8.86773
6 0.00956943 -0.00290274 8.88358
7 0.00555552 0.00831481 8.29015
8 0 0.00314286 6.71758
9 0 0.000952381 6.7317
10 0 -0.0012381 6.85172
11 0 -0.00342857 7.08011
12 0 -0.00561905 7.42133
13 0 -0.00780952 7.89814
14 0.00996659 -0.00081677 8.90653
15 0.00991447 0.00130509 8.90248
16 0.00941539 0.00336905 8.87103
17 0.00849176 0.0052811 8.80342
18 0.0071859 0.00695434 8.51429
19 0.00407023 0.00672007 7.51505
20 0.00214999 0.00568953 7.03109
21 0.00211144 -0.00977455 8.59684
22 0.00412681 -0.00910875 8.64087
23 0.00595704 -0.00803204 8.70325
24 0.00751865 -0.00659317 8.77042
25 0.00874079 -0.00485783 8.83464
26 0 0.00766667 6.88798
27 0.00382666 0.00923887 7.66658
28 0.00195088 0.00980786 7.31097
29 0.00439003 0.0170172 8.77536
30 0.00234484 0.0182407 8.69748
31 0.00649672 0.0105043 8.89904
32 0.00660767 0.012885 8.92867
33 0 0.0165 8.08326
34 0 0.0143333 7.67918
35 0 0.0121667 7.3564
36 0.00618469 0.00161741 7.74405
37 0.00536078 0.00333504 7.59373
38 0.0042181 -0.00374764 7.59272
39 0.00560438 -0.000342988 7.60317
40 0.00227199 -0.00713428 7.92838
41 0.00429057 -0.00713822 8.19863
42 0.00537026 -0.00582406 8.1292
43 0.00197926 -0.0046103 7.42356
44 0.00654885 -0.00452294 8.18429
45 0.00189701 -0.00233333 7.11779
46 0.00770269 -0.00326166 8.34311
47 0.00194181 4.59948e-05 6.94967
48 0.00781559 -0.00154403 8.24055
49 0.00204955 0.00241799 6.91668
50 0.00799435 0.000253899 8.24678
51 0.00156555 0.00414929 6.88746
52 0.00812688 0.00203613 8.33842
53 0.00723296 0.00360443 8.16203
54 0.00364358 0.00421099 7.21314
55 0.0059112 0.00563857 7.93167
56 0.00359893 -0.00548544 7.77095
57 0.00574419 -0.0023967 7.75746
58 0.00377741 -0.0012381 7.27715
59 0.00380326 0.00154907 7.17878
60 0.00176679 0.00819575 7.12967
61 0.00411896 0.0131335 8.13811
62 0.00183912 0.0136211 7.75884
63 0.00185122 0.0115675 7.48648
64 0.00416643 0.0111881 7.96061
65 0.00201349 0.0158452 8.156
66 0.00363514 0.0149186 8.27106
