1 1.53081e-18 -0.025 0.318101
2 1.02054e-18 0.0133333 0.767379
3 1.53081e-18 0.025 0.656471
4 1.02054e-18 0.0466667 0.252641
5 0.0146855 0.0378813 0.161777
6 0.0239236 -0.00725686 0.160259
7 0.0138888 0.020787 0.371706
8 0 0.0112037 0.779351
9 0 0.00907407 0.788741
10 0 0.00694444 0.794488
11 0 0.00481481 0.796306
12 0 0.00268519 0.794093
13 0 0.000555556 0.787621
14 0 -0.00157407 0.776677
15 0 -0.0037037 0.76107
16 0 -0.00583333 0.740629
17 0 -0.00796296 0.715201
18 0 -0.0100926 0.684651
19 0 -0.0122222 0.648858
20 0 -0.0143519 0.607707
21 0 -0.0164815 0.56108
22 0 -0.0186111 0.508859
23 0 -0.0207407 0.451174
24 0 -0.0228704 0.389185
25 0.0244539 -0.00519672 0.153555
26 0.0248071 -0.0030993 0.149102
27 0.0249808 -0.00097974 0.147047
28 0.0249737 0.00114667 0.147498
29 0.0247859 0.00326461 0.150507
30 0.0244189 0.00535879 0.156037
31 0.0238753 0.00741415 0.164072
32 0.023159 0.00941586 0.174564
33 0.0222753 0.0113495 0.187504
34 0.0212304 0.0132011 0.203006
35 0.0200319 0.0149574 0.221512
36 0.0186883 0.0166056 0.244346
37 0.0172094 0.0181338 0.276204
38 0.0156057 0.019531 0.344841
39 0.012652 0.0191509 0.461138
40 0.0112237 0.017679 0.536769
41 0.00962536 0.0163937 0.602631
42 0.00788126 0.0153145 0.658213
43 0.0060178 0.0144577 0.702705
44 0.00406323 0.0138362 0.7355
45 0.00204712 0.0134595 0.756627
46 0.00212538 -0.0249095 0.313352
47 0.00423502 -0.0246387 0.309069
48 0.00631373 -0.0241896 0.302903
49 0.00834652 -0.0235656 0.294719
50 0.0103188 -0.0227711 0.284719
51 0.0122162 -0.021812 0.273184
52 0.0140253 -0.0206952 0.260426
53 0.0157329 -0.0194287 0.246801
54 0.0173268 -0.0180217 0.232692
55 0.0187954 -0.0164843 0.218503
56 0.0201281 -0.0148276 0.204651
57 0.0213154 -0.0130635 0.19155
58 0.0223485 -0.0112047 0.179548
59 0.02322 -0.00926446 0.169006
60 0 0.0230556 0.679016
61 0 0.0211111 0.699934
62 0 0.0191667 0.720081
63 0 0.0172222 0.738401
64 0 0.0152778 0.753699
65 0.0120925 0.0218808 0.440855
66 0.0102108 0.0228197 0.504171
67 0.0082567 0.0235972 0.556137
68 0.00624418 0.0242076 0.596763
69 0.00418751 0.0246468 0.626185
70 0.00210126 0.0249115 0.645398
71 0.0136382 0.0395801 0.173127
72 0.0123956 0.0411412 0.185795
73 0.0109751 0.0425429 0.199017
74 0.00939715 0.0437649 0.211961
75 0.00768494 0.0447892 0.223816
76 0.00586212 0.0456017 0.233943
77 0.00395523 0.0461905 0.241796
78 0.00199215 0.0465472 0.247366
79 0.0148905 0.0225132 0.245132
80 0.0156784 0.0243462 0.195344
81 0.0162418 0.0262608 0.169467
82 0.0165723 0.028229 0.15382
83 0.0166652 0.030222 0.145941
84 0.0165192 0.0322124 0.143854
85 0.0161363 0.034171 0.146364
86 0.0155222 0.0360694 0.152616
87 0 0.0445 0.310211
88 0 0.0423333 0.362429
89 0 0.0401667 0.40969
90 0 0.038 0.453272
91 0 0.0358333 0.493645
92 0 0.0336667 0.530997
93 0 0.0315 0.565608
94 0 0.0293333 0.597721
95 0 0.0271667 0.627553
96 0.0131204 -0.00484318 0.568816
97 0.0129613 0.0124437 0.543615
98 0.0130404 0.0144565 0.517194
99 0.0179414 0.00166555 0.441933
100 0.00477078 -0.0224757 0.373453
101 0.002645 -0.0228833 0.376542
102 0.00671184 -0.0219495 0.367892
103 0.00858252 -0.0213236 0.35897
104 0.0103999 -0.0205452 0.348292
105 0.0017649 -0.0196062 0.476117
106 0.0121151 -0.0195969 0.337519
107 0.00183544 -0.0175564 0.528624
108 0.0137372 -0.0184988 0.326208
109 0.00184431 -0.0154167 0.57818
110 0.0152669 -0.0172868 0.313655
111 0.00184431 -0.013287 0.621992
112 0.0166851 -0.0159274 0.301453
113 0.00184431 -0.0111574 0.660391
114 0.0179688 -0.0144501 0.28988
115 0.00184431 -0.00902778 0.69349
116 0.0191104 -0.012861 0.279377
117 0.00184431 -0.00689815 0.721389
118 0.0201497 -0.0112085 0.267879
119 0.00184431 -0.00476852 0.744215
120 0.0210466 -0.00945746 0.257618
121 0.00184431 -0.00263889 0.76211
122 0.021767 -0.0076278 0.249854
123 0.00184431 -0.000509259 0.775235
124 0.0223248 -0.00573301 0.244061
125 0.00184431 0.00162037 0.783767
126 0.0227076 -0.00379354 0.240673
127 0.00184431 0.00375 0.787911
128 0.0229638 -0.0018504 0.237492
129 0.00184431 0.00587963 0.787897
130 0.0230724 8.88085e-05 0.235643
131 0.00187867 0.00806902 0.783549
132 0.0229969 0.00202506 0.236925
133 0.00184431 0.0101389 0.776234
134 0.0227122 0.00399916 0.242295
135 0.00149339 0.0119581 0.768978
136 0.0222626 0.00590181 0.250204
137 0.0216774 0.0077674 0.25935
138 0.00343572 0.0118135 0.755891
139 0.0209642 0.00958561 0.269626
140 0.00558824 0.0125031 0.724584
141 0.0201069 0.0113366 0.282262
142 0.00766672 0.0133023 0.680801
143 0.0190473 0.0130118 0.300466
144 0.0095491 0.0143052 0.626974
145 0.0179123 0.0145645 0.321015
146 0.0113147 0.0155075 0.561994
147 0.0165744 0.016096 0.350841
148 0.0131248 0.0168725 0.480358
149 0.0152204 0.017429 0.390833
150 0.01412 0.0187827 0.408811
151 0.00163252 -0.0213085 0.428778
152 0.00519918 -0.0202887 0.433076
153 0.00343281 -0.0209154 0.430299
154 0.00698523 -0.0198111 0.425089
155 0.00876429 -0.0192859 0.412209
156 0.010374 -0.0184862 0.403468
157 0.00360852 -0.0188 0.486948
158 0.0119111 -0.0175386 0.394201
159 0.00367697 -0.0165998 0.540647
160 0.013363 -0.0164686 0.3842
161 0.00366046 -0.0143879 0.589204
162 0.0147408 -0.0153245 0.372238
163 0.00367248 -0.0122222 0.630836
164 0.0160021 -0.0140061 0.361906
165 0.00367248 -0.0100926 0.666461
166 0.0170621 -0.012552 0.355167
167 0.00367248 -0.00796296 0.696802
168 0.0180539 -0.0110689 0.346174
169 0.00367248 -0.00583333 0.721952
170 0.0190054 -0.00954053 0.334325
171 0.00367248 -0.0037037 0.742069
172 0.0197668 -0.00785644 0.326552
173 0.00367248 -0.00157407 0.757295
174 0.0202699 -0.00613542 0.324345
175 0.00367248 0.000555556 0.76779
176 0.020688 -0.00435554 0.321373
177 0.00367248 0.00268519 0.773741
178 0.0210087 -0.00255698 0.317798
179 0.00367248 0.00481481 0.775353
180 0.02119 -0.000749635 0.315412
181 0.00368688 0.00702955 0.772556
182 0.0212855 0.000996327 0.312163
183 0.00374472 0.00934145 0.764774
184 0.0211213 0.00282806 0.315424
185 0.0207017 0.00455116 0.325513
186 0.0202073 0.00628446 0.334605
187 0.0196184 0.00799223 0.34376
188 0.0189435 0.00965781 0.353039
189 0.00745862 0.0112322 0.700363
190 0.0180284 0.0112829 0.369174
191 0.00951457 0.0121233 0.64776
192 0.0169846 0.0127241 0.390611
193 0.0112944 0.0132484 0.588162
194 0.0161765 0.0143353 0.398444
195 0.0146408 0.0153272 0.446607
196 0.00543385 0.0104303 0.739443
197 0.0055971 -0.0179275 0.491194
198 0.0073413 -0.0180211 0.466396
199 0.00876841 -0.0173339 0.461189
200 0.010194 -0.0164989 0.454712
201 0.0115937 -0.0155536 0.446455
202 0.00542369 -0.0154933 0.549653
203 0.0128586 -0.0144982 0.438918
204 0.00550065 -0.013287 0.594064
205 0.0142373 -0.0135911 0.420479
206 0.00558484 -0.0111879 0.630719
207 0.0150985 -0.0121705 0.422127
208 0.00559762 -0.00908052 0.66307
209 0.0159807 -0.0107423 0.418793
210 0.00550065 -0.00689815 0.692405
211 0.0169627 -0.00937485 0.407007
212 0.00550065 -0.00476852 0.714714
213 0.017993 -0.0080752 0.388135
214 0.00550065 -0.00263889 0.731984
215 0.0182768 -0.00644922 0.395492
216 0.00550065 -0.000509259 0.744366
217 0.0186731 -0.00477647 0.3952
218 0.00550065 0.00162037 0.752033
219 0.0190672 -0.00309874 0.390904
220 0.00550065 0.00375 0.755182
221 0.0192921 -0.00139471 0.389009
222 0.00550065 0.00587963 0.75404
223 0.0194451 0.000291067 0.385897
224 0.00549779 0.00812281 0.748544
225 0.0197481 0.00180819 0.37315
226 0.0191325 0.00331338 0.393707
227 0.0186871 0.00490273 0.404028
228 0.0181648 0.00652642 0.413764
229 0.0175976 0.00812249 0.422164
230 0.0171555 0.00975799 0.422303
231 0.00935274 0.00997713 0.66761
232 0.0159479 0.0109916 0.454314
233 0.0116084 0.0108523 0.601771
234 0.01481 0.0130014 0.472261
235 0.00730245 0.00910554 0.715493
236 0.00711269 -0.016262 0.511698
237 0.0101365 -0.0147747 0.493074
238 0.0111186 -0.0134558 0.49934
239 0.00719141 -0.0143327 0.552198
240 0.0126419 -0.0121035 0.48933
241 0.0075078 -0.0122811 0.586891
242 0.0076133 -0.0102482 0.619079
243 0.0138237 -0.0104316 0.48548
244 0.00746781 -0.00806777 0.651988
245 0.0149354 -0.00889755 0.475819
246 0.00742635 -0.00590027 0.677714
247 0.0160849 -0.00721617 0.461166
248 0.00740908 -0.00373687 0.697721
249 0.00732882 -0.00157407 0.713508
250 0.0166674 -0.00515967 0.461382
251 0.00732882 0.000555556 0.722844
252 0.0170019 -0.00332174 0.462836
253 0.00732882 0.00268519 0.72742
254 0.00732882 0.00481481 0.727486
255 0.0174364 -5.71268e-05 0.459474
256 0.0073199 0.00689671 0.723625
257 0.0171099 0.00334449 0.46868
258 0.0166886 0.00505691 0.476997
259 0.0161266 0.00681268 0.486611
260 0.0153857 0.00877214 0.497658
261 0.0110602 0.00858726 0.633088
262 0.0140035 0.0107936 0.526311
263 0.00869328 -0.0154203 0.505964
264 0.00906113 0.00787915 0.68549
265 0.0131758 0.00888099 0.569925
266 0.00908051 -0.0134659 0.539226
267 0.00989325 -0.0115047 0.55989
268 0.0115685 -0.0100495 0.547024
269 0.00942517 -0.00923653 0.603202
270 0.0127453 -0.00845376 0.540727
271 0.00934085 -0.00708064 0.632184
272 0.013783 -0.00697267 0.530946
273 0.00941536 -0.00494302 0.652663
274 0.0148993 -0.00554221 0.512846
275 0.00929954 -0.00268645 0.672239
276 0.00927116 -0.000460923 0.684276
277 0.0150628 -0.003651 0.522632
278 0.00926608 0.00171522 0.690362
279 0.00917523 0.00380062 0.693253
280 0.00903543 0.00582784 0.693019
281 0.015053 0.00357619 0.537506
282 0.0149579 0.00534676 0.534231
283 0.0140375 0.00676555 0.556826
284 0.0155368 -0.00141957 0.519589
285 0.0155371 0.00131289 0.524881
286 0.0122517 0.00681819 0.609896
287 0.0108887 -0.00821854 0.586812
288 0.0115233 -0.00634427 0.594711
289 0.0112892 -0.00386857 0.621803
290 0.0175192 -0.00175732 0.452053
291 0.0112615 -0.00146615 0.636848
292 0.011248 0.000783165 0.644699
293 0.0111713 0.0029856 0.648436
294 0.0109721 0.00498446 0.650458
295 0.0129657 0.00462565 0.598339
296 0.0104798 0.00681167 0.656462
297 0.0131692 -0.00237795 0.584305
298 0.0132135 0.00216545 0.594739
299 0.0132773 -0.000188919 0.590082
300 0.00323434 0.0212988 0.676196
301 0.00373417 0.0193826 0.690737
302 0.00145778 0.0216456 0.687452
303 0.00100702 0.0144006 0.755373
304 0.00913045 0.0188747 0.588104
305 0.00764535 0.0175867 0.640861
306 0.006133 0.0165441 0.682204
307 0.0105526 0.0202554 0.525387
308 0.00447271 0.0157309 0.715205
309 0.00221194 0.0157752 0.738609
310 0.00869066 0.0212404 0.572412
311 0.00670218 0.022034 0.612896
312 0.00196493 0.0181346 0.719521
313 0.0045816 0.0227118 0.643712
314 0.001702 0.0200244 0.702938
315 0.00205503 0.023315 0.665362
316 0.00720845 0.0198094 0.62683
317 0.00568617 0.0185682 0.670426
318 0.00403871 0.0174617 0.705708
319 0.00522967 0.0206418 0.656462
320 0.00721236 0.0295903 0.506929
321 0.00697325 0.0314508 0.486227
322 0.0114121 0.0256743 0.423785
323 0.0133025 0.0224804 0.370138
324 0.0115538 0.0391888 0.246143
325 0.0103342 0.0405362 0.25591
326 0.0125617 0.037766 0.237859
327 0.00901453 0.0416772 0.265618
328 0.0134092 0.0361721 0.231442
329 0.00749118 0.042675 0.276004
330 0.0140474 0.0345454 0.227649
331 0.00592164 0.0434624 0.284673
332 0.0145125 0.0328147 0.226266
333 0.00443552 0.0442072 0.286246
334 0.0147539 0.0311065 0.229702
335 0.0023483 0.0440027 0.310336
336 0.0147796 0.0292822 0.239214
337 0.014648 0.0275132 0.253631
338 0.0145733 0.0258488 0.263277
339 0.0134565 0.0244481 0.337662
340 0.00205051 0.04139 0.372748
341 0.00187639 0.0390833 0.422677
342 0.00187639 0.0369167 0.4646
343 0.00187639 0.03475 0.503236
344 0.00978551 0.024707 0.495951
345 0.00187639 0.0325833 0.53899
346 0.00777263 0.0256285 0.54435
347 0.00187639 0.0304167 0.572192
348 0.00569452 0.0261529 0.583492
349 0.00180374 0.028223 0.604052
350 0.003408 0.0266337 0.611414
351 0.00149081 0.0264225 0.63023
352 0.0117098 0.0237013 0.433631
353 0.00981548 0.038855 0.300168
354 0.0105022 0.0373951 0.30687
355 0.00841845 0.0396596 0.319241
356 0.0116118 0.0362246 0.291319
357 0.00734296 0.0408841 0.316696
358 0.0119397 0.0346538 0.302843
359 0.0057625 0.0414004 0.333041
360 0.0127934 0.0332908 0.288929
361 0.00404821 0.0423794 0.333583
362 0.0127496 0.0316945 0.308011
363 0.013269 0.0301872 0.300858
364 0.0128361 0.0285974 0.333185
365 0.0128698 0.0266484 0.347972
366 0.00395182 0.0401836 0.382521
367 0.0039252 0.0380048 0.426345
368 0.00372357 0.0358333 0.468519
369 0.00372357 0.0336667 0.505127
370 0.00944277 0.0267554 0.482524
371 0.00366732 0.0314448 0.540588
372 0.00744412 0.0275551 0.528326
373 0.00367335 0.0291311 0.574179
374 0.00536726 0.0281626 0.563157
375 0.00825256 0.0374854 0.363232
376 0.00970976 0.0352246 0.363203
377 0.00621312 0.0391627 0.372273
378 0.0107026 0.0327406 0.368942
379 0.0111983 0.0301911 0.382719
380 0.0110595 0.0278745 0.413268
381 0.00588835 0.0368217 0.421202
382 0.0057012 0.0346148 0.462124
383 0.00553577 0.0325628 0.4974
384 0.00916435 0.0289873 0.463483
385 0.00536945 0.0304056 0.531977
386 0.00748797 0.0355058 0.413328
387 0.00781905 0.0334003 0.439838
388 0.00888544 0.0311348 0.443746
