1 6.12323e-19 -0.01 0.305262
2 4.08216e-19 0.00533333 0.470923
3 6.12323e-19 0.01 0.418403
4 4.08216e-19 0.0186667 0.248518
5 0.0058742 0.0151525 0.189655
6 0.00956943 -0.00290274 0.189614
7 0.00555552 0.00831481 0.295283
8 0 0.00472 0.475258
9 0 0.00410667 0.47915
10 0 0.00349333 0.48228
11 0 0.00288 0.484587
12 0 0.00226667 0.486041
13 0 0.00165333 0.486643
14 0 0.00104 0.486357
15 0 0.000426667 0.485153
16 0 -0.000186667 0.483002
17 0 -0.0008 0.479879
18 0 -0.00141333 0.475761
19 0 -0.00202667 0.470629
20 0 -0.00264 0.464464
21 0 -0.00325333 0.457251
22 0 -0.00386667 0.448974
23 0 -0.00448 0.439621
24 0 -0.00509333 0.429181
25 0 -0.00570667 0.417644
26 0 -0.00632 0.405002
27 0 -0.00693333 0.391249
28 0 -0.00754667 0.376346
29 0 -0.00816 0.360274
30 0 -0.00877333 0.343096
31 0 -0.00938667 0.325154
32 0.00973512 -0.00228634 0.185712
33 0.00986109 -0.00166099 0.182739
34 0.00994692 -0.00102902 0.180742
35 0.00999229 -0.000392724 0.179761
36 0.00999698 0.000245545 0.179821
37 0.00996096 0.000882814 0.180935
38 0.0098844 0.00151611 0.183096
39 0.00976765 0.00214311 0.186289
40 0.00961114 0.00276152 0.190485
41 0.00941539 0.00336905 0.195655
42 0.00918127 0.00396285 0.201751
43 0.00890993 0.00454017 0.208724
44 0.00860239 0.0050989 0.216541
45 0.00825979 0.005637 0.225189
46 0.00788335 0.00615246 0.234687
47 0.00747479 0.00664286 0.245136
48 0.00703604 0.00710592 0.256813
49 0.00656876 0.00753999 0.270545
50 0.00607466 0.00794346 0.292857
51 0.00520354 0.00783256 0.325776
52 0.00480992 0.00738382 0.351272
53 0.00437781 0.00697215 0.374481
54 0.00391067 0.00660082 0.395527
55 0.00341222 0.00627277 0.41427
56 0.00288646 0.00599061 0.43055
57 0.00233756 0.00575658 0.44419
58 0.0017699 0.00557257 0.45507
59 0.00118798 0.00544003 0.463051
60 0.000596445 0.00536007 0.468151
61 0.000637962 -0.00997963 0.303727
62 0.00127295 -0.00991865 0.301944
63 0.00190263 -0.00981733 0.299318
64 0.00252469 -0.00967605 0.295791
65 0.00313684 -0.00949527 0.29141
66 0.00373621 -0.00927581 0.286229
67 0.00432002 -0.00901873 0.280327
68 0.00488614 -0.008725 0.273793
69 0.00543249 -0.00839572 0.266738
70 0.00595704 -0.00803204 0.259266
71 0.00645731 -0.00763565 0.251506
72 0.00693101 -0.0072084 0.243597
73 0.00737642 -0.00675192 0.235653
74 0.0077919 -0.00626788 0.227811
75 0.00817589 -0.00575802 0.220188
76 0.00852658 -0.0052247 0.212914
77 0.00884235 -0.00467043 0.20612
78 0.00912208 -0.00409727 0.199904
79 0.00936476 -0.00350732 0.194373
80 0 0.00933333 0.427437
81 0 0.00866667 0.435964
82 0 0.008 0.444173
83 0 0.00733333 0.45186
84 0 0.00666667 0.458974
85 0 0.006 0.465753
86 0.0049998 0.00866037 0.320113
87 0.00442272 0.00896881 0.340946
88 0.00382672 0.00923884 0.360308
89 0.0032143 0.00946933 0.377035
90 0.00258808 0.00965929 0.390982
91 0.00195081 0.00980787 0.402023
92 0.00130523 0.00991445 0.410063
93 0.000654051 0.00997859 0.415337
94 0.00556761 0.0156669 0.195127
95 0.00521612 0.0161517 0.201177
96 0.00482253 0.016603 0.207617
97 0.00439003 0.0170172 0.214223
98 0.00392212 0.0173909 0.220719
99 0.00342255 0.0177211 0.226885
100 0.00289538 0.0180051 0.232507
101 0.00234484 0.0182407 0.23742
102 0.00177539 0.0184259 0.241467
103 0.00119161 0.0185593 0.244541
104 0.00059822 0.0186398 0.24666
105 0.0058638 0.0088282 0.253105
106 0.00612475 0.00936716 0.226111
107 0.0063363 0.00992738 0.20874
108 0.00649672 0.0105043 0.196736
109 0.00660472 0.0110933 0.188497
110 0.00665944 0.0116896 0.183031
111 0.00666042 0.0122885 0.179843
112 0.00660767 0.012885 0.178703
113 0.0065016 0.0134743 0.179385
114 0.00634308 0.0140518 0.181599
115 0.00613338 0.0146127 0.185079
116 0 0.0180476 0.265019
117 0 0.0174286 0.279959
118 0 0.0168095 0.294491
119 0 0.0161905 0.308406
120 0 0.0155714 0.321708
121 0 0.0149524 0.334373
122 0 0.0143333 0.346444
123 0 0.0137143 0.358
124 0 0.0130952 0.369073
125 0 0.0124762 0.379691
126 0 0.0118571 0.389879
127 0 0.0112381 0.399648
128 0 0.010619 0.408924
129 0.00431046 -0.00468846 0.37952
130 0.00284391 0.00337905 0.452431
131 0.00692945 -0.00193366 0.324846
132 0.00367207 -0.00552266 0.379848
133 0.00144706 -0.00929274 0.320246
134 0.000784606 -0.00938611 0.321927
135 0.00205001 -0.00916196 0.317986
136 0.00265331 -0.00902013 0.31393
137 0.00324062 -0.00884067 0.309141
138 0.000509901 -0.00843953 0.350971
139 0.00379585 -0.00860992 0.304429
140 0.000552128 -0.00786245 0.366416
141 0.00433945 -0.00835245 0.298792
142 0.000554605 -0.00725112 0.381849
143 0.00485614 -0.00805396 0.293082
144 0.000531162 -0.00662667 0.396557
145 0.00536349 -0.00773638 0.286316
146 0.000531162 -0.00601333 0.409752
147 0.00584975 -0.0073755 0.279507
148 0.000531162 -0.0054 0.421837
149 0.00630295 -0.00698198 0.272869
150 0.000531162 -0.00478667 0.43282
151 0.00673905 -0.00657115 0.265586
152 0.000531162 -0.00417333 0.442709
153 0.00714162 -0.00612663 0.258728
154 0.000531162 -0.00356 0.451514
155 0.00752214 -0.00566155 0.251635
156 0.000531162 -0.00294667 0.459249
157 0.00786886 -0.00517147 0.244976
158 0.000531162 -0.00233333 0.465925
159 0.00817589 -0.00465397 0.239144
160 0.000531162 -0.00172 0.471559
161 0.00845904 -0.00412426 0.233231
162 0.000531162 -0.00110667 0.476168
163 0.00870446 -0.00357908 0.22803
164 0.000531162 -0.000493333 0.47977
165 0.00891869 -0.00301751 0.223292
166 0.000531162 0.00012 0.482386
167 0.00909403 -0.00244271 0.219427
168 0.000531162 0.000733333 0.484039
169 0.00922538 -0.00185312 0.216765
170 0.000531162 0.00134667 0.484757
171 0.00932548 -0.0012598 0.214584
172 0.000531162 0.00196 0.484568
173 0.00938763 -0.000662231 0.213289
174 0.000531162 0.00257333 0.483509
175 0.00941363 -6.14248e-05 0.212806
176 0.000550845 0.003197 0.481451
177 0.00939949 0.000538415 0.213365
178 0.000545182 0.00380757 0.478738
179 0.00934034 0.00113576 0.215249
180 0.000516866 0.00441135 0.475416
181 0.00925576 0.00172999 0.21738
182 0.000436422 0.0049305 0.472223
183 0.00912075 0.00231277 0.221165
184 0.00896143 0.0028899 0.225142
185 0.00100689 0.0048369 0.469462
186 0.0087586 0.00345652 0.230366
187 0.00164455 0.00501533 0.461437
188 0.00851557 0.0040064 0.236708
189 0.00222886 0.00517392 0.451419
190 0.00824576 0.00454144 0.243452
191 0.0028081 0.00540323 0.438193
192 0.00794753 0.00505336 0.250841
193 0.00338122 0.00569077 0.421644
194 0.00760852 0.00555175 0.259405
195 0.00393461 0.00601523 0.402232
196 0.00723633 0.0060257 0.269059
197 0.00446424 0.00639905 0.3798
198 0.0068265 0.00647227 0.280376
199 0.00498768 0.0068521 0.353431
200 0.00646613 0.00691025 0.289277
201 0.00556083 0.00743497 0.319274
202 0.000449926 -0.00892218 0.337344
203 0.00612373 0.00734779 0.298556
204 0.00159378 -0.00866223 0.337551
205 0.00101239 -0.00881593 0.337678
206 0.00218433 -0.00854765 0.3342
207 0.00277373 -0.00841749 0.329292
208 0.00330821 -0.0082221 0.325209
209 0.00110237 -0.00821822 0.353961
210 0.00382555 -0.00798349 0.320869
211 0.00112973 -0.00758726 0.37037
212 0.00431938 -0.00771767 0.31608
213 0.00109707 -0.00694582 0.386217
214 0.00480574 -0.00742735 0.31046
215 0.00106634 -0.00632 0.400481
216 0.00527536 -0.00710557 0.304446
217 0.00106634 -0.00570667 0.413113
218 0.00571803 -0.00675294 0.298409
219 0.00106634 -0.00509333 0.424636
220 0.00613691 -0.00637689 0.29218
221 0.00106634 -0.00448 0.435057
222 0.00653285 -0.00597776 0.2858
223 0.00106634 -0.00386667 0.444386
224 0.00690596 -0.00555087 0.279423
225 0.00106634 -0.00325333 0.452634
226 0.00724443 -0.00509681 0.273572
227 0.00106634 -0.00264 0.459815
228 0.00755138 -0.00462152 0.268097
229 0.00106634 -0.00202667 0.465942
230 0.00783068 -0.00412981 0.262823
231 0.00106634 -0.00141333 0.471032
232 0.00808095 -0.00362722 0.257804
233 0.00106634 -0.0008 0.475101
234 0.00829923 -0.00310538 0.253342
235 0.00106634 -0.000186667 0.478169
236 0.00847862 -0.0025684 0.249774
237 0.00106634 0.000426667 0.480257
238 0.0086213 -0.00201929 0.247014
239 0.00106634 0.00104 0.48139
240 0.00873296 -0.00146355 0.244772
241 0.00106634 0.00165333 0.481594
242 0.00881183 -0.000905373 0.243152
243 0.00106634 0.00226667 0.480899
244 0.00885382 -0.000339978 0.242414
245 0.00108681 0.00289225 0.479146
246 0.00885206 0.000226574 0.242915
247 0.00112711 0.00352738 0.47631
248 0.00881871 0.000787893 0.244045
249 0.0010875 0.00413799 0.473393
250 0.0087543 0.00134934 0.24578
251 0.00864706 0.00190442 0.248746
252 0.00851006 0.00245153 0.25227
253 0.00834101 0.00298913 0.256492
254 0.00813436 0.00351509 0.26171
255 0.00210226 0.00453584 0.458511
256 0.00789206 0.00402329 0.267889
257 0.00272187 0.00474975 0.445783
258 0.0076189 0.00451648 0.274797
259 0.00333379 0.00506109 0.429198
260 0.00732001 0.00499352 0.282246
261 0.00393242 0.00538089 0.409626
262 0.00698879 0.00545098 0.290694
263 0.00449733 0.00574963 0.387356
264 0.00663217 0.00588854 0.299967
265 0.0050235 0.00616814 0.362766
266 0.00615463 0.00631309 0.314597
267 0.00551504 0.00661102 0.336447
268 0.00175246 -0.00797648 0.354914
269 0.00236629 -0.00802294 0.346065
270 0.00285582 -0.00780754 0.344298
271 0.00334548 -0.00761251 0.340443
272 0.00380498 -0.00736337 0.337071
273 0.00168016 -0.00726355 0.373709
274 0.00427018 -0.00709894 0.332481
275 0.00163796 -0.00663093 0.388916
276 0.00472541 -0.00681318 0.327163
277 0.00160152 -0.00601333 0.402559
278 0.00515306 -0.0064935 0.321941
279 0.00160152 -0.0054 0.414621
280 0.00555675 -0.00615131 0.316569
281 0.00160152 -0.00478667 0.425571
282 0.00594249 -0.00578965 0.310861
283 0.00160152 -0.00417333 0.43542
284 0.00631432 -0.00541458 0.304615
285 0.00160152 -0.00356 0.444179
286 0.00664749 -0.00499247 0.299402
287 0.00160152 -0.00294667 0.451857
288 0.00693779 -0.00456059 0.294872
289 0.00160152 -0.00233333 0.45847
290 0.00721319 -0.00410476 0.290184
291 0.00160152 -0.00172 0.464031
292 0.00746109 -0.00363047 0.285796
293 0.00160152 -0.00110667 0.468557
294 0.00769264 -0.00316108 0.280999
295 0.00160152 -0.000493333 0.472066
296 0.00787825 -0.00265672 0.277598
297 0.00160152 0.00012 0.474577
298 0.00802175 -0.00215479 0.27516
299 0.00160152 0.000733333 0.476112
300 0.0081429 -0.00163504 0.27294
301 0.00160152 0.00134667 0.476696
302 0.00822756 -0.00110373 0.271568
303 0.00160152 0.00196 0.476346
304 0.00829691 -0.000584176 0.269962
305 0.00159683 0.00256964 0.475159
306 0.00831335 -4.61783e-05 0.270069
307 0.00165525 0.00320141 0.472359
308 0.00827934 0.000477295 0.271762
309 0.0017806 0.00389151 0.467504
310 0.00824916 0.000996795 0.272392
311 0.00817354 0.0015343 0.274326
312 0.00803669 0.00204978 0.278453
313 0.00790968 0.00255843 0.281253
314 0.00773901 0.00305722 0.28539
315 0.00752173 0.0035332 0.291103
316 0.00260344 0.00400546 0.453649
317 0.00728172 0.00400878 0.297068
318 0.00325337 0.00438901 0.436999
319 0.00700759 0.00446598 0.304023
320 0.00389605 0.00471371 0.41745
321 0.00672186 0.00490646 0.310978
322 0.00450169 0.00507065 0.395287
323 0.00639178 0.00531584 0.319741
324 0.00507738 0.0054723 0.370445
325 0.00609465 0.00573023 0.326373
326 0.00558729 0.00591788 0.344606
327 0.00226428 -0.00748398 0.361426
328 0.00279022 -0.00723852 0.359642
329 0.0032801 -0.00700202 0.35656
330 0.00374474 -0.00675275 0.352757
331 0.00221936 -0.00690905 0.375888
332 0.00419437 -0.00649626 0.348007
333 0.00217117 -0.00631721 0.389738
334 0.00461685 -0.00622034 0.342998
335 0.00214514 -0.00570987 0.402548
336 0.00500142 -0.00588998 0.338915
337 0.0021367 -0.00509333 0.4142
338 0.00537163 -0.0055648 0.333966
339 0.0021367 -0.00448 0.424567
340 0.00572873 -0.00522633 0.328532
341 0.0021367 -0.00386667 0.433833
342 0.00612074 -0.00491922 0.320154
343 0.0021367 -0.00325333 0.442006
344 0.00633086 -0.00446652 0.319809
345 0.0021367 -0.00264 0.449099
346 0.00660759 -0.00405818 0.315264
347 0.0021367 -0.00202667 0.455126
348 0.00686256 -0.00360912 0.3111
349 0.0021367 -0.00141333 0.460103
350 0.00706624 -0.00314068 0.308271
351 0.0021367 -0.0008 0.464044
352 0.00736236 -0.00274777 0.299691
353 0.0021367 -0.000186667 0.466969
354 0.00741526 -0.0022539 0.301834
355 0.0021367 0.000426667 0.468897
356 0.00756033 -0.00178117 0.298906
357 0.0021367 0.00104 0.469849
358 0.0076608 -0.00127317 0.297298
359 0.00214752 0.00166707 0.469678
360 0.00769655 -0.00076401 0.297781
361 0.0021487 0.00228418 0.468684
362 0.00785372 -0.000295918 0.291671
363 0.00208233 0.0028323 0.467972
364 0.00774799 0.000186442 0.297152
365 0.00230294 0.00335742 0.462406
366 0.0076835 0.00070627 0.299872
367 0.00775716 0.00119936 0.295358
368 0.00756362 0.00166355 0.302718
369 0.00741166 0.0021742 0.307076
370 0.00739159 0.00266372 0.304705
371 0.00712084 0.00306649 0.313788
372 0.00694071 0.00352334 0.317603
373 0.00328366 0.00371987 0.441046
374 0.00668955 0.00396875 0.323982
375 0.00386409 0.0040296 0.424184
376 0.00639704 0.00438234 0.331821
377 0.004482 0.00437518 0.403026
378 0.00617551 0.00483722 0.335456
379 0.00510531 0.00476051 0.378063
380 0.00571445 0.00519676 0.34977
381 0.0027321 -0.00664407 0.37443
382 0.00321869 -0.0063924 0.371443
383 0.00368333 -0.00614578 0.36725
384 0.00410137 -0.00591056 0.362485
385 0.00268661 -0.00603613 0.388213
386 0.00450304 -0.00566986 0.357006
387 0.00266825 -0.00542143 0.40058
388 0.00478411 -0.0052632 0.357035
389 0.00267189 -0.00478667 0.411814
390 0.00525171 -0.00503203 0.347159
391 0.00267189 -0.00417333 0.421593
392 0.00482911 -0.00278601 0.390729
393 0.00267189 -0.00356 0.430262
394 0.00682422 0.00247249 0.331172
395 0.00267189 -0.00294667 0.437833
396 0.00597087 -0.00398834 0.339722
397 0.00267189 -0.00233333 0.444322
398 0.00632657 -0.00361494 0.331682
399 0.00267189 -0.00172 0.449745
400 0.00646208 -0.0031162 0.332544
401 0.00267189 -0.00110667 0.454115
402 0.00679262 -0.00253586 0.325563
403 0.00267189 -0.000493333 0.457449
404 0.00267189 0.00012 0.459764
405 0.00716388 -0.00144587 0.318095
406 0.00267189 0.000733333 0.461077
407 0.00268561 0.00136469 0.461167
408 0.00713709 -0.000931356 0.321793
409 0.00270369 0.00201789 0.460117
410 0.00724907 -0.000272313 0.319045
411 0.00268499 0.00274198 0.458468
412 0.00715685 0.000419046 0.323603
413 0.00153934 0.00447893 0.466603
414 0.00385536 0.00261889 0.432876
415 0.00694498 0.0017913 0.329618
416 0.00597315 0.00683693 0.313632
417 0.00715089 0.00111766 0.323044
418 0.0065803 0.00305823 0.33718
419 0.00644724 0.00352366 0.338656
420 0.00386609 0.00332604 0.428968
421 0.00610423 0.00386109 0.349523
422 0.00444533 0.00365633 0.410186
423 0.00569504 0.0043892 0.360261
424 0.00504784 0.00401591 0.387625
425 0.00318388 -0.00577132 0.384919
426 0.00416806 -0.00530793 0.372378
427 0.00319094 -0.00514198 0.396604
428 0.00486722 -0.00457879 0.366217
429 0.00321917 -0.00450416 0.406838
430 0.00324012 -0.00387628 0.415849
431 0.00528958 -0.0039332 0.363124
432 0.00323918 -0.0032544 0.42404
433 0.00320707 -0.00264 0.431633
434 0.00320707 -0.00202667 0.4375
435 0.00578361 -0.00331902 0.354848
436 0.00320707 -0.00141333 0.442299
437 0.00605059 -0.00261029 0.353004
438 0.00320707 -0.0008 0.446042
439 0.00320707 -0.000186667 0.448744
440 0.00320707 0.000426667 0.450423
441 0.00659265 -0.00132817 0.342251
442 0.00320707 0.00104 0.451099
443 0.00324609 0.00166682 0.449933
444 0.00660677 -0.00060371 0.34482
445 0.00328026 0.00233813 0.447699
446 0.00660555 5.2431e-05 0.346329
447 0.0065531 0.000718854 0.348582
448 0.00629544 0.00202277 0.355312
449 0.00602108 0.00325323 0.358245
450 0.00442432 0.00292635 0.415556
451 0.00499656 0.00328104 0.39527
452 0.00632191 -0.00199661 0.348271
453 0.00330446 0.0030252 0.444456
454 0.00644725 0.00137147 0.351676
455 0.00614937 0.0026485 0.357613
456 0.00555458 0.00363074 0.372883
457 0.00380857 -0.00422708 0.398826
458 0.00450769 -0.00393611 0.385872
459 0.00383986 -0.00357589 0.407227
460 0.00504063 -0.00334036 0.378383
461 0.00379705 -0.00292377 0.416067
462 0.00377738 -0.00230409 0.422847
463 0.00377836 -0.0016978 0.427953
464 0.00539291 -0.00272363 0.374231
465 0.00377106 -0.00109352 0.432187
466 0.00375437 -0.000487375 0.435612
467 0.00374225 0.00012 0.437911
468 0.00374225 0.000733333 0.438921
469 0.0060354 -0.000928281 0.365282
470 0.0037768 0.00134325 0.438087
471 0.00382522 0.00196578 0.435844
472 0.0060301 -0.00027651 0.367759
473 0.00599545 0.000335124 0.370007
474 0.00500677 0.00254771 0.399379
475 0.00548144 -0.0012918 0.382699
476 0.00372597 -0.00488023 0.390205
477 0.00558228 -0.0020043 0.374569
478 0.00600162 -0.00150434 0.363356
479 0.00591725 0.000963583 0.372732
480 0.00577503 0.00160561 0.376623
481 0.00563129 0.00224937 0.37934
482 0.0055475 0.00292762 0.378491
483 0.00443377 0.00219723 0.418613
484 0.00438516 -0.0032023 0.398439
485 0.00433692 -0.00255394 0.406709
486 0.00435124 -0.00197652 0.411563
487 0.00435324 -0.00137484 0.415924
488 0.00433596 -0.000760238 0.419804
489 0.00430567 -0.000156338 0.422924
490 0.0042802 0.000429065 0.424868
491 0.00428503 0.00101619 0.425046
492 0.0054714 -0.000646961 0.386137
493 0.00436477 0.00161247 0.422213
494 0.00544425 -2.63185e-05 0.388869
495 0.00492566 -0.00224868 0.393164
496 0.00562526 -0.00452962 0.343634
497 0.00539506 0.000565406 0.391213
498 0.00504626 0.00180886 0.401132
499 0.00495269 -0.00168578 0.396857
500 0.00530511 0.0011627 0.393913
501 0.00491609 -0.00103018 0.401993
502 0.00489415 -0.000394325 0.405385
503 0.00486007 0.000191876 0.407902
504 0.00481261 0.000733333 0.409834
505 0.00477976 0.00126675 0.410474
506 0.00170415 0.00828064 0.426473
507 0.00230121 0.00750971 0.425703
508 0.00171455 0.00773082 0.433122
509 0.00226975 0.0080666 0.419404
510 0.00335805 0.00690706 0.408043
511 0.00380874 0.00721901 0.390427
512 0.0028949 0.00659918 0.423623
513 0.00424286 0.00754989 0.370596
514 0.0023972 0.00635938 0.436939
515 0.00450045 0.00812197 0.351771
516 0.00184341 0.00618324 0.448209
517 0.00136416 0.00597682 0.456391
518 0.000803788 0.00599136 0.461388
519 0.0038821 0.00853046 0.368956
520 0.00331881 0.00881823 0.383248
521 0.00273445 0.00901624 0.396459
522 0.000591119 0.00701958 0.452607
523 0.00213856 0.00917617 0.407323
524 0.00057735 0.00766667 0.445484
525 0.00147646 0.00931464 0.416237
526 0.000564595 0.00831572 0.437824
527 0.000644792 0.00944998 0.422905
528 0.000526982 0.006482 0.45852
529 0.000502158 0.00886633 0.431285
530 0.00331383 0.00752446 0.401314
531 0.00283588 0.00721529 0.417693
532 0.00381826 0.00788671 0.380752
533 0.00238813 0.00696093 0.430464
534 0.00193349 0.00669252 0.441508
535 0.00125845 0.00662708 0.451331
536 0.00333049 0.00817283 0.392022
537 0.00280798 0.00841434 0.402877
538 0.00226518 0.00860031 0.412547
539 0.00116596 0.00735388 0.444336
540 0.00175375 0.00881557 0.418729
541 0.00113784 0.00802287 0.436764
542 0.00112086 0.00875025 0.427849
543 0.00281081 0.00782894 0.410558
544 0.00177612 0.00718907 0.438523
545 0.00447931 0.014459 0.258447
546 0.00254045 0.0162348 0.280234
547 0.00304757 0.0158557 0.27684
548 0.00496961 0.0124859 0.266528
549 0.00419151 0.0164144 0.233091
550 0.00457953 0.0159987 0.22798
551 0.00491274 0.0155721 0.223396
552 0.00376357 0.0167597 0.239065
553 0.0052512 0.015129 0.217231
554 0.00332364 0.0170928 0.243746
555 0.00551408 0.0146155 0.213731
556 0.00287194 0.017404 0.247281
557 0.00571632 0.0141143 0.211475
558 0.00236308 0.0176499 0.25157
559 0.00590946 0.0136133 0.20833
560 0.0018434 0.0178065 0.256086
561 0.00603718 0.0130704 0.207665
562 0.00136258 0.0180382 0.256184
563 0.00607633 0.0125372 0.210641
564 0.000795924 0.0180427 0.260968
565 0.00608485 0.0119926 0.214671
566 0.00608862 0.0114483 0.21838
567 0.00602566 0.010877 0.225723
568 0.00587211 0.0103474 0.238843
569 0.000565764 0.0170883 0.285662
570 0.00578558 0.00981755 0.248505
571 0.000536987 0.0164948 0.299452
572 0.00542487 0.00936304 0.278859
573 0.000563429 0.0158943 0.312491
574 0.000566138 0.0152769 0.325407
575 0.000536111 0.0146429 0.338251
576 0.000536111 0.0140238 0.350036
577 0.0042681 0.00963587 0.337032
578 0.000536111 0.0134048 0.361324
579 0.00371653 0.00987852 0.354741
580 0.000536111 0.0127857 0.372147
581 0.00306309 0.0100999 0.37231
582 0.000533996 0.0121509 0.382787
583 0.00239678 0.0102788 0.386459
584 0.000524154 0.0114685 0.393804
585 0.00176993 0.0104044 0.396517
586 0.000500981 0.0106616 0.406352
587 0.00113651 0.010522 0.403263
588 0.000518303 0.0175881 0.273947
589 0.00484976 0.0094378 0.312942
590 0.00359683 0.0161493 0.256442
591 0.00405015 0.0158986 0.247675
592 0.00428525 0.0154399 0.248594
593 0.00464951 0.0150603 0.242178
594 0.00316897 0.0164811 0.260919
595 0.00498293 0.0146666 0.235507
596 0.00274549 0.016836 0.262905
597 0.00504252 0.0141236 0.241373
598 0.00239254 0.0171569 0.262533
599 0.00530788 0.0136315 0.236549
600 0.00189372 0.0172397 0.268939
601 0.00556565 0.0132331 0.229417
602 0.00122296 0.017412 0.27318
603 0.00553376 0.0127635 0.236406
604 0.00552571 0.0122381 0.242488
605 0.00551946 0.0117115 0.248126
606 0.00562965 0.0112001 0.246799
607 0.00542856 0.0107134 0.26309
608 0.00523658 0.0100663 0.281586
609 0.00100781 0.0168024 0.289238
610 0.00112356 0.0162473 0.300753
611 0.00116431 0.0156275 0.313624
612 0.00111879 0.0149752 0.327358
613 0.00107428 0.0143333 0.340244
614 0.00107428 0.0137143 0.351718
615 0.00417233 0.0102918 0.331221
616 0.00107428 0.0130952 0.362723
617 0.00357408 0.0105332 0.350057
618 0.0010955 0.0124608 0.373331
619 0.00287885 0.010744 0.367946
620 0.00105411 0.011866 0.383476
621 0.00223329 0.0108848 0.380949
622 0.00103659 0.0111723 0.394511
623 0.0046604 0.0100248 0.313295
624 0.00162223 0.0109968 0.390002
625 0.00361984 0.0154498 0.26957
626 0.00500356 0.0118937 0.272167
627 0.00404403 0.014853 0.267132
628 0.00442213 0.0139308 0.268874
629 0.0021391 0.0166601 0.278311
630 0.00504831 0.0130728 0.255486
631 0.00154198 0.0167391 0.285214
632 0.00470394 0.0134885 0.264496
633 0.00511913 0.0112443 0.274083
634 0.00476544 0.0106618 0.299392
635 0.00180143 0.0160406 0.297252
636 0.00173828 0.0153173 0.313087
637 0.00166371 0.0146579 0.327116
638 0.00161244 0.0140238 0.339739
639 0.00161244 0.0134048 0.350871
640 0.0040716 0.010951 0.325878
641 0.00163101 0.0127743 0.361495
642 0.00338202 0.011192 0.34666
643 0.00170213 0.0120991 0.371713
644 0.00269441 0.0113583 0.363466
645 0.00203225 0.0115063 0.375361
646 0.00148998 0.0115407 0.383456
647 0.00238684 0.0156017 0.296394
648 0.00228339 0.0149504 0.311256
649 0.0021818 0.0143189 0.325083
650 0.00215061 0.0137143 0.336588
651 0.00215061 0.0130952 0.347322
652 0.00388836 0.0116388 0.322855
653 0.00218294 0.0125083 0.356488
654 0.00316038 0.011886 0.343022
655 0.00294243 0.0152011 0.292274
656 0.0034351 0.0147399 0.287915
657 0.00385499 0.0141515 0.285322
658 0.00405025 0.0134692 0.289708
659 0.00437758 0.0128395 0.286977
660 0.00242692 0.0119262 0.360921
661 0.00279844 0.0145714 0.307508
662 0.00273625 0.0139562 0.320045
663 0.00269439 0.0133863 0.330874
664 0.00267924 0.0128059 0.340857
665 0.00380915 0.0123128 0.315685
666 0.0032387 0.0141992 0.302948
667 0.00334381 0.0135958 0.310435
668 0.0036667 0.012972 0.310464
669 0.00321769 0.012545 0.330962
670 0.00310639 0.0130589 0.325783
671 0.00442545 0.0120979 0.295326
672 0.00452109 0.0113755 0.301039
673 0.00276246 0.0123164 0.346664
