0 0 0 0.0893416
1 0 0.0458831 0.245267
2 0.018 0.0087178 1.30833
3 0 0.0087178 -0.196844
4 1.22465e-18 -0.02 1.04263
5 1.22465e-18 0.02 0.40612
6 0.0169463 -0.0106218 0.363567
7 0.0171429 0.0104876 0.411109
8 0.0162857 0.0122574 0.435053
9 0.0154286 0.0140271 0.4501
10 0.0145714 0.0157969 0.460806
11 0.0137143 0.0175667 0.462563
12 0.0128571 0.0193365 0.460408
13 0.012 0.0211062 0.453866
14 0.0111429 0.022876 0.44652
15 0.0102857 0.0246458 0.435431
16 0.00942857 0.0264156 0.421367
17 0.00857143 0.0281854 0.403426
18 0.00771429 0.0299551 0.382065
19 0.00685714 0.0317249 0.359422
20 0.006 0.0334947 0.330357
21 0.00514286 0.0352645 0.302827
22 0.00428571 0.0370343 0.268559
23 0.00342857 0.038804 0.237464
24 0.00257143 0.0405738 0.184938
25 0.00171429 0.0423436 0.135832
26 0.000857143 0.0441134 1.04719
27 0.00203336 0.0198964 1.01357
28 0.00404509 0.0195867 0.958013
29 0.00601452 0.0190742 0.885403
30 0.00792139 0.0183644 0.798838
31 0.00974612 0.0174646 0.708582
32 0.0114699 0.0163842 0.617713
33 0.0130751 0.0151341 0.533183
34 0.0145451 0.0137273 0.456912
35 0.0158648 0.0121782 0.377697
36 0.0170204 0.0105027 0.145333
37 0 0.0438921 0.209176
38 0 0.0419011 0.280692
39 0 0.0399101 0.352961
40 0 0.0379191 0.429397
41 0 0.0359281 0.509067
42 0 0.0339371 0.589802
43 0 0.0319461 0.669836
44 0 0.0299551 0.749113
45 0 0.027964 0.827629
46 0 0.025973 0.903589
47 0 0.023982 0.976383
48 0 0.021991 1.10085
49 0 0.0181196 1.1542
50 0 0.0162393 1.20188
51 0 0.0143589 1.24386
52 0 0.0124785 1.2801
53 0 0.0105982 1.30949
54 0.002 0.0087178 1.27836
55 0.004 0.0087178 1.22054
56 0.006 0.0087178 1.13708
57 0.008 0.0087178 1.02793
58 0.01 0.0087178 0.892689
59 0.012 0.0087178 0.731138
60 0.014 0.0087178 0.537821
61 0.016 0.0087178 0.378501
62 0.0179319 -0.00885697 0.354532
63 0.0187341 -0.00700227 0.335518
64 0.0193451 -0.00507627 0.321999
65 0.0197586 -0.00309827 0.314449
66 0.0199704 -0.00108804 0.313195
67 0.0199782 0.000933305 0.317885
68 0.0197821 0.00294452 0.327484
69 0.019384 0.00492549 0.344562
70 0.018788 0.00685636 1.32838
71 0 0.00666653 1.33842
72 0 0.00461526 1.33957
73 0 0.00256398 1.33073
74 0 0.000512713 1.31078
75 0 -0.00153856 1.27892
76 0 -0.00358983 1.23418
77 0 -0.0056411 1.1752
78 0 -0.00769237 1.0997
79 0 -0.00974364 1.00289
80 0 -0.0117949 0.871271
81 0 -0.0138462 0.68498
82 0 -0.0158975 0.411294
83 0 -0.0179487 0.535518
84 0.00201879 -0.0198979 0.590224
85 0.00401635 -0.0195926 0.5924
86 0.00597273 -0.0190873 0.579121
87 0.00786833 -0.0183872 0.557204
88 0.00968413 -0.0174991 0.530215
89 0.011401 -0.0164322 0.500227
90 0.013001 -0.0151979 0.468435
91 0.0144681 -0.0138085 0.436635
92 0.0157876 -0.0122781 0.716683
93 0.00651632 0.0246741 0.752042
94 0.00748407 0.0225085 0.84622
95 0.00524188 0.0230372 0.790359
96 0.00482172 0.0248561 0.316804
97 0.00161659 0.0388129 0.381805
98 0.00205769 0.0369905 0.470667
99 0.00178335 0.034841 0.550172
100 0.00170857 0.0329245 0.630756
101 0.00168157 0.0309562 0.707337
102 0.00188322 0.0290093 0.399301
103 0.00336542 0.0355664 0.787481
104 0.00185877 0.027031 0.468469
105 0.00365163 0.0336933 0.868616
106 0.00172427 0.0249775 0.492183
107 0.00488814 0.0318499 0.942794
108 0.00172427 0.0229865 0.540815
109 0.00557219 0.0299536 1.00369
110 0.00145378 0.0213275 0.569222
111 0.00642063 0.028242 0.577453
112 0.00746733 0.0265582 0.966343
113 0.00332898 0.0215429 0.601795
114 0.0083542 0.0246459 0.912804
115 0.00552333 0.0209614 0.593039
116 0.00933798 0.0231904 0.818833
117 0.00784077 0.0202835 0.655634
118 0.00953688 0.0214472 0.682937
119 0.0102398 0.0195412 0.63216
120 0.0115908 0.0180329 0.560569
121 0.00308501 0.0319083 0.619341
122 0.00356707 0.0301624 0.690877
123 0.0039967 0.0281281 0.795052
124 0.00345164 0.025973 0.879122
125 0.0033666 0.023862 0.69213
126 0.005477 0.0265543 1.10602
127 0.0049101 0.0156996 1.13185
128 0.00326601 0.0163752 1.1485
129 0.00517996 0.0137429 1.094
130 0.00677152 0.0134195 0.605483
131 0.0148995 0.0103922 0.786267
132 0.0128599 0.0104084 0.934939
133 0.0108276 0.0105793 1.05137
134 0.00896489 0.0105833 1.1529
135 0.0069849 0.0104266 1.2269
136 0.00494055 0.0104337 0.670022
137 0.0137213 0.0119138 1.27309
138 0.00299716 0.0103272 0.698254
139 0.0128383 0.0134171 1.29421
140 0.00134251 0.010033 0.800201
141 0.0112652 0.0142251 0.884174
142 0.00968577 0.0151264 0.949528
143 0.00807775 0.0161916 1.22811
144 0.00176726 0.0134217 1.0104
145 0.00637361 0.017 1.18378
146 0.00162845 0.0152991 1.05602
147 0.00470044 0.0176187 1.12557
148 0.00164919 0.0174113 1.26525
149 0.00164787 0.0116683 1.08058
150 0.00320645 0.0181408 0.829466
151 0.0116964 0.0121913 1.06674
152 0.008 0.0121819 1.16076
153 0.00599654 0.012 1.22384
154 0.0037013 0.0122985 0.95154
155 0.00976958 0.0127006 1.00599
156 0.00815092 0.0141793 1.06184
157 0.00652887 0.0150432 1.18028
158 0.00342829 0.014424 1.03574
159 0.0109915 1.16556e-05 1.04435
160 0.0106542 -0.00172627 0.808684
161 0.0143507 -0.00066326 0.914024
162 0.0127311 0.00359397 0.713308
163 0.0023351 -0.0174046 0.855687
164 0.00198392 -0.0149997 0.974045
165 0.0017455 -0.0128668 1.07392
166 0.00177645 -0.0107693 0.707283
167 0.00455271 -0.017629 1.15396
168 0.00177645 -0.00871801 0.719001
169 0.00617777 -0.016923 1.21849
170 0.00177645 -0.00666674 0.702823
171 0.00792312 -0.0162489 1.26887
172 0.00177645 -0.00461547 0.676269
173 0.00956109 -0.0154803 1.30619
174 0.00177645 -0.00256419 0.654067
175 0.0111233 -0.0143744 1.3313
176 0.00177645 -0.000512923 0.629079
177 0.0125071 -0.0131984 1.34498
178 0.00177645 0.00153835 0.604103
179 0.0137542 -0.0118795 1.34765
180 0.00181273 0.00365273 0.575514
181 0.0149319 -0.0104116 1.34085
182 0.00169056 0.00564188 0.557414
183 0.0158362 -0.008849 1.32829
184 0.00138377 0.00733895 0.533675
185 0.0166854 -0.00718259 0.524106
186 0.0172417 -0.00541588 0.513417
187 0.0176733 -0.00362518 1.27527
188 0.00499046 0.00687003 0.497933
189 0.0180203 -0.00185289 1.20556
190 0.007 0.00698575 0.484982
191 0.0182099 -5.46907e-05 1.11211
192 0.009 0.00698575 0.481761
193 0.0181541 0.0018681 0.993664
194 0.011 0.00698575 0.492332
195 0.0178012 0.00370603 0.849715
196 0.013 0.00698575 0.462638
197 0.0177375 0.00546237 0.687236
198 0.0149321 0.00688757 0.48912
199 0.0168449 0.00695995 1.31381
200 0.00316594 0.00703621 0.82502
201 0.00424447 -0.0156584 0.927297
202 0.00335339 -0.0137861 1.01549
203 0.00352289 -0.011936 1.10063
204 0.00356282 -0.00985099 1.17398
205 0.00353501 -0.00769237 0.826127
206 0.00635906 -0.0148741 1.22945
207 0.00353501 -0.0056411 0.802455
208 0.00798013 -0.0143003 1.2719
209 0.00353501 -0.00358983 0.762425
210 0.00955912 -0.0137491 1.302
211 0.00353501 -0.00153856 0.76879
212 0.010624 -0.0124765 1.32037
213 0.00353501 0.000512713 0.753774
214 0.0118412 -0.011197 1.32797
215 0.00351919 0.00262955 0.704038
216 0.0131812 -0.010259 1.3204
217 0.00373863 0.00488364 0.710343
218 0.0138359 -0.0087465 0.692194
219 0.0146478 -0.00730107 0.677258
220 0.0153206 -0.00569053 0.675325
221 0.0157072 -0.00400544 0.670208
222 0.0159985 -0.00230775 1.25975
223 0.00598719 0.00510197 0.64982
224 0.0163372 -0.000665993 1.18071
225 0.00800197 0.00511841 0.608739
226 0.0167858 0.000975764 1.07654
227 0.0100155 0.00518016 0.638821
228 0.0162951 0.00265744 0.956579
229 0.0119012 0.00522748 0.642397
230 0.0158604 0.00490335 0.810943
231 0.0138585 0.00514131 0.922814
232 0.00515023 -0.0134649 1.02303
233 0.00528903 -0.0111199 1.10119
234 0.00540403 -0.00891381 1.17023
235 0.00529357 -0.00666674 1.21754
236 0.00529357 -0.00461547 0.878649
237 0.00853728 -0.0121631 1.25243
238 0.00529357 -0.00256419 1.27535
239 0.00529357 -0.000512923 0.885332
240 0.00982746 -0.0105688 1.28547
241 0.00534641 0.00160115 0.849543
242 0.0115536 -0.00897324 1.29152
243 0.00512122 0.00345917 0.836995
244 0.0125922 -0.00716959 0.797831
245 0.0136054 -0.00592803 0.815141
246 0.0137841 -0.00434368 0.81416
247 0.0141126 -0.00255647 1.23233
248 0.00701198 0.00306931 0.760411
249 0.0149704 0.00110162 1.1365
250 0.00913429 0.00343711 1.0267
251 0.0110832 0.00334397 0.796423
252 0.01436 0.00304153 0.919635
253 0.00678041 -0.0126629 0.998141
254 0.00737039 -0.0102784 1.08267
255 0.00720016 -0.00784922 1.14069
256 0.00712887 -0.00568741 1.1785
257 0.00717558 -0.00366031 1.21125
258 0.00705212 -0.00153856 1.22868
259 0.00702175 0.000726868 0.980075
260 0.00922923 -0.00859238 0.962816
261 0.0105873 -0.00680605 0.938917
262 0.0116987 -0.00507288 0.931666
263 0.0123261 -0.0029729 0.938729
264 0.0125735 0.00137525 1.08074
265 0.0102611 0.00164507 0.937947
266 0.0124954 -0.00104596 1.16999
267 0.00848998 0.00183446 1.05533
268 0.00868263 -0.00672429 1.07358
269 0.00923942 -0.00484701 1.12601
270 0.00885823 -0.00257916 1.14022
271 0.00902377 -0.000243499 1.02766
