1 6.12323e-19 -0.01 0.303225
2 4.08216e-19 0.00533333 0.46576
3 6.12323e-19 0.01 0.412903
4 4.08216e-19 0.0186667 0.245473
5 0.0058742 0.0151525 0.187914
6 0.00956943 -0.00290274 0.188943
7 0.00555552 0.00831481 0.287816
8 0 0.00497674 0.468464
9 0 0.00462016 0.471025
10 0 0.00426357 0.473344
11 0 0.00390698 0.475414
12 0 0.00355039 0.477229
13 0 0.0031938 0.478784
14 0 0.00283721 0.480071
15 0 0.00248062 0.481082
16 0 0.00212403 0.481808
17 0 0.00176744 0.482241
18 0 0.00141085 0.482376
19 0 0.00105426 0.482206
20 0 0.000697674 0.481723
21 0 0.000341085 0.480924
22 0 -1.55039e-05 0.479801
23 0 -0.000372093 0.478351
24 0 -0.000728682 0.476568
25 0 -0.00108527 0.474449
26 0 -0.00144186 0.471988
27 0 -0.00179845 0.469183
28 0 -0.00215504 0.466029
29 0 -0.00251163 0.462522
30 0 -0.00286822 0.458661
31 0 -0.00322481 0.454442
32 0 -0.0035814 0.449861
33 0 -0.00393798 0.444917
34 0 -0.00429457 0.439607
35 0 -0.00465116 0.433929
36 0 -0.00500775 0.427879
37 0 -0.00536434 0.421457
38 0 -0.00572093 0.41466
39 0 -0.00607752 0.407486
40 0 -0.00643411 0.399933
41 0 -0.0067907 0.392001
42 0 -0.00714729 0.383686
43 0 -0.00750388 0.374988
44 0 -0.00786047 0.365905
45 0 -0.00821705 0.356437
46 0 -0.00857364 0.346586
47 0 -0.00893023 0.336337
48 0 -0.00928682 0.325699
49 0 -0.00964341 0.314786
50 0.00966632 -0.00256169 0.186662
51 0.00975103 -0.00221754 0.184662
52 0.00982351 -0.00187048 0.182943
53 0.00988364 -0.00152108 0.181514
54 0.00993133 -0.00116988 0.180393
55 0.00996656 -0.000817087 0.179585
56 0.00998926 -0.000463268 0.17909
57 0.00999941 -0.000108992 0.17891
58 0.00999698 0.000245546 0.179054
59 0.009982 0.000599775 0.179521
60 0.00995447 0.000953126 0.18031
61 0.00991443 0.0013054 0.181416
62 0.00986192 0.00165604 0.182836
63 0.00979705 0.00200447 0.184573
64 0.00971983 0.00235051 0.18662
65 0.0096304 0.00269359 0.188962
66 0.0095289 0.00303317 0.191593
67 0.00941539 0.00336905 0.194515
68 0.00929004 0.0037007 0.197714
69 0.00915306 0.00402758 0.201176
70 0.00900454 0.00434952 0.204893
71 0.00884469 0.00466599 0.208858
72 0.00867379 0.00497648 0.213063
73 0.00849193 0.00528083 0.217503
74 0.00829939 0.00557854 0.222162
75 0.00809649 0.00586914 0.227039
76 0.00788335 0.00615246 0.232143
77 0.0076603 0.00642805 0.23747
78 0.0074277 0.00669547 0.243034
79 0.00718568 0.00695457 0.248861
80 0.00693463 0.00720492 0.255002
81 0.00667496 0.00744614 0.26155
82 0.00640681 0.00767808 0.268737
83 0.0061306 0.00790037 0.277165
84 0.00584679 0.00811265 0.2881
85 0.00534556 0.00801636 0.308303
86 0.00511978 0.00773008 0.325578
87 0.00487848 0.00745634 0.341463
88 0.00462256 0.00719621 0.356426
89 0.00435303 0.00695068 0.37053
90 0.00407023 0.00672007 0.383801
91 0.00377523 0.00650527 0.396202
92 0.00346919 0.0063071 0.407691
93 0.0031525 0.0061258 0.418249
94 0.00282637 0.00596211 0.427826
95 0.00249205 0.00581662 0.436379
96 0.00214999 0.00568953 0.443886
97 0.00180148 0.00558135 0.450306
98 0.00144788 0.00549246 0.455609
99 0.00108965 0.00542299 0.459793
100 0.000728148 0.00537322 0.462826
101 0.000364773 0.00534332 0.464755
102 0.000354491 -0.00999371 0.302744
103 0.000708411 -0.00997488 0.302182
104 0.00106157 -0.00994349 0.301356
105 0.00141339 -0.00989961 0.300241
106 0.0017633 -0.00984331 0.298833
107 0.00211113 -0.00977462 0.297135
108 0.00245631 -0.00969363 0.295156
109 0.00279827 -0.0096005 0.29291
110 0.00313684 -0.00949527 0.290397
111 0.00347147 -0.00937811 0.287634
112 0.00380162 -0.0092492 0.284635
113 0.0041271 -0.00910862 0.281417
114 0.0044474 -0.0089566 0.277995
115 0.004762 -0.00879337 0.274384
116 0.00507072 -0.00861904 0.2706
117 0.00537307 -0.00843387 0.26667
118 0.00566856 -0.00823817 0.262609
119 0.00595704 -0.00803204 0.258435
120 0.00623802 -0.00781582 0.254172
121 0.00651107 -0.00758986 0.249845
122 0.00677603 -0.00735428 0.24547
123 0.00703247 -0.00710945 0.241067
124 0.00727999 -0.00685578 0.236665
125 0.00751844 -0.0065934 0.232286
126 0.00774745 -0.00632274 0.227949
127 0.00796664 -0.00604423 0.223675
128 0.00817589 -0.00575802 0.219485
129 0.00837487 -0.00546457 0.215403
130 0.00856326 -0.00516436 0.211455
131 0.00874095 -0.00485756 0.207651
132 0.00890765 -0.00454464 0.204008
133 0.0090631 -0.00422613 0.200555
134 0.00920722 -0.0039022 0.197309
135 0.00933976 -0.00357336 0.194283
136 0.00946052 -0.00324015 0.191488
137 0 0.00964103 0.417812
138 0 0.00928205 0.422584
139 0 0.00892308 0.427289
140 0 0.0085641 0.431849
141 0 0.00820513 0.436257
142 0 0.00784615 0.440532
143 0 0.00748718 0.444661
144 0 0.00712821 0.448635
145 0 0.00676923 0.452432
146 0 0.00641026 0.456041
147 0 0.00605128 0.459482
148 0 0.00569231 0.462868
149 0.00524573 0.00851366 0.302601
150 0.00492882 0.00870096 0.31562
151 0.00460523 0.00887648 0.328568
152 0.00427541 0.00903996 0.340683
153 0.00393979 0.0091912 0.351906
154 0.00359883 0.00932998 0.362202
155 0.00325299 0.00945611 0.371569
156 0.00290274 0.00956943 0.379988
157 0.00254857 0.00966979 0.387456
158 0.00219093 0.00975704 0.393957
159 0.00183033 0.00983107 0.399488
160 0.00146725 0.00989177 0.40403
161 0.00110218 0.00993907 0.407605
162 0.000735619 0.00997291 0.410221
163 0.000368059 0.00999322 0.411929
164 0.00569572 0.0154646 0.191108
165 0.00550086 0.0157663 0.194552
166 0.00528984 0.0160573 0.198201
167 0.00506364 0.0163364 0.201999
168 0.00482253 0.016603 0.205903
169 0.00456739 0.0168563 0.209847
170 0.00429921 0.0170952 0.213788
171 0.0040183 0.0173196 0.217676
172 0.00372597 0.0175283 0.221455
173 0.00342255 0.0177211 0.225088
174 0.00310918 0.0178972 0.228523
175 0.00278706 0.0180561 0.231717
176 0.00245655 0.0181976 0.234638
177 0.0021192 0.0183209 0.237244
178 0.00177539 0.0184259 0.239513
179 0.00142642 0.0185123 0.241423
180 0.00107362 0.0185796 0.242943
181 0.000717376 0.018628 0.244076
182 0.00035937 0.018657 0.244837
183 0.0057461 0.00861965 0.258762
184 0.00591982 0.00893402 0.23883
185 0.00607648 0.00925759 0.224561
186 0.00621536 0.00958883 0.213636
187 0.0063363 0.00992738 0.204865
188 0.00643881 0.010272 0.197735
189 0.00652253 0.0106212 0.191925
190 0.00658737 0.0109748 0.187229
191 0.00663303 0.0113311 0.183523
192 0.00665944 0.0116896 0.180703
193 0.00666649 0.0120491 0.178687
194 0.00665417 0.012408 0.177413
195 0.0066225 0.0127661 0.176823
196 0.00657162 0.0131217 0.176874
197 0.0065016 0.0134743 0.177514
198 0.00641268 0.0138226 0.178691
199 0.00630521 0.0141654 0.180371
200 0.00617932 0.0145021 0.182498
201 0.00603559 0.0148313 0.185026
202 0 0.0183056 0.254992
203 0 0.0179444 0.263964
204 0 0.0175833 0.2728
205 0 0.0172222 0.281407
206 0 0.0168611 0.289774
207 0 0.0165 0.297909
208 0 0.0161389 0.305818
209 0 0.0157778 0.313506
210 0 0.0154167 0.320984
211 0 0.0150556 0.328257
212 0 0.0146944 0.335336
213 0 0.0143333 0.342227
214 0 0.0139722 0.348938
215 0 0.0136111 0.355479
216 0 0.01325 0.361855
217 0 0.0128889 0.368075
218 0 0.0125278 0.374146
219 0 0.0121667 0.380073
220 0 0.0118056 0.385864
221 0 0.0114444 0.391525
222 0 0.0110833 0.397062
223 0 0.0107222 0.402447
224 0 0.0103611 0.407685
225 0.00562098 0.00693145 0.320127
226 0.00497858 0.00201419 0.399501
227 0.00485128 -0.00105375 0.401599
228 0.00489209 2.88966e-06 0.404115
229 0.0048922 0.000711662 0.404773
230 0.00221217 -0.00940554 0.307412
231 0.00187152 -0.00947792 0.309203
232 0.00152995 -0.00954618 0.310449
233 0.00255584 -0.00932163 0.305248
234 0.00118018 -0.00958579 0.311969
235 0.00287637 -0.00923428 0.302873
236 0.00082435 -0.00962039 0.312985
237 0.00319879 -0.00912688 0.300447
238 0.000445246 -0.00965199 0.31347
239 0.00351402 -0.0090038 0.297993
240 0.00384004 -0.00886649 0.295092
241 0.00416607 -0.00872902 0.291524
242 0.00446002 -0.0085836 0.288336
243 0.000304526 -0.00909784 0.330825
244 0.00474863 -0.00842564 0.285074
245 0.000321118 -0.00875806 0.340733
246 0.00504875 -0.00823823 0.281708
247 0.000308815 -0.00839535 0.350984
248 0.00534874 -0.00805075 0.277719
249 0.000308815 -0.00803876 0.360645
250 0.00562642 -0.00786772 0.273708
251 0.000308815 -0.00768217 0.369922
252 0.00589892 -0.00766461 0.269826
253 0.000308815 -0.00732558 0.378812
254 0.00615911 -0.00744872 0.26613
255 0.000308815 -0.00696899 0.387318
256 0.0064256 -0.00721607 0.262056
257 0.000308815 -0.0066124 0.395441
258 0.00669206 -0.00698327 0.257402
259 0.000308815 -0.00625581 0.403183
260 0.00692578 -0.00675307 0.253418
261 0.000308815 -0.00589922 0.410545
262 0.00715033 -0.00651274 0.249539
263 0.000308815 -0.00554264 0.417529
264 0.00737651 -0.00624066 0.245764
265 0.000308815 -0.00518605 0.424137
266 0.00760255 -0.00596853 0.241461
267 0.000308815 -0.00482946 0.430372
268 0.00780898 -0.00570768 0.237296
269 0.000308815 -0.00447287 0.436234
270 0.00800413 -0.00542941 0.233496
271 0.000308815 -0.00411628 0.441727
272 0.0081835 -0.00514293 0.230108
273 0.000308815 -0.00375969 0.446852
274 0.00836357 -0.00483842 0.226521
275 0.000308815 -0.0034031 0.451612
276 0.00854353 -0.00453378 0.222453
277 0.000308815 -0.00304651 0.45601
278 0.00869341 -0.00424164 0.219234
279 0.000308815 -0.00268992 0.460048
280 0.00883125 -0.00394282 0.216306
281 0.000308815 -0.00233333 0.463729
282 0.0089609 -0.00361306 0.213773
283 0.000308815 -0.00197674 0.467056
284 0.00909075 -0.00328386 0.210772
285 0.000308815 -0.00162016 0.470033
286 0.00920408 -0.00297182 0.208032
287 0.000308815 -0.00126357 0.472663
288 0.00930266 -0.00264888 0.205789
289 0.000308815 -0.000906977 0.474949
290 0.00938197 -0.00231623 0.204271
291 0.000308815 -0.000550388 0.476897
292 0.00945736 -0.00196817 0.202674
293 0.000308815 -0.000193798 0.478509
294 0.00953333 -0.00161978 0.200621
295 0.000308815 0.000162791 0.479791
296 0.00958524 -0.00129389 0.199377
297 0.000308815 0.00051938 0.480747
298 0.009623 -0.000966542 0.198564
299 0.000308815 0.000875969 0.481383
300 0.00964271 -0.000613266 0.198466
301 0.000308815 0.00123256 0.481705
302 0.00966216 -0.000260039 0.197975
303 0.000308815 0.00158915 0.481717
304 0.0096722 7.23154e-05 0.197606
305 0.000308815 0.00194574 0.481426
306 0.00966291 0.000412057 0.197958
307 0.000308815 0.00230233 0.48084
308 0.00963616 0.000749143 0.198922
309 0.000308815 0.00265891 0.479964
310 0.0095994 0.00110099 0.20003
311 0.000308815 0.0030155 0.478808
312 0.00956248 0.00145288 0.200742
313 0.000308815 0.00337209 0.477379
314 0.00950865 0.00177639 0.202147
315 0.000308815 0.00372868 0.475686
316 0.00944126 0.00209842 0.203958
317 0.000308815 0.00408527 0.473742
318 0.00934905 0.00244002 0.206634
319 0.000307179 0.00443895 0.471569
320 0.00925671 0.00278152 0.208904
321 0.00029704 0.00479197 0.469188
322 0.00916217 0.00310036 0.211101
323 0.000257867 0.00509532 0.467025
324 0.00904937 0.00341812 0.21392
325 0.00891584 0.00373174 0.217507
326 0.000578621 0.00503901 0.46632
327 0.00877056 0.0040543 0.221203
328 0.000970448 0.00510029 0.463408
329 0.00862513 0.00437685 0.224483
330 0.00133238 0.00515853 0.459681
331 0.00847268 0.00466734 0.228174
332 0.0016949 0.00525006 0.454679
333 0.00830789 0.00495198 0.232213
334 0.002062 0.00534643 0.448501
335 0.00811317 0.0052474 0.237198
336 0.00242275 0.00546862 0.441105
337 0.00791837 0.0055427 0.241769
338 0.00277424 0.00561737 0.432543
339 0.00772815 0.00581587 0.246116
340 0.00312127 0.00577066 0.422943
341 0.00751732 0.00608338 0.251203
342 0.00345565 0.00594898 0.412302
343 0.00729695 0.00633829 0.256641
344 0.00377913 0.00615599 0.400532
345 0.00705783 0.00659899 0.26252
346 0.00409666 0.00636558 0.387801
347 0.00682031 0.00684847 0.268271
348 0.00439856 0.00659742 0.374169
349 0.0065734 0.0070897 0.274434
350 0.00468216 0.00685121 0.359748
351 0.00630491 0.00731217 0.281948
352 0.00495532 0.00711487 0.344427
353 0.00599856 0.00754384 0.291122
354 0.00521285 0.00739463 0.32828
355 0.00567644 0.00786399 0.298648
356 0.000261128 -0.00938229 0.322311
357 0.00538861 0.00767587 0.314689
358 0.00231105 -0.00906483 0.316394
359 0.00197135 -0.0091352 0.318509
360 0.00163579 -0.00920183 0.32002
361 0.00129693 -0.00925565 0.321285
362 0.00263073 -0.00897816 0.31439
363 0.000937727 -0.00928693 0.322692
364 0.0029415 -0.0088852 0.312108
365 0.000589319 -0.00933049 0.322963
366 0.00324519 -0.0087774 0.309802
367 0.00355766 -0.00865172 0.307254
368 0.00388356 -0.00851435 0.304119
369 0.00416993 -0.00837702 0.301267
370 0.00445577 -0.0082275 0.298223
371 0.000673084 -0.00896524 0.333605
372 0.00473578 -0.00807105 0.294979
373 0.000614645 -0.00857615 0.345013
374 0.00503576 -0.0078837 0.291425
375 0.000617822 -0.00821705 0.354929
376 0.00531386 -0.00770176 0.287773
377 0.000617822 -0.00786047 0.364403
378 0.00557982 -0.00751605 0.284053
379 0.000617822 -0.00750388 0.373487
380 0.00583369 -0.00731825 0.280512
381 0.000617822 -0.00714729 0.382183
382 0.00609011 -0.00710073 0.276843
383 0.000617822 -0.0067907 0.390496
384 0.00635647 -0.00686806 0.272618
385 0.000617822 -0.00643411 0.398425
386 0.0065855 -0.00664794 0.268956
387 0.000617822 -0.00607752 0.405975
388 0.00681006 -0.0064164 0.26525
389 0.000617822 -0.00572093 0.413145
390 0.0070269 -0.00618008 0.26149
391 0.000617822 -0.00536434 0.419939
392 0.00725297 -0.00590809 0.257587
393 0.000617822 -0.00500775 0.426357
394 0.00746017 -0.00564803 0.25374
395 0.000617822 -0.00465116 0.432402
396 0.00765452 -0.00538818 0.249988
397 0.000617822 -0.00429457 0.438076
398 0.00783358 -0.00512091 0.246618
399 0.000617822 -0.00393798 0.443382
400 0.00800882 -0.00483414 0.243317
401 0.000617822 -0.0035814 0.44832
402 0.00818874 -0.00452967 0.239616
403 0.000617822 -0.00322481 0.452895
404 0.00833727 -0.0042486 0.236611
405 0.000617822 -0.00286822 0.457108
406 0.0084779 -0.00395803 0.233733
407 0.000617822 -0.00251163 0.460962
408 0.00860959 -0.00366531 0.230937
409 0.000617822 -0.00215504 0.464461
410 0.00873968 -0.00333559 0.228255
411 0.000617822 -0.00179845 0.467607
412 0.00885411 -0.00302493 0.225732
413 0.000617822 -0.00144186 0.470404
414 0.00895635 -0.002717 0.223426
415 0.000617822 -0.00108527 0.472855
416 0.00904057 -0.00240331 0.221741
417 0.000617822 -0.000728682 0.474964
418 0.0091179 -0.00207683 0.220149
419 0.000617822 -0.000372093 0.476736
420 0.00919344 -0.00172814 0.218402
421 0.000617822 -1.55039e-05 0.478175
422 0.00924795 -0.00141031 0.217206
423 0.000617822 0.000341085 0.479285
424 0.00929267 -0.00108978 0.216203
425 0.000617822 0.000697674 0.480071
426 0.00932576 -0.000772772 0.215475
427 0.000617822 0.00105426 0.480539
428 0.00934537 -0.000419741 0.215209
429 0.000617822 0.00141085 0.480694
430 0.0093566 -8.77804e-05 0.214981
431 0.000617822 0.00176744 0.480542
432 0.00935783 0.000236548 0.214946
433 0.000617822 0.00212403 0.480091
434 0.00934215 0.000558131 0.215497
435 0.000617822 0.00248062 0.479346
436 0.00931191 0.000893107 0.216472
437 0.000617822 0.00283721 0.478315
438 0.00927505 0.00124485 0.217381
439 0.000617822 0.0031938 0.477006
440 0.00922676 0.00155875 0.218684
441 0.000617822 0.00355039 0.475427
442 0.00916665 0.00187569 0.220281
443 0.000612692 0.00390325 0.473632
444 0.00909822 0.00218906 0.222009
445 0.000643693 0.00426304 0.471387
446 0.009006 0.0025305 0.224448
447 0.000635628 0.00461233 0.469139
448 0.00891263 0.00284944 0.226738
449 0.00881212 0.00315785 0.229143
450 0.00869379 0.00345933 0.2322
451 0.00856279 0.00376673 0.235486
452 0.00841746 0.00408916 0.238935
453 0.00119732 0.00479737 0.463818
454 0.00827331 0.00437223 0.24245
455 0.00159531 0.00489228 0.458857
456 0.00811692 0.00465433 0.24625
457 0.00197507 0.00499183 0.452885
458 0.00795372 0.00493043 0.25013
459 0.00234836 0.00510267 0.445787
460 0.00775906 0.00522571 0.254878
461 0.00271761 0.00524292 0.437369
462 0.00756961 0.00549951 0.259348
463 0.00308554 0.00540149 0.427635
464 0.00737616 0.00576068 0.263891
465 0.00344595 0.00557819 0.416709
466 0.00716828 0.00601082 0.269001
467 0.00378028 0.00577833 0.405074
468 0.00695075 0.00626076 0.274271
469 0.00411429 0.00599543 0.392107
470 0.0067173 0.00651129 0.279996
471 0.00444078 0.00622098 0.3781
472 0.00648023 0.0067482 0.28595
473 0.00474658 0.00647806 0.363208
474 0.00624034 0.00696754 0.292263
475 0.00503438 0.00675432 0.347544
476 0.00594605 0.00716746 0.301367
477 0.0053112 0.00704157 0.331043
478 0.00562073 0.00737421 0.311339
479 0.00206584 -0.00879276 0.327447
480 0.00238885 -0.0087192 0.325394
481 0.00173518 -0.00885403 0.329322
482 0.00141046 -0.00891551 0.330503
483 0.00107273 -0.00897944 0.331081
484 0.00269207 -0.00863018 0.323473
485 0.00298422 -0.00853469 0.321368
486 0.00329071 -0.00842178 0.318951
487 0.00360118 -0.00829969 0.316119
488 0.00388941 -0.0081634 0.313568
489 0.00416971 -0.00802338 0.310766
490 0.0044453 -0.00787361 0.30782
491 0.0047256 -0.00770933 0.304602
492 0.000926829 -0.00839535 0.348601
493 0.00500254 -0.00753452 0.301202
494 0.000936152 -0.00804949 0.357937
495 0.00526737 -0.00735118 0.297836
496 0.000934606 -0.0076908 0.367289
497 0.00551157 -0.00717022 0.294557
498 0.000926829 -0.00732558 0.376441
499 0.00576579 -0.00696597 0.291029
500 0.000926829 -0.00696899 0.384941
501 0.006021 -0.00675281 0.287157
502 0.000926829 -0.0066124 0.393058
503 0.00625191 -0.00653355 0.28377
504 0.000926829 -0.00625581 0.400794
505 0.00647428 -0.00631245 0.280277
506 0.000926829 -0.00589922 0.40815
507 0.00668917 -0.00608372 0.276782
508 0.000926829 -0.00554264 0.415128
509 0.00690385 -0.00583971 0.273153
510 0.000926829 -0.00518605 0.421729
511 0.0071121 -0.00558683 0.26949
512 0.000926829 -0.00482946 0.427956
513 0.00730614 -0.00532961 0.266047
514 0.000926829 -0.00447287 0.433811
515 0.00748134 -0.00508068 0.262847
516 0.000926829 -0.00411628 0.439295
517 0.00765868 -0.00480773 0.259556
518 0.000926829 -0.00375969 0.444411
519 0.00783406 -0.00452548 0.256071
520 0.000926829 -0.0034031 0.449161
521 0.00798461 -0.00424471 0.253272
522 0.000926829 -0.00304651 0.453547
523 0.00812643 -0.00396488 0.250484
524 0.000926829 -0.00268992 0.457573
525 0.00825882 -0.00367978 0.247841
526 0.000926829 -0.00233333 0.461241
527 0.00838622 -0.00338071 0.245232
528 0.000926829 -0.00197674 0.464554
529 0.00850445 -0.00307549 0.242751
530 0.000926829 -0.00162016 0.467516
531 0.00860567 -0.00277431 0.240698
532 0.000926829 -0.00126357 0.47013
533 0.00869478 -0.00247966 0.238845
534 0.000926829 -0.000906977 0.472399
535 0.00877708 -0.00216376 0.237168
536 0.000926829 -0.000550388 0.474327
537 0.00885357 -0.00183703 0.235495
538 0.000926829 -0.000193798 0.475919
539 0.00891187 -0.00152004 0.234329
540 0.000926829 0.000162791 0.477179
541 0.00895917 -0.00120816 0.233369
542 0.000926829 0.00051938 0.478112
543 0.00899698 -0.000896611 0.232576
544 0.000926829 0.000875969 0.478723
545 0.0090241 -0.000572907 0.23205
546 0.000926829 0.00123256 0.479017
547 0.00904062 -0.000246077 0.231741
548 0.000926829 0.00158915 0.479
549 0.0090432 7.58871e-05 0.231822
550 0.000926829 0.00194574 0.478679
551 0.00903573 0.000379836 0.232114
552 0.000926829 0.00230233 0.478059
553 0.00901497 0.000705453 0.232771
554 0.000926829 0.00265891 0.477148
555 0.00898767 0.00103694 0.233415
556 0.000926829 0.0030155 0.475954
557 0.0089409 0.00135232 0.234789
558 0.000926829 0.00337209 0.474483
559 0.00888827 0.00166119 0.236175
560 0.000926364 0.00373518 0.472712
561 0.00882495 0.00196839 0.237811
562 0.000895057 0.00406019 0.471102
563 0.00874911 0.00228431 0.23972
564 0.00105448 0.00440071 0.467898
565 0.00866222 0.00260007 0.241854
566 0.00856364 0.00290672 0.244316
567 0.00846136 0.00319293 0.246829
568 0.00833911 0.00349566 0.249863
569 0.0082098 0.00380159 0.252861
570 0.00806706 0.00408619 0.256426
571 0.00149088 0.0045339 0.462745
572 0.00792 0.00436318 0.259972
573 0.0018815 0.00463584 0.457046
574 0.00776347 0.00463521 0.263722
575 0.00227143 0.00472944 0.450238
576 0.0075921 0.00491153 0.267797
577 0.00265685 0.00485761 0.442047
578 0.00741007 0.00518421 0.272096
579 0.00303494 0.00502354 0.43246
580 0.00721943 0.00544424 0.276681
581 0.00341961 0.00518713 0.421488
582 0.00702565 0.00568656 0.281422
583 0.00378535 0.0053849 0.409416
584 0.0068213 0.00593134 0.286338
585 0.00412888 0.00561635 0.396378
586 0.00660253 0.00618039 0.291578
587 0.00448204 0.00583497 0.381962
588 0.00638234 0.00641598 0.296916
589 0.00480582 0.0060794 0.367027
590 0.00615029 0.00662807 0.303084
591 0.00510262 0.00636499 0.351341
592 0.00594104 0.00683873 0.308135
593 0.00538517 0.00664726 0.335215
594 0.00089454 -0.00871149 0.339862
595 0.00182437 -0.00850097 0.338448
596 0.00215222 -0.0084579 0.335862
597 0.00245106 -0.00837216 0.334251
598 0.00150354 -0.0085499 0.340189
599 0.00119471 -0.008633 0.340271
600 0.00273718 -0.00827808 0.332529
601 0.00302604 -0.00818543 0.330218
602 0.00332213 -0.0080781 0.32765
603 0.00361175 -0.00794964 0.325231
604 0.00389033 -0.00780983 0.322815
605 0.00415759 -0.00766894 0.320185
606 0.00442836 -0.0075228 0.317118
607 0.00469853 -0.00736064 0.313964
608 0.00124321 -0.00827465 0.349901
609 0.00495626 -0.00718416 0.311002
610 0.00125984 -0.00789518 0.359911
611 0.00520051 -0.00700527 0.308014
612 0.0012494 -0.00752011 0.369561
613 0.00544254 -0.00682385 0.304704
614 0.00123584 -0.00714729 0.378756
615 0.00568731 -0.00662914 0.30115
616 0.00123584 -0.0067907 0.38706
617 0.00592166 -0.00641765 0.297839
618 0.00123584 -0.00643411 0.394982
619 0.00614028 -0.00619935 0.294766
620 0.00123584 -0.00607752 0.402523
621 0.00635193 -0.00598006 0.291534
622 0.00123584 -0.00572093 0.409685
623 0.0065631 -0.0057557 0.288002
624 0.00123584 -0.00536434 0.416469
625 0.00676896 -0.00551699 0.284518
626 0.00123584 -0.00500775 0.422877
627 0.00695851 -0.00526854 0.281432
628 0.00123584 -0.00465116 0.428911
629 0.00713432 -0.00502204 0.278471
630 0.00123584 -0.00429457 0.434572
631 0.00730712 -0.00477462 0.275276
632 0.00123584 -0.00393798 0.439864
633 0.00747844 -0.00451271 0.27199
634 0.00123584 -0.0035814 0.444788
635 0.00763466 -0.00423832 0.269153
636 0.00123584 -0.00322481 0.449347
637 0.00777382 -0.00396232 0.266722
638 0.00123584 -0.00286822 0.453543
639 0.00790605 -0.00368748 0.264233
640 0.00123584 -0.00251163 0.457379
641 0.00803634 -0.00340768 0.261544
642 0.00123584 -0.00215504 0.460858
643 0.00815648 -0.00311674 0.259097
644 0.00123584 -0.00179845 0.463983
645 0.00825761 -0.00282233 0.257236
646 0.00123584 -0.00144186 0.466756
647 0.00834607 -0.00253561 0.255581
648 0.00123584 -0.00108527 0.469183
649 0.00843266 -0.00224434 0.253741
650 0.00123584 -0.000728682 0.471266
651 0.00851252 -0.00193766 0.252016
652 0.00123584 -0.000372093 0.473008
653 0.0085774 -0.00162503 0.250729
654 0.00123584 -1.55039e-05 0.474416
655 0.00862534 -0.00131323 0.249949
656 0.00123584 0.000341085 0.475492
657 0.00866363 -0.00101414 0.24928
658 0.00123584 0.000697674 0.476243
659 0.00870042 -0.000708051 0.248409
660 0.00123584 0.00105426 0.476672
661 0.0087233 -0.000394516 0.247947
662 0.00123584 0.00141085 0.476787
663 0.00872734 -8.26007e-05 0.248126
664 0.00123584 0.00176744 0.476591
665 0.00872184 0.000220183 0.248481
666 0.00123584 0.00212403 0.476093
667 0.00871276 0.000522835 0.248727
668 0.00123584 0.00248062 0.475298
669 0.00869411 0.000835361 0.249145
670 0.00123584 0.00283721 0.474213
671 0.00865576 0.00114871 0.250251
672 0.00123584 0.0031938 0.472846
673 0.0086028 0.00145583 0.251808
674 0.0012318 0.00357151 0.471134
675 0.00854556 0.00175246 0.253325
676 0.00122581 0.00397468 0.468994
677 0.00848433 0.00205401 0.254718
678 0.00840758 0.00235962 0.256557
679 0.00831351 0.00265749 0.259001
680 0.00821322 0.00294315 0.261543
681 0.00810987 0.00322741 0.263954
682 0.00799462 0.00351815 0.266576
683 0.00786042 0.00380378 0.269853
684 0.00771494 0.00407632 0.273508
685 0.00181929 0.00428509 0.460388
686 0.00756639 0.00434258 0.277086
687 0.00218382 0.00437509 0.454363
688 0.00741298 0.00460978 0.280583
689 0.00260279 0.00443045 0.446568
690 0.00724399 0.00487616 0.284516
691 0.00297754 0.00464189 0.43712
692 0.00705993 0.0051296 0.289041
693 0.00335916 0.00480656 0.426691
694 0.00687069 0.00536935 0.293743
695 0.00378989 0.00493779 0.414027
696 0.006677 0.00560547 0.298457
697 0.00414224 0.00523017 0.400479
698 0.00647017 0.00584881 0.303396
699 0.00448671 0.00544716 0.386803
700 0.00625551 0.00608891 0.308514
701 0.00488887 0.00563707 0.37031
702 0.00606846 0.00633252 0.312172
703 0.00517412 0.00597877 0.354662
704 0.00576419 0.00651191 0.321927
705 0.00546823 0.00625646 0.338592
706 0.00160394 -0.00815012 0.350287
707 0.00193485 -0.00820343 0.345391
708 0.00221272 -0.00811682 0.344393
709 0.0024892 -0.00801438 0.34335
710 0.00277579 -0.00792768 0.341251
711 0.00306367 -0.00784606 0.338497
712 0.00334714 -0.00773402 0.336113
713 0.00361167 -0.00759635 0.33427
714 0.00387608 -0.00745752 0.331988
715 0.00413895 -0.00731461 0.32937
716 0.00439891 -0.00717723 0.326229
717 0.00465341 -0.00701515 0.32336
718 0.00489127 -0.00683723 0.320868
719 0.00157325 -0.00771792 0.361883
720 0.00512958 -0.00666063 0.317895
721 0.00156011 -0.00733819 0.371486
722 0.00536888 -0.00648473 0.314442
723 0.00154484 -0.00696899 0.380426
724 0.00560278 -0.00629654 0.310995
725 0.00154484 -0.0066124 0.388533
726 0.00581063 -0.00608332 0.308507
727 0.00154484 -0.00625581 0.396258
728 0.00601768 -0.00586876 0.305667
729 0.00154484 -0.00589922 0.403603
730 0.00622284 -0.00565113 0.302552
731 0.00154484 -0.00554264 0.410569
732 0.00642728 -0.00543657 0.29901
733 0.00154484 -0.00518605 0.417158
734 0.00661824 -0.00520304 0.29592
735 0.00154484 -0.00482946 0.423371
736 0.00678808 -0.00495963 0.293447
737 0.00154484 -0.00447287 0.42921
738 0.0069588 -0.00471708 0.290558
739 0.00154484 -0.00411628 0.434677
740 0.00713085 -0.00447517 0.28724
741 0.00154484 -0.00375969 0.439774
742 0.00729385 -0.00422339 0.284083
743 0.00154484 -0.0034031 0.444504
744 0.00742438 -0.00395565 0.282187
745 0.00154484 -0.00304651 0.448869
746 0.0075537 -0.00368686 0.28002
747 0.00154484 -0.00268992 0.452872
748 0.00768026 -0.00341566 0.277668
749 0.00154484 -0.00233333 0.456515
750 0.00780679 -0.00314785 0.274949
751 0.00154484 -0.00197674 0.459801
752 0.00791304 -0.00286636 0.272965
753 0.00154484 -0.00162016 0.462734
754 0.00799823 -0.00258312 0.271663
755 0.00154484 -0.00126357 0.465316
756 0.0080843 -0.00229996 0.270014
757 0.00154484 -0.000906977 0.467551
758 0.00817121 -0.00201684 0.268018
759 0.00154484 -0.000550388 0.469443
760 0.00824927 -0.00171789 0.266235
761 0.00154484 -0.000193798 0.470996
762 0.00829022 -0.00141979 0.265928
763 0.00154484 0.000162791 0.472213
764 0.00832852 -0.00112232 0.265446
765 0.00154484 0.00051938 0.473101
766 0.00836303 -0.000825189 0.264853
767 0.00154484 0.000875969 0.473663
768 0.00840096 -0.000533791 0.263786
769 0.00154484 0.00123256 0.473904
770 0.00841375 -0.000233974 0.263686
771 0.00154484 0.00158915 0.473832
772 0.00840633 6.37447e-05 0.264297
773 0.00154484 0.00194574 0.473451
774 0.00839921 0.000360664 0.26461
775 0.00154484 0.00230233 0.472768
776 0.00839302 0.000657959 0.264593
777 0.00154484 0.00265891 0.47179
778 0.00837278 0.000958245 0.264981
779 0.00154484 0.0030155 0.470524
780 0.00831761 0.00125115 0.266831
781 0.00154269 0.00338124 0.468961
782 0.00826144 0.0015444 0.268444
783 0.0015291 0.00375846 0.467177
784 0.00820108 0.00183748 0.269978
785 0.00814509 0.00212614 0.271039
786 0.00806386 0.00241673 0.273038
787 0.00796265 0.002696 0.275796
788 0.00786283 0.0029753 0.278203
789 0.00776396 0.00325536 0.280277
790 0.00765177 0.00353382 0.282717
791 0.00750883 0.00379418 0.286506
792 0.00736285 0.00405503 0.29015
793 0.00208638 0.00406614 0.457963
794 0.00721415 0.00431453 0.293658
795 0.00240184 0.00406823 0.452782
796 0.00706816 0.00457244 0.296792
797 0.00300468 0.0042531 0.439636
798 0.00690012 0.00482297 0.300766
799 0.00327998 0.00445446 0.431674
800 0.00671323 0.00505509 0.305585
801 0.00362253 0.0045214 0.422475
802 0.00652078 0.00528776 0.310402
803 0.00422556 0.00484501 0.402107
804 0.0063159 0.00552368 0.315474
805 0.00446861 0.00509116 0.391632
806 0.00610285 0.00577076 0.320489
807 0.00479627 0.00520627 0.379196
808 0.00584655 0.00607505 0.326148
809 0.00531275 0.00559158 0.355112
810 0.00550888 0.00591869 0.342449
811 0.00272172 0.00406647 0.446843
812 0.00397766 0.00457941 0.412147
813 0.00515894 0.00530442 0.36491
814 0.00190825 -0.00788504 0.354163
815 0.00221206 -0.00775271 0.353943
816 0.00251957 -0.00765453 0.352215
817 0.00282302 -0.00758495 0.349253
818 0.00310715 -0.0075496 0.345229
819 0.0033323 -0.00738338 0.345154
820 0.00359738 -0.00724513 0.343175
821 0.00386118 -0.00710385 0.340827
822 0.00411614 -0.00695173 0.338467
823 0.00438881 -0.00687601 0.333457
824 0.00458347 -0.00666996 0.333049
825 0.00481942 -0.00649006 0.330545
826 0.00189196 -0.00751987 0.363661
827 0.00505827 -0.00631769 0.327364
828 0.00187443 -0.00715783 0.372681
829 0.00531052 -0.00619285 0.322348
830 0.00185339 -0.00679215 0.381415
831 0.00547892 -0.00596771 0.321657
832 0.00185385 -0.00643411 0.389352
833 0.00568644 -0.00575514 0.319085
834 0.00185385 -0.00607752 0.396881
835 0.00589276 -0.00553802 0.31624
836 0.00185385 -0.00572093 0.40403
837 0.00608761 -0.00531124 0.313566
838 0.00185385 -0.00536434 0.410799
839 0.00632308 -0.00515369 0.307811
840 0.00185385 -0.00500775 0.417191
841 0.00644326 -0.00489701 0.307696
842 0.00185385 -0.00465116 0.423206
843 0.00661105 -0.00465277 0.305245
844 0.00185385 -0.00429457 0.428848
845 0.00678361 -0.00441365 0.302165
846 0.00185385 -0.00393798 0.434119
847 0.0069839 -0.0042163 0.296992
848 0.00185385 -0.0035814 0.439019
849 0.00707317 -0.00394993 0.297031
850 0.00185385 -0.00322481 0.443553
851 0.00720348 -0.00368303 0.295067
852 0.00185385 -0.00286822 0.447721
853 0.00733135 -0.00341196 0.292921
854 0.00185385 -0.00251163 0.451527
855 0.00744549 -0.00313518 0.291093
856 0.00185385 -0.00215504 0.454974
857 0.00761913 -0.00291222 0.285756
858 0.00185385 -0.00179845 0.458064
859 0.00765211 -0.00263118 0.286986
860 0.00185385 -0.00144186 0.460801
861 0.00773378 -0.00234696 0.285775
862 0.00185385 -0.00108527 0.463187
863 0.00782337 -0.00206741 0.283859
864 0.00185385 -0.000728682 0.465226
865 0.00795756 -0.00180986 0.279418
866 0.00185385 -0.000372093 0.466922
867 0.00795517 -0.00152316 0.281258
868 0.00185385 -1.55039e-05 0.468279
869 0.00799537 -0.00122798 0.280871
870 0.00185385 0.000341085 0.469302
871 0.00802921 -0.000929504 0.280501
872 0.00185385 0.000697674 0.469994
873 0.00805382 -0.000635018 0.280259
874 0.00185385 0.00105426 0.470361
875 0.00814885 -0.00036866 0.276313
876 0.00185385 0.00141085 0.470408
877 0.00809252 -9.139e-05 0.279399
878 0.00185385 0.00176744 0.470141
879 0.00808112 0.000205112 0.28008
880 0.00185385 0.00212403 0.469566
881 0.00807782 0.000499747 0.28009
882 0.00185385 0.00248062 0.46869
883 0.0081201 0.000778253 0.277655
884 0.00185385 0.00283721 0.467522
885 0.00803275 0.00104561 0.281244
886 0.00185733 0.00318896 0.466046
887 0.00797704 0.00133918 0.282971
888 0.00185694 0.00354903 0.464306
889 0.00791865 0.00163283 0.284539
890 0.00784723 0.00192101 0.286465
891 0.00785391 0.00220391 0.284465
892 0.00771323 0.00245 0.289423
893 0.00760958 0.00272801 0.292142
894 0.00751396 0.00300661 0.294205
895 0.00746771 0.00328424 0.293738
896 0.00730115 0.00351074 0.29906
897 0.00715797 0.00377103 0.302695
898 0.00701009 0.00403149 0.306265
899 0.00220604 0.00371862 0.458298
900 0.00684963 0.00428378 0.31022
901 0.00676722 0.00455485 0.310282
902 0.00342322 0.00412153 0.43094
903 0.00655647 0.00474436 0.31681
904 0.00636689 0.00496769 0.32172
905 0.00616023 0.0051962 0.327051
906 0.0046659 0.00478572 0.388636
907 0.00594108 0.00543215 0.332562
908 0.00572241 0.00567928 0.337669
909 0.00182452 0.00390096 0.462764
910 0.00263038 0.00376564 0.450634
911 0.00304813 0.00384489 0.441655
912 0.00382742 0.00419922 0.419777
913 0.00437525 0.00449297 0.401063
914 0.00506183 0.00493823 0.373129
915 0.00556687 0.00531851 0.349194
916 0.00223586 -0.00734848 0.363767
917 0.00261844 -0.00731983 0.359041
918 0.00298242 -0.00722719 0.355365
919 0.00329976 -0.00704583 0.353849
920 0.0035854 -0.00689365 0.351659
921 0.00387056 -0.00673993 0.348972
922 0.00420729 -0.00658346 0.344562
923 0.0044938 -0.00633959 0.342546
924 0.004773 -0.00613153 0.339355
925 0.00508722 -0.00592521 0.334526
926 0.00215669 -0.00696517 0.373877
927 0.00215389 -0.00660751 0.382027
928 0.00533487 -0.00565638 0.332198
929 0.00216286 -0.00625581 0.38952
930 0.00556423 -0.00542526 0.329214
931 0.00216286 -0.00589922 0.396851
932 0.00578634 -0.00518698 0.326123
933 0.00216286 -0.00554264 0.403801
934 0.0060588 -0.00493287 0.321081
935 0.00216286 -0.00518605 0.410372
936 0.00216286 -0.00482946 0.416564
937 0.00625449 -0.0046116 0.319202
938 0.00216286 -0.00447287 0.42238
939 0.00645461 -0.00432691 0.31609
940 0.00216286 -0.00411628 0.427823
941 0.00668803 -0.00403215 0.311351
942 0.00216286 -0.00375969 0.432894
943 0.00216286 -0.0034031 0.437595
944 0.00683887 -0.00369934 0.309747
945 0.00216286 -0.00304651 0.441929
946 0.00698384 -0.00340825 0.307429
947 0.00216286 -0.00268992 0.445898
948 0.00712007 -0.0031123 0.305132
949 0.00216286 -0.00233333 0.449504
950 0.00729887 -0.00278599 0.300952
951 0.00216286 -0.00197674 0.452751
952 0.00216286 -0.00162016 0.455641
953 0.00738292 -0.00242005 0.300636
954 0.00216286 -0.00126357 0.458178
955 0.00748272 -0.002088 0.29893
956 0.00216286 -0.000906977 0.460364
957 0.0076151 -0.00172947 0.295549
958 0.00216286 -0.000550388 0.462202
959 0.00216286 -0.000193798 0.463697
960 0.00765326 -0.00136018 0.295906
961 0.00216286 0.000162791 0.464853
962 0.00770091 -0.00103598 0.295229
963 0.00216286 0.00051938 0.465674
964 0.00773775 -0.00071502 0.294687
965 0.00216286 0.000875969 0.466165
966 0.00780529 -0.000348784 0.292503
967 0.00216286 0.00123256 0.46633
968 0.00216286 0.00158915 0.466174
969 0.00777041 2.55513e-05 0.294549
970 0.00216286 0.00194574 0.465705
971 0.00776073 0.000374779 0.295027
972 0.00216286 0.00230233 0.464927
973 0.00777282 0.000748982 0.294096
974 0.00215929 0.00264901 0.463937
975 0.00216261 0.00299624 0.462564
976 0.0076952 0.00110757 0.296857
977 0.00217724 0.00334607 0.46074
978 0.00763459 0.00142743 0.298587
979 0.00757186 0.00174663 0.300091
980 0.00752127 0.00211513 0.300443
981 0.00737106 0.00246009 0.304981
982 0.00725301 0.00278766 0.30781
983 0.00714676 0.00314821 0.309471
984 0.00696045 0.00346399 0.314606
985 0.00680682 0.00374984 0.318278
986 0.00664331 0.00403139 0.322119
987 0.00647919 0.00436604 0.325046
988 0.00623334 0.00463561 0.331796
989 0.0060198 0.00487735 0.337292
990 0.00415024 0.00425125 0.410125
991 0.00542364 0.00502924 0.358631
992 0.0025187 0.00345829 0.454466
993 0.00341803 0.00374694 0.433773
994 0.00373639 0.00383835 0.425091
995 0.00578492 0.00509572 0.343726
996 0.00503192 0.00456877 0.378483
997 0.00472856 0.00435889 0.391059
998 0.0028935 0.00348964 0.447115
999 0.00243597 -0.00708069 0.367408
1000 0.00301078 -0.00684568 0.363772
1001 0.00330139 -0.00668804 0.361985
1002 0.00358222 -0.00653618 0.35971
1003 0.0038733 -0.00637625 0.356852
1004 0.00416222 -0.00618728 0.354067
1005 0.0044414 -0.00597808 0.351332
1006 0.0047213 -0.00576919 0.347983
1007 0.00498217 -0.0055468 0.344832
1008 0.00245567 -0.00643201 0.381799
1009 0.00522056 -0.00531475 0.341975
1010 0.00246348 -0.00607903 0.389126
1011 0.00544702 -0.00508176 0.339012
1012 0.00247186 -0.00572093 0.396166
1013 0.00567806 -0.00483851 0.335602
1014 0.00247186 -0.00536434 0.402916
1015 0.00589133 -0.0045725 0.332641
1016 0.00247186 -0.00500775 0.409284
1017 0.00247186 -0.00465116 0.415274
1018 0.0060914 -0.00428456 0.32997
1019 0.00247186 -0.00429457 0.420889
1020 0.0062921 -0.00399835 0.326755
1021 0.00247186 -0.00393798 0.42613
1022 0.00647284 -0.00370101 0.323924
1023 0.00247186 -0.0035814 0.430999
1024 0.00247186 -0.00322481 0.435498
1025 0.00662173 -0.00340954 0.321779
1026 0.00247186 -0.00286822 0.439629
1027 0.00676489 -0.00311951 0.319441
1028 0.00247186 -0.00251163 0.443396
1029 0.00690765 -0.00281543 0.316871
1030 0.00247186 -0.00215504 0.446799
1031 0.00702656 -0.0024953 0.314997
1032 0.00247186 -0.00179845 0.449843
1033 0.00247186 -0.00144186 0.452529
1034 0.00712522 -0.00216063 0.313664
1035 0.00247186 -0.00108527 0.454861
1036 0.00722685 -0.0018234 0.311809
1037 0.00247186 -0.000728682 0.456841
1038 0.0073044 -0.00148063 0.31058
1039 0.00247186 -0.000372093 0.458474
1040 0.00247186 -1.55039e-05 0.459763
1041 0.00735965 -0.00115417 0.30983
1042 0.00247186 0.000341085 0.460712
1043 0.00740434 -0.000831988 0.309167
1044 0.00247186 0.000697674 0.461325
1045 0.00744204 -0.000498705 0.308501
1046 0.00247186 0.00105426 0.461607
1047 0.00745388 -0.000157692 0.308617
1048 0.00247186 0.00141085 0.461562
1049 0.00247186 0.00176744 0.461196
1050 0.0074439 0.000190624 0.30933
1051 0.00247186 0.00212403 0.460515
1052 0.00743471 0.000540418 0.30963
1053 0.00246509 0.00246957 0.459673
1054 0.00740268 0.000887169 0.310559
1055 0.00246453 0.00280958 0.458467
1056 0.00246928 0.00313189 0.456983
1057 0.00734991 0.00121058 0.312096
1058 0.00729011 0.00152872 0.313634
1059 0.00722248 0.00185376 0.315163
1060 0.00712892 0.00218569 0.317438
1061 0.00700991 0.00251489 0.320464
1062 0.00689213 0.00284324 0.32308
1063 0.00675345 0.00316061 0.326311
1064 0.00659956 0.00345209 0.330071
1065 0.00644324 0.00373447 0.333719
1066 0.00628073 0.00401758 0.337321
1067 0.00608057 0.00429975 0.342165
1068 0.00588166 0.00456503 0.34684
1069 0.00324881 0.00346444 0.43961
1070 0.00410009 0.00389449 0.414664
1071 0.0044495 0.00410028 0.402482
1072 0.0053406 0.00472067 0.365603
1073 0.00567047 0.00480966 0.352015
1074 0.00271213 -0.00698739 0.365475
1075 0.00245104 -0.00676629 0.374471
1076 0.00276819 0.00295683 0.452348
1077 0.00363799 0.00345814 0.430307
1078 0.00505133 0.00420139 0.381711
1079 0.0030236 -0.00647905 0.371696
1080 0.00329765 -0.00633712 0.369687
1081 0.00357032 -0.00618558 0.367408
1082 0.00383764 -0.00600739 0.365293
1083 0.00411477 -0.00581828 0.362624
1084 0.00438038 -0.00561485 0.35996
1085 0.00463861 -0.00540709 0.357028
1086 0.00487782 -0.00519479 0.354181
1087 0.00275256 -0.00626786 0.380783
1088 0.00511198 -0.00498634 0.350932
1089 0.00277496 -0.00590766 0.387824
1090 0.00533055 -0.00475037 0.348164
1091 0.00278983 -0.00554929 0.394552
1092 0.00553258 -0.00450023 0.345695
1093 0.00278087 -0.00518605 0.401368
1094 0.00573053 -0.00423743 0.343095
1095 0.00278087 -0.00482946 0.407533
1096 0.00278087 -0.00447287 0.41332
1097 0.00592182 -0.00396257 0.340435
1098 0.00278087 -0.00411628 0.418731
1099 0.00610116 -0.00368234 0.337807
1100 0.00278087 -0.00375969 0.423767
1101 0.00625905 -0.00339887 0.335553
1102 0.00278087 -0.0034031 0.428431
1103 0.00278087 -0.00304651 0.432725
1104 0.00640963 -0.00312747 0.333038
1105 0.00278087 -0.00268992 0.436652
1106 0.00655003 -0.00283971 0.330703
1107 0.00278087 -0.00233333 0.440212
1108 0.00666315 -0.00254044 0.329167
1109 0.00278087 -0.00197674 0.443409
1110 0.00676922 -0.00222671 0.327652
1111 0.00278087 -0.00162016 0.446245
1112 0.00278087 -0.00126357 0.448723
1113 0.00686285 -0.00190662 0.3263
1114 0.00278087 -0.000906977 0.450846
1115 0.00694757 -0.00158054 0.324963
1116 0.00278087 -0.000550388 0.452617
1117 0.00701515 -0.00125635 0.323939
1118 0.00278087 -0.000193798 0.454038
1119 0.00278087 0.000162791 0.455115
1120 0.0070756 -0.000951709 0.322771
1121 0.00278087 0.00051938 0.45585
1122 0.00710943 -0.000635145 0.32244
1123 0.00278087 0.000875969 0.456249
1124 0.00711885 -0.000313364 0.322833
1125 0.00278087 0.00123256 0.456314
1126 0.00712107 1.3583e-05 0.323207
1127 0.00278087 0.00158915 0.456052
1128 0.00278087 0.00194574 0.455468
1129 0.00711506 0.000347339 0.323592
1130 0.00277529 0.00229821 0.454681
1131 0.0070952 0.000682398 0.324217
1132 0.00276192 0.00263411 0.453801
1133 0.00707035 0.000998348 0.324745
1134 0.00701696 0.00131751 0.326168
1135 0.00694188 0.00161736 0.328272
1136 0.0068604 0.00193055 0.330289
1137 0.00676194 0.00224772 0.332672
1138 0.00664928 0.00256234 0.335331
1139 0.00652529 0.00286957 0.338182
1140 0.00638784 0.00316406 0.341367
1141 0.00623933 0.00344156 0.344855
1142 0.00608697 0.00371058 0.348303
1143 0.00592289 0.00397556 0.351991
1144 0.00567925 0.00425089 0.358385
1145 0.00403109 0.00354089 0.419322
1146 0.00533626 0.00438218 0.369662
1147 0.0047695 0.0039582 0.393555
1148 0.00302019 0.00279668 0.448019
1149 0.00311274 0.00313585 0.444495
1150 0.00274033 -0.00662746 0.373202
1151 0.00350092 0.0031295 0.435667
1152 0.00446084 0.00366431 0.405861
1153 0.00303523 -0.00611964 0.379087
1154 0.00349431 -0.00583787 0.376016
1155 0.0037811 -0.00566112 0.373348
1156 0.00404608 -0.00546302 0.371012
1157 0.00429806 -0.00525847 0.368585
1158 0.00454299 -0.00505235 0.365864
1159 0.00477859 -0.00486057 0.362669
1160 0.00502399 -0.00469044 0.358367
1161 0.00312277 -0.00574319 0.385081
1162 0.00517582 -0.00442416 0.358015
1163 0.00310154 -0.00536759 0.392547
1164 0.00537685 -0.00417812 0.355429
1165 0.00308988 -0.00500775 0.399157
1166 0.00556491 -0.00391801 0.353026
1167 0.00310092 -0.00465271 0.40489
1168 0.00309896 -0.00429795 0.410482
1169 0.00574117 -0.00364951 0.350698
1170 0.00308988 -0.00393798 0.415903
1171 0.0059055 -0.00337408 0.348446
1172 0.00308988 -0.0035814 0.420732
1173 0.00604716 -0.00309166 0.346669
1174 0.00308988 -0.00322481 0.425189
1175 0.00308988 -0.00286822 0.429276
1176 0.00623841 -0.00287531 0.34201
1177 0.00308988 -0.00251163 0.432994
1178 0.00630095 -0.00257858 0.342608
1179 0.00308988 -0.00215504 0.436345
1180 0.00641581 -0.00228136 0.34091
1181 0.00308988 -0.00179845 0.439332
1182 0.00651089 -0.00197493 0.339671
1183 0.00308988 -0.00144186 0.441957
1184 0.00308988 -0.00108527 0.444222
1185 0.00659349 -0.00166369 0.338595
1186 0.00308988 -0.000728682 0.446131
1187 0.00666572 -0.00135093 0.337581
1188 0.00308988 -0.000372093 0.447686
1189 0.00673316 -0.00104833 0.336363
1190 0.00308988 -1.55039e-05 0.448891
1191 0.00308988 0.000341085 0.44975
1192 0.00682906 -0.000766878 0.333582
1193 0.00308988 0.000697674 0.450265
1194 0.00678838 -0.0004622 0.336164
1195 0.00308988 0.00105426 0.450442
1196 0.00679032 -0.000149831 0.336725
1197 0.00308988 0.00141085 0.450284
1198 0.00679724 0.000173007 0.33678
1199 0.00308988 0.00176744 0.449796
1200 0.00308744 0.0021306 0.449015
1201 0.00678811 0.000492477 0.337168
1202 0.00307656 0.00248642 0.448104
1203 0.0067593 0.000810176 0.338042
1204 0.00678217 0.0011167 0.336501
1205 0.00667118 0.00139575 0.34028
1206 0.00659164 0.00168448 0.34246
1207 0.00650552 0.00199226 0.344539
1208 0.0064065 0.00229788 0.346844
1209 0.00629053 0.00259929 0.349549
1210 0.00616561 0.00288822 0.352399
1211 0.00603603 0.00316054 0.355284
1212 0.00588315 0.00341657 0.358966
1213 0.00574274 0.00367371 0.361914
1214 0.00562458 0.00393402 0.363769
1215 0.00392036 0.0031374 0.424991
1216 0.00509781 0.00385557 0.383451
1217 0.00431804 0.00327147 0.412981
1218 0.0048686 0.00358866 0.393496
1219 0.0033582 0.00275705 0.440882
1220 0.00343924 -0.00551497 0.383339
1221 0.00371958 -0.00532711 0.380912
1222 0.00396828 -0.00510095 0.379328
1223 0.00419892 -0.0049081 0.377112
1224 0.00448129 -0.00468896 0.373527
1225 0.00330139 -0.0060369 0.375832
1226 0.0055743 0.00454616 0.358929
1227 0.00501661 -0.00413538 0.367008
1228 0.00339889 -0.00518605 0.390139
1229 0.00521528 -0.00385828 0.36487
1230 0.00341869 -0.0048257 0.395947
1231 0.00538639 -0.00360907 0.362789
1232 0.00343263 -0.004487 0.401141
1233 0.00340694 -0.00411677 0.407238
1234 0.00556205 -0.00334518 0.360343
1235 0.00339889 -0.00375969 0.412402
1236 0.00571014 -0.00305873 0.358676
1237 0.00339889 -0.0034031 0.417023
1238 0.000890733 0.00478884 0.466321
1239 0.00339889 -0.00304651 0.421271
1240 0.00339889 -0.00268992 0.425147
1241 0.002749 0.00323384 0.451357
1242 0.00339889 -0.00233333 0.428654
1243 0.00605128 -0.0023572 0.353665
1244 0.00339889 -0.00197674 0.431793
1245 0.0061671 -0.00203694 0.352068
1246 0.00339889 -0.00162016 0.434566
1247 0.00624557 -0.00173384 0.351349
1248 0.00339889 -0.00126357 0.436975
1249 0.00339889 -0.000906977 0.439023
1250 0.00631753 -0.0014293 0.350546
1251 0.00339889 -0.000550388 0.440713
1252 0.00639069 -0.0011123 0.349426
1253 0.00339889 -0.000193798 0.442048
1254 0.00475604 -0.0044512 0.369843
1255 0.00339889 0.000162791 0.443031
1256 0.00339889 0.00051938 0.443665
1257 0.00591326 -0.00273698 0.355071
1258 0.00339889 0.000875969 0.443953
1259 0.00645925 -0.000324177 0.349511
1260 0.00339889 0.00123256 0.443901
1261 0.00646596 1.55524e-05 0.349824
1262 0.00339889 0.00158915 0.443511
1263 0.0064785 0.000322144 0.349547
1264 0.00339792 0.00195296 0.442792
1265 0.00338996 0.00233347 0.441834
1266 0.00646311 0.000665187 0.350045
1267 0.00642837 0.00106763 0.350855
1268 0.00647444 -0.000736341 0.34777
1269 0.00632607 0.00142157 0.353918
1270 0.00625039 0.00174703 0.355683
1271 0.00615265 0.00204784 0.358104
1272 0.00605308 0.002335 0.360377
1273 0.00593887 0.00263335 0.362873
1274 0.00580714 0.00289582 0.366
1275 0.00571274 0.00316427 0.367446
1276 0.00548509 0.00338712 0.373984
1277 0.00541451 0.00372951 0.37347
1278 0.00517308 0.00356419 0.383421
1279 0.00369871 0.00285421 0.432226
1280 0.00469478 0.00330049 0.401321
1281 0.00424215 0.00295008 0.417156
1282 0.00369506 0.00251951 0.433886
1283 0.00367177 -0.00501121 0.387505
1284 0.00381385 -0.00471667 0.389376
1285 0.00417741 -0.00459834 0.382667
1286 0.00438695 -0.00430155 0.382006
1287 0.00467364 -0.00405338 0.377945
1288 0.00491274 -0.00383623 0.374157
1289 0.00500359 -0.00353288 0.37547
1290 0.00525482 -0.00333101 0.370271
1291 0.00372249 -0.00428489 0.398104
1292 0.00371276 -0.00392629 0.403499
1293 0.00535516 -0.00304057 0.370451
1294 0.00370789 -0.0035814 0.40823
1295 0.00552013 -0.00271164 0.368568
1296 0.00370789 -0.00322481 0.41264
1297 0.00370789 -0.00286822 0.416676
1298 0.00370789 -0.00251163 0.42034
1299 0.00568535 -0.00235258 0.366414
1300 0.00370789 -0.00215504 0.423633
1301 0.00585881 -0.00209669 0.362567
1302 0.00370789 -0.00179845 0.426555
1303 0.00589306 -0.00180411 0.363566
1304 0.00370789 -0.00144186 0.42911
1305 0.00596652 -0.00150617 0.362912
1306 0.00370789 -0.00108527 0.431299
1307 0.00370789 -0.000728682 0.433125
1308 0.0060449 -0.00118858 0.36186
1309 0.00370789 -0.000372093 0.434591
1310 0.00611427 -0.000836443 0.360921
1311 0.00370789 -1.55039e-05 0.4357
1312 0.00370789 0.000341085 0.436455
1313 0.00370789 0.000697674 0.436858
1314 0.00614339 -0.000471647 0.36108
1315 0.00370789 0.00105426 0.436913
1316 0.00610929 -0.000117685 0.363141
1317 0.00370789 0.00141085 0.436625
1318 0.00614172 0.000174871 0.362309
1319 0.00370789 0.00176744 0.435996
1320 0.00620548 0.000468799 0.360012
1321 0.0037076 0.00214515 0.43497
1322 0.00612365 0.000772798 0.362947
1323 0.00605576 0.00114968 0.3649
1324 0.00596582 0.00150673 0.367298
1325 0.00594916 0.00181179 0.366803
1326 0.00576547 0.00207632 0.372425
1327 0.00575379 0.00239883 0.371136
1328 0.00558276 0.00264673 0.375853
1329 0.00539829 0.00297418 0.380242
1330 0.0040076 0.00273112 0.424855
1331 0.00456296 0.00296413 0.40765
1332 0.00508202 0.00326325 0.388979
1333 0.00402989 0.002344 0.426015
1334 0.00400781 -0.00435988 0.390452
1335 0.00435287 -0.00389816 0.388634
1336 0.00464238 -0.00367001 0.383987
1337 0.00496187 -0.00310545 0.381752
1338 0.00402527 -0.00373784 0.398907
1339 0.00512605 -0.00272231 0.380886
1340 0.0040177 -0.00339271 0.403496
1341 0.00530789 -0.0023536 0.378711
1342 0.0040169 -0.00304651 0.407585
1343 0.00401989 -0.00269454 0.411286
1344 0.00402271 -0.00234203 0.414634
1345 0.00550907 -0.00197206 0.375397
1346 0.00402773 -0.0019836 0.41761
1347 0.00403185 -0.00162725 0.420217
1348 0.00559847 -0.0016037 0.374995
1349 0.004025 -0.00127055 0.422723
1350 0.00570007 -0.00129365 0.373403
1351 0.0040169 -0.000906977 0.424926
1352 0.0040169 -0.000550388 0.426526
1353 0.00577532 -0.000943368 0.372538
1354 0.0040169 -0.000193798 0.427765
1355 0.0058028 -0.000597821 0.372923
1356 0.0040169 0.000162791 0.428643
1357 0.0040169 0.00051938 0.429163
1358 0.0040169 0.000875969 0.429329
1359 0.00582326 -0.000254576 0.373166
1360 0.0040169 0.00123256 0.429144
1361 0.0040169 0.00158915 0.428611
1362 0.00584667 0.000454522 0.373222
1363 0.00402165 0.00196342 0.42756
1364 0.00576148 0.000868385 0.376041
1365 0.00568495 0.00126856 0.378085
1366 0.00560179 0.00168673 0.379847
1367 0.00544447 0.00231023 0.382635
1368 0.00521162 0.00264007 0.3888
1369 0.00495601 0.00296065 0.395301
1370 0.00438744 0.00257848 0.415043
1371 0.00465405 -0.00335623 0.387585
1372 0.00581215 9.58169e-05 0.374174
1373 0.00535425 0.0020103 0.387149
1374 0.00434326 0.00215009 0.418145
1375 0.00433472 -0.00354686 0.393725
1376 0.00470758 -0.00273702 0.392981
1377 0.00492826 -0.00238091 0.390027
1378 0.00432175 -0.00321694 0.398068
1379 0.0050674 -0.00201096 0.389011
1380 0.00433396 -0.00287174 0.401612
1381 0.00433919 -0.00253846 0.404857
1382 0.0043328 -0.00217543 0.408332
1383 0.00520444 -0.00166661 0.387318
1384 0.00436528 -0.00182445 0.410319
1385 0.00435788 -0.00146044 0.413063
1386 0.0053369 -0.00133929 0.385157
1387 0.00432102 -0.00109007 0.416224
1388 0.00548643 -0.00105487 0.381771
1389 0.00431246 -0.000726486 0.418221
1390 0.00431475 -0.000366139 0.419543
1391 0.00546982 -0.000735195 0.383739
1392 0.00432567 -8.14211e-06 0.420257
1393 0.00549535 -0.000352941 0.38416
1394 0.00433369 0.000346305 0.420672
1395 0.00432591 0.000697674 0.421158
1396 0.00432591 0.00105426 0.421079
1397 0.00432591 0.00141085 0.420643
1398 0.0043249 0.00177297 0.419874
1399 0.00544863 0.000597853 0.387002
1400 0.00540379 0.00099377 0.388234
1401 0.00530923 0.00136494 0.390745
1402 0.00508424 0.00231069 0.394798
1403 0.00481013 0.00262364 0.402001
1404 0.00459596 -0.00305954 0.392591
1405 0.00555785 -5.08475e-05 0.382729
1406 0.00547691 0.000249176 0.3859
1407 0.00518926 0.00172437 0.393716
1408 0.00463525 0.00193972 0.410387
1409 0.00460653 -0.00238117 0.399158
1410 0.00468415 -0.0020626 0.399777
1411 0.00475341 -0.00166758 0.400824
1412 0.00499497 -0.00135337 0.395701
1413 0.00463491 -0.00126357 0.40671
1414 0.0051609 -0.000972839 0.392653
1415 0.00459746 -0.00090236 0.409655
1416 0.00460598 -0.000541739 0.41094
1417 0.00461474 -0.000179565 0.411836
1418 0.00518392 -0.000526925 0.39373
1419 0.00465144 0.000184613 0.411567
1420 0.0046617 0.000516663 0.411622
1421 0.0046408 0.000887142 0.412264
1422 0.00464781 0.00124096 0.411718
1423 0.00462019 0.00158735 0.411854
1424 0.00517682 0.00075688 0.395844
1425 0.00500681 0.00107486 0.401041
1426 0.00468159 0.00228311 0.407656
1427 0.00521276 -5.99131e-05 0.394092
1428 0.00505327 0.000370116 0.39976
1429 0.00494597 0.00144971 0.402273
1430 0.00487246 0.00174383 0.403759
1431 0.00487657 -0.00073027 0.402364
1432 0.00490628 -0.000336799 0.402873
1433 0.00403525 -0.00407141 0.394069
1434 0.00148994 0.00417213 0.465174
1435 0.00534421 0.00406131 0.372783
1436 0.00192304 0.0075966 0.427036
1437 0.00351724 0.00800115 0.383887
1438 0.00133378 0.00710697 0.440829
1439 0.00190165 0.00791748 0.423501
1440 0.00343642 0.00668524 0.40394
1441 0.00372603 0.00688759 0.392673
1442 0.00314546 0.00650481 0.414025
1443 0.00399812 0.00710066 0.380843
1444 0.00283791 0.00634105 0.423415
1445 0.00425772 0.00733682 0.368128
1446 0.00252265 0.00619552 0.431839
1447 0.00451317 0.00757438 0.354506
1448 0.00220509 0.00606478 0.439231
1449 0.00475075 0.00784404 0.339935
1450 0.00187384 0.0059534 0.445743
1451 0.00495511 0.00820987 0.323732
1452 0.00152952 0.00587086 0.451207
1453 0.00118581 0.00580026 0.455591
1454 0.000846452 0.00573662 0.458946
1455 0.00045676 0.00569139 0.461478
1456 0.00463298 0.00848587 0.333852
1457 0.004306 0.00866391 0.345259
1458 0.00398004 0.00881983 0.355893
1459 0.00364184 0.00896478 0.365998
1460 0.000309677 0.00624949 0.456855
1461 0.00332058 0.00908867 0.374698
1462 0.000328974 0.00658308 0.453509
1463 0.00297262 0.00920835 0.38315
1464 0.000329529 0.00693949 0.449826
1465 0.00264312 0.00930828 0.390237
1466 0.000310881 0.00730769 0.44591
1467 0.00228729 0.00940205 0.396917
1468 0.000310881 0.00766667 0.441852
1469 0.00195135 0.00947747 0.402311
1470 0.000310881 0.00802564 0.437639
1471 0.00158958 0.00954482 0.407149
1472 0.000310881 0.00838462 0.433287
1473 0.00121391 0.00959544 0.411196
1474 0.000329952 0.00875586 0.428576
1475 0.000819054 0.0096448 0.414182
1476 0.000310881 0.00910256 0.424178
1477 0.00035876 0.00970888 0.415956
1478 0.000270079 0.00596359 0.45966
1479 0.000266596 0.00938958 0.420528
1480 0.00340073 0.0070558 0.400213
1481 0.00312445 0.00687045 0.410138
1482 0.00366606 0.00726036 0.389488
1483 0.00283893 0.00670358 0.419223
1484 0.00392196 0.00747672 0.378014
1485 0.00254361 0.00655654 0.427455
1486 0.00416753 0.00770291 0.365845
1487 0.00224126 0.00642498 0.434812
1488 0.0043983 0.0079318 0.353253
1489 0.0019333 0.00630846 0.441263
1490 0.00161773 0.00620992 0.4468
1491 0.00127399 0.00615642 0.451352
1492 0.000935963 0.00610489 0.454895
1493 0.000605816 0.00603012 0.457706
1494 0.00432093 0.0083072 0.350329
1495 0.00401742 0.00845025 0.360046
1496 0.00370139 0.00859636 0.369291
1497 0.0033761 0.00872799 0.378078
1498 0.000653345 0.00637226 0.454194
1499 0.00304418 0.00885075 0.386141
1500 0.000668951 0.00673824 0.450411
1501 0.00271881 0.00895636 0.393228
1502 0.000654568 0.00711083 0.446539
1503 0.00238497 0.00905067 0.399645
1504 0.000638432 0.00747917 0.442545
1505 0.00205219 0.00914073 0.405072
1506 0.000621126 0.00784615 0.438404
1507 0.00171283 0.00920157 0.409972
1508 0.000621126 0.00820513 0.4341
1509 0.00134382 0.00926119 0.414226
1510 0.000626417 0.00857233 0.42952
1511 0.000958489 0.0093004 0.417686
1512 0.000694686 0.00897267 0.424024
1513 0.000588808 0.00936126 0.419492
1514 0.00334958 0.0074193 0.396907
1515 0.00309177 0.00722576 0.406543
1516 0.00282525 0.00705692 0.415319
1517 0.00359509 0.0076316 0.386593
1518 0.00254877 0.00691005 0.423298
1519 0.00384004 0.00785224 0.375362
1520 0.0022652 0.00677679 0.430501
1521 0.00408239 0.00807699 0.363287
1522 0.00197291 0.00665781 0.436928
1523 0.00168088 0.0065553 0.442408
1524 0.00139145 0.00644737 0.447156
1525 0.00103401 0.00650259 0.450215
1526 0.00376243 0.00822709 0.372567
1527 0.00343837 0.00837013 0.381179
1528 0.00311088 0.00849545 0.389174
1529 0.00278844 0.0086035 0.396288
1530 0.00100061 0.00691526 0.446189
1531 0.00246342 0.00870474 0.402588
1532 0.000978445 0.00728825 0.442301
1533 0.00213849 0.00879978 0.408006
1534 0.000951194 0.00766036 0.438287
1535 0.00181111 0.00888471 0.412641
1536 0.000931372 0.00802564 0.434125
1537 0.00146368 0.00893508 0.41703
1538 0.00093896 0.00838348 0.429673
1539 0.00110898 0.0089782 0.420543
1540 0.000925005 0.00870331 0.42573
1541 0.00327525 0.00778153 0.394206
1542 0.00304545 0.00757431 0.403281
1543 0.00279669 0.00739914 0.411772
1544 0.00253732 0.00725974 0.419387
1545 0.00227046 0.00712199 0.426447
1546 0.00196767 0.00701183 0.433093
1547 0.00166504 0.00690043 0.438933
1548 0.00134802 0.00676022 0.444419
1549 0.00318939 0.00813981 0.391816
1550 0.00285287 0.00824602 0.399459
1551 0.00251995 0.00834997 0.406031
1552 0.0046157 0.00815515 0.340338
1553 0.00219759 0.00845907 0.411337
1554 0.00128894 0.00747727 0.437153
1555 0.0018851 0.0085471 0.415825
1556 0.00126134 0.00785032 0.433072
1557 0.00159795 0.00866133 0.418741
1558 0.00125224 0.00821122 0.428784
1559 0.00125993 0.00860506 0.42377
1560 0.002949 0.00791754 0.401339
1561 0.00277238 0.00770133 0.408511
1562 0.002516 0.00761123 0.415536
1563 0.00226284 0.00747063 0.422461
1564 0.0020206 0.00731784 0.428671
1565 0.00165797 0.00729214 0.434666
1566 0.0025797 0.00797241 0.409612
1567 0.00222233 0.00812978 0.415093
1568 0.00188864 0.00823704 0.419731
1569 0.001601 0.00769714 0.430706
1570 0.00156164 0.00835278 0.423206
1571 0.0015728 0.00803991 0.426949
1572 0.00223129 0.00779532 0.419114
1573 0.00182803 0.0164144 0.286131
1574 0.00377749 0.0125518 0.30983
1575 0.00118955 0.0171873 0.27626
1576 0.00407944 0.0115454 0.313146
1577 0.00469729 0.0162457 0.217262
1578 0.00491397 0.0159935 0.213959
1579 0.00512044 0.0157208 0.210804
1580 0.00444988 0.016505 0.220868
1581 0.00531535 0.0154324 0.207766
1582 0.00420904 0.0167321 0.22421
1583 0.00549566 0.015148 0.204681
1584 0.00394772 0.0169496 0.227733
1585 0.00565703 0.0148454 0.202134
1586 0.00367083 0.0171565 0.231222
1587 0.00579914 0.014537 0.199997
1588 0.00339678 0.0173464 0.234287
1589 0.00592831 0.0142182 0.198088
1590 0.00310215 0.0175205 0.237493
1591 0.00604246 0.013896 0.196442
1592 0.00279909 0.017677 0.240529
1593 0.00613256 0.0135769 0.195481
1594 0.00248505 0.017819 0.243342
1595 0.00621184 0.0132273 0.194936
1596 0.00216846 0.0179475 0.245717
1597 0.00627061 0.0128989 0.194825
1598 0.0018394 0.0180518 0.248057
1599 0.00630533 0.0125609 0.195697
1600 0.00151052 0.0181492 0.249737
1601 0.00632583 0.0122182 0.197029
1602 0.00118352 0.0182324 0.250932
1603 0.00633094 0.0118772 0.198888
1604 0.000833649 0.0182784 0.252428
1605 0.00631689 0.0115353 0.201576
1606 0.000461157 0.0183044 0.253655
1607 0.00627943 0.0112039 0.205383
1608 0.00622557 0.010863 0.210108
1609 0.00615759 0.0105283 0.215672
1610 0.00607376 0.0102094 0.222337
1611 0.000313805 0.0177389 0.268301
1612 0.00596222 0.00986875 0.23134
1613 0.000312731 0.0174028 0.276421
1614 0.00584692 0.00954801 0.241282
1615 0.000312731 0.0170417 0.284903
1616 0.00567974 0.00923515 0.256456
1617 0.000312731 0.0166806 0.29315
1618 0.00549523 0.00890749 0.275146
1619 0.000312731 0.0163194 0.301166
1620 0.000312731 0.0159583 0.308958
1621 0.000312731 0.0155972 0.316534
1622 0.000312731 0.0152361 0.323902
1623 0.00490792 0.0090801 0.310045
1624 0.000312731 0.014875 0.331071
1625 0.00458478 0.00923845 0.323736
1626 0.000312731 0.0145139 0.338049
1627 0.00423116 0.00940567 0.337032
1628 0.000312731 0.0141528 0.344843
1629 0.00389288 0.00955064 0.348429
1630 0.000312731 0.0137917 0.351463
1631 0.00352792 0.00969139 0.359425
1632 0.000312731 0.0134306 0.357915
1633 0.0031799 0.00981109 0.368732
1634 0.000312731 0.0130694 0.364207
1635 0.00280556 0.00992463 0.377543
1636 0.000312731 0.0127083 0.370346
1637 0.00244969 0.0100184 0.38481
1638 0.000312731 0.0123472 0.37634
1639 0.00206801 0.0101041 0.391456
1640 0.000312731 0.0119861 0.382193
1641 0.00170621 0.0101714 0.396678
1642 0.000312731 0.011625 0.387913
1643 0.00131759 0.0102376 0.401051
1644 0.000312731 0.0112639 0.393509
1645 0.000927422 0.0102879 0.404302
1646 0.000336029 0.0108885 0.399098
1647 0.000560311 0.0102821 0.406934
1648 0.000305144 0.0105398 0.404355
1649 0.00025257 0.0102432 0.408777
1650 0.000284245 0.0180351 0.261051
1651 0.00516592 0.00890864 0.298413
1652 0.00456867 0.015918 0.227933
1653 0.00434929 0.0161614 0.230918
1654 0.00476963 0.0156663 0.225183
1655 0.00495911 0.0153989 0.222581
1656 0.00411802 0.016391 0.23396
1657 0.00514053 0.0151254 0.21985
1658 0.00387747 0.0166029 0.237034
1659 0.00530163 0.0148452 0.217534
1660 0.00362173 0.0168023 0.240182
1661 0.00544654 0.0145573 0.215532
1662 0.00335903 0.0169932 0.243046
1663 0.00557564 0.0142577 0.213923
1664 0.00309074 0.0171642 0.245826
1665 0.00569088 0.0139566 0.21252
1666 0.00280468 0.0173232 0.248603
1667 0.00578892 0.0136507 0.211558
1668 0.00250729 0.0174644 0.2513
1669 0.0058699 0.0133335 0.21115
1670 0.00220935 0.01759 0.253635
1671 0.00593235 0.0130139 0.21131
1672 0.001905 0.0177058 0.255574
1673 0.00597811 0.0126953 0.211977
1674 0.00157536 0.0177981 0.257654
1675 0.00600433 0.0123735 0.213393
1676 0.00126331 0.017881 0.258965
1677 0.00601602 0.0120459 0.215369
1678 0.000976153 0.0180021 0.258383
1679 0.0060111 0.0117191 0.218031
1680 0.000646786 0.0179424 0.261965
1681 0.0059878 0.0114017 0.221502
1682 0.00594359 0.0110774 0.226154
1683 0.00588461 0.0107571 0.231691
1684 0.00580939 0.0104452 0.238331
1685 0.00571477 0.0101281 0.24657
1686 0.00062747 0.0175649 0.271296
1687 0.00559785 0.00981514 0.256839
1688 0.000623061 0.0172073 0.279824
1689 0.00552049 0.00951389 0.265067
1690 0.000624724 0.0168559 0.287939
1691 0.00527913 0.009274 0.284906
1692 0.000624084 0.0165 0.295942
1693 0.000624084 0.0161389 0.303832
1694 0.000624084 0.0157778 0.311501
1695 0.000624084 0.0154167 0.318958
1696 0.000624084 0.0150556 0.326212
1697 0.00489718 0.00944341 0.304778
1698 0.000624084 0.0146944 0.333271
1699 0.00454512 0.00961565 0.319908
1700 0.000624084 0.0143333 0.340143
1701 0.00418608 0.00976761 0.333624
1702 0.000624084 0.0139722 0.346836
1703 0.00382482 0.00992028 0.345654
1704 0.000624084 0.0136111 0.353358
1705 0.00345633 0.010049 0.356695
1706 0.000624084 0.01325 0.359717
1707 0.00308374 0.0101731 0.366392
1708 0.000624084 0.0128889 0.36592
1709 0.00270787 0.010276 0.375027
1710 0.000624084 0.0125278 0.371975
1711 0.00232987 0.0103781 0.382296
1712 0.000624084 0.0121667 0.377889
1713 0.00194474 0.0104474 0.388797
1714 0.000624084 0.0118056 0.383663
1715 0.00155513 0.010527 0.393807
1716 0.000618506 0.0114423 0.389369
1717 0.00115192 0.0105959 0.397759
1718 0.000644896 0.011073 0.394866
1719 0.000708091 0.0106614 0.400616
1720 0.00442284 0.0155982 0.238847
1721 0.00423711 0.0158338 0.240825
1722 0.0040193 0.0160637 0.243457
1723 0.00461034 0.0153516 0.236511
1724 0.00478906 0.0150926 0.234206
1725 0.00379225 0.0162606 0.246463
1726 0.00494939 0.0148241 0.232277
1727 0.00355835 0.0164572 0.249112
1728 0.0050914 0.0145617 0.230543
1729 0.00331176 0.0166447 0.251712
1730 0.00522566 0.0142841 0.228937
1731 0.00305219 0.0168143 0.254409
1732 0.00533924 0.0139961 0.227961
1733 0.00279464 0.0169697 0.256754
1734 0.00544271 0.01371 0.227034
1735 0.00251962 0.0171155 0.259058
1736 0.00553512 0.0134205 0.226296
1737 0.00222826 0.0172365 0.261559
1738 0.00560664 0.0131112 0.226411
1739 0.00193602 0.0173425 0.263726
1740 0.00564559 0.012813 0.227716
1741 0.00165243 0.0174909 0.264077
1742 0.00568028 0.0125091 0.229042
1743 0.00130451 0.0175016 0.26778
1744 0.00569955 0.0121991 0.230986
1745 0.000956928 0.0176804 0.266468
1746 0.00569668 0.0118884 0.233923
1747 0.00568593 0.0115875 0.237081
1748 0.00565699 0.0112807 0.241225
1749 0.0056071 0.0109745 0.246571
1750 0.00553801 0.0106749 0.253109
1751 0.00545856 0.010373 0.260536
1752 0.00537124 0.0100607 0.268919
1753 0.00521846 0.00969769 0.282642
1754 0.000933672 0.0170132 0.282425
1755 0.000945593 0.0166789 0.289932
1756 0.000941237 0.0163225 0.297842
1757 0.000935436 0.0159583 0.305708
1758 0.000935436 0.0155972 0.313248
1759 0.000935436 0.0152361 0.320582
1760 0.000935436 0.014875 0.327715
1761 0.00483329 0.00981505 0.30276
1762 0.000935436 0.0145139 0.334658
1763 0.00448517 0.00998691 0.317358
1764 0.000935436 0.0141528 0.341417
1765 0.00412484 0.0101492 0.330701
1766 0.000935436 0.0137917 0.348002
1767 0.00374988 0.0102937 0.343081
1768 0.000935436 0.0134306 0.354421
1769 0.00336746 0.0104249 0.354198
1770 0.000935436 0.0130694 0.360682
1771 0.00298106 0.0105429 0.363994
1772 0.000935436 0.0127083 0.366791
1773 0.00259153 0.0106463 0.372524
1774 0.000935436 0.0123472 0.372758
1775 0.002205 0.0107329 0.379737
1776 0.00094181 0.0119725 0.378749
1777 0.00181156 0.0108142 0.385718
1778 0.000944672 0.0116019 0.384559
1779 0.00141206 0.0109049 0.390183
1780 0.000896332 0.0112786 0.389928
1781 0.001016 0.010964 0.393659
1782 0.000931353 0.0173656 0.274216
1783 0.00426075 0.0152835 0.250006
1784 0.0040835 0.0155129 0.251772
1785 0.00393952 0.0157683 0.251544
1786 0.00369044 0.0159241 0.256049
1787 0.00444665 0.0150515 0.247525
1788 0.00460534 0.0147916 0.246031
1789 0.00347109 0.0161179 0.25836
1790 0.00474173 0.0145416 0.244825
1791 0.00324948 0.0163076 0.260302
1792 0.00487637 0.0142912 0.243318
1793 0.00300656 0.0164663 0.262894
1794 0.00499535 0.0140204 0.242359
1795 0.00276015 0.0166188 0.265141
1796 0.00508595 0.0137414 0.2424
1797 0.00251234 0.0167666 0.266957
1798 0.00518389 0.013465 0.24176
1799 0.00224597 0.0169019 0.268831
1800 0.00531625 0.0132082 0.238958
1801 0.00193662 0.0169909 0.271806
1802 0.0053087 0.0129135 0.242821
1803 0.00248699 0.0153346 0.297065
1804 0.00534939 0.0126235 0.244193
1805 0.00156105 0.0171484 0.273269
1806 0.00538486 0.0123332 0.245592
1807 0.00538053 0.0120411 0.248848
1808 0.00536816 0.0117502 0.252422
1809 0.00536035 0.011464 0.255674
1810 0.00532448 0.0111728 0.260441
1811 0.00526391 0.0108931 0.266523
1812 0.00517758 0.0106032 0.274315
1813 0.00510667 0.0103117 0.281505
1814 0.00506976 0.0100192 0.287067
1815 0.00127103 0.0168752 0.282674
1816 0.00126841 0.0165136 0.29079
1817 0.00124472 0.016141 0.299115
1818 0.00124679 0.0157778 0.306757
1819 0.00124679 0.0154167 0.314164
1820 0.00124679 0.0150556 0.321366
1821 0.00124679 0.0146944 0.328372
1822 0.0047811 0.0101839 0.300363
1823 0.00124679 0.0143333 0.335192
1824 0.00443759 0.0103691 0.31423
1825 0.00124679 0.0139722 0.341832
1826 0.0040595 0.0105307 0.327989
1827 0.00124679 0.0136111 0.348304
1828 0.00366977 0.0106709 0.340584
1829 0.00124679 0.01325 0.354614
1830 0.00327505 0.0107986 0.351725
1831 0.00124679 0.0128889 0.36077
1832 0.0028772 0.0109149 0.361418
1833 0.00124679 0.0125278 0.366782
1834 0.00247541 0.0110197 0.369755
1835 0.00125092 0.0121546 0.372804
1836 0.00207333 0.0110941 0.376967
1837 0.00126197 0.0117631 0.378898
1838 0.00167862 0.0111932 0.38217
1839 0.00125784 0.0113196 0.385829
1840 0.00390204 0.0152213 0.262814
1841 0.00410264 0.0149686 0.260788
1842 0.00367931 0.0155183 0.264152
1843 0.00338064 0.0157638 0.267791
1844 0.00430521 0.0147789 0.25706
1845 0.00439433 0.0145119 0.258304
1846 0.00320366 0.0159976 0.267713
1847 0.00452699 0.0142664 0.257284
1848 0.00295069 0.0161215 0.271339
1849 0.00469644 0.0140537 0.253954
1850 0.0027167 0.0162747 0.273359
1851 0.00473003 0.0137835 0.256582
1852 0.00247451 0.016418 0.27523
1853 0.0048349 0.0134778 0.256571
1854 0.00227017 0.0166017 0.275004
1855 0.00496679 0.0131285 0.255624
1856 0.00200313 0.0166502 0.278394
1857 0.00163257 0.0167104 0.282321
1858 0.00499564 0.0127395 0.259204
1859 0.00509733 0.0124599 0.257903
1860 0.00506738 0.0121835 0.262528
1861 0.00505255 0.0119032 0.266418
1862 0.0050344 0.0116144 0.27055
1863 0.00507515 0.011347 0.271503
1864 0.00497012 0.0110972 0.279584
1865 0.00495168 0.0108233 0.283666
1866 0.00478137 0.0105709 0.2954
1867 0.00154621 0.0163182 0.291965
1868 0.00154538 0.0159495 0.299834
1869 0.00155814 0.0155972 0.306965
1870 0.00155814 0.0152361 0.314228
1871 0.00155814 0.014875 0.321291
1872 0.00155814 0.0145139 0.328162
1873 0.00155814 0.0141528 0.334851
1874 0.00438831 0.0107618 0.311138
1875 0.00155814 0.0137917 0.341366
1876 0.00398396 0.010923 0.325503
1877 0.00155814 0.0134306 0.347717
1878 0.00357658 0.0110549 0.33833
1879 0.00155814 0.0130694 0.353913
1880 0.0031731 0.0111821 0.349232
1881 0.00155814 0.0127083 0.359962
1882 0.00276447 0.0112906 0.358811
1883 0.00155814 0.0123472 0.365871
1884 0.00235949 0.0113826 0.366895
1885 0.001567 0.0119738 0.371725
1886 0.00197019 0.0114645 0.37326
1887 0.0015992 0.0115808 0.377418
1888 0.00376468 0.0148802 0.273115
1889 0.00353747 0.0151458 0.275098
1890 0.00400076 0.0145882 0.270656
1891 0.003263 0.0154174 0.27757
1892 0.00298338 0.0157195 0.278691
1893 0.00417343 0.0142399 0.270482
1894 0.00437865 0.0139173 0.268177
1895 0.00241544 0.0161183 0.282671
1896 0.00213024 0.0163101 0.283731
1897 0.0045761 0.0132163 0.27074
1898 0.00465518 0.0128429 0.27256
1899 0.00472297 0.0124152 0.275262
1900 0.00469563 0.0117815 0.284385
1901 0.00471236 0.0113869 0.288514
1902 0.00465988 0.0109483 0.296378
1903 0.00185644 0.0157586 0.299587
1904 0.00187534 0.0154052 0.306456
1905 0.00186949 0.0150556 0.313425
1906 0.00186949 0.0146944 0.320339
1907 0.00186949 0.0143333 0.327066
1908 0.00186949 0.0139722 0.333616
1909 0.00430587 0.0112045 0.30876
1910 0.00186949 0.0136111 0.339998
1911 0.00388086 0.0113047 0.324067
1912 0.00186949 0.01325 0.346223
1913 0.00346577 0.0114499 0.336308
1914 0.00186949 0.0128889 0.3523
1915 0.00305455 0.0115683 0.346955
1916 0.00186949 0.0125278 0.358237
1917 0.00264056 0.0116778 0.356052
1918 0.00186444 0.0121818 0.363884
1919 0.00225884 0.0117389 0.363564
1920 0.00188823 0.0118237 0.369139
1921 0.00268451 0.0159396 0.280952
1922 0.00447584 0.0135544 0.269879
1923 0.00477496 0.0120784 0.277148
1924 0.00361046 0.0145437 0.283644
1925 0.00341952 0.0148068 0.284529
1926 0.00316186 0.0150595 0.286869
1927 0.00379998 0.0142445 0.282856
1928 0.00284258 0.0152962 0.290209
1929 0.00397663 0.0139284 0.282194
1930 0.00212436 0.0159265 0.291868
1931 0.0043193 0.0129484 0.284518
1932 0.00436929 0.0125563 0.288024
1933 0.00438283 0.0116438 0.299677
1934 0.0022095 0.0155707 0.297686
1935 0.00218995 0.01521 0.305136
1936 0.00219001 0.0148695 0.311676
1937 0.00218084 0.0145139 0.318491
1938 0.00218084 0.0141528 0.325065
1939 0.00218084 0.0137917 0.331468
1940 0.00218084 0.0134306 0.337708
1941 0.00374323 0.0117063 0.323266
1942 0.00218084 0.0130694 0.343799
1943 0.00335015 0.0118517 0.334064
1944 0.00218352 0.0127021 0.349805
1945 0.00293232 0.0119566 0.344468
1946 0.00218619 0.0123434 0.35553
1947 0.002504 0.0120832 0.353024
1948 0.00214171 0.012036 0.361228
1949 0.00260477 0.0156061 0.289349
1950 0.00411936 0.0136055 0.282269
1951 0.00422663 0.0133013 0.282945
1952 0.0044194 0.0120995 0.29216
1953 0.00342878 0.0142132 0.294615
1954 0.00323868 0.0144837 0.295231
1955 0.00309963 0.0147463 0.294156
1956 0.00282805 0.0148923 0.298123
1957 0.00361056 0.0139372 0.293818
1958 0.00402972 0.0127408 0.298281
1959 0.00252863 0.0150436 0.301833
1960 0.00251411 0.0146905 0.308756
1961 0.00249114 0.0143367 0.315685
1962 0.00249125 0.0139713 0.322179
1963 0.00250671 0.0136173 0.327968
1964 0.0024922 0.01325 0.334471
1965 0.00366162 0.0121654 0.31948
1966 0.00248619 0.0128861 0.340601
1967 0.00323314 0.012247 0.331662
1968 0.00250154 0.0124989 0.346508
1969 0.00284534 0.0123472 0.340709
1970 0.00239737 0.015827 0.288988
1971 0.00375791 0.0136232 0.294216
1972 0.00402195 0.0130532 0.293962
1973 0.0040561 0.0123352 0.303101
1974 0.00405999 0.011922 0.308739
1975 0.00386837 0.0133215 0.295268
1976 0.0032515 0.0139009 0.304876
1977 0.00306567 0.0141577 0.305448
1978 0.00285145 0.0144966 0.304816
1979 0.00274869 0.0141546 0.313238
1980 0.00285567 0.01382 0.316547
1981 0.00281488 0.0134313 0.324051
1982 0.00278163 0.0130841 0.330558
1983 0.00345844 0.0125699 0.319932
1984 0.00279106 0.0127245 0.336122
1985 0.00312299 0.0126223 0.329009
1986 0.00344875 0.0136644 0.303102
1987 0.00368226 0.0129537 0.307042
1988 0.00348967 0.0133268 0.30733
1989 0.00316056 0.0135448 0.313266
1990 0.00311013 0.0132367 0.31965
1991 0.00303249 0.0129358 0.32652
1992 0.00332838 0.0129405 0.318169
1993 0.00182975 0.0161084 0.292679
