1 1.53081e-18 -0.025 0.31295
2 1.02054e-18 0.0133333 0.751287
3 1.53081e-18 0.025 0.639756
4 1.02054e-18 0.0466667 0.246257
5 0.0146855 0.0378813 0.159916
6 0.0239236 -0.00725686 0.159608
7 0.0138888 0.020787 0.343229
8 0 0.0123984 0.757093
9 0 0.0114634 0.762542
10 0 0.0105285 0.767355
11 0 0.0095935 0.77148
12 0 0.00865854 0.774939
13 0 0.00772358 0.777745
14 0 0.00678862 0.779865
15 0 0.00585366 0.78127
16 0 0.0049187 0.781935
17 0 0.00398374 0.781834
18 0 0.00304878 0.780945
19 0 0.00211382 0.779247
20 0 0.00117886 0.776718
21 0 0.000243902 0.77334
22 0 -0.000691057 0.769095
23 0 -0.00162602 0.763965
24 0 -0.00256098 0.757935
25 0 -0.00349593 0.750988
26 0 -0.00443089 0.743111
27 0 -0.00536585 0.734291
28 0 -0.00630081 0.724513
29 0 -0.00723577 0.713767
30 0 -0.00817073 0.702041
31 0 -0.00910569 0.689323
32 0 -0.0100407 0.675604
33 0 -0.0109756 0.660873
34 0 -0.0119106 0.645122
35 0 -0.0128455 0.628342
36 0 -0.0137805 0.610524
37 0 -0.0147154 0.59166
38 0 -0.0156504 0.571742
39 0 -0.0165854 0.550762
40 0 -0.0175203 0.528714
41 0 -0.0184553 0.50559
42 0 -0.0193902 0.481384
43 0 -0.0203252 0.456093
44 0 -0.0212602 0.429716
45 0 -0.0221951 0.402215
46 0 -0.0231301 0.373608
47 0 -0.024065 0.34416
48 0.0241791 -0.00635377 0.156381
49 0.0244005 -0.00544204 0.153581
50 0.0245875 -0.00452251 0.151201
51 0.02474 -0.00359643 0.149265
52 0.0248575 -0.00266553 0.147787
53 0.02494 -0.00173091 0.146789
54 0.0249874 -0.000793568 0.14626
55 0.0249996 0.000144795 0.146205
56 0.0249765 0.00108272 0.146645
57 0.0249183 0.00201935 0.147582
58 0.024825 0.00295324 0.148996
59 0.0246967 0.00388268 0.150887
60 0.0245336 0.00480669 0.153267
61 0.0243359 0.00572417 0.156124
62 0.0241039 0.00663341 0.159445
63 0.023838 0.00753317 0.163217
64 0.0235385 0.00842262 0.16745
65 0.0232057 0.00930021 0.172125
66 0.0228404 0.0101644 0.177236
67 0.0224429 0.0110144 0.182771
68 0.0220137 0.011849 0.18874
69 0.0215535 0.0126667 0.19514
70 0.021063 0.0134666 0.201984
71 0.0205427 0.0142477 0.209288
72 0.0199935 0.0150086 0.217093
73 0.0194163 0.0157483 0.225456
74 0.0188116 0.0164659 0.23447
75 0.0181803 0.0171604 0.244293
76 0.0175235 0.0178305 0.255171
77 0.0168421 0.0184755 0.267552
78 0.0161368 0.0190946 0.282396
79 0.0154088 0.0196868 0.302329
80 0.0146593 0.0202511 0.334022
81 0.0133639 0.0200409 0.391469
82 0.0127995 0.0193252 0.43209
83 0.0121962 0.0186408 0.46929
84 0.0115564 0.0179905 0.504109
85 0.0108826 0.0173767 0.536677
86 0.0101756 0.0168002 0.567114
87 0.00943809 0.0162632 0.595384
88 0.00867298 0.0157677 0.621434
89 0.00788126 0.0153145 0.645262
90 0.00706592 0.0149053 0.666788
91 0.00623012 0.0145416 0.685931
92 0.00537497 0.0142238 0.702681
93 0.00450371 0.0139534 0.716978
94 0.00361971 0.0137311 0.728754
95 0.00272412 0.0135575 0.738011
96 0.00182037 0.013433 0.744754
97 0.000911932 0.0133583 0.749011
98 0.000938378 -0.0249824 0.311976
99 0.00187511 -0.0249296 0.311087
100 0.00280934 -0.0248417 0.309829
101 0.0037398 -0.0247187 0.308147
102 0.00466474 -0.0245609 0.306035
103 0.00558306 -0.0243686 0.303493
104 0.0064938 -0.0241419 0.300536
105 0.0073953 -0.0238812 0.297186
106 0.00828616 -0.0235869 0.293447
107 0.00916556 -0.0232592 0.289339
108 0.0100321 -0.0228988 0.2849
109 0.0108843 -0.0225063 0.280148
110 0.0117212 -0.022082 0.275101
111 0.0125418 -0.0216265 0.269791
112 0.0133445 -0.0211406 0.264255
113 0.0141284 -0.020625 0.25852
114 0.0148926 -0.0200801 0.252612
115 0.0156358 -0.019507 0.246569
116 0.0163567 -0.0189065 0.240434
117 0.0170547 -0.0182794 0.234231
118 0.0177288 -0.0176264 0.227994
119 0.0183778 -0.0169487 0.221759
120 0.0190008 -0.0162471 0.215575
121 0.0195973 -0.0155225 0.209464
122 0.020166 -0.014776 0.203451
123 0.0207062 -0.014009 0.197586
124 0.0212174 -0.013222 0.191905
125 0.0216988 -0.0124163 0.186434
126 0.0221494 -0.0115933 0.181193
127 0.0225688 -0.010754 0.176226
128 0.0229566 -0.00989928 0.171559
129 0.0233119 -0.0090308 0.167223
130 0.0236343 -0.00814972 0.163229
131 0 0.0240278 0.651327
132 0 0.0230556 0.662421
133 0 0.0220833 0.673182
134 0 0.0211111 0.683567
135 0 0.0201389 0.693579
136 0 0.0191667 0.703191
137 0 0.0181944 0.712382
138 0 0.0172222 0.721129
139 0 0.01625 0.729411
140 0 0.0152778 0.737253
141 0 0.0143056 0.744898
142 0.0131143 0.0212841 0.382775
143 0.012322 0.0217524 0.415727
144 0.0115131 0.0221912 0.447032
145 0.0106885 0.0225999 0.475824
146 0.00984946 0.022978 0.502045
147 0.00899706 0.0233249 0.525813
148 0.00813247 0.0236403 0.5472
149 0.00725686 0.0239236 0.566293
150 0.00637142 0.0241745 0.583087
151 0.00547734 0.0243926 0.597657
152 0.00457583 0.0245777 0.609994
153 0.00366813 0.0247294 0.620115
154 0.00275546 0.0248477 0.628021
155 0.00183905 0.0249323 0.633785
156 0.000920147 0.0249831 0.63758
157 0.0142146 0.0387019 0.165056
158 0.0136985 0.0394937 0.170575
159 0.0131377 0.0402557 0.176404
160 0.0125349 0.0409842 0.182448
161 0.011892 0.0416773 0.18862
162 0.0112102 0.0423333 0.194834
163 0.010493 0.0429489 0.200999
164 0.00974154 0.0435233 0.207033
165 0.00895849 0.0440543 0.212858
166 0.00814741 0.0445395 0.218387
167 0.00730926 0.0449784 0.223558
168 0.00644783 0.0453689 0.228294
169 0.00556616 0.0457097 0.232539
170 0.00466577 0.0460003 0.236237
171 0.00375105 0.0462391 0.239351
172 0.00282407 0.0464257 0.241853
173 0.00188748 0.0465594 0.243705
174 0.00094572 0.0466398 0.244999
175 0.0143892 0.02159 0.277036
176 0.0148428 0.0224192 0.237272
177 0.0152491 0.0232736 0.211532
178 0.015606 0.0241493 0.193165
179 0.0159126 0.0250435 0.17915
180 0.0161682 0.0259545 0.168275
181 0.0163716 0.0268776 0.159802
182 0.0165223 0.0278113 0.15329
183 0.0166199 0.0287523 0.148418
184 0.0166639 0.0296965 0.145
185 0.0166543 0.0306425 0.142862
186 0.016591 0.0315862 0.141886
187 0.0164744 0.0325242 0.141973
188 0.0163046 0.033455 0.143028
189 0.0160825 0.0343739 0.14496
190 0.0158086 0.0352789 0.147698
191 0.0154836 0.0361674 0.151158
192 0.015109 0.0370353 0.155252
193 0 0.0457246 0.271045
194 0 0.0447826 0.29432
195 0 0.0438406 0.31711
196 0 0.0428986 0.339147
197 0 0.0419565 0.36039
198 0 0.0410145 0.380866
199 0 0.0400725 0.400627
200 0 0.0391304 0.419695
201 0 0.0381884 0.438095
202 0 0.0372464 0.45585
203 0 0.0363043 0.472988
204 0 0.0353623 0.489535
205 0 0.0344203 0.505517
206 0 0.0334783 0.520962
207 0 0.0325362 0.535895
208 0 0.0315942 0.550343
209 0 0.0306522 0.56433
210 0 0.0297101 0.577883
211 0 0.0287681 0.591023
212 0 0.0278261 0.603773
213 0 0.0268841 0.616107
214 0 0.025942 0.628169
215 0.00857134 -0.0135015 0.543611
216 0.00862621 -0.0143171 0.526867
217 0.00716245 -0.016066 0.512108
218 0.00409893 0.00996208 0.746585
219 0.0034849 0.0105347 0.749936
220 0.00493835 -0.0236117 0.334273
221 0.00403531 -0.0237883 0.336291
222 0.00311366 -0.0239062 0.338755
223 0.00584821 -0.0233899 0.332032
224 0.00217572 -0.0240019 0.340427
225 0.00675806 -0.0231678 0.328188
226 0.0011753 -0.0240855 0.341069
227 0.00758859 -0.0229126 0.324893
228 0.00840795 -0.0226196 0.321548
229 0.00927106 -0.022256 0.318181
230 0.010134 -0.0218923 0.313248
231 0.000801016 -0.0226325 0.387664
232 0.0109255 -0.0215186 0.308502
233 0.000841589 -0.021742 0.414288
234 0.0117127 -0.0210952 0.303902
235 0.000809699 -0.0207927 0.441704
236 0.0124876 -0.0206262 0.299451
237 0.000809699 -0.0198577 0.467541
238 0.0132818 -0.02013 0.293835
239 0.000809699 -0.0189228 0.492291
240 0.0140199 -0.0196471 0.287837
241 0.000809699 -0.0179878 0.515955
242 0.0147397 -0.0191092 0.282427
243 0.000809699 -0.0170528 0.538539
244 0.0154269 -0.0185366 0.277467
245 0.000809699 -0.0161179 0.560049
246 0.0161323 -0.0179206 0.271677
247 0.000809699 -0.0151829 0.580494
248 0.016799 -0.0173172 0.265375
249 0.000809699 -0.014248 0.599881
250 0.0174379 -0.0166835 0.259342
251 0.000809699 -0.013313 0.618218
252 0.0180241 -0.016033 0.254155
253 0.000809699 -0.012378 0.635512
254 0.0186227 -0.0153128 0.248762
255 0.000809699 -0.0114431 0.651773
256 0.0192212 -0.0145924 0.242007
257 0.000809699 -0.0105081 0.667008
258 0.0197386 -0.0138928 0.236513
259 0.000809699 -0.00957317 0.681227
260 0.0202215 -0.0131704 0.231573
261 0.000809699 -0.00863821 0.694438
262 0.0206981 -0.0123642 0.227138
263 0.000809699 -0.00770325 0.706653
264 0.0211745 -0.0115579 0.221415
265 0.000809699 -0.00676829 0.717881
266 0.0215886 -0.0107862 0.216427
267 0.000809699 -0.00583333 0.728134
268 0.0219693 -0.00997656 0.212208
269 0.000809699 -0.00489837 0.737424
270 0.0223125 -0.00913739 0.208776
271 0.000809699 -0.00396341 0.745762
272 0.0226563 -0.00826576 0.20452
273 0.000809699 -0.00302846 0.753162
274 0.0229601 -0.00742738 0.200413
275 0.000809699 -0.0020935 0.759639
276 0.0232234 -0.00656636 0.197166
277 0.000809699 -0.00115854 0.765206
278 0.0234272 -0.00570413 0.195434
279 0.000809699 -0.000223577 0.769879
280 0.0236269 -0.00478263 0.193198
281 0.000809699 0.000711382 0.773675
282 0.0238067 -0.00389505 0.190458
283 0.000809699 0.00164634 0.776612
284 0.0239439 -0.00300134 0.188553
285 0.000809699 0.0025813 0.778708
286 0.0240285 -0.00212814 0.187871
287 0.000809699 0.00351626 0.779983
288 0.0240804 -0.0011931 0.187758
289 0.000809699 0.00445122 0.780458
290 0.024132 -0.000257951 0.186482
291 0.000809699 0.00538618 0.780154
292 0.0241299 0.000611547 0.186535
293 0.000809699 0.00632114 0.779096
294 0.0240863 0.00148004 0.187477
295 0.000809699 0.0072561 0.777308
296 0.0239889 0.00241153 0.18968
297 0.000809699 0.00819106 0.774817
298 0.0238913 0.00334291 0.190721
299 0.000809699 0.00912602 0.771653
300 0.0237635 0.0042088 0.192323
301 0.000855064 0.0100936 0.76754
302 0.0235868 0.00508504 0.195043
303 0.000888884 0.0110504 0.762831
304 0.023363 0.00596268 0.198802
305 0.000809699 0.0119309 0.75823
306 0.0231187 0.00686671 0.202139
307 0.000655409 0.0127268 0.753768
308 0.0228709 0.00771302 0.205039
309 0.022565 0.00855789 0.209465
310 0.00142364 0.0126596 0.751696
311 0.0222165 0.009382 0.214927
312 0.00233787 0.0126898 0.746588
313 0.0218318 0.0102358 0.220475
314 0.00329829 0.0128854 0.737772
315 0.0214479 0.011049 0.225425
316 0.00423725 0.0131252 0.726296
317 0.021027 0.0118443 0.231152
318 0.00515353 0.0133591 0.712633
319 0.0205746 0.0125941 0.237915
320 0.00606033 0.013666 0.696066
321 0.0200592 0.013376 0.245754
322 0.00693561 0.0140434 0.67695
323 0.0195435 0.0141578 0.252549
324 0.00779433 0.0144171 0.655683
325 0.0190232 0.0148558 0.260211
326 0.00864149 0.0148686 0.631371
327 0.0184731 0.0155278 0.268856
328 0.00944783 0.01539 0.604717
329 0.01784 0.0162179 0.279863
330 0.0102555 0.0159077 0.575301
331 0.0172067 0.0169078 0.290422
332 0.0110101 0.0164805 0.544029
333 0.0165553 0.01754 0.303016
334 0.0117169 0.0171187 0.510627
335 0.01587 0.0181478 0.318328
336 0.0124096 0.0177681 0.47452
337 0.0150711 0.018774 0.34046
338 0.013042 0.0184584 0.436964
339 0.0142228 0.0195864 0.363977
340 0.000687373 -0.0233765 0.364777
341 0.0134945 0.0191531 0.404234
342 0.00431304 -0.0228894 0.362335
343 0.00519252 -0.0226892 0.360579
344 0.00341792 -0.0230438 0.364114
345 0.00246108 -0.0231254 0.366961
346 0.00607004 -0.0224843 0.35749
347 0.00155523 -0.0232421 0.36687
348 0.00692236 -0.0222506 0.354102
349 0.00773352 -0.0219867 0.350773
350 0.00855261 -0.0216739 0.347416
351 0.00938738 -0.0213265 0.343393
352 0.0101749 -0.0209694 0.339083
353 0.00175824 -0.0222828 0.395726
354 0.0109387 -0.0205854 0.33467
355 0.00161284 -0.0212657 0.426125
356 0.011692 -0.0201525 0.330521
357 0.00162028 -0.0203252 0.452648
358 0.0124548 -0.01969 0.325621
359 0.00162028 -0.0193902 0.477951
360 0.0132021 -0.0192093 0.3202
361 0.00162028 -0.0184553 0.502157
362 0.0138971 -0.0187185 0.31504
363 0.00162028 -0.0175203 0.525273
364 0.0145688 -0.0181942 0.310113
365 0.00162028 -0.0165854 0.547312
366 0.015246 -0.0176174 0.305061
367 0.00162028 -0.0156504 0.568282
368 0.0159159 -0.0170221 0.299343
369 0.00162028 -0.0147154 0.588189
370 0.0165409 -0.0164271 0.293699
371 0.00162028 -0.0137805 0.607042
372 0.0171287 -0.0158052 0.288618
373 0.00162028 -0.0128455 0.624847
374 0.0176994 -0.0151543 0.283534
375 0.00162028 -0.0119106 0.641614
376 0.0182978 -0.0144341 0.277671
377 0.00162028 -0.0109756 0.65735
378 0.018813 -0.0137568 0.272591
379 0.00162028 -0.0100407 0.672064
380 0.0193058 -0.0130621 0.267516
381 0.00162028 -0.00910569 0.685765
382 0.0197757 -0.0123239 0.262923
383 0.00162028 -0.00817073 0.698463
384 0.0202378 -0.0115483 0.258061
385 0.00162028 -0.00723577 0.710169
386 0.0206586 -0.010792 0.253313
387 0.00162028 -0.00630081 0.720891
388 0.0210435 -0.010028 0.248992
389 0.00162028 -0.00536585 0.730643
390 0.021391 -0.00923071 0.245539
391 0.00162028 -0.00443089 0.739436
392 0.0217294 -0.00840384 0.241718
393 0.00162028 -0.00349593 0.747283
394 0.0220379 -0.00758019 0.237966
395 0.00162028 -0.00256098 0.754196
396 0.0223045 -0.00676742 0.23479
397 0.00162028 -0.00162602 0.760192
398 0.0225315 -0.00594291 0.232376
399 0.00162028 -0.000691057 0.765284
400 0.0227308 -0.00507083 0.230475
401 0.00162028 0.000243902 0.769488
402 0.0229173 -0.00418551 0.228107
403 0.00162028 0.00117886 0.772822
404 0.0230684 -0.00332976 0.226034
405 0.00162028 0.00211382 0.775303
406 0.023172 -0.00247858 0.225002
407 0.00162028 0.00304878 0.776951
408 0.0232444 -0.00161563 0.22439
409 0.00162028 0.00398374 0.777785
410 0.023296 -0.000680861 0.22377
411 0.00162028 0.0049187 0.777828
412 0.0233066 0.000169247 0.223802
413 0.00162028 0.00585366 0.777101
414 0.0232868 0.00102006 0.224212
415 0.00162028 0.00678862 0.775629
416 0.0232239 0.00189359 0.225526
417 0.00162028 0.00772358 0.773436
418 0.0231331 0.00279267 0.226961
419 0.00162028 0.00865854 0.77055
420 0.02302 0.00364995 0.228488
421 0.00167732 0.00962583 0.766589
422 0.0228742 0.00449229 0.230544
423 0.00173882 0.0106091 0.761832
424 0.0226787 0.00533883 0.233781
425 0.00183853 0.0117032 0.75559
426 0.0224576 0.00620301 0.23699
427 0.0222148 0.00705702 0.240167
428 0.0219467 0.00786446 0.243865
429 0.0216399 0.00865938 0.248402
430 0.0212844 0.00947563 0.253772
431 0.0029468 0.01198 0.746578
432 0.0209092 0.0102895 0.25897
433 0.00394366 0.0122217 0.735672
434 0.0205212 0.0110603 0.264294
435 0.00492513 0.0124544 0.722243
436 0.0200967 0.0118034 0.270614
437 0.00587486 0.012732 0.706224
438 0.0196395 0.0125385 0.277513
439 0.0067925 0.0130897 0.687506
440 0.019124 0.0133201 0.285083
441 0.00771269 0.0134886 0.665693
442 0.0186233 0.0140099 0.292823
443 0.00859688 0.0139137 0.641666
444 0.0180988 0.0146826 0.301164
445 0.0094554 0.0144221 0.614706
446 0.0175291 0.0153462 0.310946
447 0.0103016 0.0149629 0.584831
448 0.0169256 0.0160142 0.32164
449 0.011127 0.0155321 0.552243
450 0.0162994 0.0166447 0.334005
451 0.0119085 0.0161675 0.517155
452 0.0156335 0.017238 0.349313
453 0.0126604 0.0168403 0.47937
454 0.0149327 0.0178282 0.367254
455 0.0133328 0.017587 0.440311
456 0.0140642 0.0184163 0.394063
457 0.0045622 -0.0219638 0.388232
458 0.00370485 -0.0221421 0.38965
459 0.00543193 -0.0217856 0.385268
460 0.00279699 -0.0223328 0.389551
461 0.0062707 -0.0215796 0.38203
462 0.00706521 -0.021339 0.379008
463 0.00784964 -0.0210728 0.375595
464 0.00864906 -0.0207593 0.372015
465 0.00943797 -0.0204156 0.368135
466 0.0101888 -0.0200465 0.364342
467 0.0109074 -0.0196571 0.360506
468 0.00243085 -0.0207927 0.436333
469 0.0116411 -0.0192294 0.35616
470 0.00244989 -0.0198899 0.461233
471 0.0123653 -0.01877 0.351582
472 0.00244877 -0.0189454 0.486271
473 0.0130757 -0.0182858 0.346688
474 0.00243085 -0.0179878 0.510594
475 0.0137219 -0.0178077 0.342046
476 0.00243085 -0.0170528 0.533159
477 0.0143911 -0.0172662 0.33717
478 0.00243085 -0.0161179 0.554651
479 0.0150344 -0.016709 0.332145
480 0.00243085 -0.0151829 0.575076
481 0.0156631 -0.0161278 0.326882
482 0.00243085 -0.014248 0.594442
483 0.0162422 -0.0155538 0.321785
484 0.00243085 -0.013313 0.612756
485 0.01681 -0.0149349 0.316888
486 0.00243085 -0.012378 0.630026
487 0.0173746 -0.0142757 0.311752
488 0.00243085 -0.0114431 0.64626
489 0.0178978 -0.0136047 0.307046
490 0.00243085 -0.0105081 0.661466
491 0.0183932 -0.0129342 0.302172
492 0.00243085 -0.00957317 0.675653
493 0.0188551 -0.0122588 0.297509
494 0.00243085 -0.00863821 0.68883
495 0.019309 -0.0115312 0.292939
496 0.00243085 -0.00770325 0.701007
497 0.0197364 -0.010786 0.288513
498 0.00243085 -0.00676829 0.712194
499 0.0201209 -0.010043 0.284605
500 0.00243085 -0.00583333 0.722402
501 0.0204649 -0.00930113 0.281222
502 0.00243085 -0.00489837 0.731642
503 0.0208014 -0.00850953 0.277752
504 0.00243085 -0.00396341 0.739928
505 0.0211194 -0.00771332 0.274012
506 0.00243085 -0.00302846 0.747271
507 0.0213791 -0.00692346 0.271526
508 0.00243085 -0.0020935 0.753685
509 0.021616 -0.00614284 0.268931
510 0.00243085 -0.00115854 0.759186
511 0.0218337 -0.00530498 0.266629
512 0.00243085 -0.000223577 0.763788
513 0.0220339 -0.00443638 0.26422
514 0.00243085 0.000711382 0.767507
515 0.0221864 -0.00360725 0.262532
516 0.00243085 0.00164634 0.770361
517 0.0223071 -0.00280108 0.261123
518 0.00243085 0.0025813 0.772369
519 0.0223985 -0.00196751 0.260151
520 0.00243085 0.00351626 0.773549
521 0.0224602 -0.00110347 0.259561
522 0.00243085 0.00445122 0.773922
523 0.0224844 -0.00025234 0.259558
524 0.00243085 0.00538618 0.773511
525 0.0224774 0.000577166 0.25995
526 0.00243085 0.00632114 0.772337
527 0.0224457 0.00139542 0.260499
528 0.00243085 0.0072561 0.770426
529 0.0223765 0.00225138 0.261672
530 0.00243085 0.00819106 0.767803
531 0.0222761 0.00310547 0.263209
532 0.0024789 0.00914535 0.764094
533 0.0221409 0.00393106 0.265404
534 0.0025626 0.0100995 0.759451
535 0.0219769 0.00473181 0.268052
536 0.0026877 0.0110541 0.753801
537 0.0217806 0.00555792 0.271003
538 0.0215515 0.00638364 0.274396
539 0.0212955 0.00720171 0.278023
540 0.0210247 0.00795848 0.281942
541 0.0207004 0.00875848 0.286749
542 0.0203538 0.0095366 0.291789
543 0.00365677 0.0113526 0.743889
544 0.01998 0.0103072 0.297125
545 0.00467141 0.011552 0.731365
546 0.0195988 0.011028 0.302573
547 0.0056693 0.0117652 0.716127
548 0.0191714 0.011751 0.30906
549 0.00664155 0.0121002 0.697713
550 0.0187045 0.0124826 0.316192
551 0.00759432 0.0125272 0.676099
552 0.0182117 0.0131787 0.324186
553 0.00855186 0.012933 0.651583
554 0.0177107 0.0138481 0.332331
555 0.00945876 0.0134146 0.624648
556 0.0171784 0.0144854 0.341807
557 0.0103321 0.014003 0.594534
558 0.0166216 0.0151347 0.351701
559 0.0112334 0.0145597 0.560747
560 0.0160586 0.0157784 0.361821
561 0.0120649 0.0151733 0.525321
562 0.0154057 0.0163651 0.376994
563 0.0128584 0.0158659 0.486912
564 0.0147342 0.0168634 0.395289
565 0.0137083 0.0165828 0.442531
566 0.00235204 -0.0216175 0.412943
567 0.00478255 -0.0210342 0.413296
568 0.00394488 -0.0211785 0.416128
569 0.0031434 -0.0214073 0.414929
570 0.00564012 -0.0209025 0.408556
571 0.00642411 -0.0206686 0.406207
572 0.00718141 -0.0204222 0.40332
573 0.00793876 -0.0201822 0.399088
574 0.00873842 -0.0198588 0.395268
575 0.0094504 -0.0194886 0.392925
576 0.0101569 -0.0191185 0.38953
577 0.0108651 -0.0187355 0.385301
578 0.00325849 -0.0204678 0.440922
579 0.0115773 -0.0183121 0.380845
580 0.00329768 -0.0194777 0.467597
581 0.01226 -0.0178483 0.376863
582 0.00327375 -0.0184948 0.493243
583 0.0129011 -0.0173783 0.37287
584 0.00324143 -0.0175203 0.517541
585 0.0135393 -0.0168964 0.368146
586 0.00324143 -0.0165854 0.539553
587 0.0141814 -0.0163809 0.362988
588 0.00324143 -0.0156504 0.560494
589 0.0147932 -0.0158228 0.358461
590 0.00324143 -0.0147154 0.580372
591 0.0153693 -0.0152507 0.354133
592 0.00324143 -0.0137805 0.599193
593 0.0159167 -0.0146911 0.349351
594 0.00324143 -0.0128455 0.616964
595 0.0164759 -0.0140809 0.34419
596 0.00324143 -0.0119106 0.633694
597 0.0169967 -0.0134368 0.339794
598 0.00324143 -0.0109756 0.649389
599 0.0174813 -0.0127788 0.335768
600 0.00324143 -0.0100407 0.664058
601 0.0179375 -0.0121335 0.331457
602 0.00324143 -0.00910569 0.677711
603 0.0184013 -0.0114847 0.32598
604 0.00324143 -0.00817073 0.690355
605 0.0188438 -0.0107537 0.321509
606 0.00324143 -0.00723577 0.702002
607 0.0191938 -0.0100345 0.319171
608 0.00324143 -0.00630081 0.712661
609 0.0195393 -0.00932178 0.315973
610 0.00324143 -0.00536585 0.722344
611 0.0198827 -0.0085831 0.312252
612 0.00324143 -0.00443089 0.731062
613 0.0202018 -0.00782026 0.308758
614 0.00324143 -0.00349593 0.738828
615 0.0204731 -0.00704208 0.306302
616 0.00324143 -0.00256098 0.745654
617 0.0207052 -0.0062852 0.304249
618 0.00324143 -0.00162602 0.751555
619 0.020928 -0.00552211 0.301742
620 0.00324143 -0.000691057 0.756545
621 0.0211346 -0.00471236 0.29932
622 0.00324143 0.000243902 0.76064
623 0.0212962 -0.00389042 0.29782
624 0.00324143 0.00117886 0.763857
625 0.0214233 -0.00307048 0.296777
626 0.00324143 0.00211382 0.766212
627 0.0215227 -0.00228266 0.295827
628 0.00324143 0.00304878 0.767726
629 0.0216325 -0.0014914 0.293596
630 0.00324143 0.00398374 0.768416
631 0.0216759 -0.000640131 0.293342
632 0.00324143 0.0049187 0.768305
633 0.0216519 0.000153067 0.294924
634 0.00324143 0.00585366 0.767414
635 0.021634 0.000947137 0.295415
636 0.00324143 0.00678862 0.765768
637 0.0216179 0.00174321 0.294978
638 0.00324143 0.00772358 0.76339
639 0.0215404 0.0025976 0.296089
640 0.00330092 0.00868397 0.759709
641 0.0213926 0.00338637 0.299435
642 0.00333513 0.00959391 0.755712
643 0.0212435 0.00416993 0.302017
644 0.0210826 0.00495884 0.304213
645 0.0208843 0.00576334 0.306993
646 0.0206385 0.00655125 0.310958
647 0.0203746 0.00730117 0.315136
648 0.0200989 0.00805113 0.318991
649 0.0197921 0.00881567 0.323126
650 0.0194356 0.00956326 0.328612
651 0.00443823 0.0106971 0.739089
652 0.0190553 0.0102807 0.334623
653 0.00537322 0.0108146 0.726351
654 0.0186787 0.0109669 0.340171
655 0.00647069 0.0110005 0.708146
656 0.0182572 0.0116791 0.346426
657 0.00745973 0.0115369 0.686256
658 0.0177899 0.012365 0.354194
659 0.00843387 0.0119564 0.662426
660 0.0172962 0.0130213 0.362885
661 0.00950001 0.0123133 0.63381
662 0.0167788 0.0136547 0.372426
663 0.0103625 0.0130167 0.603911
664 0.0162591 0.0142884 0.381721
665 0.0112432 0.013574 0.571922
666 0.0157166 0.0149229 0.391731
667 0.0122574 0.0140567 0.533424
668 0.0152622 0.0155883 0.397644
669 0.0129969 0.0148659 0.496587
670 0.0145053 0.0159767 0.421073
671 0.0137765 0.0155166 0.457513
672 0.00419588 -0.0201282 0.443663
673 0.00505334 -0.0202563 0.432484
674 0.00579486 -0.0200032 0.431821
675 0.00653194 -0.0197318 0.43055
676 0.00729473 -0.0195075 0.426524
677 0.00808044 -0.0193994 0.417894
678 0.00871779 -0.018924 0.420206
679 0.00941577 -0.0185652 0.417378
680 0.0101074 -0.0181933 0.413894
681 0.0107977 -0.0178373 0.408958
682 0.0114669 -0.0174038 0.405258
683 0.00411793 -0.0190077 0.474104
684 0.0120895 -0.016937 0.402313
685 0.00409237 -0.0180173 0.499396
686 0.0127139 -0.0164736 0.398205
687 0.00405201 -0.0170528 0.522976
688 0.0133423 -0.0160109 0.392937
689 0.00405201 -0.0161179 0.544431
690 0.0139543 -0.0155033 0.388036
691 0.00405201 -0.0151829 0.564819
692 0.0144977 -0.0149435 0.385045
693 0.00405201 -0.014248 0.584145
694 0.0150421 -0.0143882 0.38094
695 0.00405201 -0.013313 0.602417
696 0.0155863 -0.0138392 0.375736
697 0.00405201 -0.012378 0.619641
698 0.0161199 -0.0132582 0.370478
699 0.00405201 -0.0114431 0.635824
700 0.0165735 -0.0126161 0.367827
701 0.00405201 -0.0105081 0.650974
702 0.0170253 -0.0119716 0.364315
703 0.00405201 -0.00957317 0.6651
704 0.0174743 -0.0113316 0.359864
705 0.00405201 -0.00863821 0.678209
706 0.0180366 -0.0107715 0.349372
707 0.00405201 -0.00770325 0.690312
708 0.0182698 -0.010016 0.352221
709 0.00405201 -0.00676829 0.701419
710 0.0186162 -0.00931176 0.349498
711 0.00405201 -0.00583333 0.71154
712 0.0189509 -0.00860059 0.346369
713 0.00405201 -0.00489837 0.720686
714 0.0192938 -0.00790237 0.341899
715 0.00405201 -0.00396341 0.728869
716 0.0195738 -0.00715302 0.339404
717 0.00405201 -0.00302846 0.736101
718 0.019794 -0.00641468 0.338183
719 0.00405201 -0.0020935 0.742396
720 0.0200169 -0.00567782 0.336017
721 0.00405201 -0.00115854 0.747768
722 0.0202402 -0.00494277 0.332984
723 0.00405201 -0.000223577 0.752231
724 0.0204404 -0.00413887 0.330444
725 0.00405201 0.000711382 0.755801
726 0.0205419 -0.00334474 0.330823
727 0.00405201 0.00164634 0.758495
728 0.0206406 -0.00255634 0.330418
729 0.00405201 0.0025813 0.76033
730 0.0207147 -0.00175956 0.330152
731 0.00405201 0.00351626 0.761327
732 0.0209728 -0.00103033 0.321462
733 0.00405201 0.00445122 0.761504
734 0.0208256 -0.000260765 0.328488
735 0.00405201 0.00538618 0.760883
736 0.0207976 0.000521639 0.329886
737 0.00405201 0.00632114 0.759487
738 0.020785 0.00131812 0.329813
739 0.00405201 0.0072561 0.757339
740 0.0209025 0.00210073 0.323621
741 0.00409148 0.00821073 0.753995
742 0.0206398 0.00284927 0.332225
743 0.00417114 0.00916674 0.749468
744 0.0204985 0.00362099 0.335011
745 0.0203438 0.00439109 0.337537
746 0.0202036 0.00515506 0.338718
747 0.019983 0.00592131 0.34231
748 0.0197167 0.00665281 0.347206
749 0.0194541 0.00738421 0.3512
750 0.0191945 0.0081203 0.354279
751 0.0188864 0.00885322 0.358544
752 0.0185084 0.00953575 0.365385
753 0.00499391 0.00979125 0.736977
754 0.0181347 0.0102178 0.371402
755 0.00598043 0.0100326 0.721651
756 0.0177677 0.0108981 0.376548
757 0.00746046 0.0105918 0.692569
758 0.0173666 0.0115774 0.38242
759 0.00827044 0.0109667 0.673416
760 0.0168803 0.0121963 0.39191
761 0.00917047 0.011295 0.650355
762 0.0163826 0.0128214 0.401321
763 0.0105919 0.012038 0.606983
764 0.0158513 0.0134657 0.411382
765 0.0111959 0.0126929 0.58287
766 0.0153154 0.0141253 0.421154
767 0.012054 0.0129561 0.553326
768 0.0146717 0.0149167 0.432823
769 0.013359 0.0139568 0.496471
770 0.0068074 0.0100958 0.70759
771 0.00999187 0.0114511 0.628408
772 0.0128878 0.0132444 0.522282
773 0.0138379 0.0146231 0.469208
774 0.00497666 -0.0194331 0.455497
775 0.00580762 -0.0190576 0.456829
776 0.00668232 -0.0187754 0.453743
777 0.00773238 -0.018566 0.444748
778 0.00860502 -0.0180532 0.443982
779 0.00935232 -0.0176453 0.441186
780 0.0100618 -0.0172417 0.437729
781 0.0107721 -0.0170395 0.428375
782 0.0112812 -0.0165001 0.430154
783 0.00496651 -0.0184968 0.479846
784 0.0118973 -0.0160278 0.427124
785 0.00491793 -0.0175371 0.504004
786 0.0125296 -0.0155737 0.422284
787 0.00485988 -0.0165781 0.527074
788 0.0131988 -0.0152389 0.412954
789 0.00486259 -0.0156504 0.547778
790 0.0136314 -0.0146387 0.414291
791 0.00486259 -0.0147154 0.567611
792 0.0141678 -0.0140727 0.411289
793 0.00486259 -0.0137805 0.586384
794 0.0147146 -0.0135288 0.406594
795 0.00486259 -0.0128455 0.604102
796 0.0153159 -0.0131096 0.397058
797 0.00486259 -0.0119106 0.620773
798 0.0156644 -0.0124636 0.39823
799 0.00486259 -0.0109756 0.636403
800 0.016119 -0.0118042 0.395536
801 0.00486259 -0.0100407 0.651001
802 0.0166164 -0.0110993 0.391212
803 0.00486259 -0.00910569 0.664574
804 0.0172452 -0.0103003 0.382859
805 0.00486259 -0.00817073 0.677131
806 0.00486259 -0.00723577 0.688683
807 0.0176463 -0.00938095 0.382036
808 0.00486259 -0.00630081 0.699239
809 0.0180125 -0.00861332 0.379216
810 0.00486259 -0.00536585 0.70881
811 0.018348 -0.00786286 0.376232
812 0.00486259 -0.00443089 0.717407
813 0.0187977 -0.00727734 0.36646
814 0.00486259 -0.00349593 0.725041
815 0.0188839 -0.00654152 0.370598
816 0.00486259 -0.00256098 0.731725
817 0.0190954 -0.0058028 0.369418
818 0.00486259 -0.00162602 0.737472
819 0.019328 -0.00507027 0.366573
820 0.00486259 -0.000691057 0.742297
821 0.0196775 -0.00438659 0.358146
822 0.00486259 0.000243902 0.746214
823 0.019666 -0.0036156 0.363181
824 0.00486259 0.00117886 0.749239
825 0.0197565 -0.00282717 0.363604
826 0.00486259 0.00211382 0.751389
827 0.0198694 -0.00197103 0.362543
828 0.00486259 0.00304878 0.752682
829 0.0200574 -0.000978627 0.357888
830 0.00486259 0.00398374 0.753138
831 0.00486259 0.0049187 0.752776
832 0.0199808 2.13246e-05 0.362053
833 0.00486259 0.00585366 0.751618
834 0.0199492 0.000970116 0.363251
835 0.00486259 0.00678862 0.749686
836 0.0199857 0.00200775 0.360484
837 0.00487497 0.00773005 0.746836
838 0.00492541 0.0087012 0.742675
839 0.0197605 0.00298729 0.366604
840 0.0195976 0.003822 0.36972
841 0.01942 0.0046238 0.372665
842 0.0194327 0.00536218 0.367753
843 0.0190644 0.00600592 0.377664
844 0.0187899 0.00673151 0.38264
845 0.0185402 0.00746944 0.385824
846 0.0184138 0.00820705 0.383564
847 0.0179653 0.00879522 0.394543
848 0.0175796 0.00947259 0.401556
849 0.00574469 0.0091027 0.729843
850 0.0172176 0.0101539 0.407016
851 0.0169922 0.0108511 0.406567
852 0.00825864 0.00997958 0.68027
853 0.0164739 0.011372 0.419007
854 0.00902387 0.0103609 0.660782
855 0.0159662 0.0119878 0.42935
856 0.0154742 0.0126261 0.438425
857 0.0117107 0.0119009 0.575716
858 0.0149006 0.0132723 0.450196
859 0.0143625 0.0139127 0.460551
860 0.00663316 0.00929378 0.714967
861 0.00753194 0.00954866 0.697438
862 0.00990577 0.0106468 0.637268
863 0.0109002 0.0110178 0.607718
864 0.0128902 0.0122313 0.534696
865 0.0138572 0.0129722 0.492371
866 0.00588864 -0.0180028 0.482689
867 0.00694236 -0.017868 0.473064
868 0.00783235 -0.0175129 0.469161
869 0.00861078 -0.017103 0.466709
870 0.00938015 -0.0166858 0.463224
871 0.0102892 -0.016268 0.455722
872 0.0110375 -0.0156365 0.45433
873 0.0117631 -0.015085 0.450248
874 0.00565434 -0.0170059 0.509146
875 0.0125922 -0.0145284 0.442434
876 0.00564672 -0.0160816 0.530348
877 0.00567317 -0.0151829 0.549592
878 0.0132587 -0.0138074 0.440054
879 0.00567317 -0.014248 0.568866
880 0.0138981 -0.0131668 0.435449
881 0.00567317 -0.013313 0.587081
882 0.014624 -0.0124993 0.427629
883 0.00567317 -0.012378 0.60424
884 0.00567317 -0.0114431 0.620351
885 0.00567317 -0.0105081 0.63542
886 0.0156746 -0.0109875 0.421851
887 0.00567317 -0.00957317 0.649457
888 0.0161893 -0.0102322 0.41739
889 0.00567317 -0.00863821 0.662468
890 0.0166737 -0.00941212 0.41345
891 0.00567317 -0.00770325 0.674464
892 0.00567317 -0.00676829 0.685453
893 0.0170733 -0.00862489 0.410517
894 0.00567317 -0.00583333 0.695447
895 0.0174582 -0.00785122 0.406794
896 0.00567317 -0.00489837 0.704455
897 0.0179495 -0.00694564 0.399705
898 0.00567317 -0.00396341 0.712489
899 0.00567317 -0.00302846 0.719559
900 0.0181738 -0.00599317 0.400715
901 0.00567317 -0.0020935 0.725679
902 0.0184329 -0.00512636 0.398596
903 0.00567317 -0.00115854 0.730862
904 0.0187765 -0.00417864 0.392856
905 0.00567317 -0.000223577 0.735121
906 0.00567317 0.000711382 0.738472
907 0.0188649 -0.0031838 0.395151
908 0.00567317 0.00164634 0.74093
909 0.0189742 -0.00229949 0.394999
910 0.00567317 0.0025813 0.742513
911 0.0190908 -0.00139442 0.393578
912 0.00567317 0.00351626 0.743239
913 0.0191387 -0.00046354 0.393624
914 0.00567317 0.00445122 0.743127
915 0.00567317 0.00538618 0.742199
916 0.0191227 0.000465871 0.394919
917 0.00567317 0.00632114 0.740476
918 0.0190922 0.00142852 0.395603
919 0.00567317 0.0072561 0.737973
920 0.018997 0.00238475 0.397516
921 0.00567191 0.0081584 0.734857
922 0.0188475 0.00325426 0.400587
923 0.0186981 0.00410427 0.40277
924 0.0185542 0.00512398 0.402874
925 0.0181655 0.00602225 0.411555
926 0.0178501 0.00688036 0.416792
927 0.0175574 0.00783274 0.419412
928 0.0170587 0.00868127 0.429443
929 0.0166276 0.00947674 0.436702
930 0.0162045 0.0103637 0.441857
931 0.00904533 0.009388 0.666744
932 0.0150207 0.0117741 0.466739
933 0.0146488 0.0124828 0.470577
934 0.0151643 -0.011725 0.425219
935 0.00636905 0.00853701 0.7228
936 0.00821537 0.00899025 0.687021
937 0.0155863 0.011127 0.454747
938 0.00971524 0.00984896 0.647867
939 0.0124877 0.0113406 0.557271
940 0.0118657 0.0109402 0.580356
941 0.00726736 0.00848337 0.707888
942 0.0105717 0.00992766 0.62552
943 0.0140036 0.0117973 0.502256
944 0.00638813 -0.0172411 0.495105
945 0.00788822 -0.0165538 0.490728
946 0.00864589 -0.0161543 0.487791
947 0.00942199 -0.0157226 0.483918
948 0.0101797 -0.0152238 0.480415
949 0.0109013 -0.0146681 0.477378
950 0.0116361 -0.0141229 0.472449
951 0.0123358 -0.0135271 0.467858
952 0.00642478 -0.0156105 0.531693
953 0.00643467 -0.0147095 0.550606
954 0.0129753 -0.0129001 0.463891
955 0.00645119 -0.0137881 0.568838
956 0.0136087 -0.0122718 0.458808
957 0.00648374 -0.0128455 0.586228
958 0.00648374 -0.0119106 0.602824
959 0.00648374 -0.0109756 0.618368
960 0.00648374 -0.0100407 0.632868
961 0.0151996 -0.0101735 0.447885
962 0.00648374 -0.00910569 0.646333
963 0.0156751 -0.00940826 0.444377
964 0.00648374 -0.00817073 0.658772
965 0.0161194 -0.00861499 0.440942
966 0.00648374 -0.00723577 0.670195
967 0.00648374 -0.00630081 0.680611
968 0.0165096 -0.0078474 0.437713
969 0.00648374 -0.00536585 0.69003
970 0.0168971 -0.00704412 0.433862
971 0.00648374 -0.00443089 0.698462
972 0.0172291 -0.00618943 0.431134
973 0.00648374 -0.00349593 0.705918
974 0.00648374 -0.00256098 0.712409
975 0.0174925 -0.00531028 0.429722
976 0.00648374 -0.00162602 0.717948
977 0.0177518 -0.00442823 0.427318
978 0.00648374 -0.000691057 0.722547
979 0.0179513 -0.00352457 0.425922
980 0.00648374 0.000243902 0.72622
981 0.00648374 0.00117886 0.728983
982 0.0180815 -0.00264291 0.425701
983 0.00648374 0.00211382 0.730851
984 0.0181877 -0.00176912 0.425249
985 0.00648374 0.00304878 0.731842
986 0.0182591 -0.000892289 0.425018
987 0.00648374 0.00398374 0.731973
988 0.0182713 -3.45536e-07 0.425902
989 0.00648374 0.0049187 0.731266
990 0.00648374 0.00585366 0.729741
991 0.0182551 0.000896142 0.426773
992 0.00650746 0.00681842 0.726958
993 0.0181904 0.00180923 0.428337
994 0.00649962 0.00774716 0.723972
995 0.0180746 0.00269572 0.430746
996 0.0179329 0.00354876 0.433218
997 0.0177696 0.00442722 0.435435
998 0.017522 0.00531375 0.439655
999 0.0172124 0.00616926 0.445312
1000 0.016896 0.00703646 0.450204
1001 0.0165192 0.00788232 0.45649
1002 0.0160839 0.00868615 0.464391
1003 0.0156428 0.00947819 0.47187
1004 0.0115841 0.010117 0.596102
1005 0.0132132 0.0112971 0.534545
1006 0.00712557 -0.0169498 0.4925
1007 0.00640114 -0.016469 0.512911
1008 0.0142163 -0.0116187 0.453511
1009 0.01474 -0.0109174 0.450036
1010 0.0151876 0.0102342 0.479552
1011 0.0100215 0.00893286 0.646608
1012 0.00907207 0.00839085 0.671953
1013 0.0146469 0.0109911 0.489662
1014 0.0081821 0.00793598 0.692957
1015 0.0127094 0.0103669 0.560234
1016 0.00733999 0.00738416 0.711137
1017 0.00790453 -0.0156375 0.510827
1018 0.00863791 -0.0152282 0.507984
1019 0.00936772 -0.0147439 0.50549
1020 0.010048 -0.0142301 0.503208
1021 0.0107435 -0.0137151 0.499384
1022 0.0114311 -0.013185 0.494729
1023 0.012081 -0.0126004 0.490622
1024 0.00717087 -0.0151721 0.531349
1025 0.00720134 -0.0142682 0.5495
1026 0.0126976 -0.0119812 0.48664
1027 0.00722905 -0.0133502 0.56696
1028 0.00727797 -0.0124217 0.583282
1029 0.00730828 -0.0114731 0.59915
1030 0.00730581 -0.0105282 0.614339
1031 0.00729432 -0.00957317 0.628735
1032 0.0146937 -0.00936968 0.473483
1033 0.00729432 -0.00863821 0.641618
1034 0.015145 -0.00861357 0.470221
1035 0.00729432 -0.00770325 0.653476
1036 0.0155606 -0.00785353 0.466907
1037 0.00729432 -0.00676829 0.664315
1038 0.00729432 -0.00583333 0.674146
1039 0.0159286 -0.00710539 0.463836
1040 0.00729432 -0.00489837 0.682978
1041 0.0162656 -0.00631092 0.461146
1042 0.00729432 -0.00396341 0.690819
1043 0.0165566 -0.00548564 0.459115
1044 0.00729432 -0.00302846 0.697682
1045 0.00729432 -0.0020935 0.703577
1046 0.0168043 -0.00464348 0.457547
1047 0.00729432 -0.00115854 0.708516
1048 0.0170177 -0.00379658 0.456069
1049 0.00729432 -0.000223577 0.712512
1050 0.0171823 -0.00294059 0.455221
1051 0.00729432 0.000711382 0.715578
1052 0.00729432 0.00164634 0.71773
1053 0.0172992 -0.00211068 0.454873
1054 0.00729432 0.0025813 0.718982
1055 0.017383 -0.00127008 0.454752
1056 0.00729432 0.00351626 0.719353
1057 0.0174254 -0.000423669 0.45512
1058 0.00729432 0.00445122 0.71886
1059 0.0174212 0.000432804 0.456174
1060 0.00729432 0.00538618 0.717523
1061 0.0073335 0.00635979 0.714576
1062 0.0173789 0.00129125 0.457611
1063 0.0172972 0.00214464 0.459484
1064 0.0171749 0.00298255 0.461901
1065 0.0170217 0.00380743 0.464571
1066 0.0168199 0.00462951 0.468091
1067 0.0165701 0.00545876 0.472399
1068 0.0162678 0.00629294 0.477645
1069 0.0159299 0.00711361 0.483371
1070 0.0155485 0.00791227 0.489981
1071 0.0151074 0.00867948 0.498185
1072 0.0111865 0.00910657 0.615171
1073 0.0137649 0.0106872 0.523077
1074 0.0132869 -0.0113204 0.482761
1075 0.014228 -0.0101299 0.475911
1076 0.0146203 0.00940921 0.507664
1077 0.0123282 0.00931444 0.581111
1078 0.0098869 0.0078061 0.656302
1079 0.00901472 0.00734977 0.678248
1080 0.00816818 0.00688485 0.697485
1081 0.00791954 -0.0138572 0.547154
1082 0.00928827 -0.0137469 0.526682
1083 0.00988494 -0.0132633 0.524874
1084 0.0105632 -0.0128193 0.519655
1085 0.0112245 -0.0122759 0.515396
1086 0.0118306 -0.0116818 0.512011
1087 0.00801964 -0.0129545 0.562693
1088 0.00812721 -0.0120388 0.577323
1089 0.00813476 -0.0110575 0.593525
1090 0.00812682 -0.0100847 0.608679
1091 0.0081049 -0.00910569 0.623011
1092 0.014192 -0.00858955 0.497469
1093 0.0081049 -0.00817073 0.635306
1094 0.0146215 -0.00782504 0.494589
1095 0.0081049 -0.00723577 0.646572
1096 0.0150028 -0.00712411 0.49131
1097 0.0081049 -0.00630081 0.656818
1098 0.0081049 -0.00536585 0.666051
1099 0.0153615 -0.00638444 0.488128
1100 0.0081049 -0.00443089 0.674281
1101 0.0156381 -0.00561202 0.486759
1102 0.0081049 -0.00349593 0.681517
1103 0.0158809 -0.00481972 0.485624
1104 0.0081049 -0.00256098 0.687771
1105 0.0081049 -0.00162602 0.693052
1106 0.0160976 -0.00401671 0.484429
1107 0.0081049 -0.000691057 0.697372
1108 0.0162821 -0.00320829 0.483333
1109 0.0081049 0.000243902 0.700744
1110 0.016415 -0.00241547 0.482901
1111 0.0081049 0.00117886 0.703181
1112 0.0081049 0.00211382 0.704696
1113 0.0165185 -0.00162104 0.482578
1114 0.0081049 0.00304878 0.705306
1115 0.016579 -0.000810398 0.482857
1116 0.0081049 0.00398374 0.705027
1117 0.0165917 3.41047e-06 0.483867
1118 0.0081049 0.0049187 0.703874
1119 0.0165631 0.000821472 0.485408
1120 0.00814878 0.00587497 0.700983
1121 0.0165142 0.0016463 0.486775
1122 0.0164161 0.00245507 0.48897
1123 0.0162817 0.00324678 0.491624
1124 0.0161118 0.0040316 0.494727
1125 0.0158988 0.00482159 0.4985
1126 0.0156344 0.00560433 0.503278
1127 0.0153322 0.00639152 0.508554
1128 0.0149929 0.00716302 0.514449
1129 0.0146328 0.00792363 0.520441
1130 0.013925 -0.0108474 0.473416
1131 0.0143329 0.0101299 0.50996
1132 0.0108593 0.00811671 0.630371
1133 0.013504 0.0095393 0.543032
1134 0.00791545 -0.0147478 0.529419
1135 0.0124599 -0.0110291 0.507795
1136 0.0137089 -0.00937588 0.500338
1137 0.0140886 0.00867937 0.531881
1138 0.0119012 0.00831678 0.60089
1139 0.00975157 0.00680987 0.664111
1140 0.00896529 0.00635044 0.68316
1141 0.00897157 -0.0127503 0.550878
1142 0.0097313 -0.0123412 0.544396
1143 0.0104517 -0.0120137 0.535945
1144 0.0109351 -0.0113901 0.536407
1145 0.00896748 -0.0116754 0.569594
1146 0.00896497 -0.0106208 0.586591
1147 0.00893588 -0.00961266 0.602042
1148 0.00891548 -0.00863821 0.615694
1149 0.0136982 -0.00778998 0.520336
1150 0.00891548 -0.00770325 0.627392
1151 0.0140555 -0.00703606 0.518966
1152 0.00891548 -0.00676829 0.638057
1153 0.0145674 -0.00646188 0.510428
1154 0.00891548 -0.00583333 0.647696
1155 0.00891548 -0.00489837 0.656319
1156 0.0147393 -0.00571292 0.512495
1157 0.00891548 -0.00396341 0.663933
1158 0.0149741 -0.00496459 0.511873
1159 0.00891548 -0.00302846 0.670548
1160 0.0151733 -0.00419544 0.51158
1161 0.00891548 -0.0020935 0.676176
1162 0.00891548 -0.00115854 0.680825
1163 0.0153889 -0.00344126 0.509837
1164 0.00891548 -0.000223577 0.684507
1165 0.0155372 -0.00264878 0.509495
1166 0.00891548 0.000711382 0.687233
1167 0.0156313 -0.00191054 0.509786
1168 0.00891548 0.00164634 0.689015
1169 0.00891548 0.0025813 0.689868
1170 0.0157366 -0.00116473 0.509014
1171 0.00891548 0.00351626 0.689807
1172 0.0157747 -0.000381471 0.509685
1173 0.0089316 0.00445479 0.688517
1174 0.0157431 0.00039642 0.511799
1175 0.00894787 0.00538747 0.686332
1176 0.0157363 0.00117827 0.512365
1177 0.0156508 0.00197407 0.514674
1178 0.0155185 0.00271242 0.517837
1179 0.0154031 0.00345179 0.519796
1180 0.0152232 0.00421474 0.523086
1181 0.0149745 0.00495002 0.528027
1182 0.0147307 0.00570344 0.532082
1183 0.0144204 0.00645534 0.537618
1184 0.01408 0.00717462 0.543689
1185 0.0132056 -0.010283 0.50072
1186 0.0130379 0.00843463 0.566828
1187 0.0106357 0.00713626 0.641417
1188 0.0115586 -0.0108176 0.531922
1189 0.0132477 -0.00855939 0.522915
1190 0.0138015 0.00791467 0.54708
1191 0.0115765 0.00731184 0.616021
1192 0.00977328 0.00581008 0.667294
1193 0.00985057 -0.0112406 0.560686
1194 0.00978015 -0.0101215 0.57925
1195 0.00976342 -0.00913215 0.593572
1196 0.00974824 -0.00817896 0.606252
1197 0.013192 -0.00698043 0.542487
1198 0.00972606 -0.00723577 0.617874
1199 0.0141564 0.0174429 0.408568
1200 0.00972606 -0.00630081 0.627928
1201 0.0124186 0.00759435 0.590867
1202 0.00972606 -0.00536585 0.636948
1203 0.00972606 -0.00443089 0.644944
1204 0.0140014 -0.00517951 0.537809
1205 0.00972606 -0.00349593 0.651926
1206 0.0142442 -0.00436239 0.53732
1207 0.00972606 -0.00256098 0.657907
1208 0.0144449 -0.00356115 0.536941
1209 0.00972606 -0.00162602 0.662892
1210 0.00972606 -0.000691057 0.66689
1211 0.0147881 -0.00291114 0.530635
1212 0.00972606 0.000243902 0.669914
1213 0.014731 -0.00217562 0.535906
1214 0.00972606 0.00117886 0.671971
1215 0.0148324 -0.00144491 0.535752
1216 0.00972606 0.00211382 0.673074
1217 0.00972606 0.00304878 0.673239
1218 0.015053 -0.00073975 0.53118
1219 0.00973275 0.00398325 0.672331
1220 0.0149098 -1.54123e-05 0.537073
1221 0.0148919 0.0007573 0.538524
1222 0.0150081 0.00151523 0.535088
1223 0.0147463 0.00221206 0.542706
1224 0.0145983 0.00294038 0.546152
1225 0.014636 0.00366156 0.543269
1226 0.0142987 0.00430007 0.551666
1227 0.0140514 0.00504256 0.556339
1228 0.0139263 0.0058176 0.556484
1229 0.0134677 0.00645406 0.566992
1230 0.012167 -0.0100923 0.528845
1231 0.0126974 -0.00933833 0.52666
1232 0.0131843 0.00734955 0.570038
1233 0.0104444 0.00631084 0.649759
1234 0.0106496 -0.0105417 0.555679
1235 0.0128116 -0.00776164 0.543503
1236 0.00978666 0.00492105 0.669468
1237 0.0113007 0.00636383 0.628126
1238 0.0105967 -0.00956887 0.570987
1239 0.010617 -0.00866648 0.58272
1240 0.0105624 -0.00771275 0.59562
1241 0.0126046 -0.00629799 0.564315
1242 0.0105806 -0.00675589 0.605965
1243 0.0130586 -0.00541648 0.560912
1244 0.0105989 -0.00582298 0.614969
1245 0.0105735 -0.00487597 0.623976
1246 0.0105745 -0.00395421 0.631181
1247 0.0105474 -0.00303535 0.637987
1248 0.0135166 -0.00367447 0.562029
1249 0.0105366 -0.0020935 0.64359
1250 0.0137185 -0.0060761 0.5377
1251 0.0105366 -0.00115854 0.647919
1252 0.0105534 -0.000253281 0.650788
1253 0.0138753 -0.00275054 0.557653
1254 0.0105542 0.000678946 0.653132
1255 0.0139276 -0.00164612 0.561181
1256 0.0105491 0.00161723 0.654644
1257 0.0140969 -0.000681208 0.559597
1258 0.0105417 0.00254951 0.655236
1259 0.0105366 0.00351626 0.654793
1260 0.0140495 0.000363384 0.563041
1261 0.0140647 0.00142201 0.563454
1262 0.0138375 0.0024307 0.569554
1263 0.013722 0.00345711 0.571286
1264 0.0130323 0.00547247 0.584719
1265 0.0113181 -0.0100369 0.548881
1266 0.0122954 -0.00848355 0.54748
1267 0.0124252 0.00654914 0.596859
1268 0.0107284 0.00544791 0.646111
1269 0.0122383 -0.00702528 0.565777
1270 0.0132856 -0.00452724 0.562206
1271 0.0105565 0.00443572 0.652848
1272 0.0133433 0.00443102 0.579599
1273 0.0116034 -0.0091815 0.55461
1274 0.0113967 -0.00819797 0.571802
1275 0.0113472 -0.00723577 0.584137
1276 0.0121779 -0.00561808 0.581071
1277 0.0115505 -0.00629673 0.589493
1278 0.0113915 -0.00530222 0.602358
1279 0.0114518 -0.00437935 0.608564
1280 0.0114151 -0.00349568 0.615695
1281 0.0113345 -0.00257676 0.623139
1282 0.0129076 -0.00290664 0.582719
1283 0.0113471 -0.00167241 0.627399
1284 0.0113781 -0.000766368 0.630274
1285 0.011388 0.000163078 0.632743
1286 0.0113853 0.00108697 0.634506
1287 0.0130816 -0.000997143 0.586689
1288 0.011367 0.0020206 0.63568
1289 0.0131527 -5.11359e-05 0.587357
1290 0.0113385 0.00298085 0.636119
1291 0.0131407 0.00090419 0.589193
1292 0.0130698 0.0018297 0.59156
1293 0.0129038 0.00279405 0.59552
1294 0.0120219 -0.00773731 0.562907
1295 0.0118484 0.00553261 0.61722
1296 0.0123027 -0.00482569 0.584861
1297 0.0130599 -0.00195446 0.583545
1298 0.0113698 0.00394348 0.634057
1299 0.0128569 0.00373684 0.595166
1300 0.0122777 0.00449857 0.609202
1301 0.0113542 0.00476232 0.632479
1302 0.012069 -0.00300151 0.603222
1303 0.0121664 -0.00218709 0.605291
1304 0.0122089 -0.00132167 0.608066
1305 0.0122562 0.000526791 0.612045
1306 0.0122293 0.00144973 0.613815
1307 0.0121619 0.00239989 0.61565
1308 0.0124236 -0.00384797 0.58922
1309 0.0122375 -0.000395929 0.610445
1310 0.0120621 0.00345608 0.617172
1311 0.00518506 0.0194652 0.657351
1312 0.00246273 0.0159353 0.721829
1313 0.00652056 0.0189415 0.638371
1314 0.0086983 0.0199239 0.574599
1315 0.00931183 0.017211 0.588277
1316 0.00859105 0.0167131 0.613571
1317 0.00785545 0.0162617 0.636498
1318 0.00999584 0.0177472 0.561269
1319 0.00709249 0.0158549 0.65743
1320 0.0106463 0.018356 0.53203
1321 0.00630661 0.0154888 0.676269
1322 0.0112659 0.0189899 0.500967
1323 0.0054937 0.0151674 0.693028
1324 0.0119103 0.019508 0.467673
1325 0.00466769 0.0148904 0.707455
1326 0.0123317 0.0205114 0.434119
1327 0.00385295 0.0146539 0.719316
1328 0.00300295 0.0144499 0.729252
1329 0.0021036 0.0143619 0.736557
1330 0.00118919 0.0142786 0.741679
1331 0.0115161 0.0211086 0.461252
1332 0.0107305 0.0216751 0.485652
1333 0.00995011 0.0220496 0.509658
1334 0.0091046 0.0224119 0.533205
1335 0.000812922 0.0158153 0.731137
1336 0.00830144 0.0227217 0.553252
1337 0.000841969 0.0167361 0.723383
1338 0.00743155 0.0230209 0.572557
1339 0.000841969 0.0177083 0.714848
1340 0.0066078 0.0232707 0.588624
1341 0.000841969 0.0186806 0.705857
1342 0.00571824 0.0235051 0.603684
1343 0.000841969 0.0196528 0.696434
1344 0.00484848 0.0236704 0.616519
1345 0.000841969 0.020625 0.686598
1346 0.00398828 0.0238379 0.62671
1347 0.000841969 0.0215972 0.676371
1348 0.0031334 0.0239876 0.634647
1349 0.000861605 0.0226227 0.665095
1350 0.00227853 0.0240543 0.641245
1351 0.000835345 0.023703 0.652932
1352 0.000728956 0.0150041 0.737752
1353 0.00154228 0.024211 0.643975
1354 0.00852889 0.0176264 0.605274
1355 0.00915555 0.0181194 0.582348
1356 0.00777212 0.0171429 0.629426
1357 0.00708153 0.0167679 0.648789
1358 0.0097976 0.0186768 0.556212
1359 0.00637382 0.0163886 0.666715
1360 0.0104573 0.0192986 0.526398
1361 0.00559799 0.0160556 0.683526
1362 0.0112279 0.0200578 0.487859
1363 0.00481404 0.0158038 0.697756
1364 0.00401765 0.0155531 0.71018
1365 0.0032112 0.0153285 0.720512
1366 0.00247458 0.0150843 0.728515
1367 0.00165399 0.0152759 0.732142
1368 0.0107214 0.0208098 0.497037
1369 0.00998933 0.0211256 0.519597
1370 0.00921578 0.0214662 0.540938
1371 0.0084085 0.0218031 0.560953
1372 0.00165539 0.0162798 0.72398
1373 0.00759455 0.0220841 0.579311
1374 0.00167178 0.0172222 0.715805
1375 0.00677736 0.0223439 0.595569
1376 0.00167178 0.0181944 0.707001
1377 0.00595669 0.0225893 0.60968
1378 0.00167178 0.0191667 0.697751
1379 0.00510866 0.0227908 0.622471
1380 0.00167178 0.0201389 0.688078
1381 0.00423345 0.0229325 0.633894
1382 0.00167178 0.0211111 0.678008
1383 0.00342815 0.0231155 0.641637
1384 0.00171421 0.0220955 0.667171
1385 0.00262839 0.0233089 0.647097
1386 0.00176633 0.0231335 0.655311
1387 0.00779887 0.0179172 0.620564
1388 0.00832231 0.0185123 0.600973
1389 0.00893672 0.0190315 0.578121
1390 0.00704991 0.0176878 0.640188
1391 0.00634315 0.0173252 0.658311
1392 0.00956448 0.0195939 0.552474
1393 0.00570834 0.0168643 0.674169
1394 0.0101818 0.0201792 0.524803
1395 0.00493556 0.0167263 0.687798
1396 0.00412324 0.0164719 0.701054
1397 0.00329524 0.0161992 0.712518
1398 0.00934401 0.0205203 0.548238
1399 0.00854041 0.0208509 0.568309
1400 0.00772139 0.021166 0.586628
1401 0.00250007 0.0167538 0.714643
1402 0.0069241 0.0214194 0.602766
1403 0.00253578 0.0176918 0.706028
1404 0.00614269 0.021671 0.61639
1405 0.00255257 0.0186608 0.696821
1406 0.00533587 0.0219003 0.628657
1407 0.00250159 0.0196528 0.687506
1408 0.00452039 0.0220959 0.6393
1409 0.00249757 0.0206326 0.677523
1410 0.00350938 0.0221246 0.651943
1411 0.00255607 0.0216006 0.666804
1412 0.00261149 0.0224641 0.656851
1413 0.00733011 0.0186042 0.624501
1414 0.0080529 0.0193312 0.59887
1415 0.00637006 0.0181817 0.649291
1416 0.0053206 0.017758 0.672305
1417 0.00428951 0.0174932 0.689768
1418 0.00336264 0.0171256 0.70378
1419 0.00786756 0.0202213 0.593625
1420 0.00704334 0.0204523 0.610886
1421 0.00628422 0.0207228 0.624044
1422 0.00346004 0.0181295 0.693541
1423 0.00552098 0.0210138 0.635173
1424 0.00342936 0.0191335 0.684142
1425 0.0047603 0.0212031 0.645512
1426 0.00331776 0.0201352 0.675163
1427 0.00402374 0.0214419 0.653084
1428 0.00327938 0.021161 0.664778
1429 0.00621695 0.0197054 0.636468
1430 0.00555605 0.0187789 0.658184
1431 0.00449345 0.0186131 0.676368
1432 0.00563549 0.0202297 0.641533
1433 0.00487658 0.0203608 0.652763
1434 0.00422275 0.0196896 0.669103
1435 0.00403879 0.0205914 0.662061
1436 0.00719149 0.0195634 0.617295
1437 0.00805381 0.032366 0.440779
1438 0.00762204 0.0315142 0.462816
1439 0.0113532 0.0352713 0.309064
1440 0.00651522 0.0299216 0.508316
1441 0.0115672 0.0407395 0.215575
1442 0.0121507 0.0400728 0.210367
1443 0.0127003 0.0393724 0.205227
1444 0.0109306 0.0413863 0.221059
1445 0.0132146 0.0386179 0.200548
1446 0.0102693 0.0419926 0.22633
1447 0.0136949 0.0378562 0.195571
1448 0.00956832 0.0425443 0.232028
1449 0.0141169 0.0370699 0.191501
1450 0.00884377 0.0430691 0.237137
1451 0.0144878 0.0362613 0.188153
1452 0.00808405 0.0435548 0.242103
1453 0.0148203 0.0354229 0.185214
1454 0.00730186 0.0439798 0.247096
1455 0.0151051 0.0345807 0.182807
1456 0.00649373 0.0443613 0.251757
1457 0.0153384 0.0337261 0.181261
1458 0.00567286 0.0447149 0.255456
1459 0.0155279 0.0328381 0.180521
1460 0.00484045 0.0450149 0.258783
1461 0.015664 0.0319547 0.18075
1462 0.0039519 0.0452449 0.26259
1463 0.0157436 0.0310643 0.182302
1464 0.00306476 0.0454355 0.265414
1465 0.0157808 0.0301717 0.184648
1466 0.0021873 0.0456023 0.266863
1467 0.0157685 0.0292764 0.188249
1468 0.00118184 0.0457216 0.268153
1469 0.0156974 0.0283825 0.193719
1470 0.0155846 0.027478 0.200487
1471 0.0154091 0.0266121 0.209924
1472 0.0151933 0.0257483 0.22142
1473 0.0007913 0.0442669 0.305328
1474 0.0149196 0.0248867 0.236641
1475 0.000845945 0.0433896 0.326034
1476 0.0146347 0.024041 0.25392
1477 0.000848121 0.0424518 0.347568
1478 0.0142286 0.0231941 0.282091
1479 0.000815821 0.0414855 0.369057
1480 0.0137537 0.0223209 0.32096
1481 0.000815821 0.0405435 0.389159
1482 0.000815821 0.0396014 0.408555
1483 0.000815821 0.0386594 0.427269
1484 0.000815821 0.0377174 0.445325
1485 0.0122612 0.0227308 0.405621
1486 0.000815821 0.0367754 0.46275
1487 0.0114445 0.0231268 0.438494
1488 0.000815821 0.0358333 0.47957
1489 0.0105779 0.0235142 0.469229
1490 0.000815821 0.0348913 0.495813
1491 0.00972549 0.0238953 0.495553
1492 0.000815821 0.0339493 0.511504
1493 0.00883786 0.024226 0.520142
1494 0.000815821 0.0330072 0.526672
1495 0.00793759 0.0245306 0.54203
1496 0.000815821 0.0320652 0.541341
1497 0.00703008 0.0248059 0.561236
1498 0.000815821 0.0311232 0.555538
1499 0.00610312 0.0250511 0.578144
1500 0.000815821 0.0301812 0.569287
1501 0.00517218 0.0252597 0.592533
1502 0.000815821 0.0292391 0.582616
1503 0.00423052 0.0254408 0.604487
1504 0.000815821 0.0282971 0.595546
1505 0.00325521 0.0255875 0.614317
1506 0.000842454 0.0273126 0.608546
1507 0.00221051 0.0257072 0.621977
1508 0.000723122 0.0264835 0.619638
1509 0.00101617 0.0256793 0.628866
1510 0.00069843 0.0450153 0.287214
1511 0.0128984 0.0222916 0.377781
1512 0.0112296 0.0398691 0.240882
1513 0.0106556 0.0404965 0.245273
1514 0.0117682 0.0392188 0.236474
1515 0.0122808 0.0385274 0.232111
1516 0.0100376 0.0410826 0.25013
1517 0.0127489 0.0378044 0.228236
1518 0.0093995 0.0416284 0.254781
1519 0.0131757 0.037071 0.22452
1520 0.00873006 0.0421549 0.259024
1521 0.0135575 0.0363129 0.221378
1522 0.00801845 0.0426244 0.263799
1523 0.013894 0.0355316 0.218879
1524 0.00729657 0.0430451 0.268247
1525 0.0141794 0.0347334 0.217252
1526 0.00653547 0.0434292 0.272595
1527 0.0144322 0.0339287 0.215755
1528 0.00575636 0.0437618 0.276738
1529 0.0146351 0.033101 0.215288
1530 0.00497366 0.0440734 0.279768
1531 0.0147867 0.0322642 0.215891
1532 0.00417497 0.0443592 0.281936
1533 0.0148915 0.031431 0.217413
1534 0.00328108 0.0445105 0.286493
1535 0.0149556 0.0305824 0.21983
1536 0.0024144 0.0446441 0.28937
1537 0.0149578 0.0297314 0.22414
1538 0.00156531 0.0448351 0.288934
1539 0.014919 0.028899 0.229547
1540 0.0148325 0.0280523 0.236702
1541 0.014683 0.0272113 0.246614
1542 0.0144884 0.026379 0.258887
1543 0.0142654 0.0255459 0.273177
1544 0.00168063 0.0439429 0.310108
1545 0.0139878 0.0247232 0.291611
1546 0.00172281 0.0429852 0.332334
1547 0.0138023 0.0239162 0.306292
1548 0.00167119 0.0419904 0.354996
1549 0.0131912 0.0232657 0.348954
1550 0.00163007 0.0410145 0.376372
1551 0.00163007 0.0400725 0.396083
1552 0.00163007 0.0391304 0.415098
1553 0.00163007 0.0381884 0.43344
1554 0.00163007 0.0372464 0.451136
1555 0.0122531 0.0236564 0.395132
1556 0.00163007 0.0363043 0.468213
1557 0.0113701 0.0240527 0.431094
1558 0.00163007 0.0353623 0.484697
1559 0.0105219 0.0244769 0.460325
1560 0.00163007 0.0344203 0.500618
1561 0.00958538 0.0248219 0.489593
1562 0.00163007 0.0334783 0.516002
1563 0.00864588 0.0251373 0.515216
1564 0.00163007 0.0325362 0.530876
1565 0.00772228 0.0254471 0.536819
1566 0.00163007 0.0315942 0.545266
1567 0.00677363 0.0257051 0.55628
1568 0.00163007 0.0306522 0.559196
1569 0.00582425 0.0259523 0.572624
1570 0.00163007 0.0297101 0.572688
1571 0.0048529 0.0261576 0.586684
1572 0.00163325 0.0287513 0.585979
1573 0.00387097 0.0263176 0.598318
1574 0.00166331 0.0277469 0.599335
1575 0.00283717 0.0264626 0.607508
1576 0.00168668 0.0265976 0.614197
1577 0.010854 0.0390218 0.266178
1578 0.0103566 0.0396365 0.268876
1579 0.00977725 0.0402272 0.272888
1580 0.0113656 0.0384143 0.261687
1581 0.0118488 0.0377137 0.258228
1582 0.00917258 0.0407318 0.27778
1583 0.0122497 0.0370261 0.255875
1584 0.00857851 0.041248 0.280843
1585 0.0126367 0.0363329 0.252888
1586 0.00790872 0.041732 0.284803
1587 0.0129992 0.035598 0.250106
1588 0.00723545 0.042132 0.289149
1589 0.0132647 0.0348451 0.249872
1590 0.00654364 0.0425174 0.292719
1591 0.0135198 0.0340878 0.249044
1592 0.0057826 0.0428262 0.297577
1593 0.0137665 0.033328 0.247521
1594 0.00503303 0.0431165 0.301142
1595 0.0139235 0.0325149 0.248955
1596 0.00430936 0.0434585 0.301699
1597 0.0140289 0.0317443 0.251268
1598 0.00357813 0.0437592 0.301811
1599 0.0141285 0.0309576 0.253168
1600 0.0026571 0.0436131 0.312546
1601 0.0141586 0.0301447 0.2574
1602 0.014117 0.0293539 0.264129
1603 0.0140824 0.0285654 0.27014
1604 0.0139625 0.0277619 0.279883
1605 0.0137697 0.0269779 0.293198
1606 0.0135778 0.0261749 0.307028
1607 0.013329 0.025323 0.324923
1608 0.0130151 0.0243621 0.348717
1609 0.00255686 0.0425187 0.338314
1610 0.00249138 0.0415135 0.36094
1611 0.00244432 0.0405435 0.381874
1612 0.00244432 0.0396014 0.401175
1613 0.00244432 0.0386594 0.419787
1614 0.00244432 0.0377174 0.437735
1615 0.00244432 0.0367754 0.455047
1616 0.012102 0.0244677 0.393782
1617 0.00244432 0.0358333 0.471753
1618 0.0114377 0.0250853 0.41721
1619 0.00244432 0.0348913 0.487882
1620 0.0103849 0.0254312 0.454835
1621 0.00244432 0.0339493 0.503462
1622 0.00940586 0.0257662 0.48465
1623 0.00244432 0.0330072 0.518519
1624 0.00843387 0.0260897 0.510131
1625 0.00244432 0.0320652 0.533082
1626 0.00747892 0.0263829 0.531704
1627 0.00244432 0.0311232 0.547176
1628 0.00648781 0.0266445 0.550991
1629 0.00244432 0.0301812 0.560826
1630 0.00550739 0.0268703 0.567011
1631 0.00244432 0.0292391 0.57405
1632 0.00451171 0.0270748 0.580244
1633 0.00244506 0.0283091 0.586698
1634 0.0035404 0.0271921 0.591086
1635 0.00254253 0.0273477 0.598654
1636 0.0104591 0.0381918 0.291066
1637 0.0099318 0.0387846 0.295031
1638 0.00958399 0.039459 0.291744
1639 0.00893516 0.039854 0.299981
1640 0.0110605 0.0376812 0.282289
1641 0.0113406 0.0369508 0.285361
1642 0.00830445 0.040332 0.304812
1643 0.0117095 0.036268 0.283958
1644 0.00784778 0.0409418 0.302074
1645 0.0122002 0.0356752 0.27619
1646 0.007141 0.0412217 0.309886
1647 0.0123584 0.0349283 0.280646
1648 0.00648938 0.0416158 0.31293
1649 0.0125946 0.0341941 0.281399
1650 0.00585545 0.0420037 0.314471
1651 0.0128515 0.0334698 0.280373
1652 0.0050706 0.0420823 0.32367
1653 0.0131778 0.0327819 0.275362
1654 0.00427471 0.0425217 0.323344
1655 0.0131483 0.032017 0.283974
1656 0.00344223 0.0429385 0.322048
1657 0.0132457 0.031259 0.28698
1658 0.0134562 0.0305246 0.28447
1659 0.0133037 0.0297748 0.296666
1660 0.0132646 0.0290143 0.303924
1661 0.0133429 0.0282582 0.305687
1662 0.0130283 0.0275681 0.324695
1663 0.0128498 0.0267929 0.338489
1664 0.0126979 0.0260015 0.35164
1665 0.0124321 0.0251916 0.371199
1666 0.00337426 0.0420082 0.343466
1667 0.00330914 0.041028 0.365175
1668 0.00332053 0.0400766 0.384843
1669 0.00332861 0.0391468 0.403389
1670 0.00329746 0.0382016 0.421917
1671 0.00325857 0.0372464 0.440048
1672 0.00325857 0.0363043 0.456954
1673 0.00325857 0.0353623 0.473269
1674 0.0111225 0.026064 0.419752
1675 0.00325857 0.0344203 0.489021
1676 0.0101809 0.026399 0.451439
1677 0.00325857 0.0334783 0.504238
1678 0.00918666 0.0267095 0.480708
1679 0.00325857 0.0325362 0.51895
1680 0.00820373 0.0270523 0.505024
1681 0.00325857 0.0315942 0.533183
1682 0.00719731 0.0273128 0.527074
1683 0.00325857 0.0306522 0.546966
1684 0.00620847 0.0275796 0.545007
1685 0.00328906 0.0296959 0.560211
1686 0.00518634 0.0277901 0.56078
1687 0.00329433 0.0287544 0.573082
1688 0.00412804 0.0280868 0.57243
1689 0.00319254 0.0279385 0.584964
1690 0.0119172 0.025791 0.389163
1691 0.00954353 0.0379623 0.319011
1692 0.00483012 0.0410475 0.348682
1693 0.00890069 0.0388276 0.31964
1694 0.00806376 0.0394689 0.32634
1695 0.00580783 0.0293877 0.52906
1696 0.0107731 0.0362138 0.313183
1697 0.00726849 0.0401967 0.328201
1698 0.0105194 0.0279161 0.422862
1699 0.0102945 0.0371422 0.312659
1700 0.00632052 0.0406706 0.335259
1701 0.0116531 0.0343282 0.311752
1702 0.00562103 0.041224 0.334477
1703 0.0119444 0.0335047 0.312044
1704 0.0122619 0.0325939 0.311264
1705 0.00416244 0.041529 0.346266
1706 0.0123658 0.0315329 0.318425
1707 0.0125128 0.030492 0.322803
1708 0.0124468 0.0294376 0.334782
1709 0.0124217 0.0284092 0.344667
1710 0.0120894 0.027439 0.366921
1711 0.0119356 0.026572 0.381218
1712 0.00415996 0.0405306 0.367335
1713 0.00424511 0.0396388 0.384467
1714 0.0041919 0.0386905 0.40359
1715 0.0041312 0.0377352 0.422248
1716 0.00407282 0.0367754 0.440317
1717 0.00407282 0.0358333 0.456794
1718 0.00407282 0.0348913 0.472695
1719 0.011024 0.027106 0.41304
1720 0.00407282 0.0339493 0.488048
1721 0.00993898 0.0273062 0.449743
1722 0.00407282 0.0330072 0.502882
1723 0.00894966 0.0276876 0.476422
1724 0.00407282 0.0320652 0.517228
1725 0.00795719 0.0280002 0.499983
1726 0.00407282 0.0311232 0.531112
1727 0.00696376 0.0282428 0.520744
1728 0.00411051 0.0301786 0.544129
1729 0.00597221 0.0284793 0.538026
1730 0.00415367 0.0291748 0.55747
1731 0.004982 0.0287547 0.551387
1732 0.00916674 0.0370762 0.34315
1733 0.00854644 0.0378319 0.345176
1734 0.00972939 0.0362745 0.341436
1735 0.00778446 0.0384987 0.349978
1736 0.00701712 0.0391267 0.353379
1737 0.0102541 0.0354319 0.339609
1738 0.0062134 0.0397061 0.356194
1739 0.0106662 0.0345397 0.340023
1740 0.00523586 0.0402134 0.36074
1741 0.0109809 0.0336688 0.341751
1742 0.0112494 0.0328037 0.343753
1743 0.0114442 0.0318987 0.347627
1744 0.011584 0.0309618 0.352922
1745 0.0115827 0.0299765 0.363058
1746 0.0115031 0.0290582 0.37521
1747 0.0113703 0.0281156 0.389525
1748 0.00677279 0.038145 0.375949
1749 0.00503316 0.0382198 0.402096
1750 0.00494903 0.0372589 0.420814
1751 0.00488707 0.0363043 0.43849
1752 0.00488707 0.0353623 0.454515
1753 0.00488707 0.0344203 0.469978
1754 0.00488707 0.0334783 0.484905
1755 0.00968479 0.0283209 0.446476
1756 0.00488707 0.0325362 0.499338
1757 0.00872209 0.0287036 0.470804
1758 0.00492461 0.0316178 0.5124
1759 0.00770399 0.028948 0.494515
1760 0.0049449 0.0307004 0.525262
1761 0.00672805 0.0291337 0.514386
1762 0.00496425 0.0297557 0.53813
1763 0.00866988 0.0361989 0.369368
1764 0.00815026 0.03691 0.369665
1765 0.00752283 0.0375929 0.371362
1766 0.00923688 0.0354452 0.366953
1767 0.00516421 0.0391936 0.381829
1768 0.00600904 0.0386873 0.378957
1769 0.00968393 0.0346416 0.366862
1770 0.0100316 0.0338239 0.36844
1771 0.0102988 0.0329816 0.371623
1772 0.0104982 0.0321497 0.375866
1773 0.0106423 0.0313093 0.381228
1774 0.0108907 0.0304848 0.382191
1775 0.0106283 0.0296844 0.400055
1776 0.0105374 0.0287724 0.41312
1777 0.00583351 0.0377224 0.399501
1778 0.00574067 0.0367765 0.417759
1779 0.00573219 0.0358592 0.433593
1780 0.0057206 0.0349285 0.449147
1781 0.00570132 0.0339493 0.465056
1782 0.00571768 0.0330378 0.478796
1783 0.00957676 0.0294575 0.43679
1784 0.00574501 0.0321014 0.492268
1785 0.00842638 0.0297122 0.466512
1786 0.00581966 0.0311992 0.503964
1787 0.0073746 0.0298856 0.490247
1788 0.00581037 0.0303426 0.51607
1789 0.00756153 0.0360198 0.39715
1790 0.00827078 0.0354098 0.391123
1791 0.00730119 0.0368152 0.389128
1792 0.00661853 0.0372438 0.394762
1793 0.00875786 0.0346624 0.390736
1794 0.00909759 0.0339073 0.393028
1795 0.00940828 0.0331397 0.395289
1796 0.00960338 0.0322886 0.401009
1797 0.00977396 0.0314365 0.406827
1798 0.010028 0.0304903 0.410479
1799 0.00658813 0.0363361 0.410928
1800 0.00658297 0.0354643 0.425471
1801 0.00651923 0.0345087 0.441921
1802 0.00654803 0.0335594 0.45602
1803 0.00655251 0.0326356 0.469661
1804 0.00907641 0.0305544 0.438077
1805 0.00664499 0.0316754 0.481705
1806 0.00801489 0.0306886 0.464508
1807 0.00683189 0.0307952 0.490194
1808 0.00729658 0.0350572 0.418008
1809 0.00816979 0.0339164 0.416002
1810 0.00849508 0.0332191 0.418164
1811 0.00884145 0.0325321 0.418717
1812 0.00877034 0.031637 0.432657
1813 0.00730674 0.0341105 0.432414
1814 0.00746281 0.0331357 0.443585
1815 0.00725107 0.0322384 0.460945
1816 0.00796153 0.0346303 0.410106
