1 1.53081e-18 -0.025 0.315968
2 1.02054e-18 0.0133333 0.761559
3 1.53081e-18 0.025 0.649961
4 1.02054e-18 0.0466667 0.250553
5 0.0146855 0.0378813 0.161124
6 0.0239236 -0.00725686 0.16
7 0.0138888 0.020787 0.357824
8 0 0.0115909 0.771379
9 0 0.00984848 0.779793
10 0 0.00810606 0.785917
11 0 0.00636364 0.78956
12 0 0.00462121 0.790646
13 0 0.00287879 0.789031
14 0 0.00113636 0.784581
15 0 -0.000606061 0.777177
16 0 -0.00234848 0.766707
17 0 -0.00409091 0.753074
18 0 -0.00583333 0.736187
19 0 -0.00757576 0.715965
20 0 -0.00931818 0.692333
21 0 -0.0110606 0.665221
22 0 -0.012803 0.634567
23 0 -0.0145455 0.600312
24 0 -0.0162879 0.562399
25 0 -0.0180303 0.520765
26 0 -0.0197727 0.475336
27 0 -0.0215152 0.42618
28 0 -0.0232576 0.374097
29 0.0243569 -0.00563396 0.154529
30 0.0246801 -0.00398643 0.150408
31 0.024892 -0.00232136 0.14777
32 0.0249917 -0.000645885 0.146644
33 0.0249787 0.00103281 0.147076
34 0.024853 0.00270754 0.149083
35 0.024615 0.00437036 0.152669
36 0.0242661 0.00601287 0.157806
37 0.0238079 0.00762773 0.164458
38 0.0232425 0.00920802 0.172597
39 0.0225722 0.010747 0.182211
40 0.0217998 0.012238 0.193301
41 0.0209288 0.0136743 0.205946
42 0.0199635 0.0150486 0.220363
43 0.0189085 0.0163544 0.237073
44 0.0177685 0.0175863 0.257257
45 0.0165484 0.018739 0.283958
46 0.0152534 0.0198075 0.340866
47 0.0129152 0.0194655 0.436214
48 0.0118166 0.0182464 0.50096
49 0.0106036 0.0171415 0.558351
50 0.00928763 0.016161 0.60924
51 0.00788126 0.0153145 0.65324
52 0.00639843 0.0146105 0.689967
53 0.00485398 0.0140558 0.719158
54 0.00326263 0.0136558 0.740508
55 0.0016395 0.0134142 0.754144
56 0.0016788 -0.0249436 0.31297
57 0.00334922 -0.0247746 0.310234
58 0.0050041 -0.0244941 0.306307
59 0.00663636 -0.0241031 0.301035
60 0.00823901 -0.0236034 0.294579
61 0.00980514 -0.0229969 0.286963
62 0.0113273 -0.0222866 0.278297
63 0.0127978 -0.0214759 0.268764
64 0.0142101 -0.0205687 0.258556
65 0.0155583 -0.0195689 0.247834
66 0.0168364 -0.0184807 0.236781
67 0.018039 -0.0173088 0.225582
68 0.0191606 -0.0160584 0.214439
69 0.0201955 -0.0147357 0.20359
70 0.0211389 -0.0133471 0.193213
71 0.0219869 -0.0118986 0.183499
72 0.0227357 -0.0103965 0.174625
73 0.0233823 -0.008847 0.166733
74 0 0.0233333 0.669782
75 0 0.0216667 0.688423
76 0 0.02 0.705694
77 0 0.0183333 0.721663
78 0 0.0166667 0.736672
79 0 0.015 0.75106
80 0.0124995 0.0216509 0.422396
81 0.0110568 0.022422 0.472982
82 0.00956681 0.0230971 0.518291
83 0.00803575 0.0236733 0.556834
84 0.0064702 0.0241482 0.588439
85 0.00487703 0.0245197 0.613135
86 0.00326308 0.0247861 0.631208
87 0.00163513 0.0249465 0.6429
88 0.0138433 0.0392812 0.170262
89 0.0128684 0.0405916 0.180414
90 0.0117701 0.0418001 0.191101
91 0.010559 0.0428952 0.201861
92 0.00924663 0.0438664 0.212279
93 0.00784561 0.0447046 0.221928
94 0.00636926 0.0454016 0.230401
95 0.00483167 0.0459509 0.237398
96 0.00324747 0.0463472 0.242724
97 0.00163178 0.0465866 0.246574
98 0.0147241 0.0221911 0.259977
99 0.0154177 0.0236698 0.208853
100 0.0159632 0.025209 0.180781
101 0.0163554 0.026794 0.162975
102 0.0165906 0.0284096 0.151799
103 0.0166666 0.0300404 0.145621
104 0.0165827 0.0316709 0.143224
105 0.0163396 0.0332855 0.144036
106 0.0159397 0.0348688 0.147584
107 0.0153866 0.0364056 0.153409
108 0 0.045 0.294856
109 0 0.0433333 0.334524
110 0 0.0416667 0.372482
111 0 0.04 0.408225
112 0 0.0383333 0.441819
113 0 0.0366667 0.473432
114 0 0.035 0.503195
115 0 0.0333333 0.531255
116 0 0.0316667 0.557758
117 0 0.03 0.58283
118 0 0.0283333 0.606286
119 0 0.0266667 0.628317
120 0.0108679 -0.0150967 0.470779
121 0.0170711 -0.00829188 0.415851
122 0.0150401 0.0169001 0.39547
123 0.0126355 0.00216368 0.607355
124 0.00547354 -0.022791 0.355916
125 0.00387606 -0.0229966 0.363959
126 0.00213155 -0.0233091 0.364551
127 0.00704077 -0.0224079 0.348934
128 0.00847511 -0.021851 0.344559
129 0.00990179 -0.0212431 0.337476
130 0.0113214 -0.0205203 0.329396
131 0.0014302 -0.0205958 0.44835
132 0.0126609 -0.0196938 0.321522
133 0.00150898 -0.0189015 0.493961
134 0.0139504 -0.0188042 0.312307
135 0.00150898 -0.0171591 0.537445
136 0.0151814 -0.0178315 0.302592
137 0.00150898 -0.0154167 0.577176
138 0.0163702 -0.0167826 0.291771
139 0.00150898 -0.0136742 0.613228
140 0.0174694 -0.0156277 0.282031
141 0.00150898 -0.0119318 0.645649
142 0.0184547 -0.0144265 0.273087
143 0.00150898 -0.0101894 0.674493
144 0.0193846 -0.0131617 0.263541
145 0.00150898 -0.00844697 0.699821
146 0.0202299 -0.0118406 0.254357
147 0.00150898 -0.00670455 0.721697
148 0.0209841 -0.0104625 0.245916
149 0.00150898 -0.00496212 0.740192
150 0.0216533 -0.00906448 0.23759
151 0.00150898 -0.0032197 0.755384
152 0.0221779 -0.00757471 0.232819
153 0.00150898 -0.00147727 0.767358
154 0.0226409 -0.00604252 0.22753
155 0.00150898 0.000265152 0.776207
156 0.0230351 -0.00447522 0.221897
157 0.00150898 0.00200758 0.782033
158 0.0232595 -0.00294263 0.220052
159 0.00150898 0.00375 0.784952
160 0.0234288 -0.00137922 0.217465
161 0.00150898 0.00549242 0.785089
162 0.023445 0.000199037 0.218417
163 0.00150898 0.00723485 0.782591
164 0.0233702 0.0017692 0.22015
165 0.00152124 0.0090269 0.777359
166 0.0232106 0.00331426 0.222471
167 0.00150898 0.0107197 0.770222
168 0.0229429 0.00486403 0.226353
169 0.00121323 0.0122106 0.76358
170 0.0225317 0.00639032 0.233483
171 0.0220439 0.00789132 0.240904
172 0.00267176 0.012113 0.755839
173 0.0214698 0.00935148 0.24928
174 0.0044405 0.0125258 0.735541
175 0.0208084 0.0107935 0.258426
176 0.00609728 0.0130463 0.707774
177 0.0200213 0.0121811 0.270604
178 0.00773847 0.0137083 0.671008
179 0.0191289 0.0134822 0.285835
180 0.00928884 0.0145403 0.626191
181 0.0181664 0.01474 0.302581
182 0.0108235 0.0155597 0.570831
183 0.017212 0.0159437 0.318864
184 0.0123082 0.0167924 0.50423
185 0.0163074 0.017118 0.334197
186 0.0138699 0.0184901 0.414657
187 0.00128258 -0.0220156 0.407584
188 0.0153526 0.0182668 0.358562
189 0.00598799 -0.021364 0.392759
190 0.0044529 -0.0211737 0.414063
191 0.00283076 -0.0216464 0.411666
192 0.00724236 -0.0207356 0.395082
193 0.00859579 -0.020184 0.390078
194 0.00994049 -0.0195488 0.383562
195 0.0112388 -0.0188661 0.375261
196 0.00297689 -0.0199342 0.459461
197 0.0124387 -0.0180045 0.369956
198 0.00298403 -0.0181039 0.507265
199 0.0136029 -0.0171604 0.361441
200 0.00300476 -0.0162879 0.550525
201 0.0148112 -0.0162451 0.349724
202 0.00300476 -0.0145455 0.588365
203 0.0158405 -0.0151922 0.342445
204 0.00300476 -0.012803 0.622538
205 0.0168212 -0.0140736 0.334429
206 0.00300476 -0.0110606 0.653097
207 0.0177118 -0.0128923 0.327024
208 0.00300476 -0.00931818 0.680096
209 0.018574 -0.0117357 0.316825
210 0.00300476 -0.00757576 0.703597
211 0.0193487 -0.010464 0.308305
212 0.00300476 -0.00583333 0.723669
213 0.0199469 -0.00914118 0.303904
214 0.00300476 -0.00409091 0.740382
215 0.0205077 -0.00777156 0.29839
216 0.00300476 -0.00234848 0.753817
217 0.0209752 -0.00637168 0.29375
218 0.00300476 -0.000606061 0.764059
219 0.0213878 -0.00494894 0.288427
220 0.00300476 0.00113636 0.771205
221 0.0216641 -0.00348681 0.285887
222 0.00300476 0.00287879 0.77536
223 0.0218939 -0.00204683 0.282216
224 0.00300476 0.00462121 0.77664
225 0.0219939 -0.000544403 0.281221
226 0.00300476 0.00636364 0.775172
227 0.0219268 0.000907949 0.284369
228 0.00299228 0.00817263 0.771012
229 0.0218234 0.00238779 0.28617
230 0.00303324 0.0100921 0.763308
231 0.0216144 0.00385073 0.289596
232 0.0213297 0.00527724 0.293574
233 0.0208402 0.00667674 0.303615
234 0.0203694 0.00803532 0.310544
235 0.0198443 0.00945719 0.316299
236 0.00588857 0.0114262 0.722256
237 0.0191235 0.0107457 0.329136
238 0.00757967 0.0120362 0.687626
239 0.0183388 0.0120222 0.342459
240 0.00921251 0.012782 0.644675
241 0.01742 0.0132293 0.360459
242 0.0108653 0.0138035 0.589493
243 0.0164252 0.014381 0.38152
244 0.0124615 0.0149164 0.524656
245 0.015585 0.0155372 0.396149
246 0.0138005 0.016177 0.457055
247 0.00432488 0.0108978 0.74666
248 0.00581028 -0.0198212 0.438229
249 0.00724635 -0.0191322 0.438628
250 0.00861317 -0.0184833 0.434632
251 0.00990538 -0.0178786 0.426825
252 0.0110979 -0.0173398 0.415777
253 0.0119601 -0.0162463 0.422377
254 0.00445311 -0.0172372 0.517611
255 0.0133764 -0.0157301 0.399168
256 0.00450053 -0.0154167 0.558677
257 0.014262 -0.014665 0.398303
258 0.00450053 -0.0136742 0.594598
259 0.0152249 -0.0136412 0.391237
260 0.00450053 -0.0119318 0.626858
261 0.0160849 -0.0125178 0.385874
262 0.00450053 -0.0101894 0.65551
263 0.0168696 -0.0113741 0.380104
264 0.00450053 -0.00844697 0.680615
265 0.0178636 -0.0104596 0.360747
266 0.00450053 -0.00670455 0.702235
267 0.0182784 -0.00917331 0.364183
268 0.00450053 -0.00496212 0.720438
269 0.0188271 -0.00791634 0.359849
270 0.00450053 -0.0032197 0.735297
271 0.0192768 -0.00660253 0.356988
272 0.00450053 -0.00147727 0.74689
273 0.0197248 -0.00527499 0.351516
274 0.00450053 0.000265152 0.755305
275 0.0200559 -0.00390293 0.348057
276 0.00450053 0.00200758 0.760638
277 0.0202916 -0.00254733 0.345501
278 0.00450053 0.00375 0.763
279 0.020691 -0.00122132 0.333624
280 0.00450053 0.00549242 0.762511
281 0.0204383 0.000130828 0.345727
282 0.00445205 0.00724763 0.759827
283 0.0203803 0.00149981 0.347471
284 0.00442258 0.00902924 0.754279
285 0.0202583 0.00291275 0.349129
286 0.0200017 0.00428921 0.353767
287 0.0198209 0.00558445 0.353317
288 0.0189999 0.00672029 0.377693
289 0.0189318 0.00823231 0.366489
290 0.0181735 0.0093911 0.383942
291 0.00735808 0.010352 0.703223
292 0.0174368 0.0105665 0.398394
293 0.00909086 0.0109378 0.66242
294 0.0166303 0.0117795 0.413436
295 0.0108337 0.0119185 0.609275
296 0.015608 0.0129363 0.436432
297 0.0125426 0.0131058 0.544574
298 0.0143855 0.0141355 0.465885
299 0.00576019 0.00977933 0.733408
300 0.00587025 -0.0181489 0.481112
301 0.00730416 -0.0174097 0.48106
302 0.0087456 -0.0167316 0.474844
303 0.0102073 -0.0163032 0.458044
304 0.0123646 -0.0144262 0.451515
305 0.00595512 -0.016363 0.522795
306 0.00599631 -0.0145455 0.561694
307 0.0135425 -0.0132694 0.444288
308 0.00599631 -0.012803 0.595668
309 0.0145169 -0.0121391 0.438088
310 0.00599631 -0.0110606 0.625954
311 0.0153444 -0.0109216 0.434162
312 0.00599631 -0.00931818 0.652648
313 0.0163631 -0.00957281 0.422855
314 0.00599631 -0.00757576 0.675803
315 0.00599631 -0.00583333 0.695478
316 0.017452 -0.00689581 0.418574
317 0.00599631 -0.00409091 0.711739
318 0.00599631 -0.00234848 0.724658
319 0.0180333 -0.00559725 0.410457
320 0.00599631 -0.000606061 0.734312
321 0.0184435 -0.00422582 0.406008
322 0.00599631 0.00113636 0.740784
323 0.0186973 -0.00279913 0.404778
324 0.00599631 0.00287879 0.744175
325 0.0189716 -0.00112615 0.400659
326 0.00599631 0.00462121 0.744603
327 0.00599631 0.00636364 0.742167
328 0.0187919 0.000699886 0.409349
329 0.00583601 0.00808397 0.739489
330 0.0190421 0.00209625 0.398467
331 0.0186003 0.00341338 0.411826
332 0.018571 0.00501209 0.405691
333 0.0173677 0.00762904 0.432355
334 0.0165253 0.00908198 0.44962
335 0.00866031 0.00895126 0.685
336 0.0158197 0.0103424 0.461761
337 0.0108404 0.00977139 0.626948
338 0.0150597 0.0115543 0.474893
339 0.0124403 0.0111731 0.568223
340 0.00701394 0.00891576 0.716969
341 0.0074631 -0.015608 0.520085
342 0.00917607 -0.014879 0.508276
343 0.0119367 -0.0126542 0.494799
344 0.00753762 -0.0138041 0.556271
345 0.0130934 -0.0119126 0.479484
346 0.00749209 -0.0119318 0.591417
347 0.0136743 -0.0106666 0.484628
348 0.00749209 -0.0101894 0.619708
349 0.0144634 -0.00923059 0.483801
350 0.00749209 -0.00844697 0.644395
351 0.00749209 -0.00670455 0.66554
352 0.00749209 -0.00496212 0.683196
353 0.016252 -0.00583928 0.467809
354 0.00749209 -0.0032197 0.697432
355 0.00749209 -0.00147727 0.70832
356 0.0169985 -0.00461502 0.453083
357 0.00749209 0.000265152 0.71593
358 0.017029 -0.00330348 0.46054
359 0.00749209 0.00200758 0.720316
360 0.0173082 -0.00175062 0.458057
361 0.00749209 0.00375 0.721588
362 0.0173025 -4.02629e-05 0.462434
363 0.00749946 0.0055923 0.719577
364 0.00740604 0.00742072 0.716271
365 0.0173607 0.00197969 0.460607
366 0.0169769 0.00418596 0.468263
367 0.0154809 0.00759815 0.499903
368 0.0147102 0.00905385 0.513949
369 0.0103611 0.00779709 0.651038
370 0.0140632 0.0104566 0.522303
371 0.0128811 0.00939467 0.570359
372 0.010642 -0.0136382 0.504862
373 0.0155887 -0.00767888 0.47022
374 0.0161563 0.00602119 0.4875
375 0.00900982 0.00674341 0.686963
376 0.00906544 -0.0129763 0.547375
377 0.0119104 -0.0108423 0.525702
378 0.00901706 -0.0111112 0.580468
379 0.00898786 -0.00931818 0.608039
380 0.00898786 -0.00757576 0.63069
381 0.00898786 -0.00583333 0.649746
382 0.00898786 -0.00409091 0.665298
383 0.0153808 -0.00409832 0.508578
384 0.00898786 -0.00234848 0.677415
385 0.00903575 -0.000611739 0.685212
386 0.00911997 0.00115994 0.689022
387 0.00910453 0.00295231 0.691355
388 0.0157205 -0.000970209 0.512911
389 0.0090402 0.00480821 0.691313
390 0.0156506 0.000811981 0.51835
391 0.0155521 0.00266652 0.52057
392 0.0135473 0.00760129 0.563167
393 0.0105019 -0.0118893 0.53933
394 0.0123648 -0.00922297 0.538811
395 0.0135164 -0.00758198 0.529917
396 0.0143846 -0.00593968 0.523094
397 0.0159899 -0.00250699 0.498363
398 0.0151656 0.00443149 0.528287
399 0.0145601 0.00606462 0.540285
400 0.0118764 0.00676985 0.616608
401 0.0105077 0.00586034 0.655629
402 0.0105397 -0.010077 0.567387
403 0.0105485 -0.00847036 0.589349
404 0.0105344 -0.00670682 0.610435
405 0.0105009 -0.00502316 0.627495
406 0.0104063 -0.00329017 0.642905
407 0.0104979 -0.00155806 0.650936
408 0.0106517 0.000205452 0.654167
409 0.0108675 0.00206045 0.652432
410 0.0105751 0.00395241 0.658456
411 0.0139753 -0.000387159 0.56739
412 0.0140092 0.00146587 0.568871
413 0.0145465 -0.00234492 0.543449
414 0.0133553 -0.00402215 0.567096
415 0.0138954 0.00313428 0.571006
416 0.0131352 0.00601324 0.58414
417 0.011838 -0.00761095 0.571225
418 0.0123024 -0.00586627 0.578918
419 0.0119776 0.00507883 0.620517
420 0.0117248 -0.00419403 0.606594
421 0.0118972 -0.00264989 0.612823
422 0.0120905 -0.000916378 0.616252
423 0.0123541 0.000736037 0.613868
424 0.0122089 0.00350073 0.617923
425 0.0136075 0.00459545 0.575932
426 0.0131608 -0.00204422 0.583511
427 0.00441991 -0.0190872 0.471565
428 0.0118397 0.00824172 0.60922
429 0.0137937 0.0123147 0.511117
430 0.0176241 0.00594175 0.435379
431 0.00583388 0.0192902 0.655992
432 0.00420402 0.0186132 0.687729
433 0.00444 0.0201159 0.669126
434 0.00164513 0.0238191 0.656469
435 0.00902396 0.0180039 0.596119
436 0.00782658 0.0170526 0.637235
437 0.0064454 0.0163034 0.673926
438 0.0102426 0.0187631 0.549575
439 0.00500077 0.0157985 0.702795
440 0.0111289 0.020293 0.499148
441 0.00372243 0.0150785 0.724982
442 0.00215325 0.0150311 0.73937
443 0.00983204 0.0214799 0.52908
444 0.00837966 0.0218807 0.568828
445 0.00153158 0.017613 0.721673
446 0.00683613 0.0225406 0.59959
447 0.00144338 0.0191667 0.70765
448 0.00510109 0.0228587 0.629262
449 0.00168621 0.0208317 0.68946
450 0.00343542 0.0232921 0.647152
451 0.0017368 0.022389 0.672266
452 0.00133218 0.016231 0.734894
453 0.00901092 0.0199626 0.574268
454 0.00758614 0.0187712 0.624841
455 0.00658026 0.0177808 0.656735
456 0.00518235 0.0174441 0.685149
457 0.00331551 0.0167973 0.715407
458 0.00716712 0.0206678 0.613702
459 0.00272569 0.0183903 0.70582
460 0.0055011 0.0212153 0.641126
461 0.00300595 0.0198262 0.689144
462 0.00362283 0.0215739 0.664577
463 0.00475797 0.0425541 0.319795
464 0.00890513 0.0307246 0.445387
465 0.00738556 0.0384572 0.361833
466 0.00844238 0.0336486 0.417378
467 0.0111814 0.040142 0.239104
468 0.0121315 0.0390471 0.230073
469 0.0129719 0.0377864 0.222855
470 0.0100628 0.04114 0.250249
471 0.0136661 0.0365134 0.216743
472 0.00894762 0.0420392 0.258573
473 0.0142422 0.0351138 0.212534
474 0.00765589 0.0428737 0.267421
475 0.0146653 0.0337309 0.210494
476 0.00630797 0.0435515 0.275549
477 0.0149606 0.0322479 0.210924
478 0.00497916 0.0442428 0.27787
479 0.0151098 0.0308121 0.214334
480 0.0036696 0.0449375 0.274807
481 0.0151324 0.0293023 0.220876
482 0.00212341 0.0449788 0.285469
483 0.0149412 0.0278148 0.235695
484 0.0147185 0.0263505 0.251222
485 0.0145208 0.0248822 0.265695
486 0.013452 0.0235965 0.338233
487 0.00154076 0.0423517 0.351284
488 0.00151322 0.0408065 0.385507
489 0.00144338 0.0391667 0.419915
490 0.00144338 0.0375 0.452423
491 0.0107134 0.0239973 0.466621
492 0.00144338 0.0358333 0.482996
493 0.00929132 0.0246963 0.507954
494 0.00144338 0.0341667 0.511783
495 0.00765773 0.0252497 0.547747
496 0.00144338 0.0325 0.538946
497 0.00599195 0.0256969 0.579336
498 0.00144338 0.0308333 0.564646
499 0.00423731 0.0261464 0.602578
500 0.00159207 0.0290881 0.589002
501 0.00259084 0.026266 0.619392
502 0.00144338 0.0275 0.611586
503 0.00115983 0.0261152 0.63089
504 0.00133823 0.0437445 0.319827
505 0.012009 0.0232965 0.420771
506 0.00979735 0.0397001 0.28419
507 0.0104856 0.0385932 0.285961
508 0.0115233 0.0377127 0.270201
509 0.0119546 0.0364215 0.276488
510 0.00844661 0.0402524 0.305849
511 0.0128062 0.035344 0.262239
512 0.00762085 0.0413759 0.299974
513 0.0129552 0.0339654 0.273914
514 0.00617613 0.0416579 0.319744
515 0.0135999 0.032745 0.262251
516 0.00878297 0.0322088 0.429174
517 0.0134743 0.0313743 0.28021
518 0.00325703 0.0433161 0.317848
519 0.0138521 0.0300702 0.274702
520 0.0135646 0.0287514 0.296978
521 0.0133512 0.0272289 0.317365
522 0.0131787 0.0256022 0.33724
523 0.00311764 0.0416624 0.356467
524 0.0029318 0.0400023 0.393381
525 0.00289978 0.0383333 0.427049
526 0.00289978 0.0366667 0.45835
527 0.0105232 0.0256765 0.454195
528 0.00289978 0.035 0.487751
529 0.00895152 0.0263811 0.498309
530 0.00289978 0.0333333 0.515448
531 0.00721032 0.0269091 0.538292
532 0.00289978 0.0316667 0.541595
533 0.00534746 0.0274331 0.56929
534 0.0030977 0.0299117 0.56569
535 0.00331862 0.0279415 0.590913
536 0.00884399 0.0384372 0.330622
537 0.0101449 0.0367451 0.326142
538 0.0111946 0.034701 0.325113
539 0.0069079 0.0400405 0.340523
540 0.0118584 0.0324368 0.331159
541 0.004476 0.0408845 0.359557
542 0.0120878 0.0300708 0.348005
543 0.0118578 0.0265398 0.391541
544 0.00431251 0.0392128 0.395681
545 0.00444407 0.0375331 0.426408
546 0.00441187 0.0358617 0.456816
547 0.0102738 0.0274232 0.44329
548 0.00431261 0.0341849 0.486338
549 0.00850696 0.0280554 0.490821
550 0.00435619 0.0325 0.512584
551 0.00665836 0.0285816 0.529208
552 0.00448666 0.0309284 0.53447
553 0.00482062 0.0291763 0.554448
554 0.0118252 0.028285 0.375872
555 0.00581874 0.0385254 0.388377
556 0.00809702 0.0366724 0.378529
557 0.00921099 0.0350097 0.378016
558 0.0100339 0.0332195 0.380525
559 0.0102794 0.0312123 0.398804
560 0.00618059 0.0366874 0.416298
561 0.00561778 0.0349707 0.454448
562 0.00994262 0.029307 0.432885
563 0.00580145 0.0334837 0.475395
564 0.00794184 0.0296636 0.485335
565 0.00587998 0.0318912 0.498201
566 0.00619048 0.0302525 0.515977
567 0.0072239 0.0348071 0.427863
568 0.00719119 0.032871 0.457961
569 0.00746073 0.0312859 0.474631
570 0.00554338 0.0400454 0.362543
571 0.0119896 0.0247879 0.404098
