1 6.12323e-19 -0.01 0.31146
2 4.08216e-19 0.00533333 0.484962
3 6.12323e-19 0.01 0.430744
4 4.08216e-19 0.0186667 0.255744
5 0.0058742 0.0151525 0.192957
6 0.00956943 -0.00290274 0.191135
7 0.00555552 0.00831481 0.313136
8 0 0.00405556 0.492741
9 0 0.00277778 0.497942
10 0 0.0015 0.499199
11 0 0.000222222 0.496289
12 0 -0.00105556 0.489263
13 0 -0.00233333 0.47797
14 0 -0.00361111 0.46228
15 0 -0.00488889 0.442111
16 0 -0.00616667 0.417491
17 0 -0.00744444 0.388132
18 0 -0.00872222 0.352887
19 0.00986111 -0.0016609 0.184351
20 0.00999229 -0.000392543 0.181512
21 0.00996097 0.000882637 0.182942
22 0.00976767 0.00214302 0.188662
23 0.00941539 0.00336905 0.198656
24 0.00890989 0.00454025 0.212852
25 0.00825969 0.00563715 0.231451
26 0.00747491 0.00664272 0.256626
27 0.00656883 0.00753992 0.296254
28 0.00472657 0.00729851 0.368405
29 0.0037149 0.0064643 0.414043
30 0.00255954 0.00584426 0.449222
31 0.00130514 0.00546234 0.472412
32 0.00127304 -0.00991864 0.305541
33 0.00252487 -0.009676 0.298616
34 0.00373605 -0.00927588 0.288708
35 0.00488606 -0.00872505 0.276064
36 0.00595704 -0.00803204 0.261321
37 0.00693108 -0.00720834 0.245423
38 0.00779201 -0.00626774 0.229474
39 0.00852648 -0.00522485 0.214536
40 0.00912204 -0.00409735 0.201429
41 0 0.00883333 0.447231
42 0 0.00766667 0.463637
43 0 0.0065 0.475546
44 0.0045397 0.00891017 0.347644
45 0.00346102 0.00938197 0.380239
46 0.0023344 0.00972371 0.40501
47 0.00117539 0.00993068 0.421248
48 0.00521611 0.0161517 0.204309
49 0.00439003 0.0170172 0.217673
50 0.00342255 0.0177211 0.230658
51 0.00234484 0.0182407 0.241567
52 0.00119161 0.0185593 0.249329
53 0.00612476 0.00936717 0.234684
54 0.00649672 0.0105043 0.202041
55 0.00665944 0.0116896 0.187519
56 0.00660767 0.012885 0.182511
57 0.00634308 0.0140518 0.184575
58 0 0.0174286 0.289035
59 0 0.0161905 0.318455
60 0 0.0149524 0.344468
61 0 0.0137143 0.368594
62 0 0.0124762 0.391198
63 0 0.0112381 0.411632
64 0.00441615 0.00133941 0.428159
65 0.00544273 0.000968117 0.395946
66 0.00507696 0.00220784 0.406471
67 0.00519709 -0.00218059 0.390646
68 0.00144259 -0.00836827 0.351798
69 0.00278236 -0.00842753 0.33181
70 0.00377475 -0.00796059 0.325507
71 0.00474764 -0.00739137 0.315727
72 0.00569434 -0.00675587 0.301636
73 0.00123852 -0.00684754 0.392948
74 0.00653356 -0.00596059 0.288434
75 0.00110659 -0.00552778 0.422614
76 0.00720758 -0.00507945 0.277721
77 0.00110659 -0.00425 0.445127
78 0.00784718 -0.00414773 0.264009
79 0.00110659 -0.00297222 0.463026
80 0.00831478 -0.00308757 0.254935
81 0.00110659 -0.00169444 0.476426
82 0.00861903 -0.00203621 0.249355
83 0.00110659 -0.000416667 0.485461
84 0.00878951 -0.000898768 0.246862
85 0.00110659 0.000861111 0.49029
86 0.00882882 0.000200615 0.247009
87 0.00117059 0.00219071 0.490106
88 0.00874776 0.00135757 0.249419
89 0.00116664 0.00346636 0.486571
90 0.0084764 0.00244398 0.258187
91 0.000946014 0.00452601 0.482994
92 0.00809636 0.00349994 0.269068
93 0.00749763 0.00447931 0.288635
94 0.00223951 0.00444982 0.467245
95 0.00685819 0.00551218 0.306594
96 0.00359023 0.00517031 0.431818
97 0.00592241 0.00671715 0.334366
98 0.00475257 0.005954 0.387593
99 0.0025123 -0.00738603 0.364261
100 0.00358616 -0.00673293 0.360154
101 0.00457003 -0.00613694 0.349331
102 0.00547463 -0.00568294 0.331217
103 0.00234264 -0.00612618 0.396133
104 0.00596234 -0.00483678 0.330364
105 0.00225756 -0.00485886 0.421965
106 0.00660497 -0.00403656 0.318627
107 0.00220349 -0.00361111 0.442324
108 0.00727245 -0.00324011 0.301028
109 0.00220349 -0.00233333 0.457762
110 0.00735758 -0.00223764 0.3076
111 0.00220349 -0.00105556 0.468747
112 0.00778472 -0.00132724 0.294324
113 0.00220349 0.000222222 0.475358
114 0.00764312 -0.000307556 0.305194
115 0.00232171 0.00158909 0.475864
116 0.00785277 0.00069867 0.29585
117 0.00235079 0.0029542 0.472923
118 0.00753733 0.00165113 0.308966
119 0.00724272 0.00262054 0.317889
120 0.0069146 0.00349961 0.326216
121 0.00614035 0.00422965 0.354342
122 0.00356217 0.00380863 0.443312
123 0.00574564 0.00539166 0.357878
124 0.00476366 0.00463726 0.401731
125 0.00344642 -0.00542964 0.390589
126 0.00461201 -0.00476189 0.374534
127 0.00334952 -0.00417404 0.414236
128 0.00626744 -0.00271365 0.347755
129 0.0032079 -0.00293348 0.433839
130 0.00319582 -0.00167601 0.446667
131 0.00650904 -0.00113591 0.351248
132 0.00330039 -0.000416667 0.452679
133 0.00336407 0.000897026 0.455175
134 0.00656539 0.000599373 0.353866
135 0.00367002 0.00230651 0.44751
136 0.00606652 0.00293833 0.366797
137 0.00547547 -0.0036368 0.36504
138 0.00627919 0.00181251 0.363493
139 0.00482193 0.00337065 0.409656
140 0.00435771 -0.00337056 0.401758
141 0.00430708 -0.00113373 0.42442
142 0.00405595 -0.0022593 0.421684
143 0.00546738 -0.000478136 0.392482
144 0.00441701 0.000199609 0.427229
145 0.00248304 0.00851562 0.41896
146 0.00120957 0.00874974 0.437603
147 0.00149729 0.00776139 0.446076
148 0.00058595 0.00937763 0.434638
149 0.0025093 0.00719501 0.435491
150 0.00351407 0.00797323 0.399688
151 0.00127979 0.00674462 0.460812
152 0.00213038 0.0128178 0.359975
153 0.00329864 0.0127465 0.332496
154 0.00290152 0.0138488 0.324402
155 0.00362428 0.0115861 0.340723
156 0.00414458 0.0159477 0.247705
157 0.00457932 0.0150289 0.249954
158 0.00524778 0.014261 0.234724
159 0.00327051 0.0164449 0.263609
160 0.00533369 0.0132658 0.245289
161 0.00251648 0.0170972 0.266064
162 0.00557554 0.0122065 0.246005
163 0.00134217 0.0170975 0.285004
164 0.00571069 0.0111347 0.249572
165 0.00523506 0.00987308 0.295069
166 0.00110954 0.0156114 0.321221
167 0.000991027 0.01437 0.347998
168 0.00299678 0.0105901 0.375669
169 0.000996144 0.0131539 0.371011
170 0.00193088 0.0108253 0.3962
171 0.00111092 0.0118658 0.392421
172 0.000868627 0.0108123 0.411442
173 0.00409124 0.0102775 0.343987
174 0.00329422 0.0151112 0.290691
175 0.00411677 0.01385 0.287415
176 0.00220881 0.0159984 0.29704
177 0.00469248 0.0112976 0.301988
178 0.00210982 0.0148648 0.322328
179 0.00184494 0.0138055 0.347148
180 0.00248983 0.0117834 0.369836
181 0.00442195 0.0125239 0.29623
