1 0 0 8.37131
2 -1.31814e-05 0.0843 8.46457
3 0.00243379 0.000642361 8.05912
4 0.00486759 0.00128472 8.01784
5 0.00727038 0.00203406 7.9849
6 0.00967061 0.00279229 8.00004
7 0.0120301 0.00366749 8.00544
8 0.01436 0.00461695 8.02767
9 0.0166489 0.00566428 8.06832
10 0.0188633 0.00685917 8.11655
11 0.020986 0.00820914 8.17151
12 0.0230082 0.00970449 8.25638
13 0.0248485 0.0114206 8.33535
14 0.0264952 0.0133216 8.41718
15 0.0279122 0.0153997 8.48313
16 0.0291152 0.0176088 8.54421
17 0.0300937 0.0199269 8.58788
18 0.0308799 0.0223168 8.62444
19 0.0314864 0.0247591 8.65841
20 0.0318931 0.0272426 8.67993
21 0.0321031 0.0297497 8.69368
22 0.0321042 0.0322656 8.69595
23 0.0318814 0.034772 8.68196
24 0.0314272 0.0372468 8.64639
25 0.0307756 0.0396771 8.6019
26 0.0299516 0.0420549 8.55051
27 0.0289808 0.0443769 8.49285
28 0.027916 0.0466575 8.44333
29 0.0267832 0.0489053 8.39718
30 0.0256255 0.0511404 8.3625
31 0.0244759 0.0533797 8.3384
32 0.0233717 0.0556415 8.32739
33 0.0223467 0.0579402 8.32948
34 0.021444 0.0602894 8.35296
35 0.0206751 0.0626856 8.38939
36 0.0200505 0.0651236 8.4487
37 0.0195173 0.0675836 8.51441
38 0.0189726 0.0700408 8.57215
39 0.0182576 0.0724523 8.60067
40 0.0171833 0.0747254 8.53299
41 0.0156581 0.0767211 8.42125
42 0.0138058 0.078419 8.31097
43 0.0117012 0.0797971 8.20399
44 0.00947638 0.0809707 8.1454
45 0.00715298 0.0819346 8.1019
46 0.0048002 0.0828293 8.10183
47 0.00239933 0.0835818 8.13879
48 -1.27938e-05 0.0818206 7.22963
49 -1.24061e-05 0.0793412 5.98425
50 -1.20184e-05 0.0768618 4.82597
51 -1.16307e-05 0.0743824 3.78745
52 -1.1243e-05 0.0719029 2.88926
53 -1.08553e-05 0.0694235 2.13534
54 -1.04676e-05 0.0669441 1.52172
55 -1.00799e-05 0.0644647 1.04232
56 -9.69224e-06 0.0619853 0.684114
57 -9.30455e-06 0.0595059 0.430147
58 -8.91686e-06 0.0570265 0.259971
59 -8.52917e-06 0.0545471 0.152048
60 -8.14148e-06 0.0520676 0.0868476
61 -7.75379e-06 0.0495882 0.0490088
62 -7.3661e-06 0.0471088 0.0278218
63 -6.97841e-06 0.0446294 0.0165437
64 -6.59072e-06 0.04215 0.0113661
65 -6.20303e-06 0.0396706 0.0105858
66 -5.81534e-06 0.0371912 0.0141979
67 -5.42765e-06 0.0347118 0.0239838
68 -5.03997e-06 0.0322324 0.0441391
69 -4.65228e-06 0.0297529 0.0824527
70 -4.26459e-06 0.0272735 0.151826
71 -3.8769e-06 0.0247941 0.2714
72 -3.48921e-06 0.0223147 0.466025
73 -3.10152e-06 0.0198353 0.763214
74 -2.71383e-06 0.0173559 1.18862
75 -2.32614e-06 0.0148765 1.76234
76 -1.93845e-06 0.0123971 2.49724
77 -1.55076e-06 0.00991765 3.39922
78 -1.16307e-06 0.00743824 4.46593
79 -7.75379e-07 0.00495882 5.6835
80 -3.8769e-07 0.00247941 7.00699
81 0.0152337 0.0260423 0.631009
82 0.0152894 0.0332475 0.293479
83 0.0148681 0.0238684 0.830134
84 0.00494671 0.0759702 4.51541
85 0.0114792 0.0770312 6.68152
86 0.0134309 0.0761103 7.05153
87 0.0144848 0.0742459 6.74995
88 0.00938005 0.078223 6.58733
89 0.0160202 0.0727193 7.06853
90 0.00731632 0.0794105 6.67343
91 0.0163824 0.0706301 6.59723
92 0.0054377 0.0805174 6.87882
93 0.0170265 0.0682733 6.36545
94 0.0168927 0.0296654 0.621977
95 0.0176586 0.065884 6.20718
96 0.018277 0.0633407 6.02354
97 0.0190123 0.0608264 5.93393
98 0.0198656 0.0583552 5.90823
99 0.00251852 0.0777405 5.07045
100 0.0208553 0.0559354 5.94982
101 0.00230472 0.0753687 4.0193
102 0.0219693 0.0535637 6.04639
103 0.00217904 0.0729977 3.10771
104 0.0231089 0.051281 6.14707
105 0.00219162 0.0706313 2.32981
106 0.024262 0.0490316 6.2508
107 0.00213657 0.0681842 1.66536
108 0.0253978 0.0468068 6.36228
109 0.00213696 0.0657047 1.13197
110 0.0264608 0.0446097 6.4678
111 0.00213735 0.0632253 0.730546
112 0.0273822 0.0424041 6.53026
113 0.00213774 0.0607459 0.446761
114 0.0282228 0.0401681 6.61555
115 0.00213812 0.0582665 0.260116
116 0.0289318 0.0379155 6.70806
117 0.00213851 0.0557871 0.145894
118 0.0294524 0.0356305 6.77423
119 0.0021389 0.0533077 0.0800518
120 0.0297626 0.033331 6.80992
121 0.00213929 0.0508283 0.0436293
122 0.029862 0.0310169 6.81923
123 0.00213967 0.0483489 0.0239742
124 0.0297506 0.028687 6.80564
125 0.00214006 0.0458695 0.0135866
126 0.0294492 0.0263846 6.78411
127 0.00214045 0.04339 0.00837827
128 0.029009 0.024104 6.79325
129 0.00214084 0.0409106 0.00634616
130 0.0283818 0.0218487 6.79775
131 0.00214122 0.0384312 0.00683818
132 0.0275146 0.0196762 6.7554
133 0.00214161 0.0359518 0.010345
134 0.0264523 0.0176197 6.70135
135 0.002142 0.0334724 0.0188034
136 0.0252527 0.0156769 6.67899
137 0.00214239 0.030993 0.0365387
138 0.0239698 0.0138677 6.71341
139 0.00214278 0.0285136 0.072062
140 0.0223886 0.0122047 6.67634
141 0.00214316 0.0260342 0.140643
142 0.0206202 0.010815 6.57517
143 0.00214355 0.0235547 0.266301
144 0.0186971 0.00951888 6.50048
145 0.00214394 0.0210753 0.480229
146 0.0166526 0.00831136 6.45945
147 0.00214433 0.0185959 0.81444
148 0.0145436 0.00722141 6.44536
149 0.00214471 0.0161165 1.29492
150 0.0123418 0.00623496 6.44144
151 0.0021451 0.0136371 1.93873
152 0.0100757 0.00535397 6.44051
153 0.00215006 0.0110637 2.7882
154 0.00774895 0.00456209 6.45341
155 0.00220245 0.00844246 3.84369
156 0.00502316 0.00427729 6.16563
157 0.00246163 0.00575052 5.12162
158 0.00247163 0.0032719 6.47684
159 0.00926382 0.0755538 5.26148
160 0.0116741 0.0742204 5.47989
161 0.0136739 0.0715527 5.3078
162 0.00718375 0.0767291 5.27552
163 0.00507943 0.0784057 5.68383
164 0.0144718 0.0689514 4.87449
165 0.0151915 0.0665201 4.58138
166 0.0158156 0.0640015 4.28694
167 0.016531 0.0614389 4.09167
168 0.0173409 0.0588599 3.97779
169 0.0182818 0.0563096 3.95494
170 0.0193746 0.0538387 4.0397
171 0.0042143 0.0739758 3.61028
172 0.0205783 0.0514434 4.1985
173 0.00448269 0.0718811 2.87002
174 0.021746 0.0491621 4.34591
175 0.00434944 0.0694003 2.09434
176 0.0229025 0.0469352 4.50412
177 0.00429111 0.0669448 1.47611
178 0.0239239 0.0448076 4.62141
179 0.0042915 0.0644654 0.992595
180 0.0249038 0.0426574 4.7507
181 0.00429189 0.061986 0.634184
182 0.025747 0.0405265 4.85689
183 0.00429228 0.0595066 0.385564
184 0.0264838 0.0384063 4.97452
185 0.00429266 0.0570271 0.224872
186 0.027111 0.0363163 5.11453
187 0.00429305 0.0545477 0.127279
188 0.0274712 0.034161 5.16158
189 0.00429344 0.0520683 0.0710282
190 0.0276484 0.032104 5.19416
191 0.00429383 0.0495889 0.0396884
192 0.0276805 0.0299318 5.23198
193 0.00429422 0.0471095 0.022574
194 0.0274131 0.0278012 5.17854
195 0.0042946 0.0446301 0.0134248
196 0.0270764 0.025688 5.19372
197 0.00429499 0.0421507 0.00887584
198 0.0266824 0.0235788 5.2864
199 0.00429538 0.0396713 0.00737851
200 0.0259772 0.0215091 5.29047
201 0.00429577 0.0371918 0.00866725
202 0.024967 0.019613 5.1964
203 0.00429615 0.0347124 0.013759
204 0.0238652 0.0177586 5.17063
205 0.00429654 0.032233 0.0255596
206 0.0227304 0.0160137 5.22295
207 0.00429693 0.0297536 0.0502636
208 0.0218972 0.0142498 5.54278
209 0.00429732 0.0272742 0.0997237
210 0.0202226 0.0132923 5.23631
211 0.0042977 0.0247948 0.194174
212 0.0184185 0.0120355 5.13361
213 0.00429809 0.0223154 0.362816
214 0.0165641 0.0108468 5.09633
215 0.00429848 0.019836 0.639307
216 0.014587 0.00974848 5.07814
217 0.00429887 0.0173566 1.05393
218 0.0124977 0.00878293 5.05387
219 0.00429926 0.0148771 1.62887
220 0.0103703 0.00786095 5.07933
221 0.00428911 0.0123181 2.40322
222 0.00825383 0.0069906 5.15318
223 0.00426294 0.00970479 3.39055
224 0.00631416 0.00623346 5.26194
225 0.00426973 0.00696939 4.64073
226 0.0202508 0.0157964 4.23736
227 0.0094001 0.0733663 4.38651
228 0.00683642 0.0736797 3.86802
229 0.0107478 0.0715416 4.10954
230 0.0118404 0.0694256 3.79247
231 0.0127625 0.067113 3.48721
232 0.0132988 0.0646554 3.06903
233 0.0139901 0.0621329 2.78564
234 0.0148226 0.0594754 2.60699
235 0.0156577 0.0567569 2.45144
236 0.016704 0.0541475 2.44521
237 0.0179327 0.0516799 2.57799
238 0.0191209 0.0493572 2.72143
239 0.00645037 0.0706692 2.74247
240 0.0203273 0.0471087 2.89998
241 0.00654807 0.0681229 2.01863
242 0.021429 0.0449494 3.05814
243 0.00650311 0.0656183 1.42668
244 0.0224165 0.0428683 3.20034
245 0.00647291 0.0631884 0.977793
246 0.0232921 0.0407863 3.3261
247 0.0064189 0.0607454 0.63849
248 0.0240322 0.0387141 3.43732
249 0.00641315 0.0582577 0.400855
250 0.0247142 0.0367513 3.60133
251 0.00644721 0.0557878 0.245506
252 0.0254707 0.0348761 3.90146
253 0.00644759 0.0533084 0.145354
254 0.0252748 0.0329285 3.68375
255 0.00644798 0.050829 0.0851354
256 0.0258116 0.0310484 4.00036
257 0.00644837 0.0483495 0.0501454
258 0.0254019 0.0290739 3.82341
259 0.00644876 0.0458701 0.0302125
260 0.0250361 0.0270969 3.77827
261 0.00644914 0.0433907 0.0191576
262 0.0247543 0.0251208 3.88002
263 0.00644953 0.0409113 0.0135661
264 0.0245922 0.0231441 4.14734
265 0.00644992 0.0384319 0.0120527
266 0.0235076 0.0214964 3.9361
267 0.00645031 0.0359525 0.0146407
268 0.0224317 0.0196886 3.8889
269 0.0064507 0.0334731 0.023228
270 0.021227 0.0178323 3.92154
271 0.00645108 0.0309937 0.0425462
272 0.00645147 0.0285142 0.0821528
273 0.0181708 0.0147205 3.90636
274 0.00645186 0.0260348 0.159136
275 0.00645225 0.0235554 0.299771
276 0.0164203 0.0133595 3.92639
277 0.00645263 0.021076 0.536934
278 0.0145601 0.0122039 3.92315
279 0.00645302 0.0185966 0.903273
280 0.0126031 0.0112964 3.87074
281 0.00646986 0.0160578 1.43925
282 0.010538 0.0103773 3.88025
283 0.00643837 0.013509 2.15424
284 0.00840958 0.00945983 3.95014
285 0.0063781 0.0109644 3.05588
286 0.00630209 0.00849484 4.11581
287 0.00835436 0.0715456 3.42718
288 0.00894622 0.0693038 2.82661
289 0.0105845 0.0676001 2.81872
290 0.0108956 0.0654738 2.35292
291 0.0111868 0.0628022 1.83817
292 0.0123596 0.0602066 1.73138
293 0.0130657 0.0574776 1.49472
294 0.01376 0.0544641 1.25289
295 0.0152787 0.0519076 1.42231
296 0.0164602 0.0494837 1.49131
297 0.0177423 0.0472143 1.65241
298 0.0188962 0.0450661 1.80228
299 0.00866951 0.0666916 2.05434
300 0.0199162 0.043006 1.93648
301 0.00875084 0.0642878 1.53345
302 0.0208275 0.0409949 2.06746
303 0.00860058 0.0619866 1.0874
304 0.0216451 0.0389668 2.1998
305 0.00844312 0.0594985 0.727344
306 0.0223076 0.0368139 2.3079
307 0.00862037 0.0570237 0.500213
308 0.0229769 0.0343518 2.47131
309 0.00872953 0.0545648 0.331496
310 0.00873824 0.0520671 0.208876
311 0.0232678 0.0311325 2.5882
312 0.00871263 0.0495867 0.129082
313 0.00869968 0.0471177 0.0807006
314 0.0230094 0.0285702 2.60381
315 0.0086799 0.0446356 0.0515655
316 0.0226005 0.0263016 2.64701
317 0.00866924 0.0421646 0.0345012
318 0.0222094 0.023934 2.82744
319 0.00860407 0.0396719 0.0254051
320 0.00860446 0.0371925 0.0235686
321 0.00860485 0.0347131 0.0288188
322 0.0198606 0.0197609 2.84302
323 0.00860524 0.0322337 0.0445902
324 0.00860562 0.0297543 0.0787821
325 0.00860601 0.0272749 0.146119
326 0.0160321 0.0159477 2.85469
327 0.0086064 0.0247955 0.270028
328 0.00860679 0.0223161 0.481372
329 0.014574 0.0143726 3.06946
330 0.00865035 0.0197969 0.822143
331 0.0126649 0.0138628 2.85028
332 0.00866139 0.0171929 1.33359
333 0.0106328 0.0129768 2.8299
334 0.0086148 0.0146428 2.00712
335 0.00851253 0.012014 2.89207
336 0.0210654 0.0216981 2.81313
337 0.0183097 0.0176538 2.92564
338 0.0102281 0.060633 1.21276
339 0.0106129 0.0583217 0.958491
340 0.0110296 0.0558528 0.748486
341 0.0129566 0.0520527 0.765479
342 0.0135724 0.0495518 0.649138
343 0.0151764 0.0471688 0.811211
344 0.016306 0.0451207 0.898938
345 0.0174036 0.0430565 1.01609
346 0.0183496 0.0411482 1.12349
347 0.0192296 0.0392369 1.25416
348 0.0202096 0.0373618 1.46708
349 0.0201678 0.0352277 1.34002
350 0.0203729 0.0324891 1.3689
351 0.011052 0.0533773 0.51499
352 0.0110563 0.0507495 0.347308
353 0.0211512 0.0299406 1.74845
354 0.0109603 0.0483744 0.222591
355 0.0109354 0.045891 0.150034
356 0.0205462 0.0279045 1.66701
357 0.0110004 0.043452 0.103489
358 0.0200161 0.0256436 1.73999
359 0.0108733 0.0409255 0.0701377
360 0.010853 0.0384283 0.0552876
361 0.010759 0.0359532 0.0512778
362 0.0107594 0.0334737 0.0624024
363 0.0107598 0.0309943 0.0927986
364 0.0107602 0.0285149 0.155379
365 0.0107606 0.0260355 0.271043
366 0.0131872 0.0165784 2.05329
367 0.0107609 0.0235561 0.467132
368 0.010878 0.0210146 0.793774
369 0.0109349 0.0183376 1.29567
370 0.0107821 0.0156607 1.96397
371 0.0198315 0.0235032 2.01821
372 0.0175398 0.01992 2.10065
373 0.0185056 0.02186 1.92144
374 0.0154718 0.0186072 1.93444
375 0.0128704 0.0471522 0.376255
376 0.0135107 0.0448638 0.332481
377 0.0152024 0.0431708 0.514074
378 0.0156392 0.0410206 0.459673
379 0.0171299 0.0394088 0.691486
380 0.00294326 0.0803156 6.36614
381 0.0177399 0.0368326 0.702296
382 0.0177925 0.0341597 0.669716
383 0.0190271 0.0298771 1.0752
384 0.0131586 0.0421547 0.209593
385 0.0131404 0.0396791 0.15442
386 0.0130799 0.0371208 0.126536
387 0.0130499 0.0346431 0.123779
388 0.0129627 0.0321865 0.144076
389 0.0129508 0.0297093 0.203142
390 0.0129617 0.027273 0.315552
391 0.0129082 0.024886 0.494399
392 0.0132463 0.019746 1.28409
393 0.0130639 0.022404 0.798815
394 0.0174886 0.03176 0.637526
395 0.0177638 0.0273606 0.936411
396 0.017418 0.0243077 1.21525
397 0.0157093 0.0216866 1.29865
398 0.0152501 0.0383601 0.323008
399 0.0154669 0.0356901 0.307336
400 0.0150736 0.030917 0.321119
401 0.015175 0.0283812 0.44274
