1 0 0 3.3545
2 -1.31814e-05 0.0843 2.80442
3 0.00131714 0.000347637 3.50071
4 0.00263427 0.000695274 3.57715
5 0.00395141 0.00104291 3.61883
6 0.00526559 0.00140074 3.63419
7 0.00656456 0.00181109 3.64937
8 0.00786353 0.00222143 3.64621
9 0.00916249 0.00263177 3.62228
10 0.0104529 0.00306669 3.58563
11 0.0117259 0.00355161 3.54976
12 0.0129989 0.00403654 3.49322
13 0.0142525 0.00456778 3.43385
14 0.0154913 0.00513458 3.36967
15 0.01673 0.00570138 3.28189
16 0.0179386 0.00632888 3.19426
17 0.0191231 0.00700066 3.10136
18 0.0202832 0.00771449 3.00042
19 0.0214077 0.00848342 2.89758
20 0.0224986 0.00929834 2.78809
21 0.0235397 0.0101758 2.681
22 0.0245322 0.0111082 2.57443
23 0.0254744 0.0120912 2.46667
24 0.0263482 0.0131354 2.36764
25 0.0271586 0.0142299 2.275
26 0.0279082 0.0153669 2.18622
27 0.0285812 0.016551 2.11086
28 0.0291882 0.0177701 2.04497
29 0.0297418 0.0190146 1.98218
30 0.030232 0.0202855 1.92785
31 0.030663 0.0215777 1.88072
32 0.0310386 0.0228869 1.83935
33 0.031362 0.02421 1.80213
34 0.0316308 0.0255451 1.7704
35 0.0318446 0.0268901 1.74428
36 0.0320008 0.028243 1.7248
37 0.032097 0.0296014 1.71303
38 0.032131 0.0309629 1.70999
39 0.0321007 0.0323244 1.71661
40 0.0320047 0.033683 1.73356
41 0.0318434 0.0350355 1.76076
42 0.0316173 0.0363788 1.79824
43 0.0313258 0.0377095 1.84664
44 0.0309731 0.0390252 1.90457
45 0.0305682 0.0403256 1.96834
46 0.0301147 0.0416099 2.03744
47 0.02962 0.0428789 2.10946
48 0.0290891 0.0441333 2.18319
49 0.028528 0.0453745 2.25703
50 0.0279424 0.0466044 2.32954
51 0.0273355 0.047824 2.40083
52 0.0267157 0.0490371 2.46757
53 0.0260895 0.0502469 2.52826
54 0.025462 0.0514559 2.5821
55 0.024838 0.0526669 2.62812
56 0.0242227 0.0538822 2.66523
57 0.0236234 0.0551055 2.69112
58 0.023048 0.0563403 2.70335
59 0.0224992 0.057587 2.70317
60 0.0219828 0.0588473 2.68882
61 0.0215032 0.0601221 2.66001
62 0.0210632 0.0614111 2.61704
63 0.0206672 0.0627145 2.55913
64 0.0203102 0.064029 2.49067
65 0.0199957 0.0653545 2.41002
66 0.0197045 0.0666852 2.3284
67 0.0194257 0.0680186 2.24878
68 0.0191387 0.0693501 2.17887
69 0.0188109 0.0706723 2.12982
70 0.0184314 0.0719802 2.10015
71 0.01793 0.0732462 2.11708
72 0.0173319 0.0744695 2.1572
73 0.0165933 0.0756124 2.23633
74 0.0157207 0.076658 2.34183
75 0.0147631 0.0776256 2.44703
76 0.0137129 0.0784919 2.56085
77 0.0125802 0.0792487 2.67854
78 0.0114179 0.0799574 2.77247
79 0.0102271 0.0806181 2.85006
80 0.00899407 0.0811972 2.9244
81 0.0077344 0.0817135 2.9855
82 0.0064611 0.0821977 3.02457
83 0.00518781 0.0826819 3.03563
84 0.00390367 0.083134 3.02764
85 0.00259805 0.0835227 3.00619
86 0.00129244 0.0839113 2.94265
87 -1.29688e-05 0.0829403 3.24022
88 -1.27562e-05 0.0815806 3.66175
89 -1.25436e-05 0.080221 4.06709
90 -1.2331e-05 0.0788613 4.45537
91 -1.21184e-05 0.0775016 4.82686
92 -1.19058e-05 0.0761419 5.18337
93 -1.16932e-05 0.0747823 5.52804
94 -1.14806e-05 0.0734226 5.86414
95 -1.1268e-05 0.0720629 6.19399
96 -1.10554e-05 0.0707032 6.51804
97 -1.08428e-05 0.0693435 6.83518
98 -1.06302e-05 0.0679839 7.14372
99 -1.04176e-05 0.0666242 7.44224
100 -1.0205e-05 0.0652645 7.72979
101 -9.99239e-06 0.0639048 8.00585
102 -9.77978e-06 0.0625452 8.27016
103 -9.56718e-06 0.0611855 8.52255
104 -9.35458e-06 0.0598258 8.76292
105 -9.14197e-06 0.0584661 8.99113
106 -8.92937e-06 0.0571065 9.20703
107 -8.71676e-06 0.0557468 9.41043
108 -8.50416e-06 0.0543871 9.60111
109 -8.29156e-06 0.0530274 9.77878
110 -8.07895e-06 0.0516677 9.94316
111 -7.86635e-06 0.0503081 10.0939
112 -7.65374e-06 0.0489484 10.2307
113 -7.44114e-06 0.0475887 10.3531
114 -7.22854e-06 0.046229 10.4608
115 -7.01593e-06 0.0448694 10.5533
116 -6.80333e-06 0.0435097 10.6302
117 -6.59072e-06 0.04215 10.6912
118 -6.37812e-06 0.0407903 10.7358
119 -6.16552e-06 0.0394306 10.7637
120 -5.95291e-06 0.038071 10.7743
121 -5.74031e-06 0.0367113 10.7674
122 -5.5277e-06 0.0353516 10.7424
123 -5.3151e-06 0.0339919 10.6992
124 -5.1025e-06 0.0326323 10.6372
125 -4.88989e-06 0.0312726 10.5563
126 -4.67729e-06 0.0299129 10.4559
127 -4.46468e-06 0.0285532 10.3358
128 -4.25208e-06 0.0271935 10.1958
129 -4.03948e-06 0.0258339 10.0356
130 -3.82687e-06 0.0244742 9.8548
131 -3.61427e-06 0.0231145 9.65334
132 -3.40166e-06 0.0217548 9.431
133 -3.18906e-06 0.0203952 9.18767
134 -2.97646e-06 0.0190355 8.92339
135 -2.76385e-06 0.0176758 8.63836
136 -2.55125e-06 0.0163161 8.33316
137 -2.33864e-06 0.0149565 8.00884
138 -2.12604e-06 0.0135968 7.66712
139 -1.91344e-06 0.0122371 7.31009
140 -1.70083e-06 0.0108774 6.93946
141 -1.48823e-06 0.00951774 6.55551
142 -1.27562e-06 0.00815806 6.15675
143 -1.06302e-06 0.00679839 5.7406
144 -8.50416e-07 0.00543871 5.30463
145 -6.37812e-07 0.00407903 4.847
146 -4.25208e-07 0.00271935 4.36766
147 -2.12604e-07 0.00135968 3.8693
148 0.0106074 0.0717063 5.02425
149 0.0035375 0.0798151 4.0874
150 0.00575227 0.0757713 4.95664
151 0.0115951 0.0575021 7.51213
152 0.0163051 0.0197449 6.90381
153 0.0133893 0.0770581 3.03175
154 0.012392 0.0778034 3.12524
155 0.0143088 0.0762062 2.94942
156 0.0112867 0.0784695 3.23028
157 0.0151643 0.0753257 2.85698
158 0.010161 0.0791129 3.31017
159 0.0159137 0.0743917 2.77799
160 0.0090256 0.0797391 3.3625
161 0.0165439 0.0732766 2.75006
162 0.00786294 0.0802919 3.40787
163 0.0170108 0.0721226 2.77406
164 0.00667671 0.0807842 3.44363
165 0.0174283 0.0709322 2.80667
166 0.00541224 0.0812147 3.47912
167 0.0177846 0.0696838 2.86431
168 0.00392643 0.0813527 3.59653
169 0.0181062 0.0683985 2.93702
170 0.0183436 0.0232347 6.86034
171 0.0184082 0.0671074 3.01711
172 0.00129003 0.0824722 3.40316
173 0.018706 0.0657657 3.11032
174 0.0190149 0.0644139 3.20466
175 0.0193609 0.0630718 3.28395
176 0.0197513 0.061729 3.34729
177 0.0012857 0.0810723 3.83226
178 0.0201784 0.0603971 3.39735
179 0.00124271 0.0796662 4.24416
180 0.0206495 0.0590847 3.42746
181 0.00118835 0.0782466 4.63997
182 0.0211551 0.0577857 3.4436
183 0.00116993 0.0768562 5.00968
184 0.0217048 0.0564942 3.44041
185 0.00116572 0.0754623 5.36576
186 0.0222654 0.0552479 3.42561
187 0.00116593 0.0741026 5.70321
188 0.0228691 0.0539776 3.39614
189 0.00116614 0.0727429 6.03477
190 0.0234771 0.052759 3.35295
191 0.00116635 0.0713832 6.36219
192 0.024098 0.0515318 3.3032
193 0.00116657 0.0700236 6.68435
194 0.0247251 0.0503167 3.2434
195 0.00116678 0.0686639 6.99878
196 0.0253486 0.0491104 3.1773
197 0.00116699 0.0673042 7.30343
198 0.0259633 0.0479051 3.1073
199 0.0011672 0.0659445 7.5971
200 0.0265773 0.0466895 3.02926
201 0.00116742 0.0645849 7.87924
202 0.0271532 0.0455 2.95359
203 0.00116763 0.0632252 8.14959
204 0.0277221 0.0442668 2.8753
205 0.00116784 0.0618655 8.40804
206 0.0282527 0.0430578 2.79688
207 0.00116805 0.0605058 8.65451
208 0.0287489 0.0418239 2.72298
209 0.00116827 0.0591462 8.88891
210 0.0291918 0.0405873 2.65836
211 0.00116848 0.0577865 9.11111
212 0.0295973 0.0393352 2.59544
213 0.00116869 0.0564268 9.32094
214 0.0299572 0.0380719 2.5366
215 0.0011689 0.0550671 9.51819
216 0.0302638 0.0368007 2.48466
217 0.00116912 0.0537074 9.70261
218 0.0305093 0.0355162 2.44321
219 0.00116933 0.0523478 9.87391
220 0.0306995 0.0342282 2.40825
221 0.00116954 0.0509881 10.0318
222 0.0308236 0.0329276 2.38548
223 0.00116976 0.0496284 10.1759
224 0.0308871 0.0316263 2.37141
225 0.00116997 0.0482687 10.3058
226 0.0308902 0.030321 2.36587
227 0.00117018 0.0469091 10.4212
228 0.0308281 0.0290174 2.37134
229 0.00117039 0.0455494 10.5216
230 0.030709 0.0277171 2.38363
231 0.00117061 0.0441897 10.6067
232 0.0305309 0.0264217 2.40377
233 0.00117082 0.04283 10.6761
234 0.0303018 0.0251351 2.4278
235 0.00117103 0.0414703 10.7292
236 0.0300237 0.0238583 2.45485
237 0.00117124 0.0401107 10.7658
238 0.0296801 0.0225929 2.4928
239 0.00117146 0.038751 10.7854
240 0.0292892 0.0213433 2.53273
241 0.00117167 0.0373913 10.7876
242 0.0288461 0.0201171 2.57741
243 0.00117188 0.0360316 10.772
244 0.0283426 0.0189157 2.63021
245 0.00117209 0.034672 10.7382
246 0.0277868 0.0177444 2.68753
247 0.00117231 0.0333123 10.6859
248 0.0271691 0.0166065 2.75328
249 0.00117252 0.0319526 10.6147
250 0.0265066 0.0155036 2.81898
251 0.00117273 0.0305929 10.5243
252 0.0257621 0.0144528 2.90246
253 0.00117294 0.0292332 10.4144
254 0.0249587 0.0134432 2.99088
255 0.00117316 0.0278736 10.2846
256 0.0241056 0.0124838 3.08168
257 0.00117337 0.0265139 10.1347
258 0.0231847 0.0115834 3.18318
259 0.00117358 0.0251542 9.9644
260 0.0222134 0.0107265 3.28514
261 0.00117379 0.0237945 9.77346
262 0.0212084 0.00991416 3.38188
263 0.00117401 0.0224349 9.56167
264 0.0201489 0.00916548 3.48585
265 0.00117422 0.0210752 9.32888
266 0.0190566 0.00845826 3.5847
267 0.00117443 0.0197155 9.07498
268 0.0179174 0.00777927 3.67854
269 0.00117465 0.0183558 8.79999
270 0.0167812 0.00712388 3.75327
271 0.00117486 0.0169962 8.50414
272 0.0156007 0.00654957 3.84004
273 0.00117507 0.0156365 8.18809
274 0.0144067 0.0060161 3.92033
275 0.00117528 0.0142768 7.8532
276 0.0131511 0.00549039 3.99414
277 0.0011755 0.0129171 7.50181
278 0.0118955 0.00496468 4.04458
279 0.00117571 0.0115574 7.13684
280 0.0106587 0.00446963 4.08053
281 0.00117592 0.0101978 6.76017
282 0.00940184 0.00402136 4.1156
283 0.00117613 0.00883809 6.37092
284 0.00812123 0.00362825 4.15234
285 0.00117635 0.00747841 5.96608
286 0.00684248 0.00324059 4.16892
287 0.00119223 0.00606068 5.52386
288 0.00556033 0.0028472 4.16266
289 0.00121476 0.00463259 5.05506
290 0.00425647 0.00246327 4.13903
291 0.00134888 0.00314627 4.54041
292 0.00274899 0.00232645 4.19318
293 0.00134569 0.00178889 4.04658
294 0.0121481 0.0764545 3.53822
295 0.0130682 0.0757616 3.4465
296 0.0111602 0.0771182 3.62294
297 0.0138962 0.0749286 3.38425
298 0.0101104 0.0777537 3.69778
299 0.0146177 0.0740438 3.33932
300 0.00902739 0.0783579 3.75645
301 0.0153903 0.0733097 3.21093
302 0.007917 0.0789066 3.80452
303 0.0156907 0.072223 3.32045
304 0.00681459 0.0794303 3.82861
305 0.0160662 0.0711275 3.38518
306 0.00573448 0.0799129 3.83419
307 0.0164471 0.0699568 3.44777
308 0.00467472 0.0803142 3.83574
309 0.0167822 0.0687401 3.52814
310 0.00257422 0.0805173 3.94791
311 0.0170985 0.067471 3.61947
312 0.0173988 0.0661794 3.71854
313 0.0177065 0.0648399 3.82211
314 0.0180223 0.0634447 3.93417
315 0.0184088 0.0620664 4.01024
316 0.0188256 0.060697 4.07306
317 0.0192853 0.0593414 4.11533
318 0.00238779 0.0790335 4.38349
319 0.019786 0.0580039 4.13691
320 0.00234227 0.0776005 4.77647
321 0.0203272 0.0566827 4.1379
322 0.00233908 0.0761798 5.14645
323 0.0209067 0.0553859 4.11683
324 0.00234471 0.0747826 5.49672
325 0.0214912 0.054108 4.0908
326 0.00234492 0.0734229 5.82986
327 0.0221171 0.0528415 4.04128
328 0.00234513 0.0720633 6.15847
329 0.0227284 0.0516095 3.99017
330 0.00234535 0.0707036 6.48292
331 0.0233604 0.0503818 3.92428
332 0.00234556 0.0693439 6.80107
333 0.0239904 0.0491726 3.85031
334 0.00234577 0.0679842 7.11045
335 0.0246089 0.0479738 3.77296
336 0.00234598 0.0666246 7.40943
337 0.025217 0.0467652 3.69363
338 0.0023462 0.0652649 7.69716
339 0.0258107 0.0455841 3.60611
340 0.00234641 0.0639052 7.97329
341 0.0263679 0.04439 3.52671
342 0.00234662 0.0625455 8.23766
343 0.0268914 0.043198 3.45
344 0.00234683 0.0611859 8.49019
345 0.027385 0.0420041 3.37367
346 0.00234705 0.0598262 8.73078
347 0.0278475 0.0408008 3.29819
348 0.00234726 0.0584665 8.95933
349 0.0282632 0.0395962 3.22903
350 0.00234747 0.0571068 9.17569
351 0.0286294 0.038384 3.16745
352 0.00234768 0.0557471 9.37966
353 0.0289472 0.0371587 3.11241
354 0.0023479 0.0543875 9.57099
355 0.0292106 0.0359328 3.06522
356 0.00234811 0.0530278 9.74942
357 0.0294203 0.0347018 3.0255
358 0.00234832 0.0516681 9.91463
359 0.0295729 0.0334625 2.99465
360 0.00234853 0.0503084 10.0663
361 0.0296652 0.0322193 2.97365
362 0.00234875 0.0489488 10.204
363 0.0297006 0.0309695 2.96066
364 0.00234896 0.0475891 10.3274
365 0.0296751 0.0297219 2.95735
366 0.00234917 0.0462294 10.4361
367 0.0295833 0.0284723 2.96604
368 0.00234938 0.0448697 10.5296
369 0.0294418 0.027229 2.97886
370 0.0023496 0.04351 10.6076
371 0.0292431 0.0259874 2.99893
372 0.00234981 0.0421504 10.6696
373 0.0290023 0.0247523 3.01912
374 0.00235002 0.0407907 10.7153
375 0.028701 0.0235331 3.04859
376 0.00235024 0.039431 10.7441
377 0.0283498 0.0223293 3.082
378 0.00235045 0.0380713 10.7557
379 0.0279454 0.021139 3.12016
380 0.00235066 0.0367117 10.7498
381 0.0274949 0.0199766 3.16121
382 0.00235087 0.035352 10.7258
383 0.0269893 0.0188455 3.20922
384 0.00235109 0.0339923 10.6834
385 0.0264308 0.0177468 3.26288
386 0.0023513 0.0326326 10.6223
387 0.0258192 0.0166872 3.32261
388 0.00235151 0.0312729 10.5422
389 0.0251608 0.0156624 3.38456
390 0.00235172 0.0299133 10.4426
391 0.0244338 0.0146857 3.45901
392 0.00235194 0.0285536 10.3233
393 0.0236457 0.0137615 3.5432
394 0.00235215 0.0271939 10.184
395 0.0228123 0.012881 3.62911
396 0.00235236 0.0258342 10.0243
397 0.0219166 0.01204 3.72103
398 0.00235257 0.0244746 9.84415
399 0.0209728 0.0112569 3.81823
400 0.00235279 0.0231149 9.64318
401 0.0199812 0.0105198 3.91769
402 0.002353 0.0217552 9.42124
403 0.0189467 0.00980973 4.01246
404 0.00235321 0.0203955 9.17817
405 0.0178702 0.00912757 4.10213
406 0.00235342 0.0190359 8.91393
407 0.0167685 0.00849768 4.18961
408 0.00235364 0.0176762 8.62862
409 0.0156549 0.0079055 4.26822
410 0.00235385 0.0163165 8.32261
411 0.0144943 0.0073653 4.35139
412 0.00235406 0.0149568 7.99687
413 0.0132955 0.00683531 4.42386
414 0.00235427 0.0135971 7.65323
415 0.0120677 0.00631572 4.48295
416 0.00235449 0.0122375 7.29453
417 0.0108466 0.00583135 4.53061
418 0.0023547 0.0108778 6.92358
419 0.00961115 0.00537021 4.56708
420 0.00237152 0.00948399 6.53069
421 0.00835774 0.00497364 4.607
422 0.0023823 0.00810214 6.1267
423 0.0070765 0.0046053 4.63827
424 0.00238047 0.00670981 5.70136
425 0.00582545 0.00420267 4.63156
426 0.0023682 0.00529229 5.24584
427 0.00460027 0.00378376 4.59407
428 0.00236334 0.0037882 4.73488
429 0.0109669 0.075761 4.01208
430 0.0118848 0.0751623 3.92335
431 0.0127926 0.0746308 3.79179
432 0.0100082 0.0764056 4.07146
433 0.0133174 0.0736742 3.85089
434 0.00898844 0.0770111 4.12573
435 0.014224 0.0726376 3.7799
436 0.00791944 0.0775468 4.1788
437 0.00682693 0.0780543 4.21445
438 0.0146864 0.0713531 3.87899
439 0.00573469 0.0785638 4.22137
440 0.0150963 0.0701924 3.95638
441 0.00463961 0.0790941 4.19527
442 0.0154455 0.0690128 4.04802
443 0.0157726 0.0678112 4.14332
444 0.0160889 0.0665453 4.24817
445 0.0163962 0.065244 4.35889
446 0.0166887 0.0638401 4.49282
447 0.0170463 0.062428 4.59824
448 0.0174542 0.0610285 4.6776
449 0.0179017 0.0596289 4.73841
450 0.0183971 0.0582485 4.77306
451 0.0035029 0.0783585 4.50074
452 0.0189325 0.0568897 4.78455
453 0.00348916 0.0769487 4.87875
454 0.0195056 0.0555558 4.7729
455 0.00350089 0.0755299 5.24035
456 0.0201052 0.0542377 4.74447
457 0.00351404 0.0741383 5.58301
458 0.0207173 0.0529548 4.70159
459 0.00352391 0.0727433 5.9198
460 0.0213595 0.0516979 4.63659
461 0.00352412 0.0713836 6.24467
462 0.0219865 0.0504511 4.5728
463 0.00352434 0.0700239 6.5648
464 0.0226281 0.0492316 4.49173
465 0.00352455 0.0686643 6.87774
466 0.0232569 0.0480353 4.40596
467 0.00352476 0.0673046 7.18129
468 0.023863 0.0468412 4.32243
469 0.00352497 0.0659449 7.47418
470 0.0244669 0.0456484 4.23038
471 0.00352519 0.0645852 7.7558
472 0.0250138 0.0444882 4.14924
473 0.0035254 0.0632256 8.0259
474 0.025549 0.0433183 4.06357
475 0.00352561 0.0618659 8.28436
476 0.0260415 0.0421516 3.98463
477 0.00352583 0.0605062 8.5311
478 0.0265032 0.0409831 3.90677
479 0.00352604 0.0591465 8.76601
480 0.0269254 0.0398161 3.83283
481 0.00352625 0.0577868 8.98895
482 0.0273026 0.0386476 3.765
483 0.00352646 0.0564272 9.19974
484 0.0276328 0.0374742 3.70395
485 0.00352668 0.0550675 9.39815
486 0.02791 0.0362989 3.65161
487 0.00352689 0.0537078 9.5839
488 0.0281386 0.035122 3.6056
489 0.0035271 0.0523481 9.75669
490 0.0283141 0.0339398 3.5678
491 0.00352731 0.0509885 9.91617
492 0.0284318 0.0327536 3.53996
493 0.00352753 0.0496288 10.062
494 0.0284998 0.031566 3.51805
495 0.00352774 0.0482691 10.1937
496 0.0285039 0.0303719 3.50822
497 0.00352795 0.0469094 10.3109
498 0.028445 0.0291753 3.50964
499 0.00352816 0.0455497 10.4133
500 0.0283269 0.0279829 3.52033
501 0.00352838 0.0441901 10.5003
502 0.0281634 0.0267912 3.53381
503 0.00352859 0.0428304 10.5715
504 0.0279483 0.0256053 3.55262
505 0.0035288 0.0414707 10.6266
506 0.0276917 0.0244283 3.57232
507 0.00352901 0.040111 10.6651
508 0.0273786 0.0232648 3.59944
509 0.00352923 0.0387514 10.6865
510 0.0270189 0.0221174 3.6296
511 0.00352944 0.0373917 10.6905
512 0.0266102 0.0209951 3.66443
513 0.00352965 0.036032 10.6766
514 0.0261639 0.019898 3.69905
515 0.00352986 0.0346723 10.6446
516 0.0256604 0.0188318 3.74188
517 0.00353008 0.0333126 10.5939
518 0.0250936 0.0178067 3.79623
519 0.00353029 0.031953 10.5243
520 0.024492 0.0168265 3.85154
521 0.0035305 0.0305933 10.4354
522 0.0238673 0.0158632 3.89861
523 0.00353072 0.0292336 10.3269
524 0.0231457 0.0149696 3.97349
525 0.00353093 0.0278739 10.1984
526 0.0223639 0.0141549 4.0649
527 0.00353114 0.0265143 10.0497
528 0.0215854 0.0133102 4.12802
529 0.00353135 0.0251546 9.88055
530 0.020693 0.0125343 4.22149
531 0.00353157 0.0237949 9.69065
532 0.019759 0.0118619 4.331
533 0.00353178 0.0224352 9.4798
534 0.0188019 0.0111539 4.4169
535 0.00353199 0.0210756 9.24782
536 0.0177863 0.0104692 4.50251
537 0.0035322 0.0197159 8.99461
538 0.016734 0.00984117 4.59068
539 0.00353242 0.0183562 8.72016
540 0.0156645 0.00926236 4.67534
541 0.00353263 0.0169965 8.42472
542 0.0145559 0.00871327 4.75638
543 0.00353284 0.0156368 8.10893
544 0.0134101 0.00818434 4.83013
545 0.00353305 0.0142772 7.7742
546 0.0122399 0.00766673 4.89078
547 0.00353327 0.0129175 7.423
548 0.0110225 0.00717333 4.9458
549 0.00353348 0.0115578 7.05835
550 0.00982334 0.00671552 4.9876
551 0.00354418 0.0101552 6.66941
552 0.00860452 0.00629271 5.02262
553 0.00357899 0.00873939 6.26132
554 0.00730807 0.0059664 5.07788
555 0.00359552 0.00733659 5.83967
556 0.00600371 0.00560213 5.09699
557 0.00357285 0.0059465 5.4021
558 0.00473501 0.00512875 5.05082
559 0.00351183 0.00461642 4.96267
560 0.00349004 0.0033864 4.5323
561 0.0107437 0.074373 4.39697
562 0.00984891 0.0750353 4.44336
563 0.0118253 0.0736893 4.28017
564 0.00891472 0.0757088 4.47046
565 0.0127034 0.0725562 4.27961
566 0.00789783 0.0761989 4.53314
567 0.0132844 0.071487 4.32627
568 0.00683048 0.0766718 4.58139
569 0.00573686 0.0771821 4.59572
570 0.0137165 0.0703613 4.41404
571 0.00462232 0.0777286 4.57417
572 0.0140908 0.0692332 4.50869
573 0.0144275 0.0680784 4.61175
574 0.0147588 0.0668891 4.71489
575 0.0150722 0.0656278 4.83148
576 0.0153584 0.0642488 4.97544
577 0.0156686 0.0628183 5.11572
578 0.0160546 0.0613829 5.2223
579 0.0164938 0.0599523 5.30188
580 0.0169804 0.0585249 5.3569
581 0.0175132 0.0571209 5.38369
582 0.0180881 0.0557461 5.38285
583 0.00463019 0.0763282 4.94054
584 0.0186993 0.0543977 5.3572
585 0.00465063 0.074922 5.29118
586 0.0193047 0.0530653 5.32684
587 0.00469066 0.0735178 5.62833
588 0.0199498 0.0517948 5.26319
589 0.00472442 0.0721186 5.95838
590 0.0206032 0.0505365 5.18839
591 0.00472895 0.0707283 6.28514
592 0.0212556 0.049288 5.10623
593 0.00470333 0.0693443 6.60832
594 0.0219027 0.0480869 5.0116
595 0.00470354 0.0679846 6.91525
596 0.0225183 0.0469095 4.91961
597 0.00470375 0.0666249 7.21257
598 0.0231237 0.0457177 4.82551
599 0.00470397 0.0652653 7.49921
600 0.0236691 0.0445687 4.7422
601 0.00470418 0.0639056 7.77472
602 0.0242054 0.0434161 4.65307
603 0.00470439 0.0625459 8.0389
604 0.0247025 0.0422705 4.56916
605 0.0047046 0.0611862 8.29163
606 0.0251643 0.0411312 4.4882
607 0.00470482 0.0598265 8.53282
608 0.0255891 0.0399982 4.41049
609 0.00470503 0.0584669 8.76234
610 0.0259767 0.0388716 4.33583
611 0.00470524 0.0571072 8.98
612 0.0263158 0.0377454 4.2693
613 0.00470545 0.0557475 9.18559
614 0.026605 0.0366142 4.21146
615 0.00470567 0.0543878 9.37884
616 0.0268426 0.0354856 4.16215
617 0.00470588 0.0530282 9.55941
618 0.0270419 0.0343602 4.11548
619 0.00470609 0.0516685 9.72698
620 0.0271886 0.0332288 4.07783
621 0.00470631 0.0503088 9.88114
622 0.0272758 0.0320991 4.05152
623 0.00470652 0.0489491 10.0215
624 0.0273263 0.0309717 4.02659
625 0.00470673 0.0475894 10.1477
626 0.0273029 0.0298229 4.01874
627 0.00470694 0.0462298 10.2591
628 0.0271957 0.0286869 4.03157
629 0.00470716 0.0448701 10.3556
630 0.0270611 0.027546 4.04052
631 0.00470737 0.0435104 10.4364
632 0.0268795 0.0264069 4.05353
633 0.00470758 0.0421507 10.5013
634 0.0266517 0.0252763 4.07036
635 0.00470779 0.0407911 10.5498
636 0.026386 0.0241568 4.08747
637 0.00470801 0.0394314 10.5814
638 0.026067 0.0230485 4.11087
639 0.00470822 0.0380717 10.5958
640 0.0256881 0.0219619 4.14356
641 0.00470843 0.036712 10.5924
642 0.025279 0.0209069 4.17478
643 0.00470864 0.0353524 10.571
644 0.0248625 0.0198625 4.19341
645 0.00470886 0.0339927 10.5312
646 0.0243453 0.018865 4.2393
647 0.00470907 0.032633 10.4724
648 0.02375 0.0179383 4.30709
649 0.00470928 0.0312733 10.3946
650 0.0231926 0.0170248 4.34634
651 0.00470949 0.0299136 10.2971
652 0.0227314 0.0160482 4.32363
653 0.00470971 0.028554 10.1799
654 0.0218699 0.0154347 4.48866
655 0.00470992 0.0271943 10.0424
656 0.0211147 0.0145776 4.55163
657 0.00471013 0.0258346 9.88457
658 0.0204884 0.0136695 4.54382
659 0.00471034 0.0244749 9.70602
660 0.0194853 0.0132102 4.73174
661 0.00471056 0.0231153 9.50653
662 0.0185896 0.0124995 4.81143
663 0.00471077 0.0217556 9.28591
664 0.0176815 0.0117879 4.87388
665 0.00471098 0.0203959 9.044
666 0.0166596 0.0111378 4.96031
667 0.00471119 0.0190362 8.78075
668 0.0156305 0.0106193 5.0629
669 0.00471141 0.0176765 8.49625
670 0.0145791 0.0100703 5.14297
671 0.00471162 0.0163169 8.19096
672 0.0134779 0.00953258 5.21641
673 0.00471183 0.0149572 7.86595
674 0.012336 0.00901535 5.28288
675 0.00471205 0.0135975 7.52326
676 0.0111721 0.0085168 5.33771
677 0.00470803 0.0122014 7.15643
678 0.01 0.00805325 5.3834
679 0.00470295 0.0108043 6.77653
680 0.00884728 0.00761456 5.41338
681 0.00473267 0.00937712 6.37209
682 0.00767811 0.0072288 5.44216
683 0.00481647 0.00793011 5.9398
684 0.00619991 0.00711248 5.56845
685 0.004832 0.00652468 5.50203
686 0.0104792 0.07307 4.756
687 0.00945228 0.0736039 4.86468
688 0.0088387 0.0745473 4.76573
689 0.0115026 0.0724869 4.62828
690 0.00790713 0.0748906 4.85496
691 0.01191 0.0714903 4.73189
692 0.00684619 0.0752798 4.93002
693 0.0123605 0.0704661 4.81569
694 0.0127479 0.069407 4.91237
695 0.0130556 0.0683148 5.03176
696 0.0133995 0.0671614 5.14296
697 0.0137281 0.0659398 5.26443
698 0.0140381 0.064644 5.39951
699 0.0143103 0.0632115 5.56819
700 0.0146404 0.0617672 5.71229
701 0.0150557 0.0603096 5.81975
702 0.0155245 0.0588313 5.90294
703 0.0160625 0.0573798 5.94627
704 0.0166413 0.0559598 5.96001
705 0.0172568 0.0545728 5.94562
706 0.0178747 0.0532168 5.91797
707 0.00580057 0.0743465 5.30128
708 0.0185326 0.051892 5.86134
709 0.00589826 0.0729073 5.63222
710 0.0191962 0.0506185 5.7866
711 0.00596045 0.0714773 5.95847
712 0.0198691 0.0493649 5.69738
713 0.00592927 0.0700473 6.293
714 0.0205392 0.0481271 5.59907
715 0.00592411 0.0686726 6.60545
716 0.0211802 0.0469596 5.4946
717 0.00588253 0.067305 6.91359
718 0.0217806 0.0457851 5.39988
719 0.00588275 0.0659453 7.20436
720 0.0223244 0.0446393 5.31627
721 0.00588296 0.0645856 7.48473
722 0.022859 0.0434972 5.22628
723 0.00588317 0.0632259 7.75428
724 0.0233587 0.0423698 5.13897
725 0.00588338 0.0618662 8.01274
726 0.0238226 0.0412496 5.05521
727 0.0058836 0.0605066 8.26003
728 0.0242465 0.0401437 4.97575
729 0.00588381 0.0591469 8.49603
730 0.0246362 0.039054 4.89792
731 0.00588402 0.0577872 8.72056
732 0.0249999 0.0379711 4.81896
733 0.00588423 0.0564275 8.93338
734 0.0253084 0.0368863 4.75178
735 0.00588445 0.0550679 9.13424
736 0.0255458 0.0357941 4.70278
737 0.00588466 0.0537082 9.32279
738 0.025751 0.0347149 4.65428
739 0.00588487 0.0523485 9.49868
740 0.0259523 0.0336493 4.59452
741 0.00588508 0.0509888 9.6615
742 0.0260456 0.0325651 4.5685
743 0.0058853 0.0496291 9.81083
744 0.0261008 0.0314939 4.54525
745 0.00588551 0.0482695 9.94622
746 0.0263296 0.0304229 4.43631
747 0.00588572 0.0469098 10.0672
748 0.0260369 0.0293485 4.53206
749 0.00588593 0.0455501 10.1734
750 0.0259431 0.0282535 4.53018
751 0.00588615 0.0441904 10.2643
752 0.0257917 0.0271588 4.53747
753 0.00588636 0.0428308 10.3394
754 0.0255853 0.0260705 4.55264
755 0.00588657 0.0414711 10.3984
756 0.0253458 0.0249955 4.56715
757 0.00588678 0.0401114 10.4406
758 0.0251004 0.0239416 4.57112
759 0.005887 0.0387517 10.4657
760 0.0247627 0.022874 4.59475
761 0.00588721 0.0373921 10.4733
762 0.0243426 0.0218629 4.63984
763 0.00588742 0.0360324 10.463
764 0.0239599 0.0208608 4.6566
765 0.00588764 0.0346727 10.4343
766 0.0237169 0.0198213 4.60251
767 0.00588785 0.033313 10.3869
768 0.0230032 0.0190279 4.73696
769 0.00588806 0.0319533 10.3204
770 0.0223731 0.0180421 4.7946
771 0.00588827 0.0305937 10.2344
772 0.0216666 0.0168789 4.82623
773 0.00588849 0.029234 10.1287
774 0.0058887 0.0278743 10.0028
775 0.0205949 0.0158238 4.96157
776 0.00588891 0.0265146 9.85662
777 0.0196295 0.0146724 5.01355
778 0.00588912 0.025155 9.68974
779 0.00588934 0.0237953 9.50193
780 0.0184004 0.0138669 5.17892
781 0.00588955 0.0224356 9.29298
782 0.0174185 0.0131142 5.26268
783 0.00588976 0.0210759 9.06269
784 0.016644 0.0123012 5.25825
785 0.00588997 0.0197162 8.81096
786 0.0155723 0.0119996 5.43524
787 0.00589019 0.0183566 8.53781
788 0.0145621 0.0114343 5.51314
789 0.0058904 0.0169969 8.24355
790 0.0135045 0.0108856 5.58571
791 0.00589061 0.0156372 7.92893
792 0.0124156 0.0103542 5.64897
793 0.00590372 0.0142569 7.58928
794 0.0112866 0.00985968 5.70934
795 0.00589334 0.0128676 7.23317
796 0.0101444 0.00940428 5.7625
797 0.00586163 0.011461 6.86068
798 0.00902203 0.00896719 5.79795
799 0.0058451 0.0100368 6.46821
800 0.00795833 0.00852839 5.80614
801 0.00590603 0.00853189 6.02795
802 0.00950837 0.0721424 5.18075
803 0.00808196 0.0735661 5.13875
804 0.0109346 0.0705579 5.18708
805 0.0116344 0.0685276 5.41764
806 0.0120076 0.0674124 5.53278
807 0.0123657 0.0662476 5.65402
808 0.0127007 0.0649833 5.79327
809 0.0129874 0.0636308 5.95746
810 0.0132183 0.0621777 6.153
811 0.0135803 0.0607173 6.29684
812 0.0140357 0.0591706 6.41229
813 0.0145517 0.0576572 6.48987
814 0.0151527 0.0561838 6.51675
815 0.0157834 0.0547617 6.51283
816 0.0164209 0.053364 6.49193
817 0.0170657 0.0520074 6.45221
818 0.0177625 0.0507029 6.37377
819 0.00722187 0.0723053 5.57806
820 0.0184564 0.0494382 6.2811
821 0.00718585 0.0707503 5.93927
822 0.019142 0.0481966 6.17942
823 0.00717545 0.0693475 6.2573
824 0.0197985 0.0470056 6.07356
825 0.00713188 0.0679888 6.56575
826 0.0204076 0.045848 5.97395
827 0.00711404 0.066632 6.86172
828 0.0209763 0.0447044 5.88027
829 0.0071274 0.0652951 7.13888
830 0.0215153 0.0435683 5.7884
831 0.00710665 0.0639358 7.41687
832 0.0220152 0.0424519 5.70055
833 0.00706216 0.0625463 7.69439
834 0.0224806 0.0413454 5.61557
835 0.00706238 0.0611866 7.94747
836 0.0229009 0.0402556 5.53707
837 0.00706259 0.0598269 8.18978
838 0.0232883 0.0391845 5.45975
839 0.0070628 0.0584672 8.42107
840 0.0236626 0.0381427 5.37468
841 0.00706301 0.0571076 8.64111
842 0.0240318 0.0371176 5.27986
843 0.00706323 0.0557479 8.84965
844 0.0242848 0.0360615 5.22471
845 0.00706344 0.0543882 9.04635
846 0.0244485 0.0350067 5.19496
847 0.00706365 0.0530285 9.23078
848 0.0246435 0.0339554 5.13958
849 0.00706386 0.0516688 9.40254
850 0.0250208 0.032949 4.99472
851 0.00706408 0.0503092 9.56119
852 0.0248807 0.0318579 5.05567
853 0.00706429 0.0489495 9.70617
854 0.0138735 0.0207317 7.67664
855 0.0070645 0.0475898 9.83709
856 0.0103005 0.0156744 7.35676
857 0.00706471 0.0462301 9.95348
858 0.0248368 0.0290685 5.01294
859 0.00706493 0.0448705 10.0548
860 0.0247008 0.0278855 5.01448
861 0.00706514 0.0435108 10.1406
862 0.0245233 0.0268224 5.02266
863 0.00706535 0.0421511 10.2104
864 0.0242793 0.0257662 5.04333
865 0.00706556 0.0407914 10.2637
866 0.0240321 0.0247532 5.05384
867 0.00706578 0.0394318 10.3001
868 0.0239682 0.0237102 4.9781
869 0.00706599 0.0380721 10.3191
870 0.0234057 0.0228194 5.09279
871 0.0070662 0.0367124 10.3202
872 0.0229718 0.0217231 5.11943
873 0.00706641 0.0353527 10.3031
874 0.0225169 0.0204361 5.10914
875 0.00706663 0.033993 10.2674
876 0.00706684 0.0326334 10.2127
877 0.0217064 0.0192957 5.21392
878 0.00706705 0.0312737 10.1386
879 0.0210006 0.018218 5.26832
880 0.00706726 0.029914 10.0448
881 0.0201565 0.0171643 5.34487
882 0.00706748 0.0285543 9.93091
883 0.00706769 0.0271947 9.7967
884 0.0192054 0.0161503 5.43283
885 0.0070679 0.025835 9.64184
886 0.0181832 0.015227 5.52985
887 0.00706812 0.0244753 9.46606
888 0.00706833 0.0231156 9.26913
889 0.0170769 0.0143916 5.6392
890 0.00706854 0.0217559 9.05081
891 0.0159365 0.0134275 5.69843
892 0.00706875 0.0203963 8.81097
893 0.00706897 0.0190366 8.54956
894 0.0146178 0.012821 5.85011
895 0.00706918 0.0176769 8.26677
896 0.0135064 0.0122333 5.93547
897 0.00706451 0.0162874 7.95689
898 0.0124368 0.0116996 6.00484
899 0.00709138 0.0148893 7.6211
900 0.0113742 0.0111782 6.05616
901 0.00710146 0.0134904 7.2693
902 0.0102534 0.0107307 6.11732
903 0.00704717 0.0120878 6.90909
904 0.00912678 0.0103362 6.17398
905 0.00696894 0.0106933 6.53972
906 0.00801705 0.00987237 6.18919
907 0.0114966 0.0696068 5.23435
908 0.00812401 0.0112673 6.56172
909 0.00693768 0.00933781 6.16058
910 0.0106177 0.0677035 5.86294
911 0.0109509 0.0664892 6.02212
912 0.011348 0.0653686 6.13529
913 0.0117135 0.0640651 6.28208
914 0.0118801 0.0626685 6.50008
915 0.0119758 0.0610911 6.76682
916 0.0126313 0.059664 6.81245
917 0.0129178 0.057917 7.02632
918 0.0136291 0.0563799 7.04385
919 0.0142728 0.0549449 7.05332
920 0.0149546 0.0535324 7.03164
921 0.0155706 0.052117 7.02224
922 0.0162562 0.0507645 6.96547
923 0.0170203 0.0494827 6.85529
924 0.00836314 0.0713463 5.59244
925 0.0177342 0.0482383 6.74857
926 0.00850142 0.0699767 5.87025
927 0.018434 0.0470164 6.63376
928 0.00844645 0.0686409 6.17388
929 0.0190465 0.0458835 6.53244
930 0.00829569 0.0672895 6.49607
931 0.01963 0.0447539 6.43317
932 0.00839324 0.0660047 6.74649
933 0.0201693 0.0436308 6.34153
934 0.00837656 0.0646762 7.02179
935 0.0206712 0.0425212 6.25374
936 0.00827965 0.0632658 7.32058
937 0.0211356 0.041425 6.16966
938 0.00824115 0.0618666 7.59467
939 0.0215617 0.0403422 6.08948
940 0.00822799 0.0605121 7.84486
941 0.0219517 0.0392705 6.01239
942 0.00821382 0.0591498 8.08619
943 0.022314 0.0382263 5.93365
944 0.00824179 0.0577876 8.30821
945 0.0226945 0.0372694 5.83153
946 0.00827806 0.0564422 8.51501
947 0.0231836 0.0363532 5.67261
948 0.00830305 0.0550955 8.7133
949 0.0231497 0.0353065 5.727
950 0.0083055 0.0537352 8.9065
951 0.0233177 0.0341558 5.68735
952 0.00830302 0.052369 9.08913
953 0.0236943 0.0327578 5.54862
954 0.00828914 0.051007 9.26076
955 0.00824307 0.0496295 9.4268
956 0.0236122 0.0311608 5.56978
957 0.00824328 0.0482698 9.568
958 0.00824349 0.0469102 9.69503
959 0.0235978 0.029712 5.53776
960 0.00824371 0.0455505 9.80734
961 0.0237575 0.0285414 5.42391
962 0.00824392 0.0441908 9.90431
963 0.023369 0.0275246 5.52133
964 0.00824413 0.0428311 9.98547
965 0.023385 0.0265019 5.44468
966 0.00824434 0.0414715 10.0503
967 0.0228687 0.0255425 5.56512
968 0.00824456 0.0401118 10.0984
969 0.0226688 0.0241303 5.50571
970 0.00824477 0.0387521 10.1292
971 0.00824498 0.0373924 10.1423
972 0.0220891 0.0228394 5.56966
973 0.00824519 0.0360327 10.1373
974 0.0216021 0.0216459 5.58778
975 0.00824541 0.0346731 10.1138
976 0.0210045 0.020524 5.63043
977 0.00824562 0.0333134 10.0713
978 0.00824583 0.0319537 10.0094
979 0.020332 0.0194797 5.68623
980 0.00824604 0.030594 9.92795
981 0.019607 0.0184682 5.74127
982 0.00824626 0.0292344 9.82646
983 0.0187776 0.0174944 5.81055
984 0.00824647 0.0278747 9.70464
985 0.00824668 0.026515 9.56219
986 0.0178427 0.0165903 5.89795
987 0.00824689 0.0251553 9.39883
988 0.0168322 0.015761 5.99486
989 0.00824711 0.0237956 9.21428
990 0.00824732 0.022436 9.00833
991 0.0157613 0.0149489 6.08414
992 0.00824753 0.0210763 8.78078
993 0.0146292 0.014221 6.17921
994 0.00824774 0.0197166 8.53153
995 0.00824796 0.0183569 8.26066
996 0.0135051 0.0136129 6.27473
997 0.00822261 0.0169746 7.96715
998 0.0124116 0.0130336 6.34776
999 0.00822381 0.0155585 7.64135
1000 0.0113316 0.0125277 6.4153
1001 0.00833649 0.014106 7.27273
1002 0.0104112 0.0119134 6.40796
1003 0.00831074 0.0127082 6.92015
1004 0.00928319 0.0117937 6.54687
1005 0.00964645 0.0707626 5.45296
1006 0.0100395 0.0691297 5.71392
1007 0.00844584 0.0724545 5.32597
1008 0.00961279 0.0667173 6.32261
1009 0.00980071 0.0654852 6.53111
1010 0.0105857 0.0644478 6.53043
1011 0.0219573 0.0360667 6.18644
1012 0.0106659 0.0618844 7.00391
1013 0.011436 0.0598195 7.15833
1014 0.0116274 0.0586568 7.30642
1015 0.0121498 0.0564197 7.52462
1016 0.012718 0.0550784 7.56191
1017 0.0134198 0.0537158 7.54385
1018 0.0141081 0.0523298 7.51891
1019 0.0146224 0.0507713 7.56623
1020 0.0155605 0.0494826 7.408
1021 0.0163137 0.0482537 7.29494
1022 0.0170292 0.0470479 7.18046
1023 0.0176738 0.0459003 7.07427
1024 0.00941726 0.0678647 6.12641
1025 0.0182787 0.0447823 6.96951
1026 0.018833 0.0436726 6.87364
1027 0.0193347 0.0425764 6.78699
1028 0.00947504 0.0639914 6.90793
1029 0.0197962 0.0414919 6.70504
1030 0.00943977 0.0625778 7.1904
1031 0.020224 0.0404197 6.62499
1032 0.00941588 0.0612065 7.45245
1033 0.0206272 0.0393375 6.54475
1034 0.00935237 0.0598254 7.71582
1035 0.0210039 0.0382453 6.46433
1036 0.00935441 0.0584944 7.94464
1037 0.0213575 0.0371425 6.38163
1038 0.0094312 0.0571526 8.14808
1039 0.00955886 0.0558052 8.33024
1040 0.021929 0.0347519 6.2359
1041 0.00955 0.0544671 8.53255
1042 0.0095407 0.0530693 8.73092
1043 0.0221707 0.0333321 6.15897
1044 0.00956606 0.0517179 8.90331
1045 0.022294 0.0318559 6.10512
1046 0.00947399 0.0503282 9.09352
1047 0.00942206 0.0489499 9.25918
1048 0.0223037 0.030267 6.06555
1049 0.00944361 0.0475954 9.39221
1050 0.00945048 0.0462418 9.51423
1051 0.0223832 0.0286037 5.96548
1052 0.0094227 0.0448708 9.62979
1053 0.00942291 0.0435112 9.72288
1054 0.0220904 0.0268401 5.96273
1055 0.00942312 0.0421515 9.79978
1056 0.00942333 0.0407918 9.8601
1057 0.0215851 0.0252984 6.01496
1058 0.00942355 0.0394321 9.90331
1059 0.0211957 0.023973 6.01544
1060 0.00942376 0.0380724 9.92891
1061 0.00942397 0.0367128 9.93646
1062 0.0207693 0.0227727 6.0181
1063 0.00942419 0.0353531 9.92553
1064 0.0202028 0.021661 6.05732
1065 0.0094244 0.0339934 9.89572
1066 0.0196133 0.0206654 6.09915
1067 0.00942461 0.0326337 9.84664
1068 0.00942482 0.0312741 9.77793
1069 0.0189947 0.0196965 6.13431
1070 0.00942504 0.0299144 9.68923
1071 0.0183199 0.018787 6.17658
1072 0.00942525 0.0285547 9.58022
1073 0.017481 0.0178655 6.24279
1074 0.00942546 0.027195 9.45058
1075 0.00942567 0.0258353 9.30002
1076 0.0165494 0.017109 6.34283
1077 0.00942589 0.0244757 9.12826
1078 0.0155677 0.0163553 6.43321
1079 0.0094261 0.023116 8.93506
1080 0.00942631 0.0217563 8.72023
1081 0.0145098 0.0156376 6.52513
1082 0.00942652 0.0203966 8.48362
1083 0.013443 0.0149941 6.61122
1084 0.00944375 0.0190213 8.21946
1085 0.00942695 0.0176773 7.94537
1086 0.0123798 0.0143571 6.67486
1087 0.009317 0.0162828 7.65377
1088 0.0112659 0.0137513 6.73256
1089 0.00935048 0.014831 7.30691
1090 0.0098324 0.0133076 6.85888
1091 0.010436 0.0591532 7.5589
1092 0.0110116 0.0551773 8.05584
1093 0.0118738 0.0538199 8.01213
1094 0.0125637 0.052554 7.98931
1095 0.0131314 0.0512542 7.99295
1096 0.0142201 0.0492844 7.90114
1097 0.0149081 0.0481953 7.80531
1098 0.0156083 0.0470242 7.70295
1099 0.0162864 0.0458864 7.59215
1100 0.0169415 0.0447767 7.47486
1101 0.0175078 0.0436932 7.37657
1102 0.0180073 0.0426124 7.29285
1103 0.018458 0.0415472 7.21599
1104 0.0188828 0.0404896 7.13819
1105 0.0193075 0.0394263 7.05052
1106 0.0197034 0.0383 6.96626
1107 0.020111 0.0371103 6.8678
1108 0.0105107 0.057921 7.74921
1109 0.0106995 0.056587 7.91807
1110 0.0208229 0.0340838 6.6742
1111 0.0105757 0.0537793 8.37657
1112 0.0109698 0.0525002 8.45464
1113 0.0209491 0.0325794 6.62672
1114 0.0107356 0.0509889 8.71161
1115 0.0209636 0.0310414 6.59382
1116 0.0106158 0.0496443 8.90432
1117 0.0106077 0.048271 9.05757
1118 0.0209582 0.0294763 6.53829
1119 0.0106945 0.0469588 9.16849
1120 0.0106679 0.045584 9.29792
1121 0.0208079 0.0279612 6.50784
1122 0.0106326 0.0442102 9.41345
1123 0.0106019 0.0428315 9.51141
1124 0.0205222 0.0264356 6.49333
1125 0.0106265 0.041464 9.57948
1126 0.0106023 0.0401121 9.64074
1127 0.0201644 0.0250357 6.48402
1128 0.0106025 0.0387525 9.67944
1129 0.0198302 0.023792 6.45718
1130 0.0106028 0.0373928 9.70008
1131 0.010603 0.0360331 9.7023
1132 0.0195832 0.0226568 6.39324
1133 0.0106032 0.0346734 9.68568
1134 0.018844 0.0217999 6.50794
1135 0.0106034 0.0333138 9.64982
1136 0.0182593 0.0208333 6.53828
1137 0.0106036 0.0319541 9.59435
1138 0.0106038 0.0305944 9.5189
1139 0.0176639 0.019896 6.55712
1140 0.010604 0.0292347 9.42313
1141 0.017198 0.018944 6.51914
1142 0.0106042 0.027875 9.30673
1143 0.0162516 0.0184043 6.67213
1144 0.0106045 0.0265154 9.16939
1145 0.0106047 0.0251557 9.01084
1146 0.0153497 0.0177299 6.76798
1147 0.0106049 0.023796 8.83079
1148 0.0144085 0.0169746 6.83562
1149 0.0105975 0.0224526 8.63299
1150 0.0105929 0.0210894 8.40992
1151 0.0132939 0.0163825 6.95355
1152 0.010612 0.019701 8.15595
1153 0.0123193 0.0157619 7.01313
1154 0.0106701 0.0182821 7.86642
1155 0.0104953 0.0169806 7.62023
1156 0.0113408 0.0150216 7.02439
1157 0.0133756 0.0500966 8.06888
1158 0.0206604 0.0357219 6.7073
1159 0.0118769 0.0514968 8.33606
1160 0.0134994 0.0480372 8.28319
1161 0.0142144 0.0469218 8.18224
1162 0.0148664 0.0458098 8.08914
1163 0.0155831 0.0447302 7.95739
1164 0.01622 0.0437013 7.83628
1165 0.0167057 0.0426123 7.76247
1166 0.0171336 0.0415867 7.69412
1167 0.0175366 0.0405485 7.6257
1168 0.0179481 0.0395022 7.5447
1169 0.0183691 0.0384122 7.45205
1170 0.0187779 0.0372399 7.35516
1171 0.0197059 0.0333268 7.08653
1172 0.0196831 0.0319305 7.07689
1173 0.0120105 0.0502209 8.46453
1174 0.0196257 0.0304497 7.05261
1175 0.0115973 0.048966 8.7265
1176 0.0120042 0.0477739 8.74996
1177 0.0194837 0.0289516 7.02929
1178 0.0119116 0.0462942 8.92195
1179 0.0118921 0.0449286 9.04836
1180 0.0192957 0.027471 6.99323
1181 0.0117807 0.0435115 9.18455
1182 0.0118258 0.042128 9.2613
1183 0.0190943 0.025993 6.93287
1184 0.0118613 0.0407743 9.32219
1185 0.0118394 0.039421 9.37982
1186 0.0187367 0.0246202 6.90537
1187 0.0117815 0.0380728 9.42771
1188 0.0106279 0.0632551 6.75332
1189 0.0117817 0.0367131 9.44363
1190 0.011782 0.0353535 9.44073
1191 0.00259338 0.0819675 3.50577
1192 0.0117822 0.0339938 9.41861
1193 0.0175611 0.0219358 6.91072
1194 0.0117824 0.0326341 9.37688
1195 0.016831 0.0208194 6.9441
1196 0.0117826 0.0312744 9.31516
1197 0.0117828 0.0299147 9.23309
1198 0.011783 0.0285551 9.13036
1199 0.0152057 0.0191432 7.07622
1200 0.0117832 0.0271954 9.00669
1201 0.0117834 0.0258357 8.86176
1202 0.0117837 0.024476 8.69533
1203 0.0142204 0.0183079 7.15041
1204 0.0117842 0.0231443 8.51116
1205 0.013367 0.0175507 7.18624
1206 0.0117584 0.0218128 8.31119
1207 0.0117421 0.0204499 8.08262
1208 0.0120521 0.017358 7.41855
1209 0.011792 0.0190135 7.80517
1210 0.0127995 0.0490242 8.37983
1211 0.0191834 0.0360062 7.24718
1212 0.0195314 0.0347241 7.14458
1213 0.0129715 0.0469299 8.56152
1214 0.0133105 0.0456843 8.58804
1215 0.0142515 0.0446028 8.40095
1216 0.0149337 0.0435549 8.27633
1217 0.0155884 0.0427354 8.1302
1218 0.0157618 0.041662 8.15413
1219 0.0161583 0.040615 8.09243
1220 0.0165767 0.0395698 8.01272
1221 0.0169969 0.0385714 7.92007
1222 0.0174756 0.0374301 7.80249
1223 0.0184364 0.032782 7.52149
1224 0.0183038 0.029956 7.47389
1225 0.0179104 0.0284716 7.51308
1226 0.0129683 0.0441902 8.8158
1227 0.0179661 0.0268973 7.37216
1228 0.0129645 0.0427883 8.9205
1229 0.0131359 0.0414411 8.95727
1230 0.0177677 0.0254975 7.299
1231 0.0131412 0.0400713 9.02384
1232 0.0130271 0.0387046 9.10279
1233 0.0172543 0.0242408 7.31031
1234 0.0129762 0.037358 9.14562
1235 0.0129652 0.035999 9.15938
1236 0.0129699 0.0346478 9.15012
1237 0.0129612 0.0333141 9.12522
1238 0.0162857 0.021807 7.24757
1239 0.0129614 0.0319544 9.07771
1240 0.0129616 0.0305948 9.00982
1241 0.0129618 0.0292351 8.92124
1242 0.0129845 0.0278762 8.80658
1243 0.0140925 0.0195996 7.42655
1244 0.0129849 0.0265232 8.67649
1245 0.0129878 0.0251692 8.5243
1246 0.0129916 0.0238265 8.35181
1247 0.0129178 0.0186614 7.50766
1248 0.012962 0.022511 8.16945
1249 0.0128733 0.0212338 7.98516
1250 0.0177917 0.0362302 7.72856
1251 0.0186613 0.0339412 7.45346
1252 0.0183728 0.0314557 7.51147
1253 0.0167119 0.0229822 7.30227
1254 0.0152039 0.0207801 7.36792
1255 0.0128599 0.0199414 7.7622
1256 0.0181269 0.0350424 7.63277
1257 0.0138949 0.0434502 8.60421
1258 0.0143825 0.04221 8.55109
1259 0.0146052 0.0407285 8.57623
1260 0.0153891 0.0397198 8.38588
1261 0.0155683 0.038574 8.38109
1262 0.0163142 0.0376684 8.17535
1263 0.0168077 0.0297026 7.92715
1264 0.0167047 0.0274603 7.79906
1265 0.0168724 0.0263142 7.64557
1266 0.0163859 0.025256 7.67542
1267 0.0142998 0.0392565 8.73329
1268 0.014197 0.0379688 8.80486
1269 0.0141419 0.0366011 8.8451
1270 0.0141575 0.0352811 8.84661
1271 0.0141692 0.0339446 8.83043
1272 0.0141595 0.0326096 8.80044
1273 0.0141672 0.0312488 8.74496
1274 0.0141624 0.0299032 8.67274
1275 0.0141779 0.0285597 8.57506
1276 0.0142191 0.0271973 8.44843
1277 0.0141719 0.0258676 8.32571
1278 0.0142054 0.024489 8.15582
1279 0.0142341 0.0231817 7.97539
1280 0.0141106 0.0218298 7.80282
1281 0.0165161 0.0364831 8.1417
1282 0.0169174 0.0323841 8.00527
1283 0.0175017 0.0338288 7.84138
1284 0.0173777 0.0309313 7.81095
1285 0.015647 0.0239562 7.7231
1286 0.0153367 0.0224323 7.59292
1287 0.0155469 0.0264893 8.03635
1288 0.0153932 0.0358356 8.49468
1289 0.0153448 0.0346128 8.51029
1290 0.0154055 0.0331891 8.47322
1291 0.0153652 0.0319172 8.44858
1292 0.0153741 0.0305079 8.38395
1293 0.0153845 0.0292565 8.30728
1294 0.0151949 0.0252113 7.99197
1295 0.0153941 0.0279034 8.20421
1296 0.0164445 0.0285921 7.9614
1297 0.0167676 0.0351108 8.07937
1298 0.00694793 0.00813495 5.80371
1299 0.00694133 0.0738425 5.26258
1300 0.0105408 0.0605358 7.28636
1301 0.0151943 0.0371934 8.53353
1302 0.016283 0.0311798 8.15331
1303 0.0112759 0.0161932 7.30595
1304 0.0104025 0.0144601 7.05076
1305 0.0249859 0.0304636 4.99444
1306 0.016342 0.0338825 8.20591
