1 6.12323e-19 -0.01 0.321489
2 4.08216e-19 0.00533333 0.506461
3 6.12323e-19 0.01 0.456238
4 4.08216e-19 0.0186667 0.270376
5 0.0058742 0.0151525 0.19382
6 0.00956943 -0.00290274 0.192441
7 0.00555552 0.00831481 0.32394
8 0 0.00314286 0.516882
9 0 0.000952381 0.51876
10 0 -0.0012381 0.507276
11 0 -0.00342857 0.482755
12 0 -0.00561905 0.445271
13 0 -0.00780952 0.392183
14 0.00996659 -0.00081677 0.183944
15 0.00991447 0.00130509 0.186981
16 0.00941539 0.00336905 0.203103
17 0.00849176 0.0052811 0.235115
18 0.0071859 0.00695434 0.29408
19 0.00407023 0.00672007 0.413465
20 0.00214999 0.00568953 0.473278
21 0.00211144 -0.00977455 0.305736
22 0.00412681 -0.00910875 0.287901
23 0.00595704 -0.00803204 0.263258
24 0.00751865 -0.00659317 0.236685
25 0.00874079 -0.00485783 0.211641
26 0 0.00766667 0.486753
27 0.00382666 0.00923887 0.386969
28 0.00195088 0.00980786 0.428804
29 0.00439003 0.0170172 0.220952
30 0.00234484 0.0182407 0.246606
31 0.00649672 0.0105043 0.213118
32 0.00660767 0.012885 0.18475
33 0 0.0165 0.328843
34 0 0.0143333 0.376878
35 0 0.0121667 0.418683
36 0.00618469 0.00161741 0.375986
37 0.00536078 0.00333504 0.401819
38 0.0042181 -0.00374764 0.407678
39 0.00560438 -0.000342988 0.396077
40 0.00227199 -0.00713428 0.38089
41 0.00429057 -0.00713822 0.33707
42 0.00537026 -0.00582406 0.335716
43 0.00197926 -0.0046103 0.439099
44 0.00654885 -0.00452294 0.317219
45 0.00189701 -0.00233333 0.473817
46 0.00770269 -0.00326166 0.284388
47 0.00194181 4.59948e-05 0.491391
48 0.00781559 -0.00154403 0.295884
49 0.00204955 0.00241799 0.492451
50 0.00799435 0.000253899 0.294231
51 0.00156555 0.00414929 0.493783
52 0.00812688 0.00203613 0.283824
53 0.00723296 0.00360443 0.320086
54 0.00364358 0.00421099 0.452254
55 0.0059112 0.00563857 0.364098
56 0.00359893 -0.00548544 0.39109
57 0.00574419 -0.0023967 0.375734
58 0.00377741 -0.0012381 0.446573
59 0.00380326 0.00154907 0.45756
60 0.00176679 0.00819575 0.455573
61 0.00411896 0.0131335 0.306967
62 0.00183912 0.0136211 0.363587
63 0.00185122 0.0115675 0.401642
64 0.00416643 0.0111881 0.337326
65 0.00201349 0.0158452 0.312901
66 0.00363514 0.0149186 0.290072
