1 0 0 4.94369
2 -1.31814e-05 0.0843 4.09601
3 0.00243379 0.000642361 5.40072
4 0.00486759 0.00128472 5.52391
5 0.00727038 0.00203406 5.56729
6 0.00967061 0.00279229 5.49713
7 0.0120301 0.00366749 5.39697
8 0.01436 0.00461695 5.23749
9 0.0166489 0.00566428 5.02228
10 0.0188633 0.00685917 4.77629
11 0.020986 0.00820914 4.50335
12 0.0230082 0.00970449 4.18755
13 0.0248485 0.0114206 3.88918
14 0.0264952 0.0133216 3.60638
15 0.0279122 0.0153997 3.36814
16 0.0291152 0.0176088 3.16193
17 0.0300937 0.0199269 3.00175
18 0.0308799 0.0223168 2.87077
19 0.0314864 0.0247591 2.76247
20 0.0318931 0.0272426 2.69081
21 0.0321031 0.0297497 2.65275
22 0.0321042 0.0322656 2.6565
23 0.0318814 0.034772 2.71304
24 0.0314272 0.0372468 2.82975
25 0.0307756 0.0396771 2.98646
26 0.0299516 0.0420549 3.17343
27 0.0289808 0.0443769 3.38198
28 0.027916 0.0466575 3.58541
29 0.0267832 0.0489053 3.77856
30 0.0256255 0.0511404 3.94206
31 0.0244759 0.0533797 4.06622
32 0.0233717 0.0556415 4.13771
33 0.0223467 0.0579402 4.14546
34 0.021444 0.0602894 4.07399
35 0.0206751 0.0626856 3.93396
36 0.0200505 0.0651236 3.72889
37 0.0195173 0.0675836 3.50332
38 0.0189726 0.0700408 3.3118
39 0.0182576 0.0724523 3.21959
40 0.0171833 0.0747254 3.33559
41 0.0156581 0.0767211 3.59173
42 0.0138058 0.078419 3.90188
43 0.0117012 0.0797971 4.20901
44 0.00947638 0.0809707 4.42905
45 0.00715298 0.0819346 4.58269
46 0.0048002 0.0828293 4.62295
47 0.00239933 0.0835818 4.53605
48 -1.27938e-05 0.0818206 5.2699
49 -1.24061e-05 0.0793412 6.37008
50 -1.20184e-05 0.0768618 7.4111
51 -1.16307e-05 0.0743824 8.39475
52 -1.1243e-05 0.0719029 9.32658
53 -1.08553e-05 0.0694235 10.2065
54 -1.04676e-05 0.0669441 11.0314
55 -1.00799e-05 0.0644647 11.7981
56 -9.69224e-06 0.0619853 12.5066
57 -9.30455e-06 0.0595059 13.1567
58 -8.91686e-06 0.0570265 13.7473
59 -8.52917e-06 0.0545471 14.2769
60 -8.14148e-06 0.0520676 14.7435
61 -7.75379e-06 0.0495882 15.1441
62 -7.3661e-06 0.0471088 15.4756
63 -6.97841e-06 0.0446294 15.7345
64 -6.59072e-06 0.04215 15.9173
65 -6.20303e-06 0.0396706 16.0202
66 -5.81534e-06 0.0371912 16.0397
67 -5.42765e-06 0.0347118 15.9722
68 -5.03997e-06 0.0322324 15.8146
69 -4.65228e-06 0.0297529 15.5638
70 -4.26459e-06 0.0272735 15.2169
71 -3.8769e-06 0.0247941 14.7715
72 -3.48921e-06 0.0223147 14.2254
73 -3.10152e-06 0.0198353 13.577
74 -2.71383e-06 0.0173559 12.8254
75 -2.32614e-06 0.0148765 11.9715
76 -1.93845e-06 0.0123971 11.0197
77 -1.55076e-06 0.00991765 9.97832
78 -1.16307e-06 0.00743824 8.85342
79 -7.75379e-07 0.00495882 7.64457
80 -3.8769e-07 0.00247941 6.3421
81 0.0152337 0.0260423 12.2284
82 0.0152894 0.0332475 12.8571
83 0.0148681 0.0238684 11.9901
84 0.00494671 0.0759702 7.55554
85 0.0114792 0.0770312 5.43183
86 0.0134309 0.0761103 4.9526
87 0.0144848 0.0742459 5.0963
88 0.00938005 0.078223 5.66813
89 0.0160202 0.0727193 4.70333
90 0.00731632 0.0794105 5.7139
91 0.0163824 0.0706301 5.10724
92 0.0054377 0.0805174 5.60472
93 0.0170265 0.0682733 5.34037
94 0.0168927 0.0296654 11.9551
95 0.0176586 0.065884 5.55673
96 0.018277 0.0633407 5.82613
97 0.0190123 0.0608264 6.01548
98 0.0198656 0.0583552 6.12481
99 0.00251852 0.0777405 7.12344
100 0.0208553 0.0559354 6.13312
101 0.00230472 0.0753687 8.06064
102 0.0219693 0.0535637 6.04128
103 0.00217904 0.0729977 8.96604
104 0.0231089 0.051281 5.89673
105 0.00219162 0.0706313 9.82932
106 0.024262 0.0490316 5.71027
107 0.00213657 0.0681842 10.6739
108 0.0253978 0.0468068 5.49064
109 0.00213696 0.0657047 11.4698
110 0.0264608 0.0446097 5.26334
111 0.00213735 0.0632253 12.2076
112 0.0273822 0.0424041 5.07342
113 0.00213774 0.0607459 12.8874
114 0.0282228 0.0401681 4.86969
115 0.00213812 0.0582665 13.5088
116 0.0289318 0.0379155 4.67674
117 0.00213851 0.0557871 14.0706
118 0.0294524 0.0356305 4.53169
119 0.0021389 0.0533077 14.5709
120 0.0297626 0.033331 4.44284
121 0.00213929 0.0508283 15.0072
122 0.029862 0.0310169 4.40825
123 0.00213967 0.0483489 15.3763
124 0.0297506 0.028687 4.4244
125 0.00214006 0.0458695 15.6747
126 0.0294492 0.0263846 4.47597
127 0.00214045 0.04339 15.8988
128 0.029009 0.024104 4.52554
129 0.00214084 0.0409106 16.0449
130 0.0283818 0.0218487 4.60449
131 0.00214122 0.0384312 16.1093
132 0.0275146 0.0196762 4.75191
133 0.00214161 0.0359518 16.0884
134 0.0264523 0.0176197 4.93724
135 0.002142 0.0334724 15.9787
136 0.0252527 0.0156769 5.11817
137 0.00214239 0.030993 15.7771
138 0.0239698 0.0138677 5.26677
139 0.00214278 0.0285136 15.4806
140 0.0223886 0.0122047 5.50392
141 0.00214316 0.0260342 15.0866
142 0.0206202 0.010815 5.8076
143 0.00214355 0.0235547 14.5926
144 0.0186971 0.00951888 6.09211
145 0.00214394 0.0210753 13.9964
146 0.0166526 0.00831136 6.33884
147 0.00214433 0.0185959 13.2965
148 0.0145436 0.00722141 6.54112
149 0.00214471 0.0161165 12.4918
150 0.0123418 0.00623496 6.70602
151 0.0021451 0.0136371 11.5831
152 0.0100757 0.00535397 6.8296
153 0.00215006 0.0110637 10.5373
154 0.00774895 0.00456209 6.90108
155 0.00220245 0.00844246 9.38835
156 0.00502316 0.00427729 7.18524
157 0.00246163 0.00575052 8.13358
158 0.00247163 0.0032719 6.87248
159 0.00926382 0.0755538 6.73158
160 0.0116741 0.0742204 6.37342
161 0.0136739 0.0715527 6.3553
162 0.00718375 0.0767291 6.83933
163 0.00507943 0.0784057 6.57763
164 0.0144718 0.0689514 6.70726
165 0.0151915 0.0665201 6.99285
166 0.0158156 0.0640015 7.32729
167 0.016531 0.0614389 7.59458
168 0.0173409 0.0588599 7.78881
169 0.0182818 0.0563096 7.87546
170 0.0193746 0.0538387 7.82156
171 0.0042143 0.0739758 8.41256
172 0.0205783 0.0514434 7.65121
173 0.00448269 0.0718811 9.1556
174 0.021746 0.0491621 7.44786
175 0.00434944 0.0694003 10.0505
176 0.0229025 0.0469352 7.20162
177 0.00429111 0.0669448 10.8707
178 0.0239239 0.0448076 6.97808
179 0.0042915 0.0644654 11.6345
180 0.0249038 0.0426574 6.73297
181 0.00429189 0.061986 12.3428
182 0.025747 0.0405265 6.51327
183 0.00429228 0.0595066 12.9947
184 0.0264838 0.0384063 6.29472
185 0.00429266 0.0570271 13.589
186 0.027111 0.0363163 6.07469
187 0.00429305 0.0545477 14.1242
188 0.0274712 0.034161 5.96513
189 0.00429344 0.0520683 14.5979
190 0.0276484 0.032104 5.89724
191 0.00429383 0.0495889 15.0069
192 0.0276805 0.0299318 5.85118
193 0.00429422 0.0471095 15.3474
194 0.0274131 0.0278012 5.92044
195 0.0042946 0.0446301 15.6157
196 0.0270764 0.025688 5.95263
197 0.00429499 0.0421507 15.8079
198 0.0266824 0.0235788 5.93893
199 0.00429538 0.0396713 15.92
200 0.0259772 0.0215091 6.03695
201 0.00429577 0.0371918 15.9483
202 0.024967 0.019613 6.25429
203 0.00429615 0.0347124 15.8893
204 0.0238652 0.0177586 6.43471
205 0.00429654 0.032233 15.7395
206 0.0227304 0.0160137 6.56065
207 0.00429693 0.0297536 15.4958
208 0.0218972 0.0142498 6.43537
209 0.00429732 0.0272742 15.1554
210 0.0202226 0.0132923 6.89508
211 0.0042977 0.0247948 14.7158
212 0.0184185 0.0120355 7.20739
213 0.00429809 0.0223154 14.1745
214 0.0165641 0.0108468 7.45377
215 0.00429848 0.019836 13.5298
216 0.014587 0.00974848 7.67133
217 0.00429887 0.0173566 12.78
218 0.0124977 0.00878293 7.87144
219 0.00429926 0.0148771 11.9247
220 0.0103703 0.00786095 7.99295
221 0.00428911 0.0123181 10.9347
222 0.00825383 0.0069906 8.02915
223 0.00426294 0.00970479 9.82541
224 0.00631416 0.00623346 7.98577
225 0.00426973 0.00696939 8.58592
226 0.0202508 0.0157964 7.68346
227 0.0094001 0.0733663 7.46236
228 0.00683642 0.0736797 8.06132
229 0.0107478 0.0715416 7.61858
230 0.0118404 0.0694256 7.85859
231 0.0127625 0.067113 8.13909
232 0.0132988 0.0646554 8.59945
233 0.0139901 0.0621329 8.95234
234 0.0148226 0.0594754 9.21409
235 0.0156577 0.0567569 9.45407
236 0.016704 0.0541475 9.49809
237 0.0179327 0.0516799 9.34806
238 0.0191209 0.0493572 9.14868
239 0.00645037 0.0706692 9.22566
240 0.0203273 0.0471087 8.8782
241 0.00654807 0.0681229 10.0656
242 0.021429 0.0449494 8.61027
243 0.00650311 0.0656183 10.8698
244 0.0224165 0.0428683 8.35122
245 0.00647291 0.0631884 11.595
246 0.0232921 0.0407863 8.10965
247 0.0064189 0.0607454 12.2782
248 0.0240322 0.0387141 7.89339
249 0.00641315 0.0582577 12.908
250 0.0247142 0.0367513 7.63809
251 0.00644721 0.0557878 13.4689
252 0.0254707 0.0348761 7.2609
253 0.00644759 0.0533084 13.9819
254 0.0252748 0.0329285 7.45561
255 0.00644798 0.050829 14.4333
256 0.0258116 0.0310484 7.10073
257 0.00644837 0.0483495 14.819
258 0.0254019 0.0290739 7.29546
259 0.00644876 0.0458701 15.1348
260 0.0250361 0.0270969 7.37858
261 0.00644914 0.0433907 15.3766
262 0.0247543 0.0251208 7.3295
263 0.00644953 0.0409113 15.5402
264 0.0245922 0.0231441 7.13032
265 0.00644992 0.0384319 15.6213
266 0.0235076 0.0214964 7.46062
267 0.00645031 0.0359525 15.6163
268 0.0224317 0.0196886 7.65744
269 0.0064507 0.0334731 15.5215
270 0.021227 0.0178323 7.80583
271 0.00645108 0.0309937 15.3337
272 0.00645147 0.0285142 15.0498
273 0.0181708 0.0147205 8.24389
274 0.00645186 0.0260348 14.6671
275 0.00645225 0.0235554 14.1831
276 0.0164203 0.0133595 8.45257
277 0.00645263 0.021076 13.5956
278 0.0145601 0.0122039 8.66568
279 0.00645302 0.0185966 12.9027
280 0.0126031 0.0112964 8.90396
281 0.00646986 0.0160578 12.0801
282 0.010538 0.0103773 9.06214
283 0.00643837 0.013509 11.1497
284 0.00840958 0.00945983 9.1244
285 0.0063781 0.0109644 10.1201
286 0.00630209 0.00849484 9.04747
287 0.00835436 0.0715456 8.42036
288 0.00894622 0.0693038 9.01447
289 0.0105845 0.0676001 8.95357
290 0.0108956 0.0654738 9.48885
291 0.0111868 0.0628022 10.1531
292 0.0123596 0.0602066 10.3222
293 0.0130657 0.0574776 10.6953
294 0.01376 0.0544641 11.0933
295 0.0152787 0.0519076 10.8656
296 0.0164602 0.0494837 10.7371
297 0.0177423 0.0472143 10.4565
298 0.0188962 0.0450661 10.1738
299 0.00866951 0.0666916 9.93869
300 0.0199162 0.043006 9.90352
301 0.00875084 0.0642878 10.6415
302 0.0208275 0.0409949 9.63875
303 0.00860058 0.0619866 11.3455
304 0.0216451 0.0389668 9.37723
305 0.00844312 0.0594985 12.0527
306 0.0223076 0.0368139 9.16055
307 0.00862037 0.0570237 12.6044
308 0.0229769 0.0343518 8.88139
309 0.00872953 0.0545648 13.1212
310 0.00873824 0.0520671 13.6204
311 0.0232678 0.0311325 8.70587
312 0.00871263 0.0495867 14.0632
313 0.00869968 0.0471177 14.4333
314 0.0230094 0.0285702 8.72211
315 0.0086799 0.0446356 14.7349
316 0.0226005 0.0263016 8.73766
317 0.00866924 0.0421646 14.957
318 0.0222094 0.023934 8.62571
319 0.00860407 0.0396719 15.1129
320 0.00860446 0.0371925 15.1658
321 0.00860485 0.0347131 15.1298
322 0.0198606 0.0197609 8.96569
323 0.00860524 0.0322337 15.0014
324 0.00860562 0.0297543 14.7774
325 0.00860601 0.0272749 14.4549
326 0.0160321 0.0159477 9.49335
327 0.0086064 0.0247955 14.0311
328 0.00860679 0.0223161 13.5038
329 0.014574 0.0143726 9.46501
330 0.00865035 0.0197969 12.8508
331 0.0126649 0.0138628 9.88795
332 0.00866139 0.0171929 12.0664
333 0.0106328 0.0129768 10.1014
334 0.0086148 0.0146428 11.1938
335 0.00851253 0.012014 10.1894
336 0.0210654 0.0216981 8.81191
337 0.0183097 0.0176538 9.1095
338 0.0102281 0.060633 11.1268
339 0.0106129 0.0583217 11.5802
340 0.0110296 0.0558528 12.0121
341 0.0129566 0.0520527 12.0036
342 0.0135724 0.0495518 12.2238
343 0.0151764 0.0471688 11.8613
344 0.016306 0.0451207 11.6169
345 0.0174036 0.0430565 11.3302
346 0.0183496 0.0411482 11.0533
347 0.0192296 0.0392369 10.76
348 0.0202096 0.0373618 10.3522
349 0.0201678 0.0352277 10.4824
350 0.0203729 0.0324891 10.3939
351 0.011052 0.0533773 12.5536
352 0.0110563 0.0507495 13.0686
353 0.0211512 0.0299406 9.86021
354 0.0109603 0.0483744 13.5144
355 0.0109354 0.045891 13.8778
356 0.0205462 0.0279045 10.0304
357 0.0110004 0.043452 14.1348
358 0.0200161 0.0256436 10.0337
359 0.0108733 0.0409255 14.383
360 0.010853 0.0384283 14.5069
361 0.010759 0.0359532 14.5636
362 0.0107594 0.0334737 14.4989
363 0.0107598 0.0309943 14.3386
364 0.0107602 0.0285149 14.0797
365 0.0107606 0.0260355 13.7197
366 0.0131872 0.0165784 10.6878
367 0.0107609 0.0235561 13.256
368 0.010878 0.0210146 12.64
369 0.0109349 0.0183376 11.8873
370 0.0107821 0.0156607 11.0592
371 0.0198315 0.0235032 9.77516
372 0.0175398 0.01992 10.0456
373 0.0185056 0.02186 10.0816
374 0.0154718 0.0186072 10.5199
375 0.0128704 0.0471522 12.9361
376 0.0135107 0.0448638 12.9985
377 0.0152024 0.0431708 12.4268
378 0.0156392 0.0410206 12.458
379 0.0171299 0.0394088 11.8527
380 0.00294326 0.0803156 6.03472
381 0.0177399 0.0368326 11.71
382 0.0177925 0.0341597 11.7341
383 0.0190271 0.0298771 10.9685
384 0.0131586 0.0421547 13.4413
385 0.0131404 0.0396791 13.6376
386 0.0130799 0.0371208 13.7598
387 0.0130499 0.0346431 13.7736
388 0.0129627 0.0321865 13.7124
389 0.0129508 0.0297093 13.5243
390 0.0129617 0.027273 13.2324
391 0.0129082 0.024886 12.8706
392 0.0132463 0.019746 11.6104
393 0.0130639 0.022404 12.3202
394 0.0174886 0.03176 11.8232
395 0.0177638 0.0273606 11.3416
396 0.017418 0.0243077 11.0483
397 0.0157093 0.0216866 11.2244
398 0.0152501 0.0383601 12.8188
399 0.0154669 0.0356901 12.8054
400 0.0150736 0.030917 12.8294
401 0.015175 0.0283812 12.5581
