1 1.53081e-18 -0.025 8.88199
2 1.02054e-18 0.0133333 5.08911
3 1.53081e-18 0.025 5.81293
4 1.02054e-18 0.0466667 8.95774
5 0.0146855 0.0378813 9.15466
6 0.0239236 -0.00725686 9.17001
7 0.0138888 0.020787 8.43284
8 0 0.0124419 5.05865
9 0 0.0115504 5.03073
10 0 0.0106589 5.00685
11 0 0.00976744 4.98719
12 0 0.00887597 4.97186
13 0 0.0079845 4.96098
14 0 0.00709302 4.95469
15 0 0.00620155 4.95317
16 0 0.00531008 4.95657
17 0 0.0044186 4.96505
18 0 0.00352713 4.97878
19 0 0.00263566 4.99789
20 0 0.00174419 5.02254
21 0 0.000852713 5.05287
22 0 -3.87597e-05 5.08901
23 0 -0.000930233 5.1311
24 0 -0.00182171 5.17926
25 0 -0.00271318 5.23362
26 0 -0.00360465 5.29429
27 0 -0.00449612 5.36138
28 0 -0.0053876 5.43501
29 0 -0.00627907 5.51527
30 0 -0.00717054 5.60227
31 0 -0.00806202 5.6961
32 0 -0.00895349 5.79685
33 0 -0.00984496 5.90461
34 0 -0.0107364 6.01946
35 0 -0.0116279 6.14149
36 0 -0.0125194 6.27076
37 0 -0.0134109 6.40736
38 0 -0.0143023 6.55136
39 0 -0.0151938 6.70282
40 0 -0.0160853 6.86181
41 0 -0.0169767 7.0284
42 0 -0.0178682 7.20265
43 0 -0.0187597 7.38463
44 0 -0.0196512 7.57438
45 0 -0.0205426 7.77197
46 0 -0.0214341 7.97743
47 0 -0.0223256 8.19105
48 0 -0.0232171 8.41274
49 0 -0.0241085 8.64121
50 0.0241658 -0.00640423 9.17566
51 0.0243776 -0.00554386 9.18061
52 0.0245588 -0.00467621 9.1849
53 0.0247091 -0.00380269 9.18853
54 0.0248283 -0.0029247 9.19138
55 0.0249164 -0.00204272 9.19342
56 0.0249732 -0.00115817 9.19475
57 0.0249985 -0.00027248 9.19535
58 0.0249925 0.000613864 9.19513
59 0.024955 0.00149944 9.19414
60 0.0248862 0.00238281 9.19235
61 0.0247861 0.00326351 9.18982
62 0.0246548 0.0041401 9.18657
63 0.0244926 0.00501118 9.18251
64 0.0242996 0.00587627 9.17767
65 0.024076 0.00673397 9.17214
66 0.0238222 0.00758291 9.16594
67 0.0235385 0.00842262 9.15898
68 0.0232251 0.00925175 9.15133
69 0.0228827 0.010069 9.14301
70 0.0225113 0.0108738 9.13403
71 0.0221117 0.011665 9.12438
72 0.0216845 0.0124412 9.11403
73 0.0212298 0.0132021 9.10297
74 0.0207485 0.0139464 9.09114
75 0.0202412 0.0146728 9.07845
76 0.0197084 0.0153812 9.06478
77 0.0191507 0.0160701 9.04986
78 0.0185692 0.0167387 9.03335
79 0.0179642 0.0173864 9.01445
80 0.0173366 0.0180123 8.9921
81 0.0166874 0.0186153 8.96421
82 0.016017 0.0191952 8.9256
83 0.0153265 0.0197509 8.84849
84 0.014617 0.0202816 8.60067
85 0.0133639 0.0200409 7.97164
86 0.0127995 0.0193252 7.61109
87 0.0121962 0.0186408 7.29343
88 0.0115564 0.0179905 7.00523
89 0.0108826 0.0173767 6.74123
90 0.0101756 0.0168002 6.49842
91 0.00943809 0.0162632 6.27589
92 0.00867298 0.0157677 6.07313
93 0.00788126 0.0153145 5.88946
94 0.00706592 0.0149053 5.72488
95 0.00623012 0.0145416 5.57946
96 0.00537497 0.0142238 5.45301
97 0.00450371 0.0139534 5.34568
98 0.00361971 0.0137311 5.25759
99 0.00272412 0.0135575 5.18837
100 0.00182037 0.013433 5.13833
101 0.000911932 0.0133583 5.1063
102 0.000886226 -0.0249843 8.88622
103 0.00177103 -0.0249372 8.88803
104 0.00265392 -0.0248587 8.89022
105 0.00353346 -0.024749 8.89309
106 0.00440826 -0.0246083 8.89667
107 0.00527783 -0.0244365 8.90096
108 0.00614077 -0.0242341 8.90597
109 0.00699568 -0.0240013 8.9116
110 0.00784211 -0.0237382 8.91793
111 0.00867867 -0.0234453 8.92488
112 0.00950404 -0.023123 8.93243
113 0.0103178 -0.0227716 8.94049
114 0.0111185 -0.0223915 8.94906
115 0.011905 -0.0219834 8.95809
116 0.0126768 -0.0215476 8.96759
117 0.0134327 -0.0210847 8.9774
118 0.0141714 -0.0205954 8.98752
119 0.0148926 -0.0200801 8.99793
120 0.0155951 -0.0195396 9.00856
121 0.0162777 -0.0189747 9.01932
122 0.0169401 -0.0183857 9.03018
123 0.0175812 -0.0177736 9.04111
124 0.0182 -0.0171395 9.05204
125 0.0187961 -0.0164835 9.0629
126 0.0193686 -0.0158068 9.07362
127 0.0199166 -0.0151106 9.08419
128 0.0204397 -0.014395 9.09456
129 0.0209372 -0.0136614 9.10465
130 0.0214081 -0.0129109 9.11439
131 0.0218524 -0.0121439 9.12376
132 0.0222691 -0.0113616 9.13278
133 0.0226578 -0.0105653 9.14132
134 0.023018 -0.0097555 9.14931
135 0.0233494 -0.0089334 9.15677
136 0.0236513 -0.00810037 9.16371
137 0 0.0241026 5.73901
138 0 0.0232051 5.66829
139 0 0.0223077 5.59983
140 0 0.0214103 5.53459
141 0 0.0205128 5.4726
142 0 0.0196154 5.41352
143 0 0.0187179 5.35743
144 0 0.0178205 5.30436
145 0 0.0169231 5.25463
146 0 0.0160256 5.20826
147 0 0.0151282 5.16491
148 0 0.0142308 5.1229
149 0.0131143 0.0212841 7.96161
150 0.012322 0.0217524 7.62953
151 0.0115131 0.0221912 7.34472
152 0.0106885 0.0225999 7.09703
153 0.00984946 0.022978 6.87906
154 0.00899706 0.0233249 6.68684
155 0.00813247 0.0236403 6.51719
156 0.00725686 0.0239236 6.36841
157 0.00637142 0.0241745 6.23903
158 0.00547734 0.0243926 6.12823
159 0.00457583 0.0245777 6.03522
160 0.00366813 0.0247294 5.95965
161 0.00275546 0.0248477 5.9006
162 0.00183905 0.0249323 5.85753
163 0.000920147 0.0249831 5.82935
164 0.0142393 0.0386614 9.14336
165 0.0137521 0.0394157 9.13138
166 0.0132246 0.0401434 9.11885
167 0.0126591 0.0408409 9.10592
168 0.0120563 0.0415075 9.09274
169 0.0114185 0.0421407 9.0795
170 0.010748 0.042738 9.06633
171 0.0100458 0.0432989 9.05338
172 0.00931494 0.0438206 9.04082
173 0.00855639 0.0443027 9.02879
174 0.00777296 0.0447431 9.01744
175 0.00696765 0.0451403 9.00692
176 0.00614137 0.0454939 8.9973
177 0.00529801 0.0458022 8.98874
178 0.00443848 0.0460648 8.9813
179 0.00356605 0.0462807 8.975
180 0.00268404 0.0464491 8.96999
181 0.00179344 0.0465699 8.96615
182 0.000898424 0.0466424 8.96324
183 0.0143652 0.0215491 8.88061
184 0.0147995 0.0223351 9.02916
185 0.0151912 0.023144 9.0902
186 0.0155384 0.0239721 9.1245
187 0.0158407 0.0248184 9.14924
188 0.016097 0.0256799 9.16691
189 0.0163063 0.0265531 9.1802
190 0.0164684 0.0274371 9.19004
191 0.0165826 0.0283278 9.19703
192 0.0166486 0.0292241 9.20156
193 0.0166662 0.0301227 9.20402
194 0.0166354 0.0310201 9.20456
195 0.0165562 0.0319153 9.20334
196 0.0164291 0.0328042 9.20044
197 0.016254 0.0336858 9.19599
198 0.0160317 0.0345566 9.19017
199 0.015763 0.0354134 9.18298
200 0.0154483 0.0362552 9.17459
201 0.015089 0.0370782 9.16512
202 0 0.0457639 8.75727
203 0 0.0448611 8.56852
204 0 0.0439583 8.38533
205 0 0.0430556 8.20862
206 0 0.0421528 8.03844
207 0 0.04125 7.8746
208 0 0.0403472 7.71695
209 0 0.0394444 7.56533
210 0 0.0385417 7.41956
211 0 0.0376389 7.27947
212 0 0.0367361 7.14488
213 0 0.0358333 7.0156
214 0 0.0349306 6.89145
215 0 0.0340278 6.77226
216 0 0.033125 6.65782
217 0 0.0322222 6.54796
218 0 0.0313194 6.4425
219 0 0.0304167 6.34125
220 0 0.0295139 6.24402
221 0 0.0286111 6.15064
222 0 0.0277083 6.06092
223 0 0.0268056 5.97519
224 0 0.0259028 5.89317
225 0.0140524 0.0173286 7.81557
226 0.0124464 0.00503549 6.27686
227 0.0121282 -0.00263436 6.28778
228 0.0122302 7.22416e-06 6.21903
229 0.0122305 0.00177916 6.19807
230 0.00553043 -0.0235139 8.67764
231 0.00467879 -0.0236948 8.67229
232 0.00382486 -0.0238654 8.67311
233 0.00638959 -0.0233041 8.68519
234 0.00295045 -0.0239645 8.66346
235 0.00719093 -0.0230857 8.69482
236 0.00206087 -0.024051 8.65917
237 0.00799699 -0.0228172 8.70061
238 0.00111312 -0.02413 8.66109
239 0.00878505 -0.0225095 8.70343
240 0.00960011 -0.0221662 8.70917
241 0.0104152 -0.0218226 8.72391
242 0.0111501 -0.021459 8.73252
243 0.000761315 -0.0227446 8.30247
244 0.0118716 -0.0210641 8.7399
245 0.000802795 -0.0218951 8.0958
246 0.0126219 -0.0205956 8.74304
247 0.000772038 -0.0209884 7.88232
248 0.0133719 -0.0201269 8.75507
249 0.000772038 -0.0200969 7.68082
250 0.014066 -0.0196693 8.76915
251 0.000772038 -0.0192054 7.48716
252 0.0147473 -0.0191615 8.77851
253 0.000772038 -0.018314 7.30132
254 0.0153978 -0.0186218 8.78411
255 0.000772038 -0.0174225 7.12324
256 0.016064 -0.0180402 8.79266
257 0.000772038 -0.016531 6.95286
258 0.0167301 -0.0174582 8.80996
259 0.000772038 -0.0156395 6.79011
260 0.0173145 -0.0168827 8.82055
261 0.000772038 -0.0147481 6.63492
262 0.0178758 -0.0162819 8.82945
263 0.000772038 -0.0138566 6.48724
264 0.0184413 -0.0156016 8.83346
265 0.000772038 -0.0129651 6.34699
266 0.0190064 -0.0149213 8.8461
267 0.000772038 -0.0120736 6.21411
268 0.0195225 -0.0142692 8.8605
269 0.000772038 -0.0111822 6.08852
270 0.0200103 -0.0135735 8.86957
271 0.000772038 -0.0102907 5.97014
272 0.0204588 -0.0128573 8.87433
273 0.000772038 -0.00939922 5.8589
274 0.0209089 -0.0120961 8.88151
275 0.000772038 -0.00850775 5.75472
276 0.0213588 -0.0113344 8.89716
277 0.000772038 -0.00761628 5.65751
278 0.0217335 -0.0106041 8.90572
279 0.000772038 -0.00672481 5.56718
280 0.0220781 -0.00985705 8.91212
281 0.000772038 -0.00583333 5.48363
282 0.0224022 -0.00903266 8.91296
283 0.000772038 -0.00494186 5.40678
284 0.0227269 -0.00820966 8.92259
285 0.000772038 -0.00405039 5.33652
286 0.0230102 -0.00742955 8.93296
287 0.000772038 -0.00315891 5.27275
288 0.0232567 -0.00662221 8.93881
289 0.000772038 -0.00226744 5.21535
290 0.0234549 -0.00579056 8.93758
291 0.000772038 -0.00137597 5.16422
292 0.0236434 -0.00492042 8.93946
293 0.000772038 -0.000484496 5.11922
294 0.0238333 -0.00404946 8.95025
295 0.000772038 0.000406977 5.08024
296 0.0239631 -0.00323473 8.95459
297 0.000772038 0.00129845 5.04715
298 0.0240575 -0.00241635 8.9562
299 0.000772038 0.00218992 5.01982
300 0.0241068 -0.00153317 8.95119
301 0.000772038 0.0030814 4.99809
302 0.0241554 -0.000650098 8.95441
303 0.000772038 0.00397287 4.98184
304 0.0241805 0.000180789 8.95923
305 0.000772038 0.00486434 4.97091
306 0.0241573 0.00103014 8.95793
307 0.000772038 0.00575581 4.96514
308 0.0240904 0.00187286 8.95185
309 0.000772038 0.00664729 4.96439
310 0.0239985 0.00275248 8.94743
311 0.000772038 0.00753876 4.96849
312 0.0239062 0.00363221 8.95133
313 0.000772038 0.00843023 4.97726
314 0.0237716 0.00444097 8.94833
315 0.000772038 0.00932171 4.99055
316 0.0236032 0.00524605 8.94293
317 0.000772038 0.0102132 5.00812
318 0.0233726 0.00610004 8.93073
319 0.000767947 0.0110974 5.02971
320 0.0231418 0.00695379 8.92688
321 0.000742599 0.0119799 5.05485
322 0.0229054 0.00775091 8.92521
323 0.000644668 0.0127383 5.07832
324 0.0226234 0.00854529 8.91842
325 0.0222896 0.00932936 8.90434
326 0.00144655 0.0125975 5.09314
327 0.0219264 0.0101357 8.89275
328 0.00242612 0.0127507 5.14049
329 0.0215628 0.0109421 8.88951
330 0.00333095 0.0128963 5.20216
331 0.0211817 0.0116683 8.8799
332 0.00423725 0.0131252 5.28463
333 0.0207697 0.0123799 8.86759
334 0.00515499 0.0133661 5.38791
335 0.0202829 0.0131185 8.84733
336 0.00605687 0.0136715 5.51226
337 0.0197959 0.0138568 8.83508
338 0.00693561 0.0140434 5.65727
339 0.0193204 0.0145397 8.82468
340 0.00780317 0.0144267 5.82243
341 0.0187933 0.0152085 8.80591
342 0.00863911 0.0148724 6.00758
343 0.0182424 0.0158457 8.78198
344 0.00944783 0.01539 6.21511
345 0.0176446 0.0164975 8.75448
346 0.0102417 0.0159139 6.44474
347 0.0170508 0.0171212 8.72654
348 0.0109964 0.0164935 6.69581
349 0.0164335 0.0177243 8.68875
350 0.0117054 0.017128 6.96805
351 0.0157623 0.0182804 8.61728
352 0.0123883 0.0177872 7.26786
353 0.0149964 0.0188596 8.48484
354 0.0130321 0.0184866 7.59811
355 0.0141911 0.01966 8.29594
356 0.000652819 -0.0234557 8.48042
357 0.0134715 0.0191897 7.88628
358 0.00577763 -0.0226621 8.48092
359 0.00492838 -0.022838 8.4702
360 0.00408947 -0.0230046 8.46653
361 0.00324233 -0.0231391 8.46312
362 0.00657683 -0.0224454 8.48658
363 0.00234432 -0.0232173 8.45257
364 0.00735375 -0.022213 8.4946
365 0.0014733 -0.0233262 8.45965
366 0.00811298 -0.0219435 8.49981
367 0.00889415 -0.0216293 8.50446
368 0.00970891 -0.0212859 8.51453
369 0.0104248 -0.0209426 8.52145
370 0.0111394 -0.0205688 8.52875
371 0.00168271 -0.0224131 8.23576
372 0.0118395 -0.0201776 8.53778
373 0.00153661 -0.0214404 7.9998
374 0.0125894 -0.0197092 8.54516
375 0.00154456 -0.0205426 7.79305
376 0.0132847 -0.0192544 8.55576
377 0.00154456 -0.0196512 7.59547
378 0.0139495 -0.0187901 8.56737
379 0.00154456 -0.0187597 7.40576
380 0.0145842 -0.0182956 8.57529
381 0.00154456 -0.0178682 7.22389
382 0.0152253 -0.0177518 8.58228
383 0.00154456 -0.0169767 7.04975
384 0.0158912 -0.0171701 8.59495
385 0.00154456 -0.0160853 6.88328
386 0.0164637 -0.0166198 8.60392
387 0.00154456 -0.0151938 6.72441
388 0.0170252 -0.016041 8.61281
389 0.00154456 -0.0143023 6.57308
390 0.0175673 -0.0154502 8.62301
391 0.00154456 -0.0134109 6.42922
392 0.0181324 -0.0147702 8.6311
393 0.00154456 -0.0125194 6.29277
394 0.0186504 -0.0141201 8.64209
395 0.00154456 -0.0116279 6.16366
396 0.0191363 -0.0134705 8.6536
397 0.00154456 -0.0107364 6.04181
398 0.019584 -0.0128023 8.66101
399 0.00154456 -0.00984496 5.92714
400 0.0200221 -0.0120853 8.66697
401 0.00154456 -0.00895349 5.81959
402 0.0204718 -0.0113242 8.67812
403 0.00154456 -0.00806202 5.71905
404 0.0208432 -0.0106215 8.68527
405 0.00154456 -0.00717054 5.62546
406 0.0211947 -0.00989508 8.69188
407 0.00154456 -0.00627907 5.53871
408 0.021524 -0.00916327 8.69941
409 0.00154456 -0.0053876 5.45871
410 0.0218492 -0.00833898 8.70459
411 0.00154456 -0.00449612 5.38537
412 0.0221353 -0.00756233 8.71197
413 0.00154456 -0.00360465 5.31858
414 0.0223909 -0.0067925 8.71926
415 0.00154456 -0.00271318 5.25824
416 0.0226014 -0.00600827 8.72075
417 0.00154456 -0.00182171 5.20423
418 0.0227947 -0.00519208 8.72295
419 0.00154456 -0.000930233 5.15644
420 0.0229836 -0.00432035 8.72892
421 0.00154456 -3.87597e-05 5.11473
422 0.0231199 -0.00352577 8.73208
423 0.00154456 0.000852713 5.079
424 0.0232317 -0.00272445 8.73533
425 0.00154456 0.00174419 5.0491
426 0.0233144 -0.00193193 8.73782
427 0.00154456 0.00263566 5.02491
428 0.0233634 -0.00104935 8.73675
429 0.00154456 0.00352713 5.00626
430 0.0233915 -0.000219451 8.73843
431 0.00154456 0.0044186 4.99303
432 0.0233946 0.000591371 8.74049
433 0.00154456 0.00531008 4.98506
434 0.0233554 0.00139533 8.73782
435 0.00154456 0.00620155 4.98219
436 0.0232798 0.00223277 8.73286
437 0.00154456 0.00709302 4.98426
438 0.0231876 0.00311213 8.7323
439 0.00154456 0.0079845 4.99111
440 0.0230669 0.00389688 8.72834
441 0.00154456 0.00887597 5.00257
442 0.0229166 0.00468921 8.72346
443 0.00153173 0.00975813 5.01787
444 0.0227455 0.00547264 8.7194
445 0.00160923 0.0106576 5.04052
446 0.022515 0.00632625 8.71094
447 0.00158907 0.0115308 5.06368
448 0.0222816 0.0071236 8.70576
449 0.0220303 0.00789463 8.70102
450 0.0217345 0.00864831 8.68993
451 0.021407 0.00941682 8.67907
452 0.0210437 0.0102229 8.67052
453 0.0029933 0.0119934 5.14685
454 0.0206833 0.0109306 8.65921
455 0.00398827 0.0122307 5.22808
456 0.0202923 0.0116358 8.64637
457 0.00493767 0.0124796 5.32724
458 0.0198843 0.0123261 8.63387
459 0.00587089 0.0127567 5.44634
460 0.0193976 0.0130643 8.61497
461 0.00679403 0.0131073 5.58853
462 0.018924 0.0137488 8.59853
463 0.00771386 0.0135037 5.75516
464 0.0184404 0.0144017 8.5807
465 0.00861487 0.0139455 5.94499
466 0.0179207 0.015027 8.55432
467 0.00945071 0.0144458 6.14982
468 0.0173769 0.0156519 8.52569
469 0.0102857 0.0149886 6.38303
470 0.0167933 0.0162782 8.48897
471 0.0111019 0.0155524 6.64158
472 0.0162006 0.0168705 8.4417
473 0.0118664 0.0161951 6.92348
474 0.0156009 0.0174189 8.37506
475 0.012586 0.0168858 7.2305
476 0.0148651 0.0179186 8.22875
477 0.013278 0.0176039 7.56905
478 0.0140518 0.0184355 8.00496
479 0.00516459 -0.0219819 8.27576
480 0.00597211 -0.021798 8.28567
481 0.00433796 -0.0221351 8.26547
482 0.00352616 -0.0222888 8.26434
483 0.00268182 -0.0224486 8.27174
484 0.00673018 -0.0215755 8.29059
485 0.00746055 -0.0213367 8.29667
486 0.00822677 -0.0210544 8.30327
487 0.00900295 -0.0207492 8.31359
488 0.00972352 -0.0204085 8.31769
489 0.0104243 -0.0200584 8.32475
490 0.0111133 -0.019684 8.3322
491 0.011814 -0.0192733 8.34088
492 0.00231707 -0.0209884 7.91372
493 0.0125063 -0.0188363 8.35053
494 0.00234038 -0.0201237 7.71881
495 0.0131684 -0.0183779 8.35895
496 0.00233652 -0.019227 7.5238
497 0.0137789 -0.0179255 8.36754
498 0.00231707 -0.018314 7.33296
499 0.0144145 -0.0174149 8.37602
500 0.00231707 -0.0174225 7.1551
501 0.0150525 -0.016882 8.38844
502 0.00231707 -0.016531 6.98494
503 0.0156298 -0.0163339 8.39478
504 0.00231707 -0.0156395 6.82242
505 0.0161857 -0.0157811 8.40343
506 0.00231707 -0.0147481 6.66747
507 0.0167229 -0.0152093 8.41216
508 0.00231707 -0.0138566 6.52005
509 0.0172596 -0.0145993 8.42168
510 0.00231707 -0.0129651 6.38007
511 0.0177802 -0.0139671 8.43187
512 0.00231707 -0.0120736 6.24748
513 0.0182654 -0.013324 8.44032
514 0.00231707 -0.0111822 6.1222
515 0.0187033 -0.0127017 8.44842
516 0.00231707 -0.0102907 6.00416
517 0.0191467 -0.0120193 8.45633
518 0.00231707 -0.00939922 5.89329
519 0.0195852 -0.0113137 8.46757
520 0.00231707 -0.00850775 5.78949
521 0.0199615 -0.0106118 8.47224
522 0.00231707 -0.00761628 5.69269
523 0.0203161 -0.00991219 8.47888
524 0.00231707 -0.00672481 5.60281
525 0.020647 -0.00919945 8.4852
526 0.00231707 -0.00583333 5.51975
527 0.0209656 -0.00845178 8.49198
528 0.00231707 -0.00494186 5.44341
529 0.0212611 -0.00768871 8.49896
530 0.00231707 -0.00405039 5.37369
531 0.0215142 -0.00693578 8.50317
532 0.00231707 -0.00315891 5.3105
533 0.0217369 -0.00619915 8.50755
534 0.00231707 -0.00226744 5.25372
535 0.0219427 -0.00540939 8.51079
536 0.00231707 -0.00137597 5.20324
537 0.0221339 -0.00459258 8.51607
538 0.00231707 -0.000484496 5.15893
539 0.0222797 -0.00380011 8.51801
540 0.00231707 0.000406977 5.12068
541 0.0223979 -0.00302041 8.52009
542 0.00231707 0.00129845 5.08836
543 0.0224925 -0.00224153 8.52257
544 0.00231707 0.00218992 5.06183
545 0.0225603 -0.00143227 8.52401
546 0.00231707 0.0030814 5.04095
547 0.0226016 -0.000615193 8.52543
548 0.00231707 0.00397287 5.02557
549 0.022608 0.000189718 8.52465
550 0.00231707 0.00486434 5.01556
551 0.0225893 0.000949591 8.52366
552 0.00231707 0.00575581 5.01074
553 0.0225374 0.00176363 8.5209
554 0.00231707 0.00664729 5.01098
555 0.0224692 0.00259234 8.52129
556 0.00231707 0.00753876 5.01609
557 0.0223523 0.00338081 8.51467
558 0.00231707 0.00843023 5.02593
559 0.0222207 0.00415297 8.51021
560 0.00231591 0.00933794 5.04061
561 0.0220624 0.00492098 8.50502
562 0.00223764 0.0101505 5.05412
563 0.0218728 0.00571078 8.49944
564 0.00263621 0.0110018 5.09414
565 0.0216555 0.00650017 8.49365
566 0.0214091 0.0072668 8.4856
567 0.0211534 0.00798231 8.47762
568 0.0208478 0.00873914 8.46673
569 0.0205245 0.00950397 8.45914
570 0.0201677 0.0102155 8.44425
571 0.0037272 0.0113347 5.17661
572 0.0198 0.0109079 8.43074
573 0.00470374 0.0115896 5.27039
574 0.0194087 0.011588 8.41577
575 0.00567857 0.0118236 5.38456
576 0.0189803 0.0122788 8.39883
577 0.00664212 0.012144 5.52243
578 0.0185252 0.0129605 8.3798
579 0.00758736 0.0125589 5.68509
580 0.0180486 0.0136106 8.35604
581 0.00854903 0.0129678 5.87519
582 0.0175641 0.0142164 8.32757
583 0.00946337 0.0134623 6.08692
584 0.0170533 0.0148284 8.29604
585 0.0103222 0.0140409 6.3195
586 0.0165063 0.015451 8.25779
587 0.0112051 0.0145874 6.58472
588 0.0159558 0.0160399 8.21018
589 0.0120145 0.0151985 6.86611
590 0.0153757 0.0165702 8.13519
591 0.0127566 0.0159125 7.17071
592 0.0148526 0.0170968 8.06287
593 0.0134629 0.0166181 7.49735
594 0.00223635 -0.0217787 8.09693
595 0.00456093 -0.0212524 8.06844
596 0.00538054 -0.0211447 8.09255
597 0.00612766 -0.0209304 8.09479
598 0.00375884 -0.0213747 8.05658
599 0.00298677 -0.0215825 8.07402
600 0.00684294 -0.0206952 8.09691
601 0.00756509 -0.0204636 8.10723
602 0.00830534 -0.0201953 8.11804
603 0.00902937 -0.0198741 8.12289
604 0.00972584 -0.0195246 8.12585
605 0.010394 -0.0191724 8.13188
606 0.0110709 -0.018807 8.14305
607 0.0117463 -0.0184016 8.15288
608 0.00310802 -0.0206866 7.87086
609 0.0123907 -0.0179604 8.15827
610 0.00314959 -0.0197379 7.66135
611 0.0130013 -0.0175132 8.16435
612 0.00312349 -0.0188003 7.46059
613 0.0136063 -0.0170596 8.17499
614 0.00308959 -0.0178682 7.26924
615 0.0142183 -0.0165728 8.18732
616 0.00308959 -0.0169767 7.0954
617 0.0148042 -0.0160441 8.19474
618 0.00308959 -0.0160853 6.92925
619 0.0153507 -0.0154984 8.1992
620 0.00308959 -0.0151938 6.77072
621 0.0158798 -0.0149502 8.20677
622 0.00308959 -0.0143023 6.61976
623 0.0164078 -0.0143893 8.21868
624 0.00308959 -0.0134109 6.47629
625 0.0169224 -0.0137925 8.22922
626 0.00308959 -0.0125194 6.34025
627 0.0173963 -0.0131714 8.23482
628 0.00308959 -0.0116279 6.21159
629 0.0178358 -0.0125551 8.24065
630 0.00308959 -0.0107364 6.09021
631 0.0182678 -0.0119365 8.25093
632 0.00308959 -0.00984496 5.97606
633 0.0186961 -0.0112818 8.26227
634 0.00308959 -0.00895349 5.86906
635 0.0190867 -0.0105958 8.26827
636 0.00308959 -0.00806202 5.76912
637 0.0194345 -0.00990579 8.27085
638 0.00308959 -0.00717054 5.67616
639 0.0197651 -0.00921869 8.27626
640 0.00308959 -0.00627907 5.59009
641 0.0200908 -0.0085192 8.28574
642 0.00308959 -0.0053876 5.51083
643 0.0203912 -0.00779184 8.29323
644 0.00308959 -0.00449612 5.43827
645 0.020644 -0.00705582 8.29519
646 0.00308959 -0.00360465 5.37231
647 0.0208652 -0.00633904 8.29722
648 0.00308959 -0.00271318 5.31285
649 0.0210817 -0.00561084 8.3035
650 0.00308959 -0.00182171 5.25978
651 0.0212813 -0.00484414 8.30975
652 0.00308959 -0.000930233 5.21298
653 0.0214435 -0.00406257 8.3126
654 0.00308959 -3.87597e-05 5.17233
655 0.0215633 -0.00328308 8.31153
656 0.00308959 0.000852713 5.1377
657 0.0216591 -0.00253534 8.31186
658 0.00308959 0.00174419 5.10897
659 0.021751 -0.00177013 8.317
660 0.00308959 0.00263566 5.086
661 0.0218083 -0.000986291 8.31928
662 0.00308959 0.00352713 5.06863
663 0.0218184 -0.000206502 8.31593
664 0.00308959 0.0044186 5.05673
665 0.0218046 0.000550458 8.31279
666 0.00308959 0.00531008 5.05014
667 0.0217819 0.00130709 8.31344
668 0.00308959 0.00620155 5.0487
669 0.0217353 0.0020884 8.31455
670 0.00308959 0.00709302 5.05225
671 0.0216394 0.00287177 8.30945
672 0.00308959 0.0079845 5.06064
673 0.021507 0.00363956 8.30086
674 0.0030795 0.00892878 5.07401
675 0.0213639 0.00438115 8.29476
676 0.00306452 0.00993671 5.09354
677 0.0212108 0.00513503 8.29284
678 0.021019 0.00589905 8.28786
679 0.0207838 0.00664372 8.27699
680 0.0205331 0.00735787 8.26611
681 0.0202747 0.00806853 8.25892
682 0.0199865 0.00879537 8.25168
683 0.019651 0.00950944 8.23746
684 0.0192873 0.0101908 8.21862
685 0.00454824 0.0107127 5.22748
686 0.018916 0.0108564 8.20159
687 0.00545955 0.0109377 5.32753
688 0.0185325 0.0115245 8.18704
689 0.00650698 0.0110761 5.46051
690 0.01811 0.0121904 8.1675
691 0.00744384 0.0116047 5.6176
692 0.0176498 0.012824 8.13856
693 0.00839791 0.0120164 5.79633
694 0.0171767 0.0134234 8.1046
695 0.00947471 0.0123445 6.01927
696 0.0166925 0.0140137 8.06821
697 0.0103556 0.0130754 6.25702
698 0.0161754 0.014622 8.02604
699 0.0112168 0.0136179 6.5053
700 0.0156388 0.0152223 7.97455
701 0.0122222 0.0140927 6.81423
702 0.0151712 0.0158313 7.93824
703 0.0129353 0.0149469 7.1122
704 0.0144105 0.0162798 7.76917
705 0.0136706 0.0156411 7.43038
706 0.00400985 -0.0203753 7.83936
707 0.00483713 -0.0205086 7.91444
708 0.00553181 -0.0202921 7.90911
709 0.00622299 -0.020036 7.90136
710 0.00693948 -0.0198192 7.91081
711 0.00765919 -0.0196151 7.93005
712 0.00836784 -0.0193351 7.93856
713 0.00902918 -0.0189909 7.93534
714 0.00969019 -0.0186438 7.93809
715 0.0103474 -0.0182865 7.94495
716 0.0109973 -0.0179431 7.96014
717 0.0116335 -0.0175379 7.96783
718 0.0122282 -0.0170931 7.96854
719 0.00393313 -0.0192948 7.59992
720 0.0128239 -0.0166516 7.97651
721 0.00390028 -0.0183455 7.40049
722 0.0134222 -0.0162118 7.99161
723 0.00386211 -0.0174225 7.21473
724 0.014007 -0.0157413 8.00542
725 0.00386211 -0.016531 7.04497
726 0.0145266 -0.0152083 8.00387
727 0.00386211 -0.0156395 6.88288
728 0.0150442 -0.0146719 8.00782
729 0.00386211 -0.0147481 6.72839
730 0.0155571 -0.0141278 8.01609
731 0.00386211 -0.0138566 6.58145
732 0.0160682 -0.0135914 8.0315
733 0.00386211 -0.0129651 6.442
734 0.0165456 -0.0130076 8.03968
735 0.00386211 -0.0120736 6.30997
736 0.0169702 -0.0123991 8.04013
737 0.00386211 -0.0111822 6.1853
738 0.017397 -0.0117927 8.04756
739 0.00386211 -0.0102907 6.06791
740 0.0178271 -0.0111879 8.06209
741 0.00386211 -0.00939922 5.95774
742 0.0182346 -0.0105585 8.07492
743 0.00386211 -0.00850775 5.8547
744 0.0185609 -0.00988913 8.07162
745 0.00386211 -0.00761628 5.75871
746 0.0188843 -0.00921714 8.07355
747 0.00386211 -0.00672481 5.6697
748 0.0192007 -0.00853915 8.07952
749 0.00386211 -0.00583333 5.58757
750 0.019517 -0.00786962 8.09239
751 0.00386211 -0.00494186 5.51222
752 0.0197826 -0.0071659 8.09658
753 0.00386211 -0.00405039 5.44357
754 0.0199956 -0.00645781 8.09401
755 0.00386211 -0.00315891 5.38151
756 0.0202108 -0.00574989 8.09799
757 0.00386211 -0.00226744 5.32594
758 0.020428 -0.0050421 8.1085
759 0.00386211 -0.00137597 5.27673
760 0.0206232 -0.00429472 8.11761
761 0.00386211 -0.000484496 5.23379
762 0.0207255 -0.00354946 8.11015
763 0.00386211 0.000406977 5.19697
764 0.0208213 -0.0028058 8.10725
765 0.00386211 0.00129845 5.16616
766 0.0209076 -0.00206297 8.1081
767 0.00386211 0.00218992 5.14122
768 0.0210024 -0.00133448 8.11742
769 0.00386211 0.0030814 5.12201
770 0.0210344 -0.000584936 8.11647
771 0.00386211 0.00397287 5.10837
772 0.0210158 0.000159362 8.10866
773 0.00386211 0.00486434 5.10016
774 0.020998 0.00090166 8.10701
775 0.00386211 0.00575581 5.09721
776 0.0209825 0.0016449 8.11193
777 0.00386211 0.00664729 5.09936
778 0.0209319 0.00239561 8.11405
779 0.00386211 0.00753876 5.10644
780 0.020794 0.00312788 8.09932
781 0.00385672 0.0084531 5.11821
782 0.0206536 0.00386101 8.08988
783 0.00382274 0.00939615 5.1332
784 0.0205027 0.0045937 8.08368
785 0.0203627 0.00531535 8.08558
786 0.0201597 0.00604183 8.07767
787 0.0199066 0.00673999 8.06096
788 0.0196571 0.00743826 8.05073
789 0.0194099 0.00813841 8.04684
790 0.0191294 0.00883455 8.03996
791 0.0187721 0.00948546 8.01469
792 0.0184071 0.0101376 7.99249
793 0.00521595 0.0101654 5.2779
794 0.0180354 0.0107863 7.97285
795 0.00600459 0.0101706 5.36692
796 0.0176704 0.0114311 7.9587
797 0.0075117 0.0106328 5.58771
798 0.0172503 0.0120574 7.93241
799 0.00819995 0.0111362 5.72034
800 0.0167831 0.0126377 7.89048
801 0.00905632 0.0113035 5.88111
802 0.016302 0.0132194 7.84614
803 0.0105639 0.0121125 6.23779
804 0.0157898 0.0138092 7.79406
805 0.0111715 0.0127279 6.42391
806 0.0152571 0.0144269 7.73732
807 0.0119907 0.0130157 6.65254
808 0.0146164 0.0151876 7.66375
809 0.0132819 0.0139789 7.10268
810 0.0137722 0.0147967 7.34846
811 0.00680429 0.0101662 5.46925
812 0.00994415 0.0114485 6.06333
813 0.0128973 0.0132611 6.91687
814 0.00477061 -0.0197126 7.73426
815 0.00553016 -0.0193818 7.71047
816 0.00629892 -0.0191363 7.71349
817 0.00705754 -0.0189624 7.73841
818 0.00776787 -0.018874 7.78397
819 0.00833074 -0.0184584 7.75303
820 0.00899346 -0.0181128 7.75277
821 0.00965295 -0.0177596 7.75725
822 0.0102904 -0.0173793 7.76047
823 0.010972 -0.01719 7.81219
824 0.0114587 -0.0166749 7.78174
825 0.0120486 -0.0162252 7.78391
826 0.0047299 -0.0187997 7.53779
827 0.0126457 -0.0157942 7.79692
828 0.00468609 -0.0178946 7.35106
829 0.0132763 -0.0154821 7.84199
830 0.00463348 -0.0169804 7.1702
831 0.0136973 -0.0149193 7.81598
832 0.00463463 -0.0160853 7.00394
833 0.0142161 -0.0143878 7.81744
834 0.00463463 -0.0151938 6.84593
835 0.0147319 -0.013845 7.82299
836 0.00463463 -0.0143023 6.69553
837 0.015219 -0.0132781 7.82623
838 0.00463463 -0.0134109 6.55267
839 0.0158077 -0.0128842 7.8797
840 0.00463463 -0.0125194 6.4173
841 0.0161081 -0.0122425 7.84834
842 0.00463463 -0.0116279 6.28935
843 0.0165276 -0.0116319 7.85035
844 0.00463463 -0.0107364 6.16876
845 0.016959 -0.0110341 7.86262
846 0.00463463 -0.00984496 6.05544
847 0.0174597 -0.0105408 7.90784
848 0.00463463 -0.00895349 5.94934
849 0.0176829 -0.00987482 7.87973
850 0.00463463 -0.00806202 5.85036
851 0.0180087 -0.00920758 7.87926
852 0.00463463 -0.00717054 5.75844
853 0.0183284 -0.00852991 7.88264
854 0.00463463 -0.00627907 5.67348
855 0.0186137 -0.00783795 7.88337
856 0.00463463 -0.0053876 5.59541
857 0.0190478 -0.00728056 7.93529
858 0.00463463 -0.00449612 5.52412
859 0.0191303 -0.00657794 7.89979
860 0.00463463 -0.00360465 5.45952
861 0.0193345 -0.0058674 7.89767
862 0.00463463 -0.00271318 5.40151
863 0.0195584 -0.00516853 7.907
864 0.00463463 -0.00182171 5.34999
865 0.0198939 -0.00452465 7.95199
866 0.00463463 -0.000930233 5.30483
867 0.0198879 -0.00380791 7.91638
868 0.00463463 -3.87597e-05 5.26592
869 0.0199884 -0.00306995 7.91142
870 0.00463463 0.000852713 5.23314
871 0.020073 -0.00232376 7.90844
872 0.00463463 0.00174419 5.20635
873 0.0201345 -0.00158755 7.90617
874 0.00463463 0.00263566 5.18542
875 0.0203721 -0.000921649 7.95436
876 0.00463463 0.00352713 5.17019
877 0.0202313 -0.000228475 7.91324
878 0.00463463 0.0044186 5.16053
879 0.0202028 0.00051278 7.90541
880 0.00463463 0.00531008 5.15625
881 0.0201946 0.00124937 7.90855
882 0.00463463 0.00620155 5.15721
883 0.0203003 0.00194563 7.94543
884 0.00463463 0.00709302 5.16317
885 0.0200819 0.00261403 7.90552
886 0.00464333 0.00797241 5.17454
887 0.0199426 0.00334795 7.8926
888 0.00464235 0.00887258 5.19006
889 0.0197966 0.00408207 7.88392
890 0.0196181 0.00480251 7.87242
891 0.0196348 0.00550977 7.91442
892 0.0192831 0.006125 7.8642
893 0.0190239 0.00682004 7.84704
894 0.0187849 0.00751652 7.84038
895 0.0186693 0.00821061 7.86938
896 0.0182529 0.00877686 7.81723
897 0.0178949 0.00942759 7.79141
898 0.0175252 0.0100787 7.76704
899 0.00551509 0.00929656 5.28554
900 0.0171241 0.0107095 7.73653
901 0.016918 0.0113871 7.76389
902 0.00855804 0.0103038 5.74361
903 0.0163912 0.0118609 7.68803
904 0.0159172 0.0124192 7.6361
905 0.0154006 0.0129905 7.57357
906 0.0116647 0.0119643 6.48277
907 0.0148527 0.0135804 7.50182
908 0.014306 0.0141982 7.42859
909 0.0045613 0.00975241 5.20245
910 0.00657596 0.00941411 5.41457
911 0.00762031 0.00961222 5.56598
912 0.00956856 0.0104981 5.93708
913 0.0109381 0.0112324 6.26255
914 0.0126546 0.0123456 6.76305
915 0.0139172 0.0132963 7.20358
916 0.00558966 -0.0183712 7.50354
917 0.00654611 -0.0182996 7.55999
918 0.00745605 -0.018068 7.59056
919 0.00824941 -0.0176146 7.57707
920 0.0089635 -0.0172341 7.57837
921 0.00967639 -0.0168498 7.58648
922 0.0105182 -0.0164587 7.61718
923 0.0112345 -0.015849 7.60302
924 0.0119325 -0.0153288 7.61131
925 0.0127181 -0.014813 7.64231
926 0.00539173 -0.0174129 7.30019
927 0.00538472 -0.0165188 7.1301
928 0.0133372 -0.014141 7.63274
929 0.00540714 -0.0156395 6.97233
930 0.0139106 -0.0135632 7.63877
931 0.00540714 -0.0147481 6.81845
932 0.0144659 -0.0129675 7.64659
933 0.00540714 -0.0138566 6.6722
934 0.015147 -0.0123322 7.67926
935 0.00540714 -0.0129651 6.53349
936 0.00540714 -0.0120736 6.40228
937 0.0156362 -0.011529 7.66454
938 0.00540714 -0.0111822 6.27849
939 0.0161365 -0.0108173 7.67247
940 0.00540714 -0.0102907 6.16205
941 0.0167201 -0.0100804 7.70262
942 0.00540714 -0.00939922 6.0529
943 0.00540714 -0.00850775 5.95096
944 0.0170972 -0.00924836 7.69072
945 0.00540714 -0.00761628 5.85616
946 0.0174596 -0.00852062 7.69448
947 0.00540714 -0.00672481 5.76842
948 0.0178002 -0.00778074 7.69975
949 0.00540714 -0.00583333 5.68765
950 0.0182472 -0.00696498 7.72959
951 0.00540714 -0.00494186 5.61377
952 0.00540714 -0.00405039 5.54668
953 0.0184573 -0.00605013 7.70965
954 0.00540714 -0.00315891 5.48629
955 0.0187068 -0.00521999 7.7129
956 0.00540714 -0.00226744 5.4325
957 0.0190378 -0.00432367 7.73958
958 0.00540714 -0.00137597 5.3852
959 0.00540714 -0.000484496 5.34427
960 0.0191332 -0.00340045 7.72077
961 0.00540714 0.000406977 5.3096
962 0.0192523 -0.00258996 7.71996
963 0.00540714 0.00129845 5.28106
964 0.0193444 -0.00178755 7.72013
965 0.00540714 0.00218992 5.25852
966 0.0195132 -0.00087196 7.74397
967 0.00540714 0.0030814 5.24184
968 0.00540714 0.00397287 5.23086
969 0.019426 6.38782e-05 7.71618
970 0.00540714 0.00486434 5.22542
971 0.0194018 0.000936946 7.7121
972 0.00540714 0.00575581 5.22537
973 0.019432 0.00187246 7.73005
974 0.00539821 0.00662253 5.22939
975 0.00540653 0.0074906 5.23986
976 0.019238 0.00276892 7.70268
977 0.00544309 0.00836517 5.25786
978 0.0190865 0.00356858 7.69053
979 0.0189296 0.00436658 7.68379
980 0.0188032 0.00528783 7.69745
981 0.0184277 0.00615022 7.65664
982 0.0181325 0.00696914 7.63998
983 0.0178669 0.00787052 7.64393
984 0.0174011 0.00865998 7.59787
985 0.0170171 0.0093746 7.57031
986 0.0166083 0.0100785 7.5399
987 0.016198 0.0109151 7.52726
988 0.0155834 0.011589 7.44761
989 0.0150495 0.0121934 7.37961
990 0.0103756 0.0106281 6.10563
991 0.0135591 0.0125731 7.02455
992 0.00629676 0.00864572 5.35994
993 0.00854509 0.00936735 5.70461
994 0.00934098 0.00959588 5.85237
995 0.0144623 0.0127393 7.28753
996 0.0125798 0.0114219 6.66336
997 0.0118214 0.0108972 6.44012
998 0.00723374 0.0087241 5.48369
999 0.00608993 -0.0177017 7.4061
1000 0.00752696 -0.0171142 7.4115
1001 0.00825346 -0.0167201 7.40742
1002 0.00895555 -0.0163405 7.41135
1003 0.00968324 -0.0159406 7.42219
1004 0.0104056 -0.0154682 7.42807
1005 0.0111035 -0.0149452 7.43113
1006 0.0118033 -0.014423 7.44341
1007 0.0124554 -0.013867 7.45225
1008 0.00613917 -0.01608 7.10346
1009 0.0130514 -0.0132869 7.45723
1010 0.00615869 -0.0151976 6.94919
1011 0.0136175 -0.0127044 7.46484
1012 0.00617966 -0.0143023 6.80049
1013 0.0141951 -0.0120963 7.47843
1014 0.00617966 -0.0134109 6.65845
1015 0.0147283 -0.0114312 7.48495
1016 0.00617966 -0.0125194 6.52398
1017 0.00617966 -0.0116279 6.397
1018 0.0152285 -0.0107114 7.48716
1019 0.00617966 -0.0107364 6.27746
1020 0.0157303 -0.00999587 7.49879
1021 0.00617966 -0.00984496 6.16527
1022 0.0161821 -0.00925252 7.5064
1023 0.00617966 -0.00895349 6.06038
1024 0.00617966 -0.00806202 5.96272
1025 0.0165543 -0.00852386 7.50791
1026 0.00617966 -0.00717054 5.87221
1027 0.0169122 -0.00779878 7.5142
1028 0.00617966 -0.00627907 5.78876
1029 0.0172691 -0.00703856 7.52469
1030 0.00617966 -0.0053876 5.71231
1031 0.0175664 -0.00623826 7.52742
1032 0.00617966 -0.00449612 5.64276
1033 0.00617966 -0.00360465 5.58002
1034 0.017813 -0.00540159 7.52496
1035 0.00617966 -0.00271318 5.52401
1036 0.0180671 -0.00455849 7.5321
1037 0.00617966 -0.00182171 5.47461
1038 0.018261 -0.00370157 7.53373
1039 0.00617966 -0.000930233 5.43173
1040 0.00617966 -3.87597e-05 5.39524
1041 0.0183991 -0.00288543 7.53262
1042 0.00617966 0.000852713 5.36503
1043 0.0185108 -0.00207997 7.53317
1044 0.00617966 0.00174419 5.34097
1045 0.0186051 -0.00124676 7.53628
1046 0.00617966 0.00263566 5.32292
1047 0.0186347 -0.000394231 7.53189
1048 0.00617966 0.00352713 5.31074
1049 0.00617966 0.0044186 5.30429
1050 0.0186098 0.00047656 7.5226
1051 0.00617966 0.00531008 5.30339
1052 0.0185868 0.00135104 7.5218
1053 0.00616273 0.00617391 5.30579
1054 0.0185067 0.00221792 7.51565
1055 0.00616134 0.00702396 5.31453
1056 0.00617319 0.00782973 5.32859
1057 0.0183748 0.00302646 7.50358
1058 0.0182253 0.0038218 7.49373
1059 0.0180562 0.00463441 7.48653
1060 0.0178223 0.00546422 7.47193
1061 0.0175248 0.00628721 7.44883
1062 0.0172303 0.0071081 7.43307
1063 0.0168836 0.00790153 7.40941
1064 0.0164989 0.00863022 7.37668
1065 0.0161081 0.00933617 7.34461
1066 0.0157018 0.0100439 7.31222
1067 0.0152014 0.0107494 7.25858
1068 0.0147042 0.0114126 7.20158
1069 0.00812202 0.0086611 5.61202
1070 0.0102502 0.00973623 6.03156
1071 0.0111237 0.0102507 6.24068
1072 0.0133515 0.0118017 6.89225
1073 0.0141762 0.0120241 7.12992
1074 0.00678032 -0.0174685 7.41447
1075 0.0061276 -0.0169157 7.25713
1076 0.00692046 0.00739209 5.41172
1077 0.00909498 0.00864534 5.7705
1078 0.0126283 0.0105035 6.60121
1079 0.007559 -0.0161976 7.24446
1080 0.00824412 -0.0158428 7.24739
1081 0.0089258 -0.015464 7.25284
1082 0.0095941 -0.0150185 7.25261
1083 0.0102869 -0.0145457 7.25881
1084 0.0109509 -0.0140371 7.26381
1085 0.0115965 -0.0135177 7.2728
1086 0.0121946 -0.012987 7.28117
1087 0.00688141 -0.0156697 7.08987
1088 0.01278 -0.0124659 7.29647
1089 0.0069374 -0.0147692 6.93972
1090 0.0133264 -0.0118759 7.30316
1091 0.00697459 -0.0138732 6.79668
1092 0.0138315 -0.0112506 7.30576
1093 0.00695218 -0.0129651 6.65437
1094 0.0143263 -0.0105936 7.31028
1095 0.00695218 -0.0120736 6.5242
1096 0.00695218 -0.0111822 6.40154
1097 0.0148045 -0.00990642 7.31615
1098 0.00695218 -0.0102907 6.28632
1099 0.0152529 -0.00920585 7.32305
1100 0.00695218 -0.00939922 6.17848
1101 0.0156476 -0.00849718 7.32676
1102 0.00695218 -0.00850775 6.07796
1103 0.00695218 -0.00761628 5.98467
1104 0.0160241 -0.00781868 7.33699
1105 0.00695218 -0.00672481 5.89856
1106 0.0163751 -0.00709929 7.34543
1107 0.00695218 -0.00583333 5.81955
1108 0.0166579 -0.00635109 7.34484
1109 0.00695218 -0.00494186 5.74755
1110 0.0169231 -0.00556677 7.34539
1111 0.00695218 -0.00405039 5.68248
1112 0.00695218 -0.00315891 5.62427
1113 0.0171571 -0.00476654 7.34604
1114 0.00695218 -0.00226744 5.5728
1115 0.0173689 -0.00395136 7.34886
1116 0.00695218 -0.00137597 5.52799
1117 0.0175379 -0.00314088 7.35035
1118 0.00695218 -0.000484496 5.48972
1119 0.00695218 0.000406977 5.45789
1120 0.017689 -0.00237927 7.35691
1121 0.00695218 0.00129845 5.43237
1122 0.0177736 -0.00158786 7.35453
1123 0.00695218 0.00218992 5.41304
1124 0.0177971 -0.00078341 7.345
1125 0.00695218 0.0030814 5.39976
1126 0.0178027 3.39576e-05 7.33827
1127 0.00695218 0.00397287 5.39238
1128 0.00695218 0.00486434 5.39074
1129 0.0177876 0.000868348 7.33405
1130 0.00693822 0.00574553 5.39293
1131 0.017738 0.00170599 7.32934
1132 0.00690479 0.00658526 5.39738
1133 0.0176759 0.00249587 7.32815
1134 0.0175424 0.00329377 7.31733
1135 0.0173547 0.0040434 7.29857
1136 0.017151 0.00482638 7.28332
1137 0.0169049 0.00561931 7.26489
1138 0.0166232 0.00640584 7.24391
1139 0.0163132 0.00717393 7.22083
1140 0.0159696 0.00791016 7.19256
1141 0.0155983 0.0086039 7.15845
1142 0.0152174 0.00927645 7.12326
1143 0.0148072 0.00993891 7.08226
1144 0.0141981 0.0106272 6.99507
1145 0.0100777 0.00885223 5.95601
1146 0.0133406 0.0109555 6.81207
1147 0.0119238 0.00989549 6.39474
1148 0.00755047 0.00699171 5.48846
1149 0.00778186 0.00783963 5.53815
1150 0.00685084 -0.0165686 7.24979
1151 0.0087523 0.00782376 5.68666
1152 0.0111521 0.00916077 6.18413
1153 0.00758808 -0.0152991 7.08845
1154 0.00873578 -0.0145947 7.0854
1155 0.00945275 -0.0141528 7.09427
1156 0.0101152 -0.0136575 7.09652
1157 0.0107451 -0.0131462 7.10014
1158 0.0113575 -0.0126309 7.10852
1159 0.0119465 -0.0121514 7.12604
1160 0.01256 -0.0117261 7.16175
1161 0.00780693 -0.014358 6.95113
1162 0.0129395 -0.0110604 7.13498
1163 0.00775385 -0.013419 6.79743
1164 0.0134421 -0.0104453 7.14159
1165 0.0077247 -0.0125194 6.65999
1166 0.0139123 -0.00979502 7.14596
1167 0.00775229 -0.0116318 6.53745
1168 0.0077474 -0.0107449 6.41926
1169 0.0143529 -0.00912377 7.15027
1170 0.0077247 -0.00984496 6.30513
1171 0.0147637 -0.00843519 7.15484
1172 0.0077247 -0.00895349 6.20173
1173 0.0151179 -0.00772916 7.15457
1174 0.0077247 -0.00806202 6.10567
1175 0.0077247 -0.00717054 6.01688
1176 0.015596 -0.00718828 7.19933
1177 0.0077247 -0.00627907 5.93529
1178 0.0157524 -0.00644645 7.17027
1179 0.0077247 -0.0053876 5.86084
1180 0.0160395 -0.0057034 7.17375
1181 0.0077247 -0.00449612 5.79344
1182 0.0162772 -0.00493732 7.17292
1183 0.0077247 -0.00360465 5.73302
1184 0.0077247 -0.00271318 5.67949
1185 0.0164837 -0.00415924 7.17213
1186 0.0077247 -0.00182171 5.63276
1187 0.0166643 -0.00337732 7.17291
1188 0.0077247 -0.000930233 5.59273
1189 0.0168329 -0.00262082 7.17918
1190 0.0077247 -3.87597e-05 5.5593
1191 0.0077247 0.000852713 5.53236
1192 0.0170727 -0.00191719 7.20916
1193 0.0077247 0.00174419 5.51179
1194 0.0169709 -0.0011555 7.16901
1195 0.0077247 0.00263566 5.49746
1196 0.0169758 -0.000374578 7.15807
1197 0.0077247 0.00352713 5.48923
1198 0.0169931 0.000432517 7.15625
1199 0.0077247 0.0044186 5.48696
1200 0.00771859 0.00532649 5.48979
1201 0.0169703 0.00123119 7.15239
1202 0.00769141 0.00621605 5.49532
1203 0.0168983 0.00202544 7.14425
1204 0.0169554 0.00279175 7.17115
1205 0.0166779 0.00348938 7.12625
1206 0.0164791 0.00421121 7.10489
1207 0.0162638 0.00498064 7.087
1208 0.0160163 0.00574469 7.06707
1209 0.0157263 0.00649821 7.04206
1210 0.015414 0.00722056 7.01468
1211 0.0150901 0.00790134 6.98556
1212 0.0147079 0.00854142 6.94272
1213 0.0143569 0.00918427 6.90938
1214 0.0140614 0.00983505 6.89204
1215 0.0098009 0.0078435 5.86545
1216 0.0127445 0.00963892 6.565
1217 0.0107951 0.00817867 6.06525
1218 0.0121715 0.00897166 6.39221
1219 0.0083955 0.00689264 5.60782
1220 0.0085981 -0.0137874 6.94082
1221 0.00929894 -0.0133178 6.94649
1222 0.0099207 -0.0127524 6.93669
1223 0.0104973 -0.0122703 6.941
1224 0.0112032 -0.0117224 6.96104
1225 0.00825346 -0.0150922 7.11842
1226 0.0139357 0.0113654 6.99996
1227 0.0125415 -0.0103385 6.98379
1228 0.00849721 -0.0129651 6.80443
1229 0.0130382 -0.00964571 6.98311
1230 0.00854674 -0.0120643 6.67937
1231 0.013466 -0.00902267 6.9864
1232 0.00858158 -0.0112175 6.56772
1233 0.00851736 -0.0102919 6.44254
1234 0.0139051 -0.00836294 6.9947
1235 0.00849721 -0.00939922 6.33392
1236 0.0142754 -0.00764684 6.99266
1237 0.00849721 -0.00850775 6.23506
1238 0.00222683 0.0119721 5.10423
1239 0.00849721 -0.00761628 6.14356
1240 0.00849721 -0.00672481 6.05937
1241 0.0068725 0.00808459 5.4199
1242 0.00849721 -0.00583333 5.98243
1243 0.0151282 -0.005893 7.00907
1244 0.00849721 -0.00494186 5.91267
1245 0.0154178 -0.00509235 7.01139
1246 0.00849721 -0.00405039 5.85002
1247 0.0156139 -0.0043346 7.00544
1248 0.00849721 -0.00315891 5.79441
1249 0.00849721 -0.00226744 5.74574
1250 0.0157938 -0.00357325 7.00281
1251 0.00849721 -0.00137597 5.70394
1252 0.0159767 -0.00278074 7.00635
1253 0.00849721 -0.000484496 5.66891
1254 0.0118901 -0.011128 6.9816
1255 0.00849721 0.000406977 5.64055
1256 0.00849721 0.00129845 5.61876
1257 0.0147832 -0.00684244 7.01598
1258 0.00849721 0.00218992 5.6034
1259 0.0161481 -0.000810442 6.98724
1260 0.00849721 0.0030814 5.59437
1261 0.0161649 3.88811e-05 6.97975
1262 0.00849721 0.00397287 5.59151
1263 0.0161962 0.00080536 6.9829
1264 0.0084948 0.00488241 5.59446
1265 0.00847491 0.00583367 5.6015
1266 0.0161578 0.00166297 6.97797
1267 0.0160709 0.00266907 6.97208
1268 0.0161861 -0.00184085 7.0182
1269 0.0158152 0.00355392 6.93662
1270 0.015626 0.00436756 6.92037
1271 0.0153816 0.0051196 6.89549
1272 0.0151327 0.0058375 6.87262
1273 0.0148472 0.00658338 6.84758
1274 0.0145179 0.00723955 6.81123
1275 0.0142818 0.00791067 6.79973
1276 0.0137127 0.0084678 6.70605
1277 0.0135363 0.00932378 6.72642
1278 0.0129327 0.00891047 6.55881
1279 0.00924677 0.00713553 5.74927
1280 0.0117369 0.00825122 6.25932
1281 0.0106054 0.00737519 5.9975
1282 0.00923765 0.00629877 5.72763
1283 0.00917943 -0.012528 6.81617
1284 0.00953462 -0.0117917 6.75347
1285 0.0104435 -0.0114958 6.82861
1286 0.0109674 -0.0107539 6.80259
1287 0.0116841 -0.0101335 6.82946
1288 0.0122819 -0.00959058 6.85739
1289 0.012509 -0.00883221 6.81017
1290 0.013137 -0.00832754 6.86123
1291 0.00930623 -0.0107122 6.58486
1292 0.00928191 -0.00981572 6.4724
1293 0.0133879 -0.00760141 6.83413
1294 0.00926973 -0.00895349 6.3727
1295 0.0138003 -0.00677911 6.83392
1296 0.00926973 -0.00806202 6.27847
1297 0.00926973 -0.00717054 6.19163
1298 0.00926973 -0.00627907 6.11215
1299 0.0142134 -0.00588145 6.83809
1300 0.00926973 -0.0053876 6.03997
1301 0.014647 -0.00524173 6.87424
1302 0.00926973 -0.00449612 5.97505
1303 0.0147327 -0.00451027 6.84487
1304 0.00926973 -0.00360465 5.91731
1305 0.0149163 -0.00376542 6.83962
1306 0.00926973 -0.00271318 5.86667
1307 0.00926973 -0.00182171 5.82306
1308 0.0151123 -0.00297144 6.8412
1309 0.00926973 -0.000930233 5.78639
1310 0.0152857 -0.00209111 6.84276
1311 0.00926973 -3.87597e-05 5.75658
1312 0.00926973 0.000852713 5.73353
1313 0.00926973 0.00174419 5.71714
1314 0.0153585 -0.00117912 6.83205
1315 0.00926973 0.00263566 5.70729
1316 0.0152732 -0.000294213 6.79837
1317 0.00926973 0.00352713 5.70386
1318 0.0153543 0.000437177 6.80748
1319 0.00926973 0.0044186 5.7067
1320 0.0155137 0.001172 6.83894
1321 0.009269 0.00536286 5.71632
1322 0.0153091 0.001932 6.79944
1323 0.0151394 0.0028742 6.77618
1324 0.0149145 0.00376683 6.74819
1325 0.0148729 0.00452949 6.76225
1326 0.0144137 0.00519081 6.687
1327 0.0143845 0.00599706 6.71549
1328 0.0139569 0.00661683 6.65196
1329 0.0134957 0.00743546 6.59403
1330 0.010019 0.0068278 5.87257
1331 0.0114074 0.00741033 6.15361
1332 0.012705 0.00815813 6.46142
1333 0.0100747 0.00586001 5.85776
1334 0.0100195 -0.0108997 6.69639
1335 0.0108822 -0.0097454 6.66995
1336 0.0116059 -0.00917503 6.70924
1337 0.0124047 -0.00776364 6.68764
1338 0.0100632 -0.00934461 6.51497
1339 0.0128151 -0.00680578 6.66886
1340 0.0100442 -0.00848178 6.41897
1341 0.0132697 -0.005884 6.67222
1342 0.0100422 -0.00761628 6.3319
1343 0.0100497 -0.00673635 6.25186
1344 0.0100568 -0.00585509 6.17888
1345 0.0137727 -0.00493015 6.69379
1346 0.0100693 -0.00495901 6.11281
1347 0.0100796 -0.00406813 6.05424
1348 0.0139962 -0.00400924 6.68011
1349 0.0100625 -0.00317638 5.9991
1350 0.0142502 -0.00323412 6.68818
1351 0.0100422 -0.00226744 5.94982
1352 0.0100422 -0.00137597 5.91143
1353 0.0144383 -0.00235842 6.68728
1354 0.0100422 -0.000484496 5.88008
1355 0.014507 -0.00149455 6.67216
1356 0.0100422 0.000406977 5.85572
1357 0.0100422 0.00129845 5.83826
1358 0.0100422 0.00218992 5.82755
1359 0.0145582 -0.000636441 6.6617
1360 0.0100422 0.0030814 5.82351
1361 0.0100422 0.00397287 5.82603
1362 0.0146167 0.0011363 6.6541
1363 0.0100541 0.00490855 5.83747
1364 0.0144037 0.00217096 6.61467
1365 0.0142124 0.00317141 6.58864
1366 0.0140045 0.00421683 6.56877
1367 0.0136112 0.00577556 6.53954
1368 0.013029 0.00660018 6.45156
1369 0.01239 0.00740163 6.35404
1370 0.0109686 0.00644619 6.03343
1371 0.0116351 -0.00839059 6.63114
1372 0.0145304 0.000239542 6.64299
1373 0.0133856 0.00502574 6.4652
1374 0.0108581 0.00537522 5.98536
1375 0.0108368 -0.00886715 6.56615
1376 0.011769 -0.00684256 6.506
1377 0.0123206 -0.00595228 6.52025
1378 0.0108044 -0.00804235 6.47675
1379 0.0126685 -0.00502739 6.5105
1380 0.0108349 -0.00717935 6.39897
1381 0.010848 -0.00634614 6.32848
1382 0.010832 -0.00543856 6.25475
1383 0.0130111 -0.00416652 6.5146
1384 0.0109132 -0.00456112 6.20481
1385 0.0108947 -0.00365109 6.14589
1386 0.0133423 -0.00334822 6.52872
1387 0.0108026 -0.00272517 6.08273
1388 0.0137161 -0.00263718 6.56404
1389 0.0107812 -0.00181621 6.03845
1390 0.0107869 -0.000915348 6.00603
1391 0.0136745 -0.00183799 6.52604
1392 0.0108142 -2.03553e-05 5.98444
1393 0.0137384 -0.000882353 6.51021
1394 0.0108342 0.000865762 5.96922
1395 0.0108148 0.00174419 5.95464
1396 0.0108148 0.00263566 5.94992
1397 0.0108148 0.00352713 5.95209
1398 0.0108122 0.00443241 5.96059
1399 0.0136216 0.00149463 6.45749
1400 0.0135095 0.00248443 6.43937
1401 0.0132731 0.00341235 6.40392
1402 0.0127106 0.00577671 6.35265
1403 0.0120253 0.00655911 6.24287
1404 0.0114899 -0.00764886 6.53746
1405 0.0138946 -0.000127119 6.52467
1406 0.0136923 0.000622941 6.47589
1407 0.0129732 0.00431093 6.36245
1408 0.0115881 0.00484929 6.10791
1409 0.0115163 -0.00595292 6.39542
1410 0.0117104 -0.00515649 6.36573
1411 0.0118835 -0.00416895 6.32805
1412 0.0124874 -0.00338344 6.38332
1413 0.0115873 -0.00315891 6.22533
1414 0.0129022 -0.0024321 6.40978
1415 0.0114936 -0.0022559 6.16783
1416 0.011515 -0.00135435 6.13603
1417 0.0115368 -0.000448914 6.11198
1418 0.0129598 -0.00131731 6.38004
1419 0.0116286 0.000461532 6.10688
1420 0.0116543 0.00129166 6.09989
1421 0.011602 0.00221785 6.08498
1422 0.0116195 0.0031024 6.09001
1423 0.0115505 0.00396839 6.08608
1424 0.012942 0.0018922 6.32865
1425 0.012517 0.00268715 6.25093
1426 0.011704 0.00570777 6.15124
1427 0.0130319 -0.000149783 6.36365
1428 0.0126332 0.000925291 6.27545
1429 0.0123649 0.00362428 6.2321
1430 0.0121812 0.00435959 6.21004
1431 0.0121914 -0.00182567 6.26464
1432 0.0122657 -0.000841998 6.2451
1433 0.0100881 -0.0101785 6.61536
1434 0.00372485 0.0104303 5.1503
1435 0.0133605 0.0101533 6.74877
1436 0.00480759 0.0189915 5.65542
1437 0.0087931 0.0200029 6.3979
1438 0.00333446 0.0177674 5.43965
1439 0.00475413 0.0197937 5.70156
1440 0.00859105 0.0167131 6.11987
1441 0.00931509 0.017219 6.31703
1442 0.00786365 0.016262 5.94543
1443 0.0099953 0.0177517 6.52663
1444 0.00709477 0.0158526 5.78447
1445 0.0106443 0.0183421 6.75434
1446 0.00630661 0.0154888 5.64137
1447 0.0112829 0.018936 7.00329
1448 0.00551273 0.0151619 5.517
1449 0.0118769 0.0196101 7.2712
1450 0.00468461 0.0148835 5.40803
1451 0.0123878 0.0205247 7.55754
1452 0.0038238 0.0146771 5.31668
1453 0.00296453 0.0145007 5.24393
1454 0.00211613 0.0143415 5.18885
1455 0.0011419 0.0142285 5.14719
1456 0.0115824 0.0212147 7.29935
1457 0.010765 0.0216598 7.05473
1458 0.00995011 0.0220496 6.84099
1459 0.0091046 0.0224119 6.64692
1460 0.000774193 0.0156237 5.20173
1461 0.00830144 0.0227217 6.48533
1462 0.000822435 0.0164577 5.24455
1463 0.00743155 0.0230209 6.33247
1464 0.000823822 0.0173487 5.2923
1465 0.0066078 0.0232707 6.20708
1466 0.000777202 0.0182692 5.34376
1467 0.00571824 0.0235051 6.09096
1468 0.000777202 0.0191667 5.39839
1469 0.00487836 0.0236937 5.99858
1470 0.000777202 0.0200641 5.45609
1471 0.00397395 0.023862 5.91668
1472 0.000777202 0.0209615 5.51671
1473 0.00303479 0.0239886 5.84892
1474 0.000824881 0.0218896 5.58367
1475 0.00204763 0.024112 5.79892
1476 0.000777202 0.0227564 5.64689
1477 0.0008969 0.0242722 5.76847
1478 0.000675196 0.014909 5.16615
1479 0.00066649 0.0234739 5.7
1480 0.00850182 0.0176395 6.16489
1481 0.00781113 0.0171761 5.99473
1482 0.00916515 0.0181509 6.35002
1483 0.00709732 0.016759 5.84006
1484 0.00980491 0.0186918 6.54981
1485 0.00635902 0.0163914 5.70074
1486 0.0104188 0.0192573 6.7635
1487 0.00560314 0.0160625 5.57713
1488 0.0109957 0.0198295 6.98646
1489 0.00483326 0.0157712 5.4695
1490 0.00404433 0.0155248 5.37753
1491 0.00318497 0.0153911 5.30104
1492 0.00233991 0.0152622 5.24211
1493 0.00151454 0.0150753 5.197
1494 0.0108023 0.020768 6.99979
1495 0.0100435 0.0211256 6.79994
1496 0.00925348 0.0214909 6.61704
1497 0.00844024 0.02182 6.4498
1498 0.00163336 0.0159306 5.24218
1499 0.00761045 0.0221269 6.30066
1500 0.00167238 0.0168456 5.29106
1501 0.00679702 0.0223909 6.17263
1502 0.00163642 0.0177771 5.34135
1503 0.00596242 0.0226267 6.05901
1504 0.00159608 0.0186979 5.39422
1505 0.00513046 0.0228518 5.96393
1506 0.00155282 0.0196154 5.45003
1507 0.00428208 0.0230039 5.87998
1508 0.00155282 0.0205128 5.50941
1509 0.00335956 0.023153 5.80756
1510 0.00156604 0.0214308 5.57374
1511 0.00239622 0.023251 5.74932
1512 0.00173671 0.0224317 5.65318
1513 0.00147202 0.0234031 5.71797
1514 0.00837394 0.0185483 6.20122
1515 0.00772942 0.0180644 6.03827
1516 0.00706312 0.0176423 5.89016
1517 0.00898773 0.019079 6.37605
1518 0.00637193 0.0172751 5.75585
1519 0.0096001 0.0196306 6.56786
1520 0.005663 0.016942 5.63537
1521 0.010206 0.0201925 6.77562
1522 0.00493228 0.0166445 5.52845
1523 0.00420221 0.0163882 5.43771
1524 0.00347862 0.0161184 5.36034
1525 0.00258502 0.0162565 5.30491
1526 0.00940608 0.0205677 6.58784
1527 0.00859593 0.0209253 6.41972
1528 0.00777719 0.0212386 6.26895
1529 0.0069711 0.0215087 6.13817
1530 0.00250152 0.0172882 5.35586
1531 0.00615854 0.0217619 6.02437
1532 0.00244611 0.0182206 5.40639
1533 0.00534623 0.0219994 5.92779
1534 0.00237799 0.0191509 5.45944
1535 0.00452777 0.0222118 5.8462
1536 0.00232843 0.0200641 5.51573
1537 0.0036592 0.0223377 5.77093
1538 0.0023474 0.0209587 5.57775
1539 0.00277245 0.0224455 5.71096
1540 0.00231251 0.0217583 5.63305
1541 0.00818812 0.0194538 6.22573
1542 0.00761363 0.0189358 6.07543
1543 0.00699174 0.0184978 5.93388
1544 0.00634331 0.0181494 5.8063
1545 0.00567615 0.017805 5.68903
1546 0.00491919 0.0175296 5.57823
1547 0.0041626 0.0172511 5.48185
1548 0.00337005 0.0169006 5.39337
1549 0.00797347 0.0203495 6.24478
1550 0.00713218 0.020615 6.10279
1551 0.00629989 0.0208749 5.98243
1552 0.0115393 0.0203879 7.21761
1553 0.00549399 0.0211477 5.88582
1554 0.00322234 0.0186932 5.48652
1555 0.00471276 0.0213678 5.80551
1556 0.00315336 0.0196258 5.54055
1557 0.00399486 0.0216533 5.7518
1558 0.0031306 0.020528 5.59905
1559 0.00314983 0.0215126 5.66916
1560 0.0073725 0.0197939 6.08893
1561 0.00693095 0.0192533 5.97447
1562 0.00629001 0.0190281 5.85522
1563 0.00565711 0.0186766 5.74106
1564 0.00505151 0.0182946 5.64039
1565 0.00414493 0.0182303 5.53755
1566 0.00644925 0.019931 5.93979
1567 0.00555582 0.0203245 5.83654
1568 0.00472159 0.0205926 5.75202
1569 0.00400251 0.0192429 5.58754
1570 0.00390409 0.0208819 5.68812
1571 0.00393201 0.0200998 5.63716
1572 0.00557822 0.0194883 5.78319
1573 0.00457008 0.041036 8.02228
1574 0.00944372 0.0313796 7.40816
1575 0.00297387 0.0429682 8.27229
1576 0.0101986 0.0288635 7.37268
1577 0.0117432 0.0406142 8.90163
1578 0.0122849 0.0399838 8.91298
1579 0.0128011 0.039302 8.92259
1580 0.0111247 0.0412626 8.88971
1581 0.0132884 0.038581 8.932
1582 0.0105226 0.0418303 8.87897
1583 0.0137391 0.03787 8.94546
1584 0.0098693 0.0423739 8.86625
1585 0.0141426 0.0371135 8.95392
1586 0.00917707 0.0428914 8.85398
1587 0.0144979 0.0363425 8.96043
1588 0.00849195 0.0433659 8.84583
1589 0.0148208 0.0355456 8.9674
1590 0.00775538 0.0438013 8.83442
1591 0.0151061 0.0347401 8.97509
1592 0.00699772 0.0441926 8.8231
1593 0.0153314 0.0339422 8.97865
1594 0.00621262 0.0445476 8.81284
1595 0.0155296 0.0330682 8.9813
1596 0.00542116 0.0448688 8.8064
1597 0.0156765 0.0322473 8.98384
1598 0.00459849 0.0451296 8.79631
1599 0.0157633 0.0314021 8.97959
1600 0.00377629 0.0453731 8.79381
1601 0.0158146 0.0305454 8.97553
1602 0.00295881 0.0455811 8.79515
1603 0.0158274 0.029693 8.97102
1604 0.00208412 0.0456961 8.78533
1605 0.0157922 0.0288382 8.96291
1606 0.00115289 0.0457611 8.77505
1607 0.0156986 0.0280098 8.94696
1608 0.0155639 0.0271575 8.92796
1609 0.015394 0.0263208 8.90568
1610 0.0151844 0.0255235 8.87487
1611 0.000784512 0.0443473 8.47386
1612 0.0149055 0.0246719 8.82571
1613 0.000781828 0.0435069 8.3066
1614 0.0146173 0.02387 8.76578
1615 0.000781828 0.0426042 8.13335
1616 0.0141993 0.0230879 8.62807
1617 0.000781828 0.0417014 7.9665
1618 0.0137381 0.0222687 8.41029
1619 0.000781828 0.0407986 7.80591
1620 0.000781828 0.0398958 7.65144
1621 0.000781828 0.0389931 7.50291
1622 0.000781828 0.0380903 7.36016
1623 0.0122698 0.0227003 7.66826
1624 0.000781828 0.0371875 7.223
1625 0.0114619 0.0230961 7.38475
1626 0.000781828 0.0362847 7.09124
1627 0.0105779 0.0235142 7.12403
1628 0.000781828 0.0353819 6.96472
1629 0.00973221 0.0238766 6.91023
1630 0.000781828 0.0344792 6.84323
1631 0.00881979 0.0242285 6.71078
1632 0.000781828 0.0335764 6.7266
1633 0.00794975 0.0245277 6.54649
1634 0.000781828 0.0326736 6.61464
1635 0.0070139 0.0248116 6.39428
1636 0.000781828 0.0317708 6.50717
1637 0.00612423 0.025046 6.27104
1638 0.000781828 0.0308681 6.404
1639 0.00517002 0.0252602 6.15994
1640 0.000781828 0.0299653 6.30495
1641 0.00426553 0.0254286 6.07371
1642 0.000781828 0.0290625 6.20984
1643 0.00329398 0.0255939 6.002
1644 0.000781828 0.0281597 6.11844
1645 0.00231855 0.0257198 5.94902
1646 0.000840073 0.0272212 6.02878
1647 0.00140078 0.0257053 5.90665
1648 0.00076286 0.0263495 5.94593
1649 0.000631425 0.025608 5.87714
1650 0.000710613 0.0450879 8.62502
1651 0.0129148 0.0222716 7.93294
1652 0.0114217 0.039795 8.72566
1653 0.0108732 0.0404035 8.71624
1654 0.0119241 0.0391657 8.73348
1655 0.0123978 0.0384972 8.74029
1656 0.010295 0.0409775 8.70646
1657 0.0128513 0.0378135 8.75101
1658 0.00969367 0.0415073 8.69572
1659 0.0132541 0.0371129 8.75887
1660 0.00905433 0.0420058 8.68381
1661 0.0136164 0.0363932 8.76537
1662 0.00839759 0.042483 8.67574
1663 0.0139391 0.0356442 8.76962
1664 0.00772686 0.0429104 8.66688
1665 0.0142272 0.0348914 8.77495
1666 0.00701171 0.043308 8.65711
1667 0.0144723 0.0341268 8.77838
1668 0.00626822 0.043661 8.64624
1669 0.0146748 0.0333338 8.77873
1670 0.00552338 0.043975 8.63802
1671 0.0148309 0.0325347 8.77641
1672 0.00476249 0.0442645 8.63375
1673 0.0149453 0.0317383 8.77239
1674 0.00393839 0.0444952 8.62375
1675 0.0150108 0.0309337 8.76387
1676 0.00315828 0.0447024 8.62233
1677 0.01504 0.0301148 8.75376
1678 0.00244038 0.0450052 8.65331
1679 0.0150278 0.0292976 8.74044
1680 0.00161696 0.044856 8.59512
1681 0.0149695 0.0285041 8.72169
1682 0.014859 0.0276935 8.69397
1683 0.0147115 0.0268928 8.65991
1684 0.0145235 0.0261129 8.61499
1685 0.0142869 0.0253204 8.55292
1686 0.00156867 0.0439123 8.403
1687 0.0139946 0.0245379 8.46236
1688 0.00155765 0.0430182 8.2284
1689 0.0138012 0.0237847 8.39934
1690 0.00156181 0.0421397 8.0635
1691 0.0131978 0.023185 8.10708
1692 0.00156021 0.04125 7.90248
1693 0.00156021 0.0403472 7.7453
1694 0.00156021 0.0394444 7.59418
1695 0.00156021 0.0385417 7.44892
1696 0.00156021 0.0376389 7.30935
1697 0.0122429 0.0236085 7.70262
1698 0.00156021 0.0367361 7.17528
1699 0.0113628 0.0240391 7.40566
1700 0.00156021 0.0358333 7.04653
1701 0.0104652 0.024419 7.14911
1702 0.00156021 0.0349306 6.92293
1703 0.00956205 0.0248007 6.93053
1704 0.00156021 0.0340278 6.80427
1705 0.00864084 0.0251226 6.73631
1706 0.00156021 0.033125 6.69038
1707 0.00770934 0.0254327 6.56928
1708 0.00156021 0.0322222 6.58107
1709 0.00676968 0.0256901 6.42364
1710 0.00156021 0.0313194 6.47614
1711 0.00582466 0.0259452 6.30264
1712 0.00156021 0.0304167 6.3754
1713 0.00486185 0.0261184 6.19627
1714 0.00156021 0.0295139 6.27876
1715 0.00388782 0.0263176 6.11482
1716 0.00154626 0.0286058 6.18496
1717 0.00287979 0.0264896 6.05109
1718 0.00161224 0.0276825 6.09612
1719 0.00177023 0.0266534 6.00515
1720 0.0110571 0.0389954 8.5495
1721 0.0105928 0.0395844 8.54907
1722 0.0100483 0.0401592 8.54169
1723 0.0115259 0.0383791 8.55571
1724 0.0119727 0.0377314 8.56282
1725 0.00948063 0.0406515 8.52706
1726 0.0123735 0.0370602 8.56705
1727 0.00889588 0.041143 8.51852
1728 0.0127285 0.0364042 8.57204
1729 0.00827941 0.0416118 8.51084
1730 0.0130642 0.0357102 8.57739
1731 0.00763046 0.0420358 8.50049
1732 0.0133481 0.0349904 8.57737
1733 0.00698659 0.0424243 8.49363
1734 0.0136068 0.034275 8.58034
1735 0.00629904 0.0427887 8.48666
1736 0.0138378 0.0335512 8.58443
1737 0.00557064 0.0430913 8.47378
1738 0.0140166 0.032778 8.58104
1739 0.00484005 0.0433564 8.46329
1740 0.014114 0.0320325 8.56625
1741 0.00413107 0.0437273 8.48441
1742 0.0142007 0.0312727 8.55551
1743 0.00326128 0.0437539 8.43768
1744 0.0142489 0.0304978 8.54131
1745 0.00239232 0.0442011 8.48721
1746 0.0142417 0.0297209 8.51854
1747 0.0142148 0.0289688 8.49674
1748 0.0141425 0.0282016 8.46651
1749 0.0140177 0.0274363 8.42375
1750 0.013845 0.0266874 8.36652
1751 0.0136464 0.0259326 8.29852
1752 0.0134281 0.0251517 8.21788
1753 0.0130462 0.0242442 8.05626
1754 0.00233418 0.0425329 8.16201
1755 0.00236398 0.0416972 8.00974
1756 0.00235309 0.0408063 7.85169
1757 0.00233859 0.0398958 7.69621
1758 0.00233859 0.0389931 7.54861
1759 0.00233859 0.0380903 7.40679
1760 0.00233859 0.0371875 7.27059
1761 0.0120832 0.0245376 7.68219
1762 0.00233859 0.0362847 7.13981
1763 0.0112129 0.0249673 7.40892
1764 0.00233859 0.0353819 7.01427
1765 0.0103121 0.025373 7.1672
1766 0.00233859 0.0344792 6.89379
1767 0.0093747 0.0257342 6.95006
1768 0.00233859 0.0335764 6.77816
1769 0.00841864 0.0260623 6.75972
1770 0.00233859 0.0326736 6.66721
1771 0.00745265 0.0263572 6.59539
1772 0.00233859 0.0317708 6.56073
1773 0.00647883 0.0266158 6.45471
1774 0.00233859 0.0308681 6.45853
1775 0.00551251 0.0268323 6.33744
1776 0.00235453 0.0299311 6.35766
1777 0.00452889 0.0270354 6.24119
1778 0.00236168 0.0290048 6.26173
1779 0.00353016 0.0272622 6.16994
1780 0.00224083 0.0281966 6.17488
1781 0.00254001 0.02741 6.115
1782 0.00232838 0.0434139 8.32951
1783 0.0106519 0.0382088 8.3722
1784 0.0102088 0.0387823 8.37114
1785 0.0098488 0.0394207 8.4013
1786 0.00922611 0.0398103 8.35969
1787 0.0111166 0.0376288 8.38463
1788 0.0115134 0.0369791 8.38399
1789 0.00867773 0.0402948 8.35263
1790 0.0118543 0.036354 8.38306
1791 0.00812371 0.040769 8.35148
1792 0.0121909 0.0357279 8.38868
1793 0.0075164 0.0411658 8.33875
1794 0.0124884 0.0350511 8.38864
1795 0.00690037 0.041547 8.33068
1796 0.0127149 0.0343534 8.37824
1797 0.00628086 0.0419164 8.32847
1798 0.0129597 0.0336625 8.38034
1799 0.00561493 0.0422546 8.32441
1800 0.0132906 0.0330204 8.41507
1801 0.00484156 0.0424772 8.29908
1802 0.0132717 0.0322838 8.36331
1803 0.00621747 0.0383364 7.7423
1804 0.0133735 0.0315588 8.34879
1805 0.00390262 0.0428711 8.30515
1806 0.0134622 0.0308329 8.33779
1807 0.0134513 0.0301027 8.30496
1808 0.0134204 0.0293755 8.27113
1809 0.0134009 0.0286601 8.24494
1810 0.0133112 0.0279319 8.20099
1811 0.0131598 0.0272327 8.13828
1812 0.0129439 0.0265079 8.05219
1813 0.0127667 0.0257794 7.97465
1814 0.0126744 0.025048 7.92458
1815 0.00317758 0.0421881 8.13678
1816 0.00317102 0.041284 7.97385
1817 0.0031118 0.0403525 7.80975
1818 0.00311697 0.0394444 7.65936
1819 0.00311697 0.0385417 7.51546
1820 0.00311697 0.0376389 7.37728
1821 0.00311697 0.0367361 7.24465
1822 0.0119527 0.0254597 7.67697
1823 0.00311697 0.0358333 7.11737
1824 0.011094 0.0259228 7.4256
1825 0.00311697 0.0349306 6.99525
1826 0.0101488 0.0263268 7.18545
1827 0.00311697 0.0340278 6.8781
1828 0.00917443 0.0266771 6.97153
1829 0.00311697 0.033125 6.76572
1830 0.00818763 0.0269965 6.78598
1831 0.00311697 0.0322222 6.6579
1832 0.00719301 0.0272873 6.62728
1833 0.00311697 0.0313194 6.55446
1834 0.00618851 0.0275493 6.49275
1835 0.00312729 0.0303866 6.45261
1836 0.00518334 0.0277351 6.378
1837 0.00315492 0.0294077 6.35145
1838 0.00419654 0.0279831 6.29592
1839 0.0031446 0.0282989 6.23908
1840 0.00975509 0.0380532 8.19584
1841 0.0102566 0.0374214 8.20095
1842 0.00919828 0.0387958 8.2071
1843 0.00845159 0.0394095 8.18515
1844 0.010763 0.0369473 8.23616
1845 0.0109858 0.0362797 8.20093
1846 0.00800915 0.039994 8.21373
1847 0.0113175 0.0356659 8.20018
1848 0.00737673 0.0403038 8.18087
1849 0.0117411 0.0351343 8.2347
1850 0.00679175 0.0406867 8.17391
1851 0.0118251 0.0344586 8.18834
1852 0.00618628 0.041045 8.16852
1853 0.0120872 0.0336944 8.17997
1854 0.00567543 0.0415044 8.1976
1855 0.012417 0.0328212 8.18817
1856 0.00500783 0.0416255 8.15957
1857 0.00408143 0.0417761 8.11613
1858 0.0124891 0.0318488 8.13957
1859 0.0127433 0.0311498 8.1628
1860 0.0126684 0.0304588 8.10559
1861 0.0126314 0.0297581 8.06183
1862 0.012586 0.0290361 8.01724
1863 0.0126879 0.0283676 8.02126
1864 0.0124253 0.027743 7.91886
1865 0.0123792 0.0270581 7.88
1866 0.0119534 0.0264273 7.71722
1867 0.00386553 0.0407954 7.93035
1868 0.00386345 0.0398737 7.77515
1869 0.00389535 0.0389931 7.6351
1870 0.00389535 0.0380903 7.49515
1871 0.00389535 0.0371875 7.36083
1872 0.00389535 0.0362847 7.232
1873 0.00389535 0.0353819 7.10845
1874 0.0109708 0.0269044 7.44504
1875 0.00389535 0.0344792 6.98999
1876 0.00995991 0.0273075 7.20358
1877 0.00389535 0.0335764 6.8764
1878 0.00894144 0.0276372 6.99253
1879 0.00389535 0.0326736 6.76747
1880 0.00793276 0.0279553 6.81566
1881 0.00389535 0.0317708 6.66301
1882 0.00691117 0.0282265 6.66271
1883 0.00389535 0.0308681 6.5628
1884 0.00589873 0.0284565 6.5352
1885 0.0039175 0.0299345 6.46525
1886 0.00492546 0.0286613 6.4359
1887 0.003998 0.0289519 6.37207
1888 0.0094117 0.0372004 8.02711
1889 0.00884366 0.0378646 8.0233
1890 0.0100019 0.0364704 8.0385
1891 0.00815749 0.0385434 8.01637
1892 0.00745844 0.0392987 8.03382
1893 0.0104336 0.0355996 8.01895
1894 0.0109466 0.0347933 8.03465
1895 0.0060386 0.0402957 8.02882
1896 0.00532561 0.0407752 8.04001
1897 0.0114402 0.0330406 7.97905
1898 0.011638 0.0321071 7.95086
1899 0.0118074 0.0310381 7.9164
1900 0.0117391 0.0294537 7.80254
1901 0.0117809 0.0284672 7.76092
1902 0.0116497 0.0273708 7.66826
1903 0.00464111 0.0393966 7.75506
1904 0.00468835 0.038513 7.62061
1905 0.00467373 0.0376389 7.488
1906 0.00467373 0.0367361 7.35784
1907 0.00467373 0.0358333 7.23307
1908 0.00467373 0.0349306 7.11351
1909 0.0107647 0.0280112 7.45593
1910 0.00467373 0.0340278 6.99895
1911 0.00970214 0.0282617 7.21016
1912 0.00467373 0.033125 6.88917
1913 0.00866443 0.0286248 7.01377
1914 0.00467373 0.0322222 6.78393
1915 0.00763636 0.0289207 6.84565
1916 0.00467373 0.0313194 6.68305
1917 0.00660139 0.0291944 6.70379
1918 0.0046611 0.0304545 6.58903
1919 0.00564709 0.0293473 6.58777
1920 0.00472058 0.0295591 6.50262
1921 0.00671128 0.0398491 8.02939
1922 0.0111896 0.0338859 7.9983
1923 0.0119374 0.0301961 7.89797
1924 0.00902615 0.0363593 7.85739
1925 0.00854881 0.0370171 7.86524
1926 0.00790466 0.0376488 7.8551
1927 0.00949994 0.0356112 7.84862
1928 0.00710644 0.0382405 7.83214
1929 0.00994158 0.034821 7.84094
1930 0.00531091 0.0398163 7.88047
1931 0.0107983 0.032371 7.78054
1932 0.0109232 0.0313909 7.72938
1933 0.0109571 0.0291096 7.57602
1934 0.00552375 0.0389268 7.75924
1935 0.00547489 0.038025 7.61829
1936 0.00547502 0.0371737 7.49476
1937 0.00545211 0.0362847 7.3687
1938 0.00545211 0.0353819 7.24826
1939 0.00545211 0.0344792 7.13298
1940 0.00545211 0.0335764 7.02264
1941 0.00935806 0.0292658 7.21167
1942 0.00545211 0.0326736 6.91695
1943 0.00837537 0.0296293 7.043
1944 0.0054588 0.0317552 6.81468
1945 0.00733079 0.0298914 6.88283
1946 0.00546547 0.0308585 6.71918
1947 0.00626001 0.030208 6.75274
1948 0.00535428 0.03009 6.62698
1949 0.00651192 0.0390153 7.87697
1950 0.0102984 0.0340137 7.82661
1951 0.0105666 0.0332534 7.80844
1952 0.0110485 0.0302486 7.67527
1953 0.00857194 0.0355329 7.68289
1954 0.0080967 0.0362092 7.69252
1955 0.00774906 0.0368657 7.72772
1956 0.00707013 0.0372306 7.68521
1957 0.00902639 0.0348429 7.6784
1958 0.0100743 0.0318519 7.57938
1959 0.00632157 0.0376091 7.6477
1960 0.00628528 0.0367264 7.51989
1961 0.00622785 0.0358418 7.39471
1962 0.00622813 0.0349283 7.27741
1963 0.00626677 0.0340432 7.17377
1964 0.00623049 0.033125 7.06164
1965 0.00915405 0.0304134 7.26369
1966 0.00621547 0.0322152 6.95757
1967 0.00808285 0.0306175 7.07927
1968 0.00625385 0.0312473 6.8586
1969 0.00711335 0.030868 6.94338
1970 0.00599343 0.0395674 7.90739
1971 0.00939477 0.0340579 7.65842
1972 0.0100549 0.0326329 7.64591
1973 0.0101402 0.030838 7.50875
1974 0.01015 0.0298049 7.42987
1975 0.00967093 0.0333039 7.63317
1976 0.00812874 0.0347523 7.52007
1977 0.00766417 0.0353941 7.527
1978 0.00712864 0.0362416 7.55955
1979 0.00687173 0.0353866 7.41664
1980 0.00713918 0.0345501 7.34908
1981 0.0070372 0.0335781 7.22154
1982 0.00695407 0.0327103 7.11273
1983 0.00864611 0.0314247 7.25811
1984 0.00697765 0.0318113 7.01955
1985 0.00780748 0.0315558 7.12353
1986 0.00862187 0.034161 7.53367
1987 0.00920565 0.0323842 7.45394
1988 0.00872418 0.0333171 7.45969
1989 0.00790141 0.033862 7.38245
1990 0.00777532 0.0330918 7.27787
1991 0.00758122 0.0323396 7.16761
1992 0.00832096 0.0323512 7.29066
1993 0.00457438 0.040271 7.89263
