1 1.53081e-18 -0.025 8.81611
2 1.02054e-18 0.0133333 4.74189
3 1.53081e-18 0.025 5.43902
4 1.02054e-18 0.0466667 8.87754
5 0.0146855 0.0378813 9.15915
6 0.0239236 -0.00725686 9.17345
7 0.0138888 0.020787 8.32265
8 0 0.00785714 4.63193
9 0 0.00238095 4.65832
10 0 -0.00309524 4.92351
11 0 -0.00857143 5.43847
12 0 -0.0140476 6.21916
13 0 -0.0195238 7.32304
14 0.0249165 -0.00204193 9.19578
15 0.0247862 0.00326272 9.19254
16 0.0235385 0.00842262 9.16098
17 0.0212294 0.0132027 9.13179
18 0.0179648 0.0173858 8.72129
19 0.0101756 0.0168002 6.45447
20 0.00537497 0.0142238 5.33458
21 0.00527861 -0.0244364 8.89735
22 0.010317 -0.0227719 8.93672
23 0.0148926 -0.0200801 8.99793
24 0.0187966 -0.0164829 9.06282
25 0.021852 -0.0121446 9.12571
26 0 0.0191667 5.00581
27 0.00956666 0.0230972 6.77602
28 0.00487719 0.0245196 5.93647
29 0.0109751 0.0425429 9.06777
30 0.00586211 0.0456017 8.99289
31 0.0162418 0.0262608 9.28675
32 0.0165192 0.0322124 9.21769
33 0 0.04125 7.65265
34 0 0.0358333 6.72707
35 0 0.0304167 6.01221
36 0.0154617 0.00404352 6.81959
37 0.0134019 0.00833761 6.55536
38 0.0105452 -0.00936911 6.51858
39 0.014011 -0.00085747 6.50324
40 0.00567997 -0.0178357 7.34375
41 0.0107264 -0.0178455 7.90404
42 0.0134256 -0.0145602 7.69742
43 0.00494815 -0.0115257 6.19214
44 0.0163721 -0.0113073 7.76497
45 0.00474252 -0.00583333 5.50157
46 0.0192567 -0.00815416 8.06043
47 0.00485452 0.000114987 5.12859
48 0.019539 -0.00386008 7.82114
49 0.00512386 0.00604498 5.06492
50 0.0199859 0.000634749 7.83228
51 0.00391389 0.0103732 5.00895
52 0.0203172 0.00509032 8.04633
53 0.0180824 0.00901108 7.74194
54 0.00910895 0.0105275 5.73512
55 0.014778 0.0140964 7.38808
56 0.00899732 -0.0137136 6.94396
57 0.0143605 -0.00599174 6.8338
58 0.00944353 -0.00309524 5.8243
59 0.00950815 0.00387268 5.62596
60 0.00441698 0.0204894 5.54547
61 0.0102974 0.0328338 7.66666
62 0.00459779 0.0340527 6.88083
63 0.00462805 0.0289189 6.29647
64 0.0104161 0.0279703 7.32312
65 0.00503372 0.0396131 7.76368
66 0.00908784 0.0372964 7.96721
