1 0 0 2.39883
2 -1.31814e-05 0.0843 1.89122
3 0.00701188 0.0019524 3.48364
4 0.013867 0.00439135 3.34482
5 0.0203089 0.00775856 2.87379
6 0.0258049 0.0124876 2.37358
7 0.0295944 0.0186686 1.98626
8 0.0316476 0.0256365 1.75115
9 0.0320664 0.0328854 1.70942
10 0.0306691 0.0400102 1.92398
11 0.0278809 0.046728 2.30829
12 0.0245631 0.0532081 2.59285
13 0.0215986 0.0598525 2.65238
14 0.0196658 0.066863 2.30293
15 0.0177476 0.073613 2.12148
16 0.0133516 0.0787235 2.36594
17 0.00689958 0.082031 2.86747
18 -1.19831e-05 0.0766364 3.8461
19 -1.07848e-05 0.0689727 5.52112
20 -9.58651e-06 0.0613091 6.99856
21 -8.38819e-06 0.0536455 8.15608
22 -7.18988e-06 0.0459818 8.87448
23 -5.99157e-06 0.0383182 9.13266
24 -4.79325e-06 0.0306545 8.89382
25 -3.59494e-06 0.0229909 8.08925
26 -2.39663e-06 0.0153273 6.69685
27 -1.19831e-06 0.00766364 4.77438
28 0.0126664 0.0310079 8.55501
29 0.0138133 0.0221887 7.4993
30 0.0118971 0.0162493 6.7224
31 0.0115519 0.0539811 7.45637
32 0.00876783 0.0731632 4.76518
33 0.0139972 0.0610151 5.66556
34 0.0177668 0.0536336 5.48139
35 0.0200498 0.0467313 5.59896
36 0.00705596 0.0650625 6.51542
37 0.0231985 0.040803 5.0247
38 0.00644378 0.0575951 7.8977
39 0.0261303 0.0355231 4.19422
40 0.00616829 0.0500704 8.88761
41 0.0256268 0.0298096 4.42759
42 0.00684702 0.0426438 9.42086
43 0.0255531 0.0240868 4.14472
44 0.00688448 0.0348915 9.55092
45 0.021727 0.0196562 4.95092
46 0.00663271 0.0268238 9.0351
47 0.0182242 0.0151064 5.16805
48 0.00647306 0.0190374 7.88936
49 0.0143916 0.0108623 5.09121
50 0.00748851 0.0105638 5.98528
51 0.0133802 0.067905 4.62442
52 0.0130749 0.0473666 7.93404
53 0.0145345 0.0395973 8.19608
54 0.0191992 0.0340081 6.84016
55 0.0193092 0.0267117 6.5357
