1 0 0 3.6609
2 -1.31814e-05 0.0843 2.90109
3 0.00701188 0.0019524 5.35736
4 0.013867 0.00439135 5.11923
5 0.0203089 0.00775856 4.42074
6 0.0258049 0.0124876 3.69958
7 0.0295944 0.0186686 3.10722
8 0.0316476 0.0256365 2.76092
9 0.0320664 0.0328854 2.70054
10 0.0306691 0.0400102 3.01825
11 0.0278809 0.046728 3.61589
12 0.0245631 0.0532081 4.04624
13 0.0215986 0.0598525 4.13193
14 0.0196658 0.066863 3.60621
15 0.0177476 0.073613 3.3259
16 0.0133516 0.0787235 3.66236
17 0.00689958 0.082031 4.43179
18 -1.19831e-05 0.0766364 5.89019
19 -1.07848e-05 0.0689727 8.43778
20 -9.58651e-06 0.0613091 10.6713
21 -8.38819e-06 0.0536455 12.4052
22 -7.18988e-06 0.0459818 13.4735
23 -5.99157e-06 0.0383182 13.8551
24 -4.79325e-06 0.0306545 13.5004
25 -3.59494e-06 0.0229909 12.3004
26 -2.39663e-06 0.0153273 10.198
27 -1.19831e-06 0.00766364 7.27696
28 0.0126664 0.0310079 12.9878
29 0.0138133 0.0221887 11.4258
30 0.0118971 0.0162493 10.2729
31 0.0115519 0.0539811 11.3756
32 0.00876783 0.0731632 7.23826
33 0.0139972 0.0610151 8.69771
34 0.0177668 0.0536336 8.38475
35 0.0200498 0.0467313 8.58454
36 0.00705596 0.0650625 9.96563
37 0.0231985 0.040803 7.69908
38 0.00644378 0.0575951 12.0329
39 0.0261303 0.0355231 6.39413
40 0.00616829 0.0500704 13.4981
41 0.0256268 0.0298096 6.76065
42 0.00684702 0.0426438 14.2829
43 0.0255531 0.0240868 6.30304
44 0.00688448 0.0348915 14.4739
45 0.021727 0.0196562 7.54399
46 0.00663271 0.0268238 13.7179
47 0.0182242 0.0151064 7.84063
48 0.00647306 0.0190374 12.0267
49 0.0143916 0.0108623 7.71689
50 0.00748851 0.0105638 9.09482
51 0.0133802 0.067905 7.04464
52 0.0130749 0.0473666 12.0803
53 0.0145345 0.0395973 12.4572
54 0.0191992 0.0340081 10.4306
55 0.0193092 0.0267117 9.97104
