1 1.53081e-18 -0.025 0.338349
2 1.02054e-18 0.0133333 0.824665
3 1.53081e-18 0.025 0.717313
4 1.02054e-18 0.0466667 0.280229
5 0.0146855 0.0378813 0.160421
6 0.0239236 -0.00725686 0.16036
7 0.0138888 0.020787 0.402741
8 0 0.00785714 0.845419
9 0 0.00238095 0.846478
10 0 -0.00309524 0.815528
11 0 -0.00857143 0.752402
12 0 -0.0140476 0.6563
13 0 -0.0195238 0.520349
14 0.0249165 -0.00204193 0.148649
15 0.0247862 0.00326272 0.152097
16 0.0235385 0.00842262 0.172623
17 0.0212294 0.0132027 0.217978
18 0.0179648 0.0173858 0.332981
19 0.0101756 0.0168002 0.613837
20 0.00537497 0.0142238 0.75045
21 0.00527861 -0.0244364 0.312309
22 0.010317 -0.0227719 0.288559
23 0.0148926 -0.0200801 0.255642
24 0.0187966 -0.0164829 0.220161
25 0.021852 -0.0121446 0.186361
26 0 0.0191667 0.782922
27 0.00956666 0.0230972 0.55841
28 0.00487719 0.0245196 0.655566
29 0.0109751 0.0425429 0.202637
30 0.00586211 0.0456017 0.24023
31 0.0162418 0.0262608 0.178695
32 0.0165192 0.0322124 0.140782
33 0 0.04125 0.425318
34 0 0.0358333 0.539814
35 0 0.0304167 0.634927
36 0.0154617 0.00404352 0.541067
37 0.0134019 0.00833761 0.592428
38 0.0105452 -0.00936911 0.594209
39 0.014011 -0.00085747 0.583949
40 0.00567997 -0.0178357 0.505979
41 0.0107264 -0.0178455 0.416685
42 0.0134256 -0.0145602 0.429479
43 0.00494815 -0.0115257 0.652063
44 0.0163721 -0.0113073 0.403576
45 0.00474252 -0.00583333 0.739534
46 0.0192567 -0.00815416 0.345014
47 0.00485452 0.000114987 0.785425
48 0.019539 -0.00386008 0.375316
49 0.00512386 0.00604498 0.791256
50 0.0199859 0.000634749 0.373246
51 0.00391389 0.0103732 0.795312
52 0.0203172 0.00509032 0.347137
53 0.0180824 0.00901108 0.414631
54 0.00910895 0.0105275 0.703121
55 0.014778 0.0140964 0.500491
56 0.00899732 -0.0137136 0.54537
57 0.0143605 -0.00599174 0.536313
58 0.00944353 -0.00309524 0.687426
59 0.00950815 0.00387268 0.715315
60 0.00441698 0.0204894 0.713408
61 0.0102974 0.0328338 0.395599
62 0.00459779 0.0340527 0.514102
63 0.00462805 0.0289189 0.597905
64 0.0104161 0.0279703 0.456737
65 0.00503372 0.0396131 0.3975
66 0.00908784 0.0372964 0.356135
