1 1.53081e-18 -0.025 0.314025
2 1.02054e-18 0.0133333 0.755231
3 1.53081e-18 0.025 0.643498
4 1.02054e-18 0.0466667 0.24788
5 0.0146855 0.0378813 0.160422
6 0.0239236 -0.00725686 0.159756
7 0.0138888 0.020787 0.349117
8 0 0.0120968 0.762584
9 0 0.0108602 0.769241
10 0 0.00962366 0.774811
11 0 0.0083871 0.779236
12 0 0.00715054 0.782474
13 0 0.00591398 0.784469
14 0 0.00467742 0.785162
15 0 0.00344086 0.784501
16 0 0.0022043 0.782437
17 0 0.000967742 0.778923
18 0 -0.000268817 0.773917
19 0 -0.00150538 0.767378
20 0 -0.00274194 0.759268
21 0 -0.00397849 0.749554
22 0 -0.00521505 0.738203
23 0 -0.00645161 0.725184
24 0 -0.00768817 0.71047
25 0 -0.00892473 0.694034
26 0 -0.0101613 0.675853
27 0 -0.0113978 0.655904
28 0 -0.0126344 0.634165
29 0 -0.013871 0.610617
30 0 -0.0151075 0.585241
31 0 -0.0163441 0.558019
32 0 -0.0175806 0.528938
33 0 -0.0188172 0.497983
34 0 -0.0200538 0.465093
35 0 -0.0212903 0.430239
36 0 -0.0225269 0.393489
37 0 -0.0237634 0.355296
38 0.0242509 -0.00607385 0.155623
39 0.0245197 -0.0048771 0.152212
40 0.0247295 -0.0036677 0.14955
41 0.0248796 -0.00245019 0.147671
42 0.0249699 -0.00122647 0.146609
43 0.025 6.23264e-07 0.14635
44 0.0249699 0.00122674 0.146937
45 0.0248796 0.00245088 0.148371
46 0.0247293 0.00366869 0.15062
47 0.0245196 0.00487736 0.153705
48 0.0242507 0.00607499 0.157605
49 0.0239235 0.00725711 0.162301
50 0.0235385 0.00842262 0.16779
51 0.0230967 0.00956783 0.174042
52 0.0225996 0.0106891 0.181049
53 0.0220477 0.0117855 0.188809
54 0.021443 0.0128529 0.19733
55 0.0207865 0.0138895 0.206654
56 0.0200797 0.0148931 0.216852
57 0.0193251 0.01586 0.228059
58 0.0185234 0.0167894 0.240561
59 0.0176773 0.0176781 0.254849
60 0.0167888 0.0185239 0.271908
61 0.0158593 0.0193257 0.294118
62 0.0148924 0.0200803 0.337836
63 0.0131511 0.0197615 0.41265
64 0.012338 0.0187951 0.465355
65 0.0114543 0.0178931 0.513197
66 0.010505 0.0170608 0.556979
67 0.00949556 0.0163028 0.596669
68 0.0084317 0.0156235 0.632175
69 0.00731951 0.0150266 0.663407
70 0.0061653 0.0145156 0.690257
71 0.00497565 0.0140934 0.712539
72 0.00375731 0.0137624 0.73012
73 0.00251721 0.0135245 0.742886
74 0.00126239 0.0133812 0.750966
75 0.0012271 -0.0249699 0.312389
76 0.00245033 -0.0248796 0.310881
77 0.00366856 -0.0247294 0.308764
78 0.00487723 -0.0245196 0.305911
79 0.00607446 -0.0242508 0.302337
80 0.00725746 -0.0239234 0.298087
81 0.00842204 -0.0235387 0.293175
82 0.00956726 -0.0230969 0.287639
83 0.010689 -0.0225997 0.281567
84 0.0117848 -0.0220481 0.274986
85 0.0128528 -0.0214431 0.267964
86 0.013889 -0.0207869 0.260568
87 0.0148926 -0.0200801 0.252863
88 0.0158602 -0.0193249 0.244929
89 0.016789 -0.0185238 0.236844
90 0.017678 -0.0176774 0.228685
91 0.0185238 -0.0167889 0.22053
92 0.0193253 -0.0158598 0.212466
93 0.0200805 -0.0148921 0.204541
94 0.0207867 -0.0138893 0.196875
95 0.0214434 -0.0128523 0.18952
96 0.0220482 -0.0117847 0.182536
97 0.0225997 -0.0106889 0.176014
98 0.0230971 -0.00956675 0.170004
99 0.0235386 -0.00842238 0.164565
100 0 0.0237037 0.65954
101 0 0.0224074 0.673567
102 0 0.0211111 0.687478
103 0 0.0198148 0.700767
104 0 0.0185185 0.713313
105 0 0.0172222 0.725055
106 0 0.0159259 0.736027
107 0 0.0146296 0.746732
108 0.0128521 0.0214435 0.400085
109 0.0117845 0.0220482 0.441233
110 0.0106885 0.0225999 0.479326
111 0.00956674 0.0230971 0.513404
112 0.00842197 0.0235387 0.543298
113 0.00725686 0.0239236 0.569104
114 0.00607427 0.0242508 0.590971
115 0.0048771 0.0245197 0.608875
116 0.00366813 0.0247294 0.622889
117 0.00245032 0.0248796 0.633107
118 0.00122666 0.0249699 0.639645
119 0.0140352 0.0389884 0.167495
120 0.013302 0.0400417 0.175222
121 0.0124902 0.041035 0.183404
122 0.0116046 0.0419629 0.191814
123 0.01065 0.0428201 0.20024
124 0.00963208 0.0436015 0.20846
125 0.00855639 0.0443027 0.216271
126 0.00742991 0.0449189 0.223477
127 0.00626 0.0454464 0.229906
128 0.00505339 0.0458821 0.235412
129 0.00381698 0.0462237 0.239915
130 0.00255782 0.0464692 0.243283
131 0.00128307 0.0466172 0.245603
132 0.0145568 0.0218836 0.266927
133 0.0151382 0.0230277 0.221427
134 0.0156296 0.0242127 0.19396
135 0.0160284 0.0254319 0.175531
136 0.0163323 0.0266782 0.162445
137 0.0165395 0.0279447 0.153251
138 0.0166486 0.0292241 0.147193
139 0.0166589 0.0305081 0.143695
140 0.0165704 0.0317883 0.142373
141 0.0163838 0.0330576 0.142995
142 0.0161001 0.0343085 0.145318
143 0.015721 0.0355341 0.149129
144 0.0152486 0.0367273 0.154224
145 0 0.0453922 0.281502
146 0 0.0441176 0.312359
147 0 0.0428431 0.342321
148 0 0.0415686 0.37096
149 0 0.0402941 0.398248
150 0 0.0390196 0.424251
151 0 0.0377451 0.449035
152 0 0.0364706 0.472663
153 0 0.0351961 0.495201
154 0 0.0339216 0.516715
155 0 0.0326471 0.537272
156 0 0.0313725 0.556938
157 0 0.030098 0.575775
158 0 0.0288235 0.593833
159 0 0.027549 0.611023
160 0 0.0262745 0.627411
161 0.00518369 0.00979986 0.737052
162 0.0148316 0.0178894 0.377063
163 0.00433251 0.0105692 0.74381
164 0.01262 0.00240025 0.60516
165 0.00520758 -0.0232258 0.34432
166 0.00402283 -0.023442 0.347914
167 0.00286469 -0.0236589 0.34866
168 0.00641912 -0.0229938 0.338214
169 0.00154318 -0.0237961 0.350081
170 0.00749583 -0.0226452 0.334799
171 0.0085765 -0.0222779 0.329544
172 0.00970525 -0.0218021 0.324233
173 0.0107357 -0.0213113 0.318671
174 0.00102635 -0.0218747 0.410931
175 0.0117646 -0.0207474 0.312874
176 0.00110163 -0.020701 0.444687
177 0.012783 -0.0201472 0.305898
178 0.00110581 -0.0194681 0.478469
179 0.0137415 -0.0195087 0.29905
180 0.00107089 -0.0181989 0.51136
181 0.0146821 -0.0188032 0.292122
182 0.00107089 -0.0169624 0.541373
183 0.0155882 -0.0180642 0.284694
184 0.00107089 -0.0157258 0.569519
185 0.0164535 -0.0172653 0.277646
186 0.00107089 -0.0144892 0.595811
187 0.0172879 -0.0164409 0.269908
188 0.00107089 -0.0132527 0.620263
189 0.0180623 -0.0155966 0.26241
190 0.00107089 -0.0120161 0.642896
191 0.0188453 -0.0146545 0.254466
192 0.00107089 -0.0107796 0.663727
193 0.0195106 -0.0137398 0.248007
194 0.00107089 -0.00954301 0.682778
195 0.0201533 -0.0127955 0.240955
196 0.00107089 -0.00830645 0.70007
197 0.0207764 -0.0117409 0.234456
198 0.00107089 -0.00706989 0.715627
199 0.0213138 -0.0107299 0.228556
200 0.00107089 -0.00583333 0.729474
201 0.0218105 -0.00966643 0.223091
202 0.00107089 -0.00459677 0.741637
203 0.0222656 -0.0085773 0.217695
204 0.00107089 -0.00336022 0.752145
205 0.0226556 -0.0074932 0.213045
206 0.00107089 -0.00212366 0.761029
207 0.0229912 -0.00636304 0.209292
208 0.00107089 -0.000887097 0.768323
209 0.0232745 -0.00522503 0.205971
210 0.00107089 0.000349462 0.774063
211 0.0235032 -0.00406118 0.203325
212 0.00107089 0.00158602 0.778286
213 0.023682 -0.00289592 0.201013
214 0.00107089 0.00282258 0.781036
215 0.0237992 -0.00175481 0.199533
216 0.00107089 0.00405914 0.782355
217 0.0238671 -0.000531773 0.198595
218 0.00107089 0.0052957 0.782292
219 0.0238605 0.000604751 0.199087
220 0.00107089 0.00653226 0.780898
221 0.0238082 0.00174052 0.199922
222 0.00107089 0.00776882 0.778228
223 0.0236806 0.00295878 0.202146
224 0.00107089 0.00900538 0.774341
225 0.0235072 0.00409122 0.20489
226 0.00108511 0.0102416 0.769244
227 0.0232699 0.0052397 0.208639
228 0.00106472 0.0114586 0.763283
229 0.0229903 0.00638435 0.212468
230 0.000894676 0.0125076 0.757846
231 0.0226575 0.00748701 0.217199
232 0.0222552 0.00859194 0.223169
233 0.00211951 0.0122902 0.75364
234 0.0218112 0.00967343 0.229404
235 0.00345189 0.0126318 0.741021
236 0.0212976 0.0107331 0.23712
237 0.00471012 0.0129499 0.724594
238 0.0207511 0.0117709 0.244771
239 0.00593708 0.0133268 0.703691
240 0.0201681 0.0127574 0.253081
241 0.00716384 0.0138157 0.677296
242 0.0194938 0.01378 0.262922
243 0.00836197 0.0143969 0.645842
244 0.0187994 0.0146845 0.274298
245 0.00952408 0.015079 0.609211
246 0.0180317 0.0155751 0.287853
247 0.0106349 0.0158429 0.567789
248 0.0172363 0.0164318 0.302593
249 0.0117096 0.0166979 0.520743
250 0.016458 0.0172728 0.317084
251 0.0127844 0.0176973 0.465279
252 0.0157518 0.018094 0.330179
253 0.0138799 0.019033 0.39511
254 0.000899219 -0.0228563 0.381489
255 0.0150161 0.0189135 0.349768
256 0.00552357 -0.0220661 0.37652
257 0.00434576 -0.0222212 0.382953
258 0.00316626 -0.0223825 0.386607
259 0.00201633 -0.0226604 0.383951
260 0.00660994 -0.0217691 0.372843
261 0.00767109 -0.0214351 0.368261
262 0.00872668 -0.0210419 0.363183
263 0.00975306 -0.0205811 0.358254
264 0.0107326 -0.0200726 0.353307
265 0.00219945 -0.0214442 0.41957
266 0.0117058 -0.0195263 0.347347
267 0.00224529 -0.0201585 0.455766
268 0.0126617 -0.0189278 0.34095
269 0.00218211 -0.0188674 0.490467
270 0.0135669 -0.0182785 0.334911
271 0.00214642 -0.0175806 0.522874
272 0.0144503 -0.0175923 0.328233
273 0.00214642 -0.0163441 0.551948
274 0.0153003 -0.0168501 0.32169
275 0.00214642 -0.0151075 0.579153
276 0.0160986 -0.0160914 0.314978
277 0.00214642 -0.013871 0.604505
278 0.0168711 -0.0152864 0.308072
279 0.00214642 -0.0126344 0.628024
280 0.0176192 -0.0144397 0.300803
281 0.00214642 -0.0113978 0.64973
282 0.0182957 -0.0135597 0.294597
283 0.00214642 -0.0101613 0.669642
284 0.0189268 -0.0126509 0.288614
285 0.00214642 -0.00892473 0.687781
286 0.0195334 -0.0117081 0.282212
287 0.00214642 -0.00768817 0.70417
288 0.0200904 -0.010729 0.276325
289 0.00214642 -0.00645161 0.718831
290 0.02059 -0.00973696 0.270988
291 0.00214642 -0.00521505 0.731791
292 0.021043 -0.00872222 0.265974
293 0.00214642 -0.00397849 0.743077
294 0.0214462 -0.00766865 0.261612
295 0.00214642 -0.00274194 0.752719
296 0.0217864 -0.00660561 0.258145
297 0.00214642 -0.00150538 0.760748
298 0.0220822 -0.00552754 0.254911
299 0.00214642 -0.000268817 0.767198
300 0.0223332 -0.00442337 0.252005
301 0.00214642 0.000967742 0.772108
302 0.0225249 -0.00332098 0.249873
303 0.00214642 0.0022043 0.775515
304 0.02266 -0.00221611 0.248488
305 0.00214642 0.00344086 0.777464
306 0.0227494 -0.00109106 0.247456
307 0.00214642 0.00467742 0.778
308 0.0227714 2.75247e-05 0.247635
309 0.00214642 0.00591398 0.777171
310 0.0227445 0.00113326 0.248298
311 0.00214642 0.00715054 0.77503
312 0.0226634 0.00224612 0.249678
313 0.00214642 0.0083871 0.771633
314 0.0225252 0.00336335 0.251858
315 0.00214642 0.00962366 0.767052
316 0.0223281 0.00446117 0.255024
317 0.00217265 0.0108841 0.761066
318 0.0220837 0.00553375 0.258759
319 0.0217884 0.00662231 0.262933
320 0.0214294 0.00767731 0.26847
321 0.0210285 0.00872151 0.27427
322 0.0205648 0.00974986 0.281278
323 0.00447034 0.0117464 0.735504
324 0.0200709 0.0107338 0.288555
325 0.00572356 0.0120978 0.715957
326 0.0195251 0.0117069 0.296647
327 0.00699397 0.0125341 0.690842
328 0.0189277 0.0126647 0.305678
329 0.00825282 0.0130914 0.6601
330 0.018275 0.0135783 0.316423
331 0.00950541 0.0137615 0.623155
332 0.0175794 0.0144494 0.32868
333 0.0107011 0.014531 0.581088
334 0.0168054 0.0152807 0.344318
335 0.0118649 0.0153862 0.53308
336 0.0159532 0.0161031 0.363528
337 0.0129981 0.016308 0.478963
338 0.015268 0.0169282 0.376468
339 0.0139379 0.0172824 0.425623
340 0.00475624 -0.0212045 0.409181
341 0.00574021 -0.020844 0.409708
342 0.00352874 -0.0209844 0.425456
343 0.00678989 -0.0205477 0.405538
344 0.00781228 -0.0202538 0.399489
345 0.00882716 -0.0198275 0.39508
346 0.00975102 -0.0193463 0.391652
347 0.0106859 -0.0188553 0.386321
348 0.0116067 -0.0183076 0.380744
349 0.0033321 -0.0195384 0.466554
350 0.0124701 -0.0176986 0.375994
351 0.00321372 -0.0182362 0.500979
352 0.0133225 -0.0170703 0.370052
353 0.00322196 -0.0169624 0.531885
354 0.0141562 -0.0164025 0.363588
355 0.00322196 -0.0157258 0.560011
356 0.0149497 -0.0156707 0.357718
357 0.00322196 -0.0144892 0.586253
358 0.0156889 -0.0149137 0.352055
359 0.00322196 -0.0132527 0.610652
360 0.0164227 -0.0141675 0.344546
361 0.00322196 -0.0120161 0.633226
362 0.0171124 -0.0133249 0.338451
363 0.00322196 -0.0107796 0.653992
364 0.0177153 -0.0124701 0.33366
365 0.00322196 -0.00954301 0.67297
366 0.0183172 -0.0116134 0.327226
367 0.00322196 -0.00830645 0.69018
368 0.0188943 -0.0106901 0.320986
369 0.00322196 -0.00706989 0.705645
370 0.019353 -0.00974127 0.317691
371 0.00322196 -0.00583333 0.71939
372 0.0198245 -0.00880403 0.312135
373 0.00322196 -0.00459677 0.731439
374 0.0202636 -0.00781312 0.306803
375 0.00322196 -0.00336022 0.741821
376 0.0205658 -0.00679153 0.30547
377 0.00322196 -0.00212366 0.750566
378 0.0208573 -0.00577061 0.302957
379 0.00322196 -0.000887097 0.757707
380 0.0211623 -0.00475351 0.298296
381 0.00322196 0.000349462 0.763278
382 0.0213717 -0.00367393 0.296303
383 0.00322196 0.00158602 0.767317
384 0.0214897 -0.00262483 0.296328
385 0.00322196 0.00282258 0.769866
386 0.0216358 -0.001584 0.293648
387 0.00322196 0.00405914 0.770968
388 0.0216826 -0.000497357 0.293661
389 0.00322196 0.0052957 0.770671
390 0.0216572 0.000547143 0.295149
391 0.00322196 0.00653226 0.769022
392 0.0216298 0.00159479 0.295246
393 0.00322196 0.00776882 0.766075
394 0.0215431 0.00267984 0.296251
395 0.00324062 0.00895284 0.761937
396 0.0213438 0.00371544 0.30063
397 0.00326955 0.0101364 0.756642
398 0.0211453 0.00475257 0.303507
399 0.0208893 0.00579282 0.307282
400 0.0205573 0.00679655 0.313002
401 0.0202007 0.00779468 0.318356
402 0.0198032 0.00878468 0.324039
403 0.0193334 0.00975485 0.331483
404 0.00550924 0.0108736 0.726837
405 0.0188252 0.0106832 0.339675
406 0.00673817 0.0111934 0.704983
407 0.018324 0.0116015 0.346528
408 0.00809701 0.0117434 0.674386
409 0.0177185 0.0125078 0.3566
410 0.0094317 0.0123894 0.637817
411 0.0170644 0.0133325 0.36902
412 0.0107293 0.0131579 0.595135
413 0.0163921 0.0141616 0.381509
414 0.0119616 0.0140194 0.547217
415 0.0155284 0.0149695 0.401875
416 0.0131697 0.0149708 0.492675
417 0.014475 0.0158315 0.429311
418 0.00466392 -0.0199518 0.445236
419 0.00593653 -0.0196088 0.44151
420 0.00695649 -0.019344 0.435988
421 0.00798291 -0.0192093 0.424848
422 0.00877437 -0.0185986 0.428065
423 0.00967959 -0.0181512 0.423417
424 0.0105805 -0.017654 0.418252
425 0.0114097 -0.0170846 0.414484
426 0.00417463 -0.0188169 0.479228
427 0.0122347 -0.0164939 0.409541
428 0.00435211 -0.0176865 0.506209
429 0.0130328 -0.0158641 0.404334
430 0.00435812 -0.0164015 0.536475
431 0.013813 -0.0152256 0.398036
432 0.00429749 -0.0151075 0.565426
433 0.0145635 -0.0145067 0.392466
434 0.00429749 -0.013871 0.590699
435 0.0152303 -0.013716 0.388929
436 0.00429749 -0.0126344 0.614137
437 0.016067 -0.0131607 0.374197
438 0.00429749 -0.0113978 0.635754
439 0.0165037 -0.0122557 0.376623
440 0.00429749 -0.0101613 0.655566
441 0.017105 -0.0114016 0.371325
442 0.00429749 -0.00892473 0.673592
443 0.0178152 -0.0106797 0.358637
444 0.00429749 -0.00768817 0.689854
445 0.0181214 -0.00972107 0.361817
446 0.00429749 -0.00645161 0.704374
447 0.0185794 -0.0087804 0.357896
448 0.00429749 -0.00521505 0.717176
449 0.0191846 -0.00796929 0.34548
450 0.00429749 -0.00397849 0.728286
451 0.0193591 -0.00697618 0.349581
452 0.00429749 -0.00274194 0.737733
453 0.0196312 -0.00595662 0.34879
454 0.00429749 -0.00150538 0.745547
455 0.0198967 -0.00492515 0.346762
456 0.00429749 -0.000268817 0.751761
457 0.0203758 -0.00402684 0.333995
458 0.00429749 0.000967742 0.756411
459 0.0203297 -0.00300511 0.341235
460 0.00429749 0.0022043 0.759536
461 0.0204195 -0.00193129 0.341843
462 0.00429749 0.00344086 0.761176
463 0.0207497 -0.000986242 0.330983
464 0.00429749 0.00467742 0.761379
465 0.0205564 -2.24354e-06 0.339999
466 0.00429749 0.00591398 0.760194
467 0.0205304 0.00104189 0.340913
468 0.00429749 0.00715054 0.757672
469 0.0206709 0.00204287 0.333699
470 0.00431873 0.00830107 0.753933
471 0.0203448 0.00299789 0.34425
472 0.00437671 0.00935654 0.7491
473 0.0201804 0.00399289 0.346802
474 0.0199672 0.00500007 0.349906
475 0.0196638 0.00595974 0.355593
476 0.0193372 0.00692301 0.360896
477 0.018955 0.0078709 0.367258
478 0.0185785 0.00879175 0.372455
479 0.018104 0.00971801 0.380249
480 0.00641052 0.00976782 0.719114
481 0.0175464 0.0105932 0.390766
482 0.00786273 0.0103579 0.688937
483 0.0172564 0.0115454 0.388959
484 0.00930656 0.0109704 0.652539
485 0.0165186 0.0122356 0.407373
486 0.0106943 0.0116939 0.610397
487 0.0158573 0.0130408 0.420577
488 0.0119777 0.0125715 0.563452
489 0.015337 0.0138902 0.427251
490 0.0131976 0.0134803 0.512079
491 0.0143499 0.014362 0.457788
492 0.00527244 -0.0186515 0.473616
493 0.00757672 -0.0180966 0.459381
494 0.00867165 -0.017376 0.459843
495 0.0096418 -0.0171111 0.449085
496 0.0103568 -0.0164338 0.451175
497 0.0111635 -0.0158985 0.446532
498 0.0119627 -0.0153026 0.441734
499 0.00552178 -0.0171707 0.507599
500 0.0126871 -0.0146279 0.438649
501 0.00543872 -0.0157201 0.541456
502 0.0135754 -0.0141667 0.425468
503 0.00541313 -0.0144676 0.568173
504 0.0141333 -0.0133096 0.427119
505 0.00537302 -0.0132527 0.592452
506 0.0151226 -0.0123723 0.416302
507 0.00537302 -0.0120161 0.614914
508 0.00537302 -0.0107796 0.635564
509 0.0158936 -0.0111873 0.412772
510 0.00537302 -0.00954301 0.654404
511 0.0167358 -0.0100263 0.403783
512 0.00537302 -0.00830645 0.671458
513 0.00537302 -0.00706989 0.686748
514 0.017342 -0.00874823 0.400739
515 0.00537302 -0.00583333 0.700296
516 0.0180442 -0.00747837 0.391585
517 0.00537302 -0.00459677 0.712127
518 0.00537302 -0.00336022 0.722266
519 0.0184024 -0.00622058 0.391253
520 0.00537302 -0.00212366 0.730743
521 0.0187424 -0.00505048 0.388673
522 0.00537302 -0.000887097 0.737587
523 0.0191884 -0.00375921 0.380926
524 0.00537302 0.000349462 0.742832
525 0.00537302 0.00158602 0.746514
526 0.0192533 -0.00233786 0.385181
527 0.00537302 0.00282258 0.748672
528 0.0195347 -0.000921299 0.378746
529 0.00537302 0.00405914 0.749349
530 0.00537302 0.0052957 0.748593
531 0.0194298 0.000492183 0.384093
532 0.00537302 0.00653226 0.746457
533 0.0194172 0.00192456 0.383447
534 0.00540154 0.00771855 0.742778
535 0.0191565 0.00324084 0.389843
536 0.0191779 0.00425666 0.384712
537 0.0187352 0.00514075 0.396957
538 0.0184645 0.0060731 0.401151
539 0.0181189 0.00700906 0.407
540 0.0176803 0.00789239 0.415682
541 0.0175 0.00884519 0.412946
542 0.0168116 0.00962441 0.430162
543 0.0077111 0.00900271 0.699675
544 0.0162224 0.0108464 0.437426
545 0.00906595 0.00956797 0.667935
546 0.0106563 0.0101239 0.624742
547 0.0154125 0.0119073 0.453371
548 0.0120322 0.0110467 0.577401
549 0.0145072 0.0129273 0.472747
550 0.0132391 0.012054 0.528235
551 0.00632705 -0.0183258 0.470175
552 0.0054283 0.0088687 0.738056
553 0.00773719 -0.0167248 0.489782
554 0.00901573 -0.0160371 0.484942
555 0.0100635 -0.0152061 0.483666
556 0.0109948 -0.0148336 0.472553
557 0.0116541 -0.0140546 0.474023
558 0.00653024 -0.0161811 0.518654
559 0.0127496 -0.0132626 0.463595
560 0.00659584 -0.0149709 0.544048
561 0.00649632 -0.0138255 0.568464
562 0.013672 -0.0121202 0.460415
563 0.00644516 -0.0126125 0.591913
564 0.0145213 -0.0110497 0.454823
565 0.00647278 -0.011416 0.612358
566 0.00644855 -0.0101613 0.632629
567 0.0152957 -0.00994493 0.448987
568 0.00644855 -0.00892473 0.650472
569 0.0160014 -0.0088121 0.442814
570 0.00644855 -0.00768817 0.666532
571 0.00644855 -0.00645161 0.680826
572 0.0166128 -0.00763434 0.43746
573 0.00644855 -0.00521505 0.693375
574 0.0171398 -0.00648591 0.431993
575 0.00644855 -0.00397849 0.704203
576 0.00644855 -0.00274194 0.713335
577 0.0175278 -0.00533223 0.428987
578 0.00644855 -0.00150538 0.720802
579 0.0178142 -0.00414138 0.42774
580 0.00644855 -0.000268817 0.726634
581 0.0180412 -0.00287496 0.426835
582 0.00644855 0.000967742 0.730863
583 0.00644855 0.0022043 0.733526
584 0.018199 -0.00154564 0.426354
585 0.00644855 0.00344086 0.734659
586 0.0182438 -0.000207923 0.427539
587 0.00644855 0.00467742 0.734298
588 0.00644855 0.00591398 0.732522
589 0.0182121 0.00113876 0.429166
590 0.00644644 0.00712091 0.7295
591 0.018097 0.00250998 0.431421
592 0.0179795 0.00397373 0.431053
593 0.0174947 0.00522614 0.44239
594 0.0174063 0.00623143 0.439169
595 0.0168344 0.00706589 0.453718
596 0.0163474 0.00825094 0.461105
597 0.0155899 0.00952931 0.475296
598 0.00882027 0.00818115 0.681018
599 0.014916 0.0107126 0.485999
600 0.00999904 0.00869702 0.650982
601 0.0121991 0.00943192 0.58663
602 0.0143137 0.0116455 0.495997
603 0.0134535 0.0105284 0.537666
604 0.00651025 0.00836738 0.723988
605 0.0076169 0.00765431 0.707557
606 0.00778968 -0.0154579 0.517216
607 0.00895571 -0.0145835 0.516799
608 0.010224 -0.013772 0.509603
609 0.0113591 -0.0128373 0.503396
610 0.0123112 -0.011865 0.498604
611 0.00742369 -0.0131714 0.568355
612 0.0131886 -0.0108546 0.493271
613 0.00759776 -0.0120942 0.585356
614 0.0139805 -0.00984688 0.487363
615 0.00756555 -0.0108459 0.606614
616 0.00752409 -0.00954301 0.626913
617 0.0146735 -0.00876719 0.482595
618 0.00752409 -0.00830645 0.643744
619 0.0152859 -0.00763901 0.478256
620 0.00752409 -0.00706989 0.658791
621 0.00752409 -0.00583333 0.672063
622 0.015823 -0.00649574 0.47391
623 0.00752409 -0.00459677 0.683582
624 0.0164459 -0.00561059 0.46225
625 0.00752409 -0.00336022 0.693369
626 0.00752409 -0.00212366 0.701455
627 0.0165342 -0.0045428 0.467799
628 0.00752409 -0.000887097 0.70787
629 0.016782 -0.00332439 0.467375
630 0.00752409 0.000349462 0.712643
631 0.0169737 -0.00207588 0.466846
632 0.00752409 0.00158602 0.715807
633 0.00752409 0.00282258 0.717399
634 0.0170942 -0.000838986 0.466574
635 0.00753968 0.00406993 0.71716
636 0.0170961 0.000438707 0.468359
637 0.00749387 0.00525845 0.716549
638 0.00750543 0.00645135 0.71365
639 0.0169881 0.00171648 0.471838
640 0.0168344 0.00304988 0.474721
641 0.0165657 0.00438089 0.479363
642 0.0162374 0.00581818 0.48335
643 0.0154778 0.00709893 0.500668
644 0.014701 0.00832923 0.517098
645 0.0144533 0.00965643 0.512982
646 0.0098606 0.00728683 0.661757
647 0.0135474 0.00919365 0.546896
648 0.00782895 -0.0141923 0.542788
649 0.00871424 0.00683585 0.689002
650 0.0118687 0.00797784 0.606437
651 0.00872514 -0.0130517 0.550539
652 0.00998058 -0.0123202 0.540902
653 0.0109821 -0.0114989 0.534473
654 0.0119147 -0.0105445 0.528836
655 0.0126881 -0.00963698 0.52358
656 0.00871566 -0.011598 0.576136
657 0.0133926 -0.00867474 0.518539
658 0.00860972 -0.0102515 0.599284
659 0.00856932 -0.00897467 0.618239
660 0.0139949 -0.00763637 0.514936
661 0.00859473 -0.00773954 0.633666
662 0.0145754 -0.00647533 0.511017
663 0.00862359 -0.0064846 0.647449
664 0.00864084 -0.00524026 0.659484
665 0.0152641 -0.00519206 0.502479
666 0.00859962 -0.00397849 0.670887
667 0.00859962 -0.00274194 0.679595
668 0.00859962 -0.00150538 0.686593
669 0.0155297 -0.00380052 0.504335
670 0.00859962 -0.000268817 0.691911
671 0.0157649 -0.00257001 0.503806
672 0.00859962 0.000967742 0.695577
673 0.015905 -0.00136258 0.50415
674 0.00859962 0.0022043 0.697624
675 0.0086399 0.00349172 0.697292
676 0.0159844 -0.000191444 0.504457
677 0.0086458 0.00475616 0.695919
678 0.0159431 0.00100386 0.506917
679 0.0157746 0.00219801 0.511739
680 0.015555 0.00346675 0.5163
681 0.0152426 0.00476992 0.521839
682 0.014763 0.00602614 0.531078
683 0.0140306 0.00710436 0.547755
684 0.00843328 0.00581159 0.697799
685 0.00973039 0.00577206 0.670753
686 0.00974962 -0.010941 0.568215
687 0.0106502 -0.0102206 0.56135
688 0.0114617 -0.00933923 0.556438
689 0.0121261 -0.00849522 0.552255
690 0.0127602 -0.0075557 0.548042
691 0.00957956 -0.00963904 0.590949
692 0.00961874 -0.00842506 0.606646
693 0.0132606 -0.00650142 0.546571
694 0.00971348 -0.0072101 0.619537
695 0.0138218 -0.00534894 0.542299
696 0.00975462 -0.00592726 0.632338
697 0.00977623 -0.00463211 0.643654
698 0.0142983 -0.00418167 0.538055
699 0.00967515 -0.00336022 0.655268
700 0.00967515 -0.00212366 0.66285
701 0.00967515 -0.000887097 0.668726
702 0.014587 -0.00297574 0.537233
703 0.00967515 0.000349462 0.672898
704 0.0147424 -0.00184281 0.538055
705 0.00967515 0.00158602 0.675399
706 0.0148415 -0.000723895 0.538805
707 0.00969899 0.00286629 0.675782
708 0.0097985 0.0042405 0.672644
709 0.0149008 0.000341595 0.539081
710 0.0148398 0.00151829 0.541597
711 0.0146044 0.00268274 0.547866
712 0.0143487 0.00384872 0.553152
713 0.0139129 0.00498441 0.562526
714 0.0133697 0.00600106 0.574264
715 0.0111819 0.00666133 0.63227
716 0.0125917 0.0069935 0.591868
717 0.0111745 0.00499436 0.63859
718 0.0104287 -0.00913533 0.581227
719 0.0108366 -0.00810684 0.586182
720 0.0119752 -0.0064962 0.578573
721 0.0124521 -0.00544953 0.577016
722 0.010756 -0.00673231 0.603588
723 0.0130045 -0.00426809 0.57252
724 0.0110216 -0.00536863 0.61131
725 0.0109025 -0.00390337 0.625754
726 0.0135055 -0.00333933 0.56539
727 0.0107993 -0.00268717 0.635952
728 0.0106878 -0.00146603 0.644703
729 0.0107686 -0.000264861 0.647451
730 0.0135283 -0.0023 0.57057
731 0.0107574 0.000959036 0.650659
732 0.0137022 -0.00117882 0.570383
733 0.0106923 0.00218317 0.653438
734 0.0137205 -8.74686e-05 0.572886
735 0.0108442 0.00349575 0.649473
736 0.0140015 0.000900348 0.566226
737 0.0137166 0.00191494 0.574825
738 0.0133727 0.00309296 0.583598
739 0.0132813 0.00411637 0.583948
740 0.0126223 0.00494761 0.600197
741 0.0116817 -0.0075034 0.574427
742 0.0121945 0.00369879 0.615124
743 0.0119104 -0.00440987 0.598643
744 0.0121969 -0.00301918 0.601457
745 0.0117282 -0.000890253 0.62284
746 0.0117912 0.000319967 0.624797
747 0.0126383 -0.00166318 0.597023
748 0.0117498 0.0015587 0.627609
749 0.0116137 -0.00196772 0.620987
750 0.0127407 -0.000421616 0.598731
751 0.0116189 0.00271457 0.630933
752 0.0121756 0.00591245 0.608783
753 0.0130889 0.0081067 0.56997
754 0.0129335 0.000907179 0.596294
755 0.00673829 -0.0172938 0.490177
756 0.0108006 0.00787755 0.635594
757 0.00329904 0.0114499 0.749588
758 0.0111118 0.00888606 0.621186
759 0.00548629 0.0188769 0.661207
760 0.00439362 0.0185347 0.681381
761 0.00478525 0.0199317 0.662006
762 0.00324146 0.0177231 0.702632
763 0.0093292 0.017587 0.586904
764 0.00833851 0.0169099 0.621203
765 0.00733527 0.0163153 0.650797
766 0.0102569 0.0184281 0.548016
767 0.00628221 0.015808 0.676798
768 0.011158 0.01912 0.507006
769 0.00520657 0.0153552 0.69886
770 0.0117739 0.0203814 0.465402
771 0.00404024 0.0150486 0.717069
772 0.00287392 0.0148476 0.730423
773 0.00157946 0.0145939 0.741011
774 0.010693 0.0212261 0.496473
775 0.00965946 0.0218945 0.524785
776 0.00858093 0.0223262 0.553038
777 0.00106476 0.0166091 0.727145
778 0.00749017 0.0227199 0.577518
779 0.00112263 0.0178704 0.715814
780 0.00635937 0.0230435 0.599318
781 0.00112263 0.0191667 0.703614
782 0.00523892 0.0233348 0.616892
783 0.00112263 0.020463 0.690636
784 0.00409228 0.0235712 0.6313
785 0.00111255 0.0216996 0.67764
786 0.002878 0.0236799 0.64363
787 0.00102245 0.0227861 0.666027
788 0.000951016 0.0155526 0.736242
789 0.00816716 0.0181244 0.612561
790 0.00913654 0.0188947 0.577396
791 0.00736776 0.0174029 0.639048
792 0.00634775 0.017046 0.663887
793 0.0102406 0.0198754 0.530633
794 0.00532567 0.0165763 0.686193
795 0.00440202 0.0160996 0.703678
796 0.00327976 0.0162012 0.715801
797 0.00209228 0.0158217 0.728448
798 0.00868836 0.0211523 0.563787
799 0.00766959 0.0215291 0.586825
800 0.00218355 0.0171181 0.716889
801 0.00659204 0.0218776 0.607759
802 0.00222452 0.0184792 0.704168
803 0.00551126 0.0221334 0.625863
804 0.00222904 0.0198148 0.691063
805 0.0044407 0.0223953 0.63997
806 0.00226362 0.0210754 0.677727
807 0.003409 0.0226998 0.649365
808 0.00227509 0.022439 0.662834
809 0.00964354 0.0208234 0.53832
810 0.00780991 0.0192339 0.609378
811 0.00161269 0.0237516 0.652196
812 0.00887777 0.0200072 0.571877
813 0.00673519 0.0184297 0.642551
814 0.00544498 0.0177855 0.672916
815 0.00423084 0.0172706 0.695547
816 0.00773169 0.0203502 0.598799
817 0.00681034 0.0208728 0.614282
818 0.00575232 0.020941 0.634709
819 0.00340513 0.0191735 0.687102
820 0.00456726 0.0212226 0.651221
821 0.0034447 0.0204491 0.673658
822 0.00338869 0.0215752 0.66219
823 0.00643945 0.0197907 0.634345
824 0.00798902 0.0319545 0.450221
825 0.00323493 0.0422704 0.339981
826 0.0105663 0.0296945 0.403822
827 0.00871853 0.0306241 0.449027
828 0.0111936 0.0407089 0.227331
829 0.0119814 0.039813 0.220621
830 0.0126902 0.0388518 0.214644
831 0.010339 0.0415356 0.234335
832 0.0133468 0.0378538 0.20822
833 0.00941704 0.0422834 0.241678
834 0.0139192 0.0367936 0.202925
835 0.00845494 0.0429783 0.248029
836 0.0143879 0.0356971 0.199303
837 0.00742006 0.0435962 0.254434
838 0.0147927 0.0345849 0.195855
839 0.00634757 0.0441187 0.260452
840 0.0151066 0.0334317 0.194055
841 0.0052791 0.044579 0.264699
842 0.0153242 0.0322576 0.194158
843 0.0041001 0.0449058 0.270316
844 0.0154342 0.0310685 0.196925
845 0.00291222 0.0451322 0.275036
846 0.015475 0.0298665 0.200943
847 0.00160534 0.0453937 0.276
848 0.0153954 0.0286614 0.208946
849 0.0152011 0.0274434 0.221443
850 0.0149814 0.0262652 0.234735
851 0.0147022 0.0251303 0.25171
852 0.00106127 0.0434239 0.326001
853 0.0142507 0.0239645 0.281435
854 0.00110376 0.0422059 0.353811
855 0.0136889 0.0228003 0.3246
856 0.00110376 0.0409314 0.381721
857 0.00110376 0.0396569 0.408313
858 0.00110376 0.0383824 0.433655
859 0.00110376 0.0371078 0.457809
860 0.0116599 0.0232938 0.430837
861 0.00110376 0.0358333 0.480837
862 0.0105416 0.0238186 0.470309
863 0.00110376 0.0345588 0.502808
864 0.0093695 0.0242951 0.505716
865 0.00110376 0.0332843 0.523788
866 0.00818111 0.0247289 0.535954
867 0.00110376 0.0320098 0.543846
868 0.0069333 0.0251074 0.562598
869 0.00110376 0.0307353 0.56305
870 0.00570404 0.0254067 0.584178
871 0.00110376 0.0294608 0.581463
872 0.00442815 0.0257062 0.601224
873 0.00118115 0.0281301 0.599475
874 0.0031374 0.0259488 0.613777
875 0.00110376 0.0269118 0.61589
876 0.00191506 0.0259688 0.623582
877 0.000871403 0.0258393 0.630339
878 0.000987264 0.0444488 0.301685
879 0.0125552 0.0227241 0.395199
880 0.0108026 0.0395461 0.259237
881 0.0100091 0.0403708 0.265174
882 0.0114499 0.0386646 0.255925
883 0.0120797 0.037751 0.251308
884 0.00917381 0.0410591 0.272149
885 0.0126515 0.0367912 0.246909
886 0.00829657 0.0417281 0.277858
887 0.0131368 0.0357887 0.24377
888 0.00736562 0.0423516 0.282907
889 0.0135533 0.0347633 0.241233
890 0.00638223 0.0428881 0.287981
891 0.0139157 0.0337505 0.238553
892 0.00535012 0.0433411 0.292801
893 0.0141707 0.0326282 0.239128
894 0.00444734 0.043851 0.291865
895 0.0142868 0.0315516 0.243308
896 0.00330522 0.0437662 0.30514
897 0.014337 0.03043 0.249169
898 0.00212492 0.0441737 0.303473
899 0.0142948 0.0292901 0.258003
900 0.0141525 0.0281306 0.270795
901 0.0139365 0.0269692 0.28703
902 0.013725 0.0258629 0.303374
903 0.0136051 0.0248365 0.315436
904 0.00219168 0.0429259 0.332499
905 0.0128544 0.0239204 0.365172
906 0.00218373 0.0415958 0.362351
907 0.00219898 0.0402941 0.390002
908 0.00219898 0.0390196 0.415869
909 0.00219898 0.0377451 0.44051
910 0.00219898 0.0364706 0.46399
911 0.0116055 0.0245437 0.418917
912 0.00219898 0.0351961 0.486375
913 0.0103662 0.025067 0.462485
914 0.00219898 0.0339216 0.507736
915 0.00914923 0.0255362 0.498169
916 0.00219898 0.0326471 0.528137
917 0.0078799 0.0259675 0.529238
918 0.00219898 0.0313725 0.547647
919 0.00657667 0.0263165 0.555781
920 0.00220187 0.0300805 0.566578
921 0.00527577 0.0266364 0.576559
922 0.00228706 0.0287525 0.584632
923 0.00392432 0.0269546 0.592301
924 0.00243626 0.0272888 0.603215
925 0.00973885 0.0393302 0.291064
926 0.0101911 0.0384384 0.295118
927 0.00888602 0.0398699 0.30173
928 0.0108537 0.0376086 0.29043
929 0.0114388 0.0367107 0.28685
930 0.00807831 0.0405079 0.307022
931 0.0119189 0.0358129 0.284589
932 0.00725304 0.0411482 0.310252
933 0.0123441 0.0348432 0.28319
934 0.00632535 0.0417249 0.314171
935 0.0126924 0.033884 0.282625
936 0.00532708 0.0422033 0.318598
937 0.0131603 0.0329893 0.275093
938 0.00425168 0.0427261 0.320023
939 0.0131362 0.0319686 0.286278
940 0.0132414 0.0309535 0.291327
941 0.013223 0.029869 0.300998
942 0.0131043 0.0287916 0.314462
943 0.0126494 0.0264432 0.35302
944 0.0129098 0.0276019 0.332021
945 0.0125461 0.0252546 0.36795
946 0.00326806 0.0409333 0.368781
947 0.00329419 0.0396569 0.394942
948 0.00329419 0.0383824 0.420027
949 0.00329419 0.0371078 0.443911
950 0.00329419 0.0358333 0.466662
951 0.0114625 0.0258527 0.41103
952 0.00329419 0.0345588 0.488353
953 0.0102299 0.0263941 0.452439
954 0.00329419 0.0332843 0.509055
955 0.0088881 0.0268263 0.490974
956 0.00329419 0.0320098 0.528826
957 0.00753822 0.0272326 0.522503
958 0.00325167 0.0307432 0.548056
959 0.0061836 0.0275428 0.548509
960 0.00329419 0.0294608 0.565937
961 0.00487245 0.0278686 0.567264
962 0.00351067 0.028229 0.58046
963 0.00884916 0.0384602 0.328472
964 0.00960449 0.0373497 0.328736
965 0.00785019 0.0392514 0.335862
966 0.0103808 0.0366426 0.318911
967 0.0106675 0.0357132 0.324749
968 0.00702889 0.0399221 0.338951
969 0.011275 0.0349439 0.316876
970 0.00631843 0.0406743 0.336044
971 0.0114392 0.0339301 0.325034
972 0.0053584 0.0409912 0.344077
973 0.0119239 0.0327093 0.323439
974 0.00430711 0.0415432 0.34551
975 0.0120929 0.0314323 0.331111
976 0.012308 0.0304472 0.332721
977 0.0119607 0.0294795 0.355595
978 0.0120429 0.0283426 0.362804
979 0.011443 0.0272723 0.39767
980 0.0043978 0.040269 0.371289
981 0.00442543 0.0390251 0.39581
982 0.00438941 0.0377451 0.420583
983 0.00438941 0.0364706 0.443651
984 0.00438941 0.0351961 0.465613
985 0.00438941 0.0339216 0.486545
986 0.00992795 0.0276912 0.448311
987 0.00440164 0.0325984 0.507113
988 0.00852413 0.0281613 0.485396
989 0.00439189 0.0312881 0.526835
990 0.00713626 0.028517 0.515863
991 0.00420294 0.0301806 0.545155
992 0.00581889 0.0288704 0.538149
993 0.00455286 0.0291298 0.55511
994 0.0083363 0.0370331 0.364822
995 0.00751853 0.0379713 0.365996
996 0.00932973 0.0359298 0.35861
997 0.00664724 0.0388425 0.366494
998 0.0100972 0.0344617 0.359353
999 0.00565719 0.0396644 0.366899
1000 0.0104634 0.0329988 0.367994
1001 0.0108258 0.0317267 0.371962
1002 0.011222 0.0305658 0.371521
1003 0.0108703 0.0286081 0.40513
1004 0.00548102 0.038383 0.394074
1005 0.00551164 0.0371217 0.416755
1006 0.00556236 0.0358849 0.437494
1007 0.00548463 0.0345588 0.460664
1008 0.00550259 0.0332362 0.48124
1009 0.00949909 0.029208 0.444391
1010 0.00550485 0.0318481 0.502042
1011 0.00804072 0.029466 0.48191
1012 0.00542205 0.0302742 0.526031
1013 0.00673808 0.0298441 0.507135
1014 0.00684651 0.0366688 0.402099
1015 0.00788763 0.0357244 0.396349
1016 0.0063779 0.0377962 0.390418
1017 0.00864521 0.0345576 0.396693
1018 0.00906246 0.0331944 0.405634
1019 0.00944415 0.0318856 0.412695
1020 0.00988351 0.0306343 0.415205
1021 0.00662477 0.0352599 0.429638
1022 0.00655538 0.0339495 0.451723
1023 0.00666546 0.0326028 0.469915
1024 0.00660394 0.0312604 0.4904
1025 0.00759612 0.0306442 0.477101
1026 0.00748714 0.0345951 0.422726
1027 0.00775364 0.0334137 0.434816
