1 1.53081e-18 -0.025 8.88336
2 1.02054e-18 0.0133333 5.09795
3 1.53081e-18 0.025 5.82371
4 1.02054e-18 0.0466667 8.9596
5 0.0146855 0.0378813 9.15478
6 0.0239236 -0.00725686 9.17002
7 0.0138888 0.020787 8.44747
8 0 0.0125817 5.07138
9 0 0.0118301 5.0467
10 0 0.0110784 5.02501
11 0 0.0103268 5.00648
12 0 0.00957516 4.99096
13 0 0.00882353 4.97846
14 0 0.0080719 4.96911
15 0 0.00732026 4.96301
16 0 0.00656863 4.96027
17 0 0.00581699 4.96098
18 0 0.00506536 4.96524
19 0 0.00431373 4.97314
20 0 0.00356209 4.98478
21 0 0.00281046 5.00024
22 0 0.00205882 5.01962
23 0 0.00130719 5.043
24 0 0.000555556 5.07046
25 0 -0.000196078 5.10209
26 0 -0.000947712 5.13795
27 0 -0.00169935 5.17814
28 0 -0.00245098 5.22272
29 0 -0.00320261 5.27177
30 0 -0.00395425 5.32534
31 0 -0.00470588 5.38352
32 0 -0.00545752 5.44636
33 0 -0.00620915 5.51392
34 0 -0.00696078 5.58626
35 0 -0.00771242 5.66345
36 0 -0.00846405 5.74553
37 0 -0.00921569 5.83256
38 0 -0.00996732 5.92459
39 0 -0.010719 6.02168
40 0 -0.0114706 6.12386
41 0 -0.0122222 6.23118
42 0 -0.0129739 6.3437
43 0 -0.0137255 6.46144
44 0 -0.0144771 6.58446
45 0 -0.0152288 6.71279
46 0 -0.0159804 6.84648
47 0 -0.016732 6.98556
48 0 -0.0174837 7.13006
49 0 -0.0182353 7.28003
50 0 -0.0189869 7.4355
51 0 -0.0197386 7.5965
52 0 -0.0204902 7.76308
53 0 -0.0212418 7.93527
54 0 -0.0219935 8.11307
55 0 -0.0227451 8.29675
56 0 -0.0234967 8.48619
57 0 -0.0242484 8.68043
58 0.0241284 -0.0065436 9.1748
59 0.024312 -0.00582474 9.17908
60 0.0244742 -0.00510058 9.1829
61 0.0246147 -0.00437218 9.18625
62 0.0247336 -0.00363967 9.18912
63 0.0248307 -0.00290421 9.19143
64 0.024906 -0.00216594 9.19319
65 0.0249593 -0.00142591 9.19444
66 0.0249906 -0.000684513 9.19516
67 0.0249999 5.75233e-05 9.19537
68 0.0249872 0.000799311 9.195
69 0.0249525 0.00154059 9.19408
70 0.0248958 0.00228026 9.19261
71 0.0248171 0.00301817 9.19062
72 0.0247167 0.0037532 9.18811
73 0.0245944 0.00448515 9.18505
74 0.0244504 0.00521303 9.18147
75 0.024285 0.00593636 9.17733
76 0.0240981 0.00665454 9.17272
77 0.02389 0.00736664 9.16761
78 0.0236608 0.00807247 9.16203
79 0.0234109 0.00877093 9.15592
80 0.0231403 0.00946191 9.14932
81 0.0228493 0.0101444 9.14227
82 0.0225382 0.0108181 9.13476
83 0.0222072 0.0114822 9.12678
84 0.0218567 0.0121361 9.11831
85 0.0214868 0.0127795 9.10936
86 0.0210982 0.0134114 9.09991
87 0.0206908 0.0140317 9.0899
88 0.0202654 0.0146394 9.0793
89 0.019822 0.0152345 9.06801
90 0.0193612 0.0158159 9.05592
91 0.0188832 0.0163836 9.04288
92 0.0183887 0.0169368 9.02851
93 0.017878 0.0174751 9.01235
94 0.0173514 0.017998 8.99367
95 0.0168098 0.0185049 8.97138
96 0.0162531 0.0189957 8.94303
97 0.0156824 0.0194695 8.90271
98 0.0150976 0.0199264 8.82467
99 0.0144997 0.0203657 8.59734
100 0.0134624 0.0201744 8.05387
101 0.0130091 0.0195817 7.74507
102 0.0125296 0.0190097 7.47262
103 0.0120253 0.0184601 7.22154
104 0.0114966 0.0179332 6.98838
105 0.0109452 0.017431 6.77157
106 0.0103714 0.0169535 6.56924
107 0.00977732 0.0165025 6.38093
108 0.00916315 0.0160783 6.20579
109 0.0085309 0.0156821 6.04391
110 0.00788126 0.0153145 5.89486
111 0.0072158 0.0149764 5.75866
112 0.00653619 0.0146685 5.63529
113 0.00584315 0.0143912 5.52472
114 0.00513893 0.0141454 5.42702
115 0.00442387 0.0139312 5.34214
116 0.00370055 0.0137493 5.27013
117 0.00296921 0.0136 5.21093
118 0.00223246 0.0134835 5.16459
119 0.00149069 0.0134001 5.1309
120 0.000746262 0.01335 5.10949
121 0.000742013 -0.024989 8.88643
122 0.0014832 -0.024956 8.88776
123 0.00222326 -0.0249009 8.88936
124 0.0029611 -0.024824 8.8914
125 0.00369658 -0.0247252 8.89393
126 0.00442857 -0.0246046 8.89695
127 0.0051569 -0.0244623 8.90052
128 0.00588054 -0.0242985 8.90455
129 0.0065991 -0.0241133 8.90907
130 0.00731189 -0.0239068 8.91403
131 0.00801805 -0.0236793 8.91948
132 0.00871733 -0.0234309 8.92535
133 0.00940869 -0.023162 8.93165
134 0.010092 -0.0228725 8.93831
135 0.0107662 -0.022563 8.94533
136 0.0114312 -0.0222335 8.9527
137 0.0120859 -0.0218845 8.96038
138 0.0127301 -0.0215162 8.96836
139 0.0133631 -0.0211289 8.97657
140 0.0139841 -0.020723 8.985
141 0.014593 -0.0202989 8.99363
142 0.0151889 -0.0198569 9.00243
143 0.0157715 -0.0193974 9.01138
144 0.0163402 -0.0189209 9.0204
145 0.0168945 -0.0184275 9.02949
146 0.017434 -0.017918 9.03863
147 0.017958 -0.0173928 9.04778
148 0.0184663 -0.0168521 9.05691
149 0.0189582 -0.0162968 9.06595
150 0.0194336 -0.0157269 9.07491
151 0.0198917 -0.0151434 9.08375
152 0.0203324 -0.0145463 9.09245
153 0.020755 -0.0139366 9.10097
154 0.0211595 -0.0133144 9.10926
155 0.0215454 -0.0126806 9.1173
156 0.0219122 -0.0120357 9.12507
157 0.0222597 -0.01138 9.1326
158 0.0225876 -0.0107145 9.13979
159 0.0228957 -0.0100394 9.1466
160 0.0231834 -0.00935564 9.15304
161 0.0234509 -0.00866342 9.1591
162 0.0236977 -0.00796373 9.16479
163 0 0.0242708 5.76217
164 0 0.0235417 5.70371
165 0 0.0228125 5.64726
166 0 0.0220833 5.59269
167 0 0.0213542 5.54
168 0 0.020625 5.48934
169 0 0.0198958 5.44071
170 0 0.0191667 5.39413
171 0 0.0184375 5.34958
172 0 0.0177083 5.30711
173 0 0.0169792 5.26672
174 0 0.01625 5.22854
175 0 0.0155208 5.19257
176 0 0.0147917 5.15861
177 0 0.0140625 5.12567
178 0.0132706 0.021187 8.05152
179 0.012641 0.0215686 7.76758
180 0.0120004 0.0219315 7.52019
181 0.0113494 0.0222753 7.29979
182 0.0106885 0.0225999 7.1031
183 0.0100183 0.0229049 6.9261
184 0.00933952 0.0231899 6.76611
185 0.00865266 0.0234549 6.62136
186 0.00795825 0.0236995 6.4907
187 0.00725686 0.0239236 6.37314
188 0.00654917 0.0241269 6.26818
189 0.0058359 0.0243093 6.17518
190 0.00511759 0.0244706 6.09376
191 0.00439481 0.0246107 6.02363
192 0.00366813 0.0247294 5.96443
193 0.00293827 0.0248267 5.91618
194 0.00220595 0.0249025 5.87848
195 0.00147175 0.0249566 5.85102
196 0.00073624 0.0249892 5.8334
197 0.0143166 0.038533 9.14543
198 0.013919 0.0391672 9.13558
199 0.0134934 0.039783 9.12534
200 0.0130403 0.0403792 9.11474
201 0.0125609 0.0409545 9.1039
202 0.0120563 0.0415075 9.09292
203 0.0115274 0.0420373 9.08189
204 0.0109751 0.0425429 9.07088
205 0.0104006 0.0430233 9.05999
206 0.00980529 0.0434772 9.04934
207 0.00919023 0.0439039 9.03898
208 0.00855639 0.0443027 9.02901
209 0.00790526 0.0446726 9.01951
210 0.00723845 0.0450127 9.01058
211 0.00655703 0.0453226 9.00223
212 0.00586211 0.0456017 8.99459
213 0.00515535 0.0458493 8.98769
214 0.00443848 0.0460648 8.98159
215 0.00371264 0.0462479 8.97631
216 0.00297903 0.0463983 8.9719
217 0.0022394 0.0465155 8.96842
218 0.00149555 0.0465994 8.9657
219 0.000748678 0.0466498 8.96359
220 0.0142886 0.0214202 8.85236
221 0.0146595 0.0220705 9.00002
222 0.0150008 0.0227367 9.06479
223 0.0153119 0.0234179 9.10192
224 0.0155921 0.0241124 9.12893
225 0.0158407 0.0248184 9.14906
226 0.0160574 0.025535 9.16431
227 0.0162418 0.0262608 9.17619
228 0.0163934 0.0269942 9.18548
229 0.0165118 0.0277333 9.19265
230 0.0165969 0.028477 9.19796
231 0.0166486 0.0292241 9.2016
232 0.0166666 0.0299727 9.20379
233 0.0166511 0.0307211 9.20462
234 0.0166019 0.0314681 9.20422
235 0.0165192 0.0322124 9.2026
236 0.0164031 0.0329522 9.19986
237 0.016254 0.0336858 9.19606
238 0.0160721 0.0344119 9.19132
239 0.0158577 0.0351294 9.18561
240 0.0156113 0.0358366 9.17902
241 0.0153335 0.0365317 9.17164
242 0.0150247 0.0372136 9.16356
243 0 0.0459195 8.79395
244 0 0.0451724 8.6364
245 0 0.0444253 8.48267
246 0 0.0436782 8.33341
247 0 0.042931 8.18865
248 0 0.0421839 8.0483
249 0 0.0414368 7.91229
250 0 0.0406897 7.78054
251 0 0.0399425 7.65295
252 0 0.0391954 7.52944
253 0 0.0384483 7.4099
254 0 0.0377011 7.29424
255 0 0.036954 7.18236
256 0 0.0362069 7.07415
257 0 0.0354598 6.96951
258 0 0.0347126 6.86834
259 0 0.0339655 6.77053
260 0 0.0332184 6.67599
261 0 0.0324713 6.58459
262 0 0.0317241 6.49625
263 0 0.030977 6.41086
264 0 0.0302299 6.32833
265 0 0.0294828 6.24855
266 0 0.0287356 6.17144
267 0 0.0279885 6.0969
268 0 0.0272414 6.02484
269 0 0.0264943 5.95548
270 0 0.0257471 5.88876
271 0.0141418 0.018086 7.99435
272 0.00974003 0.00940076 5.92228
273 0.0145024 -0.00816561 7.08282
274 0.0140983 0.0142742 7.38444
275 0.0110934 0.00639719 6.05966
276 0.00537014 -0.0236813 8.71034
277 0.00465056 -0.0238565 8.71268
278 0.00396125 -0.0239813 8.7098
279 0.0060894 -0.0235058 8.71437
280 0.00324649 -0.0240815 8.70527
281 0.00680883 -0.0233301 8.72478
282 0.00249342 -0.0241403 8.69488
283 0.00747224 -0.0231341 8.73157
284 0.00172843 -0.0242047 8.69225
285 0.00814137 -0.0228981 8.73462
286 0.00093364 -0.0242694 8.69607
287 0.00880506 -0.0226364 8.7367
288 0.00948746 -0.022349 8.74063
289 0.0101697 -0.0220612 8.75083
290 0.0108185 -0.0217683 8.7619
291 0.000648496 -0.0231046 8.39261
292 0.0114523 -0.0214465 8.77015
293 0.000688244 -0.0223927 8.21642
294 0.012051 -0.0210989 8.77335
295 0.000650934 -0.0216176 8.02959
296 0.0126792 -0.0207068 8.77655
297 0.000650934 -0.020866 7.85459
298 0.0133071 -0.0203144 8.78596
299 0.000650934 -0.0201144 7.68521
300 0.0139352 -0.019922 8.80166
301 0.000650934 -0.0193627 7.52144
302 0.014494 -0.0195236 8.81053
303 0.000650934 -0.0186111 7.36323
304 0.0150382 -0.0191014 8.81729
305 0.000650934 -0.0178595 7.21053
306 0.0155961 -0.0186143 8.81892
307 0.000650934 -0.0171078 7.06331
308 0.0161538 -0.0181273 8.82678
309 0.000650934 -0.0163562 6.92154
310 0.0167114 -0.01764 8.84074
311 0.000650934 -0.0156046 6.78518
312 0.0172166 -0.0171665 8.8528
313 0.000650934 -0.0148529 6.6542
314 0.0177066 -0.0166582 8.86086
315 0.000650934 -0.0141013 6.52855
316 0.0181755 -0.0161163 8.86416
317 0.000650934 -0.0133497 6.40819
318 0.0186489 -0.0155469 8.86962
319 0.000650934 -0.012598 6.29309
320 0.019122 -0.0149773 8.88107
321 0.000650934 -0.0118464 6.18321
322 0.0195638 -0.0144197 8.89328
323 0.000650934 -0.0110948 6.07849
324 0.0199842 -0.0138453 8.90356
325 0.000650934 -0.0103431 5.97889
326 0.020362 -0.0132661 8.9086
327 0.000650934 -0.0095915 5.88438
328 0.020739 -0.0126286 8.9108
329 0.000650934 -0.00883987 5.79489
330 0.0211156 -0.0119913 8.91896
331 0.000650934 -0.00808824 5.71037
332 0.0214924 -0.0113536 8.93309
333 0.000650934 -0.0073366 5.63079
334 0.0218143 -0.0107412 8.94212
335 0.000650934 -0.00658497 5.55607
336 0.0221077 -0.0101233 8.94839
337 0.000650934 -0.00583333 5.48617
338 0.0223789 -0.00943289 8.94657
339 0.000650934 -0.0050817 5.42103
340 0.0226503 -0.0087429 8.95083
341 0.000650934 -0.00433007 5.36058
342 0.0229223 -0.00805439 8.96135
343 0.000650934 -0.00357843 5.30477
344 0.0231584 -0.00740157 8.97087
345 0.000650934 -0.0028268 5.25353
346 0.0233649 -0.00672559 8.97583
347 0.000650934 -0.00207516 5.20679
348 0.0235317 -0.00602975 8.97395
349 0.000650934 -0.00132353 5.16448
350 0.0236889 -0.00530154 8.9731
351 0.000650934 -0.000571895 5.12653
352 0.0238476 -0.00457244 8.97856
353 0.000650934 0.000179739 5.09286
354 0.0240069 -0.00384322 8.9902
355 0.000650934 0.000931373 5.0634
356 0.0241071 -0.00316526 8.99282
357 0.000650934 0.00168301 5.03807
358 0.0241793 -0.00247461 8.99224
359 0.000650934 0.00243464 5.01679
360 0.0242204 -0.00173515 8.98707
361 0.000650934 0.00318627 4.99946
362 0.0242613 -0.000995921 8.98772
363 0.000650934 0.00393791 4.98601
364 0.024302 -0.000256464 8.99418
365 0.000650934 0.00468954 4.97635
366 0.0243085 0.000436487 8.99654
367 0.000650934 0.00544118 4.97037
368 0.0242762 0.00114511 8.99319
369 0.000650934 0.00619281 4.968
370 0.0242176 0.00185518 8.98775
371 0.000650934 0.00694444 4.96912
372 0.0241407 0.00259162 8.98328
373 0.000650934 0.00769608 4.97366
374 0.0240634 0.00332804 8.98458
375 0.000650934 0.00844771 4.9815
376 0.0239713 0.00403388 8.9863
377 0.000650934 0.00919935 4.99256
378 0.0238474 0.00473384 8.98419
379 0.000650934 0.00995098 5.00673
380 0.0236886 0.00540766 8.97621
381 0.000667649 0.0107215 5.02467
382 0.0234957 0.00612263 8.96659
383 0.000705123 0.0114907 5.04606
384 0.0233025 0.00683736 8.96278
385 0.000650934 0.0122059 5.06716
386 0.0231092 0.00755235 8.96492
387 0.000530552 0.0128441 5.08724
388 0.0228902 0.00820251 8.96017
389 0.0226442 0.00884604 8.95259
390 0.00116433 0.0127827 5.09812
391 0.02234 0.00952131 8.93775
392 0.0019016 0.0127844 5.12315
393 0.0220359 0.0101963 8.92883
394 0.00268353 0.0129165 5.16652
395 0.0217314 0.0108714 8.92576
396 0.00345405 0.0130753 5.22335
397 0.0214247 0.0114924 8.92123
398 0.00420231 0.0132641 5.29251
399 0.0210753 0.0121115 8.91062
400 0.00495085 0.0134549 5.37468
401 0.0206982 0.0127148 8.89608
402 0.00569593 0.0136875 5.4717
403 0.0202908 0.0133331 8.88142
404 0.00642317 0.0139769 5.58295
405 0.019883 0.0139511 8.87236
406 0.00710602 0.0142739 5.70162
407 0.0194773 0.0145359 8.86411
408 0.00781921 0.0145904 5.8402
409 0.0190496 0.0151049 8.85285
410 0.00850378 0.0149571 5.99159
411 0.0186054 0.0156345 8.83541
412 0.0091616 0.0153753 6.15636
413 0.0181049 0.0161803 8.81116
414 0.00978652 0.0157802 6.32856
415 0.0176043 0.0167257 8.79088
416 0.0104359 0.0162285 6.5269
417 0.0171034 0.0172713 8.77392
418 0.0110389 0.0167173 6.73518
419 0.0165976 0.0177563 8.74453
420 0.01161 0.0172345 6.95656
421 0.016056 0.0182261 8.69952
422 0.012182 0.0177542 7.20093
423 0.0154676 0.0186892 8.62778
424 0.0127218 0.0183056 7.46336
425 0.0148282 0.0191707 8.508
426 0.01322 0.0188875 7.74291
427 0.014146 0.0198491 8.33476
428 0.000548822 -0.0237004 8.54345
429 0.0135716 0.0194269 7.98341
430 0.00485782 -0.0231426 8.5425
431 0.00557704 -0.0229674 8.5433
432 0.00417161 -0.0232755 8.53911
433 0.00348179 -0.0233908 8.53687
434 0.00629618 -0.0227918 8.55045
435 0.00276988 -0.0234744 8.53154
436 0.0069518 -0.0226048 8.556
437 0.00197499 -0.0235134 8.51869
438 0.00758666 -0.0224001 8.56082
439 0.00123581 -0.0235905 8.52376
440 0.0082366 -0.022166 8.56528
441 0.0088961 -0.0218987 8.56847
442 0.00957809 -0.0216112 8.57542
443 0.0102278 -0.0213252 8.58516
444 0.0108438 -0.0210261 8.59348
445 0.00143462 -0.0228464 8.33882
446 0.0114345 -0.0206984 8.5974
447 0.00131143 -0.0220192 8.13443
448 0.0120238 -0.020356 8.60316
449 0.00131741 -0.0212556 7.95373
450 0.0126516 -0.019964 8.60934
451 0.00131884 -0.0204992 7.78037
452 0.0132796 -0.0195715 8.62172
453 0.0013013 -0.0197386 7.61148
454 0.0138247 -0.0191921 8.62957
455 0.0013013 -0.0189869 7.45053
456 0.0143657 -0.0187893 8.63701
457 0.0013013 -0.0182353 7.29512
458 0.0148931 -0.0183723 8.64444
459 0.0013013 -0.0174837 7.14521
460 0.015451 -0.0178853 8.64904
461 0.0013013 -0.016732 7.00076
462 0.0160084 -0.0173983 8.65976
463 0.0013013 -0.0159804 6.86175
464 0.0165139 -0.016932 8.67034
465 0.0013013 -0.0152288 6.72813
466 0.016991 -0.0164619 8.6799
467 0.0013013 -0.0144771 6.59987
468 0.0174554 -0.0159527 8.68514
469 0.0013013 -0.0137255 6.47693
470 0.0179166 -0.0154195 8.69107
471 0.0013013 -0.0129739 6.35927
472 0.0183896 -0.0148503 8.69935
473 0.0013013 -0.0122222 6.24685
474 0.0188302 -0.0143001 8.70946
475 0.0013013 -0.0114706 6.13962
476 0.01925 -0.0137498 8.72035
477 0.0013013 -0.010719 6.03754
478 0.0196272 -0.0131966 8.72634
479 0.0013013 -0.00996732 5.94057
480 0.0199956 -0.0126192 8.73191
481 0.0013013 -0.00921569 5.84866
482 0.0203725 -0.011982 8.73694
483 0.0013013 -0.00846405 5.76175
484 0.0207325 -0.0113627 8.7461
485 0.0013013 -0.00771242 5.67981
486 0.0210671 -0.010752 8.75558
487 0.0013013 -0.00696078 5.60276
488 0.0213649 -0.0101471 8.76175
489 0.0013013 -0.00620915 5.53057
490 0.0216427 -0.00954221 8.76782
491 0.0013013 -0.00545752 5.46317
492 0.0219143 -0.00885177 8.76892
493 0.0013013 -0.00470588 5.4005
494 0.0221869 -0.00816181 8.77632
495 0.0013013 -0.00395425 5.3425
496 0.0224249 -0.00751326 8.78392
497 0.0013013 -0.00320261 5.28912
498 0.022639 -0.0068686 8.79061
499 0.0013013 -0.00245098 5.24027
500 0.0228131 -0.00620476 8.7903
501 0.0013013 -0.00169935 5.1959
502 0.022978 -0.00552907 8.79188
503 0.0013013 -0.000947712 5.15594
504 0.0231356 -0.00479931 8.79388
505 0.0013013 -0.000196078 5.1203
506 0.0232945 -0.00406959 8.80226
507 0.0013013 0.000555556 5.08892
508 0.0234018 -0.00341087 8.80501
509 0.0013013 0.00130719 5.06171
510 0.0234916 -0.00274076 8.8074
511 0.0013013 0.00205882 5.0386
512 0.0235562 -0.00206904 8.80769
513 0.0013013 0.00281046 5.01949
514 0.0235974 -0.00132993 8.80533
515 0.0013013 0.00356209 5.00432
516 0.023638 -0.000590777 8.80872
517 0.0013013 0.00431373 4.99297
518 0.0236548 9.79512e-05 8.81129
519 0.0013013 0.00506536 4.98537
520 0.0236403 0.000761415 8.81002
521 0.0013013 0.00581699 4.98143
522 0.0236029 0.00144899 8.8075
523 0.0013013 0.00656863 4.98104
524 0.0235381 0.00215644 8.80286
525 0.0013013 0.00732026 4.98411
526 0.023461 0.00289251 8.8011
527 0.0013013 0.0080719 4.99054
528 0.0233757 0.00359734 8.80176
529 0.0013013 0.00882353 5.00023
530 0.0232685 0.00427356 8.80048
531 0.0013013 0.00957516 5.01313
532 0.023124 0.00493495 8.7932
533 0.0012951 0.0103404 5.02929
534 0.0229698 0.00559724 8.78824
535 0.00135189 0.0111188 5.05049
536 0.0227769 0.00631182 8.78126
537 0.00147156 0.0119818 5.07944
538 0.0225835 0.00702667 8.78007
539 0.0223793 0.00765746 8.77487
540 0.0221499 0.008292 8.76805
541 0.0219043 0.00891887 8.76107
542 0.0216003 0.0095941 8.7486
543 0.00237896 0.0121453 5.1225
544 0.021296 0.0102689 8.74187
545 0.00319143 0.0123158 5.17631
546 0.0209965 0.0108879 8.73558
547 0.00398733 0.0125251 5.24433
548 0.0206838 0.0114816 8.72774
549 0.00476149 0.0127257 5.32414
550 0.020338 0.0120722 8.71578
551 0.00553121 0.0129359 5.41774
552 0.0199563 0.0126693 8.70047
553 0.00628525 0.0132095 5.52633
554 0.0195489 0.0132872 8.68684
555 0.0070225 0.0135323 5.64939
556 0.0191504 0.0138686 8.67516
557 0.00775122 0.0138373 5.78526
558 0.0187437 0.0144305 8.66298
559 0.00847507 0.0141839 5.93795
560 0.0183245 0.014952 8.64512
561 0.00916255 0.0145907 6.10326
562 0.0178801 0.0154717 8.62406
563 0.0098257 0.015035 6.2825
564 0.0173797 0.0160172 8.59637
565 0.0105017 0.0154664 6.48176
566 0.016879 0.0165626 8.57061
567 0.0111492 0.0159434 6.69684
568 0.0163934 0.0170395 8.53523
569 0.0117496 0.0164704 6.92366
570 0.0158811 0.0175032 8.48575
571 0.0123349 0.0170109 7.16973
572 0.0153358 0.0179485 8.41136
573 0.0129393 0.0175588 7.44929
574 0.0147586 0.018405 8.30493
575 0.013475 0.0181824 7.74269
576 0.0140406 0.0188791 8.09761
577 0.00506372 -0.0224135 8.37431
578 0.00438251 -0.0225669 8.3734
579 0.00575548 -0.0222517 8.37962
580 0.00369661 -0.0226863 8.36969
581 0.00301219 -0.0227914 8.36815
582 0.00643714 -0.0220705 8.38549
583 0.00228087 -0.0228983 8.37142
584 0.00707179 -0.0218741 8.38961
585 0.00768934 -0.0216648 8.39438
586 0.00833485 -0.0214184 8.39827
587 0.00898683 -0.0211612 8.40596
588 0.00962309 -0.020874 8.4108
589 0.0102493 -0.0205783 8.41823
590 0.0108293 -0.0202746 8.42355
591 0.00191429 -0.0223181 8.2193
592 0.0114123 -0.0199487 8.42944
593 0.00196792 -0.0216365 8.05664
594 0.0119964 -0.0196134 8.43867
595 0.00200508 -0.0209025 7.88643
596 0.0126239 -0.0192212 8.44774
597 0.00198128 -0.0201317 7.71205
598 0.0131725 -0.0188433 8.45372
599 0.00195167 -0.0193627 7.54381
600 0.0137041 -0.01846 8.46093
601 0.00195167 -0.0186111 7.3857
602 0.0142248 -0.0180642 8.46883
603 0.00195167 -0.0178595 7.23311
604 0.0147482 -0.0176432 8.47724
605 0.00195167 -0.0171078 7.08601
606 0.0153057 -0.0171566 8.48477
607 0.00195167 -0.0163562 6.94436
608 0.0158142 -0.0166919 8.49331
609 0.00195167 -0.0156046 6.80813
610 0.0162962 -0.0162235 8.50146
611 0.00195167 -0.0148529 6.67728
612 0.0167393 -0.0157618 8.50815
613 0.00195167 -0.0141013 6.55178
614 0.0171999 -0.0152472 8.51426
615 0.00195167 -0.0133497 6.43158
616 0.0176575 -0.014723 8.5236
617 0.00195167 -0.012598 6.31665
618 0.0180993 -0.0141739 8.53115
619 0.00195167 -0.0118464 6.20694
620 0.0185153 -0.0136272 8.53897
621 0.00195167 -0.0110948 6.10241
622 0.018894 -0.0130944 8.54567
623 0.00195167 -0.0103431 6.00301
624 0.0192649 -0.0125499 8.55375
625 0.00195167 -0.0095915 5.90871
626 0.0196351 -0.0119517 8.55954
627 0.00195167 -0.00883987 5.81945
628 0.0200058 -0.0113355 8.56869
629 0.00195167 -0.00808824 5.73518
630 0.0203278 -0.0107437 8.57469
631 0.00195167 -0.0073366 5.65585
632 0.0206279 -0.0101548 8.58066
633 0.00195167 -0.00658497 5.5814
634 0.0209066 -0.00956296 8.58586
635 0.00195167 -0.00583333 5.51179
636 0.021182 -0.00893082 8.59101
637 0.00195167 -0.0050817 5.44695
638 0.0214505 -0.00826963 8.59698
639 0.00195167 -0.00433007 5.38683
640 0.0216914 -0.0076214 8.60253
641 0.00195167 -0.00357843 5.33136
642 0.0219027 -0.00699059 8.60696
643 0.00195167 -0.0028268 5.28047
644 0.0220899 -0.00637408 8.6109
645 0.00195167 -0.00207516 5.23411
646 0.0222641 -0.00570952 8.61294
647 0.00195167 -0.00132353 5.19219
648 0.0224236 -0.00502746 8.61523
649 0.00195167 -0.000571895 5.15465
650 0.022582 -0.00429655 8.62023
651 0.00195167 0.000179739 5.12142
652 0.0226948 -0.00364283 8.6221
653 0.00195167 0.000931373 5.09242
654 0.0227939 -0.00299427 8.62518
655 0.00195167 0.00168301 5.06756
656 0.0228726 -0.00233709 8.62719
657 0.00195167 0.00243464 5.04677
658 0.0229334 -0.00166366 8.62872
659 0.00195167 0.00318627 5.02995
660 0.0229742 -0.000924953 8.62907
661 0.00195167 0.00393791 5.01703
662 0.0229917 -0.000241063 8.62911
663 0.00195167 0.00468954 5.00791
664 0.0229907 0.000427835 8.62905
665 0.00195167 0.00544118 5.0025
666 0.0229652 0.00107185 8.62687
667 0.00195167 0.00619281 5.0007
668 0.0229162 0.00176001 8.62355
669 0.00195167 0.00694444 5.00242
670 0.0228587 0.00245734 8.62327
671 0.00195167 0.00769608 5.00756
672 0.0227685 0.00314972 8.61923
673 0.00195167 0.00844771 5.01601
674 0.0226671 0.00383517 8.6171
675 0.00196985 0.00923534 5.02907
676 0.0225431 0.00447964 8.61207
677 0.00197969 0.010011 5.04503
678 0.0224008 0.00513117 8.60713
679 0.00188559 0.0106912 5.05778
680 0.0222512 0.0057866 8.60524
681 0.00212402 0.0113574 5.08574
682 0.022058 0.00650095 8.6007
683 0.0218559 0.00713541 8.59354
684 0.0216456 0.00774905 8.58718
685 0.0214129 0.00836893 8.58
686 0.0211646 0.00899183 8.57375
687 0.0208607 0.00966661 8.56335
688 0.00292839 0.0115145 5.1328
689 0.0205637 0.0102881 8.55445
690 0.00373834 0.0117539 5.19663
691 0.0202553 0.0108852 8.54471
692 0.00453407 0.0119766 5.27305
693 0.0199426 0.0114439 8.53363
694 0.00534047 0.0121623 5.36375
695 0.0195846 0.0120334 8.51933
696 0.00613757 0.0124101 5.47071
697 0.0192146 0.0126235 8.50675
698 0.00690348 0.0127479 5.59283
699 0.0188176 0.0132056 8.49074
700 0.00764291 0.0130813 5.72608
701 0.0184166 0.0137622 8.47417
702 0.00842582 0.0133853 5.88138
703 0.0180211 0.0142773 8.45602
704 0.00916833 0.0137793 6.05142
705 0.0176015 0.0147924 8.43463
706 0.00984879 0.0142518 6.23115
707 0.0171371 0.0153207 8.40621
708 0.0105551 0.0146858 6.43243
709 0.0166546 0.015854 8.37498
710 0.0112539 0.0151387 6.65339
711 0.0161796 0.0163335 8.33461
712 0.0118971 0.0156766 6.88774
713 0.0157091 0.0167955 8.2879
714 0.0124865 0.0162613 7.13346
715 0.0151809 0.0172316 8.20888
716 0.0131155 0.0167934 7.41037
717 0.0146255 0.0176198 8.09265
718 0.0137902 0.0173672 7.73733
719 0.00524425 -0.0217025 8.21472
720 0.00456317 -0.0218426 8.20794
721 0.00390804 -0.0219882 8.20952
722 0.00592039 -0.021536 8.22061
723 0.00322304 -0.0220811 8.20244
724 0.00256686 -0.0221715 8.20132
725 0.00655082 -0.0213422 8.22228
726 0.0071656 -0.0211372 8.22522
727 0.00777907 -0.0209261 8.23161
728 0.00840952 -0.0206888 8.23875
729 0.00904093 -0.0204247 8.24537
730 0.00965731 -0.0201326 8.24961
731 0.0102337 -0.0198372 8.2537
732 0.0108052 -0.0195304 8.25965
733 0.01138 -0.0192155 8.26927
734 0.00275009 -0.0213931 8.02166
735 0.0119686 -0.018871 8.27978
736 0.00267684 -0.0205281 7.82068
737 0.0125247 -0.0184938 8.28421
738 0.0026383 -0.0197514 7.6473
739 0.0130542 -0.0181115 8.28872
740 0.00260204 -0.0189869 7.48252
741 0.0135597 -0.0177358 8.29557
742 0.00260204 -0.0182353 7.32727
743 0.0140817 -0.0173345 8.30493
744 0.00260204 -0.0174837 7.17752
745 0.0146033 -0.0169144 8.31571
746 0.00260204 -0.016732 7.03325
747 0.015119 -0.0164516 8.3229
748 0.00260204 -0.0159804 6.89442
749 0.0155973 -0.0159831 8.32766
750 0.00260204 -0.0152288 6.761
751 0.016037 -0.015531 8.3329
752 0.00260204 -0.0144771 6.63295
753 0.0164815 -0.0150652 8.34137
754 0.00260204 -0.0137255 6.51023
755 0.0169387 -0.0145621 8.35113
756 0.00260204 -0.0129739 6.39281
757 0.0173758 -0.0140368 8.3586
758 0.00260204 -0.0122222 6.28064
759 0.017785 -0.0135039 8.36429
760 0.00260204 -0.0114706 6.17368
761 0.018163 -0.0129819 8.36985
762 0.00260204 -0.010719 6.0719
763 0.0185331 -0.0124568 8.37788
764 0.00260204 -0.00996732 5.97523
765 0.0188986 -0.0118988 8.38522
766 0.00260204 -0.00921569 5.88364
767 0.0192545 -0.0113243 8.39327
768 0.00260204 -0.00846405 5.79709
769 0.0195796 -0.0107362 8.39768
770 0.00260204 -0.00771242 5.71551
771 0.019881 -0.0101523 8.40192
772 0.00260204 -0.00696078 5.63885
773 0.0201678 -0.00957327 8.40793
774 0.00260204 -0.00620915 5.56707
775 0.0204395 -0.00898045 8.41353
776 0.00260204 -0.00545752 5.50011
777 0.0207053 -0.00835611 8.41948
778 0.00260204 -0.00470588 5.4379
779 0.0209592 -0.00772638 8.42706
780 0.00260204 -0.00395425 5.3804
781 0.021171 -0.00709581 8.42906
782 0.00260204 -0.00320261 5.32752
783 0.0213573 -0.00648455 8.43079
784 0.00260204 -0.00245098 5.27922
785 0.0215397 -0.00586373 8.43535
786 0.00260204 -0.00169935 5.23542
787 0.0217104 -0.0052138 8.43976
788 0.00260204 -0.000947712 5.19605
789 0.0218593 -0.00453798 8.44214
790 0.00260204 -0.000196078 5.16105
791 0.0219863 -0.00386394 8.44411
792 0.00260204 0.000555556 5.13032
793 0.0220883 -0.00322125 8.44569
794 0.00260204 0.00130719 5.1038
795 0.0221763 -0.00259453 8.44863
796 0.00260204 0.00205882 5.0814
797 0.0222546 -0.00193907 8.4527
798 0.00260204 0.00281046 5.06304
799 0.0223105 -0.00125871 8.45516
800 0.00260204 0.00356209 5.04863
801 0.0223307 -0.000577099 8.45317
802 0.00260204 0.00431373 5.03809
803 0.0223299 9.37768e-05 8.45056
804 0.00260204 0.00506536 5.03131
805 0.0223103 0.000729881 8.44755
806 0.00260204 0.00581699 5.02821
807 0.0222843 0.00137238 8.44727
808 0.00260204 0.00656863 5.02869
809 0.0222395 0.0020428 8.44704
810 0.00260204 0.00732026 5.03266
811 0.0221697 0.00272297 8.44527
812 0.00260204 0.0080719 5.04
813 0.022069 0.00339761 8.44016
814 0.00261771 0.00886115 5.052
815 0.0219534 0.00403518 8.43447
816 0.00264294 0.00968537 5.06876
817 0.0218226 0.00467276 8.42928
818 0.00263816 0.0106123 5.09009
819 0.0216883 0.00531349 8.42789
820 0.0215326 0.00597554 8.42685
821 0.0213333 0.00661691 8.41794
822 0.0211225 0.00722536 8.40824
823 0.0209089 0.00782435 8.40141
824 0.0206794 0.00844001 8.39624
825 0.0204251 0.00906466 8.39018
826 0.0201319 0.00969252 8.37931
827 0.00349908 0.0109308 5.15297
828 0.0198224 0.0102862 8.36533
829 0.00430084 0.0112076 5.2255
830 0.0195173 0.0108381 8.35193
831 0.00509986 0.0114035 5.30934
832 0.0192008 0.0113988 8.34059
833 0.00599359 0.0115288 5.41647
834 0.018852 0.0119823 8.32808
835 0.00679578 0.0119379 5.54058
836 0.0184761 0.0125532 8.31118
837 0.00754944 0.0122996 5.6717
838 0.0180847 0.0130997 8.29062
839 0.00831128 0.0126016 5.81682
840 0.0176937 0.0136132 8.2683
841 0.00917932 0.0128731 5.99724
842 0.0173009 0.0141192 8.2467
843 0.00989524 0.0134279 6.18411
844 0.0168747 0.0146303 8.21894
845 0.0105798 0.0138996 6.37686
846 0.0164255 0.0151414 8.18555
847 0.0113138 0.0143279 6.59743
848 0.0159484 0.0156333 8.1396
849 0.0120995 0.0147799 6.85576
850 0.0154756 0.016098 8.08557
851 0.01264 0.0154829 7.09224
852 0.0150921 0.0165993 8.05811
853 0.0132235 0.0160221 7.34482
854 0.0145035 0.016878 7.91261
855 0.0138717 0.0164797 7.62858
856 0.00471759 -0.0211333 8.05019
857 0.00540512 -0.0210036 8.06217
858 0.00405006 -0.0212482 8.04161
859 0.00346153 -0.0214804 8.0694
860 0.00603026 -0.0208084 8.06039
861 0.00664811 -0.0206065 8.06166
862 0.00725453 -0.0204001 8.06597
863 0.0078586 -0.020192 8.07456
864 0.00847287 -0.0199595 8.08367
865 0.00906958 -0.0196842 8.08671
866 0.00964301 -0.0193909 8.08832
867 0.0102081 -0.019093 8.09285
868 0.0107669 -0.0187937 8.10112
869 0.0113299 -0.0185024 8.11623
870 0.00337712 -0.0208489 7.9193
871 0.0118987 -0.0181389 8.12255
872 0.00336384 -0.0201204 7.75489
873 0.0124036 -0.0177625 8.12206
874 0.00328554 -0.0193622 7.58683
875 0.0129088 -0.0173863 8.12632
876 0.00325241 -0.0186111 7.42774
877 0.0134148 -0.0170112 8.13552
878 0.00325241 -0.0178595 7.27536
879 0.0139218 -0.0166364 8.14955
880 0.00325241 -0.0171078 7.12846
881 0.0144457 -0.0162071 8.16135
882 0.00325241 -0.0163562 6.98704
883 0.0148945 -0.0157464 8.15961
884 0.00325241 -0.0156046 6.85106
885 0.0153362 -0.0152929 8.16253
886 0.00325241 -0.0148529 6.72048
887 0.0157773 -0.0148377 8.16963
888 0.00325241 -0.0141013 6.59526
889 0.01622 -0.0143772 8.18073
890 0.00325241 -0.0133497 6.47536
891 0.0166627 -0.0138854 8.19173
892 0.00325241 -0.012598 6.36075
893 0.0170631 -0.0133698 8.1956
894 0.00325241 -0.0118464 6.25139
895 0.0174364 -0.0128539 8.19859
896 0.00325241 -0.0110948 6.14723
897 0.0178032 -0.0123381 8.20476
898 0.00325241 -0.0103431 6.04823
899 0.0181683 -0.0118146 8.21404
900 0.00325241 -0.0095915 5.95435
901 0.0185223 -0.0112726 8.22311
902 0.00325241 -0.00883987 5.86553
903 0.0188505 -0.01071 8.22867
904 0.00325241 -0.00808824 5.78173
905 0.0191457 -0.0101386 8.23046
906 0.00325241 -0.0073366 5.7029
907 0.0194262 -0.00956608 8.23327
908 0.00325241 -0.00658497 5.62899
909 0.0196978 -0.00899085 8.23824
910 0.00325241 -0.00583333 5.55994
911 0.0199669 -0.00841266 8.24678
912 0.00325241 -0.0050817 5.4957
913 0.0202173 -0.00781416 8.25357
914 0.00325241 -0.00433007 5.4362
915 0.0204348 -0.00720152 8.25586
916 0.00325241 -0.00357843 5.38139
917 0.0206254 -0.00659539 8.25663
918 0.00325241 -0.0028268 5.33121
919 0.0208078 -0.00598778 8.25967
920 0.00325241 -0.00207516 5.28558
921 0.0209849 -0.00537636 8.26553
922 0.00325241 -0.00132353 5.24444
923 0.0211501 -0.00473699 8.27135
924 0.00325241 -0.000571895 5.20771
925 0.0212788 -0.00408102 8.27191
926 0.00325241 0.000179739 5.17533
927 0.02138 -0.00343651 8.27074
928 0.00325241 0.000931373 5.14722
929 0.0214693 -0.00281143 8.27174
930 0.00325241 0.00168301 5.1233
931 0.0215566 -0.00218929 8.27662
932 0.00325241 0.00243464 5.10347
933 0.0216423 -0.00156668 8.28537
934 0.00325241 0.00318627 5.08767
935 0.0216906 -0.000882127 8.28796
936 0.00325241 0.00393791 5.07579
937 0.0216721 -0.00024143 8.27841
938 0.00325241 0.00468954 5.06775
939 0.0216532 0.000392405 8.27316
940 0.00325241 0.00544118 5.06345
941 0.02163 0.00102406 8.27109
942 0.00325241 0.00619281 5.0628
943 0.0216048 0.00165952 8.27286
944 0.00325241 0.00694444 5.0657
945 0.0215599 0.00231448 8.27433
946 0.00325241 0.00769608 5.07203
947 0.0214694 0.00296527 8.26844
948 0.00325241 0.00844771 5.08171
949 0.0213551 0.00359939 8.26036
950 0.00329455 0.00925832 5.09849
951 0.0212335 0.00422719 8.25456
952 0.00335386 0.0100957 5.12079
953 0.0211065 0.004851 8.2515
954 0.0209945 0.00547131 8.25644
955 0.0208118 0.00612109 8.24945
956 0.0205981 0.00671351 8.23512
957 0.0203853 0.00730567 8.22512
958 0.0201727 0.0078993 8.21938
959 0.0199612 0.00849331 8.2181
960 0.0197025 0.00911917 8.21226
961 0.0193919 0.00968234 8.19132
962 0.00409907 0.010405 5.1846
963 0.019086 0.0102364 8.17442
964 0.00484311 0.0106544 5.25911
965 0.0187784 0.0107905 8.16076
966 0.0055591 0.0107849 5.33916
967 0.0184664 0.0113483 8.15008
968 0.00679162 0.0111363 5.50731
969 0.0181243 0.0119147 8.13651
970 0.0074649 0.0115128 5.62234
971 0.0177472 0.0124475 8.113
972 0.00816511 0.0118184 5.75141
973 0.0173616 0.0129552 8.08634
974 0.00886298 0.0120428 5.8891
975 0.0169718 0.0134572 8.05959
976 0.0100477 0.0126352 6.16452
977 0.016574 0.0139571 8.03165
978 0.0106319 0.013132 6.33146
979 0.0161653 0.0144551 8.00065
980 0.0112981 0.0135461 6.52683
981 0.0157321 0.0149471 7.96062
982 0.0120354 0.0138763 6.75038
983 0.0152119 0.0154389 7.89125
984 0.0129607 0.0147906 7.10981
985 0.0146354 0.0160188 7.81007
986 0.0133025 0.0153592 7.28426
987 0.0139324 0.015649 7.52477
988 0.00955206 0.012154 6.03056
989 0.00417539 -0.0204786 7.87164
990 0.00493345 -0.0205334 7.92618
991 0.00552571 -0.0202779 7.90617
992 0.006133 -0.020077 7.90433
993 0.0067322 -0.0198658 7.90446
994 0.00733213 -0.0196612 7.91094
995 0.00791835 -0.0194729 7.92439
996 0.00850295 -0.0192341 7.93145
997 0.00906174 -0.0189436 7.92959
998 0.00962181 -0.0186488 7.93171
999 0.0101795 -0.018349 7.93726
1000 0.0107261 -0.0180316 7.94266
1001 0.0113199 -0.0178649 7.98865
1002 0.0117541 -0.0174144 7.96153
1003 0.00398906 -0.0197103 7.69305
1004 0.0122573 -0.0170371 7.96281
1005 0.00388415 -0.0189634 7.52875
1006 0.0127638 -0.0166599 7.96921
1007 0.00390277 -0.0182353 7.37952
1008 0.0132688 -0.0162902 7.98139
1009 0.00390277 -0.0174837 7.23
1010 0.013831 -0.0160094 8.02323
1011 0.00390277 -0.016732 7.08599
1012 0.014197 -0.0155023 7.99706
1013 0.00390277 -0.0159804 6.94745
1014 0.0146372 -0.0150525 7.99783
1015 0.00390277 -0.0152288 6.81435
1016 0.0150764 -0.0146007 8.00269
1017 0.00390277 -0.0144771 6.68664
1018 0.0155137 -0.0141511 8.01206
1019 0.00390277 -0.0137255 6.56429
1020 0.0159558 -0.0137083 8.02786
1021 0.00390277 -0.0129739 6.44726
1022 0.0163621 -0.0132254 8.03524
1023 0.00390277 -0.0122222 6.3355
1024 0.0167187 -0.0127174 8.03363
1025 0.00390277 -0.0114706 6.22899
1026 0.017078 -0.0122088 8.03688
1027 0.00390277 -0.010719 6.12768
1028 0.0174372 -0.0116999 8.04444
1029 0.00390277 -0.00996732 6.03151
1030 0.0177966 -0.0111936 8.05674
1031 0.00390277 -0.00921569 5.94046
1032 0.0181366 -0.01067 8.06703
1033 0.00390277 -0.00846405 5.85447
1034 0.0184177 -0.0101146 8.06514
1035 0.00390277 -0.00771242 5.77349
1036 0.0186902 -0.00955543 8.06528
1037 0.00390277 -0.00696078 5.69748
1038 0.018959 -0.00899112 8.06835
1039 0.00390277 -0.00620915 5.62637
1040 0.0192219 -0.00842347 8.07408
1041 0.00390277 -0.00545752 5.56013
1042 0.0194912 -0.00787142 8.08695
1043 0.00390277 -0.00470588 5.49868
1044 0.0197159 -0.0072838 8.09063
1045 0.00390277 -0.00395425 5.44198
1046 0.0198981 -0.00669212 8.08818
1047 0.00390277 -0.00320261 5.38995
1048 0.0200774 -0.00609845 8.08913
1049 0.00390277 -0.00245098 5.34254
1050 0.0202559 -0.00550109 8.09385
1051 0.00390277 -0.00169935 5.29968
1052 0.0204317 -0.00490151 8.10206
1053 0.00390277 -0.000947712 5.2613
1054 0.0205801 -0.00427332 8.1064
1055 0.00390277 -0.000196078 5.22733
1056 0.0206707 -0.00364712 8.10095
1057 0.00390277 0.000555556 5.1977
1058 0.0207613 -0.00302119 8.09989
1059 0.00390277 0.00130719 5.17231
1060 0.0208507 -0.00240389 8.1031
1061 0.00390277 0.00205882 5.1511
1062 0.0209359 -0.00178788 8.10954
1063 0.00390277 0.00281046 5.13398
1064 0.0211243 -0.00118854 8.14679
1065 0.00390277 0.00356209 5.12086
1066 0.0210121 -0.000567062 8.11112
1067 0.00390277 0.00431373 5.11165
1068 0.0209974 6.05932e-05 8.10451
1069 0.00390277 0.00506536 5.10625
1070 0.0209711 0.000683106 8.09921
1071 0.00390277 0.00581699 5.10458
1072 0.0209455 0.00131128 8.09831
1073 0.00390277 0.00656863 5.10652
1074 0.0209336 0.00192494 8.10492
1075 0.00390277 0.00732026 5.11197
1076 0.0208743 0.00255366 8.10391
1077 0.00390277 0.0080719 5.12083
1078 0.0207584 0.00317272 8.09236
1079 0.003931 0.00882307 5.13515
1080 0.0206391 0.00379443 8.08429
1081 0.0039822 0.00960895 5.15531
1082 0.0205143 0.00441483 8.07902
1083 0.0203688 0.00503013 8.0725
1084 0.0203815 0.00564681 8.11046
1085 0.0200765 0.00619303 8.06728
1086 0.0198616 0.0067841 8.05373
1087 0.0196475 0.00737827 8.04469
1088 0.0194404 0.00796889 8.04114
1089 0.0193349 0.00858829 8.06966
1090 0.0189559 0.00908583 8.0221
1091 0.0186531 0.00963764 8.0022
1092 0.00465313 0.00989217 5.21969
1093 0.0183477 0.0101866 7.98479
1094 0.005345 0.0100504 5.29302
1095 0.018045 0.0107381 7.97164
1096 0.0177496 0.0112896 7.96351
1097 0.00752686 0.0107004 5.59787
1098 0.0174054 0.0118186 7.94338
1099 0.00805102 0.0111285 5.70007
1100 0.0170228 0.0123073 7.9104
1101 0.00871826 0.011236 5.82061
1102 0.0166404 0.0127987 7.87918
1103 0.0162557 0.0132923 7.8484
1104 0.0108279 0.0123533 6.3204
1105 0.0158669 0.0137828 7.81606
1106 0.0112911 0.0128514 6.46864
1107 0.0154733 0.0142722 7.78117
1108 0.0119748 0.0130519 6.65803
1109 0.0151274 0.0147932 7.76249
1110 0.0144917 0.0150495 7.61166
1111 0.0137407 0.0148478 7.35338
1112 0.00602214 0.0101252 5.37203
1113 0.00684393 0.010239 5.48133
1114 0.00944665 0.0114493 5.96872
1115 0.0102351 0.0117648 6.14855
1116 0.0128057 0.0134073 6.9135
1117 0.0048192 -0.0198491 7.7674
1118 0.0055733 -0.0195726 7.75506
1119 0.00620832 -0.0193313 7.74866
1120 0.00681943 -0.0191168 7.75137
1121 0.00741166 -0.018904 7.75785
1122 0.00800015 -0.018846 7.80077
1123 0.00847504 -0.0184934 7.77537
1124 0.00903664 -0.0182056 7.7766
1125 0.00960391 -0.0179016 7.77999
1126 0.010206 -0.0175773 7.78858
1127 0.0109296 -0.0172443 7.81677
1128 0.0115476 -0.0167318 7.805
1129 0.0121116 -0.0163128 7.80929
1130 0.00452288 -0.0186083 7.48776
1131 0.0126789 -0.0158951 7.81997
1132 0.0045356 -0.0178734 7.33964
1133 0.013354 -0.0154482 7.84851
1134 0.00455314 -0.0171078 7.19124
1135 0.00455314 -0.0163562 7.05015
1136 0.0138875 -0.0148592 7.83813
1137 0.00455314 -0.0156046 6.91453
1138 0.0143601 -0.0143737 7.84046
1139 0.00455314 -0.0148529 6.78435
1140 0.0148178 -0.0139053 7.84796
1141 0.00455314 -0.0141013 6.65955
1142 0.0152601 -0.0134566 7.86048
1143 0.00455314 -0.0133497 6.54011
1144 0.0157356 -0.0131137 7.89915
1145 0.00455314 -0.012598 6.42598
1146 0.0159901 -0.0125882 7.87325
1147 0.00455314 -0.0118464 6.31712
1148 0.0163516 -0.0120777 7.87423
1149 0.00455314 -0.0110948 6.2135
1150 0.0167121 -0.0115679 7.87952
1151 0.00455314 -0.0103431 6.11508
1152 0.0170687 -0.0110598 7.88866
1153 0.00455314 -0.0095915 6.02181
1154 0.0174879 -0.010654 7.92735
1155 0.00455314 -0.00883987 5.93364
1156 0.0176803 -0.0101003 7.90452
1157 0.00455314 -0.00808824 5.85054
1158 0.0179546 -0.00954227 7.90276
1159 0.00455314 -0.0073366 5.77245
1160 0.018223 -0.00897839 7.90344
1161 0.00455314 -0.00658497 5.69932
1162 0.0184886 -0.00841329 7.9077
1163 0.00455314 -0.00583333 5.6311
1164 0.0187328 -0.00784133 7.91092
1165 0.00455314 -0.0050817 5.56773
1166 0.0190982 -0.00737662 7.955
1167 0.00455314 -0.00433007 5.50917
1168 0.019169 -0.00678879 7.92491
1169 0.00455314 -0.00357843 5.45534
1170 0.019347 -0.00620268 7.92373
1171 0.00455314 -0.0028268 5.40619
1172 0.0195239 -0.00561159 7.92613
1173 0.00455314 -0.00207516 5.36166
1174 0.0197085 -0.00502082 7.9346
1175 0.00455314 -0.00132353 5.32167
1176 0.0199788 -0.00447164 7.97011
1177 0.00455314 -0.000571895 5.28616
1178 0.0199638 -0.00384578 7.93685
1179 0.00455314 0.000179739 5.25506
1180 0.0200545 -0.00322859 7.9338
1181 0.00455314 0.000931373 5.22828
1182 0.0201454 -0.00259073 7.93441
1183 0.00455314 0.00168301 5.20575
1184 0.0202418 -0.00192264 7.94011
1185 0.00455314 0.00243464 5.18739
1186 0.0203877 -0.00114466 7.96116
1187 0.00455314 0.00318627 5.1731
1188 0.00455314 0.00393791 5.16281
1189 0.0203341 -0.00035215 7.93991
1190 0.00455314 0.00468954 5.15641
1191 0.0203141 0.000330111 7.9333
1192 0.00455314 0.00544118 5.1538
1193 0.0202868 0.000981395 7.92957
1194 0.00455314 0.00619281 5.1549
1195 0.0202415 0.0016052 7.92553
1196 0.00455314 0.00694444 5.15959
1197 0.0203587 0.00218512 7.96544
1198 0.00455314 0.00769608 5.16775
1199 0.0201572 0.00274198 7.92844
1200 0.00459117 0.00842053 5.18208
1201 0.0200449 0.00336292 7.91939
1202 0.00460277 0.00913245 5.19713
1203 0.0199207 0.0039929 7.91197
1204 0.0197831 0.00466697 7.90765
1205 0.0196807 0.00545896 7.9234
1206 0.0193663 0.00619294 7.89015
1207 0.0191272 0.00685459 7.87622
1208 0.0188911 0.007519 7.86807
1209 0.0186596 0.0082945 7.87542
1210 0.0182532 0.00897078 7.83713
1211 0.0179232 0.00957034 7.81472
1212 0.00513682 0.00944923 5.25565
1213 0.0176048 0.0101427 7.79591
1214 0.0173068 0.010697 7.78328
1215 0.0171167 0.0112515 7.80041
1216 0.00838214 0.0104232 5.72374
1217 0.0166877 0.0116476 7.74054
1218 0.0163042 0.0121417 7.70479
1219 0.0159193 0.0126345 7.66904
1220 0.015531 0.0131406 7.6339
1221 0.0116966 0.0121942 6.51473
1222 0.0151384 0.0136687 7.59953
1223 0.0147412 0.0142517 7.56942
1224 0.0133444 0.0141155 7.14382
1225 0.00446536 -0.0192496 7.61897
1226 0.00575122 0.00942258 5.3205
1227 0.00768695 0.00989458 5.59153
1228 0.00924137 0.0106491 5.88736
1229 0.0110839 0.0116442 6.32889
1230 0.0125939 0.0124793 6.76623
1231 0.00645504 0.00948674 5.40666
1232 0.0100511 0.0109062 6.05939
1233 0.00508979 -0.0190876 7.6207
1234 0.00569002 -0.0188082 7.60147
1235 0.006307 -0.018558 7.59475
1236 0.00694577 -0.0183661 7.60692
1237 0.00772929 -0.0181712 7.63715
1238 0.008397 -0.017786 7.62617
1239 0.0089971 -0.0174677 7.62748
1240 0.00959209 -0.0171425 7.63229
1241 0.0102129 -0.0168006 7.64262
1242 0.0108402 -0.0164053 7.65006
1243 0.0114183 -0.0159816 7.65223
1244 0.0119941 -0.0155568 7.6598
1245 0.00514158 -0.0183078 7.46272
1246 0.0125791 -0.0151248 7.67348
1247 0.00518542 -0.0175235 7.30938
1248 0.0131382 -0.0146405 7.6808
1249 0.00520351 -0.016732 7.15912
1250 0.00520351 -0.0159804 7.02098
1251 0.0136408 -0.0141449 7.68342
1252 0.00520351 -0.0152288 6.88832
1253 0.0141216 -0.0136576 7.68927
1254 0.00520351 -0.0144771 6.7611
1255 0.0146005 -0.0131654 7.69939
1256 0.00520351 -0.0137255 6.63925
1257 0.0151616 -0.0126302 7.7237
1258 0.00520351 -0.0129739 6.52276
1259 0.00520351 -0.0122222 6.41157
1260 0.0155871 -0.0119923 7.71615
1261 0.00520351 -0.0114706 6.30566
1262 0.0159859 -0.0114368 7.72021
1263 0.00520351 -0.010719 6.20499
1264 0.0163816 -0.0108645 7.72689
1265 0.00520351 -0.00996732 6.10951
1266 0.0168592 -0.0102598 7.75177
1267 0.00520351 -0.00921569 6.01918
1268 0.00520351 -0.00846405 5.93397
1269 0.00520351 -0.00771242 5.85381
1270 0.0174894 -0.00896987 7.7452
1271 0.00520351 -0.00696078 5.77867
1272 0.0177567 -0.00839725 7.74674
1273 0.00520351 -0.00620915 5.7085
1274 0.0180471 -0.00779752 7.75537
1275 0.00520351 -0.00545752 5.64324
1276 0.0184267 -0.00710963 7.7815
1277 0.00520351 -0.00470588 5.58284
1278 0.00520351 -0.00395425 5.52724
1279 0.0186003 -0.00636636 7.76449
1280 0.00520351 -0.00320261 5.47639
1281 0.018786 -0.00572101 7.76265
1282 0.00520351 -0.00245098 5.43021
1283 0.0189948 -0.00506106 7.77014
1284 0.00520351 -0.00169935 5.38866
1285 0.0155489 -0.00123929 6.8738
1286 0.00520351 -0.000947712 5.35165
1287 0.010662 0.0111486 6.20248
1288 0.00520351 -0.000196078 5.31913
1289 0.0193398 -0.0035109 7.77436
1290 0.00520351 0.000555556 5.29101
1291 0.0194343 -0.00282991 7.77141
1292 0.00520351 0.00130719 5.26722
1293 0.0195259 -0.00215362 7.77297
1294 0.00520351 0.00205882 5.24768
1295 0.0196108 -0.00145055 7.77743
1296 0.00520351 0.00281046 5.23231
1297 0.0196568 -0.000733348 7.77791
1298 0.00520351 0.00356209 5.22101
1299 0.00520351 0.00431373 5.21369
1300 0.0196472 -3.12061e-05 7.77059
1301 0.00520351 0.00506536 5.21026
1302 0.019644 0.000650943 7.77002
1303 0.00520351 0.00581699 5.21061
1304 0.0196117 0.00133541 7.76735
1305 0.00520351 0.00656863 5.21465
1306 0.0196374 0.00211826 7.78553
1307 0.00520351 0.00732026 5.22226
1308 0.00521453 0.00801442 5.23346
1309 0.0194556 0.0028636 7.75908
1310 0.00532566 0.00876818 5.25859
1311 0.0193235 0.00353532 7.74796
1312 0.0191855 0.0042097 7.74033
1313 0.0190453 0.0049106 7.73832
1314 0.0188544 0.00561098 7.72934
1315 0.0186102 0.00629166 7.71143
1316 0.0183696 0.00696418 7.69879
1317 0.0181239 0.00764789 7.69058
1318 0.0178213 0.00832764 7.67326
1319 0.0174937 0.00894511 7.64871
1320 0.0171734 0.0095458 7.62797
1321 0.0168404 0.0101468 7.60732
1322 0.0164873 0.0108426 7.59517
1323 0.0160029 0.011431 7.54052
1324 0.0155931 0.0119611 7.49853
1325 0.0152012 0.0124738 7.45878
1326 0.0148096 0.0130129 7.42143
1327 0.0144237 0.0135914 7.38879
1328 0.007121 0.00948143 5.49545
1329 0.0171938 -0.00958784 7.74693
1330 0.00907942 0.00986173 5.82113
1331 0.00847478 0.00951571 5.70273
1332 0.0124307 0.0116439 6.65092
1333 0.0117823 0.0113272 6.46835
1334 0.0061425 0.00881827 5.35034
1335 0.00991737 0.0100679 5.98774
1336 0.00576739 -0.0180154 7.44539
1337 0.00640306 -0.0177404 7.43796
1338 0.00707604 -0.0175774 7.46136
1339 0.00778666 -0.0173515 7.48198
1340 0.00838541 -0.0170342 7.4804
1341 0.00896843 -0.0167201 7.48317
1342 0.00955303 -0.0163907 7.48852
1343 0.0101569 -0.0160283 7.49572
1344 0.0107345 -0.015635 7.50001
1345 0.011304 -0.0152263 7.50634
1346 0.0118636 -0.0148062 7.51511
1347 0.0124033 -0.014367 7.52357
1348 0.00583804 -0.0172116 7.29301
1349 0.0129188 -0.0138992 7.52945
1350 0.00586333 -0.0164079 7.14385
1351 0.00585223 -0.01562 7.00118
1352 0.0134094 -0.0134232 7.53568
1353 0.00585388 -0.0148529 6.86892
1354 0.0138814 -0.0129344 7.54233
1355 0.00585388 -0.0141013 6.74466
1356 0.014363 -0.0124261 7.5532
1357 0.00585388 -0.0133497 6.62579
1358 0.0148251 -0.0118775 7.56094
1359 0.00585388 -0.012598 6.51228
1360 0.00585388 -0.0118464 6.40408
1361 0.0152375 -0.0113143 7.56357
1362 0.00585388 -0.0110948 6.30116
1363 0.0156387 -0.0107404 7.56827
1364 0.00585388 -0.0103431 6.20348
1365 0.0160376 -0.0101395 7.57497
1366 0.00585388 -0.0095915 6.111
1367 0.00585388 -0.00883987 6.02368
1368 0.00585388 -0.00808824 5.94147
1369 0.00585388 -0.0073366 5.86434
1370 0.0170055 -0.00842031 7.59093
1371 0.00585388 -0.00658497 5.79223
1372 0.0172847 -0.00782702 7.59496
1373 0.00585388 -0.00583333 5.72509
1374 0.0175875 -0.00718914 7.60516
1375 0.00585388 -0.0050817 5.66287
1376 0.0178475 -0.00651116 7.60871
1377 0.00585388 -0.00433007 5.60552
1378 0.00585388 -0.00357843 5.55298
1379 0.0180535 -0.00583422 7.60633
1380 0.00585388 -0.0028268 5.5052
1381 0.0182613 -0.00515741 7.60982
1382 0.00585388 -0.00207516 5.4621
1383 0.0184948 -0.00445018 7.62299
1384 0.00585388 -0.00132353 5.42364
1385 0.00585388 -0.000571895 5.38973
1386 0.0186326 -0.00374227 7.62046
1387 0.00585388 0.000179739 5.36032
1388 0.0187234 -0.00306048 7.6138
1389 0.00585388 0.000931373 5.33532
1390 0.0188212 -0.00240675 7.61469
1391 0.00585388 0.00168301 5.31466
1392 0.0188943 -0.00174172 7.61429
1393 0.00585388 0.00243464 5.29825
1394 0.0189501 -0.00104788 7.61424
1395 0.00585388 0.00318627 5.28601
1396 0.0189688 -0.000370602 7.61087
1397 0.00585388 0.00393791 5.27785
1398 0.00585388 0.00468954 5.27368
1399 0.0189661 0.000305905 7.60737
1400 0.00585388 0.00544118 5.27338
1401 0.0189506 0.000983347 7.6057
1402 0.00585388 0.00619281 5.27688
1403 0.0189258 0.0016816 7.607
1404 0.00585388 0.00694444 5.28404
1405 0.0188501 0.0023874 7.60162
1406 0.00587272 0.00764298 5.29597
1407 0.0187233 0.00306649 7.58858
1408 0.0185931 0.00373372 7.57918
1409 0.0184506 0.0044018 7.57156
1410 0.0182853 0.0050756 7.56355
1411 0.0180834 0.00573884 7.55098
1412 0.0178571 0.00639709 7.53686
1413 0.017612 0.00705103 7.52241
1414 0.0173475 0.00770176 7.50742
1415 0.0170451 0.00833762 7.48618
1416 0.0167369 0.00893136 7.46344
1417 0.0164064 0.00952588 7.4383
1418 0.0160595 0.0101403 7.41373
1419 0.0156706 0.010735 7.37888
1420 0.0152616 0.0112848 7.33507
1421 0.0148636 0.0118087 7.2911
1422 0.01449 0.0123083 7.24992
1423 0.0140997 0.0129015 7.21358
1424 0.0136954 0.0134979 7.1714
1425 0.00774579 0.00898654 5.56935
1426 0.0112313 0.0108515 6.30809
1427 0.0132527 0.011823 6.87441
1428 0.00690485 0.00883051 5.44656
1429 0.0106815 0.0102978 6.15478
1430 0.0163994 -0.00952572 7.57888
1431 0.0168434 -0.0090347 7.61788
1432 0.00582296 0.00826828 5.30207
1433 0.00918979 0.00900571 5.80527
1434 0.0123987 0.0108459 6.57845
1435 0.00656156 -0.0168786 7.28445
1436 0.00780096 -0.0165768 7.33748
1437 0.00837028 -0.0162892 7.34109
1438 0.00893184 -0.0159805 7.34494
1439 0.00950981 -0.0156392 7.34992
1440 0.0100727 -0.0152684 7.35337
1441 0.0106255 -0.0148834 7.35853
1442 0.0111673 -0.0144876 7.3658
1443 0.0117003 -0.014076 7.37461
1444 0.0122093 -0.0136336 7.3805
1445 0.012698 -0.0131778 7.38656
1446 0.0064851 -0.0160091 7.11864
1447 0.00648676 -0.0152294 6.98164
1448 0.0131647 -0.0127096 7.3925
1449 0.00650424 -0.0144771 6.85629
1450 0.0136198 -0.012222 7.39891
1451 0.00650424 -0.0137255 6.73504
1452 0.0140675 -0.0117104 7.40605
1453 0.00650424 -0.0129739 6.61919
1454 0.0144922 -0.0111819 7.41234
1455 0.00650424 -0.0122222 6.5087
1456 0.00650424 -0.0114706 6.40352
1457 0.014896 -0.0106369 7.41811
1458 0.00650424 -0.010719 6.30364
1459 0.0152851 -0.0100527 7.42193
1460 0.00650424 -0.00996732 6.20901
1461 0.00650424 -0.00921569 6.11959
1462 0.00650424 -0.00846405 6.03534
1463 0.00650424 -0.00771242 5.95621
1464 0.00650424 -0.00696078 5.88217
1465 0.0165115 -0.00792154 7.44412
1466 0.00650424 -0.00620915 5.81316
1467 0.0168055 -0.00727168 7.44802
1468 0.00650424 -0.00545752 5.74913
1469 0.0170708 -0.00661842 7.45129
1470 0.00650424 -0.00470588 5.69004
1471 0.0173073 -0.00595701 7.4534
1472 0.00650424 -0.00395425 5.63583
1473 0.00650424 -0.00320261 5.58645
1474 0.0175157 -0.00528991 7.45458
1475 0.00650424 -0.00245098 5.54184
1476 0.0177141 -0.00461865 7.45873
1477 0.00650424 -0.00169935 5.50194
1478 0.0178786 -0.00393944 7.46045
1479 0.00650424 -0.000947712 5.46668
1480 0.00650424 -0.000196078 5.436
1481 0.018 -0.0032706 7.45838
1482 0.00650424 0.000555556 5.40983
1483 0.0181207 -0.00264425 7.46259
1484 0.00650424 0.00130719 5.38809
1485 0.0182125 -0.00200535 7.46438
1486 0.00650424 0.00205882 5.3707
1487 0.0182482 -0.00135384 7.45758
1488 0.00650424 0.00281046 5.35758
1489 0.0182813 -0.000691379 7.45467
1490 0.00650424 0.00356209 5.34865
1491 0.0182923 -2.9053e-05 7.45141
1492 0.00650424 0.00431373 5.3438
1493 0.00650424 0.00506536 5.34294
1494 0.0182856 0.000627329 7.44875
1495 0.00650424 0.00581699 5.34597
1496 0.0182597 0.00127907 7.44619
1497 0.00650424 0.00656863 5.3528
1498 0.0182014 0.00194748 7.44087
1499 0.00650895 0.00729885 5.36353
1500 0.0181134 0.00261481 7.43335
1501 0.0179981 0.00327246 7.42378
1502 0.0178664 0.00391921 7.41453
1503 0.0177153 0.00457222 7.40532
1504 0.017538 0.00521811 7.39401
1505 0.0173324 0.00585543 7.37984
1506 0.0171088 0.00648176 7.36479
1507 0.0168606 0.00710846 7.34779
1508 0.0165888 0.00772752 7.32831
1509 0.0162907 0.0083278 7.30441
1510 0.0159821 0.00890724 7.27904
1511 0.0156487 0.0094837 7.24972
1512 0.0152816 0.010063 7.21425
1513 0.014907 0.0106252 7.17636
1514 0.0145158 0.0111674 7.13259
1515 0.0141186 0.0116802 7.08375
1516 0.0138461 0.0122598 7.07352
1517 0.00857252 0.00865853 5.68828
1518 0.0130331 0.011053 6.74937
1519 0.0118321 0.0106437 6.43052
1520 0.00654671 0.00809525 5.38265
1521 0.0104413 0.00941247 6.05847
1522 0.00725243 -0.0168979 7.34706
1523 0.0156688 -0.00938175 7.42103
1524 0.0161852 -0.00868102 7.44988
1525 0.00739735 0.00820979 5.49758
1526 0.0114936 0.0101042 6.31788
1527 0.0137637 0.0111392 6.93926
1528 0.00773494 -0.0159087 7.21007
1529 0.00831383 -0.0155694 7.20736
1530 0.00887433 -0.0152622 7.21348
1531 0.00945795 -0.0148955 7.21719
1532 0.00997251 -0.0145175 7.21618
1533 0.0104883 -0.0141472 7.22145
1534 0.0110163 -0.0137656 7.23137
1535 0.0115228 -0.0133523 7.23852
1536 0.0119945 -0.0129145 7.24199
1537 0.0124523 -0.012471 7.24737
1538 0.00711157 -0.0155766 7.09444
1539 0.00712748 -0.0148288 6.96759
1540 0.0129038 -0.0120125 7.25443
1541 0.00715461 -0.0141013 6.85045
1542 0.0133393 -0.0115279 7.26028
1543 0.00715461 -0.0133497 6.73227
1544 0.0137567 -0.0110225 7.26542
1545 0.00715461 -0.012598 6.61947
1546 0.0141597 -0.0105089 7.27207
1547 0.00715461 -0.0118464 6.51202
1548 0.00715461 -0.0110948 6.40993
1549 0.0145554 -0.00998641 7.2813
1550 0.00715461 -0.0103431 6.31315
1551 0.00715461 -0.0095915 6.22162
1552 0.00715461 -0.00883987 6.13532
1553 0.00715461 -0.00808824 6.0542
1554 0.00715461 -0.0073366 5.97822
1555 0.00715461 -0.00658497 5.90734
1556 0.0160754 -0.00731411 7.30426
1557 0.00715461 -0.00583333 5.84151
1558 0.0163188 -0.00669035 7.30251
1559 0.00715461 -0.0050817 5.78068
1560 0.0165625 -0.00605619 7.30507
1561 0.00715461 -0.00433007 5.72481
1562 0.0167798 -0.0054111 7.3066
1563 0.00715461 -0.00357843 5.67384
1564 0.00715461 -0.0028268 5.62772
1565 0.0169693 -0.00476333 7.30722
1566 0.00715461 -0.00207516 5.58639
1567 0.0171354 -0.00410523 7.30737
1568 0.00715461 -0.00132353 5.5498
1569 0.0172677 -0.00343926 7.305
1570 0.00715461 -0.000571895 5.51787
1571 0.00715461 0.000179739 5.49055
1572 0.0173764 -0.0027939 7.30331
1573 0.00715461 0.000931373 5.46776
1574 0.0176125 -0.00225857 7.33772
1575 0.00715461 0.00168301 5.44942
1576 0.0175494 -0.00167652 7.308
1577 0.00715461 0.00243464 5.43547
1578 0.017595 -0.0010116 7.30461
1579 0.00715461 0.00318627 5.42581
1580 0.0176198 -0.000357147 7.30148
1581 0.00715461 0.00393791 5.42035
1582 0.0176231 0.000288092 7.29813
1583 0.00715461 0.00468954 5.419
1584 0.00715461 0.00544118 5.42167
1585 0.0176026 0.00092202 7.29377
1586 0.00716706 0.00620092 5.4299
1587 0.0175588 0.00155918 7.28842
1588 0.0071741 0.00694103 5.44115
1589 0.0174915 0.00220323 7.28205
1590 0.0173943 0.00283728 7.27295
1591 0.0172758 0.00346706 7.26296
1592 0.0171444 0.00408922 7.25376
1593 0.0169887 0.00471812 7.24319
1594 0.0167989 0.00533751 7.22823
1595 0.0165897 0.00594587 7.21189
1596 0.0163663 0.00654888 7.19541
1597 0.0161223 0.00715291 7.17749
1598 0.015843 0.00773868 7.15311
1599 0.0155414 0.008305 7.12456
1600 0.0152269 0.00886392 7.09443
1601 0.0148847 0.00942231 7.05931
1602 0.0145214 0.00997205 7.0194
1603 0.0141745 0.0105293 6.98467
1604 0.00805578 0.00823635 5.59446
1605 0.011131 0.00956766 6.20793
1606 0.00930281 0.00824158 5.79649
1607 0.0129772 0.0102869 6.6726
1608 0.0122579 0.010098 6.4898
1609 0.0149103 -0.00935532 7.2763
1610 0.015726 -0.00796676 7.29293
1611 0.00711446 0.00760132 5.44578
1612 0.0152102 -0.00859459 7.25376
1613 0.00772581 -0.0151788 7.08186
1614 0.00826965 -0.0148083 7.073
1615 0.00887969 -0.0146208 7.10668
1616 0.00930632 -0.0141554 7.07875
1617 0.00981562 -0.0137685 7.07789
1618 0.0103384 -0.0134466 7.09359
1619 0.0108709 -0.0130659 7.10626
1620 0.011315 -0.0126372 7.10469
1621 0.0117549 -0.0122075 7.10687
1622 0.0121948 -0.0117822 7.11412
1623 0.00777205 -0.0144204 6.95943
1624 0.0126388 -0.0113365 7.12367
1625 0.00778063 -0.0137064 6.84607
1626 0.0130386 -0.0108498 7.12564
1627 0.0077787 -0.0129741 6.73379
1628 0.0134341 -0.0103494 7.12986
1629 0.00780859 -0.0122445 6.63011
1630 0.0138132 -0.00985781 7.13707
1631 0.00781075 -0.0114864 6.52498
1632 0.00780498 -0.010719 6.42333
1633 0.00780498 -0.00996732 6.32969
1634 0.00780498 -0.00921569 6.24133
1635 0.00780498 -0.00846405 6.15822
1636 0.00780498 -0.00771242 6.08029
1637 0.00780498 -0.00696078 6.00753
1638 0.00780498 -0.00620915 5.93989
1639 0.015576 -0.0067274 7.15868
1640 0.00780498 -0.00545752 5.87731
1641 0.0158231 -0.00614795 7.16316
1642 0.00780498 -0.00470588 5.81977
1643 0.016048 -0.00551692 7.16424
1644 0.00780498 -0.00395425 5.76721
1645 0.0162307 -0.00490859 7.163
1646 0.00780498 -0.00320261 5.71958
1647 0.00780498 -0.00245098 5.67682
1648 0.0164042 -0.00427031 7.16277
1649 0.00780498 -0.00169935 5.63889
1650 0.0165511 -0.00360774 7.16073
1651 0.00780498 -0.000947712 5.60572
1652 0.0166818 -0.00292195 7.1594
1653 0.00780498 -0.000196078 5.57726
1654 0.00780498 0.000555556 5.55343
1655 0.0168718 -0.00215911 7.17351
1656 0.00780498 0.00130719 5.53418
1657 0.00780498 0.00205882 5.51941
1658 0.0169048 -0.00138025 7.16069
1659 0.00780498 0.00281046 5.50906
1660 0.0169448 -0.000694901 7.15696
1661 0.00780498 0.00356209 5.50304
1662 0.0169572 -4.19153e-05 7.15244
1663 0.00780498 0.00431373 5.50125
1664 0.0169461 0.000580875 7.14726
1665 0.00780498 0.00506536 5.5036
1666 0.00780498 0.00581699 5.50996
1667 0.0169165 0.00119577 7.14201
1668 0.00784076 0.00661814 5.52606
1669 0.0168647 0.00181025 7.13575
1670 0.0167857 0.00242408 7.1273
1671 0.016677 0.00303293 7.11591
1672 0.0165551 0.00363315 7.105
1673 0.0164409 0.00423557 7.09945
1674 0.0162588 0.00485377 7.08289
1675 0.0160609 0.00543105 7.06426
1676 0.0158488 0.00601221 7.04566
1677 0.0156438 0.00659821 7.03189
1678 0.0153878 0.00717888 7.00907
1679 0.0150966 0.00772366 6.97806
1680 0.0147932 0.0082641 6.94579
1681 0.014472 0.00880317 6.91078
1682 0.0141301 0.00935066 6.87271
1683 0.0136632 0.00992703 6.80752
1684 0.0100595 0.00865804 5.949
1685 0.0086311 0.00783018 5.67193
1686 0.0110802 0.00878511 6.15473
1687 0.00783637 0.00747048 5.54199
1688 0.0119529 0.00931853 6.36942
1689 0.0142523 -0.00940724 7.16391
1690 0.0154194 -0.00734381 7.17933
1691 0.0128556 0.00960159 6.59197
1692 0.0143925 -0.00879623 7.1247
1693 0.0149755 -0.0077697 7.13263
1694 0.00849508 -0.0140058 6.96535
1695 0.00908729 -0.0133255 6.92422
1696 0.00972304 -0.0130302 6.95458
1697 0.0102944 -0.0128398 6.99788
1698 0.0106558 -0.0123598 6.97578
1699 0.0110695 -0.0119299 6.9719
1700 0.0114973 -0.0115069 6.97526
1701 0.0120179 -0.0111865 7.00997
1702 0.0123433 -0.0106685 6.99404
1703 0.0127086 -0.0101726 6.99153
1704 0.00846901 -0.0126873 6.76163
1705 0.0131344 -0.00965838 7.00122
1706 0.00846505 -0.0119052 6.64976
1707 0.00846246 -0.0111104 6.54229
1708 0.00845535 -0.0103431 6.44373
1709 0.00845535 -0.0095915 6.3533
1710 0.00845535 -0.00883987 6.26816
1711 0.00845535 -0.00808824 6.18829
1712 0.00845535 -0.0073366 6.11363
1713 0.00845535 -0.00658497 6.04415
1714 0.00845535 -0.00583333 5.97982
1715 0.0150398 -0.00618367 7.0145
1716 0.00845535 -0.0050817 5.92059
1717 0.0154127 -0.00566094 7.04899
1718 0.00845535 -0.00433007 5.86642
1719 0.0154898 -0.0050484 7.02388
1720 0.00845535 -0.00357843 5.81726
1721 0.0156743 -0.00444815 7.025
1722 0.00845535 -0.0028268 5.77307
1723 0.00845535 -0.00207516 5.73379
1724 0.0158472 -0.00379769 7.02571
1725 0.00845535 -0.00132353 5.69937
1726 0.0159563 -0.00312823 7.01753
1727 0.00845535 -0.000571895 5.66976
1728 0.0160859 -0.00241805 7.01714
1729 0.00845535 0.000179739 5.6449
1730 0.00845535 0.000931373 5.62472
1731 0.0161972 -0.00169576 7.0184
1732 0.00845535 0.00168301 5.60915
1733 0.00845535 0.00243464 5.59812
1734 0.0162756 -0.00100967 7.01929
1735 0.00845535 0.00318627 5.59156
1736 0.0163041 -0.00034898 7.01501
1737 0.00845535 0.00393791 5.58938
1738 0.0162788 0.00025799 7.00406
1739 0.00845535 0.00468954 5.5915
1740 0.0162785 0.000851391 7.00227
1741 0.00845535 0.00544118 5.5978
1742 0.00848936 0.00622389 5.61373
1743 0.0162322 0.00144386 6.99429
1744 0.0161716 0.00202124 6.98647
1745 0.0160874 0.00261944 6.9773
1746 0.0159497 0.00320162 6.95948
1747 0.0158305 0.00378926 6.94919
1748 0.0158296 0.00438453 6.96872
1749 0.0155292 0.00491866 6.92254
1750 0.0153133 0.00549209 6.89949
1751 0.0151035 0.00607205 6.88091
1752 0.0150036 0.00666869 6.89075
1753 0.0146307 0.00714507 6.83431
1754 0.0143552 0.0076774 6.80488
1755 0.0140511 0.00819905 6.76976
1756 0.0137284 0.00870861 6.7307
1757 0.0134632 0.0092596 6.70889
1758 0.00938709 0.00739657 5.7837
1759 0.00992606 0.00793532 5.89657
1760 0.00833791 -0.0133403 6.84565
1761 0.0136153 -0.00905419 7.01579
1762 0.0147596 -0.00696436 7.02288
1763 0.00856047 0.00703223 5.64037
1764 0.0106423 0.00801392 6.03353
1765 0.0119469 0.00845854 6.31863
1766 0.012873 0.00878172 6.54058
1767 0.00913584 -0.0123881 6.7917
1768 0.0103244 -0.0117788 6.8521
1769 0.010767 -0.0112474 6.83975
1770 0.0114767 -0.010663 6.86437
1771 0.0192538 -0.0043109 7.78994
1772 0.0119408 -0.010038 6.85762
1773 0.0123592 -0.00951403 6.86169
1774 0.00910419 -0.0114907 6.66409
1775 0.00913509 -0.0107228 6.56757
1776 0.00910571 -0.00996732 6.47115
1777 0.0091253 -0.009211 6.38576
1778 0.00912462 -0.00846387 6.30434
1779 0.00910571 -0.00771242 6.22554
1780 0.00910571 -0.00696078 6.15421
1781 0.00910571 -0.00620915 6.0881
1782 0.00910571 -0.00545752 6.02715
1783 0.0147182 -0.00540256 6.89876
1784 0.00910571 -0.00470588 5.97135
1785 0.00910571 -0.00395425 5.92064
1786 0.0149104 -0.00457096 6.88345
1787 0.00910571 -0.00320261 5.87498
1788 0.015219 -0.0039992 6.9118
1789 0.00910571 -0.00245098 5.83433
1790 0.00910571 -0.00169935 5.79864
1791 0.0152405 -0.0033596 6.88468
1792 0.00910571 -0.000947712 5.76786
1793 0.0153334 -0.00267701 6.87446
1794 0.00910571 -0.000196078 5.74194
1795 0.0154482 -0.00194992 6.87241
1796 0.00910571 0.000555556 5.72081
1797 0.00910571 0.00130719 5.70442
1798 0.0157401 -0.0006442 6.90146
1799 0.00910571 0.00205882 5.69271
1800 0.00910571 0.00281046 5.6856
1801 0.00910571 0.00356209 5.68302
1802 0.0156109 -4.97993e-05 6.86643
1803 0.00910571 0.00431373 5.68491
1804 0.01558 0.000551801 6.85543
1805 0.00910571 0.00506536 5.69118
1806 0.0157064 0.00112578 6.88123
1807 0.00912252 0.00582439 5.70449
1808 0.0155388 0.00165886 6.84797
1809 0.01559 0.00221997 6.86432
1810 0.015347 0.00275696 6.82053
1811 0.0152175 0.00341624 6.80648
1812 0.0151159 0.00419634 6.80605
1813 0.014812 0.00492093 6.76566
1814 0.0145593 0.00560452 6.73872
1815 0.0143155 0.00636826 6.72117
1816 0.0139478 0.00702379 6.6748
1817 0.0136571 0.00760077 6.64324
1818 0.0132914 0.008152 6.59487
1819 0.0113398 0.00802715 6.17139
1820 0.0138674 -0.00824653 6.97803
1821 0.00992403 -0.0123442 6.8798
1822 0.0128295 -0.00899712 6.88016
1823 0.0142763 -0.0062082 6.87499
1824 0.00917309 0.00658699 5.72773
1825 0.0102316 0.00735362 5.93151
1826 0.0125417 0.00795523 6.41915
1827 0.00987189 -0.0110998 6.70428
1828 0.0105512 -0.0105616 6.72393
1829 0.0110858 -0.0099629 6.725
1830 0.00978881 -0.0103232 6.59649
1831 0.00979974 -0.00956773 6.50828
1832 0.00981571 -0.00883867 6.42907
1833 0.00977973 -0.00808396 6.34575
1834 0.00975608 -0.0073366 6.26998
1835 0.00975608 -0.00658497 6.20204
1836 0.00975608 -0.00583333 6.13936
1837 0.00975608 -0.0050817 6.08188
1838 0.0141334 -0.00468074 6.74515
1839 0.00975608 -0.00433007 6.02958
1840 0.00975608 -0.00357843 5.98241
1841 0.0144854 -0.00381402 6.76151
1842 0.00975608 -0.0028268 5.94035
1843 0.00975608 -0.00207516 5.90335
1844 0.00975608 -0.00132353 5.87137
1845 0.014596 -0.00298544 6.74372
1846 0.00975608 -0.000571895 5.84435
1847 0.0147093 -0.00220443 6.73525
1848 0.00975608 0.000179739 5.82225
1849 0.00975608 0.000931373 5.805
1850 0.00975608 0.00168301 5.79256
1851 0.0150154 -0.000595015 6.75293
1852 0.00975608 0.00243464 5.78487
1853 0.00975608 0.00318627 5.78186
1854 0.00976774 0.00395494 5.78544
1855 0.0149422 0.000264283 6.72686
1856 0.00976753 0.00471244 5.79177
1857 0.014978 0.00112443 6.72971
1858 0.00977245 0.00546542 5.80337
1859 0.014875 0.00206103 6.71238
1860 0.0146389 0.00287537 6.67396
1861 0.0144889 0.00362862 6.65765
1862 0.0142923 0.00435121 6.63575
1863 0.014038 0.00503555 6.60457
1864 0.013788 0.00572468 6.578
1865 0.0134952 0.00638513 6.54445
1866 0.0132171 0.00701554 6.51527
1867 0.0130296 0.00757211 6.50403
1868 0.0131426 -0.00830083 6.86046
1869 0.0139028 -0.00695159 6.86756
1870 0.0110802 0.00724322 6.08658
1871 0.0118941 0.00759043 6.26385
1872 0.0115328 -0.00937031 6.72137
1873 0.0120338 -0.00886885 6.74199
1874 0.0138492 -0.00550575 6.74762
1875 0.0148353 -0.00143177 6.73606
1876 0.0097975 0.00618127 5.82199
1877 0.0103735 -0.00992812 6.62426
1878 0.010594 -0.00923919 6.57449
1879 0.0104806 -0.00843342 6.47327
1880 0.010418 -0.00769519 6.39128
1881 0.0104065 -0.00696078 6.32159
1882 0.0104065 -0.00620915 6.2571
1883 0.0104065 -0.00545752 6.19791
1884 0.0104065 -0.00470588 6.14397
1885 0.0136152 -0.00402895 6.61421
1886 0.0104065 -0.00395425 6.09524
1887 0.0104065 -0.00320261 6.05171
1888 0.0138266 -0.0032434 6.61218
1889 0.0104065 -0.00245098 6.01335
1890 0.0104065 -0.00169935 5.98011
1891 0.0104065 -0.000947712 5.95195
1892 0.0139798 -0.00247681 6.60731
1893 0.0104065 -0.000196078 5.92882
1894 0.0104065 0.000555556 5.91068
1895 0.0104065 0.00130719 5.89745
1896 0.0104065 0.00205882 5.88909
1897 0.0143186 -0.000126863 6.60822
1898 0.0104065 0.00281046 5.8856
1899 0.010431 0.00359439 5.89113
1900 0.0104305 0.00436389 5.89756
1901 0.0142629 0.00068595 6.58831
1902 0.0104254 0.00513556 5.90812
1903 0.0141827 0.00151247 6.56995
1904 0.0140653 0.00232059 6.5505
1905 0.0139034 0.00309493 6.52739
1906 0.0137338 0.00379506 6.50625
1907 0.0135167 0.00446978 6.47876
1908 0.0132631 0.00513356 6.44685
1909 0.0130055 0.00579375 6.4171
1910 0.0126788 0.00647178 6.37662
1911 0.0142344 -0.00754926 6.97786
1912 0.0134168 -0.00759724 6.83993
1913 0.0124872 -0.00840675 6.76522
1914 0.0134552 -0.00627432 6.73526
1915 0.0104358 0.00590469 5.92596
1916 0.0104343 0.00665513 5.94591
1917 0.011214 -0.00867117 6.60009
1918 0.013306 -0.00484188 6.60833
1919 0.0140854 -0.00168241 6.59923
1920 0.0142326 -0.000911968 6.60635
1921 0.01248 0.0071538 6.36556
1922 0.0118742 0.00669263 6.22167
1923 0.0111143 -0.00798785 6.51671
1924 0.011044 -0.0073009 6.44163
1925 0.0110525 -0.00656427 6.37795
1926 0.0110829 -0.00583557 6.32331
1927 0.0110568 -0.0050817 6.26372
1928 0.0110404 -0.00432822 6.21084
1929 0.0130525 -0.00342617 6.48371
1930 0.0110531 -0.00357514 6.16758
1931 0.0110799 -0.00282608 6.13199
1932 0.0132083 -0.00267002 6.47565
1933 0.0110841 -0.0020814 6.09843
1934 0.0110851 -0.00133341 6.06934
1935 0.0110801 -0.000583618 6.04435
1936 0.0110688 0.000163992 6.02347
1937 0.0110372 0.000920253 6.00412
1938 0.0110256 0.00168525 5.99293
1939 0.0110577 0.00244975 5.99411
1940 0.0136368 0.000252543 6.47216
1941 0.011094 0.00322999 6.00153
1942 0.0111179 0.00402822 6.0124
1943 0.0111164 0.00481987 6.02445
1944 0.0135233 0.00103586 6.4431
1945 0.0134283 0.00182743 6.42319
1946 0.0133322 0.00256668 6.40827
1947 0.0131705 0.00326691 6.3847
1948 0.0130015 0.00391867 6.36269
1949 0.0127395 0.00456392 6.32545
1950 0.0124734 0.00520063 6.28997
1951 0.0122627 0.00592495 6.27122
1952 0.0125541 -0.00769631 6.70677
1953 0.0130517 -0.00698329 6.72464
1954 0.0118576 -0.00818533 6.64555
1955 0.0130114 -0.00564713 6.61285
1956 0.0128243 -0.00421216 6.48752
1957 0.0133988 -0.00195077 6.48155
1958 0.0137432 -0.000444096 6.50389
1959 0.0110581 0.00559705 6.03083
1960 0.0134082 -0.00112259 6.45722
1961 0.0115852 -0.00692197 6.48744
1962 0.0118027 -0.00625813 6.4645
1963 0.0117279 -0.00543464 6.39019
1964 0.0116784 -0.00469945 6.3319
1965 0.0116557 -0.00394747 6.28163
1966 0.0124477 -0.00288731 6.35434
1967 0.01173 -0.00321178 6.25287
1968 0.0117899 -0.00245222 6.22611
1969 0.0117654 -0.00172886 6.1927
1970 0.0117582 -0.000957793 6.16527
1971 0.011774 -0.000245573 6.14871
1972 0.01169 0.000527606 6.11895
1973 0.011635 0.00129658 6.09932
1974 0.0116205 0.00206214 6.09185
1975 0.0117908 0.0028443 6.12212
1976 0.0129337 0.000557262 6.33752
1977 0.0117556 0.00367506 6.12284
1978 0.0118938 0.00452295 6.16146
1979 0.0128514 0.00134531 6.31548
1980 0.0127766 0.00208784 6.30026
1981 0.0126031 0.00279796 6.27105
1982 0.0124352 0.00341014 6.24556
1983 0.0123552 0.00401941 6.2398
1984 0.0117415 0.00531087 6.15117
1985 0.0126186 -0.00635511 6.60157
1986 0.0116083 0.00598976 6.14547
1987 0.0124475 -0.0049823 6.47294
1988 0.0117402 -0.00754292 6.56634
1989 0.0123443 -0.00361815 6.37398
1990 0.0125572 -0.00208346 6.33841
1991 0.0131129 -0.000267058 6.38344
1992 0.0123165 -0.00575418 6.50668
1993 0.0125863 -0.000693721 6.29887
1994 0.0123898 0.000123695 6.24667
1995 0.0122697 0.000914116 6.21388
1996 0.0121882 0.00231019 6.19263
1997 0.0122635 -0.00695596 6.59453
1998 0.0123112 -0.00138123 6.27184
1999 0.00980069 0.00682586 5.83907
2000 0.0122044 0.00166501 6.19641
2001 0.00965672 -0.0117881 6.76989
2002 0.01216 -0.00429421 6.38286
2003 0.00709172 -0.0162796 7.21829
2004 0.0133557 0.012712 6.99052
2005 0.0126596 0.0141843 6.9548
2006 0.0135252 0.0105786 6.82933
2007 0.0062183 0.0107765 5.41806
2008 0.0129177 -0.00149067 6.38051
2009 0.010796 0.0198905 6.93548
2010 0.00374604 0.0177494 5.47774
2011 0.00537493 0.0190436 5.73274
2012 0.0103394 0.0201595 6.8185
2013 0.0084606 0.0164579 6.08104
2014 0.00908572 0.0168625 6.2441
2015 0.00786185 0.0160847 5.93922
2016 0.00965232 0.0172727 6.40854
2017 0.00723436 0.0157545 5.80725
2018 0.0102002 0.0177275 6.58578
2019 0.00659138 0.0154565 5.68689
2020 0.0107276 0.018196 6.77353
2021 0.00590869 0.0151592 5.57314
2022 0.0112498 0.0186756 6.97699
2023 0.00525611 0.0149054 5.47789
2024 0.0117311 0.0192174 7.19092
2025 0.00461009 0.0146963 5.3964
2026 0.0121532 0.0198676 7.41189
2027 0.00388789 0.0145149 5.31978
2028 0.0126294 0.0205635 7.67585
2029 0.00315003 0.0143671 5.25588
2030 0.00242279 0.0142419 5.20576
2031 0.00170778 0.0141239 5.16792
2032 0.000924732 0.0140426 5.14072
2033 0.0120439 0.0212099 7.48663
2034 0.0114178 0.02148 7.26803
2035 0.0107571 0.0218365 7.07139
2036 0.0100974 0.0221598 6.89612
2037 0.000642508 0.0152025 5.18648
2038 0.009421 0.0224498 6.73407
2039 0.000651928 0.0158711 5.2186
2040 0.00876157 0.0227185 6.59284
2041 0.000646438 0.0165914 5.25507
2042 0.0080923 0.0229622 6.46368
2043 0.000631477 0.0173437 5.2953
2044 0.00739639 0.0232015 6.34428
2045 0.000631477 0.0180729 5.33677
2046 0.00673737 0.0234013 6.24319
2047 0.000631477 0.0188021 5.38031
2048 0.00602569 0.023589 6.14615
2049 0.000631477 0.0195312 5.4259
2050 0.00533394 0.023758 6.06427
2051 0.000631477 0.0202604 5.47352
2052 0.0046362 0.0239009 5.99238
2053 0.000631477 0.0209896 5.52317
2054 0.00391267 0.0240355 5.9298
2055 0.000631477 0.0217187 5.57489
2056 0.0032315 0.0241366 5.88069
2057 0.000601033 0.0224495 5.6281
2058 0.00251709 0.0241853 5.83642
2059 0.000626084 0.0231995 5.68577
2060 0.00182478 0.0242311 5.80473
2061 0.000632955 0.0240031 5.74963
2062 0.00057523 0.0146038 5.15829
2063 0.00121196 0.0243704 5.79392
2064 0.00842178 0.0172031 6.12353
2065 0.00782766 0.0168343 5.98088
2066 0.00897981 0.0176088 6.27352
2067 0.00723882 0.0164943 5.85301
2068 0.00951839 0.0180275 6.43236
2069 0.00663582 0.0161907 5.7361
2070 0.0100276 0.0184654 6.59774
2071 0.00599182 0.0159007 5.62511
2072 0.0105289 0.0189018 6.77366
2073 0.00535575 0.015652 5.52881
2074 0.0110163 0.0193443 6.95976
2075 0.00471607 0.0154294 5.44408
2076 0.0114012 0.0199293 7.13788
2077 0.0040493 0.0152435 5.36906
2078 0.0116337 0.020653 7.27983
2079 0.00335982 0.0150769 5.30386
2080 0.00260875 0.0149745 5.24906
2081 0.00187866 0.0148653 5.20727
2082 0.00118611 0.0147124 5.17636
2083 0.0108469 0.0211063 7.04627
2084 0.010149 0.0214036 6.85633
2085 0.00950211 0.0216839 6.69993
2086 0.00129665 0.0154212 5.21211
2087 0.00884664 0.0219837 6.55952
2088 0.00130277 0.0161637 5.24875
2089 0.00820508 0.0222311 6.43396
2090 0.00127472 0.0169403 5.28857
2091 0.00753552 0.0224746 6.3167
2092 0.00127011 0.0177083 5.33102
2093 0.00687684 0.0226748 6.21219
2094 0.00127011 0.0184375 5.37361
2095 0.00621782 0.0228742 6.12053
2096 0.00127011 0.0191667 5.41824
2097 0.0055259 0.0230437 6.03434
2098 0.00127011 0.0198958 5.46489
2099 0.00485499 0.0231943 5.96206
2100 0.00127011 0.020625 5.51356
2101 0.00415695 0.0233369 5.8981
2102 0.00128679 0.0213869 5.56716
2103 0.00347603 0.0234383 5.8445
2104 0.00126143 0.0221235 5.61975
2105 0.00281062 0.0235296 5.80236
2106 0.00114194 0.0227891 5.66631
2107 0.00210707 0.0235121 5.76004
2108 0.00137662 0.0234914 5.72771
2109 0.010853 0.0204796 6.99992
2110 0.00777504 0.0175717 6.01932
2111 0.00832554 0.0179433 6.15437
2112 0.00720267 0.017232 5.89312
2113 0.00885199 0.0183634 6.29862
2114 0.00664533 0.0169331 5.78222
2115 0.00934416 0.0187927 6.44645
2116 0.0060536 0.0166424 5.67638
2117 0.00983659 0.0192317 6.60586
2118 0.00543822 0.0163837 5.57937
2119 0.0103379 0.0195639 6.77119
2120 0.00481621 0.016159 5.49364
2121 0.00419554 0.0159679 5.41973
2122 0.00353838 0.0157996 5.35347
2123 0.00285045 0.0156454 5.29616
2124 0.00203308 0.0156741 5.2521
2125 0.0101596 0.0206815 6.80578
2126 0.00956221 0.0209087 6.65909
2127 0.00893801 0.0211966 6.52415
2128 0.0082967 0.0214776 6.39895
2129 0.0018901 0.0164977 5.28789
2130 0.00765866 0.0217202 6.28547
2131 0.00190396 0.0173037 5.33203
2132 0.00701573 0.0219482 6.18284
2133 0.00190874 0.0180729 5.37612
2134 0.00635773 0.0221477 6.08818
2135 0.00190874 0.0188021 5.41985
2136 0.00570042 0.0223154 6.00358
2137 0.00190874 0.0195312 5.4656
2138 0.005047 0.02248 5.93082
2139 0.00190874 0.0202604 5.51333
2140 0.00437185 0.0226195 5.86513
2141 0.00195623 0.0210381 5.5687
2142 0.00371365 0.0227403 5.811
2143 0.00193091 0.021839 5.62462
2144 0.00304762 0.0228454 5.76578
2145 0.00182894 0.022721 5.68554
2146 0.00246798 0.0229605 5.73706
2147 0.00715143 0.0179548 5.93091
2148 0.00770276 0.0182812 6.05304
2149 0.00819744 0.0186912 6.17955
2150 0.00660867 0.01767 5.82222
2151 0.0086851 0.0191314 6.31598
2152 0.00606988 0.0173729 5.72241
2153 0.00917079 0.019601 6.4637
2154 0.00548759 0.0170957 5.62683
2155 0.00969565 0.0200614 6.63113
2156 0.00490008 0.0168943 5.54416
2157 0.00431294 0.0166904 5.47023
2158 0.00367784 0.0165295 5.40333
2159 0.00306535 0.0163817 5.34843
2160 0.00904212 0.020406 6.49149
2161 0.00839642 0.0207068 6.36505
2162 0.00775968 0.0209737 6.25158
2163 0.00252418 0.0169221 5.3428
2164 0.00713195 0.02121 6.15017
2165 0.00254647 0.0176611 5.38529
2166 0.00649667 0.0214212 6.05751
2167 0.00254738 0.0184375 5.431
2168 0.00585265 0.0215962 5.97251
2169 0.00254738 0.0191667 5.47596
2170 0.00520357 0.0217472 5.89633
2171 0.00254738 0.0198958 5.52285
2172 0.00454781 0.0219029 5.83079
2173 0.00261583 0.0206557 5.57801
2174 0.00388909 0.0220587 5.7759
2175 0.00269883 0.0214793 5.64072
2176 0.00319561 0.022155 5.72482
2177 0.00253068 0.022284 5.68931
2178 0.00246567 0.0161927 5.30122
2179 0.00656759 0.0184044 5.86268
2180 0.00713005 0.0185752 5.96841
2181 0.0075477 0.0189994 6.07209
2182 0.00802653 0.0194455 6.19701
2183 0.00602018 0.0181188 5.76127
2184 0.00852004 0.0199174 6.33553
2185 0.00556023 0.0177212 5.67398
2186 0.00497119 0.0176342 5.59575
2187 0.00438989 0.0174239 5.51969
2188 0.00385497 0.0171398 5.45255
2189 0.00320151 0.0171953 5.40216
2190 0.00786557 0.0202109 6.21842
2191 0.00723765 0.0204625 6.1162
2192 0.00662309 0.0207079 6.02731
2193 0.00316436 0.0180429 5.44837
2194 0.00599311 0.0208989 5.94323
2195 0.00319395 0.0188109 5.49721
2196 0.00534466 0.0210209 5.86247
2197 0.00318601 0.0195312 5.54226
2198 0.00467689 0.0211492 5.79094
2199 0.00325619 0.0202589 5.59539
2200 0.00403899 0.0213384 5.73794
2201 0.00334174 0.0209499 5.64949
2202 0.0034201 0.0215682 5.69984
2203 0.00672163 0.0191942 5.93896
2204 0.00598277 0.01878 5.79793
2205 0.00734294 0.0197063 6.0827
2206 0.00527233 0.0183459 5.67489
2207 0.00447447 0.0181201 5.5695
2208 0.00669244 0.0199604 5.98651
2209 0.00615181 0.0202852 5.92422
2210 0.00384454 0.0184851 5.53054
2211 0.00552242 0.0203153 5.83694
2212 0.00385677 0.0192175 5.57768
2213 0.00484969 0.0204146 5.75941
2214 0.00378495 0.0198802 5.6146
2215 0.00405308 0.020544 5.68347
2216 0.00594302 0.0195917 5.84544
2217 0.00511548 0.0196681 5.7408
2218 0.00461208 0.0189451 5.63538
2219 0.00445364 0.0197829 5.67323
2220 0.011873 0.0295462 7.84622
2221 0.0119373 0.0316265 7.99018
2222 0.00447879 0.028437 6.37201
2223 0.00522371 0.0296007 6.56663
2224 0.0117853 0.0407577 8.93071
2225 0.0122553 0.0402299 8.942
2226 0.0126969 0.0396781 8.95168
2227 0.0112698 0.0412977 8.92058
2228 0.0131064 0.0390921 8.95771
2229 0.010768 0.0417894 8.91295
2230 0.0135216 0.0384637 8.96722
2231 0.0102352 0.0422535 8.90295
2232 0.0138929 0.0378586 8.97779
2233 0.00967586 0.0426886 8.89128
2234 0.0142288 0.0372354 8.98582
2235 0.00907219 0.0431278 8.88151
2236 0.0145287 0.0365997 8.99155
2237 0.00848741 0.0435203 8.87382
2238 0.0148205 0.0359118 8.9979
2239 0.00788044 0.0438814 8.86485
2240 0.0150757 0.0352492 9.00523
2241 0.00725566 0.044212 8.8554
2242 0.0152939 0.0345767 9.00998
2243 0.0065832 0.0445362 8.84732
2244 0.015474 0.0338978 9.01189
2245 0.00593771 0.0448183 8.84158
2246 0.0156391 0.0331697 9.01446
2247 0.00527633 0.0450666 8.83508
2248 0.0157698 0.0324735 9.01718
2249 0.00458199 0.0452735 8.8252
2250 0.0158653 0.0317732 9.01761
2251 0.00388281 0.0454778 8.82242
2252 0.0159213 0.0310732 9.01448
2253 0.00319601 0.0456486 8.82119
2254 0.0159536 0.0303273 9.01118
2255 0.00251561 0.0457972 8.823
2256 0.0159593 0.0296182 9.00826
2257 0.00176466 0.0458629 8.81215
2258 0.0159294 0.0289101 9.00228
2259 0.000969322 0.0459141 8.80577
2260 0.0158573 0.0282141 8.99067
2261 0.0157558 0.0274744 8.97788
2262 0.0156336 0.0267765 8.96416
2263 0.0154776 0.026087 8.9451
2264 0.000656016 0.0447501 8.55621
2265 0.015284 0.0254122 8.91737
2266 0.00064703 0.0440517 8.41463
2267 0.0150519 0.0247027 8.88113
2268 0.00064703 0.0433046 8.26773
2269 0.0148099 0.0240302 8.83819
2270 0.00064703 0.0425575 8.12523
2271 0.0145528 0.0233722 8.78169
2272 0.00064703 0.0418103 7.98712
2273 0.0141824 0.022704 8.65111
2274 0.00064703 0.0410632 7.85332
2275 0.0137865 0.0219998 8.45
2276 0.00064703 0.0403161 7.72374
2277 0.00064703 0.039569 7.59829
2278 0.00064703 0.0388218 7.47686
2279 0.00064703 0.0380747 7.35936
2280 0.0126052 0.0223374 7.80078
2281 0.00064703 0.0373276 7.24569
2282 0.0119683 0.0226797 7.55426
2283 0.00064703 0.0365805 7.13575
2284 0.0112956 0.0230121 7.32858
2285 0.00064703 0.0358333 7.02943
2286 0.0106167 0.0233262 7.12934
2287 0.00064703 0.0350862 6.92663
2288 0.0099232 0.0236214 6.94909
2289 0.00064703 0.0343391 6.82725
2290 0.00921991 0.0239073 6.7874
2291 0.00064703 0.033592 6.73117
2292 0.00850696 0.0241675 6.64104
2293 0.00064703 0.0328448 6.6383
2294 0.00779516 0.0244109 6.51167
2295 0.00064703 0.0320977 6.54854
2296 0.0070688 0.0246316 6.39442
2297 0.00064703 0.0313506 6.46178
2298 0.00635055 0.0248216 6.29174
2299 0.00064703 0.0306034 6.37791
2300 0.00561297 0.0250012 6.20021
2301 0.00064703 0.0298563 6.29685
2302 0.00486951 0.0251541 6.12025
2303 0.00064703 0.0291092 6.21851
2304 0.00412887 0.0252939 6.05368
2305 0.00064703 0.0283621 6.14278
2306 0.00338236 0.0254143 5.99849
2307 0.00064703 0.0276149 6.06953
2308 0.00262488 0.025512 5.95401
2309 0.000680345 0.0268366 5.9965
2310 0.00185866 0.0256011 5.92175
2311 0.000623094 0.0261064 5.92877
2312 0.00112829 0.0255765 5.89348
2313 0.000514771 0.0254966 5.87331
2314 0.000589716 0.0453571 8.68162
2315 0.013106 0.0219669 8.02322
2316 0.0110526 0.040577 8.77352
2317 0.0115194 0.0400659 8.78216
2318 0.0119614 0.0395433 8.7916
2319 0.0123705 0.038993 8.79789
2320 0.0105672 0.0410614 8.76465
2321 0.0127646 0.0384184 8.80503
2322 0.0100678 0.0415262 8.7573
2323 0.0131371 0.0378282 8.81293
2324 0.0095387 0.0419573 8.74675
2325 0.0134809 0.0372305 8.82085
2326 0.0089885 0.0423725 8.73747
2327 0.0137843 0.0366208 8.82547
2328 0.00842343 0.0427664 8.7295
2329 0.0140661 0.0359952 8.83037
2330 0.00784762 0.0431319 8.72215
2331 0.0143202 0.0353532 8.83421
2332 0.00724963 0.0434657 8.71337
2333 0.014553 0.0347087 8.83955
2334 0.00663488 0.0437758 8.70544
2335 0.0147448 0.0340534 8.84085
2336 0.00600958 0.0440643 8.69949
2337 0.0149086 0.0333855 8.841
2338 0.0053776 0.0443231 8.69432
2339 0.015051 0.0327099 8.84199
2340 0.00472657 0.0445435 8.68714
2341 0.0151604 0.0320355 8.84113
2342 0.00405654 0.0447375 8.68062
2343 0.015232 0.0313559 8.83659
2344 0.00338151 0.044914 8.67766
2345 0.015273 0.0306689 8.82989
2346 0.00271797 0.0450733 8.67909
2347 0.0152903 0.0299805 8.82297
2348 0.00209521 0.0452894 8.70091
2349 0.0152806 0.0292958 8.8147
2350 0.00139387 0.0451544 8.65284
2351 0.0152306 0.0286152 8.80062
2352 0.0151489 0.0279315 8.78248
2353 0.0150427 0.0272512 8.76163
2354 0.0149105 0.0265808 8.7363
2355 0.0147388 0.0259168 8.70021
2356 0.00129903 0.0444117 8.49826
2357 0.0145343 0.0252519 8.65291
2358 0.00124949 0.0436591 8.34719
2359 0.0142985 0.0245856 8.59024
2360 0.00129506 0.042931 8.20738
2361 0.0140581 0.0239369 8.51641
2362 0.00129506 0.0421839 8.06722
2363 0.0138808 0.0233046 8.45757
2364 0.00129506 0.0414368 7.93144
2365 0.0133576 0.022762 8.18834
2366 0.00129506 0.0406897 7.79995
2367 0.00129506 0.0399425 7.67264
2368 0.00129506 0.0391954 7.5494
2369 0.00129506 0.0384483 7.43015
2370 0.00129506 0.0377011 7.31479
2371 0.0126315 0.0231055 7.84947
2372 0.00129506 0.036954 7.2032
2373 0.0119159 0.023433 7.57494
2374 0.00129506 0.0362069 7.09529
2375 0.011238 0.0237665 7.35463
2376 0.00129506 0.0354598 6.99096
2377 0.0105144 0.0240667 7.14637
2378 0.00129506 0.0347126 6.8901
2379 0.00981793 0.0243704 6.97196
2380 0.00129506 0.0339655 6.79259
2381 0.00908778 0.0246519 6.80878
2382 0.00129506 0.0332184 6.69835
2383 0.00836786 0.0248946 6.66504
2384 0.00129506 0.0324713 6.60726
2385 0.00763001 0.0251414 6.53599
2386 0.00129506 0.0317241 6.51922
2387 0.00687004 0.0253488 6.41724
2388 0.00129506 0.030977 6.43412
2389 0.00613655 0.025547 6.31849
2390 0.00129506 0.0302299 6.35186
2391 0.00537302 0.0257184 6.2284
2392 0.00129506 0.0294828 6.27235
2393 0.00462528 0.0258528 6.15201
2394 0.00129506 0.0287356 6.19554
2395 0.00385982 0.0260006 6.08925
2396 0.0012676 0.0279894 6.12053
2397 0.00308846 0.0261175 6.03757
2398 0.00130584 0.0272236 6.04801
2399 0.00230087 0.0262449 5.99983
2400 0.00142492 0.0263655 5.97225
2401 0.0108096 0.0398795 8.62934
2402 0.0103511 0.0403602 8.62198
2403 0.011236 0.0393831 8.63533
2404 0.0116383 0.0388723 8.64128
2405 0.0120291 0.0383378 8.64827
2406 0.00987503 0.0408053 8.61284
2407 0.0123992 0.03778 8.65488
2408 0.00938486 0.0412332 8.6052
2409 0.0127371 0.0372085 8.65984
2410 0.00886974 0.0416436 8.59752
2411 0.0130477 0.0366289 8.66453
2412 0.00833513 0.0420301 8.58969
2413 0.0133271 0.0360362 8.66735
2414 0.00778549 0.0423927 8.5824
2415 0.0135774 0.0354313 8.66866
2416 0.00722519 0.042726 8.57518
2417 0.0138143 0.0348155 8.67215
2418 0.00664553 0.0430338 8.56774
2419 0.0140174 0.0341932 8.67336
2420 0.00605373 0.0433208 8.56182
2421 0.0141864 0.0335596 8.67154
2422 0.00544961 0.0435842 8.557
2423 0.0143323 0.0329196 8.66963
2424 0.00483879 0.0438164 8.55228
2425 0.0144526 0.0322701 8.6667
2426 0.00420175 0.0440104 8.54489
2427 0.0145418 0.0316236 8.66169
2428 0.00354376 0.0441808 8.53844
2429 0.0145956 0.0309664 8.65254
2430 0.00286903 0.0443617 8.54045
2431 0.0146207 0.0303113 8.64106
2432 0.0020864 0.0445803 8.55383
2433 0.0146256 0.0296534 8.62918
2434 0.0145993 0.0290011 8.61339
2435 0.0145373 0.0283461 8.59141
2436 0.0144454 0.027693 8.56387
2437 0.0143281 0.0270472 8.5308
2438 0.0141916 0.0264127 8.49263
2439 0.0140139 0.0257727 8.43952
2440 0.0137899 0.0251218 8.36516
2441 0.00188574 0.0433119 8.29621
2442 0.0135344 0.0244479 8.26915
2443 0.00193217 0.0425752 8.15745
2444 0.0132492 0.0236758 8.14476
2445 0.00194348 0.0418265 8.01977
2446 0.00194308 0.0410632 7.8835
2447 0.00194308 0.0403161 7.75442
2448 0.00194308 0.039569 7.62948
2449 0.00194308 0.0388218 7.50857
2450 0.00194308 0.0380747 7.39161
2451 0.00194308 0.0373276 7.27848
2452 0.0124963 0.0237734 7.81853
2453 0.00194308 0.0365805 7.16909
2454 0.0119144 0.0242592 7.61463
2455 0.00194308 0.0358333 7.06333
2456 0.0111157 0.0245058 7.35713
2457 0.00194308 0.0350862 6.9611
2458 0.0104278 0.0248186 7.16928
2459 0.00194308 0.0343391 6.86228
2460 0.00969322 0.0251256 6.99113
2461 0.00194308 0.033592 6.76677
2462 0.00893691 0.0253935 6.82734
2463 0.00194308 0.0328448 6.67447
2464 0.00819878 0.0256522 6.68734
2465 0.00194308 0.0320977 6.58526
2466 0.00744166 0.0258863 6.5599
2467 0.00194308 0.0313506 6.49904
2468 0.00667408 0.0260799 6.44479
2469 0.00194308 0.0306034 6.41572
2470 0.00590193 0.0262782 6.34619
2471 0.00194308 0.0298563 6.33517
2472 0.00511496 0.0264298 6.25757
2473 0.00195917 0.0290711 6.25414
2474 0.00436337 0.0265703 6.18738
2475 0.00194952 0.0283052 6.17682
2476 0.00359498 0.026711 6.12957
2477 0.00182532 0.0276409 6.10701
2478 0.00282074 0.0268717 6.0874
2479 0.00205127 0.0269893 6.05534
2480 0.00179436 0.0439587 8.42032
2481 0.0101191 0.0396801 8.48349
2482 0.0105396 0.039192 8.48547
2483 0.00965807 0.040103 8.47132
2484 0.0109159 0.0387162 8.48735
2485 0.0112927 0.0382407 8.49495
2486 0.0116877 0.0377038 8.50422
2487 0.0091919 0.0405191 8.46339
2488 0.0120005 0.0371535 8.50201
2489 0.00871557 0.040924 8.45824
2490 0.0123163 0.0366088 8.50699
2491 0.00821679 0.0413069 8.45241
2492 0.0125996 0.0360491 8.50935
2493 0.007698 0.04166 8.44503
2494 0.0128314 0.0354751 8.50456
2495 0.00716794 0.0419912 8.43859
2496 0.0130741 0.0348945 8.50726
2497 0.00662498 0.0422945 8.43183
2498 0.0132893 0.0343003 8.50827
2499 0.00606521 0.0425798 8.42622
2500 0.0134637 0.0336988 8.50468
2501 0.00549365 0.0428428 8.42157
2502 0.013609 0.0330899 8.49888
2503 0.00491919 0.0430852 8.41899
2504 0.0137401 0.0324785 8.49471
2505 0.00434076 0.0432957 8.4161
2506 0.013842 0.0318603 8.48805
2507 0.00370157 0.0434453 8.40371
2508 0.0139082 0.0312369 8.47685
2509 0.00306191 0.0435888 8.39684
2510 0.0139417 0.0306096 8.46134
2511 0.0139572 0.0299818 8.44533
2512 0.013949 0.0293584 8.42686
2513 0.0139162 0.0287301 8.40489
2514 0.0138365 0.0281024 8.37171
2515 0.0137241 0.0274831 8.32983
2516 0.0136107 0.0268776 8.28822
2517 0.0134846 0.0262846 8.24185
2518 0.0132945 0.0256543 8.1701
2519 0.0130266 0.0250383 8.06223
2520 0.00254345 0.0430303 8.26589
2521 0.0127644 0.0243906 7.94636
2522 0.00258939 0.0422482 8.12132
2523 0.00258326 0.0414652 7.97925
2524 0.0025911 0.0406897 7.84378
2525 0.0025911 0.0399425 7.71721
2526 0.0025911 0.0391954 7.59474
2527 0.0025911 0.0384483 7.47627
2528 0.0025911 0.0377011 7.3617
2529 0.0025911 0.036954 7.25094
2530 0.0025911 0.0362069 7.14386
2531 0.0115903 0.024947 7.53676
2532 0.0025911 0.0354598 7.04037
2533 0.0110125 0.0252767 7.36976
2534 0.0025911 0.0347126 6.94035
2535 0.0103012 0.0255944 7.18343
2536 0.0025911 0.0339655 6.8437
2537 0.00955821 0.0258854 7.00999
2538 0.0025911 0.0332184 6.7503
2539 0.00879222 0.026159 6.85154
2540 0.0025911 0.0324713 6.66005
2541 0.0080211 0.0264308 6.71249
2542 0.0025911 0.0317241 6.57284
2543 0.00723809 0.0266364 6.58481
2544 0.0025911 0.030977 6.48855
2545 0.00644963 0.0268323 6.4732
2546 0.0025911 0.0302299 6.4071
2547 0.00565923 0.0270085 6.37667
2548 0.00260612 0.0294427 6.32509
2549 0.00489485 0.0271384 6.29493
2550 0.00263401 0.0286116 6.24237
2551 0.00413079 0.0272763 6.22851
2552 0.00256932 0.0276965 6.14898
2553 0.00337023 0.0274371 6.17849
2554 0.00244065 0.043811 8.41305
2555 0.0099261 0.0390705 8.36485
2556 0.00943395 0.0394175 8.33474
2557 0.0102054 0.0385358 8.33795
2558 0.00897421 0.0398086 8.32222
2559 0.0105805 0.0380483 8.33957
2560 0.0110488 0.0376567 8.37646
2561 0.011269 0.0370863 8.34945
2562 0.00853003 0.0402169 8.32044
2563 0.011573 0.0365422 8.34739
2564 0.00806771 0.0406053 8.31855
2565 0.0119577 0.0360877 8.37752
2566 0.00758713 0.0409393 8.31092
2567 0.0120617 0.0355029 8.33976
2568 0.00708096 0.0412671 8.30463
2569 0.0123201 0.0349491 8.34304
2570 0.00657115 0.0415657 8.29859
2571 0.0125713 0.034392 8.34998
2572 0.00604937 0.0418401 8.29267
2573 0.0127495 0.0338099 8.34357
2574 0.00550705 0.0421047 8.28865
2575 0.0128797 0.0332336 8.33095
2576 0.0049553 0.0423502 8.28608
2577 0.0130123 0.032653 8.32314
2578 0.00440973 0.0425981 8.29015
2579 0.0131455 0.0320686 8.32003
2580 0.00392178 0.0428372 8.30198
2581 0.0132254 0.0314738 8.30762
2582 0.00325683 0.0427441 8.24528
2583 0.0132512 0.0308829 8.28491
2584 0.0132761 0.0302825 8.26506
2585 0.0132765 0.0296793 8.2418
2586 0.0132816 0.029091 8.22364
2587 0.0132416 0.0284829 8.19478
2588 0.0131116 0.0278903 8.13975
2589 0.0129902 0.0273011 8.08722
2590 0.0128985 0.02672 8.04415
2591 0.0128757 0.0261359 8.02424
2592 0.0125455 0.0256374 7.89497
2593 0.00321552 0.0418704 8.08256
2594 0.00321981 0.041086 7.94354
2595 0.00323913 0.0403161 7.81251
2596 0.00323913 0.039569 7.68856
2597 0.00323913 0.0388218 7.56868
2598 0.00323913 0.0380747 7.45277
2599 0.00323913 0.0373276 7.34073
2600 0.00323913 0.0365805 7.23245
2601 0.00323913 0.0358333 7.12781
2602 0.0117247 0.0257037 7.61606
2603 0.00323913 0.0350862 7.02671
2604 0.0109429 0.0260593 7.3932
2605 0.00323913 0.0343391 6.92904
2606 0.0101734 0.0263773 7.19975
2607 0.00323913 0.033592 6.83468
2608 0.00939528 0.0266615 7.02584
2609 0.00323913 0.0328448 6.74351
2610 0.00861796 0.0269646 6.8755
2611 0.00323913 0.0320977 6.65542
2612 0.00782459 0.0271978 6.73673
2613 0.00323913 0.0313506 6.57031
2614 0.00700277 0.0273839 6.60795
2615 0.00323913 0.0306034 6.48805
2616 0.00619542 0.0276015 6.50287
2617 0.00325662 0.0298411 6.40818
2618 0.00541688 0.027725 6.41017
2619 0.00327275 0.0290665 6.32981
2620 0.00467399 0.0278263 6.33399
2621 0.0032888 0.0282529 6.25033
2622 0.0122381 0.0250108 7.76449
2623 0.00396194 0.0280021 6.28102
2624 0.00937673 0.0385806 8.20637
2625 0.0098705 0.0378879 8.19457
2626 0.0082761 0.0395022 8.17543
2627 0.0050449 0.0408306 8.02651
2628 0.00757757 0.0311953 7.05301
2629 0.0108276 0.03649 8.19549
2630 0.00794839 0.0399926 8.20625
2631 0.0070607 0.0308291 6.9351
2632 0.00745612 0.040238 8.18122
2633 0.0112972 0.0357611 8.20707
2634 0.00707775 0.0406349 8.1996
2635 0.0115442 0.0350152 8.1822
2636 0.00653593 0.0408073 8.16654
2637 0.0118224 0.0344155 8.18526
2638 0.0060183 0.0410958 8.16117
2639 0.012141 0.0339388 8.21445
2640 0.00550717 0.0413696 8.15946
2641 0.0121595 0.0333658 8.17131
2642 0.00497484 0.0416045 8.15435
2643 0.012258 0.0327917 8.15012
2644 0.00440477 0.0418858 8.1602
2645 0.0124213 0.0322348 8.15002
2646 0.003832 0.0421833 8.17523
2647 0.0126456 0.031709 8.17214
2648 0.0125667 0.031143 8.11817
2649 0.012556 0.0305599 8.08307
2650 0.0125694 0.029955 8.0561
2651 0.0126154 0.0293879 8.04284
2652 0.0127246 0.0288286 8.05155
2653 0.0125273 0.0282912 7.97287
2654 0.0123456 0.0277105 7.89604
2655 0.0122497 0.0270638 7.84182
2656 0.0122082 0.0263459 7.80253
2657 0.00382829 0.0414691 8.04677
2658 0.00386655 0.0407066 7.91675
2659 0.00388715 0.0399425 7.78986
2660 0.00388715 0.0391954 7.66866
2661 0.00388715 0.0384483 7.55152
2662 0.00388715 0.0377011 7.43832
2663 0.00388715 0.036954 7.32893
2664 0.00388715 0.0362069 7.22327
2665 0.00388715 0.0354598 7.1212
2666 0.0115514 0.0265945 7.60432
2667 0.00388715 0.0347126 7.02263
2668 0.0108157 0.0268957 7.40605
2669 0.00388715 0.0339655 6.92744
2670 0.0100266 0.0271657 7.21477
2671 0.00388715 0.0332184 6.83549
2672 0.00924609 0.0274499 7.04942
2673 0.00388715 0.0324713 6.74669
2674 0.00844263 0.0278365 6.90829
2675 0.00388715 0.0317241 6.66089
2676 0.00755235 0.0279683 6.75167
2677 0.00388715 0.030977 6.57797
2678 0.00671543 0.0281758 6.63153
2679 0.0038984 0.0302335 6.49915
2680 0.00592063 0.0283392 6.53172
2681 0.00393848 0.0294867 6.42509
2682 0.0051265 0.0284338 6.44153
2683 0.00394041 0.0287881 6.35531
2684 0.00878045 0.0390663 8.18364
2685 0.00909705 0.0377823 8.0533
2686 0.00957987 0.0371841 8.05456
2687 0.00746488 0.0394601 8.06049
2688 0.0100188 0.0365166 8.0488
2689 0.0104215 0.035826 8.04308
2690 0.0107441 0.0350734 8.02447
2691 0.00674682 0.0399951 8.05751
2692 0.00561554 0.0406064 8.04005
2693 0.0110364 0.0343493 8.01132
2694 0.0114914 0.0330062 7.98952
2695 0.00443888 0.0411349 8.03043
2696 0.011653 0.0322702 7.96832
2697 0.0118437 0.0309086 7.91934
2698 0.0118382 0.0302221 7.87561
2699 0.0120211 0.028886 7.85228
2700 0.0114952 0.0274823 7.6315
2701 0.0045245 0.0403634 7.90554
2702 0.00457595 0.0395998 7.78426
2703 0.00455856 0.0388329 7.66137
2704 0.00453518 0.0380747 7.54349
2705 0.00453518 0.0373276 7.43311
2706 0.00453518 0.0365805 7.32652
2707 0.00453518 0.0358333 7.22362
2708 0.00453518 0.0350862 7.12428
2709 0.00453518 0.0343391 7.02838
2710 0.010644 0.0276865 7.40776
2711 0.00453518 0.033592 6.93581
2712 0.00988761 0.0279377 7.23472
2713 0.00453518 0.0328448 6.84644
2714 0.00919177 0.0282035 7.09519
2715 0.00453518 0.0320977 6.76014
2716 0.00802096 0.0285647 6.88848
2717 0.00453518 0.0313506 6.67677
2718 0.00727142 0.0287254 6.77013
2719 0.00455174 0.0306104 6.59855
2720 0.00645047 0.0290257 6.6694
2721 0.00456834 0.0298809 6.52416
2722 0.00556491 0.0290282 6.5506
2723 0.00469547 0.0291017 6.45825
2724 0.00857874 0.038324 8.04778
2725 0.00802554 0.0388384 8.04211
2726 0.0117379 0.028262 7.74118
2727 0.00866715 0.0285583 7.01339
2728 0.00881874 0.0370706 7.91569
2729 0.00921665 0.0364842 7.90606
2730 0.00665701 0.0391413 7.91416
2731 0.00960205 0.0358455 7.89558
2732 0.00993602 0.035107 7.87274
2733 0.0102583 0.0343373 7.85299
2734 0.0108439 0.0324743 7.80102
2735 0.0111088 0.0305873 7.71635
2736 0.00530561 0.0400291 7.91552
2737 0.00526151 0.0392213 7.78244
2738 0.00520765 0.0384501 7.65857
2739 0.0051832 0.0377011 7.54477
2740 0.0051832 0.036954 7.43737
2741 0.0051832 0.0362069 7.33372
2742 0.0051832 0.0354598 7.23373
2743 0.0051832 0.0347126 7.13727
2744 0.0051832 0.0339655 7.04422
2745 0.0104851 0.0284641 7.41826
2746 0.0051832 0.0332184 6.95445
2747 0.00982537 0.0287294 7.27784
2748 0.0051832 0.0324713 6.86783
2749 0.0051832 0.0317241 6.78419
2750 0.00782264 0.0292729 6.91434
2751 0.00519389 0.0309854 6.70548
2752 0.00717536 0.0294464 6.82046
2753 0.00524085 0.0302469 6.63365
2754 0.00593983 0.0297514 6.66924
2755 0.00833061 0.037593 7.91037
2756 0.00727097 0.0386369 7.91262
2757 0.00600712 0.0395652 7.90918
2758 0.0106834 0.0334708 7.85435
2759 0.0111263 0.0315133 7.78754
2760 0.011141 0.0297698 7.6691
2761 0.00919607 0.0290074 7.15951
2762 0.00850706 0.0291799 7.03345
2763 0.00662771 0.0297454 6.76441
2764 0.00783039 0.0380675 7.90453
2765 0.00845306 0.0364032 7.77307
2766 0.00880024 0.0358423 7.75891
2767 0.00915392 0.0351713 7.73969
2768 0.00941416 0.034413 7.70156
2769 0.0059181 0.0388047 7.78205
2770 0.00584041 0.0380565 7.66195
2771 0.00580956 0.0373173 7.55181
2772 0.00581422 0.0365772 7.44898
2773 0.00583123 0.0358333 7.35073
2774 0.00583123 0.0350862 7.25382
2775 0.00583123 0.0343391 7.16043
2776 0.00583123 0.033592 7.07041
2777 0.0104699 0.0292614 7.46886
2778 0.00584203 0.0328655 6.98727
2779 0.00583411 0.0321321 6.90407
2780 0.00582977 0.0313891 6.82308
2781 0.00772738 0.0300043 6.96423
2782 0.00585222 0.0306159 6.74508
2783 0.0112002 0.0289453 7.63234
2784 0.00816345 0.0369603 7.80149
2785 0.00653956 0.0383744 7.78552
2786 0.00972997 0.0336192 7.67762
2787 0.0102106 0.0318415 7.60977
2788 0.0100157 0.0327692 7.65219
2789 0.0104128 0.0300975 7.51572
2790 0.0103487 0.030962 7.56762
2791 0.00975388 0.0295627 7.32472
2792 0.00827785 0.029774 7.04191
2793 0.00712438 0.0301936 6.8829
2794 0.00759239 0.037279 7.76254
2795 0.00711357 0.0378971 7.78574
2796 0.00898429 0.0298608 7.18567
2797 0.00795873 0.0357139 7.61127
2798 0.00845956 0.0352389 7.63203
2799 0.00861571 0.0345764 7.58053
2800 0.00643083 0.0376578 7.66907
2801 0.00640942 0.0369502 7.56727
2802 0.00647071 0.0362282 7.47681
2803 0.00650588 0.035503 7.38658
2804 0.00651989 0.0347579 7.29486
2805 0.00652112 0.0340085 7.20451
2806 0.00651473 0.0332613 7.1168
2807 0.0064996 0.0325276 7.03254
2808 0.0064727 0.0318055 6.95078
2809 0.00645857 0.0310903 6.87401
2810 0.00648809 0.0303718 6.80547
2811 0.00769621 0.0364719 7.66962
2812 0.00876983 0.0337309 7.51335
2813 0.00837853 0.0304046 7.11712
2814 0.00769307 0.0306236 7.01645
2815 0.00919077 0.0329346 7.50778
2816 0.00938761 0.0321321 7.46783
2817 0.0095361 0.0312732 7.41954
2818 0.0096637 0.03041 7.37309
2819 0.00788254 0.0348849 7.49955
2820 0.00715795 0.0359541 7.52833
2821 0.00721086 0.0352028 7.44096
2822 0.00720787 0.0344264 7.34664
2823 0.00721487 0.0336717 7.26001
2824 0.00719279 0.0329273 7.17364
2825 0.00714866 0.0321894 7.08764
2826 0.00708847 0.0315173 7.00873
2827 0.00705942 0.0366823 7.6111
2828 0.0104383 0.0372315 8.21075
2829 0.00794196 0.0341049 7.41821
2830 0.00791962 0.033349 7.33092
2831 0.00819271 0.0311294 7.15102
2832 0.0085901 0.0323244 7.33734
2833 0.00872133 0.0316551 7.29588
2834 0.00784765 0.0325649 7.23556
2835 0.00780981 0.0318112 7.15173
2836 0.00693379 0.0372956 7.6789
2837 0.00894578 0.0307688 7.25711
2838 0.0110805 0.02819 7.55592
2839 0.0085204 0.0329919 7.3931
2840 0.0114549 0.0337309 8.04365
2841 0.00612385 0.0402523 8.03153
