1 1.53081e-18 -0.025 8.86981
2 1.02054e-18 0.0133333 5.02577
3 1.53081e-18 0.025 5.74485
4 1.02054e-18 0.0466667 8.94423
5 0.0146855 0.0378813 9.15413
6 0.0239236 -0.00725686 9.17001
7 0.0138888 0.020787 8.32628
8 0 0.0114167 4.96636
9 0 0.0095 4.92112
10 0 0.00758333 4.89669
11 0 0.00566667 4.89501
12 0 0.00375 4.91682
13 0 0.00183333 4.96355
14 0 -8.33333e-05 5.03657
15 0 -0.002 5.13719
16 0 -0.00391667 5.26662
17 0 -0.00583333 5.42596
18 0 -0.00775 5.61627
19 0 -0.00966667 5.83847
20 0 -0.0115833 6.09346
21 0 -0.0135 6.38206
22 0 -0.0154167 6.70506
23 0 -0.0173333 7.06331
24 0 -0.01925 7.45771
25 0 -0.0211667 7.88823
26 0 -0.0230833 8.35025
27 0.0244007 -0.00544112 9.18125
28 0.0247402 -0.00359505 9.18931
29 0.0249401 -0.00172901 9.1941
30 0.0249996 0.000146522 9.19543
31 0.0249182 0.00202101 9.19328
32 0.0246965 0.00388396 9.18761
33 0.0243357 0.00572492 9.17856
34 0.0238379 0.00753359 9.1662
35 0.0232059 0.0092998 9.1506
36 0.0224432 0.0110137 9.13187
37 0.0215542 0.0126656 9.11004
38 0.0205437 0.0142463 9.08465
39 0.0194174 0.0157469 9.05467
40 0.0181816 0.017159 9.01791
41 0.0168431 0.0184745 8.96378
42 0.0154096 0.0196862 8.60367
43 0.0127992 0.0193249 7.5527
44 0.0115567 0.0179908 6.96269
45 0.0101756 0.0168002 6.46221
46 0.00867265 0.0157675 6.03804
47 0.00706627 0.0149054 5.69079
48 0.00537497 0.0142238 5.418
49 0.00361933 0.0137311 5.22066
50 0.00182076 0.0134331 5.094
51 0.00187606 -0.0249295 8.88544
52 0.00374118 -0.0247185 8.89184
53 0.00558492 -0.0243682 8.90097
54 0.00739695 -0.0238806 8.91343
55 0.0091671 -0.0232586 8.92826
56 0.0108855 -0.0225057 8.94561
57 0.0125425 -0.0216261 8.96509
58 0.0141287 -0.0206247 8.98634
59 0.0156355 -0.0195072 9.00862
60 0.0170542 -0.0182799 9.03169
61 0.0183769 -0.0169496 9.05486
62 0.0195962 -0.0155238 9.07773
63 0.0207053 -0.0140104 9.09973
64 0.0216978 -0.0124179 9.12039
65 0.0225682 -0.0107552 9.13927
66 0.0233116 -0.00903168 9.15596
67 0 0.0230556 5.58928
68 0 0.0211111 5.44617
69 0 0.0191667 5.31301
70 0 0.0172222 5.19579
71 0 0.0152778 5.09968
72 0.012322 0.0217524 7.58843
73 0.0106885 0.0225999 7.06436
74 0.00899706 0.0233249 6.65773
75 0.00725686 0.0239236 6.33974
76 0.00547734 0.0243926 6.09847
77 0.00366813 0.0247294 5.9244
78 0.00183905 0.0249323 5.81177
79 0.0137518 0.0394162 9.13062
80 0.0126588 0.0408413 9.10505
81 0.0114188 0.0421403 9.07863
82 0.0100462 0.0432986 9.05224
83 0.00855639 0.0443027 9.02747
84 0.00696714 0.0451406 9.00521
85 0.00529751 0.0458023 8.98659
86 0.00356656 0.0462806 8.97267
87 0.00179401 0.0465698 8.96223
88 0.0147998 0.0223356 9.03892
89 0.0155386 0.0239726 9.13706
90 0.0160969 0.0256794 9.16565
91 0.0164683 0.0274365 9.19079
92 0.0166486 0.0292241 9.2025
93 0.0166354 0.0310207 9.20492
94 0.016429 0.0328047 9.20032
95 0.0160318 0.0345561 9.19003
96 0.0154485 0.0362547 9.17426
97 0 0.0448611 8.53908
98 0 0.0430556 8.17052
99 0 0.04125 7.83383
100 0 0.0394444 7.52278
101 0 0.0376389 7.23491
102 0 0.0358333 6.96818
103 0 0.0340278 6.72138
104 0 0.0322222 6.49282
105 0 0.0304167 6.28223
106 0 0.0286111 6.09026
107 0 0.0268056 5.91718
108 0.0113786 0.00271466 6.02416
109 0.0113922 0.0044261 6.04044
110 0.0129934 0.00184386 6.31866
111 0.0128016 0.00496276 6.32372
112 0.00603061 -0.0224546 8.44476
113 0.00429929 -0.0227578 8.41101
114 0.00237221 -0.0231261 8.42437
115 0.00777885 -0.0219965 8.47883
116 0.00938778 -0.0213271 8.48551
117 0.0109266 -0.0205417 8.49285
118 0.0124554 -0.0196908 8.51959
119 0.0015949 -0.0201505 7.69207
120 0.0138688 -0.0186815 8.53042
121 0.00165301 -0.0182964 7.29583
122 0.0152465 -0.0176182 8.5591
123 0.00165988 -0.016375 6.91952
124 0.0165103 -0.0164013 8.57253
125 0.00165988 -0.0144583 6.57958
126 0.0176814 -0.0151119 8.58951
127 0.00165988 -0.0125417 6.27437
128 0.0187591 -0.0137549 8.60983
129 0.00165988 -0.010625 6.0032
130 0.0197458 -0.0123206 8.63208
131 0.00165988 -0.00870833 5.7653
132 0.020622 -0.0108123 8.65223
133 0.00165988 -0.00679167 5.55984
134 0.0213679 -0.00921885 8.66444
135 0.00165988 -0.004875 5.38593
136 0.0219947 -0.00761035 8.67833
137 0.00165988 -0.00295833 5.24259
138 0.0225055 -0.00590233 8.68741
139 0.00165988 -0.00104167 5.12874
140 0.0228771 -0.00418838 8.69295
141 0.00165988 0.000875 5.04325
142 0.0231359 -0.00244123 8.69995
143 0.00165988 0.00279167 4.98484
144 0.0232553 -0.000701944 8.70222
145 0.00165988 0.00470833 4.95216
146 0.0232396 0.00104122 8.69992
147 0.00165988 0.006625 4.9437
148 0.023104 0.00276326 8.69677
149 0.00167568 0.00859849 4.95954
150 0.0228329 0.00449286 8.68902
151 0.00164306 0.010471 4.99376
152 0.0224196 0.00618925 8.67359
153 0.0013381 0.0120978 5.02762
154 0.021899 0.00784708 8.65898
155 0.0212853 0.00947594 8.6494
156 0.00301915 0.0119426 5.10595
157 0.0204697 0.0110387 8.6119
158 0.00498359 0.0124985 5.29663
159 0.0195647 0.0125364 8.57375
160 0.00683167 0.0131398 5.5609
161 0.0185469 0.0139423 8.52053
162 0.00860415 0.0140073 5.91114
163 0.0174157 0.0152885 8.44665
164 0.0102918 0.0150506 6.35101
165 0.0161127 0.0165239 8.29587
166 0.0118892 0.0162786 6.89234
167 0.0150378 0.017795 8.14202
168 0.0131936 0.0176673 7.48212
169 0.0140602 0.0190344 8.02444
170 0.00147315 -0.0216977 8.04784
171 0.00659527 -0.02089 8.11885
172 0.00489733 -0.0206982 7.95242
173 0.00315453 -0.0213343 8.01477
174 0.0079498 -0.0201695 8.07421
175 0.00941279 -0.0194757 8.07616
176 0.0108556 -0.0186911 8.0878
177 0.0122288 -0.0177978 8.09989
178 0.00324409 -0.0193999 7.58174
179 0.0135429 -0.016892 8.13117
180 0.00326068 -0.017402 7.17113
181 0.014803 -0.0158285 8.15476
182 0.00330524 -0.0154167 6.80314
183 0.0158921 -0.0146569 8.1592
184 0.00330524 -0.0135 6.48165
185 0.0169393 -0.0134161 8.17424
186 0.00330524 -0.0115833 6.19468
187 0.0178936 -0.0120976 8.18907
188 0.00330524 -0.00966667 5.94153
189 0.0187897 -0.0107599 8.21836
190 0.00330524 -0.00775 5.72146
191 0.0195566 -0.00929942 8.23353
192 0.00330524 -0.00583333 5.5336
193 0.0201628 -0.00780893 8.23723
194 0.00330524 -0.00391667 5.37706
195 0.0206818 -0.00627013 8.24464
196 0.00330524 -0.002 5.25083
197 0.0211011 -0.00470066 8.25418
198 0.00330524 -8.33333e-05 5.15382
199 0.0213783 -0.00309415 8.25464
200 0.00330524 0.00183333 5.08483
201 0.0215587 -0.00147287 8.25871
202 0.00330524 0.00375 5.04258
203 0.0215988 0.000148846 8.25494
204 0.00330524 0.00566667 5.02567
205 0.0215402 0.00177125 8.25387
206 0.00330342 0.00765847 5.03312
207 0.0213948 0.0033714 8.25782
208 0.00335152 0.00976651 5.07031
209 0.0210652 0.00499975 8.2433
210 0.0205704 0.00652947 8.2081
211 0.0200881 0.00805618 8.20271
212 0.0194376 0.00957189 8.18047
213 0.0185885 0.0109408 8.11562
214 0.00665741 0.0113431 5.45688
215 0.0176836 0.012279 8.05153
216 0.00850011 0.0121252 5.78521
217 0.0166948 0.0135487 7.967
218 0.0103201 0.0131476 6.21572
219 0.0154875 0.0147127 7.79941
220 0.0120797 0.014422 6.75783
221 0.0139305 0.0158534 7.47239
222 0.00477327 0.0107017 5.21198
223 0.0137339 0.0137465 7.15291
224 0.00633378 -0.0191849 7.72031
225 0.00789371 -0.0183634 7.68548
226 0.00937262 -0.0176547 7.69992
227 0.0107023 -0.0168655 7.71122
228 0.0119117 -0.0159047 7.70291
229 0.0132888 -0.0153093 7.81208
230 0.00488861 -0.016408 7.06673
231 0.0141626 -0.0140905 7.75768
232 0.00495059 -0.0144583 6.7271
233 0.0151427 -0.0130038 7.76856
234 0.00495059 -0.0125417 6.42455
235 0.0161037 -0.011786 7.78296
236 0.00495059 -0.010625 6.15646
237 0.0169205 -0.0105167 7.78898
238 0.00495059 -0.00870833 5.92221
239 0.0179493 -0.00938159 7.88219
240 0.00495059 -0.00679167 5.72089
241 0.0183122 -0.00790852 7.81844
242 0.00495059 -0.004875 5.55175
243 0.0188655 -0.00650792 7.82989
244 0.00495059 -0.00295833 5.41385
245 0.0193032 -0.00506544 7.83698
246 0.00495059 -0.00104167 5.30618
247 0.0196221 -0.00361931 7.84035
248 0.00495059 0.000875 5.22762
249 0.0198288 -0.00209466 7.83858
250 0.00495059 0.00279167 5.17692
251 0.0199272 -0.000612283 7.83612
252 0.00495059 0.00470833 5.15275
253 0.0199258 0.00090092 7.83331
254 0.00495059 0.006625 5.15351
255 0.0197861 0.00240701 7.82064
256 0.00490563 0.00861442 5.17439
257 0.0198807 0.00391586 7.89214
258 0.0191927 0.00530766 7.78424
259 0.0186746 0.00678321 7.74691
260 0.0185023 0.00827096 7.82059
261 0.0175949 0.00946266 7.7027
262 0.0166781 0.0106938 7.59873
263 0.00843428 0.0102349 5.6852
264 0.0157749 0.0119334 7.50591
265 0.010347 0.0111595 6.09338
266 0.0121233 0.0124087 6.58932
267 0.00650271 0.0094554 5.3719
268 0.0150481 0.0130682 7.44787
269 0.00639917 -0.0173244 7.34739
270 0.00795755 -0.0163933 7.31048
271 0.00936534 -0.0160457 7.39908
272 0.0104237 -0.0149785 7.34071
273 0.0120879 -0.0139117 7.39654
274 0.00655738 -0.0153342 6.99359
275 0.0133056 -0.0124243 7.36789
276 0.00663974 -0.0134857 6.69477
277 0.0144883 -0.0115375 7.45173
278 0.00659594 -0.0115833 6.41052
279 0.0151163 -0.0101509 7.39444
280 0.00664078 -0.00965693 6.16516
281 0.0128685 0.00355991 6.30664
282 0.00659594 -0.00775 5.94773
283 0.00479492 -0.0184995 7.47054
284 0.00659594 -0.00583333 5.76635
285 0.0169344 -0.00671213 7.4222
286 0.00659594 -0.00391667 5.61722
287 0.0176927 -0.00540741 7.49446
288 0.00659594 -0.002 5.49948
289 0.0177405 -0.00396133 7.42312
290 0.00659594 -8.33333e-05 5.41211
291 0.0183155 -0.00266289 7.50063
292 0.00659594 0.00183333 5.35394
293 0.0181205 -0.00125546 7.41751
294 0.00659594 0.00375 5.32369
295 0.0184707 0.000109606 7.48403
296 0.00660027 0.00562289 5.32009
297 0.0181725 0.0016064 7.41801
298 0.00658577 0.00747263 5.33783
299 0.018037 0.00354263 7.42648
300 0.0162873 -0.00850539 7.44442
301 0.0173561 0.00552027 7.34928
302 0.0168128 0.00754033 7.34461
303 0.0157416 0.00910303 7.20865
304 0.0146292 0.0104668 7.05408
305 0.01035 0.00916075 5.98765
306 0.0124772 0.0102404 6.50693
307 0.0139021 0.0119087 7.00565
308 0.00832898 0.00831483 5.59996
309 0.00843946 -0.0144692 7.02269
310 0.0100905 -0.0132261 7.01879
311 0.0114577 -0.0117946 6.99772
312 0.0129733 -0.0102852 7.03515
313 0.00833191 -0.0105432 6.44031
314 0.00839802 -0.00875079 6.235
315 0.0149103 -0.00675306 7.02292
316 0.00824129 -0.00679167 6.01959
317 0.00824129 -0.004875 5.85922
318 0.0158914 -0.00482238 7.07691
319 0.00824129 -0.00295833 5.73156
320 0.00824129 -0.00104167 5.63578
321 0.0164222 -0.00239493 7.07215
322 0.00824129 0.000875 5.57082
323 0.00824129 0.00279167 5.53537
324 0.0166271 7.42405e-05 7.06401
325 0.00824347 0.00463309 5.52817
326 0.00830297 0.00647467 5.55433
327 0.0163096 0.00224437 7.00157
328 0.0154636 0.00588018 6.92742
329 0.0145902 0.00759529 6.82377
330 0.0138948 0.00904043 6.75927
331 0.0123538 0.00784992 6.33801
332 0.00827457 -0.0125046 6.70197
333 0.0140237 -0.00848241 7.01725
334 0.0160257 0.00413578 6.983
335 0.0101382 0.00726071 5.87466
336 0.00971841 -0.0115722 6.73732
337 0.0104092 -0.00985898 6.60495
338 0.00998142 -0.00780945 6.32845
339 0.0135734 -0.00495865 6.64769
340 0.00981233 -0.00588948 6.13322
341 0.00998455 -0.00403146 6.02086
342 0.0142203 -0.00315358 6.66467
343 0.00996012 -0.00210791 5.91108
344 0.00984558 -0.00012307 5.8189
345 0.0147225 -0.00103789 6.68774
346 0.00981937 0.00178774 5.77403
347 0.0098247 0.00365677 5.76403
348 0.0147002 0.00102054 6.65501
349 0.00992819 0.00547618 5.7969
350 0.0135972 0.00630191 6.53425
351 0.0118973 -0.00840311 6.66047
352 0.0128621 -0.00679913 6.66475
353 0.0145026 0.00296671 6.62592
354 0.0142395 0.00464501 6.60953
355 0.0116679 0.00612718 6.13106
356 0.011206 -0.00680649 6.40762
357 0.0119328 -0.00322032 6.26565
358 0.0116 -0.00523329 6.33966
359 0.013046 -0.00170862 6.39352
360 0.0113872 -0.00111918 6.08852
361 0.0114151 0.000850174 6.04452
362 0.0130031 2.37533e-05 6.33819
363 0.00473312 0.0211139 5.75551
364 0.0037273 0.0193178 5.5295
365 0.00299672 0.0214946 5.61947
366 0.00544618 0.0195881 5.74082
367 0.00847612 0.0177851 6.13426
368 0.00982929 0.0185842 6.51572
369 0.00698433 0.0169134 5.79645
370 0.010789 0.0202503 6.91131
371 0.00545586 0.0161541 5.52901
372 0.00408901 0.0155065 5.34626
373 0.00213936 0.015734 5.21031
374 0.00933388 0.0215678 6.61509
375 0.00768996 0.0219675 6.27365
376 0.00595185 0.0225165 6.0174
377 0.00191025 0.0181132 5.32712
378 0.00405824 0.0229694 5.81896
379 0.00165027 0.0201425 5.43993
380 0.00183391 0.0234586 5.68775
381 0.00129675 0.0218312 5.54175
382 0.00693066 0.0188214 5.91085
383 0.00851411 0.019948 6.29139
384 0.00536091 0.0179315 5.62141
385 0.00373143 0.0171632 5.40057
386 0.00656926 0.0206971 5.97878
387 0.00781013 0.030799 7.02916
388 0.0117008 0.0251795 7.5478
389 0.0104265 0.0298205 7.48131
390 0.0133984 0.0222941 8.1405
391 0.010819 0.040392 8.70271
392 0.0118923 0.0391187 8.71842
393 0.0127581 0.0377639 8.72262
394 0.00966268 0.0414672 8.68167
395 0.0135699 0.0363801 8.7508
396 0.0083291 0.042455 8.65892
397 0.0142018 0.0348616 8.76375
398 0.00688375 0.0432317 8.62519
399 0.0145898 0.0333175 8.75263
400 0.00537905 0.043915 8.60939
401 0.0149386 0.0317542 8.7668
402 0.00400168 0.0445064 8.62609
403 0.0150312 0.0301082 8.7472
404 0.0020517 0.0443713 8.49756
405 0.0149219 0.0285072 8.70151
406 0.0147153 0.0268836 8.65325
407 0.0145714 0.0253394 8.64544
408 0.013543 0.0240667 8.2422
409 0.0018127 0.0422345 8.07103
410 0.00169999 0.0403678 7.73099
411 0.00156366 0.0385417 7.4223
412 0.00156366 0.0367361 7.14586
413 0.0103266 0.0243113 7.07237
414 0.00156366 0.0349306 6.8906
415 0.0086439 0.0251315 6.71019
416 0.00156366 0.033125 6.65489
417 0.00672453 0.0257471 6.39264
418 0.00164836 0.0312242 6.43003
419 0.00479402 0.026215 6.1679
420 0.00172013 0.0292303 6.21419
421 0.00308721 0.0262148 6.00479
422 0.00148002 0.0269228 5.9724
423 0.0120119 0.0233925 7.57193
424 0.00908937 0.0397091 8.31795
425 0.0102941 0.0388982 8.39864
426 0.0108885 0.0375623 8.32701
427 0.0117234 0.0362193 8.33478
428 0.00818934 0.0408722 8.37322
429 0.0126311 0.0351125 8.42122
430 0.00678926 0.0413873 8.2847
431 0.0128056 0.0336783 8.33717
432 0.00527632 0.0421731 8.27176
433 0.0131588 0.0322455 8.32362
434 0.00365516 0.0429936 8.3047
435 0.0136344 0.0308592 8.37703
436 0.0133436 0.0294226 8.23828
437 0.0131916 0.027797 8.14671
438 0.0130494 0.0260578 8.06625
439 0.00350334 0.0412512 7.97379
440 0.00333278 0.0394341 7.65274
441 0.00325217 0.0376486 7.36625
442 0.00317217 0.0358333 7.0969
443 0.00999226 0.0262289 7.11137
444 0.00317217 0.0340278 6.85507
445 0.008136 0.027002 6.75024
446 0.00317217 0.0322222 6.63207
447 0.00604889 0.0276795 6.45497
448 0.00339585 0.0302748 6.42519
449 0.00357233 0.0281378 6.21751
450 0.00880597 0.0378019 7.99792
451 0.00710089 0.0393901 7.99228
452 0.010906 0.0343994 7.97529
453 0.00518828 0.0403341 7.94247
454 0.0117952 0.0307666 7.87926
455 0.0115114 0.0271005 7.59012
456 0.00507824 0.0385069 7.63921
457 0.00478069 0.0367361 7.34986
458 0.00482585 0.034863 7.09836
459 0.00974128 0.0282897 7.19763
460 0.00483677 0.033093 6.87908
461 0.00768605 0.0288645 6.82467
462 0.00465943 0.0314275 6.67057
463 0.00559456 0.029784 6.59551
464 0.00982464 0.0360272 7.94464
465 0.0113663 0.0325503 7.91096
466 0.0116653 0.0288421 7.73091
467 0.00666951 0.0373941 7.64496
468 0.00620006 0.0357775 7.36913
469 0.00672186 0.0339944 7.20733
470 0.0090507 0.0298247 7.1775
471 0.00626814 0.0318557 6.90496
472 0.00787101 0.0358551 7.60178
473 0.00975428 0.0330054 7.60734
474 0.00883766 0.0343187 7.57267
475 0.00978133 0.031359 7.45737
476 0.00810062 0.0324924 7.24954
