1 6.12323e-19 -0.01 0.304458
2 4.08216e-19 0.00533333 0.469034
3 6.12323e-19 0.01 0.416007
4 4.08216e-19 0.0186667 0.247387
5 0.0058742 0.0151525 0.188995
6 0.00956943 -0.00290274 0.189352
7 0.00555552 0.00831481 0.292477
8 0 0.0048046 0.472711
9 0 0.00427586 0.476311
10 0 0.00374713 0.479262
11 0 0.00321839 0.481609
12 0 0.00268966 0.483359
13 0 0.00216092 0.484499
14 0 0.00163218 0.484998
15 0 0.00110345 0.484834
16 0 0.000574713 0.483987
17 0 4.5977e-05 0.482439
18 0 -0.000482759 0.480174
19 0 -0.00101149 0.477176
20 0 -0.00154023 0.473432
21 0 -0.00206897 0.46893
22 0 -0.0025977 0.463658
23 0 -0.00312644 0.457606
24 0 -0.00365517 0.450764
25 0 -0.00418391 0.443125
26 0 -0.00471264 0.434679
27 0 -0.00524138 0.425421
28 0 -0.00577011 0.415343
29 0 -0.00629885 0.404443
30 0 -0.00682759 0.392715
31 0 -0.00735632 0.380156
32 0 -0.00788506 0.366741
33 0 -0.00841379 0.352452
34 0 -0.00894253 0.337328
35 0 -0.00947126 0.321605
36 0.00971023 -0.00238986 0.186038
37 0.00982348 -0.00187062 0.183359
38 0.00990904 -0.00134569 0.181343
39 0.00996657 -0.000816946 0.180018
40 0.0099959 -0.000286315 0.179407
41 0.00999698 0.000245546 0.17952
42 0.00996979 0.000776712 0.180361
43 0.00991445 0.00130526 0.181925
44 0.00983103 0.00183054 0.184212
45 0.0097198 0.00235064 0.1872
46 0.00958119 0.00286369 0.190868
47 0.00941539 0.00336905 0.195203
48 0.00922295 0.00386488 0.20017
49 0.0090046 0.00434939 0.205737
50 0.00876062 0.00482199 0.211891
51 0.00849185 0.00528095 0.218599
52 0.00819931 0.00572462 0.225847
53 0.00788335 0.00615246 0.233656
54 0.00754509 0.0065629 0.242059
55 0.00718578 0.00695447 0.251171
56 0.00680586 0.00732668 0.261364
57 0.0064067 0.00767817 0.273773
58 0.00598974 0.00800768 0.290324
59 0.00523463 0.00787167 0.321159
60 0.00487848 0.00745634 0.345134
61 0.00448948 0.00707161 0.36692
62 0.00407023 0.00672007 0.386905
63 0.00362357 0.00640409 0.40499
64 0.0031525 0.0061258 0.42104
65 0.0026602 0.00588708 0.434931
66 0.00214999 0.00568953 0.446551
67 0.00162529 0.00553449 0.455766
68 0.00108965 0.00542299 0.462489
69 0.000546665 0.00535578 0.466768
70 0.000531674 -0.00998586 0.303372
71 0.00106143 -0.00994351 0.302129
72 0.00158859 -0.00987301 0.300292
73 0.00211127 -0.00977459 0.297813
74 0.00262757 -0.00964862 0.294716
75 0.00313684 -0.00949527 0.291022
76 0.00363725 -0.00931507 0.286768
77 0.00412697 -0.00910868 0.282005
78 0.00460542 -0.00887638 0.276774
79 0.00507084 -0.00861896 0.271141
80 0.00552157 -0.0083374 0.265176
81 0.00595704 -0.00803204 0.258937
82 0.00637565 -0.00770396 0.2525
83 0.00677593 -0.00735438 0.24594
84 0.00715735 -0.00698371 0.239324
85 0.00751854 -0.0065933 0.23273
86 0.00785819 -0.00618456 0.226236
87 0.00817589 -0.00575802 0.219911
88 0.00847047 -0.00531518 0.213828
89 0.00874088 -0.00485768 0.20806
90 0.00898679 -0.00438608 0.202668
91 0.00920727 -0.00390207 0.197715
92 0.00940157 -0.00340742 0.19326
93 0 0.00948148 0.42325
94 0 0.00896296 0.430066
95 0 0.00844444 0.436626
96 0 0.00792593 0.442902
97 0 0.00740741 0.448842
98 0 0.00688889 0.454428
99 0 0.00637037 0.459697
100 0 0.00585185 0.464884
101 0.00510252 0.00860025 0.313373
102 0.00463489 0.00886102 0.331072
103 0.004154 0.00909639 0.348015
104 0.00366118 0.00930569 0.363315
105 0.00315789 0.0094883 0.376728
106 0.00264552 0.00964371 0.388191
107 0.00212559 0.00977148 0.397665
108 0.00159955 0.00987124 0.405134
109 0.00106894 0.0099427 0.410611
110 0.000535238 0.00998567 0.414098
111 0.00559264 0.0156286 0.194007
112 0.00527269 0.0160796 0.199563
113 0.00491656 0.0165024 0.205471
114 0.00452671 0.0168942 0.211545
115 0.0041058 0.0172523 0.217582
116 0.00365671 0.0175743 0.223423
117 0.00318252 0.017858 0.228888
118 0.00268644 0.0181014 0.233821
119 0.00217187 0.018303 0.238083
120 0.0016423 0.0184612 0.24157
121 0.00110133 0.0185751 0.244177
122 0.000552653 0.0186437 0.24594
123 0.0058419 0.00878804 0.252495
124 0.00608798 0.00928322 0.227188
125 0.00629214 0.00979696 0.210534
126 0.00645301 0.0103257 0.198779
127 0.0065695 0.010866 0.190273
128 0.00664085 0.0114139 0.184297
129 0.00666658 0.0119659 0.180448
130 0.0066465 0.0125181 0.17843
131 0.00658076 0.0130668 0.178029
132 0.00646977 0.0136083 0.179066
133 0.00631428 0.0141388 0.181346
134 0.00611531 0.0146547 0.184712
135 0 0.018125 0.261727
136 0 0.0175833 0.274852
137 0 0.0170417 0.287727
138 0 0.0165 0.300121
139 0 0.0159583 0.312006
140 0 0.0154167 0.323408
141 0 0.014875 0.334353
142 0 0.0143333 0.344868
143 0 0.0137917 0.354979
144 0 0.01325 0.364711
145 0 0.0127083 0.374089
146 0 0.0121667 0.383136
147 0 0.011625 0.391865
148 0 0.0110833 0.400214
149 0 0.0105417 0.4082
150 0.00435939 0.00385508 0.409711
151 0.00531654 -1.05956e-05 0.392243
152 0.0022041 -0.00701486 0.372986
153 0.00433365 0.00333564 0.414344
154 0.00224517 -0.00921985 0.313339
155 0.00174092 -0.00932429 0.316032
156 0.00122505 -0.00941888 0.317637
157 0.00274416 -0.00910443 0.309578
158 0.000671662 -0.00948096 0.318925
159 0.00322671 -0.00894346 0.305996
160 0.00369901 -0.00875953 0.301869
161 0.00415367 -0.00855318 0.297402
162 0.00460412 -0.00831827 0.292496
163 0.000458983 -0.00866416 0.344105
164 0.0050425 -0.00806134 0.287175
165 0.000483882 -0.00816106 0.358013
166 0.00546009 -0.00778644 0.281652
167 0.00047543 -0.00763244 0.371915
168 0.00586734 -0.00748093 0.275983
169 0.000457898 -0.00709195 0.385272
170 0.00625814 -0.00715875 0.270042
171 0.000457898 -0.00656322 0.397414
172 0.00662699 -0.00682055 0.264086
173 0.000457898 -0.00603448 0.408727
174 0.00698033 -0.00645575 0.258165
175 0.000457898 -0.00550575 0.419214
176 0.00731509 -0.00607465 0.252202
177 0.000457898 -0.00497701 0.428878
178 0.00762501 -0.00568275 0.246419
179 0.000457898 -0.00444828 0.437725
180 0.00791705 -0.00526576 0.240837
181 0.000457898 -0.00391954 0.445763
182 0.00818657 -0.00483652 0.235459
183 0.000457898 -0.0033908 0.452997
184 0.00843094 -0.00439967 0.230399
185 0.000457898 -0.00286207 0.459436
186 0.00865189 -0.00394228 0.225815
187 0.000457898 -0.00233333 0.46509
188 0.00885079 -0.00347498 0.221514
189 0.000457898 -0.0018046 0.469968
190 0.0090211 -0.00300549 0.217787
191 0.000457898 -0.00127586 0.474081
192 0.00916671 -0.00251601 0.214656
193 0.000457898 -0.000747126 0.47744
194 0.00928804 -0.00202215 0.211962
195 0.000457898 -0.000218391 0.48006
196 0.00938293 -0.00152118 0.209865
197 0.000457898 0.000310345 0.481952
198 0.00945369 -0.00101637 0.208242
199 0.000457898 0.00083908 0.483135
200 0.00949449 -0.000516515 0.207408
201 0.000457898 0.00136782 0.483623
202 0.00950938 -1.75814e-05 0.20719
203 0.000457898 0.00189655 0.483436
204 0.00949494 0.000490447 0.207781
205 0.000457898 0.00242529 0.482594
206 0.0094561 0.000997078 0.208897
207 0.000457898 0.00295402 0.481118
208 0.00939142 0.00149215 0.210657
209 0.000462835 0.00350466 0.478914
210 0.00929686 0.00199132 0.213225
211 0.000471028 0.00408824 0.475876
212 0.00917795 0.00248539 0.21632
213 0.000422373 0.00477257 0.471784
214 0.00903651 0.00296431 0.219922
215 0.00886391 0.00344205 0.22437
216 0.0086671 0.00391068 0.229348
217 0.000975341 0.00491957 0.467447
218 0.00845127 0.00436136 0.234694
219 0.00152073 0.00505021 0.461113
220 0.00820377 0.00480541 0.240918
221 0.0020493 0.00519076 0.452684
222 0.00793648 0.00523682 0.247497
223 0.00257535 0.00537122 0.441706
224 0.00765264 0.00564706 0.254455
225 0.00311175 0.0055943 0.427747
226 0.00733733 0.00604801 0.262382
227 0.00361562 0.00586213 0.411677
228 0.00700463 0.00643017 0.270875
229 0.0040932 0.00617524 0.393439
230 0.0066646 0.006818 0.279178
231 0.00452785 0.00653213 0.373682
232 0.00624676 0.00717154 0.291884
233 0.004908 0.00690239 0.353573
234 0.00571651 0.00763546 0.306943
235 0.000404629 -0.00908563 0.331961
236 0.00531976 0.00725137 0.330613
237 0.00238095 -0.0087173 0.326286
238 0.00187847 -0.00879979 0.330163
239 0.00137927 -0.00888095 0.332599
240 0.000890884 -0.00899144 0.332665
241 0.00284531 -0.00858044 0.323129
242 0.00328941 -0.00841809 0.319768
243 0.00373352 -0.00822977 0.315887
244 0.00416519 -0.00801848 0.311658
245 0.00458475 -0.00779211 0.306915
246 0.000970889 -0.00847519 0.347091
247 0.00499589 -0.00753792 0.301924
248 0.000973443 -0.0079286 0.361932
249 0.00538838 -0.00725585 0.297001
250 0.000939154 -0.00737322 0.376268
251 0.00576702 -0.00695955 0.291719
252 0.000918205 -0.00682759 0.389366
253 0.00613079 -0.00664263 0.286302
254 0.000918205 -0.00629885 0.401093
255 0.00647224 -0.00631018 0.280962
256 0.000918205 -0.00577011 0.411989
257 0.00679533 -0.00596063 0.275647
258 0.000918205 -0.00524138 0.422057
259 0.00710431 -0.0055899 0.270297
260 0.000918205 -0.00471264 0.431304
261 0.00739132 -0.00520312 0.265169
262 0.000918205 -0.00418391 0.439736
263 0.00766075 -0.00480299 0.260072
264 0.000918205 -0.00365517 0.447359
265 0.00790489 -0.00438676 0.255428
266 0.000918205 -0.00312644 0.454181
267 0.00812281 -0.00396378 0.251201
268 0.000918205 -0.0025977 0.460212
269 0.00832047 -0.00353023 0.247218
270 0.000918205 -0.00206897 0.465459
271 0.00849779 -0.00308193 0.243549
272 0.000918205 -0.00154023 0.469935
273 0.00864738 -0.00262194 0.240543
274 0.000918205 -0.00101149 0.473649
275 0.00877412 -0.00215508 0.237935
276 0.000918205 -0.000482759 0.476613
277 0.00887565 -0.00168076 0.235872
278 0.000918205 4.5977e-05 0.478842
279 0.00895411 -0.00120909 0.234208
280 0.000918205 0.000574713 0.480349
281 0.00900817 -0.000734225 0.233076
282 0.000918205 0.00110345 0.481151
283 0.0090358 -0.000253546 0.232602
284 0.000918205 0.00163218 0.481265
285 0.00903541 0.000226649 0.232863
286 0.000918205 0.00216092 0.48071
287 0.00901157 0.000703626 0.23363
288 0.000918205 0.00268966 0.479506
289 0.00896152 0.0011839 0.235038
290 0.000918205 0.00321839 0.477678
291 0.0088839 0.00165823 0.237179
292 0.000925804 0.00377208 0.475068
293 0.00878701 0.00212498 0.239633
294 0.000935859 0.00435224 0.471656
295 0.00866257 0.00259214 0.24278
296 0.00851029 0.00304811 0.246703
297 0.00834033 0.003493 0.250891
298 0.00814228 0.00393493 0.255785
299 0.0079169 0.00436061 0.261489
300 0.00196312 0.0046868 0.458031
301 0.00767529 0.00477224 0.267454
302 0.00248551 0.00483593 0.448123
303 0.00741196 0.00517619 0.273887
304 0.00305008 0.00503783 0.434588
305 0.00712993 0.00556155 0.28086
306 0.00360082 0.00528162 0.418413
307 0.00681604 0.00594102 0.28886
308 0.00411401 0.00560922 0.399785
309 0.0065031 0.00631076 0.296539
310 0.00458521 0.00596959 0.379591
311 0.00622849 0.00668291 0.302106
312 0.00499089 0.00636217 0.359031
313 0.0057722 0.0068655 0.319
314 0.00530473 0.00673818 0.340498
315 0.00204325 -0.00833986 0.341206
316 0.00247435 -0.00819935 0.339386
317 0.0015174 -0.0082744 0.348616
318 0.00290466 -0.00806126 0.336357
319 0.00333203 -0.00789124 0.333095
320 0.00374567 -0.00769328 0.329694
321 0.00414726 -0.00749043 0.325582
322 0.0045479 -0.00727638 0.320685
323 0.00492883 -0.00701277 0.316445
324 0.00143246 -0.0076472 0.365875
325 0.00528076 -0.00673274 0.312402
326 0.00137524 -0.00708904 0.380062
327 0.00563984 -0.00645505 0.307083
328 0.00137851 -0.00656322 0.392102
329 0.0059772 -0.00613971 0.302298
330 0.00137851 -0.00603448 0.403408
331 0.00628785 -0.00581725 0.297662
332 0.00137851 -0.00550575 0.413882
333 0.00659469 -0.00547561 0.292609
334 0.00137851 -0.00497701 0.423526
335 0.00687177 -0.00511054 0.288216
336 0.00137851 -0.00444828 0.432349
337 0.00713276 -0.00474817 0.283569
338 0.00137851 -0.00391954 0.440358
339 0.00738482 -0.00436219 0.278817
340 0.00137851 -0.0033908 0.447559
341 0.00759547 -0.00395912 0.275293
342 0.00137851 -0.00286207 0.453962
343 0.00779382 -0.00355301 0.271563
344 0.00137851 -0.00233333 0.459574
345 0.00797588 -0.00313311 0.267971
346 0.00137851 -0.0018046 0.464406
347 0.00812832 -0.00270116 0.265125
348 0.00137851 -0.00127586 0.468467
349 0.00825476 -0.0022668 0.262806
350 0.00137851 -0.000747126 0.471769
351 0.00836367 -0.00182061 0.260713
352 0.00137851 -0.000218391 0.474325
353 0.00844965 -0.00136916 0.259063
354 0.00137851 0.000310345 0.476148
355 0.00851488 -0.000920401 0.25773
356 0.00137851 0.00083908 0.477253
357 0.00855677 -0.000465206 0.256905
358 0.00137851 0.00136782 0.477656
359 0.00856432 -8.72033e-06 0.257137
360 0.00137851 0.00189655 0.477376
361 0.00855473 0.000439437 0.25757
362 0.00137851 0.00242529 0.47643
363 0.00852417 0.000896814 0.2584
364 0.00137851 0.00295402 0.474841
365 0.00845528 0.00135153 0.260499
366 0.00138722 0.00347177 0.472598
367 0.00837254 0.0017929 0.262685
368 0.00140316 0.00399159 0.469699
369 0.00828127 0.00223801 0.264627
370 0.00813902 0.00267953 0.268466
371 0.0079852 0.00309816 0.272394
372 0.00782679 0.00352521 0.27582
373 0.00761039 0.00393764 0.281541
374 0.00738704 0.004328 0.287208
375 0.00240421 0.00431479 0.453577
376 0.00715219 0.00472143 0.292761
377 0.00295232 0.00446289 0.441669
378 0.00688873 0.00509587 0.299321
379 0.00355413 0.00470775 0.425225
380 0.00661262 0.00546243 0.306051
381 0.00411465 0.00500915 0.406486
382 0.00627968 0.00583885 0.314697
383 0.00464572 0.00538712 0.385043
384 0.00596455 0.00624731 0.321541
385 0.00512972 0.00579447 0.362224
386 0.00199435 -0.00785092 0.354961
387 0.00252407 -0.0077293 0.35104
388 0.00294635 -0.00754394 0.348997
389 0.00333742 -0.00735346 0.346559
390 0.0037255 -0.00716193 0.343203
391 0.00411691 -0.00696889 0.338803
392 0.00452135 -0.00682217 0.331943
393 0.00480877 -0.00650184 0.331318
394 0.00181772 -0.0073109 0.370495
395 0.00516234 -0.0061954 0.327537
396 0.00181179 -0.00679543 0.382746
397 0.00554501 -0.00600876 0.319342
398 0.00183304 -0.0062874 0.393744
399 0.00578528 -0.00565001 0.31848
400 0.00183882 -0.00577011 0.404316
401 0.0060928 -0.0053382 0.313574
402 0.00183882 -0.00524138 0.414352
403 0.00636824 -0.00500463 0.309368
404 0.00183882 -0.00471264 0.423563
405 0.00660445 -0.00464934 0.306221
406 0.00183882 -0.00418391 0.431954
407 0.00692515 -0.00434532 0.298132
408 0.00183882 -0.00365517 0.439532
409 0.00706886 -0.00393926 0.298026
410 0.00183882 -0.00312644 0.446304
411 0.00726947 -0.003553 0.294553
412 0.00183882 -0.0025977 0.452277
413 0.00745383 -0.00315763 0.291153
414 0.00183882 -0.00206897 0.45746
415 0.00760931 -0.00276086 0.28837
416 0.00183882 -0.00154023 0.461864
417 0.00774718 -0.0023501 0.285828
418 0.00183882 -0.00101149 0.465499
419 0.00784278 -0.00192861 0.284662
420 0.00183882 -0.000482759 0.468376
421 0.00793347 -0.00150528 0.283096
422 0.00183882 4.5977e-05 0.470507
423 0.00802292 -0.00108148 0.280957
424 0.00183882 0.000574713 0.471907
425 0.00806639 -0.000646968 0.280403
426 0.00183882 0.00110345 0.47259
427 0.00808901 -0.000229147 0.280212
428 0.00183882 0.00163218 0.472574
429 0.0080857 0.000204034 0.280695
430 0.00183882 0.00216092 0.471876
431 0.00807484 0.000626144 0.280966
432 0.00183882 0.00268966 0.470517
433 0.00802899 0.0010611 0.282318
434 0.00185535 0.00318705 0.468429
435 0.00793911 0.00148742 0.285206
436 0.00188642 0.00365981 0.465711
437 0.00786493 0.001906 0.286786
438 0.00783815 0.00234559 0.285382
439 0.00761698 0.0027136 0.293165
440 0.00746837 0.00313209 0.296532
441 0.00737005 0.0035585 0.296876
442 0.00708576 0.00389579 0.306173
443 0.00685651 0.00427995 0.311849
444 0.00279304 0.00383129 0.449546
445 0.00663362 0.00466615 0.316663
446 0.00343094 0.0041067 0.433374
447 0.00636375 0.00503225 0.32331
448 0.00409847 0.00434675 0.413472
449 0.00613787 0.00539325 0.327661
450 0.00467021 0.00477795 0.391266
451 0.00570399 0.00566307 0.341759
452 0.00522543 0.00517637 0.366991
453 0.00223222 -0.00742415 0.362724
454 0.00295287 -0.0070043 0.361948
455 0.00331417 -0.00681367 0.359751
456 0.00376572 -0.00661442 0.354891
457 0.00257328 -0.00682568 0.372163
458 0.00225923 0.00387339 0.458881
459 0.00469575 -0.00596751 0.345586
460 0.00188033 0.0041813 0.462735
461 0.00226959 -0.00654026 0.382969
462 0.00550257 0.00627946 0.34026
463 0.0023229 -0.00604993 0.392709
464 0.00557242 -0.00518123 0.33404
465 0.00229912 -0.00550575 0.403772
466 0.00591141 -0.00492416 0.32699
467 0.00229912 -0.00497701 0.413368
468 0.0061114 -0.00452924 0.326363
469 0.00229912 -0.00444828 0.422143
470 0.00502065 -0.00137725 0.395978
471 0.00229912 -0.00391954 0.430097
472 0.00646718 -0.00405289 0.320308
473 0.00229912 -0.0033908 0.437235
474 0.00672582 -0.00354883 0.31683
475 0.00229912 -0.00286207 0.443566
476 0.0069912 -0.00319772 0.310197
477 0.00229912 -0.00233333 0.449099
478 0.00706343 -0.00278281 0.311593
479 0.00229912 -0.0018046 0.453843
480 0.00728948 -0.00243509 0.305215
481 0.00229912 -0.00127586 0.457806
482 0.00732828 -0.00202034 0.306911
483 0.00229912 -0.000747126 0.461
484 0.00740916 -0.00161473 0.306115
485 0.00229912 -0.000218391 0.463435
486 0.00750388 -0.0012118 0.3041
487 0.00229912 0.000310345 0.465124
488 0.00764323 -0.000813371 0.299441
489 0.00229912 0.00083908 0.466081
490 0.00757413 -0.000407386 0.30373
491 0.00229912 0.00136782 0.466321
492 0.00768519 -1.00909e-05 0.299266
493 0.00229912 0.00189655 0.465862
494 0.00759127 0.000389336 0.303692
495 0.00229912 0.00242529 0.464725
496 0.00765624 0.00078617 0.30031
497 0.00232263 0.00293426 0.46262
498 0.00750529 0.00117714 0.306368
499 0.00741771 0.00165219 0.308656
500 0.00422169 -0.00637297 0.34958
501 0.00732561 0.00218269 0.31014
502 0.00708379 0.00276079 0.316924
503 0.00688628 0.0033178 0.320908
504 0.00517381 -0.00562672 0.338506
505 0.00656121 0.00382143 0.3298
506 0.00632138 0.00425772 0.334997
507 0.00334732 0.00348714 0.439545
508 0.00616797 0.00464433 0.336632
509 0.00388796 0.00372323 0.424272
510 0.00578555 0.00498111 0.347956
511 0.00472852 0.00418591 0.395271
512 0.00525003 0.00456371 0.373367
513 0.0025945 -0.00724094 0.362109
514 0.00233037 0.00343028 0.460227
515 0.00284881 -0.00640486 0.3773
516 0.00336827 -0.00635179 0.368843
517 0.00377597 -0.0060456 0.36676
518 0.00420391 -0.00573608 0.362941
519 0.00465764 -0.00538148 0.357834
520 0.00506937 -0.00500161 0.352812
521 0.0027595 -0.00577264 0.391728
522 0.00549671 -0.00456516 0.346741
523 0.00274566 -0.00522936 0.4022
524 0.00275943 -0.00471264 0.410924
525 0.00584903 -0.00404495 0.342655
526 0.00275943 -0.00418391 0.419259
527 0.00615634 -0.00353403 0.338523
528 0.00275943 -0.00365517 0.426764
529 0.00275943 -0.00312644 0.43345
530 0.00650658 -0.00296436 0.332017
531 0.00275943 -0.0025977 0.439331
532 0.00275943 -0.00206897 0.444413
533 0.00275943 -0.00154023 0.448704
534 0.00676264 -0.00227836 0.328437
535 0.00275943 -0.00101149 0.452213
536 0.00688165 -0.00175977 0.327438
537 0.00275943 -0.000482759 0.454951
538 0.0069863 -0.0012735 0.32598
539 0.00275943 4.5977e-05 0.456928
540 0.00710066 -0.00072985 0.323542
541 0.00275943 0.000574713 0.458155
542 0.00275943 0.00110345 0.458646
543 0.00275943 0.00163218 0.458415
544 0.00715089 -8.00519e-06 0.32302
545 0.00275943 0.00216092 0.457488
546 0.00712873 0.000692529 0.323964
547 0.00279489 0.00267533 0.455254
548 0.0069966 0.00129182 0.328366
549 0.00688052 0.00183568 0.331269
550 0.00672231 0.00236026 0.335147
551 0.00650646 0.00289088 0.340477
552 0.00625922 0.00339429 0.346399
553 0.00596142 0.00385549 0.353891
554 0.0038639 0.00311085 0.428846
555 0.00576984 0.00435378 0.356088
556 0.00530587 0.00390002 0.378132
557 0.00280915 0.0032093 0.452686
558 0.00331374 0.0029019 0.443433
559 0.0047886 0.00363191 0.398075
560 0.00323677 -0.00590285 0.380733
561 0.00365042 -0.00544318 0.381278
562 0.00415356 -0.00517072 0.374625
563 0.00457493 -0.00480795 0.37001
564 0.00491992 -0.00443576 0.366336
565 0.00526946 -0.00403764 0.361689
566 0.00322278 -0.00499272 0.397973
567 0.00324158 -0.00447218 0.40623
568 0.00557686 -0.00355321 0.358271
569 0.00324234 -0.00393222 0.414282
570 0.00584481 -0.0030084 0.355618
571 0.00321974 -0.0033908 0.421936
572 0.00321974 -0.00286207 0.428164
573 0.00611522 -0.00244483 0.351607
574 0.00321974 -0.00233333 0.433586
575 0.00321974 -0.0018046 0.438205
576 0.00321974 -0.00127586 0.442031
577 0.00632414 -0.00191157 0.348182
578 0.00321974 -0.000747126 0.445073
579 0.00646889 -0.00140809 0.34591
580 0.00321974 -0.000218391 0.447339
581 0.00653434 -0.000899786 0.345883
582 0.00321974 0.000310345 0.448839
583 0.00655485 -0.000308012 0.346997
584 0.00321974 0.00083908 0.449585
585 0.00321974 0.00136782 0.449582
586 0.00321666 0.00188462 0.448931
587 0.00656367 0.000320246 0.347468
588 0.00325433 0.00239787 0.446763
589 0.00655845 0.000915409 0.347288
590 0.00647851 0.00147465 0.349163
591 0.00632408 0.00197473 0.353359
592 0.00615969 0.0024716 0.357173
593 0.00592871 0.00294415 0.362945
594 0.00566413 0.00341502 0.369247
595 0.00314492 -0.00545212 0.391124
596 0.00380513 0.0025716 0.433022
597 0.00518179 0.00338878 0.38672
598 0.00367869 -0.00482581 0.391521
599 0.00410288 -0.00466048 0.38443
600 0.0043543 -0.00428638 0.384054
601 0.0047202 -0.00390491 0.379709
602 0.00507496 -0.00357087 0.373784
603 0.00376275 -0.00422215 0.399273
604 0.00521459 -0.00307718 0.375496
605 0.0036831 -0.00364022 0.409157
606 0.00547596 -0.00250155 0.373095
607 0.0036719 -0.00310792 0.416005
608 0.00368004 -0.0025977 0.421378
609 0.00573927 -0.001937 0.369008
610 0.00368004 -0.00206897 0.426327
611 0.00368004 -0.00154023 0.430466
612 0.00368004 -0.00101149 0.433816
613 0.00600543 -0.00154288 0.362306
614 0.00368004 -0.000482759 0.436378
615 0.00601288 -0.00110045 0.364555
616 0.00368004 4.5977e-05 0.438155
617 0.00604465 -0.000590385 0.365523
618 0.00368004 0.000574713 0.439156
619 0.00594384 1.87533e-05 0.37076
620 0.00369387 0.00112212 0.439062
621 0.00370205 0.00166051 0.438296
622 0.00363534 0.00212443 0.438764
623 0.0060197 0.000653027 0.368271
624 0.00611181 0.00113961 0.364201
625 0.00593081 0.00157517 0.369926
626 0.00576183 0.00205952 0.374318
627 0.0055737 0.0025252 0.378782
628 0.00538347 0.00295534 0.382871
629 0.00437732 0.00271123 0.416793
630 0.00417091 0.00206576 0.425256
631 0.00500354 0.0026178 0.397829
632 0.00420657 -0.00378577 0.394925
633 0.00460693 -0.00329863 0.390688
634 0.00482254 -0.00260484 0.392225
635 0.00406647 -0.00333858 0.404077
636 0.00515071 -0.00193128 0.388286
637 0.00417971 -0.00287171 0.406723
638 0.00419563 -0.00234942 0.41154
639 0.00549669 -0.00136672 0.381027
640 0.00414691 -0.00179947 0.4174
641 0.00414872 -0.00129075 0.420887
642 0.00415161 -0.000769216 0.423662
643 0.00417917 -0.000240866 0.425049
644 0.00417258 0.000291283 0.426516
645 0.00560541 -0.000401643 0.381548
646 0.00414345 0.000848808 0.427789
647 0.00550831 0.000493727 0.386406
648 0.00417924 0.00143 0.426477
649 0.00558003 0.00108844 0.383664
650 0.00537744 0.00165613 0.389362
651 0.00519274 0.00212792 0.393902
652 0.00553985 -0.00084329 0.38221
653 0.00469297 0.0022475 0.409366
654 0.00474838 0.00170957 0.409585
655 0.00459948 -0.00206411 0.403275
656 0.00462164 -0.00159792 0.406229
657 0.00460608 -0.00107884 0.409865
658 0.00464444 -0.000572162 0.411158
659 0.0047233 -9.63666e-06 0.410671
660 0.00460193 0.000565403 0.414976
661 0.0045981 0.00111578 0.415027
662 0.0050677 0.000824343 0.400883
663 0.00504777 0.00128904 0.401013
664 0.00509107 -0.000928464 0.396299
665 0.00503347 0.000372965 0.401777
666 0.00513831 -0.000455664 0.396749
667 0.00143664 0.00453611 0.465882
668 0.004805 0.00306459 0.40161
669 0.00153372 0.00827435 0.427386
670 0.00348058 0.00798919 0.388196
671 0.00202638 0.00777533 0.425949
672 0.000393736 0.00623956 0.459615
673 0.00355916 0.00698882 0.399446
674 0.0031365 0.00671034 0.414648
675 0.00268982 0.00645606 0.428211
676 0.00398214 0.00730848 0.381561
677 0.0022127 0.00625101 0.439876
678 0.00436358 0.00760828 0.363166
679 0.0017273 0.00609023 0.449203
680 0.0046365 0.00813784 0.343581
681 0.0012381 0.00594808 0.456431
682 0.000671434 0.00585535 0.461823
683 0.00416888 0.0084986 0.356689
684 0.00371627 0.00877737 0.369165
685 0.000437095 0.00665507 0.455331
686 0.00324128 0.00894246 0.382033
687 0.00044905 0.00714815 0.450121
688 0.00276174 0.0090904 0.393069
689 0.00044905 0.00766667 0.444351
690 0.00227017 0.00925438 0.401971
691 0.00044905 0.00818519 0.438214
692 0.00176742 0.00933041 0.410051
693 0.00044905 0.0087037 0.431729
694 0.00129487 0.00943328 0.415149
695 0.000453472 0.00930538 0.423816
696 0.000879596 0.00954254 0.41778
697 0.00307126 0.00727789 0.409325
698 0.00348972 0.00751221 0.394561
699 0.00268483 0.00700967 0.421936
700 0.00226105 0.00678639 0.433189
701 0.00399363 0.00791076 0.372471
702 0.00180901 0.00663826 0.442402
703 0.00134429 0.0064837 0.450062
704 0.000872979 0.0063534 0.455726
705 0.00331929 0.00843322 0.386881
706 0.00091811 0.0068505 0.450351
707 0.00286054 0.00853238 0.398227
708 0.000946079 0.00738427 0.44433
709 0.00239899 0.00870081 0.406781
710 0.000975167 0.00794146 0.43763
711 0.00189596 0.00880266 0.415028
712 0.000968705 0.00849467 0.430874
713 0.00141469 0.00887834 0.421123
714 0.000934149 0.00902345 0.42433
715 0.00373789 0.00832091 0.375101
716 0.0026013 0.00756549 0.417071
717 0.00300119 0.00790966 0.402994
718 0.00228805 0.00726465 0.427114
719 0.00186835 0.00718957 0.43539
720 0.00140521 0.00704201 0.44346
721 0.00249681 0.00813294 0.412157
722 0.00145535 0.00762658 0.436243
723 0.00206913 0.00835121 0.417849
724 0.00400405 0.0120492 0.311163
725 0.00279836 0.0148502 0.301245
726 0.00190257 0.0116211 0.374414
727 0.00450913 0.0118829 0.293346
728 0.00469943 0.015978 0.223353
729 0.00435757 0.0163598 0.228002
730 0.00501877 0.0155728 0.218513
731 0.00398092 0.0166929 0.233281
732 0.00530093 0.0151442 0.214174
733 0.00358385 0.0170136 0.237898
734 0.00554515 0.0146927 0.210514
735 0.00315774 0.0172909 0.242625
736 0.00574543 0.0142177 0.207951
737 0.00271423 0.0175328 0.246893
738 0.00591083 0.0137286 0.206098
739 0.00224995 0.0177471 0.250493
740 0.00603984 0.0132307 0.205105
741 0.00174581 0.0178886 0.254663
742 0.00611246 0.0127338 0.206091
743 0.00124467 0.0179976 0.257675
744 0.00614656 0.0122276 0.208453
745 0.000686893 0.0181212 0.258801
746 0.00614074 0.011718 0.212457
747 0.00609012 0.0112089 0.218646
748 0.00601275 0.0107048 0.226311
749 0.00590182 0.0102114 0.236372
750 0.000448274 0.0172852 0.280482
751 0.00570287 0.00970391 0.25374
752 0.000469097 0.0167708 0.29237
753 0.00548736 0.00918607 0.274896
754 0.000469097 0.0162292 0.304488
755 0.000469097 0.0156875 0.316109
756 0.000469097 0.0151458 0.327261
757 0.000469097 0.0146042 0.337968
758 0.00457693 0.00940206 0.324942
759 0.000469097 0.0140625 0.348258
760 0.00408835 0.00962445 0.342685
761 0.000469097 0.0135208 0.358157
762 0.00356229 0.00983002 0.359071
763 0.000469097 0.0129792 0.367692
764 0.00303386 0.0100035 0.372909
765 0.000469097 0.0124375 0.376887
766 0.00249808 0.0101527 0.38442
767 0.000469097 0.0118958 0.38577
768 0.00193585 0.0102792 0.393967
769 0.000505918 0.0113271 0.394516
770 0.00137019 0.0103899 0.40085
771 0.000469097 0.0108125 0.402512
772 0.000839745 0.0104199 0.405846
773 0.000376273 0.0103621 0.4095
774 0.000419752 0.0177212 0.270051
775 0.00497187 0.00915096 0.309192
776 0.00416995 0.0158378 0.24426
777 0.00449556 0.0154905 0.239504
778 0.00383058 0.0161649 0.24853
779 0.00477765 0.015086 0.236051
780 0.00349792 0.0164833 0.251493
781 0.00500829 0.0146896 0.233361
782 0.00311697 0.0167676 0.255173
783 0.00521428 0.0142662 0.231075
784 0.00270715 0.0170035 0.259153
785 0.00538106 0.0138271 0.229781
786 0.00228994 0.0172227 0.262159
787 0.00551171 0.0133703 0.229509
788 0.00188228 0.017427 0.263851
789 0.00560504 0.0129074 0.230328
790 0.00140145 0.0174043 0.270571
791 0.00566654 0.012445 0.232103
792 0.000904474 0.0175958 0.270397
793 0.00566042 0.0119701 0.237004
794 0.0056326 0.0115117 0.242734
795 0.0055693 0.0110244 0.250601
796 0.00548976 0.0105593 0.25951
797 0.00543184 0.0100986 0.267515
798 0.000921696 0.0170683 0.282846
799 0.00509447 0.00969296 0.293449
800 0.000919518 0.0165103 0.295586
801 0.000936125 0.0159583 0.307506
802 0.000936125 0.0154167 0.318849
803 0.000936125 0.014875 0.329733
804 0.000936125 0.0143333 0.340184
805 0.00454268 0.00993966 0.318385
806 0.000936125 0.0137917 0.35023
807 0.00399962 0.0101733 0.338167
808 0.000936125 0.01325 0.359902
809 0.00344607 0.0103676 0.355151
810 0.000936125 0.0127083 0.369224
811 0.00288253 0.0105393 0.369307
812 0.000936125 0.0121667 0.37821
813 0.00231154 0.0106773 0.380911
814 0.00099189 0.0115831 0.387049
815 0.00171383 0.0107954 0.390148
816 0.00105889 0.010961 0.396035
817 0.00398226 0.0153642 0.259097
818 0.00363371 0.0156539 0.264298
819 0.00432582 0.0150671 0.25284
820 0.00332015 0.0159683 0.266783
821 0.00447888 0.0146572 0.254365
822 0.00306852 0.0163021 0.26618
823 0.00469169 0.0142769 0.252347
824 0.00267476 0.0164781 0.271342
825 0.00486384 0.0138712 0.251449
826 0.00224979 0.0167257 0.274113
827 0.00500017 0.0134657 0.251394
828 0.00178522 0.0169612 0.27612
829 0.00510394 0.0130321 0.252454
830 0.00516666 0.0126022 0.254878
831 0.0052385 0.0122014 0.256062
832 0.00511408 0.0117775 0.26704
833 0.00518144 0.0113233 0.268627
834 0.0049866 0.0108879 0.283822
835 0.00499265 0.0102906 0.290797
836 0.00137504 0.0162313 0.297488
837 0.0013913 0.0156837 0.308951
838 0.00140315 0.0151458 0.319776
839 0.00140315 0.0146042 0.330365
840 0.00140315 0.0140625 0.340533
841 0.00446026 0.0105138 0.313961
842 0.00140315 0.0135208 0.350317
843 0.00388194 0.0107138 0.334926
844 0.00140315 0.0129792 0.35974
845 0.00329818 0.0109142 0.351905
846 0.00143253 0.0124243 0.36866
847 0.00270704 0.0110924 0.365663
848 0.00144099 0.0118824 0.377303
849 0.00211509 0.0111943 0.377169
850 0.00152892 0.0113138 0.385026
851 0.00354685 0.0151909 0.275436
852 0.00180977 0.016479 0.286577
853 0.00309065 0.0153879 0.284119
854 0.00388579 0.0147607 0.273028
855 0.00275443 0.0158461 0.282912
856 0.00414183 0.0142697 0.272722
857 0.00440708 0.013911 0.268756
858 0.00226618 0.0161965 0.285323
859 0.00445998 0.0135075 0.272876
860 0.00182406 0.0159481 0.297779
861 0.00465341 0.0131454 0.270283
862 0.00464573 0.0127264 0.276357
863 0.0047855 0.0122331 0.27672
864 0.00470512 0.0114081 0.290757
865 0.0018754 0.015414 0.308062
866 0.00190848 0.0148917 0.317855
867 0.00187018 0.0143333 0.329038
868 0.00187018 0.0137917 0.338902
869 0.00188497 0.0132412 0.348315
870 0.00373345 0.0112604 0.332493
871 0.00191415 0.012688 0.357168
872 0.00313484 0.0114917 0.348262
873 0.00194357 0.0121281 0.365763
874 0.00247303 0.01172 0.361747
875 0.00433187 0.0110517 0.312234
876 0.00326323 0.0148026 0.290553
877 0.00355587 0.0142595 0.29182
878 0.00246475 0.0152165 0.301614
879 0.00224364 0.0157194 0.295627
880 0.00390612 0.0136971 0.290015
881 0.00411129 0.0130206 0.293241
882 0.00424036 0.0124183 0.297041
883 0.00237533 0.0146143 0.314827
884 0.00235066 0.0140741 0.325201
885 0.00232829 0.013523 0.335365
886 0.00238981 0.0129691 0.343502
887 0.0035948 0.0118334 0.328839
888 0.00244496 0.0123871 0.351822
889 0.00303905 0.0121094 0.341535
890 0.00413735 0.0115692 0.312958
891 0.00291353 0.0143093 0.308543
892 0.00325686 0.0137623 0.308909
893 0.00346423 0.0131595 0.312722
894 0.00362223 0.0124788 0.318336
895 0.00274027 0.013794 0.321624
896 0.00286693 0.0133097 0.326845
897 0.00297851 0.0127276 0.333489
898 0.00135311 0.0168013 0.285077
