1 0 0 9.38918
2 -1.31814e-05 0.0843 9.7516
3 0.00701188 0.0019524 5.43691
4 0.013867 0.00439135 5.7283
5 0.0203089 0.00775856 6.20953
6 0.0258049 0.0124876 6.25118
7 0.0295944 0.0186686 6.4673
8 0.0316476 0.0256365 6.83184
9 0.0320664 0.0328854 6.85746
10 0.0306691 0.0400102 6.62617
11 0.0278809 0.046728 6.33447
12 0.0245631 0.0532081 6.41761
13 0.0215986 0.0598525 6.24686
14 0.0196658 0.066863 6.60809
15 0.0177476 0.073613 6.36528
16 0.0133516 0.0787235 6.71102
17 0.00689958 0.082031 5.15463
18 -1.19831e-05 0.0766364 5.02123
19 -1.07848e-05 0.0689727 2.45352
20 -9.58651e-06 0.0613091 1.00871
21 -8.38819e-06 0.0536455 0.385855
22 -7.18988e-06 0.0459818 0.164835
23 -5.99157e-06 0.0383182 0.146143
24 -4.79325e-06 0.0306545 0.266338
25 -3.59494e-06 0.0229909 0.68314
26 -2.39663e-06 0.0153273 1.90275
27 -1.19831e-06 0.00766364 4.49932
28 0.0126664 0.0310079 8.99195e-05
29 0.0138133 0.0221887 0.00220708
30 0.0118971 0.0162493 0.0197447
31 0.0115519 0.0539811 0.00228225
32 0.00876783 0.0731632 0.160017
33 0.0139972 0.0610151 0.0534874
34 0.0177668 0.0536336 0.145594
35 0.0200498 0.0467313 0.0813555
36 0.00705596 0.0650625 0.0174288
37 0.0231985 0.040803 0.0920268
38 0.00644378 0.0575951 0.00446591
39 0.0261303 0.0355231 0.267811
40 0.00616829 0.0500704 0.00193469
41 0.0256268 0.0298096 0.0802433
42 0.00684702 0.0426438 0.000603278
43 0.0255531 0.0240868 0.298312
44 0.00688448 0.0348915 0.000838153
45 0.021727 0.0196562 0.100428
46 0.00663271 0.0268238 0.00238147
47 0.0182242 0.0151064 0.172828
48 0.00647306 0.0190374 0.0127572
49 0.0143916 0.0108623 0.468568
50 0.00748851 0.0105638 0.158976
51 0.0133802 0.067905 0.257003
52 0.0130749 0.0473666 0.00191144
53 0.0145345 0.0395973 0.000469868
54 0.0191992 0.0340081 0.00225033
55 0.0193092 0.0267117 0.00325619
