0 0 0 0.0269048
1 0 0.0458831 0.106484
2 0.018 0.0087178 0.476604
3 0 0.0087178 -0.0699199
4 1.22465e-18 -0.02 0.372673
5 1.22465e-18 0.02 0.153086
6 0.0169463 -0.0106218 0.155692
7 0.0163636 0.0120965 0.169993
8 0.0147273 0.0154751 0.175902
9 0.0130909 0.0188538 0.174523
10 0.0114545 0.0222325 0.167625
11 0.00981818 0.0256111 0.156679
12 0.00818182 0.0289898 0.138825
13 0.00654545 0.0323685 0.122962
14 0.00490909 0.0357471 0.0937301
15 0.00327273 0.0391258 0.0639155
16 0.00163636 0.0425045 0.381591
17 0.00371094 0.0196527 0.344285
18 0.00729299 0.0186229 0.285263
19 0.0106218 0.0169463 0.224196
20 0.0135817 0.0146812 0.169278
21 0.0160699 0.0119063 0.068501
22 0 0.0421856 0.113023
23 0 0.038488 0.166047
24 0 0.0347904 0.218454
25 0 0.0310928 0.275827
26 0 0.0273952 0.327413
27 0 0.0236976 0.413617
28 0 0.0162393 0.449437
29 0 0.0124785 0.482877
30 0.0036 0.0087178 0.444942
31 0.0072 0.0087178 0.371929
32 0.0108 0.0087178 0.265585
33 0.0144 0.0087178 0.134971
34 0.0187343 -0.00700199 0.124449
35 0.0197587 -0.00309768 0.12558
36 0.0199782 0.000932704 0.146004
37 0.0193841 0.0049252 0.490301
38 0 0.00512807 0.488111
39 0 0.00153835 0.471452
40 0 -0.00205138 0.436948
41 0 -0.0056411 0.380666
42 0 -0.00923083 0.296112
43 0 -0.0128206 0.16441
44 0 -0.0164103 0.214648
45 0.00401665 -0.0195925 0.217062
46 0.00786888 -0.018387 0.200363
47 0.0114005 -0.0164325 0.176869
48 0.0144679 -0.0138087 0.267883
49 0.0058551 0.0255205 0.294657
50 0.00730874 0.0221022 0.261824
51 0.00993255 0.0197686 0.192829
52 0.00306558 0.0325747 0.244468
53 0.00375799 0.0290909 0.303751
54 0.00258585 0.0257209 0.345258
55 0.00314749 0.0226848 0.46841
56 0.00358989 0.0111916 0.374574
57 0.0078945 0.0151814 0.431124
58 0.0041241 0.0151534 0.4184
59 0.00737169 0.0119202 0.282212
60 0.0130474 0.0113856 0.343317
61 0.0103417 0.0129724 0.337962
62 0.012332 -0.00519895 0.4103
63 0.0101878 0.00258869 0.420124
64 0.0095877 -0.000671079 0.407568
65 0.00941891 -0.0040263 0.308529
66 0.00403175 -0.015197 0.377533
67 0.00387282 -0.0115028 0.432727
68 0.00348232 -0.00773836 0.472827
69 0.00310879 -0.00384624 0.311711
70 0.00755176 -0.0139521 0.493911
71 0.00310879 -0.000256514 0.293238
72 0.0106132 -0.012242 0.500744
73 0.00293392 0.0032726 0.255892
74 0.0134263 -0.0104518 0.496449
75 0.00246818 0.00624861 0.259572
76 0.0146273 -0.00754255 0.251957
77 0.0157898 -0.00425123 0.480914
78 0.00537058 0.00571838 0.251625
79 0.0162154 -0.000781894 0.432641
80 0.00879844 0.00548887 0.254673
81 0.01598 0.00279597 0.343805
82 0.0126904 0.00511405 0.226674
83 0.0160732 0.00604294 0.381379
84 0.00710742 -0.00990651 0.430863
85 0.00661119 -0.00613125 0.463587
86 0.00632103 -0.00205138 0.472633
87 0.0066001 0.00201031 0.354528
88 0.0104681 -0.00798279 0.347515
89 0.0126692 -0.00220073 0.346284
