1 1.53081e-18 -0.025 0.344391
2 1.02054e-18 0.0133333 0.846657
3 1.53081e-18 0.025 0.738516
4 1.02054e-18 0.0466667 0.29206
5 0.0146855 0.0378813 0.165301
6 0.0239236 -0.00725686 0.161227
7 0.0138888 0.020787 0.426456
8 0 0.00694444 0.873701
9 0 0.000555556 0.862501
10 0 -0.00583333 0.805563
11 0 -0.0122222 0.705267
12 0 -0.0186111 0.555034
13 0.0249808 -0.000979743 0.148504
14 0.0244189 0.00535879 0.158904
15 0.0222753 0.0113495 0.202004
16 0.0186883 0.0166056 0.331857
17 0.0101756 0.0168002 0.62216
18 0.00537497 0.0142238 0.761415
19 0.00631373 -0.0241896 0.308517
20 0.0122162 -0.021812 0.2776
21 0.0173268 -0.0180217 0.235104
22 0.0213154 -0.0130635 0.192165
23 0 0.0191667 0.788621
24 0.00725686 0.0239236 0.620916
25 0.0109751 0.0425429 0.199614
26 0.00586211 0.0456017 0.247503
27 0.0162418 0.0262608 0.177692
28 0.0165192 0.0322124 0.141283
29 0 0.04125 0.444177
30 0 0.0358333 0.558188
31 0 0.0304167 0.644761
32 0.0110642 -0.00834184 0.599495
33 0.0141846 0.00222005 0.59224
34 0.0117827 0.00752796 0.657346
35 0.0119341 -0.002776 0.636961
36 0.00606268 -0.0170576 0.523646
37 0.0112521 -0.0147704 0.481417
38 0.0156414 -0.0123694 0.407749
39 0.00566678 -0.0102976 0.671011
40 0.0173163 -0.00773057 0.424668
41 0.00579988 -0.00363118 0.756372
42 0.018712 -0.00277623 0.41718
43 0.00676011 0.00303009 0.779689
44 0.0200416 0.00219308 0.372427
45 0.00545952 0.00931141 0.791751
46 0.0179603 0.00715545 0.443395
47 0.0149106 0.0132965 0.520351
48 0.00974643 0.0122754 0.680046
49 0.00456201 0.0193687 0.728432
50 0.00443384 0.0304545 0.588168
51 0.00680305 0.0376959 0.415517
52 0.0110892 0.0297601 0.415155
