1 6.12323e-19 -0.01 0.30311
2 4.08216e-19 0.00533333 0.465375
3 6.12323e-19 0.01 0.412383
4 4.08216e-19 0.0186667 0.245219
5 0.0058742 0.0151525 0.187796
6 0.00956943 -0.00290274 0.188905
7 0.00555552 0.00831481 0.287479
8 0 0.005 0.467947
9 0 0.00466667 0.470392
10 0 0.00433333 0.472617
11 0 0.004 0.474608
12 0 0.00366667 0.476375
13 0 0.00333333 0.47792
14 0 0.003 0.479234
15 0 0.00266667 0.480311
16 0 0.00233333 0.481142
17 0 0.002 0.481721
18 0 0.00166667 0.482044
19 0 0.00133333 0.482103
20 0 0.001 0.481895
21 0 0.000666667 0.481413
22 0 0.000333333 0.480654
23 0 -3.23333e-15 0.479613
24 0 -0.000333333 0.478286
25 0 -0.000666667 0.476668
26 0 -0.001 0.474757
27 0 -0.00133333 0.472548
28 0 -0.00166667 0.47004
29 0 -0.002 0.467227
30 0 -0.00233333 0.464109
31 0 -0.00266667 0.460681
32 0 -0.003 0.456941
33 0 -0.00333333 0.452888
34 0 -0.00366667 0.448518
35 0 -0.004 0.44383
36 0 -0.00433333 0.438822
37 0 -0.00466667 0.433491
38 0 -0.005 0.427835
39 0 -0.00533333 0.421854
40 0 -0.00566667 0.415546
41 0 -0.006 0.408908
42 0 -0.00633333 0.40194
43 0 -0.00666667 0.39464
44 0 -0.007 0.387008
45 0 -0.00733333 0.379041
46 0 -0.00766667 0.370739
47 0 -0.008 0.362101
48 0 -0.00833333 0.353127
49 0 -0.00866667 0.343818
50 0 -0.009 0.334158
51 0 -0.00933333 0.324158
52 0 -0.00966667 0.313918
53 0.00966152 -0.00257972 0.186737
54 0.00974269 -0.00225389 0.18482
55 0.00981289 -0.00192541 0.183156
56 0.00987201 -0.00159482 0.181751
57 0.00991999 -0.00126246 0.18062
58 0.00995679 -0.000928586 0.179766
59 0.00998236 -0.000593768 0.179195
60 0.00999667 -0.000258211 0.178905
61 0.0099997 7.76728e-05 0.178904
62 0.00999145 0.00041335 0.179192
63 0.00997193 0.00074868 0.179769
64 0.00994117 0.00108313 0.180634
65 0.0098992 0.00141629 0.181782
66 0.00984605 0.00174795 0.183215
67 0.00978181 0.00207756 0.184928
68 0.00970653 0.00240485 0.186914
69 0.00962029 0.00272948 0.189168
70 0.00952322 0.00305093 0.19168
71 0.00941539 0.00336905 0.194453
72 0.00929693 0.00368336 0.197472
73 0.00916802 0.00399342 0.200728
74 0.00902873 0.00429907 0.204214
75 0.00887928 0.00459982 0.207921
76 0.00871983 0.00489536 0.211847
77 0.0085505 0.00518545 0.215981
78 0.00837158 0.00546961 0.220314
79 0.00818318 0.00574765 0.224843
80 0.00798553 0.00601924 0.22957
81 0.00777895 0.00628395 0.234495
82 0.00756351 0.00654166 0.239622
83 0.00733957 0.00679196 0.244965
84 0.00710739 0.00703456 0.250549
85 0.00686713 0.00726929 0.256423
86 0.00661918 0.00749576 0.262663
87 0.00636375 0.0077138 0.269439
88 0.00610109 0.00792317 0.277139
89 0.00583164 0.00812354 0.288426
90 0.00536729 0.00804568 0.306213
91 0.00516618 0.00778633 0.321803
92 0.00495239 0.00753701 0.336364
93 0.00472675 0.00729869 0.350145
94 0.00448947 0.00707161 0.363226
95 0.0042413 0.00685648 0.375612
96 0.00398304 0.00665399 0.387293
97 0.00371491 0.00646431 0.398266
98 0.00343798 0.00628819 0.408492
99 0.0031525 0.0061258 0.417959
100 0.00285937 0.00597767 0.426629
101 0.00255953 0.00584425 0.434468
102 0.00225325 0.00572566 0.441466
103 0.00194175 0.00562238 0.447584
104 0.00162529 0.00553449 0.452813
105 0.00130489 0.00546229 0.457132
106 0.000981571 0.00540599 0.460524
107 0.000655626 0.00536565 0.462992
108 0.000328333 0.00534142 0.464556
109 0.00033585 -0.00999436 0.302677
110 0.000671208 -0.00997745 0.302174
111 0.00100592 -0.00994928 0.301431
112 0.00133944 -0.00990989 0.300427
113 0.00167142 -0.00985933 0.299164
114 0.0020016 -0.00979763 0.297637
115 0.00232942 -0.00972491 0.295855
116 0.00265468 -0.0096412 0.293827
117 0.00297699 -0.0095466 0.291559
118 0.00329582 -0.00944127 0.28906
119 0.00361104 -0.00932525 0.286342
120 0.00392216 -0.00919873 0.283419
121 0.00422879 -0.00906186 0.280304
122 0.00453075 -0.00891472 0.277009
123 0.00482752 -0.00875757 0.273548
124 0.00511886 -0.00859053 0.26994
125 0.00540449 -0.00841377 0.266199
126 0.00568392 -0.00822758 0.262343
127 0.00595704 -0.00803204 0.258387
128 0.00622343 -0.00782745 0.25435
129 0.00648272 -0.00761409 0.250255
130 0.00673478 -0.00739207 0.246117
131 0.0069792 -0.00716176 0.241951
132 0.00721573 -0.00692339 0.23778
133 0.00744418 -0.00667714 0.233621
134 0.00766416 -0.00642344 0.229499
135 0.00787555 -0.00616245 0.225424
136 0.00807807 -0.00589447 0.221418
137 0.00827141 -0.00561994 0.217497
138 0.00845549 -0.00533897 0.213683
139 0.00863001 -0.00505202 0.209995
140 0.00879477 -0.00475942 0.206443
141 0.00894965 -0.00446136 0.203044
142 0.0090944 -0.00415835 0.199816
143 0.0092289 -0.00385063 0.196779
144 0.00935302 -0.00353851 0.19394
145 0.00946655 -0.0032225 0.19131
146 0 0.00966667 0.417034
147 0 0.00933333 0.421502
148 0 0.009 0.425866
149 0 0.00866667 0.430131
150 0 0.00833333 0.434289
151 0 0.008 0.438322
152 0 0.00766667 0.442226
153 0 0.00733333 0.445996
154 0 0.007 0.449625
155 0 0.00666667 0.453097
156 0 0.00633333 0.456406
157 0 0.006 0.459563
158 0 0.00566667 0.462676
159 0.00528048 0.00849215 0.300567
160 0.0049998 0.00866037 0.312166
161 0.00471378 0.00881931 0.323901
162 0.00442273 0.00896881 0.335032
163 0.00412694 0.0091087 0.345445
164 0.00382673 0.00923884 0.355124
165 0.00352242 0.00935909 0.364059
166 0.00321431 0.00946933 0.37225
167 0.00290274 0.00956943 0.379695
168 0.00258807 0.00965929 0.386379
169 0.00227064 0.0097388 0.392304
170 0.0019508 0.00980787 0.397463
171 0.00162888 0.00986644 0.401848
172 0.00130523 0.00991445 0.405458
173 0.000980167 0.00995185 0.408284
174 0.000654048 0.00997859 0.410347
175 0.000327211 0.00999465 0.411669
176 0.00571266 0.0154366 0.190689
177 0.00553745 0.0157123 0.193793
178 0.00534896 0.0159791 0.197071
179 0.00514763 0.0162363 0.200487
180 0.00493389 0.0164834 0.204002
181 0.00470826 0.0167198 0.207572
182 0.00447136 0.0169448 0.211164
183 0.00422378 0.0171579 0.214736
184 0.00396607 0.0173586 0.218249
185 0.00369879 0.0175465 0.22167
186 0.00342255 0.0177211 0.224964
187 0.00313809 0.0178819 0.228096
188 0.00284618 0.0180286 0.231032
189 0.00254747 0.0181607 0.233744
190 0.00224264 0.0182781 0.236209
191 0.00193235 0.0183805 0.2384
192 0.00161736 0.0184675 0.240296
193 0.00129855 0.018539 0.241881
194 0.000976685 0.0185947 0.243144
195 0.000652492 0.0186347 0.244077
196 0.000326689 0.0186587 0.244704
197 0.00572944 0.00859148 0.260148
198 0.00588953 0.00887625 0.241256
199 0.00603547 0.00916848 0.227587
200 0.00616693 0.00946752 0.216981
201 0.0062836 0.0097727 0.208351
202 0.00638519 0.0100833 0.201214
203 0.00647143 0.0103984 0.19527
204 0.00654212 0.0107174 0.190347
205 0.00659709 0.0110393 0.186316
206 0.00663623 0.0113637 0.183074
207 0.00665944 0.0116896 0.180552
208 0.00666665 0.0120163 0.178695
209 0.00665784 0.0123429 0.177456
210 0.00663305 0.0126686 0.176788
211 0.00659234 0.0129927 0.176657
212 0.00653578 0.0133145 0.177026
213 0.00646352 0.0136332 0.17786
214 0.00637574 0.0139479 0.179125
215 0.00627266 0.0142579 0.180787
216 0.00615454 0.0145624 0.182809
217 0.00602162 0.0148609 0.185157
218 0 0.0183333 0.253997
219 0 0.018 0.262318
220 0 0.0176667 0.270539
221 0 0.0173333 0.278559
222 0 0.017 0.286361
223 0 0.0166667 0.293951
224 0 0.0163333 0.301345
225 0 0.016 0.308549
226 0 0.0156667 0.315569
227 0 0.0153333 0.322411
228 0 0.015 0.329082
229 0 0.0146667 0.335588
230 0 0.0143333 0.341934
231 0 0.014 0.348128
232 0 0.0136667 0.354176
233 0 0.0133333 0.360082
234 0 0.013 0.365854
235 0 0.0126667 0.371495
236 0 0.0123333 0.377012
237 0 0.012 0.382409
238 0 0.0116667 0.387689
239 0 0.0113333 0.392858
240 0 0.011 0.397919
241 0 0.0106667 0.402849
242 0 0.0103333 0.407644
243 0.00551552 0.00414122 0.365485
244 0.00567383 0.00370175 0.364011
245 0.00279454 0.00426963 0.443654
246 0.00495037 0.00550413 0.369556
247 0.00116557 0.0043267 0.467088
248 0.00145531 -0.00957902 0.309997
249 0.00177651 -0.00952201 0.308769
250 0.00111762 -0.0096136 0.311443
251 0.00209839 -0.00944985 0.3074
252 0.000776842 -0.00964388 0.312394
253 0.00242398 -0.00937045 0.305589
254 0.000419694 -0.00967429 0.312747
255 0.00273607 -0.00928912 0.303423
256 0.00304447 -0.00919629 0.301086
257 0.00334823 -0.00908671 0.298762
258 0.00364901 -0.00896448 0.296302
259 0.000290548 -0.00915804 0.32895
260 0.00395783 -0.0088343 0.29332
261 0.0003061 -0.00884245 0.338222
262 0.00425308 -0.00870371 0.29008
263 0.000288675 -0.0085 0.34801
264 0.0045412 -0.00856041 0.286827
265 0.000288675 -0.00816667 0.357155
266 0.00482001 -0.0083971 0.283837
267 0.000288675 -0.00783333 0.365962
268 0.00509676 -0.00822725 0.280549
269 0.000288675 -0.0075 0.374431
270 0.00538097 -0.00804962 0.276702
271 0.000288675 -0.00716667 0.382565
272 0.00564601 -0.00787423 0.272855
273 0.000288675 -0.00683333 0.390364
274 0.00590285 -0.00768448 0.269143
275 0.000288675 -0.0065 0.39783
276 0.00614867 -0.00747923 0.265705
277 0.000288675 -0.00616667 0.404963
278 0.00640116 -0.00725883 0.261896
279 0.000288675 -0.00583333 0.411765
280 0.00665358 -0.0070383 0.257571
281 0.000288675 -0.0055 0.418237
282 0.00688089 -0.00682298 0.253601
283 0.000288675 -0.00516667 0.424381
284 0.00710174 -0.00658857 0.24986
285 0.000288675 -0.00483333 0.430198
286 0.00731152 -0.00634403 0.246336
287 0.000288675 -0.0045 0.43569
288 0.00752574 -0.0060863 0.242435
289 0.000288675 -0.00416667 0.440858
290 0.00772943 -0.00583527 0.238395
291 0.000288675 -0.00383333 0.445705
292 0.00792508 -0.00557873 0.234381
293 0.000288675 -0.0035 0.450232
294 0.00809965 -0.00530776 0.231169
295 0.000288675 -0.00316667 0.454442
296 0.00826851 -0.00503092 0.22791
297 0.000288675 -0.00283333 0.458337
298 0.008439 -0.0047424 0.22434
299 0.000288675 -0.0025 0.461918
300 0.00859828 -0.00446255 0.220763
301 0.000288675 -0.00216667 0.465189
302 0.00874436 -0.0041753 0.217553
303 0.000288675 -0.00183333 0.468152
304 0.00887014 -0.00388796 0.21499
305 0.000288675 -0.0015 0.47081
306 0.00899297 -0.00357559 0.212516
307 0.000288675 -0.00116667 0.473166
308 0.00911603 -0.00326378 0.209621
309 0.000288675 -0.000833333 0.475223
310 0.00922395 -0.00296612 0.206991
311 0.000288675 -0.0005 0.476984
312 0.00931697 -0.00265967 0.204884
313 0.000288675 -0.000166667 0.478454
314 0.00939189 -0.00234716 0.20345
315 0.000288675 0.000166667 0.479634
316 0.00946325 -0.00201745 0.201979
317 0.000288675 0.0005 0.480531
318 0.00953516 -0.00168741 0.200098
319 0.000288675 0.000833333 0.481147
320 0.00959085 -0.00137809 0.198636
321 0.000288675 0.00116667 0.481488
322 0.00962833 -0.00105767 0.197901
323 0.000288675 0.0015 0.481557
324 0.00965208 -0.000735011 0.197598
325 0.000288675 0.00183333 0.481362
326 0.00967061 -0.00040039 0.197267
327 0.000288675 0.00216667 0.480905
328 0.00968397 -7.77393e-05 0.196856
329 0.000288675 0.0025 0.480194
330 0.00968516 0.000241877 0.196792
331 0.000288675 0.00283333 0.479235
332 0.00966682 0.000566175 0.19749
333 0.000288675 0.00316667 0.478033
334 0.00963772 0.000889741 0.198453
335 0.000288675 0.0035 0.476595
336 0.00960278 0.00122305 0.199366
337 0.000288675 0.00383333 0.474929
338 0.00956352 0.00154349 0.200218
339 0.00030191 0.00417705 0.472937
340 0.00951003 0.00186081 0.201541
341 0.000313891 0.00451903 0.470729
342 0.00943468 0.00217502 0.203758
343 0.000288675 0.00483333 0.468602
344 0.00935247 0.00248915 0.206008
345 0.000234426 0.005117 0.466588
346 0.00926498 0.00281268 0.208117
347 0.00917657 0.0031157 0.210105
348 0.000512409 0.00509093 0.465882
349 0.00906785 0.00341691 0.212871
350 0.00083691 0.00509827 0.46407
351 0.00894201 0.0037129 0.216263
352 0.00118051 0.0051601 0.460875
353 0.00880438 0.00401849 0.219803
354 0.00151917 0.005236 0.456701
355 0.00866662 0.00432406 0.22297
356 0.00184607 0.00532065 0.451715
357 0.0085265 0.00460415 0.226248
358 0.00217688 0.00541418 0.44572
359 0.00836622 0.00488354 0.230225
360 0.00249959 0.00553251 0.438744
361 0.00819322 0.0051552 0.234612
362 0.00281173 0.00566807 0.430931
363 0.00800877 0.00543501 0.239072
364 0.00312267 0.00580561 0.422249
365 0.00782709 0.00570223 0.243251
366 0.00342476 0.00596662 0.412647
367 0.00763899 0.00596446 0.247493
368 0.00371616 0.00615277 0.402153
369 0.00743025 0.00621026 0.252708
370 0.00400113 0.00633665 0.390986
371 0.00721445 0.00645215 0.258027
372 0.00427478 0.00653511 0.379103
373 0.00698783 0.00669905 0.26346
374 0.00453523 0.00675378 0.366492
375 0.00676668 0.00693272 0.268672
376 0.00478995 0.00698663 0.352947
377 0.00653864 0.0071532 0.274326
378 0.00504276 0.00723339 0.338255
379 0.00629534 0.00735965 0.280966
380 0.00530063 0.00751211 0.321657
381 0.00603444 0.00755861 0.288818
382 0.0055412 0.00788133 0.302523
383 0.000245454 -0.00942069 0.32106
384 0.00583213 0.00776169 0.294173
385 0.00155393 -0.00926419 0.318821
386 0.00122723 -0.00931252 0.319994
387 0.00187386 -0.00919965 0.317592
388 0.00088451 -0.00933987 0.321286
389 0.00219257 -0.00912879 0.315968
390 0.000555722 -0.00937297 0.321694
391 0.00250175 -0.00904822 0.314171
392 0.00280375 -0.00896312 0.312053
393 0.00309547 -0.00886747 0.309878
394 0.00339124 -0.00875604 0.307558
395 0.00369092 -0.00863252 0.304952
396 0.000638154 -0.00904122 0.331408
397 0.00398654 -0.0085049 0.301988
398 0.00058364 -0.00867728 0.342164
399 0.00426364 -0.00836787 0.299182
400 0.000582575 -0.00833782 0.351666
401 0.00453781 -0.00822244 0.296176
402 0.000581728 -0.00800291 0.360695
403 0.00481084 -0.00806027 0.293143
404 0.00057735 -0.00766667 0.369426
405 0.00508536 -0.00789284 0.289688
406 0.00057735 -0.00733333 0.377727
407 0.00534504 -0.00772064 0.286286
408 0.00057735 -0.007 0.385693
409 0.00560013 -0.00754347 0.282671
410 0.00057735 -0.00666667 0.393324
411 0.00584392 -0.00734956 0.279363
412 0.00057735 -0.00633333 0.400622
413 0.00608446 -0.00715085 0.275818
414 0.00057735 -0.006 0.407588
415 0.00632698 -0.00693576 0.272113
416 0.00057735 -0.00566667 0.414223
417 0.00655978 -0.00671987 0.268302
418 0.00057735 -0.00533333 0.420529
419 0.00677811 -0.00650218 0.264634
420 0.00057735 -0.005 0.426506
421 0.00698872 -0.00626987 0.261149
422 0.00057735 -0.00466667 0.432158
423 0.00719591 -0.00603004 0.257525
424 0.00057735 -0.00433333 0.437485
425 0.0073993 -0.00578088 0.253805
426 0.00057735 -0.004 0.44249
427 0.00758861 -0.00553312 0.250236
428 0.00057735 -0.00366667 0.447174
429 0.00776647 -0.00528277 0.246817
430 0.00057735 -0.00333333 0.451539
431 0.00793752 -0.00501552 0.243605
432 0.00057735 -0.003 0.455587
433 0.00810442 -0.00473933 0.240327
434 0.00057735 -0.00266667 0.459321
435 0.00826047 -0.00446364 0.237148
436 0.00057735 -0.00233333 0.462743
437 0.00840767 -0.00418708 0.234023
438 0.00057735 -0.002 0.465855
439 0.00853878 -0.00390762 0.231355
440 0.00057735 -0.00166667 0.468661
441 0.0086638 -0.00361511 0.228796
442 0.00057735 -0.00133333 0.471162
443 0.00878507 -0.00331336 0.226161
444 0.00057735 -0.001 0.473363
445 0.00888993 -0.00302079 0.223895
446 0.00057735 -0.000666667 0.475266
447 0.0089879 -0.00272642 0.221661
448 0.00057735 -0.000333333 0.476874
449 0.00906902 -0.00242456 0.220034
450 0.00057735 -3.23374e-15 0.478192
451 0.0091434 -0.0021208 0.218444
452 0.00057735 0.000333333 0.479223
453 0.00921315 -0.00180013 0.216873
454 0.00057735 0.000666667 0.479971
455 0.00927011 -0.00149016 0.215571
456 0.00057735 0.001 0.480441
457 0.009316 -0.00118163 0.21453
458 0.00057735 0.00133333 0.480637
459 0.00934873 -0.000869874 0.213893
460 0.00057735 0.00166667 0.480564
461 0.00937218 -0.000551688 0.213453
462 0.00057735 0.002 0.480227
463 0.00938828 -0.000230912 0.213085
464 0.00057735 0.00233333 0.479633
465 0.00939176 8.17122e-05 0.213073
466 0.00057735 0.00266667 0.478786
467 0.00938487 0.000388854 0.213316
468 0.00057735 0.003 0.477692
469 0.00936295 0.000704931 0.214059
470 0.00057735 0.00333333 0.476359
471 0.00933222 0.0010262 0.214944
472 0.00057735 0.00366667 0.474791
473 0.0092959 0.00134614 0.215802
474 0.000590594 0.00400897 0.472879
475 0.00924522 0.00165107 0.217179
476 0.000611578 0.00436166 0.470638
477 0.00918564 0.00195567 0.218729
478 0.000646188 0.00474487 0.467885
479 0.00910971 0.00226394 0.220816
480 0.00902915 0.00257531 0.222796
481 0.00893948 0.00287337 0.225036
482 0.00884421 0.00316934 0.227272
483 0.00873041 0.00345836 0.230228
484 0.00104333 0.00483916 0.464562
485 0.00860912 0.00374677 0.233253
486 0.001405 0.00491159 0.460608
487 0.00847373 0.00404122 0.236593
488 0.00175384 0.00499275 0.455748
489 0.00833464 0.00432683 0.239887
490 0.0020999 0.00508625 0.449873
491 0.00818999 0.00459896 0.243316
492 0.00243924 0.00519598 0.44302
493 0.00803109 0.00486636 0.247202
494 0.00276887 0.00533153 0.435176
495 0.0078592 0.00513571 0.251367
496 0.0030946 0.00547506 0.426397
497 0.00768004 0.00540215 0.255595
498 0.00341371 0.00562537 0.416768
499 0.00749713 0.0056571 0.259878
500 0.00371837 0.00580312 0.406297
501 0.00730965 0.00589881 0.264318
502 0.00401522 0.00599767 0.394934
503 0.00710316 0.00614017 0.269372
504 0.00430918 0.00619584 0.382675
505 0.00688778 0.00637977 0.274604
506 0.00458977 0.00641227 0.36968
507 0.00666855 0.00661512 0.279863
508 0.0048543 0.00664579 0.356089
509 0.00645239 0.0068294 0.285245
510 0.00511415 0.00690041 0.341402
511 0.00623888 0.00703534 0.290585
512 0.00537813 0.00716054 0.325537
513 0.00597336 0.00723882 0.298327
514 0.00566084 0.00745411 0.307571
515 0.00165094 -0.00894553 0.327407
516 0.00133545 -0.00900279 0.328463
517 0.00100826 -0.0090648 0.328872
518 0.00196434 -0.00887783 0.326101
519 0.00227029 -0.00880274 0.324527
520 0.00256948 -0.00872341 0.322618
521 0.00285821 -0.00863815 0.320517
522 0.00314162 -0.00853779 0.318432
523 0.00343205 -0.00842438 0.316073
524 0.00371773 -0.00830383 0.313484
525 0.000852055 -0.00880751 0.33724
526 0.00399494 -0.00817337 0.31084
527 0.000878223 -0.00850881 0.34562
528 0.00426491 -0.00803666 0.30804
529 0.000884424 -0.00818078 0.354607
530 0.00452862 -0.00788853 0.305219
531 0.000866025 -0.00783333 0.36389
532 0.00479259 -0.00773038 0.302173
533 0.000866025 -0.0075 0.372357
534 0.00505315 -0.00756541 0.298913
535 0.000866025 -0.00716667 0.380489
536 0.00530192 -0.00739229 0.295733
537 0.000866025 -0.00683333 0.388285
538 0.00554388 -0.00721282 0.292466
539 0.000866025 -0.0065 0.395748
540 0.00578108 -0.00702268 0.289163
541 0.000866025 -0.00616667 0.402877
542 0.00601595 -0.00682237 0.285727
543 0.000866025 -0.00583333 0.409674
544 0.00624407 -0.00661563 0.282225
545 0.000866025 -0.0055 0.416141
546 0.00646051 -0.00640722 0.278755
547 0.000866025 -0.00516667 0.42228
548 0.0066671 -0.00619323 0.275367
549 0.000866025 -0.00483333 0.42809
550 0.00687349 -0.00595898 0.271991
551 0.000866025 -0.0045 0.433576
552 0.00707308 -0.00572093 0.26854
553 0.000866025 -0.00416667 0.438737
554 0.00726333 -0.00547795 0.265154
555 0.000866025 -0.00383333 0.443576
556 0.00743996 -0.00523725 0.261914
557 0.000866025 -0.0035 0.448095
558 0.00760697 -0.00498925 0.258848
559 0.000866025 -0.00316667 0.452296
560 0.00777264 -0.00472836 0.255682
561 0.000866025 -0.00283333 0.456181
562 0.00792981 -0.00445984 0.252639
563 0.000866025 -0.0025 0.459752
564 0.00807953 -0.00418715 0.249624
565 0.000866025 -0.00216667 0.463012
566 0.00821062 -0.00392055 0.247044
567 0.000866025 -0.00183333 0.465963
568 0.00833414 -0.00364558 0.244599
569 0.000866025 -0.0015 0.468609
570 0.00845254 -0.00336074 0.242181
571 0.000866025 -0.00116667 0.470951
572 0.00856154 -0.00307107 0.239931
573 0.000866025 -0.000833333 0.472993
574 0.00865998 -0.00278178 0.237867
575 0.000866025 -0.0005 0.474738
576 0.00874643 -0.00249367 0.236072
577 0.000866025 -0.000166667 0.476191
578 0.00882297 -0.00219808 0.234526
579 0.000866025 0.000166667 0.477353
580 0.0088928 -0.00189616 0.23305
581 0.000866025 0.0005 0.47823
582 0.00895379 -0.00159333 0.231712
583 0.000866025 0.000833333 0.478826
584 0.00900436 -0.00129403 0.230583
585 0.000866025 0.00116667 0.479145
586 0.00904379 -0.000999158 0.229718
587 0.000866025 0.0015 0.479191
588 0.00907135 -0.00069063 0.229225
589 0.000866025 0.00183333 0.478971
590 0.00909137 -0.000380266 0.228821
591 0.000866025 0.00216667 0.478488
592 0.00909877 -7.35372e-05 0.22877
593 0.000866025 0.0025 0.47775
594 0.00909676 0.00022921 0.228917
595 0.000866025 0.00283333 0.476761
596 0.00908296 0.000527907 0.2294
597 0.000866025 0.00316667 0.475527
598 0.00905911 0.000837366 0.230103
599 0.000874397 0.00350607 0.473969
600 0.00902546 0.00114727 0.231014
601 0.00088918 0.00384573 0.472125
602 0.0089811 0.00145038 0.232207
603 0.000889068 0.00417287 0.470217
604 0.00892868 0.00174841 0.233547
605 0.00092982 0.004522 0.467678
606 0.00886347 0.00204374 0.235278
607 0.0087887 0.0023418 0.237189
608 0.0087057 0.0026373 0.239239
609 0.00861302 0.00292778 0.241522
610 0.0085113 0.00321131 0.24403
611 0.00839702 0.00349294 0.246893
612 0.00128713 0.00459442 0.464169
613 0.00827546 0.00377576 0.2498
614 0.00164073 0.00465219 0.45984
615 0.00814325 0.00405501 0.252965
616 0.002001 0.0047512 0.454144
617 0.00800638 0.00432291 0.256197
618 0.00236849 0.00484638 0.447322
619 0.00786245 0.00458225 0.259596
620 0.00271471 0.00497932 0.439542
621 0.0076991 0.00484537 0.263579
622 0.00304954 0.00513647 0.430792
623 0.00753036 0.00510504 0.267564
624 0.00339524 0.00527368 0.420964
625 0.00735034 0.00536006 0.271854
626 0.00371777 0.00544265 0.41042
627 0.00717171 0.00559907 0.276066
628 0.00402394 0.00564759 0.398981
629 0.00698112 0.00583262 0.280668
630 0.00432965 0.00584633 0.386667
631 0.00677975 0.0060656 0.285531
632 0.00463327 0.00604958 0.373401
633 0.00656635 0.00629501 0.290783
634 0.00491421 0.00628353 0.359568
635 0.00635288 0.00651601 0.296018
636 0.00517375 0.00654805 0.345154
637 0.00613988 0.00672087 0.301422
638 0.0054375 0.00679722 0.329982
639 0.00596399 0.00694091 0.304785
640 0.00568962 0.00704061 0.314718
641 0.00143234 -0.00868728 0.336824
642 0.00174849 -0.00863604 0.33536
643 0.00114082 -0.00873532 0.337638
644 0.00204034 -0.00854782 0.334645
645 0.00233778 -0.00847766 0.332833
646 0.00262657 -0.00840162 0.330791
647 0.00290461 -0.00831115 0.328826
648 0.00318317 -0.00821018 0.326664
649 0.00346026 -0.00809594 0.324405
650 0.00373373 -0.00797373 0.321949
651 0.00399804 -0.00784345 0.319432
652 0.00121167 -0.00838651 0.346983
653 0.00425598 -0.00770712 0.316766
654 0.00116674 -0.00801376 0.357354
655 0.00451086 -0.00756034 0.313997
656 0.00115147 -0.00767105 0.366345
657 0.00476283 -0.00740392 0.311099
658 0.0011547 -0.00733333 0.374733
659 0.00501029 -0.00723788 0.308113
660 0.0011547 -0.007 0.382696
661 0.00524789 -0.00706599 0.30512
662 0.0011547 -0.00666667 0.390322
663 0.00547905 -0.00688896 0.302025
664 0.0011547 -0.00633333 0.397615
665 0.00570926 -0.00670017 0.298811
666 0.0011547 -0.006 0.404574
667 0.00593317 -0.00650473 0.295534
668 0.0011547 -0.00566667 0.411202
669 0.00614795 -0.00630291 0.2923
670 0.0011547 -0.00533333 0.4175
671 0.00635201 -0.00609707 0.289143
672 0.0011547 -0.005 0.423469
673 0.00655165 -0.00588207 0.285953
674 0.0011547 -0.00466667 0.429112
675 0.00674991 -0.00565648 0.282633
676 0.0011547 -0.00433333 0.434429
677 0.00693772 -0.00542155 0.279508
678 0.0011547 -0.004 0.439422
679 0.00711521 -0.00518516 0.276449
680 0.0011547 -0.00366667 0.444094
681 0.00728285 -0.00494694 0.273469
682 0.0011547 -0.00333333 0.448447
683 0.00744558 -0.00470244 0.270453
684 0.0011547 -0.003 0.452482
685 0.00760453 -0.00444612 0.267429
686 0.0011547 -0.00266667 0.456201
687 0.00775051 -0.00418211 0.264734
688 0.0011547 -0.00233333 0.459607
689 0.00788206 -0.00392348 0.262278
690 0.0011547 -0.002 0.462703
691 0.00800701 -0.00366174 0.259849
692 0.0011547 -0.00166667 0.46549
693 0.0081246 -0.00339116 0.257552
694 0.0011547 -0.00133333 0.467972
695 0.00823629 -0.00311331 0.255293
696 0.0011547 -0.001 0.470152
697 0.00833359 -0.00283203 0.253439
698 0.0011547 -0.000666667 0.472032
699 0.008421 -0.00255212 0.251745
700 0.0011547 -0.000333333 0.473617
701 0.00849957 -0.00226867 0.250214
702 0.0011547 -3.23474e-15 0.474909
703 0.00857317 -0.00198002 0.248669
704 0.0011547 0.000333333 0.475912
705 0.00863779 -0.00168695 0.247299
706 0.0011547 0.000666667 0.476631
707 0.00869025 -0.00139573 0.24623
708 0.0011547 0.001 0.477069
709 0.00873252 -0.00110804 0.245374
710 0.0011547 0.00133333 0.477232
711 0.00876823 -0.0008196 0.244577
712 0.0011547 0.00166667 0.477124
713 0.00879401 -0.000518271 0.244039
714 0.0011547 0.002 0.47675
715 0.0088061 -0.000216551 0.243908
716 0.0011547 0.00233333 0.476116
717 0.00880638 7.57462e-05 0.244089
718 0.0011547 0.00266667 0.475228
719 0.0087978 0.00036732 0.244454
720 0.0011547 0.003 0.474089
721 0.00878004 0.000662998 0.245012
722 0.00116895 0.00334201 0.472546
723 0.00875204 0.000960893 0.245808
724 0.00118514 0.0036878 0.470712
725 0.00871421 0.00125831 0.246824
726 0.00120822 0.00403256 0.468569
727 0.00866632 0.00154908 0.248096
728 0.00861087 0.00183532 0.2495
729 0.00854426 0.00212201 0.251193
730 0.00846768 0.00240856 0.25311
731 0.00838064 0.00269353 0.255279
732 0.00828516 0.0029708 0.257648
733 0.00818288 0.00324319 0.260122
734 0.0080692 0.00351831 0.262847
735 0.00150237 0.00427977 0.464093
736 0.0079469 0.00378947 0.265747
737 0.00189065 0.00440578 0.458322
738 0.00781629 0.00405386 0.268843
739 0.00226873 0.00450456 0.451751
740 0.00767856 0.00430872 0.272122
741 0.00266733 0.00458201 0.443857
742 0.00753083 0.00456206 0.275624
743 0.00301432 0.00479676 0.434699
744 0.00736953 0.00481564 0.279482
745 0.00334887 0.00493167 0.425506
746 0.00720115 0.00506428 0.283466
747 0.0037215 0.00503993 0.414613
748 0.00702735 0.00530286 0.28759
749 0.00403998 0.00529416 0.402605
750 0.00684917 0.00553324 0.291806
751 0.00434844 0.00549484 0.390501
752 0.00666048 0.00576078 0.296315
753 0.00465482 0.0056895 0.377619
754 0.00645615 0.0059857 0.301357
755 0.00498701 0.00588573 0.362858
756 0.00624301 0.00620683 0.306661
757 0.00524531 0.0061902 0.348256
758 0.00603515 0.00643026 0.311531
759 0.00548921 0.00645141 0.334078
760 0.0057756 0.00667491 0.318094
761 0.00153513 -0.00842056 0.343412
762 0.00179669 -0.00827676 0.344861
763 0.0021152 -0.0082221 0.342716
764 0.00240216 -0.00815638 0.340726
765 0.00267403 -0.00807876 0.338801
766 0.00294361 -0.00798809 0.336814
767 0.00321332 -0.00788626 0.334671
768 0.00347974 -0.00777078 0.332492
769 0.00373543 -0.00764499 0.330351
770 0.00398759 -0.00751476 0.327971
771 0.00423522 -0.00738127 0.325357
772 0.00142866 -0.00783511 0.360031
773 0.00448337 -0.00723634 0.322594
774 0.00143595 -0.00750738 0.368301
775 0.00472479 -0.0070802 0.319854
776 0.00144116 -0.00717136 0.376458
777 0.00495668 -0.00691298 0.317223
778 0.00144338 -0.00683333 0.384342
779 0.00518417 -0.0067434 0.314373
780 0.00144338 -0.0065 0.391796
781 0.00540853 -0.00656845 0.311345
782 0.00144338 -0.00616667 0.398917
783 0.00562972 -0.00638453 0.308219
784 0.00144338 -0.00583333 0.405705
785 0.00584123 -0.00618995 0.305247
786 0.00144338 -0.0055 0.412162
787 0.00604082 -0.00599092 0.302397
788 0.00144338 -0.00516667 0.41829
789 0.00623749 -0.00578892 0.29935
790 0.00144338 -0.00483333 0.424089
791 0.00643225 -0.00557895 0.296167
792 0.00144338 -0.0045 0.429561
793 0.00661934 -0.00535652 0.293135
794 0.00144338 -0.00416667 0.434709
795 0.00679192 -0.00512679 0.290437
796 0.00144338 -0.00383333 0.439533
797 0.00695811 -0.00489456 0.287691
798 0.00144338 -0.0035 0.444036
799 0.00711845 -0.00466054 0.284876
800 0.00144338 -0.00316667 0.44822
801 0.00728155 -0.00443018 0.281564
802 0.00144338 -0.00283333 0.452086
803 0.00743245 -0.00417055 0.278856
804 0.00144338 -0.0025 0.455637
805 0.00755445 -0.00391826 0.276977
806 0.00144338 -0.00216667 0.458876
807 0.00767599 -0.0036662 0.274818
808 0.00144338 -0.00183333 0.461804
809 0.00779686 -0.0034113 0.272428
810 0.00144338 -0.0015 0.464425
811 0.00790996 -0.00314673 0.270201
812 0.00144338 -0.00116667 0.46674
813 0.00801056 -0.00287491 0.268323
814 0.00144338 -0.000833333 0.468754
815 0.00809576 -0.0026031 0.266872
816 0.00144338 -0.0005 0.470469
817 0.00817525 -0.00232852 0.265431
818 0.00144338 -0.000166667 0.471889
819 0.00825241 -0.00205287 0.263829
820 0.00144338 0.000166667 0.473016
821 0.00832136 -0.00177188 0.262374
822 0.00144338 0.0005 0.473856
823 0.00837672 -0.00148782 0.261315
824 0.00144338 0.000833333 0.474411
825 0.00841896 -0.00120809 0.260602
826 0.00144338 0.00116667 0.474688
827 0.00845898 -0.000929495 0.25973
828 0.00144338 0.0015 0.474689
829 0.00849826 -0.000651142 0.258633
830 0.00144338 0.00183333 0.47442
831 0.00852145 -0.000350134 0.258115
832 0.00144338 0.00216667 0.473886
833 0.00851341 -6.84333e-05 0.258851
834 0.00144338 0.0025 0.473094
835 0.00850734 0.000213913 0.259234
836 0.00145351 0.00283829 0.471928
837 0.00849817 0.000496815 0.259516
838 0.00146727 0.00317725 0.470463
839 0.00847973 0.000785319 0.259993
840 0.001481 0.0035217 0.46871
841 0.00844626 0.00107389 0.260952
842 0.00149448 0.00388174 0.466621
843 0.00840016 0.00135534 0.262297
844 0.00834884 0.0016347 0.263651
845 0.00829285 0.00191042 0.264998
846 0.0082264 0.00218961 0.266584
847 0.00814672 0.00246632 0.26857
848 0.00805422 0.00273661 0.270962
849 0.00795803 0.00300353 0.273301
850 0.00785564 0.0032689 0.275692
851 0.00774374 0.00353393 0.278278
852 0.00180277 0.00405867 0.461826
853 0.00761903 0.00379293 0.28127
854 0.0021513 0.00416417 0.456073
855 0.00748657 0.00404169 0.284484
856 0.00249221 0.00423198 0.449781
857 0.0073505 0.0042884 0.287643
858 0.00303067 0.0044511 0.437236
859 0.00720546 0.00453521 0.290963
860 0.00327592 0.00462648 0.43005
861 0.00704546 0.00477781 0.294772
862 0.00358183 0.00466025 0.422024
863 0.00687539 0.00500906 0.298952
864 0.00409798 0.00493795 0.404737
865 0.00670587 0.0052364 0.30294
866 0.0043782 0.00515413 0.393595
867 0.00652863 0.00546141 0.307093
868 0.0046703 0.00533551 0.381666
869 0.006348 0.00568575 0.311204
870 0.00521272 0.00562447 0.358128
871 0.00612335 0.00590214 0.31716
872 0.00537016 0.00587018 0.348419
873 0.00592371 0.00611156 0.321988
874 0.00557429 0.00611168 0.336404
875 0.0057606 0.00634956 0.324631
876 0.00146837 -0.00815541 0.351246
877 0.00387994 0.00472015 0.413304
878 0.00192817 -0.00795298 0.352077
879 0.00218792 -0.00789764 0.350417
880 0.00245644 -0.00784118 0.348261
881 0.00271522 -0.0077556 0.346584
882 0.00297299 -0.0076669 0.344589
883 0.00323423 -0.00756874 0.342362
884 0.00347989 -0.00744371 0.340691
885 0.00372386 -0.0073163 0.338708
886 0.0039664 -0.00718989 0.336334
887 0.00420495 -0.00706441 0.33364
888 0.00171397 -0.00768894 0.361169
889 0.00444894 -0.00692115 0.33084
890 0.00172086 -0.00736093 0.369291
891 0.00467116 -0.00675737 0.328685
892 0.00172497 -0.00701143 0.377607
893 0.00489301 -0.00658932 0.326254
894 0.00173205 -0.00666667 0.38542
895 0.00511314 -0.00641917 0.323537
896 0.00173205 -0.00633333 0.392702
897 0.00533213 -0.00625796 0.320296
898 0.00173205 -0.006 0.399651
899 0.00554317 -0.00607247 0.317439
900 0.00173205 -0.00566667 0.406267
901 0.00573386 -0.00587801 0.315071
902 0.00173205 -0.00533333 0.412552
903 0.00592509 -0.00568414 0.312334
904 0.00173205 -0.005 0.418507
905 0.00611813 -0.00549137 0.309174
906 0.00173205 -0.00466667 0.424134
907 0.0063098 -0.00528606 0.305952
908 0.00173205 -0.00433333 0.429435
909 0.00647412 -0.00506369 0.303704
910 0.00173205 -0.004 0.434411
911 0.00663625 -0.00483518 0.30132
912 0.00173205 -0.00366667 0.439064
913 0.00679529 -0.00460455 0.298765
914 0.00173205 -0.00333333 0.443396
915 0.00694719 -0.00436722 0.296271
916 0.00173205 -0.003 0.447409
917 0.0071479 -0.00417868 0.29074
918 0.00173205 -0.00266667 0.451104
919 0.00722555 -0.00391536 0.291103
920 0.00173205 -0.00233333 0.454485
921 0.00734437 -0.00366601 0.289264
922 0.00173205 -0.002 0.457553
923 0.00746499 -0.00341804 0.287041
924 0.00173205 -0.00166667 0.460311
925 0.00758465 -0.00317114 0.284563
926 0.00173205 -0.00133333 0.462762
927 0.00769497 -0.00291186 0.282341
928 0.00173205 -0.001 0.464907
929 0.00777444 -0.00264696 0.281289
930 0.00173205 -0.000666667 0.466751
931 0.00785186 -0.00238031 0.280077
932 0.00173205 -0.000333333 0.468297
933 0.00792738 -0.00211233 0.278693
934 0.00173205 -3.23634e-15 0.469547
935 0.00800772 -0.00184822 0.276794
936 0.00173205 0.000333333 0.470506
937 0.00807108 -0.00157106 0.2755
938 0.00173205 0.000666667 0.471177
939 0.0081069 -0.00129659 0.275235
940 0.00173205 0.001 0.471564
941 0.00814468 -0.0010221 0.274623
942 0.00173205 0.00133333 0.471672
943 0.00818446 -0.000749763 0.273652
944 0.00173205 0.00166667 0.471505
945 0.00826932 -0.000484378 0.270224
946 0.00173205 0.002 0.471069
947 0.00821955 -0.000208868 0.273113
948 0.00173205 0.00233333 0.470369
949 0.00821317 6.65422e-05 0.27365
950 0.00173895 0.0026691 0.469321
951 0.00820625 0.000342745 0.273966
952 0.00176005 0.00300873 0.467826
953 0.00820142 0.00061866 0.273938
954 0.00179423 0.00335567 0.465863
955 0.00818171 0.00089677 0.274382
956 0.00179288 0.00369291 0.464122
957 0.0081332 0.00116879 0.275992
958 0.00808254 0.00144004 0.277466
959 0.0080319 0.00170884 0.278707
960 0.00798083 0.00197328 0.279756
961 0.00791457 0.00224863 0.281229
962 0.00782221 0.00250847 0.283794
963 0.00772643 0.00276956 0.286267
964 0.00762757 0.0030296 0.288647
965 0.00753631 0.00328601 0.290464
966 0.00742005 0.00354182 0.293207
967 0.00205713 0.00386602 0.459408
968 0.00728935 0.00378074 0.296547
969 0.00237624 0.00387753 0.45422
970 0.00715938 0.00401998 0.29962
971 0.00703084 0.00426056 0.302386
972 0.00339357 0.00430197 0.429989
973 0.00688683 0.00450095 0.305624
974 0.00672071 0.00472232 0.30986
975 0.00654707 0.00494336 0.31421
976 0.0044155 0.00479987 0.396353
977 0.00638129 0.0051663 0.317994
978 0.00469215 0.00499086 0.385104
979 0.00621218 0.00538774 0.321751
980 0.00605666 0.00562205 0.324551
981 0.00551969 0.00552581 0.347774
982 0.00575719 0.00578921 0.33426
983 0.00272778 0.00396378 0.447192
984 0.00382909 0.00435323 0.418194
985 0.0041515 0.00457968 0.40679
986 0.00497874 0.00515295 0.373147
987 0.00199664 -0.00759097 0.360612
988 0.00250173 -0.00752713 0.355582
989 0.00274786 -0.0074287 0.354265
990 0.00301016 -0.0073952 0.35069
991 0.00321703 -0.00724393 0.350643
992 0.00346249 -0.00711557 0.348942
993 0.00370706 -0.00698637 0.346876
994 0.00394459 -0.00686619 0.344361
995 0.0041988 -0.00678629 0.340145
996 0.00438489 -0.00659999 0.339676
997 0.00199691 -0.00719533 0.370301
998 0.00460578 -0.00643511 0.337487
999 0.00201134 -0.00684406 0.37835
1000 0.0048258 -0.00626452 0.335068
1001 0.00202073 -0.0065 0.385929
1002 0.00503846 -0.00609074 0.332549
1003 0.00202073 -0.00616667 0.393038
1004 0.00527935 -0.00598283 0.327483
1005 0.00202073 -0.00583333 0.399813
1006 0.00542919 -0.00576545 0.327106
1007 0.00202073 -0.0055 0.406255
1008 0.00561583 -0.00556892 0.324839
1009 0.00202073 -0.00516667 0.412366
1010 0.00580783 -0.00538077 0.321906
1011 0.00202073 -0.00483333 0.418148
1012 0.00602831 -0.00523102 0.31696
1013 0.00202073 -0.0045 0.423602
1014 0.00615788 -0.0049984 0.31638
1015 0.00202073 -0.00416667 0.428729
1016 0.00631362 -0.00477783 0.314353
1017 0.00202073 -0.00383333 0.433532
1018 0.00647954 -0.00454179 0.311877
1019 0.00202073 -0.0035 0.438012
1020 0.0066497 -0.00429146 0.309106
1021 0.00202073 -0.00316667 0.44217
1022 0.00686738 -0.00401216 0.304489
1023 0.00202073 -0.00283333 0.44601
1024 0.00202073 -0.0025 0.449532
1025 0.00700169 -0.00369068 0.303237
1026 0.00202073 -0.00216667 0.452739
1027 0.00713128 -0.00341753 0.301201
1028 0.00202073 -0.00183333 0.455634
1029 0.00725732 -0.0031677 0.298722
1030 0.00202073 -0.0015 0.458219
1031 0.00741449 -0.00295272 0.294239
1032 0.00202073 -0.00116667 0.460496
1033 0.00745098 -0.00269303 0.295198
1034 0.00202073 -0.000833333 0.462468
1035 0.00752801 -0.00242989 0.294171
1036 0.00202073 -0.0005 0.464138
1037 0.00760452 -0.00216185 0.292942
1038 0.00202073 -0.000166667 0.46551
1039 0.00767264 -0.0018935 0.29182
1040 0.00202073 0.000166667 0.466586
1041 0.00780389 -0.00165812 0.287356
1042 0.00202073 0.0005 0.467371
1043 0.00779252 -0.00138832 0.289385
1044 0.00202073 0.000833333 0.467868
1045 0.00782926 -0.00110948 0.289008
1046 0.00202073 0.00116667 0.468081
1047 0.00787427 -0.000808731 0.288061
1048 0.00202073 0.0015 0.468014
1049 0.00794418 -0.000463212 0.285767
1050 0.00202073 0.00183333 0.467673
1051 0.00202073 0.00216667 0.467063
1052 0.00791852 -0.000111537 0.287503
1053 0.00202073 0.0025 0.466188
1054 0.00790998 0.000191757 0.288065
1055 0.00203864 0.00283134 0.464813
1056 0.00790648 0.000473183 0.288118
1057 0.00208981 0.00317582 0.462643
1058 0.00794915 0.000730357 0.285781
1059 0.00215924 0.00354584 0.45976
1060 0.00786579 0.000975771 0.289206
1061 0.00781479 0.00124825 0.290813
1062 0.00776238 0.0015204 0.292242
1063 0.00771556 0.00178167 0.293222
1064 0.0077144 0.00204839 0.291827
1065 0.00758864 0.00228029 0.296213
1066 0.00749496 0.00253951 0.298706
1067 0.00739828 0.00279889 0.301091
1068 0.00729103 0.00305354 0.303751
1069 0.00725769 0.00331537 0.302804
1070 0.00709316 0.00352187 0.308071
1071 0.00695932 0.00375734 0.311449
1072 0.00683496 0.00399586 0.314158
1073 0.00675686 0.00424824 0.314489
1074 0.00656508 0.00442739 0.32045
1075 0.00638668 0.00464721 0.325089
1076 0.00621418 0.00488176 0.329074
1077 0.00471817 0.00466244 0.387941
1078 0.00603438 0.00512039 0.333099
1079 0.00585712 0.00541331 0.336005
1080 0.00227266 -0.0076276 0.356225
1081 0.00257773 0.00362608 0.452206
1082 0.00362415 0.00400588 0.426504
1083 0.00446183 0.00445533 0.398456
1084 0.00498849 0.00481488 0.376934
1085 0.00562746 0.00513447 0.349163
1086 0.00421645 0.00422798 0.408178
1087 0.00254835 -0.00720043 0.362884
1088 0.00289071 -0.00708965 0.360115
1089 0.00318024 -0.00692464 0.358833
1090 0.00344675 -0.0067873 0.356832
1091 0.00371552 -0.00664626 0.354395
1092 0.00402738 -0.00650228 0.350549
1093 0.00429488 -0.00629306 0.348521
1094 0.00228738 -0.00700962 0.371065
1095 0.00453911 -0.00611449 0.345946
1096 0.00230763 -0.00667859 0.378357
1097 0.00477906 -0.00593026 0.343156
1098 0.00231263 -0.00633911 0.385701
1099 0.00506899 -0.00573976 0.338594
1100 0.0023094 -0.006 0.392802
1101 0.0023094 -0.00566667 0.399401
1102 0.00529615 -0.00547534 0.336689
1103 0.0023094 -0.00533333 0.405668
1104 0.00551952 -0.00524596 0.333787
1105 0.0023094 -0.005 0.411605
1106 0.0057816 -0.00501035 0.329248
1107 0.0023094 -0.00466667 0.417211
1108 0.0023094 -0.00433333 0.42249
1109 0.0023094 -0.004 0.427442
1110 0.00615825 -0.00449904 0.324316
1111 0.0023094 -0.00366667 0.432069
1112 0.006318 -0.00424689 0.322249
1113 0.0023094 -0.00333333 0.436373
1114 0.00649301 -0.00398406 0.319394
1115 0.0023094 -0.003 0.440356
1116 0.00665762 -0.00370401 0.316745
1117 0.0023094 -0.00266667 0.44402
1118 0.0023094 -0.00233333 0.447366
1119 0.00679758 -0.00341751 0.314733
1120 0.0023094 -0.002 0.450397
1121 0.00693962 -0.00313444 0.312221
1122 0.0023094 -0.00166667 0.453115
1123 0.00710934 -0.00282964 0.308419
1124 0.0023094 -0.00133333 0.455523
1125 0.0023094 -0.001 0.457623
1126 0.00719502 -0.00250122 0.307864
1127 0.0023094 -0.000666667 0.459418
1128 0.00728255 -0.00221247 0.306548
1129 0.0023094 -0.000333333 0.46091
1130 0.00736759 -0.00191856 0.305063
1131 0.0023094 -3.24025e-15 0.462104
1132 0.00748686 -0.00158803 0.301993
1133 0.0023094 0.000333333 0.463001
1134 0.0023094 0.000666667 0.463607
1135 0.00751213 -0.00123824 0.302702
1136 0.0023094 0.001 0.463924
1137 0.00755252 -0.0009226 0.302241
1138 0.0023094 0.00133333 0.463956
1139 0.00759636 -0.000605815 0.301303
1140 0.0023094 0.00166667 0.463709
1141 0.00761684 -0.000278693 0.301092
1142 0.0023094 0.002 0.463187
1143 0.00231168 0.00233137 0.462363
1144 0.0076134 3.99786e-05 0.301609
1145 0.00230644 0.00265087 0.461436
1146 0.00761212 0.000356596 0.301713
1147 0.00234141 0.00297465 0.459616
1148 0.00762616 0.000704391 0.300779
1149 0.00244872 0.00329643 0.456311
1150 0.00755114 0.00103267 0.303506
1151 0.00749482 0.00133069 0.30516
1152 0.00744144 0.00162902 0.3064
1153 0.00739688 0.0019676 0.306763
1154 0.00726948 0.00228358 0.310552
1155 0.00716881 0.00256879 0.313049
1156 0.00706256 0.00285203 0.31553
1157 0.00696402 0.00318463 0.316971
1158 0.00677782 0.00347768 0.322159
1159 0.00662493 0.00375645 0.325762
1160 0.00647479 0.0040727 0.32855
1161 0.0060585 0.00457633 0.339449
1162 0.00587482 0.00484179 0.343351
1163 0.00330268 0.00389514 0.435267
1164 0.00398414 0.00398314 0.417004
1165 0.00528099 0.00495919 0.364621
1166 0.00225635 -0.00732901 0.363859
1167 0.00597771 -0.00474269 0.326901
1168 0.0062207 0.00433425 0.335897
1169 0.00473825 0.00435848 0.390459
1170 0.0049948 0.00448102 0.380491
1171 0.00269813 0.00306473 0.452957
1172 0.00456813 0.00411572 0.398368
1173 0.00555116 0.00476008 0.356987
1174 0.00259332 -0.00686969 0.369953
1175 0.00289489 -0.00672685 0.368374
1176 0.00317032 -0.00658157 0.366734
1177 0.00344165 -0.00643873 0.364616
1178 0.0037159 -0.00630072 0.361845
1179 0.00398934 -0.00613904 0.359077
1180 0.00423848 -0.00596164 0.3567
1181 0.00447991 -0.00577994 0.35415
1182 0.00260055 -0.00652889 0.377471
1183 0.00472771 -0.00559296 0.351081
1184 0.00260083 -0.006182 0.38487
1185 0.00496832 -0.00538264 0.348165
1186 0.00259808 -0.00583333 0.391989
1187 0.00259808 -0.0055 0.398414
1188 0.0051935 -0.00514914 0.345635
1189 0.00259808 -0.00516667 0.404505
1190 0.00542694 -0.00490761 0.342513
1191 0.00259808 -0.00483333 0.410265
1192 0.00259808 -0.0045 0.415694
1193 0.00259808 -0.00416667 0.420796
1194 0.00259808 -0.00383333 0.42557
1195 0.00598129 -0.00421775 0.334731
1196 0.00259808 -0.0035 0.43002
1197 0.00614035 -0.00396079 0.332686
1198 0.00259808 -0.00316667 0.434146
1199 0.00630348 -0.00369289 0.330265
1200 0.00259808 -0.00283333 0.437951
1201 0.00645808 -0.00341824 0.327853
1202 0.00259808 -0.0025 0.441436
1203 0.00259808 -0.00216667 0.444604
1204 0.00660118 -0.00313792 0.325562
1205 0.00259808 -0.00183333 0.447456
1206 0.00674168 -0.00285433 0.323035
1207 0.00259808 -0.0015 0.449994
1208 0.00685847 -0.00255942 0.321179
1209 0.00259808 -0.00116667 0.452222
1210 0.00259808 -0.000833333 0.454141
1211 0.00695043 -0.00226826 0.319943
1212 0.00259808 -0.0005 0.455754
1213 0.00703766 -0.00197615 0.318587
1214 0.00259808 -0.000166667 0.457064
1215 0.00712633 -0.00167491 0.316912
1216 0.00259808 0.000166667 0.458074
1217 0.00719157 -0.00136313 0.315936
1218 0.00259808 0.0005 0.458788
1219 0.00259808 0.000833333 0.459209
1220 0.00723322 -0.00104568 0.315651
1221 0.00259808 0.00116667 0.45934
1222 0.00727251 -0.000734391 0.315118
1223 0.00259808 0.0015 0.459186
1224 0.00730083 -0.000423223 0.314738
1225 0.00259808 0.00183333 0.458751
1226 0.00731186 -0.000113052 0.314794
1227 0.0026032 0.00217248 0.457935
1228 0.00260656 0.00250407 0.456891
1229 0.00731241 0.000196715 0.315001
1230 0.00731042 0.000506936 0.315018
1231 0.00727956 0.00082534 0.315974
1232 0.00722796 0.00112743 0.317557
1233 0.00717243 0.00142661 0.319034
1234 0.00711592 0.00173135 0.320248
1235 0.00703622 0.00203265 0.32218
1236 0.00693447 0.00232416 0.324813
1237 0.0068314 0.00260996 0.32726
1238 0.00672459 0.00290169 0.329543
1239 0.00659327 0.00319116 0.332577
1240 0.00643727 0.00347279 0.336398
1241 0.00628344 0.00375579 0.339828
1242 0.0057681 0.0045731 0.350948
1243 0.00305083 0.00411003 0.439435
1244 0.00484108 -0.00210299 0.394819
1245 0.00526373 0.00462668 0.369295
1246 0.0038048 0.00374043 0.423756
1247 0.00352612 0.00363308 0.431694
1248 0.00433212 0.00387122 0.407821
1249 0.00563353 -0.00465675 0.339905
1250 0.00586534 -0.00447684 0.334884
1251 0.00257297 0.00279132 0.456405
1252 0.00608968 0.00402698 0.344702
1253 0.00494475 0.00409721 0.386192
1254 0.00551747 0.00442626 0.362253
1255 0.00288723 -0.00637909 0.376122
1256 0.00316227 -0.00623305 0.374356
1257 0.00343006 -0.00609047 0.372154
1258 0.00369775 -0.00595512 0.369325
1259 0.00395185 -0.00580229 0.366678
1260 0.00418004 -0.00562945 0.364597
1261 0.00441485 -0.00544969 0.362069
1262 0.0046477 -0.00525906 0.359359
1263 0.00288296 -0.00603104 0.383455
1264 0.00487472 -0.00504881 0.356711
1265 0.00288678 -0.00568206 0.390305
1266 0.00288675 -0.00533333 0.39685
1267 0.0050985 -0.00481826 0.354051
1268 0.00288675 -0.005 0.402764
1269 0.00288675 -0.00466667 0.408345
1270 0.00288675 -0.00433333 0.413595
1271 0.00288675 -0.004 0.418518
1272 0.00288675 -0.00366667 0.423113
1273 0.00579256 -0.00395347 0.344906
1274 0.00288675 -0.00333333 0.427383
1275 0.00595379 -0.00368314 0.342912
1276 0.00288675 -0.003 0.431329
1277 0.006113 -0.0034144 0.340581
1278 0.00288675 -0.00266667 0.434954
1279 0.00626414 -0.00314436 0.338177
1280 0.00288675 -0.00233333 0.438258
1281 0.00288675 -0.002 0.441244
1282 0.00640165 -0.00287392 0.335919
1283 0.00288675 -0.00166667 0.443913
1284 0.0065179 -0.00259495 0.334203
1285 0.00288675 -0.00133333 0.446268
1286 0.00661923 -0.0023173 0.332725
1287 0.00288675 -0.001 0.448312
1288 0.00288675 -0.000666667 0.450046
1289 0.00670668 -0.0020366 0.331508
1290 0.00288675 -0.000333333 0.451473
1291 0.00678902 -0.00175035 0.330233
1292 0.00288675 -3.24916e-15 0.452597
1293 0.00686112 -0.00145605 0.32911
1294 0.00288675 0.000333333 0.453419
1295 0.00691423 -0.00115579 0.328481
1296 0.00288675 0.000666667 0.453943
1297 0.00288675 0.001 0.454173
1298 0.00695602 -0.000855209 0.328013
1299 0.00288675 0.00133333 0.454112
1300 0.00698817 -0.000555069 0.327645
1301 0.00288675 0.00166667 0.453764
1302 0.0070071 -0.000256212 0.327533
1303 0.00288769 0.00200762 0.453098
1304 0.00701301 4.204e-05 0.327681
1305 0.00289126 0.00235972 0.452057
1306 0.0070092 0.000340335 0.327957
1307 0.00698904 0.00063878 0.328641
1308 0.00695383 0.000932813 0.329688
1309 0.0069058 0.00122332 0.331012
1310 0.00685059 0.00151469 0.332371
1311 0.0067826 0.00180329 0.334006
1312 0.0066965 0.00208795 0.336144
1313 0.00660033 0.00236611 0.338471
1314 0.00649726 0.00264327 0.340831
1315 0.00637999 0.00292294 0.343488
1316 0.00624844 0.0031953 0.346511
1317 0.0061051 0.00346435 0.349768
1318 0.00408728 0.00364015 0.416772
1319 0.00289836 0.00275072 0.450502
1320 0.00471123 0.0037755 0.396844
1321 0.00532762 -0.00456089 0.351179
1322 0.00560288 -0.0042779 0.346677
1323 0.00595091 0.00372673 0.353255
1324 0.00380504 0.00342699 0.425969
1325 0.00316268 -0.00587823 0.381582
1326 0.00369806 -0.00565712 0.375127
1327 0.0038885 -0.00547053 0.374443
1328 0.00410739 -0.00530597 0.372331
1329 0.00433801 -0.00512917 0.369766
1330 0.00456017 -0.0049367 0.367278
1331 0.00477102 -0.0047377 0.364797
1332 0.003185 -0.00552089 0.388072
1333 0.00319469 -0.00517781 0.394151
1334 0.00317543 -0.00483333 0.400442
1335 0.00317543 -0.0045 0.405843
1336 0.00317543 -0.00416667 0.410913
1337 0.00317543 -0.00383333 0.415654
1338 0.00317543 -0.0035 0.420068
1339 0.00560477 -0.00367054 0.354881
1340 0.00317543 -0.00316667 0.424157
1341 0.00576922 -0.00340427 0.352669
1342 0.00317543 -0.00283333 0.427921
1343 0.00592638 -0.00314004 0.350296
1344 0.00317543 -0.0025 0.431362
1345 0.00607339 -0.00288621 0.347806
1346 0.00317543 -0.00216667 0.434482
1347 0.00317543 -0.00183333 0.437283
1348 0.00619808 -0.0026205 0.345905
1349 0.00317543 -0.0015 0.439767
1350 0.00629309 -0.00235321 0.344806
1351 0.00317543 -0.00116667 0.441936
1352 0.00638001 -0.00208452 0.343734
1353 0.00317543 -0.000833333 0.443792
1354 0.00317543 -0.0005 0.445337
1355 0.0064598 -0.00181445 0.342666
1356 0.00317543 -0.000166667 0.446574
1357 0.00653518 -0.0015383 0.34153
1358 0.00317543 0.000166667 0.447506
1359 0.00659763 -0.00125324 0.340662
1360 0.00317543 0.0005 0.448135
1361 0.00664179 -0.00096363 0.340253
1362 0.00317543 0.000833333 0.448465
1363 0.00317543 0.00116667 0.448498
1364 0.00667765 -0.00067544 0.33989
1365 0.00317543 0.0015 0.448238
1366 0.00670383 -0.000387371 0.339642
1367 0.00317543 0.00183333 0.447689
1368 0.00671445 -0.000100222 0.339751
1369 0.00317218 0.00217491 0.446899
1370 0.00671452 0.000184469 0.340026
1371 0.00670414 0.000469815 0.340471
1372 0.00667565 0.000753399 0.341397
1373 0.00663455 0.0010323 0.342594
1374 0.00658748 0.0013103 0.343795
1375 0.00652984 0.00158886 0.345179
1376 0.00645409 0.00186386 0.34706
1377 0.00636601 0.00213208 0.349225
1378 0.00627049 0.00239761 0.351466
1379 0.00616368 0.00266647 0.353895
1380 0.00604343 0.00293561 0.356601
1381 0.00591366 0.0031997 0.359469
1382 0.00306181 0.00313556 0.445349
1383 0.00346283 0.0032261 0.435828
1384 0.00443353 0.00352489 0.407518
1385 0.00544772 0.00383191 0.371104
1386 0.00511132 0.0037046 0.384177
1387 0.00343533 -0.00571925 0.37943
1388 0.00499296 -0.00449677 0.362253
1389 0.00541487 -0.00395537 0.357268
1390 0.00317643 0.00252188 0.445634
1391 0.00577087 0.0034595 0.362629
1392 0.00413674 0.00329831 0.417787
1393 0.005204 -0.00423428 0.359897
1394 0.00353285 -0.00535516 0.384308
1395 0.00379454 -0.00516328 0.382104
1396 0.00403117 -0.00499838 0.379532
1397 0.00426285 -0.00481561 0.376966
1398 0.0044662 -0.00461827 0.374958
1399 0.003484 -0.00500523 0.391492
1400 0.00347778 -0.00466033 0.397364
1401 0.00347634 -0.00432851 0.402582
1402 0.0034641 -0.004 0.407646
1403 0.00346046 -0.00366247 0.412334
1404 0.0034641 -0.00333333 0.416436
1405 0.00542533 -0.00339115 0.364131
1406 0.0034641 -0.003 0.42034
1407 0.00558987 -0.00312543 0.361851
1408 0.0034641 -0.00266667 0.42392
1409 0.00573765 -0.00286813 0.359659
1410 0.0034641 -0.00233333 0.427175
1411 0.00591283 -0.00265053 0.35577
1412 0.0034641 -0.002 0.430109
1413 0.0034641 -0.00166667 0.432722
1414 0.00597412 -0.00238134 0.356099
1415 0.0034641 -0.00133333 0.435017
1416 0.00605921 -0.00212381 0.355212
1417 0.0034641 -0.001 0.436996
1418 0.00613337 -0.00186816 0.354447
1419 0.0034641 -0.000666667 0.43866
1420 0.0034641 -0.000333333 0.440012
1421 0.00620833 -0.00160466 0.353459
1422 0.0034641 -3.27063e-15 0.441055
1423 0.00628545 -0.00133979 0.352138
1424 0.0034641 0.000333333 0.44179
1425 0.00633618 -0.00106175 0.35161
1426 0.0034641 0.000666667 0.442221
1427 0.00636383 -0.00078224 0.351711
1428 0.0034641 0.001 0.442351
1429 0.0034641 0.00133333 0.442181
1430 0.006403 -0.000507721 0.351104
1431 0.0034641 0.00166667 0.441717
1432 0.00642139 -0.000228739 0.351055
1433 0.0034641 0.002 0.440961
1434 0.00641758 4.29877e-05 0.351615
1435 0.00642159 0.000315144 0.351646
1436 0.00640351 0.000587971 0.352303
1437 0.00635991 0.000853993 0.353734
1438 0.00631777 0.00111916 0.354893
1439 0.00627847 0.0013847 0.355726
1440 0.0062154 0.0016535 0.35725
1441 0.00612727 0.00190717 0.359576
1442 0.00603882 0.00216095 0.361705
1443 0.00594214 0.00242318 0.363888
1444 0.00583043 0.00269087 0.366376
1445 0.00570794 0.00295774 0.369034
1446 0.00326006 0.0028725 0.442329
1447 0.00482104 0.00338258 0.396501
1448 0.00383647 0.00307685 0.427315
1449 0.00469922 -0.00445684 0.371188
1450 0.00524641 -0.00365273 0.36652
1451 0.00344713 0.00232712 0.440327
1452 0.00557499 0.00323048 0.371795
1453 0.00447197 0.00318056 0.408809
1454 0.0048272 -0.00418931 0.371628
1455 0.00374564 -0.0048296 0.388891
1456 0.00399772 -0.00472248 0.384899
1457 0.00415439 -0.00449972 0.384716
1458 0.00380575 -0.00448053 0.393195
1459 0.00375078 -0.00414429 0.399459
1460 0.0037373 -0.00381312 0.404409
1461 0.00375158 -0.00349365 0.408276
1462 0.00375278 -0.00316667 0.412216
1463 0.00525856 -0.00311588 0.37254
1464 0.00375278 -0.00283333 0.415934
1465 0.0054172 -0.00283271 0.37057
1466 0.00375278 -0.0025 0.419326
1467 0.0028293 0.00339591 0.448723
1468 0.00375278 -0.00216667 0.422393
1469 0.00560856 -0.00250587 0.367524
1470 0.00375278 -0.00183333 0.425137
1471 0.00375278 -0.0015 0.42756
1472 0.0057215 -0.00220519 0.366327
1473 0.00375278 -0.00116667 0.429662
1474 0.00580961 -0.00192844 0.365463
1475 0.00375278 -0.000833333 0.431447
1476 0.00587695 -0.00165996 0.364995
1477 0.00375278 -0.0005 0.432916
1478 0.00375278 -0.000166667 0.434071
1479 0.00595997 -0.00139988 0.363657
1480 0.00375278 0.000166667 0.434914
1481 0.00606955 -0.00115409 0.36101
1482 0.00375278 0.0005 0.435449
1483 0.00604714 -0.000884477 0.363054
1484 0.00375278 0.000833333 0.435676
1485 0.00607811 -0.000601015 0.362965
1486 0.00375278 0.00116667 0.4356
1487 0.00375278 0.0015 0.435223
1488 0.00616688 -0.000351419 0.360384
1489 0.00375278 0.00183333 0.434548
1490 0.00611501 -9.12547e-05 0.362849
1491 0.00611507 0.000174655 0.363176
1492 0.00616655 0.000431835 0.361353
1493 0.00608638 0.000682732 0.364273
1494 0.00603997 0.000941151 0.365716
1495 0.00600068 0.00119931 0.366687
1496 0.00600728 0.0014603 0.365741
1497 0.00589044 0.00169134 0.369297
1498 0.00579989 0.00193246 0.371642
1499 0.00571803 0.00217651 0.373467
1500 0.00562321 0.00244666 0.375429
1501 0.00550001 0.0027113 0.37821
1502 0.00521965 0.00331906 0.383662
1503 0.00343862 0.00261889 0.439371
1504 0.00545722 0.00352392 0.373584
1505 0.00418957 0.00294678 0.418482
1506 0.00503559 -0.0039212 0.369354
1507 0.00445134 -0.00424804 0.381034
1508 0.00507194 -0.00338144 0.375171
1509 0.00373941 0.00217551 0.433878
1510 0.0053718 0.00299517 0.380802
1511 0.00474245 0.00304136 0.401373
1512 0.00408373 -0.00420578 0.390874
1513 0.00403545 -0.00365899 0.399601
1514 0.00405262 -0.00332641 0.403364
1515 0.00405378 -0.00299544 0.40716
1516 0.00506802 -0.00285409 0.381182
1517 0.00404145 -0.00266667 0.410936
1518 0.00523362 -0.00256113 0.379035
1519 0.00404145 -0.00233333 0.414137
1520 0.00537231 -0.00225179 0.377436
1521 0.00404145 -0.002 0.417014
1522 0.00404145 -0.00166667 0.419567
1523 0.00404145 -0.00133333 0.421795
1524 0.00404145 -0.001 0.423702
1525 0.00553553 -0.00172576 0.376158
1526 0.00404145 -0.000666667 0.425288
1527 0.00562812 -0.00143031 0.374955
1528 0.00404145 -0.000333333 0.426558
1529 0.00404145 -3.32194e-15 0.427512
1530 0.00574508 -0.00109262 0.372807
1531 0.00404145 0.000333333 0.428152
1532 0.00404145 0.000666667 0.428482
1533 0.00576254 -0.000708803 0.373821
1534 0.00404145 0.001 0.4285
1535 0.0058426 -0.000330488 0.372204
1536 0.00404145 0.00133333 0.428211
1537 0.00404012 0.00166788 0.427652
1538 0.00581589 4.0381e-05 0.373849
1539 0.00583216 0.000412901 0.373593
1540 0.00577026 0.000745487 0.375693
1541 0.00571879 0.00105187 0.377157
1542 0.00567604 0.00138542 0.377982
1543 0.00555895 0.00169109 0.381152
1544 0.0054694 0.00196198 0.38323
1545 0.00544104 0.0022207 0.383023
1546 0.00529498 0.00244219 0.386909
1547 0.00370425 0.00251413 0.433464
1548 0.00503557 0.00304837 0.39187
1549 0.00488672 -0.00364506 0.377342
1550 0.00451552 0.00282806 0.40969
1551 0.0046783 -0.00393179 0.379419
1552 0.00398547 -0.00394256 0.396949
1553 0.00495135 -0.00311799 0.38177
1554 0.00551591 -0.00200602 0.374746
1555 0.00404082 0.00201456 0.426704
1556 0.00517163 0.00273245 0.389397
1557 0.00433803 -0.00350167 0.394117
1558 0.004371 -0.00315117 0.397465
1559 0.00434602 -0.00281856 0.401751
1560 0.00488122 -0.00260337 0.38921
1561 0.0043304 -0.00248728 0.405459
1562 0.005029 -0.00230163 0.387632
1563 0.00433157 -0.00216781 0.408309
1564 0.00432553 -0.00183118 0.411175
1565 0.00434506 -0.00149405 0.413046
1566 0.00434286 -0.00116468 0.415105
1567 0.00432513 -0.000827249 0.417295
1568 0.00528321 -0.00152895 0.385614
1569 0.00433013 -0.0005 0.41852
1570 0.00538444 -0.00119487 0.384316
1571 0.00433013 -0.000166667 0.419587
1572 0.00433013 0.000166667 0.420336
1573 0.0054483 -0.000853455 0.383857
1574 0.00433013 0.0005 0.420769
1575 0.00433705 0.000840144 0.420699
1576 0.00549128 -0.000495633 0.383763
1577 0.0043417 0.00117166 0.420369
1578 0.00551102 -0.000141744 0.384026
1579 0.00433485 0.00149543 0.420063
1580 0.00551355 0.000207315 0.384484
1581 0.00549345 0.000546209 0.385337
1582 0.00545305 0.000849786 0.386572
1583 0.00538003 0.00115784 0.38864
1584 0.00529483 0.00145243 0.390863
1585 0.00522003 0.00176266 0.392419
1586 0.0051246 0.00210392 0.394263
1587 0.00393775 0.00272374 0.426541
1588 0.00426057 0.00257727 0.418448
1589 0.00469191 -0.00332932 0.386782
1590 0.00401275 0.0023665 0.426172
1591 0.00485774 0.00275782 0.399514
1592 0.00470041 -0.0029273 0.391089
1593 0.00517472 -0.00191595 0.386362
1594 0.00431978 0.00182806 0.419676
1595 0.00497223 0.00244348 0.397592
1596 0.00465595 -0.00233388 0.398145
1597 0.00458652 -0.00199996 0.40286
1598 0.0046188 -0.00166667 0.404463
1599 0.00468088 -0.00132426 0.404951
1600 0.00460001 -0.000976918 0.409093
1601 0.00460558 -0.000648374 0.410406
1602 0.00504437 -0.00129124 0.394458
1603 0.00461296 -0.000323373 0.411341
1604 0.00513718 -0.00097577 0.393239
1605 0.00461771 6.73508e-06 0.41205
1606 0.00461784 0.000340206 0.41258
1607 0.00517187 -0.000643937 0.393566
1608 0.00461978 0.000678474 0.41274
1609 0.00464334 0.00101971 0.411947
1610 0.00519201 -0.000306876 0.394021
1611 0.00464913 0.00134225 0.411353
1612 0.00520723 2.76842e-05 0.39428
1613 0.00520088 0.000356646 0.394887
1614 0.00517553 0.000662097 0.395787
1615 0.00516431 0.000944485 0.395976
1616 0.00499568 0.00119619 0.401069
1617 0.00494485 0.00153988 0.401937
1618 0.00488272 0.00185666 0.402932
1619 0.00458159 -0.00366021 0.385654
1620 0.00461521 0.00249377 0.40849
1621 0.00436478 0.00220208 0.417163
1622 0.00458291 -0.00263521 0.397292
1623 0.00495632 -0.00158052 0.395324
1624 0.00461333 0.00164748 0.411735
1625 0.00474868 0.00218192 0.405855
1626 0.00486425 -0.00107299 0.400999
1627 0.00487418 -0.000792678 0.402044
1628 0.00489455 -0.000475794 0.402655
1629 0.00490607 -0.000146767 0.403255
1630 0.00490899 0.000186192 0.403796
1631 0.00490179 0.000513199 0.404317
1632 0.00489647 0.000855635 0.404465
1633 0.00483726 -0.00183713 0.396999
1634 0.00458079 0.00193993 0.4118
1635 0.0058473 0.00428737 0.351301
1636 0.00573866 0.00396583 0.358969
1637 0.0032025 0.00350852 0.440145
1638 0.00525533 0.00401394 0.376203
1639 0.0052409 0.00429988 0.37378
1640 0.00431168 -0.0038981 0.389609
1641 0.00526556 0.0053072 0.360608
1642 0.00166799 -0.00798431 0.353952
1643 0.00360725 0.00284971 0.434322
1644 0.0029503 0.00374441 0.44414
1645 0.0023091 0.00765917 0.418937
1646 0.00174377 0.00737282 0.432197
1647 0.00369701 0.00802062 0.377458
1648 0.00178226 0.00707827 0.434982
1649 0.00368278 0.0068071 0.394774
1650 0.00340772 0.00662909 0.405153
1651 0.00314495 0.00646957 0.414162
1652 0.00392108 0.00699572 0.384593
1653 0.00286735 0.00632217 0.422658
1654 0.00415956 0.0072007 0.373414
1655 0.00258529 0.00618841 0.430341
1656 0.00440032 0.00740457 0.36133
1657 0.00228491 0.0060576 0.437587
1658 0.00461241 0.00762888 0.349155
1659 0.00199686 0.0059618 0.443474
1660 0.0048007 0.00790377 0.336179
1661 0.00170776 0.00587085 0.448622
1662 0.0049985 0.00821608 0.321069
1663 0.00138588 0.00580788 0.453179
1664 0.00107046 0.00575067 0.456791
1665 0.000762941 0.005693 0.459576
1666 0.000410284 0.00565912 0.461612
1667 0.00473214 0.00849607 0.328575
1668 0.00445779 0.00860638 0.339292
1669 0.00416135 0.00876133 0.349334
1670 0.00386247 0.00890879 0.35865
1671 0.000274902 0.00617457 0.457339
1672 0.00356561 0.00903288 0.367292
1673 0.000296209 0.00649195 0.454191
1674 0.0032741 0.00914212 0.375065
1675 0.000296893 0.00682588 0.450787
1676 0.0029648 0.00924849 0.382505
1677 0.000288675 0.00716667 0.447182
1678 0.00267191 0.00933731 0.388841
1679 0.000288675 0.0075 0.443476
1680 0.00235561 0.00942069 0.394928
1681 0.000288675 0.00783333 0.439633
1682 0.0020526 0.00949176 0.399994
1683 0.000288675 0.00816667 0.43566
1684 0.00173674 0.00955348 0.404538
1685 0.000288675 0.0085 0.431559
1686 0.0014246 0.00960579 0.408256
1687 0.000272162 0.00883711 0.427347
1688 0.00111719 0.00963068 0.41142
1689 0.000283451 0.00917923 0.422874
1690 0.000814907 0.00965164 0.413771
1691 0.000283877 0.00954709 0.417966
1692 0.000240895 0.00590936 0.459891
1693 0.00053746 0.00970058 0.414816
1694 0.00362466 0.00713688 0.392148
1695 0.00339002 0.00695795 0.401479
1696 0.00312624 0.0067975 0.410691
1697 0.00286775 0.00665032 0.418877
1698 0.00385332 0.00733095 0.382108
1699 0.00260118 0.00651626 0.426407
1700 0.00408135 0.00752661 0.371341
1701 0.00232103 0.00638494 0.433474
1702 0.00429918 0.00773325 0.360011
1703 0.00204335 0.00628523 0.439445
1704 0.00449865 0.00791671 0.348996
1705 0.00176047 0.00619595 0.444708
1706 0.00456629 0.00822999 0.340886
1707 0.00146933 0.00611849 0.449267
1708 0.00115584 0.00607672 0.452996
1709 0.0008431 0.00603585 0.455927
1710 0.000538151 0.00596221 0.458354
1711 0.00421027 0.00841287 0.352783
1712 0.00388855 0.00858105 0.362547
1713 0.00360369 0.00870684 0.370703
1714 0.000589197 0.00629174 0.455009
1715 0.0033188 0.00881784 0.378273
1716 0.000606027 0.0066378 0.451478
1717 0.00302664 0.00892541 0.385293
1718 0.000595475 0.00698571 0.447896
1719 0.0027339 0.0090144 0.391761
1720 0.00057735 0.00733333 0.444197
1721 0.00244101 0.009103 0.397417
1722 0.00057735 0.00766667 0.44041
1723 0.00213835 0.00917586 0.40268
1724 0.00057735 0.008 0.436491
1725 0.00184014 0.00923986 0.407139
1726 0.000578387 0.00834724 0.432267
1727 0.00153305 0.00929544 0.411025
1728 0.00057 0.00868791 0.428044
1729 0.00124614 0.00933571 0.41405
1730 0.000516828 0.00899302 0.424377
1731 0.000937991 0.00933319 0.417111
1732 0.000623015 0.00931564 0.419593
1733 0.00355487 0.00746583 0.389829
1734 0.00333828 0.0072846 0.398703
1735 0.00309748 0.00711836 0.407448
1736 0.00285049 0.00698363 0.415315
1737 0.00260267 0.00684842 0.422574
1738 0.00377639 0.007671 0.379823
1739 0.00234702 0.00671854 0.429306
1740 0.0040011 0.00787318 0.369036
1741 0.00208471 0.00660278 0.435374
1742 0.00423674 0.00806891 0.357155
1743 0.00180287 0.00651945 0.440758
1744 0.00152993 0.00644325 0.445274
1745 0.00126263 0.00635368 0.44922
1746 0.000939656 0.00641045 0.451613
1747 0.00394006 0.00822339 0.365999
1748 0.00364892 0.00836141 0.374163
1749 0.00335996 0.00848467 0.381694
1750 0.00307932 0.00859348 0.38841
1751 0.000907719 0.00680202 0.447839
1752 0.00279562 0.00869145 0.394616
1753 0.000887615 0.00715609 0.44419
1754 0.00250435 0.00877778 0.400398
1755 0.000866025 0.0075 0.440502
1756 0.00221503 0.00885389 0.405499
1757 0.000866025 0.00783333 0.436628
1758 0.00192854 0.00892363 0.409873
1759 0.000867201 0.00818065 0.432447
1760 0.00164837 0.00899032 0.41345
1761 0.000866392 0.00854815 0.427894
1762 0.00136151 0.00903262 0.416731
1763 0.000832096 0.00896073 0.422886
1764 0.00110593 0.00907772 0.418933
1765 0.00347176 0.00781011 0.387657
1766 0.00324796 0.00761396 0.396941
1767 0.0030804 0.00740673 0.404203
1768 0.00282671 0.00732443 0.4117
1769 0.00258592 0.00718229 0.418985
1770 0.00234259 0.00704612 0.425646
1771 0.00209834 0.0069281 0.431533
1772 0.00186071 0.00679696 0.436887
1773 0.00156112 0.00679653 0.441185
1774 0.00123525 0.00664807 0.446522
1775 0.00340365 0.00814922 0.385042
1776 0.003122 0.00826206 0.391756
1777 0.00284567 0.00837694 0.397589
1778 0.0012115 0.00697929 0.443249
1779 0.00256294 0.00846708 0.403204
1780 0.00117561 0.00732789 0.439751
1781 0.002279 0.00853167 0.408468
1782 0.0011547 0.00766667 0.436065
1783 0.0020013 0.00860459 0.412794
1784 0.0011547 0.008 0.432099
1785 0.0017189 0.00867299 0.416552
1786 0.0011561 0.00835061 0.427782
1787 0.00146603 0.00877726 0.418747
1788 0.00116631 0.00873098 0.422876
1789 0.00316238 0.0079261 0.395174
1790 0.0028823 0.00769048 0.405733
1791 0.0025813 0.00752579 0.414899
1792 0.00231489 0.00736745 0.422389
1793 0.00205278 0.00723088 0.428858
1794 0.00148576 0.00715354 0.438209
1795 0.00287981 0.00803949 0.401224
1796 0.00263226 0.00819348 0.405192
1797 0.00234473 0.00821232 0.411262
1798 0.00146527 0.00751714 0.434323
1799 0.00204306 0.00827905 0.416253
1800 0.00146295 0.0078537 0.430372
1801 0.00174187 0.00836477 0.420163
1802 0.00145544 0.00816619 0.426655
1803 0.00144566 0.0084761 0.422893
1804 0.00253394 0.00789378 0.41136
1805 0.00203091 0.00756878 0.425247
1806 0.00212226 0.00793738 0.419159
1807 0.0017706 0.00772853 0.427602
1808 0.00176987 0.00805134 0.42367
1809 0.00169438 0.0166085 0.28357
1810 0.00147768 0.011447 0.380888
1811 0.00304645 0.0125293 0.332316
1812 0.00370507 0.0124206 0.313986
1813 0.00500061 0.0159256 0.211758
1814 0.00480161 0.0161623 0.214918
1815 0.00518677 0.0156708 0.208897
1816 0.00458942 0.0163898 0.2182
1817 0.00536618 0.0154067 0.205951
1818 0.00437256 0.0166129 0.221187
1819 0.00552864 0.0151428 0.203216
1820 0.00414549 0.0168211 0.22426
1821 0.00567307 0.0148714 0.200919
1822 0.00390097 0.0170175 0.227543
1823 0.00580572 0.0145932 0.198808
1824 0.00364798 0.0172082 0.230592
1825 0.00592556 0.0142991 0.197071
1826 0.0033932 0.0173795 0.233505
1827 0.00603376 0.0140054 0.195462
1828 0.00312837 0.0175373 0.236367
1829 0.0061232 0.0137105 0.194387
1830 0.00285538 0.0176813 0.239112
1831 0.00619975 0.0134083 0.193662
1832 0.00256627 0.0178126 0.241837
1833 0.00626029 0.0131013 0.193446
1834 0.00227689 0.0179337 0.244129
1835 0.00630725 0.012798 0.193573
1836 0.00198516 0.018034 0.246296
1837 0.0063363 0.0124861 0.194416
1838 0.00168439 0.0181193 0.248284
1839 0.00635622 0.0121706 0.195487
1840 0.00137637 0.018191 0.249993
1841 0.00635727 0.0118621 0.197303
1842 0.00106629 0.0182452 0.251452
1843 0.00634319 0.0115551 0.199757
1844 0.000752309 0.0182943 0.252355
1845 0.00631411 0.0112485 0.202909
1846 0.000414295 0.0183412 0.252695
1847 0.00626984 0.0109257 0.206913
1848 0.00620609 0.010627 0.211987
1849 0.00612829 0.0103284 0.218037
1850 0.00604487 0.0100303 0.224667
1851 0.000278805 0.0178202 0.266202
1852 0.00594002 0.00973457 0.233185
1853 0.000297914 0.0175067 0.273782
1854 0.00583312 0.00944388 0.242567
1855 0.00030035 0.0171753 0.281636
1856 0.00567509 0.00914976 0.257279
1857 0.000288675 0.0168333 0.289568
1858 0.00550624 0.00884678 0.274949
1859 0.000288675 0.0165 0.297056
1860 0.000288675 0.0161667 0.30435
1861 0.000288675 0.0158333 0.311456
1862 0.000288675 0.0155 0.318382
1863 0.00497952 0.00899776 0.307115
1864 0.000288675 0.0151667 0.325133
1865 0.00469555 0.0091411 0.319511
1866 0.000288675 0.0148333 0.331716
1867 0.00439316 0.00929081 0.331382
1868 0.000288675 0.0145 0.338137
1869 0.00408566 0.00942947 0.34235
1870 0.000288675 0.0141667 0.344402
1871 0.00377904 0.00955746 0.352251
1872 0.000288675 0.0138333 0.350517
1873 0.0034584 0.00967785 0.361624
1874 0.000288675 0.0135 0.356489
1875 0.00314203 0.00978608 0.369914
1876 0.000288675 0.0131667 0.362324
1877 0.00281922 0.00988415 0.377467
1878 0.000288675 0.0128333 0.368026
1879 0.0025 0.00996853 0.384085
1880 0.000288675 0.0125 0.373601
1881 0.00216643 0.0100465 0.390087
1882 0.000288675 0.0121667 0.379054
1883 0.00184043 0.0101104 0.395107
1884 0.000288675 0.0118333 0.384388
1885 0.00150765 0.0101659 0.399354
1886 0.000288675 0.0115 0.389609
1887 0.00117311 0.0102094 0.402787
1888 0.000288675 0.0111667 0.394724
1889 0.00083106 0.0102649 0.405097
1890 0.000306244 0.0108199 0.399863
1891 0.000503182 0.0102564 0.407246
1892 0.000278076 0.0104931 0.404746
1893 0.000229165 0.0102211 0.408762
1894 0.000245251 0.0180864 0.259654
1895 0.00520701 0.00884305 0.296717
1896 0.00467766 0.0158582 0.224994
1897 0.0048623 0.0156284 0.222239
1898 0.00448159 0.0160812 0.227811
1899 0.00503662 0.0153825 0.219687
1900 0.00427729 0.0162959 0.230576
1901 0.00519608 0.015127 0.217426
1902 0.00406329 0.0165014 0.233334
1903 0.00534181 0.0148681 0.215356
1904 0.00384267 0.0166966 0.235993
1905 0.00547956 0.0146058 0.213262
1906 0.00360802 0.0168817 0.238737
1907 0.00560318 0.0143336 0.211523
1908 0.00336233 0.0170519 0.241545
1909 0.00570901 0.0140535 0.210315
1910 0.00311066 0.0172071 0.244269
1911 0.00579929 0.0137751 0.209461
1912 0.00285275 0.017354 0.246744
1913 0.00587958 0.0134884 0.208844
1914 0.00258435 0.0174899 0.249096
1915 0.00594512 0.0131962 0.208685
1916 0.00230811 0.0176074 0.251412
1917 0.00599455 0.0129049 0.209032
1918 0.0020301 0.0177069 0.253569
1919 0.00603549 0.0126136 0.209541
1920 0.00174827 0.0177998 0.255321
1921 0.00606028 0.0123165 0.210689
1922 0.00146093 0.0178768 0.256897
1923 0.00606599 0.0120179 0.212654
1924 0.00114802 0.0179144 0.259044
1925 0.00605732 0.0117213 0.215223
1926 0.00084315 0.017957 0.260291
1927 0.00604051 0.0114262 0.218102
1928 0.000546963 0.0180241 0.260206
1929 0.00600675 0.0111291 0.221878
1930 0.00595212 0.0108344 0.226869
1931 0.00588138 0.0105485 0.232903
1932 0.00579964 0.01026 0.239873
1933 0.00571198 0.00997379 0.247588
1934 0.000592193 0.0177031 0.267944
1935 0.00561515 0.00969307 0.256431
1936 0.000609949 0.0173648 0.276
1937 0.00553552 0.00940895 0.264821
1938 0.000593657 0.0170131 0.284308
1939 0.00530485 0.00916969 0.284419
1940 0.000586255 0.0166743 0.292054
1941 0.00057735 0.0163333 0.299652
1942 0.00057735 0.016 0.306841
1943 0.00057735 0.0156667 0.313846
1944 0.00057735 0.0153333 0.320674
1945 0.00498293 0.00932721 0.301435
1946 0.00057735 0.015 0.327329
1947 0.00466829 0.00947248 0.315736
1948 0.00057735 0.0146667 0.33382
1949 0.0043679 0.00963006 0.327462
1950 0.00057735 0.0143333 0.340152
1951 0.00404334 0.00975935 0.339252
1952 0.00057735 0.014 0.346331
1953 0.00372304 0.0098904 0.349496
1954 0.00057735 0.0136667 0.352364
1955 0.00339657 0.010001 0.359024
1956 0.00057735 0.0133333 0.358257
1957 0.00306861 0.0101111 0.367426
1958 0.00057735 0.013 0.364016
1959 0.00273088 0.0102029 0.375207
1960 0.00057735 0.0126667 0.369646
1961 0.00239723 0.0102892 0.381827
1962 0.00057735 0.0123333 0.375152
1963 0.00205882 0.0103612 0.387672
1964 0.00057735 0.012 0.380539
1965 0.00172188 0.010425 0.392527
1966 0.00057735 0.0116667 0.385807
1967 0.00137899 0.0104881 0.396422
1968 0.000570045 0.0113376 0.390938
1969 0.00103212 0.0105466 0.39936
1970 0.000593097 0.0109926 0.396047
1971 0.000641489 0.010611 0.401432
1972 0.00436014 0.0157788 0.23758
1973 0.0045414 0.0155619 0.235181
1974 0.00471789 0.0153435 0.232545
1975 0.00417019 0.0159891 0.239956
1976 0.00487977 0.0151 0.230447
1977 0.00396959 0.0161891 0.24242
1978 0.00501245 0.0148533 0.229162
1979 0.00376088 0.0163801 0.244842
1980 0.00514996 0.0146069 0.227305
1981 0.00355221 0.0165662 0.246887
1982 0.00528523 0.014359 0.225184
1983 0.00332174 0.0167389 0.249318
1984 0.00539383 0.0140906 0.224129
1985 0.00307985 0.0168842 0.252108
1986 0.00547617 0.0138234 0.223924
1987 0.00283595 0.0170265 0.254476
1988 0.00556161 0.0135603 0.223235
1989 0.00259594 0.0171695 0.256215
1990 0.00563922 0.0132781 0.222821
1991 0.00232645 0.0172918 0.258447
1992 0.00568267 0.0129988 0.223766
1993 0.00205837 0.0173808 0.26084
1994 0.00572497 0.0127223 0.224508
1995 0.00179063 0.0174737 0.262563
1996 0.00576668 0.012445 0.225061
1997 0.00152356 0.0175669 0.263694
1998 0.00578045 0.0121564 0.226934
1999 0.00125547 0.0176422 0.26469
2000 0.00576742 0.0118763 0.230036
2001 0.000938197 0.0175872 0.268712
2002 0.00575771 0.0115947 0.232872
2003 0.00574581 0.0113138 0.235747
2004 0.00570219 0.0110293 0.240413
2005 0.00562766 0.0107562 0.246901
2006 0.00555424 0.0104824 0.253533
2007 0.00547073 0.0101979 0.261162
2008 0.00537772 0.00990767 0.269877
2009 0.00525722 0.0095702 0.281549
2010 0.000910785 0.0172002 0.278078
2011 0.000890953 0.0168516 0.286252
2012 0.000875943 0.0165101 0.294013
2013 0.000866025 0.0161667 0.301574
2014 0.000866025 0.0158333 0.308655
2015 0.000866025 0.0155 0.315554
2016 0.000866025 0.0151667 0.322278
2017 0.00492736 0.00961546 0.300151
2018 0.000866025 0.0148333 0.328833
2019 0.00467981 0.00983375 0.309947
2020 0.000866025 0.0145 0.335226
2021 0.00432493 0.00997203 0.324456
2022 0.000866025 0.0141667 0.341464
2023 0.00399489 0.0101066 0.336207
2024 0.000866025 0.0138333 0.347552
2025 0.00366344 0.0102272 0.346813
2026 0.000866025 0.0135 0.353498
2027 0.00332173 0.0103402 0.356564
2028 0.000866025 0.0131667 0.359308
2029 0.0029852 0.0104438 0.36502
2030 0.000866025 0.0128333 0.364988
2031 0.00263567 0.0105336 0.372813
2032 0.000866025 0.0125 0.370543
2033 0.00229058 0.0106141 0.379425
2034 0.000866025 0.0121667 0.375978
2035 0.00194754 0.0106809 0.385068
2036 0.000874117 0.0118228 0.381396
2037 0.00160397 0.0107488 0.389593
2038 0.000873586 0.0114888 0.386609
2039 0.0012649 0.010835 0.392712
2040 0.000829187 0.0111889 0.39152
2041 0.000932713 0.0108943 0.395128
2042 0.00422589 0.0154829 0.247473
2043 0.00404939 0.0156909 0.249428
2044 0.00439367 0.0152716 0.245483
2045 0.00459701 0.0150886 0.241286
2046 0.00386637 0.0158845 0.251456
2047 0.00467608 0.0148302 0.242621
2048 0.00366718 0.0160688 0.253739
2049 0.00481663 0.0145879 0.241045
2050 0.00346352 0.0162467 0.255839
2051 0.00495539 0.0143477 0.239135
2052 0.00329278 0.0164568 0.255959
2053 0.00511644 0.0141313 0.235553
2054 0.00304353 0.0165623 0.259866
2055 0.00515292 0.0138619 0.237741
2056 0.00280511 0.0166978 0.26234
2057 0.00523393 0.0135978 0.237681
2058 0.00256001 0.016835 0.264396
2059 0.00536607 0.0133568 0.23471
2060 0.00236135 0.0170135 0.264136
2061 0.0053734 0.0130819 0.237666
2062 0.00209294 0.017062 0.267623
2063 0.0054075 0.0128129 0.23912
2064 0.00180368 0.0171376 0.270218
2065 0.00545073 0.012545 0.239932
2066 0.00151561 0.0172314 0.271704
2067 0.00553166 0.0122903 0.238511
2068 0.00123033 0.0173416 0.272119
2069 0.00546548 0.0120288 0.244467
2070 0.00546112 0.0117481 0.247411
2071 0.00545921 0.0114757 0.250083
2072 0.00548376 0.0112062 0.251235
2073 0.00537972 0.0109564 0.259301
2074 0.00528881 0.0106927 0.266942
2075 0.00521778 0.0104192 0.273789
2076 0.00515008 0.0101451 0.280718
2077 0.00504795 0.00987444 0.289916
2078 0.00121126 0.0170248 0.279676
2079 0.00118093 0.0166874 0.287604
2080 0.00115405 0.0163413 0.295476
2081 0.0011547 0.016 0.302794
2082 0.0011547 0.0156667 0.30976
2083 0.0011547 0.0153333 0.316547
2084 0.0011547 0.015 0.323162
2085 0.0011547 0.0146667 0.329611
2086 0.00457627 0.0101891 0.30995
2087 0.0011547 0.0143333 0.335901
2088 0.0042833 0.0103277 0.321274
2089 0.0011547 0.014 0.342039
2090 0.00395015 0.0104601 0.332958
2091 0.0011547 0.0136667 0.348032
2092 0.00359148 0.0105651 0.344512
2093 0.0011547 0.0133333 0.353887
2094 0.00323978 0.0106793 0.354239
2095 0.0011547 0.013 0.35961
2096 0.00288485 0.0107775 0.362938
2097 0.0011547 0.0126667 0.365207
2098 0.0025301 0.0108655 0.370488
2099 0.0011547 0.0123333 0.370686
2100 0.00217971 0.0109418 0.376876
2101 0.00116794 0.011985 0.376149
2102 0.00184469 0.0109923 0.382244
2103 0.00117123 0.0116286 0.381713
2104 0.00150166 0.0110858 0.386037
2105 0.00115602 0.0112212 0.388139
2106 0.00486043 0.0100885 0.297155
2107 0.00407437 0.0151698 0.258063
2108 0.00394795 0.0154199 0.257589
2109 0.00373435 0.0155713 0.261351
2110 0.00432145 0.0149123 0.254172
2111 0.00359678 0.0157923 0.261102
2112 0.00447868 0.014589 0.253829
2113 0.00335316 0.0159327 0.265047
2114 0.0046339 0.0143072 0.252427
2115 0.00309056 0.0161885 0.266559
2116 0.00481398 0.0140054 0.249872
2117 0.0027963 0.0163603 0.269721
2118 0.00491116 0.0136374 0.25104
2119 0.00252114 0.0165255 0.271888
2120 0.00335414 0.0128679 0.318305
2121 0.00222452 0.0167259 0.272989
2122 0.00173835 0.011282 0.379598
2123 0.0050858 0.0129172 0.252806
2124 0.00187279 0.0168286 0.27626
2125 0.0051362 0.0126136 0.254131
2126 0.00152143 0.0168637 0.280085
2127 0.00520706 0.0122756 0.254666
2128 0.00517439 0.0119084 0.260259
2129 0.00514896 0.011598 0.264869
2130 0.00514729 0.0112585 0.26861
2131 0.00503041 0.0109185 0.27833
2132 0.00493034 0.0106244 0.286882
2133 0.00143088 0.0165115 0.288933
2134 0.00142945 0.0161684 0.296388
2135 0.00144338 0.0158333 0.303295
2136 0.00144338 0.0155 0.310141
2137 0.00144338 0.0151667 0.31681
2138 0.00144338 0.0148333 0.323309
2139 0.00144338 0.0145 0.329646
2140 0.00459609 0.0105036 0.304831
2141 0.00144338 0.0141667 0.335827
2142 0.00427713 0.010705 0.316419
2143 0.00144338 0.0138333 0.34186
2144 0.00387706 0.0108076 0.330874
2145 0.00144338 0.0135 0.347753
2146 0.00350684 0.0109157 0.342372
2147 0.00144338 0.0131667 0.353511
2148 0.003143 0.0110222 0.352171
2149 0.00144338 0.0128333 0.359143
2150 0.00277882 0.0111174 0.360743
2151 0.00144338 0.0125 0.364655
2152 0.00241104 0.0112072 0.368128
2153 0.00145698 0.0121586 0.370014
2154 0.00204466 0.0112781 0.374442
2155 0.00148243 0.0118052 0.375284
2156 0.00504567 0.013272 0.250167
2157 0.00488096 0.0103501 0.292769
2158 0.00368557 0.0152063 0.269566
2159 0.00392136 0.0148809 0.268062
2160 0.00413438 0.0145876 0.266002
2161 0.00337051 0.0155397 0.272251
2162 0.00429042 0.0143076 0.265116
2163 0.00305285 0.0157912 0.275448
2164 0.00444081 0.014024 0.264052
2165 0.002787 0.016017 0.277021
2166 0.00457079 0.0137141 0.263695
2167 0.00250874 0.0161937 0.279148
2168 0.00467643 0.0133852 0.264175
2169 0.00223854 0.0163564 0.280728
2170 0.0047566 0.0130589 0.265283
2171 0.00195759 0.0165046 0.282122
2172 0.00486273 0.0124156 0.268918
2173 0.00487705 0.0120893 0.272223
2174 0.00485304 0.0117717 0.277119
2175 0.00481297 0.0114498 0.282835
2176 0.00477822 0.0111357 0.288251
2177 0.00466643 0.0108106 0.297578
2178 0.00171273 0.0159968 0.2965
2179 0.00173205 0.0156667 0.303067
2180 0.00173205 0.0153333 0.309784
2181 0.00173205 0.015 0.316328
2182 0.00173205 0.0146667 0.322706
2183 0.00173205 0.0143333 0.328923
2184 0.00173205 0.014 0.334989
2185 0.00414309 0.0110565 0.317088
2186 0.00173205 0.0136667 0.340911
2187 0.00377376 0.0111522 0.329799
2188 0.00173205 0.0133333 0.346697
2189 0.00340553 0.0112609 0.340701
2190 0.00173205 0.013 0.352353
2191 0.00303552 0.0113643 0.350245
2192 0.00173205 0.0126667 0.357888
2193 0.00266168 0.0114622 0.358548
2194 0.00172702 0.01234 0.363281
2195 0.00226801 0.011563 0.365824
2196 0.00177912 0.0119957 0.367989
2197 0.00481278 0.0127383 0.267062
2198 0.00169204 0.0163267 0.289759
2199 0.00443718 0.0110003 0.3055
2200 0.00184116 0.011619 0.372882
2201 0.00327053 0.0151297 0.282597
2202 0.00354352 0.0148419 0.280235
2203 0.00377318 0.0145709 0.278038
2204 0.00395606 0.0142985 0.276713
2205 0.00298884 0.0154113 0.284397
2206 0.00409417 0.014034 0.276329
2207 0.0027139 0.0156709 0.285583
2208 0.00422826 0.0137547 0.275929
2209 0.0025152 0.0159039 0.284974
2210 0.00433395 0.0134602 0.276433
2211 0.00223942 0.0160033 0.288131
2212 0.00441686 0.0131564 0.277638
2213 0.00457106 0.012235 0.283815
2214 0.00456533 0.0119415 0.287833
2215 0.00453167 0.0116482 0.293032
2216 0.00200315 0.0158236 0.295827
2217 0.00201247 0.0155012 0.302209
2218 0.00200746 0.0151734 0.308762
2219 0.00201919 0.0148455 0.314882
2220 0.00202073 0.0145 0.321335
2221 0.00202073 0.0141667 0.327428
2222 0.00202073 0.0138333 0.333372
2223 0.00406627 0.011363 0.315951
2224 0.00202073 0.0135 0.339177
2225 0.00367957 0.0114864 0.328382
2226 0.00202073 0.0131667 0.34485
2227 0.00330832 0.0115996 0.338802
2228 0.00202073 0.0128333 0.350399
2229 0.00293552 0.0117083 0.347871
2230 0.00200745 0.0125074 0.355946
2231 0.00256493 0.0118072 0.355621
2232 0.00198995 0.0122071 0.361049
2233 0.00197387 0.0161678 0.2891
2234 0.00448768 0.0128541 0.279039
2235 0.00454916 0.0125545 0.280569
2236 0.00443125 0.0113137 0.301722
2237 0.0021622 0.0119318 0.362269
2238 0.00318308 0.0147548 0.291714
2239 0.00291451 0.0150322 0.293332
2240 0.00343656 0.0144754 0.289718
2241 0.00365701 0.0142894 0.286345
2242 0.00375226 0.0140252 0.287783
2243 0.00259964 0.015316 0.294989
2244 0.00389565 0.0137819 0.287024
2245 0.00233851 0.0156468 0.29364
2246 0.00401405 0.0135081 0.287234
2247 0.00408783 0.0132236 0.288921
2248 0.00427089 0.0121211 0.297594
2249 0.00423429 0.0118456 0.302768
2250 0.00230858 0.0150476 0.305911
2251 0.00230304 0.0146907 0.312747
2252 0.00230226 0.01434 0.319201
2253 0.0023094 0.014 0.325145
2254 0.0023094 0.0136667 0.330962
2255 0.00393605 0.0117033 0.316134
2256 0.0023094 0.0133333 0.336642
2257 0.0023094 0.013 0.342197
2258 0.00322 0.011935 0.336484
2259 0.00228956 0.0126637 0.348085
2260 0.00286664 0.0120342 0.344746
2261 0.00227357 0.012314 0.353999
2262 0.00415696 0.0129321 0.290655
2263 0.00432712 0.0123871 0.291738
2264 0.00425047 0.0115692 0.30581
2265 0.00225743 0.0153361 0.301261
2266 0.0035839 0.011833 0.32661
2267 0.00422633 0.0126554 0.29197
2268 0.00311319 0.0143861 0.300059
2269 0.00286772 0.0146588 0.30129
2270 0.00259535 0.0148865 0.303215
2271 0.00338309 0.0140877 0.297893
2272 0.00355504 0.0137757 0.297944
2273 0.00372528 0.0135572 0.296089
2274 0.0037577 0.0132872 0.299263
2275 0.00389069 0.0120609 0.312797
2276 0.00257085 0.0145133 0.310607
2277 0.00259065 0.0141659 0.316425
2278 0.00261247 0.0138415 0.321605
2279 0.00259808 0.0135 0.327741
2280 0.00259808 0.0131667 0.33329
2281 0.00257021 0.0128331 0.339361
2282 0.00313728 0.0122606 0.333957
2283 0.00255549 0.0124998 0.34503
2284 0.00384343 0.0129955 0.300815
2285 0.00402657 0.012365 0.303507
2286 0.00348501 0.0121766 0.324796
2287 0.00295076 0.0140341 0.310358
2288 0.00281745 0.0143481 0.308026
2289 0.00322297 0.0137495 0.307978
2290 0.00342303 0.0134277 0.307504
2291 0.00288675 0.0136667 0.318156
2292 0.00287028 0.0133187 0.324339
2293 0.00285918 0.0129914 0.329933
2294 0.00282046 0.0126712 0.336003
2295 0.00391804 0.0126859 0.302796
2296 0.0035279 0.0130868 0.309674
2297 0.00309841 0.0127983 0.326713
2298 0.00334628 0.0125496 0.323469
2299 0.00311442 0.0134612 0.315659
2300 0.00317978 0.0131384 0.319122
2301 0.00361799 0.0127629 0.311741
2302 0.0025346 0.0121489 0.351032
2303 0.00282271 0.0123554 0.34091
