1 0 0 4.84597
2 -1.31814e-05 0.0843 4.01325
3 0.0028706 0.00075765 5.40072
4 0.00573173 0.001548 5.53153
5 0.00856274 0.00244231 5.5356
6 0.0113666 0.00341473 5.42077
7 0.0141251 0.00450947 5.24377
8 0.0168248 0.00574477 4.99488
9 0.0194276 0.00717207 4.69234
10 0.02189 0.00882948 4.35183
11 0.0241486 0.0107524 4.00569
12 0.0261757 0.0129167 3.65118
13 0.0278785 0.0153453 3.37039
14 0.029275 0.0179621 3.13603
15 0.0303781 0.0207165 2.95251
16 0.0312126 0.0235643 2.81398
17 0.0317875 0.0264757 2.71107
18 0.0320898 0.0294277 2.65485
19 0.0320964 0.0323949 2.66154
20 0.0317915 0.0353462 2.73986
21 0.0311833 0.0382503 2.8893
22 0.0303069 0.0410856 3.09445
23 0.0292166 0.0438463 3.33099
24 0.0279734 0.0465422 3.57269
25 0.0266359 0.0491927 3.79953
26 0.0252691 0.0518282 3.98355
27 0.0239307 0.0544782 4.10682
28 0.0226792 0.05717 4.15042
29 0.0215731 0.0599245 4.09481
30 0.0206581 0.062748 3.93221
31 0.0199354 0.065627 3.68588
32 0.0193183 0.068531 3.42057
33 0.0186048 0.0714122 3.22923
34 0.017498 0.0741622 3.28998
35 0.0157888 0.0765785 3.55608
36 0.0135964 0.0785697 3.92574
37 0.0110832 0.0801467 4.26734
38 0.00841979 0.0814529 4.48778
39 0.00564474 0.0825081 4.61716
40 0.00283232 0.0834529 4.54068
41 -1.27107e-05 0.0812893 5.42069
42 -1.22399e-05 0.0782786 6.72532
43 -1.17691e-05 0.0752679 7.94933
44 -1.12984e-05 0.0722571 9.09417
45 -1.08276e-05 0.0692464 10.1602
46 -1.03569e-05 0.0662357 11.1416
47 -9.88609e-06 0.063225 12.0382
48 -9.41532e-06 0.0602143 12.851
49 -8.94455e-06 0.0572036 13.5778
50 -8.47379e-06 0.0541929 14.2158
51 -8.00302e-06 0.0511821 14.7605
52 -7.53226e-06 0.0481714 15.2065
53 -7.06149e-06 0.0451607 15.5479
54 -6.59072e-06 0.04215 15.7783
55 -6.11996e-06 0.0391393 15.8915
56 -5.64919e-06 0.0361286 15.8809
57 -5.17843e-06 0.0331179 15.7405
58 -4.70766e-06 0.0301071 15.4645
59 -4.23689e-06 0.0270964 15.0479
60 -3.76613e-06 0.0240857 14.4864
61 -3.29536e-06 0.021075 13.7764
62 -2.8246e-06 0.0180643 12.9161
63 -2.35383e-06 0.0150536 11.9067
64 -1.88306e-06 0.0120429 10.754
65 -1.4123e-06 0.00903214 9.46914
66 -9.41532e-07 0.00602143 8.06019
67 -4.70766e-07 0.00301071 6.52057
68 0.015883 0.0295533 12.3522
69 0.0161307 0.0263024 11.8736
70 0.0156981 0.0199169 10.7573
71 0.00747921 0.00747861 8.36017
72 0.0130982 0.0758745 5.16959
73 0.0108406 0.0769789 5.66437
74 0.014332 0.0737053 5.33665
75 0.00848861 0.0783645 5.84291
76 0.0160245 0.0718342 4.9526
77 0.00630184 0.0797445 5.76149
78 0.016346 0.0693247 5.49324
79 0.0121818 0.0496428 12.7635
80 0.017077 0.0664735 5.79986
81 0.0178205 0.0635649 6.09307
82 0.0186889 0.0605583 6.33747
83 0.0197527 0.0576089 6.44122
84 0.00277816 0.0764525 7.5579
85 0.0209771 0.0547587 6.40689
86 0.00257514 0.0735033 8.69084
87 0.022302 0.0520083 6.26519
88 0.00251974 0.0706122 9.751
89 0.023665 0.0493365 6.05021
90 0.00253475 0.0676639 10.7543
91 0.0250049 0.046717 5.78911
92 0.00259723 0.0647308 11.6679
93 0.0261747 0.0441547 5.56176
94 0.0025977 0.0617201 12.5245
95 0.0272886 0.0415644 5.28892
96 0.00259818 0.0587093 13.2963
97 0.0281924 0.0389489 5.06266
98 0.00259865 0.0556986 13.9821
99 0.0288603 0.0362943 4.88883
100 0.00259912 0.0526879 14.5781
101 0.0292659 0.0336162 4.77638
102 0.00259959 0.0496772 15.0786
103 0.0294148 0.0309118 4.71485
104 0.00260006 0.0466665 15.4778
105 0.0293768 0.0282271 4.65126
106 0.00260053 0.0436558 15.7694
107 0.0289596 0.0255024 4.71605
108 0.002601 0.0406451 15.947
109 0.0282188 0.0229141 4.87888
110 0.00260147 0.0376343 16.0041
111 0.0274633 0.0203618 4.91509
112 0.00260194 0.0346236 15.9339
113 0.0262283 0.0179003 5.12924
114 0.00260241 0.0316129 15.7305
115 0.0246995 0.0156868 5.42301
116 0.00260288 0.0286022 15.3885
117 0.0234751 0.013404 5.3534
118 0.00260335 0.0255915 14.903
119 0.0212691 0.0120294 5.96355
120 0.00260382 0.0225808 14.2698
121 0.0192093 0.0103372 6.21292
122 0.0026043 0.0195701 13.4853
123 0.0168447 0.0087581 6.45754
124 0.00260477 0.0165593 12.5473
125 0.0143737 0.00760471 6.7627
126 0.00257608 0.0134369 11.4135
127 0.011816 0.00649044 6.95821
128 0.00261947 0.0103145 10.1302
129 0.00912599 0.00545555 7.07343
130 0.00280476 0.00712177 8.70628
131 0.00587462 0.00519212 7.51611
132 0.00296621 0.00404917 7.20738
133 0.0110594 0.073691 6.76278
134 0.00820773 0.075488 7.02627
135 0.00567727 0.0770558 6.98336
136 0.0132228 0.0706251 6.82985
137 0.0141198 0.0673997 7.32469
138 0.014969 0.064377 7.71114
139 0.0156946 0.0613222 8.13779
140 0.0165172 0.0581254 8.51318
141 0.0177246 0.0551209 8.55546
142 0.0192742 0.0522441 8.29386
143 0.00505845 0.0718671 9.02519
144 0.0206695 0.0494919 8.06436
145 0.0050066 0.0690096 10.0329
146 0.0219319 0.0468988 7.83483
147 0.00516679 0.0662075 10.9122
148 0.0231949 0.0443441 7.5338
149 0.0051412 0.0632029 11.81
150 0.0243187 0.0418633 7.23504
151 0.00520158 0.0602151 12.6082
152 0.0253231 0.0394635 6.91825
153 0.00520205 0.0572044 13.3419
154 0.0260425 0.0369722 6.71189
155 0.00520252 0.0541937 13.9917
156 0.0265032 0.0345956 6.56863
157 0.00520299 0.051183 14.5512
158 0.0267562 0.0321191 6.46967
159 0.00520346 0.0481722 15.0124
160 0.0267531 0.0296404 6.42915
161 0.00520393 0.0451615 15.3694
162 0.0270226 0.0271797 6.10306
163 0.0052044 0.0421508 15.6163
164 0.0259947 0.0248974 6.51937
165 0.00520487 0.0391401 15.7464
166 0.0251803 0.0223813 6.63871
167 0.00520535 0.0361294 15.7517
168 0.0248249 0.0200885 6.40739
169 0.00520582 0.0331187 15.6257
170 0.0232094 0.0181889 6.86567
171 0.00520629 0.030108 15.3627
172 0.0240994 0.0276038 7.97944
173 0.00520676 0.0270972 14.9576
174 0.00712164 0.0703733 9.12143
175 0.00520723 0.0240865 14.406
176 0.0186544 0.0135134 7.61942
177 0.0052077 0.0210758 13.704
178 0.0169086 0.011488 7.55422
179 0.00520817 0.0180651 12.8478
180 0.0144856 0.0105901 8.02868
181 0.00512145 0.0149005 11.7892
182 0.01212 0.0095215 8.27115
183 0.00508084 0.0117307 10.556
184 0.00975202 0.00837814 8.34011
185 0.00515174 0.00841175 9.10999
186 0.00524832 0.0744733 8.03326
187 0.00783951 0.0727841 8.09614
188 0.0110627 0.0679948 8.60898
189 0.012199 0.0651989 8.94913
190 0.0128247 0.0622093 9.51052
191 0.0134215 0.058993 10.089
192 0.0140661 0.0553979 10.6822
193 0.0160886 0.0524444 10.2495
194 0.0176183 0.0496296 9.98842
195 0.0188986 0.0470019 9.77142
196 0.00792591 0.0678207 9.77387
197 0.0201469 0.0444815 9.48476
198 0.00756932 0.0646899 10.8313
199 0.0213324 0.0419967 9.15761
200 0.00773887 0.0616828 11.6395
201 0.0224001 0.0396487 8.80574
202 0.00794198 0.0586471 12.3707
203 0.0235931 0.0375542 8.26202
204 0.00797161 0.0556306 13.0683
205 0.0236047 0.0352387 8.42067
206 0.00785577 0.0526623 13.713
207 0.0244285 0.033112 7.96425
208 0.00773295 0.0496636 14.2697
209 0.0240399 0.0307213 8.19414
210 0.00780734 0.0466673 14.6775
211 0.00331201 0.0797257 6.22314
212 0.00788555 0.0436961 14.9786
213 0.0212067 0.0155098 7.13802
214 0.00792912 0.0406855 15.1796
215 0.0229007 0.0242729 8.27147
216 0.00780875 0.0376352 15.296
217 0.022004 0.0214461 8.25813
218 0.00780922 0.0346244 15.254
219 0.00780969 0.0316137 15.0755
220 0.00781016 0.028603 14.7557
221 0.0178604 0.0170644 9.10247
222 0.00781063 0.0255923 14.2903
223 0.0078111 0.0225816 13.6744
224 0.0153699 0.0140307 9.05217
225 0.00778931 0.0195 12.8886
226 0.00769328 0.0163617 11.932
227 0.0124253 0.0126324 9.45643
228 0.00759056 0.0132468 10.8136
229 0.00991328 0.0114331 9.6146
230 0.00977913 0.0704967 8.29153
231 0.0205585 0.018591 8.30365
232 0.0100944 0.0145652 10.7976
233 0.00747684 0.0101532 9.55484
234 0.00976178 0.0658716 9.76226
235 0.0100823 0.0632437 10.425
236 0.010499 0.060233 11.0941
237 0.0108389 0.0570147 11.7752
238 0.0130574 0.0521462 11.9033
239 0.0147387 0.0496691 11.5815
240 0.01581 0.0469699 11.5342
241 0.0170592 0.0445338 11.2699
242 0.0183787 0.0420798 10.8894
243 0.0194356 0.039541 10.5867
244 0.0207868 0.0366061 10.0538
245 0.0107212 0.0540327 12.5052
246 0.0215053 0.0329142 9.74118
247 0.0102471 0.0511046 13.2595
248 0.0101903 0.0481764 13.7678
249 0.0105609 0.0453098 14.035
250 0.0213324 0.0294577 9.70761
251 0.0107168 0.0423349 14.2885
252 0.0107191 0.0391872 14.4792
253 0.0193998 0.0242725 10.1085
254 0.0106193 0.0361595 14.5645
255 0.0104131 0.0331195 14.5362
256 0.0104944 0.0299654 14.2721
257 0.0105433 0.0269129 13.8735
258 0.0149792 0.0172584 10.2561
259 0.010517 0.0238544 13.3388
260 0.0104109 0.020864 12.6807
261 0.010266 0.0177265 11.8283
262 0.0212121 0.0264895 9.48916
263 0.0185769 0.0207414 9.77376
264 0.0126239 0.0158177 10.5632
265 0.0129435 0.0470679 12.8809
266 0.0137005 0.0441911 12.9669
267 0.0156285 0.0422259 12.289
268 0.016271 0.0398499 12.2128
269 0.0172415 0.0372775 11.9014
270 0.0182116 0.0342562 11.4921
271 0.0185363 0.0310883 11.2568
272 0.0133215 0.040843 13.4462
273 0.0138145 0.0376153 13.4301
274 0.0130344 0.0344745 13.7311
275 0.0130857 0.0313157 13.5705
276 0.0132552 0.0282185 13.2154
277 0.0133024 0.0251155 12.7415
278 0.013159 0.0220158 12.1641
279 0.0128361 0.0190298 11.5007
280 0.0187031 0.0276563 10.9016
281 0.016079 0.0231176 11.3478
282 0.0155305 0.0352677 12.7314
283 0.0154848 0.032652 12.7131
