1 6.12323e-19 -0.01 0.303557
2 4.08216e-19 0.00533333 0.466458
3 6.12323e-19 0.01 0.41349
4 4.08216e-19 0.0186667 0.245872
5 0.0058742 0.0151525 0.188197
6 0.00956943 -0.00290274 0.18905
7 0.00555552 0.00831481 0.289142
8 0 0.00494017 0.469451
9 0 0.00454701 0.472266
10 0 0.00415385 0.474765
11 0 0.00376068 0.476928
12 0 0.00336752 0.478771
13 0 0.00297436 0.480298
14 0 0.0025812 0.481496
15 0 0.00218803 0.482351
16 0 0.00179487 0.482853
17 0 0.00140171 0.482993
18 0 0.00100855 0.482761
19 0 0.000615385 0.48215
20 0 0.000222222 0.481153
21 0 -0.00017094 0.479761
22 0 -0.000564103 0.477968
23 0 -0.000957265 0.475769
24 0 -0.00135043 0.473157
25 0 -0.00174359 0.470128
26 0 -0.00213675 0.466676
27 0 -0.00252991 0.462797
28 0 -0.00292308 0.458486
29 0 -0.00331624 0.453739
30 0 -0.0037094 0.448553
31 0 -0.00410256 0.442924
32 0 -0.00449573 0.436849
33 0 -0.00488889 0.430325
34 0 -0.00528205 0.423349
35 0 -0.00567521 0.415918
36 0 -0.00606838 0.408029
37 0 -0.00646154 0.399681
38 0 -0.0068547 0.39087
39 0 -0.00724786 0.381595
40 0 -0.00764103 0.371854
41 0 -0.00803419 0.361646
42 0 -0.00842735 0.350975
43 0 -0.00882051 0.339845
44 0 -0.00921368 0.328257
45 0 -0.00960684 0.316316
46 0.00967758 -0.00251881 0.186504
47 0.00977031 -0.00213099 0.184313
48 0.00984749 -0.00173979 0.182482
49 0.00990904 -0.00134569 0.181028
50 0.00995483 -0.00094945 0.179963
51 0.00998476 -0.000551826 0.179299
52 0.00999882 -0.000153324 0.179033
53 0.00999698 0.000245546 0.179175
54 0.00997924 0.000644025 0.179727
55 0.00994563 0.00104136 0.180686
56 0.00989621 0.00143703 0.182045
57 0.00983103 0.00183054 0.183808
58 0.00975021 0.00222114 0.185965
59 0.0096539 0.00260809 0.188505
60 0.00954225 0.00299089 0.191414
61 0.00941539 0.00336905 0.194693
62 0.00927354 0.00374185 0.198323
63 0.00911699 0.00410858 0.202288
64 0.00894595 0.00446878 0.206573
65 0.00876062 0.00482199 0.211178
66 0.00856135 0.00516752 0.216084
67 0.00834853 0.00550473 0.221277
68 0.00812244 0.00583318 0.226754
69 0.00788335 0.00615246 0.232526
70 0.00763172 0.00646195 0.238592
71 0.00736803 0.00676107 0.244977
72 0.00709263 0.00704944 0.25173
73 0.00680586 0.00732668 0.258954
74 0.00650826 0.00759227 0.26685
75 0.00620041 0.00784569 0.275916
76 0.0058827 0.00808665 0.289478
77 0.00533268 0.00799913 0.310589
78 0.00509213 0.00769713 0.328431
79 0.0048344 0.00740946 0.345036
80 0.00456032 0.00713708 0.360668
81 0.0042711 0.00688119 0.37533
82 0.00396758 0.00664251 0.389038
83 0.00365052 0.00642164 0.401772
84 0.00332128 0.00621955 0.413487
85 0.00298108 0.00603698 0.424124
86 0.00263069 0.00587432 0.433648
87 0.00227136 0.0057322 0.442013
88 0.00190468 0.00561121 0.44917
89 0.00153157 0.00551165 0.455093
90 0.00115308 0.00543381 0.459761
91 0.000770889 0.00537805 0.46316
92 0.00038625 0.00534453 0.46532
93 0.000398795 -0.00999204 0.302919
94 0.000796831 -0.0099682 0.302197
95 0.0011936 -0.00992851 0.30115
96 0.00158859 -0.00987301 0.299743
97 0.00198106 -0.00980181 0.29797
98 0.00237026 -0.00971503 0.295837
99 0.00275568 -0.00961282 0.29336
100 0.00313684 -0.00949527 0.290548
101 0.00351301 -0.00936262 0.28742
102 0.00388348 -0.00921513 0.283996
103 0.00424777 -0.00905298 0.280301
104 0.00460542 -0.00887638 0.276351
105 0.00495574 -0.00868565 0.272174
106 0.00529808 -0.00848118 0.2678
107 0.00563198 -0.00826322 0.263256
108 0.00595704 -0.00803204 0.258565
109 0.00627261 -0.00778809 0.25376
110 0.00657811 -0.00753183 0.248879
111 0.00687315 -0.00726359 0.243944
112 0.00715735 -0.00698371 0.238987
113 0.00743017 -0.00669273 0.23404
114 0.00769108 -0.00639119 0.229145
115 0.00793976 -0.00607949 0.22432
116 0.00817589 -0.00575802 0.219598
117 0.00839902 -0.00542739 0.215012
118 0.00860871 -0.00508823 0.210599
119 0.00880472 -0.00474098 0.206374
120 0.00898679 -0.00438608 0.202367
121 0.00915455 -0.0040242 0.198607
122 0.00930771 -0.00365604 0.195125
123 0.00944606 -0.00328206 0.191931
124 0 0.00961111 0.418917
125 0 0.00922222 0.424087
126 0 0.00883333 0.429116
127 0 0.00844444 0.434008
128 0 0.00805556 0.438751
129 0 0.00766667 0.443317
130 0 0.00727778 0.447699
131 0 0.00688889 0.451883
132 0 0.0065 0.45585
133 0 0.00611111 0.459619
134 0 0.00572222 0.463322
135 0.00522479 0.00852652 0.304761
136 0.00488601 0.00872507 0.318395
137 0.0045397 0.00891017 0.331908
138 0.00418641 0.00908152 0.344561
139 0.00382666 0.00923887 0.356195
140 0.00346102 0.00938197 0.366778
141 0.00309005 0.0095106 0.376303
142 0.00271432 0.00962458 0.384755
143 0.0023344 0.00972371 0.392122
144 0.00195088 0.00980786 0.398395
145 0.00156434 0.00987688 0.403559
146 0.00117539 0.00993068 0.407608
147 0.000784612 0.00996917 0.410571
148 0.000392616 0.00999229 0.412467
149 0.00567486 0.0154986 0.19176
150 0.00545538 0.0158319 0.195621
151 0.00521611 0.0161517 0.199728
152 0.00495812 0.0164566 0.204002
153 0.00468261 0.0167453 0.208363
154 0.00439003 0.0170172 0.212757
155 0.00408169 0.0172711 0.217102
156 0.00375903 0.0175058 0.221324
157 0.00342255 0.0177211 0.225372
158 0.0030738 0.0179158 0.229176
159 0.00271437 0.0180891 0.23268
160 0.00234484 0.0182407 0.235839
161 0.0019669 0.0183699 0.238602
162 0.00158229 0.0184762 0.240924
163 0.00119161 0.0185593 0.242794
164 0.000796658 0.0186189 0.244176
165 0.000399245 0.0186547 0.245115
166 0.00576625 0.00865413 0.257505
167 0.00595609 0.0090051 0.236314
168 0.00612476 0.00936717 0.221402
169 0.00627143 0.00973868 0.210142
170 0.00639549 0.0101179 0.201266
171 0.00649672 0.0105043 0.194203
172 0.00657463 0.0108961 0.188615
173 0.0066289 0.0112914 0.18429
174 0.00665944 0.0116896 0.181076
175 0.00666607 0.012089 0.178862
176 0.00664881 0.0124877 0.177559
177 0.00660767 0.012885 0.177097
178 0.00654281 0.0132791 0.177403
179 0.00645457 0.0136682 0.178405
180 0.00634308 0.0140518 0.180055
181 0.00620882 0.014428 0.182281
182 0.00605245 0.0147951 0.185011
183 0 0.0182727 0.256261
184 0 0.0178788 0.266004
185 0 0.0174848 0.275622
186 0 0.0170909 0.284963
187 0 0.016697 0.294006
188 0 0.016303 0.302767
189 0 0.0159091 0.311263
190 0 0.0155152 0.319506
191 0 0.0151212 0.327505
192 0 0.0147273 0.335269
193 0 0.0143333 0.34281
194 0 0.0139394 0.350138
195 0 0.0135455 0.357263
196 0 0.0131515 0.364194
197 0 0.0127576 0.370941
198 0 0.0123636 0.377512
199 0 0.0119697 0.383915
200 0 0.0115758 0.390159
201 0 0.0111818 0.396248
202 0 0.0107879 0.402149
203 0 0.0103939 0.407859
204 0.00475732 -0.00221422 0.396719
205 0.00402996 -0.00455773 0.387116
206 0.00513045 0.000197301 0.397441
207 0.00505699 -0.00114726 0.395296
208 0.00517498 0.00533527 0.364637
209 0.001349 -0.00955067 0.311998
210 0.00172292 -0.00947708 0.310947
211 0.000951255 -0.00957934 0.313799
212 0.00209565 -0.00939449 0.30937
213 0.000525623 -0.00961398 0.31464
214 0.00246961 -0.00929767 0.307391
215 0.00284309 -0.00920306 0.304521
216 0.00320606 -0.0090826 0.301785
217 0.00356028 -0.00894277 0.298993
218 0.000353605 -0.00899001 0.334152
219 0.00392705 -0.00878821 0.295553
220 0.000343104 -0.00861485 0.345014
221 0.0042704 -0.00863425 0.291825
222 0.000340489 -0.00823077 0.355667
223 0.00460774 -0.00845908 0.28809
224 0.000340489 -0.00783761 0.366111
225 0.00493464 -0.00826429 0.284429
226 0.000340489 -0.00744444 0.376086
227 0.0052722 -0.00805343 0.280129
228 0.000340489 -0.00705128 0.385594
229 0.00558769 -0.00784693 0.275631
230 0.000340489 -0.00665812 0.394636
231 0.00589103 -0.00762233 0.271286
232 0.000340489 -0.00626496 0.403214
233 0.00618389 -0.00737626 0.26714
234 0.000340489 -0.00587179 0.411331
235 0.00648366 -0.00711445 0.262412
236 0.000340489 -0.00547863 0.418989
237 0.00676152 -0.00686129 0.257607
238 0.000340489 -0.00508547 0.426191
239 0.00702719 -0.0065882 0.253074
240 0.000340489 -0.00469231 0.432939
241 0.00727634 -0.00630119 0.248871
242 0.000340489 -0.00429915 0.439237
243 0.00753072 -0.00599508 0.244194
244 0.000340489 -0.00390598 0.445086
245 0.00776492 -0.00570103 0.23952
246 0.000340489 -0.00351282 0.450491
247 0.00798389 -0.00538925 0.235263
248 0.000340489 -0.00311966 0.455454
249 0.0081843 -0.00506634 0.231475
250 0.000340489 -0.0027265 0.45998
251 0.00838682 -0.00472371 0.227322
252 0.000340489 -0.00233333 0.464072
253 0.00857138 -0.0043967 0.223216
254 0.000340489 -0.00194017 0.467733
255 0.00873796 -0.00405612 0.219652
256 0.000340489 -0.00154701 0.47097
257 0.00888465 -0.00370208 0.216736
258 0.000340489 -0.00115385 0.473786
259 0.00903072 -0.00333155 0.213504
260 0.000340489 -0.000760684 0.476187
261 0.00916028 -0.00297991 0.210391
262 0.000340489 -0.000367521 0.478177
263 0.00926909 -0.00261516 0.208003
264 0.000340489 2.5641e-05 0.479764
265 0.0093584 -0.00224276 0.206228
266 0.000340489 0.000418803 0.480953
267 0.00944334 -0.00185105 0.204316
268 0.000340489 0.000811966 0.48175
269 0.00951866 -0.00147484 0.202317
270 0.000340489 0.00120513 0.482164
271 0.0095716 -0.00109956 0.201063
272 0.000340489 0.00159829 0.482203
273 0.00959831 -0.000721559 0.200803
274 0.000340489 0.00199145 0.481873
275 0.00962028 -0.00032416 0.200368
276 0.000340489 0.00238462 0.481185
277 0.00963244 5.19178e-05 0.199966
278 0.000340489 0.00277778 0.480149
279 0.00962289 0.000431893 0.200317
280 0.000340489 0.00317094 0.478774
281 0.00959118 0.000811131 0.201443
282 0.000340489 0.0035641 0.477074
283 0.00954974 0.00120697 0.202586
284 0.000357276 0.00396812 0.474937
285 0.00950265 0.00157983 0.203643
286 0.0003746 0.00437181 0.472467
287 0.00943217 0.00195426 0.205525
288 0.000340489 0.00474359 0.470074
289 0.00934086 0.00232326 0.208118
290 0.000276266 0.00507832 0.467765
291 0.00923706 0.00270749 0.21079
292 0.00913144 0.00306807 0.213267
293 0.000603008 0.00504801 0.466745
294 0.00900413 0.00342481 0.216476
295 0.000990383 0.00506098 0.464182
296 0.00885369 0.00377649 0.220488
297 0.00139689 0.00514601 0.459737
298 0.00869017 0.00413936 0.224545
299 0.00179366 0.00525355 0.453947
300 0.00852805 0.00447881 0.228329
301 0.00218598 0.00536332 0.446948
302 0.00834578 0.00481074 0.232772
303 0.00256602 0.00550456 0.438637
304 0.00814202 0.00513397 0.237949
305 0.00293631 0.00566701 0.429092
306 0.00792293 0.00546625 0.243242
307 0.003299 0.00584481 0.418339
308 0.00770921 0.00577577 0.248176
309 0.0036495 0.00604836 0.406391
310 0.00747361 0.00607585 0.253896
311 0.00398966 0.00626969 0.393294
312 0.0072239 0.00636129 0.260154
313 0.00431616 0.00650893 0.379152
314 0.0069548 0.00665454 0.266792
315 0.0046252 0.00677238 0.364015
316 0.00669151 0.0069273 0.273293
317 0.00493334 0.00705484 0.34729
318 0.00641024 0.00718459 0.280856
319 0.00524521 0.00737475 0.3283
320 0.00611683 0.00741736 0.289743
321 0.00553797 0.00780164 0.306209
322 0.000310484 -0.00931593 0.324505
323 0.00587937 0.00766251 0.296137
324 0.00113213 -0.00927463 0.322046
325 0.00147427 -0.00916942 0.322629
326 0.00182935 -0.00908909 0.321624
327 0.000761005 -0.00919311 0.326651
328 0.00219416 -0.00900365 0.319899
329 0.00255834 -0.00891208 0.317577
330 0.00291338 -0.00880818 0.314976
331 0.00326091 -0.008684 0.312336
332 0.00360617 -0.00854771 0.309337
333 0.000701849 -0.00880151 0.338456
334 0.00394734 -0.00839714 0.306079
335 0.000666258 -0.00841413 0.349562
336 0.0042792 -0.00823822 0.302532
337 0.000681522 -0.00803419 0.359812
338 0.00460043 -0.00805721 0.299137
339 0.000681522 -0.00764103 0.370025
340 0.00491907 -0.00786531 0.295395
341 0.000681522 -0.00724786 0.379767
342 0.00523104 -0.00766301 0.291412
343 0.000681522 -0.0068547 0.389038
344 0.00553354 -0.00745324 0.287221
345 0.000681522 -0.00646154 0.397845
346 0.00582171 -0.00722457 0.283289
347 0.000681522 -0.00606838 0.406189
348 0.00610536 -0.00698454 0.279131
349 0.000681522 -0.00567521 0.414073
350 0.0063809 -0.00673573 0.274812
351 0.000681522 -0.00528205 0.4215
352 0.00664644 -0.00648038 0.270378
353 0.000681522 -0.00488889 0.428471
354 0.00689469 -0.00620858 0.266351
355 0.000681522 -0.00449573 0.434989
356 0.0071367 -0.00592695 0.262178
357 0.000681522 -0.00410256 0.441058
358 0.00736916 -0.0056375 0.257958
359 0.000681522 -0.0037094 0.44668
360 0.00759084 -0.00534321 0.253714
361 0.000681522 -0.00331624 0.451858
362 0.00779278 -0.00503555 0.250015
363 0.000681522 -0.00292308 0.456596
364 0.00798695 -0.00471951 0.246263
365 0.000681522 -0.00252991 0.460898
366 0.00817041 -0.00439714 0.242563
367 0.000681522 -0.00213675 0.464767
368 0.00834241 -0.0040717 0.238927
369 0.000681522 -0.00174359 0.468208
370 0.00849288 -0.00373506 0.235971
371 0.000681522 -0.00135043 0.471226
372 0.00863408 -0.00339116 0.233062
373 0.000681522 -0.000957265 0.473825
374 0.00876383 -0.003044 0.230263
375 0.000681522 -0.000564103 0.47601
376 0.00887949 -0.00269634 0.227705
377 0.000681522 -0.00017094 0.477787
378 0.0089789 -0.00234388 0.22556
379 0.000681522 0.000222222 0.479163
380 0.0090637 -0.00197379 0.223841
381 0.000681522 0.000615385 0.480143
382 0.00913614 -0.00160577 0.222277
383 0.000681522 0.00100855 0.480735
384 0.00919561 -0.00124103 0.220921
385 0.000681522 0.00140171 0.480945
386 0.00923658 -0.000874932 0.22011
387 0.000681522 0.00179487 0.480783
388 0.00926627 -0.000503895 0.219474
389 0.000681522 0.00218803 0.480257
390 0.00927773 -0.000134228 0.219369
391 0.000681522 0.0025812 0.479376
392 0.00928045 0.000233524 0.219297
393 0.000681522 0.00297436 0.478149
394 0.00925861 0.000601634 0.220117
395 0.000681522 0.00336752 0.476584
396 0.00922604 0.000971974 0.221074
397 0.000692883 0.00376619 0.474609
398 0.00918109 0.00134088 0.222257
399 0.000729149 0.00418059 0.472077
400 0.00912502 0.00170496 0.223617
401 0.000774744 0.00463992 0.468848
402 0.00904556 0.00206449 0.225815
403 0.00895455 0.0024245 0.228182
404 0.00885163 0.00278119 0.230751
405 0.0087385 0.00313179 0.23346
406 0.00860344 0.0034739 0.236946
407 0.00124596 0.00475033 0.464349
408 0.00845645 0.00381473 0.240607
409 0.00167664 0.00485986 0.458719
410 0.0082986 0.00415036 0.244424
411 0.00209359 0.00497086 0.451846
412 0.00813169 0.0044782 0.248346
413 0.00249634 0.00510419 0.443677
414 0.00794314 0.00479478 0.253054
415 0.00288736 0.00526847 0.434134
416 0.0077433 0.00510866 0.257912
417 0.00326999 0.00544671 0.423333
418 0.00753338 0.00541556 0.262929
419 0.00364477 0.00564586 0.4112
420 0.00731522 0.00571327 0.26808
421 0.00400483 0.005872 0.397861
422 0.00707803 0.00599545 0.274019
423 0.00435998 0.00610992 0.383198
424 0.00683622 0.00627564 0.27987
425 0.00469136 0.00637465 0.367664
426 0.00657564 0.00654501 0.286515
427 0.0050065 0.00665912 0.351148
428 0.00632083 0.00680477 0.2929
429 0.00532465 0.00696487 0.332901
430 0.00602519 0.00704539 0.301463
431 0.00567513 0.00730309 0.3117
432 0.00112633 -0.00889969 0.3333
433 0.00155086 -0.00878938 0.333149
434 0.00191915 -0.00869896 0.332019
435 0.00228242 -0.00861968 0.32984
436 0.00263229 -0.00852933 0.327403
437 0.00297111 -0.00841922 0.324972
438 0.00330522 -0.00829509 0.322314
439 0.0036366 -0.00815945 0.31933
440 0.00395832 -0.0080063 0.316336
441 0.00100691 -0.00823421 0.352774
442 0.00427259 -0.00784274 0.31312
443 0.00102684 -0.0078519 0.362826
444 0.0045824 -0.00766593 0.309701
445 0.00103035 -0.00745479 0.372893
446 0.00488702 -0.00747645 0.306086
447 0.00102256 -0.00705128 0.3827
448 0.00518103 -0.00727473 0.302429
449 0.00102256 -0.00665812 0.391734
450 0.00546571 -0.0070631 0.298666
451 0.00102256 -0.00626496 0.400305
452 0.00574179 -0.00684001 0.294834
453 0.00102256 -0.00587179 0.408414
454 0.00601189 -0.00660568 0.290854
455 0.00102256 -0.00547863 0.416063
456 0.00627007 -0.00636003 0.286942
457 0.00102256 -0.00508547 0.423256
458 0.00651765 -0.00610642 0.283008
459 0.00102256 -0.00469231 0.429994
460 0.0067549 -0.00584269 0.279111
461 0.00102256 -0.00429915 0.43628
462 0.00698416 -0.00556776 0.275191
463 0.00102256 -0.00390598 0.442117
464 0.00720012 -0.00528414 0.271427
465 0.00102256 -0.00351282 0.447509
466 0.00740429 -0.00499447 0.267736
467 0.00102256 -0.00311966 0.452457
468 0.00759655 -0.0046968 0.264179
469 0.00102256 -0.0027265 0.456967
470 0.00777925 -0.00439008 0.260683
471 0.00102256 -0.00233333 0.461041
472 0.00794673 -0.00407648 0.25748
473 0.00102256 -0.00194017 0.464685
474 0.00810137 -0.00375705 0.25447
475 0.00102256 -0.00154701 0.467901
476 0.00824461 -0.00343065 0.251615
477 0.00102256 -0.00115385 0.470694
478 0.00837573 -0.00309781 0.248949
479 0.00102256 -0.000760684 0.473071
480 0.00849131 -0.00276396 0.246596
481 0.00102256 -0.000367521 0.475035
482 0.00859237 -0.00242206 0.244595
483 0.00102256 2.5641e-05 0.476593
484 0.00868272 -0.00207515 0.24273
485 0.00102256 0.000418803 0.477751
486 0.00875886 -0.00172286 0.241181
487 0.00102256 0.000811966 0.478516
488 0.00882294 -0.00137016 0.239815
489 0.00102256 0.00120513 0.478894
490 0.00887237 -0.00101854 0.238776
491 0.00102256 0.00159829 0.478893
492 0.00890623 -0.000664213 0.238136
493 0.00102256 0.00199145 0.478523
494 0.0089273 -0.0003081 0.237753
495 0.00102256 0.00238462 0.47779
496 0.00893171 4.72075e-05 0.237826
497 0.00102256 0.00277778 0.476706
498 0.00892222 0.000401259 0.238222
499 0.00102938 0.00317737 0.475197
500 0.00889913 0.000756987 0.238922
501 0.00102269 0.00356216 0.473515
502 0.00886302 0.00111346 0.23989
503 0.00105379 0.00395335 0.471215
504 0.00881015 0.00146656 0.241332
505 0.00111959 0.0043424 0.468306
506 0.00874515 0.00181497 0.243018
507 0.00866592 0.00216084 0.245048
508 0.00857309 0.00250651 0.247367
509 0.00846539 0.0028463 0.250075
510 0.00834553 0.00318013 0.25304
511 0.00821246 0.00350882 0.256307
512 0.00155438 0.00447034 0.463077
513 0.00806754 0.00383473 0.259778
514 0.00198318 0.00457209 0.456662
515 0.00790771 0.00415207 0.263671
516 0.00241839 0.00468613 0.448622
517 0.00773595 0.00446214 0.267831
518 0.00282348 0.00484798 0.439335
519 0.00755162 0.00476736 0.272259
520 0.00322725 0.00503583 0.428451
521 0.00735527 0.0050673 0.276938
522 0.00362661 0.0052303 0.416202
523 0.00714563 0.00535633 0.282029
524 0.00401109 0.00545357 0.402655
525 0.00692568 0.00563551 0.287406
526 0.00438788 0.00569685 0.387698
527 0.00669059 0.00590721 0.293281
528 0.00475452 0.00595486 0.371485
529 0.00644411 0.00617102 0.299539
530 0.00506629 0.00624759 0.355481
531 0.00619544 0.00642821 0.305794
532 0.00537617 0.00654152 0.338361
533 0.00599587 0.00669109 0.309594
534 0.0056833 0.00682156 0.320623
535 0.000962819 -0.00857077 0.343695
536 0.00130624 -0.00849224 0.343616
537 0.00165397 -0.00838077 0.34371
538 0.00201056 -0.00830874 0.341877
539 0.0023666 -0.00824504 0.339081
540 0.00269328 -0.00814375 0.337023
541 0.00301455 -0.00803219 0.33468
542 0.00333651 -0.00790872 0.332
543 0.00365261 -0.00776855 0.329225
544 0.00395562 -0.00761458 0.326456
545 0.0013626 -0.00808813 0.354232
546 0.0042561 -0.00745497 0.323278
547 0.00138474 -0.00767437 0.364847
548 0.00455247 -0.00727955 0.319987
549 0.00137538 -0.00726198 0.375156
550 0.00484107 -0.00708955 0.316649
551 0.00136359 -0.0068547 0.384855
552 0.00511539 -0.00688964 0.313361
553 0.00136359 -0.00646154 0.393651
554 0.00538571 -0.00668442 0.309746
555 0.00136359 -0.00606838 0.401984
556 0.00565035 -0.00646426 0.306079
557 0.00136359 -0.00567521 0.409857
558 0.00590511 -0.00623112 0.302456
559 0.00136359 -0.00528205 0.41727
560 0.00614431 -0.00599001 0.298992
561 0.00136359 -0.00488889 0.424227
562 0.00637853 -0.00574499 0.295264
563 0.00136359 -0.00449573 0.43073
564 0.00660478 -0.00548559 0.291591
565 0.00136359 -0.00410256 0.436781
566 0.0068193 -0.0052148 0.288063
567 0.00136359 -0.0037094 0.442384
568 0.00701728 -0.00493872 0.284791
569 0.00136359 -0.00331624 0.447542
570 0.00720957 -0.00465971 0.281325
571 0.00136359 -0.00292308 0.452258
572 0.00739152 -0.00436799 0.278019
573 0.00136359 -0.00252991 0.456535
574 0.00756001 -0.00406681 0.274962
575 0.00136359 -0.00213675 0.460378
576 0.00771152 -0.00376296 0.272242
577 0.00136359 -0.00174359 0.46379
578 0.00785656 -0.00345594 0.269418
579 0.00136359 -0.00135043 0.466776
580 0.00799151 -0.00313884 0.266738
581 0.00136359 -0.000957265 0.469341
582 0.0081088 -0.00281463 0.264526
583 0.00136359 -0.000564103 0.471489
584 0.00820862 -0.00248958 0.262734
585 0.00136359 -0.00017094 0.473226
586 0.00830285 -0.00216214 0.260829
587 0.00136359 0.000222222 0.474558
588 0.00838607 -0.00182534 0.259119
589 0.00136359 0.000615385 0.475492
590 0.00845237 -0.00148377 0.257859
591 0.00136359 0.00100855 0.476033
592 0.00850279 -0.00114717 0.256963
593 0.00136359 0.00140171 0.476189
594 0.00854596 -0.000808845 0.256052
595 0.00136359 0.00179487 0.475968
596 0.00857541 -0.000466871 0.255455
597 0.00136359 0.00218803 0.475378
598 0.00858458 -0.000122224 0.255498
599 0.00136359 0.0025812 0.47443
600 0.00857867 0.000216929 0.255921
601 0.00137631 0.00299254 0.472937
602 0.00856632 0.000556473 0.2563
603 0.00138309 0.00339343 0.471171
604 0.00853867 0.000899639 0.257071
605 0.00133371 0.00374341 0.469873
606 0.00849485 0.0012424 0.258278
607 0.00145775 0.00407773 0.466713
608 0.00843543 0.0015768 0.259923
609 0.00836931 0.00190954 0.261543
610 0.00828753 0.00224364 0.263563
611 0.0081896 0.00257471 0.266021
612 0.00807781 0.00289534 0.268864
613 0.00796015 0.00321345 0.271645
614 0.00782621 0.00353043 0.274851
615 0.00186864 0.00415627 0.461185
616 0.00767713 0.00384178 0.278462
617 0.00231047 0.00427009 0.453636
618 0.00751594 0.00414011 0.282427
619 0.00278443 0.00437568 0.444012
620 0.00734908 0.00443588 0.286332
621 0.00317941 0.00462884 0.433261
622 0.0071674 0.0047277 0.290622
623 0.0036029 0.00480598 0.421055
624 0.00697001 0.00501171 0.295396
625 0.0040038 0.00501699 0.407682
626 0.00676106 0.00528152 0.300579
627 0.00438908 0.00527295 0.392858
628 0.00654315 0.00554806 0.305915
629 0.0047861 0.0055213 0.376288
630 0.00630645 0.00580993 0.311882
631 0.00519519 0.00580731 0.357274
632 0.00604545 0.00607133 0.318654
633 0.00541072 0.00617778 0.343051
634 0.00576701 0.00637094 0.325252
635 0.00176251 -0.00792999 0.35478
636 0.0021269 -0.00797302 0.349457
637 0.00243168 -0.00786668 0.348223
638 0.00273284 -0.00775402 0.346612
639 0.00304722 -0.00765502 0.343855
640 0.00335988 -0.00753014 0.34118
641 0.00364905 -0.00737799 0.339058
642 0.00393917 -0.00722818 0.336293
643 0.00422794 -0.00707889 0.332983
644 0.00173218 -0.00746996 0.366802
645 0.00451599 -0.00689866 0.329855
646 0.00171666 -0.00706116 0.376847
647 0.004775 -0.0067053 0.327246
648 0.00170462 -0.00665812 0.386221
649 0.00503592 -0.00651123 0.324077
650 0.00170462 -0.00626496 0.394778
651 0.0052978 -0.00631812 0.320333
652 0.00170462 -0.00587179 0.402874
653 0.00555374 -0.00609433 0.316893
654 0.00170462 -0.00547863 0.410509
655 0.0057796 -0.00586144 0.314107
656 0.00170462 -0.00508547 0.417683
657 0.00600605 -0.00562917 0.310806
658 0.00170462 -0.00469231 0.424402
659 0.00623335 -0.0053972 0.30699
660 0.00170462 -0.00429915 0.430666
661 0.00645066 -0.00513549 0.303587
662 0.00170462 -0.00390598 0.43648
663 0.00663688 -0.00486968 0.300965
664 0.00170462 -0.00351282 0.441845
665 0.00682366 -0.00460417 0.297876
666 0.00170462 -0.00311966 0.446766
667 0.00701091 -0.00433948 0.294319
668 0.00170462 -0.0027265 0.451245
669 0.0071838 -0.00404667 0.291311
670 0.00170462 -0.00233333 0.455286
671 0.00732516 -0.00375467 0.289199
672 0.00170462 -0.00194017 0.458892
673 0.00746722 -0.00346255 0.286656
674 0.00170462 -0.00154701 0.462069
675 0.00761033 -0.0031709 0.283662
676 0.00170462 -0.00115385 0.46482
677 0.00773495 -0.00285857 0.281304
678 0.00170462 -0.000760684 0.46715
679 0.0078265 -0.00254453 0.280075
680 0.00170462 -0.000367521 0.469063
681 0.00791603 -0.00222896 0.278576
682 0.00170462 2.5641e-05 0.470567
683 0.00801272 -0.001916 0.276354
684 0.00170462 0.000418803 0.471665
685 0.0080895 -0.00158698 0.274786
686 0.00170462 0.000811966 0.472366
687 0.00813233 -0.00126161 0.274442
688 0.00170462 0.00120513 0.472674
689 0.00817886 -0.000936741 0.273564
690 0.00170462 0.00159829 0.472599
691 0.00822218 -0.000615139 0.272475
692 0.00170462 0.00199145 0.472147
693 0.00824082 -0.00027801 0.272259
694 0.00170462 0.00238462 0.471327
695 0.00823349 4.60418e-05 0.272936
696 0.00171354 0.00279682 0.469978
697 0.00822365 0.000371006 0.273397
698 0.00173299 0.00322814 0.468033
699 0.008216 0.00069597 0.273412
700 0.00172484 0.00370042 0.465823
701 0.00818034 0.00103369 0.274419
702 0.00812171 0.00135253 0.276245
703 0.00806023 0.00167158 0.27787
704 0.00800136 0.00199108 0.279033
705 0.0079125 0.00231904 0.28124
706 0.0078025 0.00262327 0.284266
707 0.00769298 0.00292934 0.28692
708 0.0075839 0.00323571 0.289215
709 0.00744404 0.00354559 0.292569
710 0.00217272 0.00386587 0.458531
711 0.00728667 0.00382938 0.296659
712 0.00261857 0.00394757 0.450277
713 0.00713017 0.00411354 0.300383
714 0.00320767 0.00427788 0.435443
715 0.0069742 0.0043983 0.303761
716 0.00355566 0.0043988 0.425943
717 0.00679116 0.00468006 0.308076
718 0.00400245 0.00453624 0.412536
719 0.00658657 0.00493609 0.313388
720 0.00438734 0.00483093 0.397883
721 0.00638086 0.00519498 0.318427
722 0.00477692 0.00509236 0.381998
723 0.00617343 0.0054537 0.323279
724 0.0043008 0.00275797 0.417069
725 0.00592385 0.00570111 0.329849
726 0.00565028 0.00592785 0.337481
727 0.00554531 0.00553668 0.347644
728 0.00208961 -0.00762137 0.359018
729 0.00243168 -0.00747807 0.358101
730 0.00277394 -0.00735831 0.355848
731 0.00309273 -0.00732254 0.351261
732 0.00334517 -0.0071407 0.350932
733 0.00363143 -0.00698622 0.348752
734 0.00392056 -0.00684205 0.345716
735 0.0042193 -0.00674419 0.340832
736 0.00208493 -0.00725275 0.368188
737 0.0044363 -0.00651911 0.34038
738 0.00205249 -0.00686851 0.377623
739 0.00469302 -0.00632084 0.337813
740 0.00202922 -0.00647471 0.386701
741 0.00495683 -0.00613294 0.334312
742 0.00204294 -0.00608288 0.394845
743 0.00523558 -0.00598906 0.328932
744 0.00204603 -0.00568226 0.402826
745 0.00541491 -0.00573218 0.328445
746 0.00204566 -0.00528205 0.410362
747 0.00563759 -0.00549585 0.32573
748 0.00204566 -0.00488889 0.417295
749 0.00586739 -0.00526834 0.322138
750 0.00204566 -0.00449573 0.423773
751 0.00612093 -0.00508286 0.316486
752 0.00204566 -0.00410256 0.429796
753 0.00625619 -0.00479989 0.316345
754 0.00204566 -0.0037094 0.435369
755 0.00643922 -0.00453184 0.313797
756 0.00204566 -0.00331624 0.440493
757 0.00662919 -0.00427017 0.310451
758 0.00204566 -0.00292308 0.445173
759 0.00685059 -0.00404733 0.304864
760 0.00204566 -0.00252991 0.449411
761 0.00693834 -0.00374637 0.305347
762 0.00204566 -0.00213675 0.453211
763 0.00707561 -0.00345207 0.303351
764 0.00204566 -0.00174359 0.456577
765 0.00722235 -0.003164 0.300488
766 0.00204566 -0.00135043 0.459512
767 0.00740438 -0.00290785 0.295365
768 0.00204566 -0.000957265 0.462022
769 0.00744432 -0.00259597 0.29663
770 0.00204566 -0.000564103 0.464111
771 0.00752978 -0.00228246 0.295566
772 0.00204566 -0.00017094 0.465783
773 0.00761557 -0.00196363 0.294152
774 0.00204566 0.000222222 0.467045
775 0.00777015 -0.0016884 0.288963
776 0.00204566 0.000615385 0.467902
777 0.00776357 -0.00137244 0.291056
778 0.00204566 0.00100855 0.468361
779 0.00780212 -0.00105081 0.290773
780 0.00204566 0.00140171 0.468428
781 0.00785117 -0.000728405 0.289657
782 0.00204566 0.00179487 0.468111
783 0.0079445 -0.000430857 0.286055
784 0.00204566 0.00218803 0.467418
785 0.0078845 -0.000124945 0.289365
786 0.00204566 0.0025812 0.466358
787 0.00787226 0.000199638 0.290134
788 0.00206159 0.00299817 0.464611
789 0.00786841 0.000523392 0.29017
790 0.00209716 0.003428 0.462116
791 0.00791318 0.000834477 0.287602
792 0.00780427 0.00112838 0.292015
793 0.00773916 0.00144699 0.293977
794 0.0076855 0.00176568 0.295072
795 0.00767969 0.00207973 0.29364
796 0.00752616 0.00235296 0.299014
797 0.00741222 0.00265706 0.302033
798 0.00730772 0.00296317 0.304277
799 0.00725276 0.00327274 0.303937
800 0.00705719 0.00351786 0.310248
801 0.00249006 0.00356723 0.454947
802 0.00689579 0.00380002 0.314344
803 0.00674466 0.0040855 0.317644
804 0.00346118 0.00399786 0.431533
805 0.00663739 0.00437943 0.318655
806 0.00384994 0.00409994 0.420603
807 0.00640924 0.00459353 0.325617
808 0.00445188 0.00442685 0.399972
809 0.00620656 0.00484629 0.330705
810 0.00480947 0.00466987 0.38573
811 0.00600337 0.00510368 0.335492
812 0.00290911 0.00360539 0.446695
813 0.00419832 0.0041701 0.410066
814 0.00515809 0.00493355 0.370402
815 0.00584243 0.0053727 0.338143
816 0.00558482 0.00510177 0.352205
817 0.00246511 -0.00703909 0.368254
818 0.00295058 -0.00695615 0.362521
819 0.00331235 -0.00674502 0.360709
820 0.00364822 -0.00658016 0.357565
821 0.00401237 -0.00640969 0.353168
822 0.0043322 -0.00614843 0.350858
823 0.00231981 -0.00666843 0.378698
824 0.0046336 -0.00592226 0.347566
825 0.00237753 -0.00631158 0.385708
826 0.00497612 -0.00569219 0.34249
827 0.0023819 -0.00591224 0.393907
828 0.00238605 -0.00549936 0.40188
829 0.00525456 -0.00538544 0.339866
830 0.00238669 -0.00508547 0.409411
831 0.00551829 -0.00511507 0.336367
832 0.00238669 -0.00469231 0.416102
833 0.00582064 -0.00483301 0.331138
834 0.00238669 -0.00429915 0.422335
835 0.00238669 -0.00390598 0.428115
836 0.00604379 -0.00448278 0.328903
837 0.00238669 -0.00351282 0.433443
838 0.00626226 -0.00417373 0.3256
839 0.00238669 -0.00311966 0.438323
840 0.0065158 -0.00384907 0.320612
841 0.00238669 -0.0027265 0.442757
842 0.00238669 -0.00233333 0.44675
843 0.00667817 -0.00346838 0.319092
844 0.00238669 -0.00194017 0.450304
845 0.00684288 -0.00312779 0.316453
846 0.00238669 -0.00154701 0.453424
847 0.00704126 -0.00276507 0.312137
848 0.00238669 -0.00115385 0.456113
849 0.00238669 -0.000760684 0.458375
850 0.00714118 -0.00236307 0.311578
851 0.00238669 -0.000367521 0.460216
852 0.00724855 -0.002 0.30987
853 0.00238669 2.5641e-05 0.46164
854 0.00739145 -0.00160617 0.306342
855 0.00238669 0.000418803 0.462653
856 0.00238669 0.000811966 0.46326
857 0.00742874 -0.00119593 0.306855
858 0.00238669 0.00120513 0.463467
859 0.0074803 -0.0008174 0.306113
860 0.00238669 0.00159829 0.463283
861 0.00755491 -0.000409407 0.303956
862 0.00238669 0.00199145 0.462714
863 0.00238669 0.00238462 0.461768
864 0.0075255 3.08738e-06 0.305853
865 0.00240129 0.00277893 0.460206
866 0.00751622 0.00038204 0.306355
867 0.00241193 0.00316592 0.458368
868 0.00752623 0.000794014 0.30551
869 0.0074298 0.00119667 0.30888
870 0.00735962 0.00156846 0.310708
871 0.00730265 0.00197795 0.311336
872 0.0071445 0.00236155 0.316006
873 0.00701692 0.00271997 0.319047
874 0.00689787 0.00311322 0.321009
875 0.00667974 0.00346628 0.327022
876 0.00649292 0.00379865 0.33148
877 0.00629963 0.00415659 0.335538
878 0.00374988 0.00369357 0.426409
879 0.00603789 0.00447784 0.342314
880 0.00488069 0.00424211 0.387793
881 0.00582908 0.00477913 0.346844
882 0.00274884 0.00330091 0.451579
883 0.00332248 0.00362468 0.437479
884 0.00415421 0.00378959 0.414552
885 0.00453622 0.00398818 0.401394
886 0.00521043 0.00449281 0.373645
887 0.00548454 0.00473684 0.36066
888 0.00266276 -0.00663262 0.374525
889 0.0030039 -0.00646877 0.372492
890 0.00333728 -0.006327 0.369351
891 0.00367725 -0.00617772 0.365522
892 0.00397348 -0.00596504 0.363259
893 0.00426165 -0.00574048 0.360759
894 0.00456728 -0.00551968 0.357079
895 0.00270573 -0.00617285 0.383749
896 0.00486329 -0.0052708 0.353463
897 0.00272149 -0.005732 0.392386
898 0.00272721 -0.00531084 0.400236
899 0.00513079 -0.00500046 0.350348
900 0.00273265 -0.00490064 0.407376
901 0.00539475 -0.0047261 0.346766
902 0.00272772 -0.00449573 0.4141
903 0.00563734 -0.00443336 0.343506
904 0.00272772 -0.00410256 0.420086
905 0.00272772 -0.0037094 0.425618
906 0.00585937 -0.00412381 0.340561
907 0.00272772 -0.00331624 0.430699
908 0.00607787 -0.00381239 0.337173
909 0.00272772 -0.00292308 0.43533
910 0.0062719 -0.00348367 0.334289
911 0.00272772 -0.00252991 0.439515
912 0.00272772 -0.00213675 0.443258
913 0.00643735 -0.003141 0.332066
914 0.00272772 -0.00174359 0.446561
915 0.00660238 -0.00279752 0.329332
916 0.00272772 -0.00135043 0.449429
917 0.00674156 -0.00244285 0.327167
918 0.00272772 -0.000957265 0.451866
919 0.00272772 -0.000564103 0.453874
920 0.00685442 -0.00207785 0.325619
921 0.00272772 -0.00017094 0.45546
922 0.00696613 -0.0017096 0.323641
923 0.00272772 0.000222222 0.456628
924 0.00704881 -0.00133398 0.322389
925 0.00272772 0.000615385 0.457382
926 0.00272772 0.00100855 0.45773
927 0.00710245 -0.00095827 0.321865
928 0.00272772 0.00140171 0.457676
929 0.00715128 -0.000581037 0.321085
930 0.00272772 0.00179487 0.457229
931 0.00717454 -0.000199189 0.320929
932 0.00272772 0.00218803 0.456396
933 0.00274575 0.00257958 0.454856
934 0.00716546 0.000182069 0.321694
935 0.00276951 0.00296382 0.452855
936 0.00715259 0.000562205 0.322174
937 0.00711253 0.00094307 0.323365
938 0.00704342 0.00131648 0.325367
939 0.00697165 0.00169083 0.327046
940 0.00687146 0.00205942 0.329514
941 0.00674488 0.00241952 0.332699
942 0.00661553 0.00277873 0.335583
943 0.00645889 0.00312723 0.339249
944 0.00627768 0.00346091 0.343622
945 0.00608406 0.00378866 0.348163
946 0.00583646 0.00411096 0.354485
947 0.00562769 0.00442895 0.358919
948 0.00315372 0.00320942 0.443799
949 0.00406616 0.00339458 0.41994
950 0.00491462 0.00382497 0.390583
951 0.00534405 0.00406986 0.373357
952 0.00452316 0.00352049 0.405659
953 0.0030573 -0.00597905 0.38181
954 0.00363232 -0.00578043 0.374469
955 0.00388374 -0.00555405 0.373307
956 0.00418037 -0.00534005 0.370256
957 0.00447417 -0.00512284 0.366673
958 0.00474995 -0.00488238 0.363319
959 0.00305467 -0.00552144 0.390769
960 0.00308514 -0.00512811 0.397395
961 0.00499957 -0.00462125 0.360432
962 0.00307526 -0.00470942 0.404695
963 0.00523469 -0.0043466 0.357604
964 0.00306876 -0.00429915 0.411286
965 0.00545992 -0.00406454 0.354622
966 0.00306876 -0.00390598 0.417023
967 0.00306876 -0.00351282 0.422304
968 0.00567339 -0.00377209 0.351611
969 0.00306876 -0.00311966 0.427133
970 0.00586492 -0.00346611 0.34897
971 0.00306876 -0.0027265 0.431511
972 0.00603587 -0.00314742 0.346681
973 0.00306876 -0.00233333 0.435443
974 0.00306876 -0.00194017 0.438931
975 0.00619035 -0.00282154 0.344567
976 0.00306876 -0.00154701 0.441978
977 0.00633273 -0.00248769 0.342485
978 0.00306876 -0.00115385 0.444589
979 0.00645929 -0.00214818 0.340567
980 0.00306876 -0.000760684 0.446766
981 0.00306876 -0.000367521 0.448515
982 0.00656697 -0.00180201 0.338961
983 0.00306876 2.5641e-05 0.449838
984 0.00665762 -0.00144875 0.337609
985 0.00306876 0.000418803 0.450741
986 0.00672481 -0.00109162 0.33676
987 0.00306876 0.000811966 0.451228
988 0.00306876 0.00120513 0.451306
989 0.00677452 -0.000732465 0.336189
990 0.00306876 0.00159829 0.45098
991 0.00680951 -0.000370993 0.335795
992 0.00306876 0.00199145 0.450258
993 0.00681562 -8.48932e-06 0.336162
994 0.00308174 0.002377 0.448905
995 0.00311436 0.00277474 0.446719
996 0.00680404 0.00035264 0.336844
997 0.0067739 0.000712816 0.337884
998 0.00672567 0.00107164 0.339268
999 0.00665818 0.00142668 0.341053
1000 0.00657298 0.00177946 0.343177
1001 0.00646967 0.00212634 0.345669
1002 0.00634859 0.00246894 0.348515
1003 0.00621038 0.00280505 0.351704
1004 0.00605418 0.00312969 0.355311
1005 0.00588906 0.00344383 0.35899
1006 0.00565824 0.00375581 0.364849
1007 0.00362604 0.00330079 0.432175
1008 0.00340456 -0.00598973 0.374973
1009 0.00350878 0.00292722 0.437087
1010 0.00435457 0.00310608 0.413526
1011 0.0052722 0.00362039 0.380089
1012 0.00494597 0.00336906 0.39327
1013 0.00346174 -0.00538459 0.385558
1014 0.00379615 -0.00515254 0.382584
1015 0.00409985 -0.00494673 0.379093
1016 0.00438221 -0.00474704 0.375375
1017 0.00463924 -0.00451034 0.372332
1018 0.00342874 -0.00494114 0.39405
1019 0.00485406 -0.00424885 0.370308
1020 0.00341018 -0.00452114 0.401307
1021 0.00506682 -0.0039852 0.367871
1022 0.00341643 -0.00411529 0.407338
1023 0.00528051 -0.003717 0.36496
1024 0.00342779 -0.0037192 0.412644
1025 0.00342688 -0.0033246 0.417717
1026 0.00547876 -0.00344315 0.362116
1027 0.00340979 -0.00292308 0.422742
1028 0.0056471 -0.00314031 0.360113
1029 0.00340979 -0.00252991 0.426864
1030 0.0057868 -0.00283225 0.358692
1031 0.00340979 -0.00213675 0.430537
1032 0.00340979 -0.00174359 0.433765
1033 0.00593233 -0.00251813 0.356689
1034 0.00340979 -0.00135043 0.436552
1035 0.00606595 -0.00219788 0.354716
1036 0.00340979 -0.000957265 0.4389
1037 0.00618112 -0.00187436 0.353007
1038 0.00340979 -0.000564103 0.440812
1039 0.00340979 -0.00017094 0.442293
1040 0.00627862 -0.00154201 0.351592
1041 0.00340979 0.000222222 0.443346
1042 0.00634932 -0.00120127 0.350819
1043 0.00340979 0.000615385 0.443976
1044 0.00640388 -0.000862441 0.350258
1045 0.00340979 0.00100855 0.444187
1046 0.00340979 0.00140171 0.443984
1047 0.0064541 -0.000525898 0.349475
1048 0.00340979 0.00179487 0.443374
1049 0.00647306 -0.000178162 0.349552
1050 0.00341281 0.00217461 0.442334
1051 0.00646076 0.000160172 0.350468
1052 0.00343122 0.00254691 0.440599
1053 0.00644187 0.000502873 0.35129
1054 0.00640253 0.000844843 0.352552
1055 0.00634715 0.00118309 0.354093
1056 0.0062769 0.00151952 0.35587
1057 0.00618647 0.00185134 0.358099
1058 0.00608066 0.00217649 0.360608
1059 0.00595819 0.00250214 0.363414
1060 0.00581289 0.00281879 0.366799
1061 0.00566163 0.00312282 0.370163
1062 0.00555062 0.0034288 0.371726
1063 0.00395839 0.00296544 0.425506
1064 0.00468332 0.00314543 0.403295
1065 0.00376145 0.00267451 0.432024
1066 0.00527676 0.00319995 0.383325
1067 0.00374619 -0.00473883 0.390716
1068 0.00432229 -0.00442073 0.382031
1069 0.00448112 -0.00415288 0.381938
1070 0.00467109 -0.0038842 0.38061
1071 0.00374102 -0.00433229 0.397238
1072 0.00490076 -0.00364253 0.37731
1073 0.00378145 -0.00392377 0.402289
1074 0.00509365 -0.00338298 0.374838
1075 0.00380015 -0.00353622 0.407042
1076 0.00377677 -0.00313597 0.412439
1077 0.00531047 -0.00315121 0.37085
1078 0.00376361 -0.00274127 0.41708
1079 0.0053808 -0.00283487 0.372069
1080 0.00375545 -0.00234216 0.421198
1081 0.00553162 -0.00253404 0.370138
1082 0.00375082 -0.00194017 0.424796
1083 0.00375082 -0.00154701 0.42776
1084 0.00568153 -0.00222795 0.36784
1085 0.00375082 -0.00115385 0.43028
1086 0.00579321 -0.00192515 0.366421
1087 0.00375082 -0.000760684 0.43236
1088 0.00590659 -0.00162356 0.364556
1089 0.00375082 -0.000367521 0.434002
1090 0.00375082 2.5641e-05 0.435208
1091 0.0059939 -0.00129789 0.363381
1092 0.00375082 0.000418803 0.435984
1093 0.00603538 -0.000970566 0.363505
1094 0.00375082 0.000811966 0.436332
1095 0.00607768 -0.000646564 0.363231
1096 0.00375082 0.00120513 0.436257
1097 0.00375082 0.00159829 0.435762
1098 0.00617506 -0.000334924 0.360526
1099 0.00374797 0.00197977 0.434959
1100 0.00611139 -1.65538e-05 0.36353
1101 0.00375511 0.00234878 0.433567
1102 0.00611055 0.000307597 0.363879
1103 0.00608583 0.000638153 0.36479
1104 0.00603059 0.000956692 0.366529
1105 0.00597879 0.00127827 0.367825
1106 0.00590368 0.00159749 0.369684
1107 0.00580259 0.00190253 0.372241
1108 0.00570559 0.00221148 0.374338
1109 0.00557786 0.00253104 0.377193
1110 0.00541502 0.00284485 0.38101
1111 0.00406343 0.00254914 0.424731
1112 0.00463442 0.00278978 0.407035
1113 0.00500032 0.00289807 0.394792
1114 0.00409312 -0.00416315 0.391602
1115 0.00421633 -0.00376434 0.394195
1116 0.00452281 -0.00352066 0.389382
1117 0.00478086 -0.00332623 0.38462
1118 0.00493344 -0.00294763 0.384609
1119 0.00414764 -0.0033395 0.401278
1120 0.00412251 -0.00295063 0.406373
1121 0.00410878 -0.00256223 0.410746
1122 0.00510229 -0.00249575 0.384076
1123 0.00409261 -0.00215515 0.414895
1124 0.00533972 -0.00225203 0.378814
1125 0.00409186 -0.00174359 0.418217
1126 0.00409186 -0.00135043 0.420913
1127 0.00539909 -0.00195619 0.379328
1128 0.00409186 -0.000957265 0.423162
1129 0.00552008 -0.00165771 0.377509
1130 0.00409821 -0.000561094 0.424822
1131 0.00568606 -0.00139572 0.373549
1132 0.00411106 -0.000170695 0.425846
1133 0.00410508 0.000218168 0.426912
1134 0.00568527 -0.00108815 0.375253
1135 0.00409186 0.000615385 0.427749
1136 0.00570908 -0.000731922 0.376001
1137 0.00409922 0.00101422 0.427614
1138 0.00577027 -0.000312005 0.375238
1139 0.00409737 0.0014075 0.427284
1140 0.00407818 0.00179253 0.427007
1141 0.00408326 0.00217623 0.42571
1142 0.00575629 0.000125061 0.376513
1143 0.00581636 0.00044379 0.37459
1144 0.00570588 0.000739142 0.378468
1145 0.00566045 0.00105741 0.37972
1146 0.00566093 0.00136627 0.379065
1147 0.0055146 0.00163616 0.383446
1148 0.0054208 0.00194253 0.385581
1149 0.00538917 0.00225636 0.385252
1150 0.00519648 0.00250207 0.390573
1151 0.00446317 0.0023628 0.414339
1152 0.00483953 0.00244189 0.402525
1153 0.00449713 -0.00313538 0.394699
1154 0.00474674 -0.00257107 0.393739
1155 0.00447632 -0.0028029 0.398884
1156 0.00442929 -0.0023805 0.404262
1157 0.00505539 -0.00206352 0.389222
1158 0.00442552 -0.00197508 0.407849
1159 0.00442659 -0.00156407 0.410858
1160 0.00442181 -0.0011607 0.413485
1161 0.00441769 -0.000761245 0.415601
1162 0.0053892 -0.00130265 0.383973
1163 0.0044668 -0.000363467 0.41582
1164 0.00448775 1.78918e-05 0.416279
1165 0.00443006 0.000420282 0.418516
1166 0.00443929 0.000821078 0.418467
1167 0.0053616 -0.000461973 0.388598
1168 0.00445904 0.00121923 0.417655
1169 0.00539177 -4.1437e-05 0.388676
1170 0.00443882 0.00163381 0.417481
1171 0.00437009 0.0019829 0.418423
1172 0.00544746 0.000415708 0.387372
1173 0.00525908 0.00128829 0.393012
1174 0.00506618 0.00211849 0.396726
1175 0.00512787 -0.00161414 0.390348
1176 0.00537114 -0.000895767 0.386623
1177 0.0053105 0.00086083 0.391863
1178 0.00511172 0.00172038 0.396712
1179 0.00472742 0.00197238 0.408
1180 0.00475614 -0.00179893 0.400071
1181 0.0047577 -0.00137555 0.402876
1182 0.00474003 -0.000952122 0.405701
1183 0.00471967 -0.000585138 0.407853
1184 0.00492756 -0.000214573 0.403005
1185 0.00478744 0.000253953 0.408058
1186 0.00471058 0.000613167 0.410604
1187 0.00485455 0.000989288 0.406277
1188 0.00480759 0.00147039 0.406971
1189 0.00504558 -0.000669041 0.397854
1190 0.0050425 0.000592264 0.400535
1191 0.00331879 -0.00569183 0.382545
1192 0.003043 0.00396816 0.441485
1193 0.00199195 0.0080326 0.421225
1194 0.00227309 0.00775708 0.419448
1195 0.00166591 0.00787264 0.428351
1196 0.00167056 0.00743113 0.433525
1197 0.00361513 0.00682293 0.397674
1198 0.00329159 0.00661342 0.40957
1199 0.0029756 0.00644203 0.419705
1200 0.00389751 0.00702719 0.386029
1201 0.00266255 0.00627651 0.428714
1202 0.00418158 0.00728769 0.37248
1203 0.00231594 0.00613916 0.43712
1204 0.00445215 0.00755403 0.35813
1205 0.00197304 0.00600966 0.444315
1206 0.00471603 0.00777644 0.343475
1207 0.00161746 0.00591921 0.450284
1208 0.00489418 0.00819669 0.327959
1209 0.00125919 0.0058408 0.455134
1210 0.000898416 0.00576801 0.458931
1211 0.000489496 0.00570864 0.461838
1212 0.00453482 0.00845662 0.339624
1213 0.00420943 0.00868735 0.349692
1214 0.00387022 0.00884383 0.360421
1215 0.000329585 0.0063185 0.456786
1216 0.00351624 0.00898994 0.370595
1217 0.000346552 0.00668785 0.45305
1218 0.00316289 0.0091205 0.379696
1219 0.000336788 0.00708333 0.448942
1220 0.00280158 0.00923753 0.387956
1221 0.000336788 0.00747222 0.444647
1222 0.00243607 0.00934093 0.395233
1223 0.000336788 0.00786111 0.440163
1224 0.00206978 0.00942863 0.401485
1225 0.000336788 0.00825 0.435499
1226 0.00169422 0.00950377 0.406812
1227 0.000317466 0.0086416 0.430708
1228 0.00133012 0.00954519 0.411182
1229 0.000331595 0.00904037 0.425555
1230 0.000968379 0.00958269 0.414416
1231 0.000335617 0.00946949 0.41986
1232 0.000291719 0.00600324 0.459889
1233 0.00063933 0.00964528 0.415976
1234 0.00326078 0.00701164 0.40544
1235 0.00355502 0.00719752 0.394514
1236 0.00295849 0.00684149 0.415414
1237 0.00265412 0.00667511 0.424439
1238 0.00383207 0.00742164 0.382625
1239 0.0023418 0.00652727 0.432494
1240 0.00410008 0.00768395 0.369466
1241 0.00202429 0.00639524 0.439556
1242 0.00441382 0.00800429 0.352423
1243 0.00169945 0.00628761 0.445567
1244 0.00134882 0.00622989 0.450476
1245 0.00100086 0.00617338 0.454362
1246 0.000643203 0.00608098 0.457677
1247 0.00419868 0.00832906 0.355707
1248 0.00389507 0.00844615 0.365436
1249 0.00356104 0.00858022 0.375011
1250 0.000690688 0.00646009 0.453757
1251 0.00322247 0.00872161 0.383547
1252 0.0007052 0.00686041 0.449572
1253 0.0028779 0.00885693 0.391237
1254 0.000675592 0.00727778 0.445246
1255 0.00252729 0.00895294 0.398492
1256 0.000675592 0.00766667 0.440839
1257 0.00217346 0.00905285 0.404611
1258 0.000675592 0.00805556 0.436246
1259 0.00182282 0.00911774 0.410004
1260 0.000661621 0.00846434 0.431317
1261 0.00147583 0.0091859 0.414205
1262 0.000603361 0.00882407 0.427083
1263 0.00111128 0.00919725 0.418279
1264 0.000730695 0.00919512 0.421502
1265 0.0032176 0.00739707 0.401667
1266 0.00293116 0.00722994 0.41133
1267 0.00351227 0.00753753 0.391175
1268 0.00263536 0.00707649 0.420154
1269 0.00233511 0.00692951 0.428116
1270 0.00371339 0.00779506 0.381265
1271 0.00205238 0.00677826 0.434958
1272 0.00397671 0.0080505 0.36843
1273 0.00175303 0.00666705 0.440859
1274 0.0014477 0.00656044 0.445982
1275 0.00108754 0.00660233 0.449371
1276 0.00360397 0.00817351 0.379441
1277 0.00326526 0.00830957 0.388027
1278 0.0029424 0.00846185 0.394936
1279 0.00104026 0.00705288 0.445011
1280 0.00260127 0.00856961 0.401946
1281 0.0010144 0.00747222 0.440569
1282 0.00227435 0.00865588 0.407901
1283 0.00101006 0.00788087 0.435847
1284 0.00192469 0.00873319 0.413401
1285 0.000997396 0.00830419 0.430819
1286 0.00159172 0.00880159 0.417685
1287 0.000958264 0.00877821 0.42519
1288 0.0012891 0.00889764 0.420285
1289 0.00293245 0.00765072 0.405967
1290 0.00327624 0.00785276 0.394006
1291 0.00261349 0.00748899 0.415625
1292 0.00230735 0.00732577 0.42402
1293 0.00200809 0.00717934 0.431186
1294 0.00171216 0.00702724 0.437524
1295 0.00140061 0.00689764 0.442998
1296 0.00295752 0.00805875 0.399971
1297 0.00268814 0.00823941 0.404259
1298 0.00136311 0.00725835 0.439461
1299 0.00234315 0.00823247 0.412044
1300 0.00134508 0.00766842 0.43495
1301 0.00204204 0.00840038 0.415645
1302 0.00133988 0.00810187 0.429812
1303 0.00169166 0.00836076 0.421941
1304 0.00131217 0.00853334 0.424748
1305 0.00260598 0.00788561 0.410798
1306 0.00197732 0.00759664 0.426805
1307 0.00340856 0.0138638 0.301462
1308 0.00354073 0.0131434 0.309142
1309 0.00347034 0.0135415 0.304944
1310 0.00374439 0.0127581 0.308372
1311 0.00480373 0.0160747 0.216877
1312 0.0045486 0.0163515 0.220777
1313 0.00503695 0.0157796 0.21335
1314 0.00428609 0.0166147 0.224408
1315 0.00525304 0.0154635 0.21011
1316 0.00400282 0.016863 0.228199
1317 0.00545904 0.0151397 0.206679
1318 0.00369885 0.0170935 0.232115
1319 0.00563762 0.0148072 0.203856
1320 0.0033928 0.0173067 0.235574
1321 0.00579068 0.0144684 0.201619
1322 0.00306477 0.0175008 0.239107
1323 0.00593314 0.0141146 0.19946
1324 0.0027303 0.0176719 0.242369
1325 0.00604863 0.0137557 0.198058
1326 0.00239101 0.017826 0.245188
1327 0.00613847 0.0133944 0.197406
1328 0.00203526 0.0179594 0.247825
1329 0.00621546 0.0130211 0.197014
1330 0.00167406 0.0180682 0.250135
1331 0.00626487 0.0126477 0.19758
1332 0.00129182 0.0181486 0.25237
1333 0.00628879 0.0122764 0.199077
1334 0.000917458 0.0182281 0.253481
1335 0.00629456 0.0118983 0.20125
1336 0.00049577 0.0182806 0.254487
1337 0.00627838 0.0115196 0.204357
1338 0.00623713 0.0111494 0.208662
1339 0.00617422 0.010776 0.214188
1340 0.0060893 0.0104051 0.221155
1341 0.000326954 0.0176693 0.270355
1342 0.00597742 0.0100456 0.230177
1343 0.000351315 0.0172958 0.279255
1344 0.00586257 0.00968863 0.240093
1345 0.000350609 0.0169016 0.288451
1346 0.00569502 0.00933106 0.255242
1347 0.000341162 0.0165 0.297559
1348 0.00549503 0.00896417 0.275192
1349 0.000341162 0.0161061 0.306179
1350 0.000341162 0.0157121 0.31454
1351 0.000341162 0.0153182 0.322652
1352 0.000341162 0.0149242 0.330525
1353 0.00486119 0.00913673 0.312505
1354 0.000341162 0.0145303 0.338169
1355 0.00451116 0.0092963 0.327118
1356 0.000341162 0.0141364 0.345594
1357 0.00413805 0.00946865 0.340744
1358 0.000341162 0.0137424 0.352812
1359 0.00376655 0.00962169 0.352814
1360 0.000341162 0.0133485 0.359832
1361 0.00338402 0.00976332 0.363805
1362 0.000341162 0.0129545 0.366663
1363 0.00299876 0.0098878 0.373535
1364 0.000341162 0.0125606 0.373315
1365 0.00260932 0.00999827 0.382042
1366 0.000341162 0.0121667 0.379796
1367 0.00221251 0.010093 0.389439
1368 0.000341162 0.0117727 0.386112
1369 0.00181864 0.0101721 0.395514
1370 0.000341162 0.0113788 0.392275
1371 0.00141259 0.010236 0.400532
1372 0.000365468 0.0109666 0.398453
1373 0.000997067 0.0103065 0.404056
1374 0.000330909 0.0105862 0.404224
1375 0.000601927 0.0103041 0.407019
1376 0.000274948 0.0102649 0.40902
1377 0.000285227 0.0179794 0.262821
1378 0.00513415 0.00895272 0.300526
1379 0.00465024 0.0157078 0.229136
1380 0.00441857 0.015979 0.232333
1381 0.00417475 0.0162377 0.23548
1382 0.00486008 0.0154199 0.226356
1383 0.00391279 0.0164803 0.238796
1384 0.00505639 0.0151234 0.223592
1385 0.00363584 0.016703 0.242198
1386 0.00524046 0.0148127 0.220919
1387 0.00335065 0.0169163 0.245239
1388 0.00540057 0.0144929 0.218785
1389 0.00304515 0.0171128 0.248337
1390 0.00553694 0.0141655 0.217239
1391 0.00273387 0.0172815 0.251343
1392 0.00565951 0.0138337 0.215856
1393 0.00240916 0.0174312 0.254207
1394 0.00575911 0.0134901 0.215199
1395 0.00209 0.0175727 0.256298
1396 0.00583426 0.0131426 0.215315
1397 0.0017504 0.0176852 0.258527
1398 0.00589598 0.0127938 0.215702
1399 0.00138243 0.0177562 0.261163
1400 0.00593225 0.012438 0.217086
1401 0.0010138 0.0178293 0.26274
1402 0.00594443 0.0120803 0.219443
1403 0.000640955 0.0179142 0.263034
1404 0.0059391 0.0117283 0.222469
1405 0.00591151 0.0113765 0.226571
1406 0.00586463 0.0110217 0.231746
1407 0.00579117 0.0106701 0.238573
1408 0.0056979 0.0103223 0.246889
1409 0.000701675 0.0175311 0.272098
1410 0.00558319 0.00997503 0.257115
1411 0.000715304 0.0171206 0.281754
1412 0.00550957 0.00963824 0.265274
1413 0.000700479 0.0167092 0.291271
1414 0.00525953 0.00936733 0.285647
1415 0.000682599 0.016303 0.300395
1416 0.000682599 0.0159091 0.30887
1417 0.000682599 0.0155152 0.317089
1418 0.000682599 0.0151212 0.325063
1419 0.000682599 0.0147273 0.332802
1420 0.00484585 0.00952324 0.307144
1421 0.000682599 0.0143333 0.340319
1422 0.00446236 0.0096931 0.323415
1423 0.000682599 0.0139394 0.347622
1424 0.00409381 0.0098719 0.336656
1425 0.000682599 0.0135455 0.354723
1426 0.00369634 0.0100195 0.349607
1427 0.000682599 0.0131515 0.361632
1428 0.00329811 0.0101558 0.360893
1429 0.000682599 0.0127576 0.368359
1430 0.00289875 0.0102769 0.370711
1431 0.000682599 0.0123636 0.374912
1432 0.00249188 0.0103848 0.379259
1433 0.000682599 0.0119697 0.381295
1434 0.00208359 0.0104713 0.386538
1435 0.00067631 0.0115704 0.387638
1436 0.0016701 0.0105501 0.392425
1437 0.000702749 0.0111661 0.393708
1438 0.00123876 0.0106365 0.39685
1439 0.000765013 0.0107164 0.400046
1440 0.00427528 0.0156166 0.243874
1441 0.00447546 0.0153569 0.241599
1442 0.00405035 0.015876 0.2464
1443 0.00380532 0.0161041 0.24951
1444 0.00467679 0.0150816 0.238961
1445 0.00355481 0.0163216 0.252314
1446 0.00484975 0.0147884 0.237112
1447 0.00329052 0.0165322 0.254948
1448 0.00500798 0.0144968 0.235287
1449 0.00301461 0.0167273 0.257481
1450 0.00515573 0.0141958 0.233517
1451 0.00272235 0.0168986 0.26016
1452 0.00527045 0.0138807 0.232908
1453 0.00241874 0.0170384 0.263023
1454 0.00537525 0.0135734 0.232211
1455 0.00210015 0.0171715 0.265502
1456 0.00546402 0.0132403 0.232137
1457 0.00179636 0.0172977 0.267093
1458 0.00552079 0.0129102 0.233204
1459 0.00149387 0.0174209 0.267971
1460 0.00556999 0.0125889 0.234236
1461 0.00111303 0.0173825 0.272749
1462 0.0055958 0.0122453 0.236362
1463 0.00558644 0.0119132 0.240028
1464 0.00557639 0.0115795 0.243626
1465 0.00554453 0.0112431 0.248374
1466 0.00548155 0.0109101 0.254898
1467 0.00539693 0.0105793 0.262863
1468 0.00529322 0.0102304 0.272518
1469 0.00516589 0.00982905 0.284844
1470 0.00106416 0.0169159 0.284014
1471 0.00104431 0.016506 0.293403
1472 0.00102404 0.0161061 0.302291
1473 0.00102404 0.0157121 0.310611
1474 0.00102404 0.0153182 0.318678
1475 0.00102404 0.0149242 0.326503
1476 0.00102404 0.0145303 0.334101
1477 0.00476748 0.00987277 0.306053
1478 0.00102404 0.0141364 0.341481
1479 0.00445997 0.0101324 0.31728
1480 0.00102404 0.0137424 0.348654
1481 0.0040275 0.0102871 0.333383
1482 0.00102404 0.0133485 0.355631
1483 0.00361233 0.0104238 0.34676
1484 0.00102404 0.0129545 0.362423
1485 0.00320099 0.0105546 0.358127
1486 0.00102404 0.0125606 0.369038
1487 0.00278636 0.0106743 0.367923
1488 0.00103147 0.0121485 0.375709
1489 0.00236097 0.0107738 0.376512
1490 0.00103454 0.0117418 0.382158
1491 0.00194337 0.0108597 0.383424
1492 0.000981375 0.0113872 0.388136
1493 0.00152264 0.0109705 0.38835
1494 0.0011032 0.0110408 0.39228
1495 0.00394609 0.0155561 0.255639
1496 0.00409077 0.015272 0.256228
1497 0.0042917 0.0150235 0.253799
1498 0.00368508 0.0157397 0.26011
1499 0.00344614 0.0159465 0.262803
1500 0.00447021 0.0147508 0.252028
1501 0.00321022 0.0161563 0.264734
1502 0.00461812 0.0144705 0.251036
1503 0.00295327 0.01634 0.267122
1504 0.00482206 0.014225 0.246809
1505 0.00271786 0.0165583 0.267627
1506 0.00489162 0.013913 0.248589
1507 0.00240409 0.0166558 0.271773
1508 0.00498555 0.0136084 0.248896
1509 0.00208979 0.0167812 0.274494
1510 0.00514098 0.0133295 0.245784
1511 0.00176932 0.0169187 0.276184
1512 0.00514931 0.0130121 0.249422
1513 0.00143904 0.0170754 0.276694
1514 0.00519319 0.012693 0.25123
1515 0.00529373 0.012395 0.249833
1516 0.00522518 0.0120916 0.256516
1517 0.00522468 0.0117671 0.260056
1518 0.00521686 0.0114496 0.263834
1519 0.0051699 0.0111356 0.2696
1520 0.00509107 0.0108306 0.27708
1521 0.00501549 0.0105166 0.284703
1522 0.00490247 0.0101928 0.294749
1523 0.00141503 0.0166948 0.285612
1524 0.00139466 0.0163072 0.29438
1525 0.00138699 0.0159171 0.302794
1526 0.00137495 0.0155242 0.31106
1527 0.00136547 0.0151212 0.319254
1528 0.00136547 0.0147273 0.326924
1529 0.00136547 0.0143333 0.334371
1530 0.00136547 0.0139394 0.341607
1531 0.00433995 0.0105677 0.316483
1532 0.00136547 0.0135455 0.348642
1533 0.00394739 0.0107082 0.33053
1534 0.00136547 0.0131515 0.355488
1535 0.00351601 0.0108329 0.344168
1536 0.00136547 0.0127576 0.362155
1537 0.00309366 0.010961 0.355382
1538 0.00136977 0.012347 0.368873
1539 0.00266282 0.0110746 0.365148
1540 0.0013829 0.0119144 0.37566
1541 0.00222426 0.0111674 0.373539
1542 0.00137089 0.0114244 0.383485
1543 0.00181645 0.0112837 0.379231
1544 0.00467167 0.0104494 0.302869
1545 0.00310495 0.0137108 0.312503
1546 0.00312338 0.0133357 0.318201
1547 0.00390208 0.0149469 0.268042
1548 0.0041345 0.0147255 0.264186
1549 0.00335441 0.0155517 0.272954
1550 0.00308711 0.0157811 0.275328
1551 0.00424479 0.0144262 0.265386
1552 0.00289051 0.0160245 0.27504
1553 0.00312824 0.0129552 0.324169
1554 0.00389265 0.0123927 0.308659
1555 0.00340268 0.0127571 0.319271
1556 0.00475485 0.0132218 0.263853
1557 0.00459491 0.0136493 0.264289
1558 0.00211113 0.0163681 0.283197
1559 0.00251676 0.0162079 0.279238
1560 0.00176291 0.0165135 0.28531
1561 0.00364558 0.0152965 0.269624
1562 0.00482051 0.0128101 0.266481
1563 0.00446551 0.0140535 0.263285
1564 0.00490379 0.0123554 0.268555
1565 0.00486673 0.0119592 0.27502
1566 0.00485791 0.0116134 0.27957
1567 0.00490263 0.0113327 0.280751
1568 0.00477661 0.0110741 0.289954
1569 0.00176341 0.0161186 0.293835
1570 0.00174016 0.0157371 0.302122
1571 0.00170268 0.0153287 0.310903
1572 0.00170691 0.0149242 0.318792
1573 0.00170691 0.0145303 0.326299
1574 0.00170691 0.0141364 0.333586
1575 0.00170691 0.0137424 0.340668
1576 0.00432275 0.0110061 0.311334
1577 0.00170691 0.0133485 0.347558
1578 0.00384977 0.0111113 0.328542
1579 0.00170691 0.0129545 0.354265
1580 0.00341088 0.0112467 0.341619
1581 0.00170691 0.0125606 0.360802
1582 0.00297892 0.0113751 0.352496
1583 0.00171304 0.0121439 0.367455
1584 0.00254615 0.0114786 0.36188
1585 0.0017432 0.0117069 0.37389
1586 0.00213004 0.0115791 0.36915
1587 0.00469892 0.0107721 0.297431
1588 0.00326034 0.0151535 0.282969
1589 0.00380508 0.0145099 0.27869
1590 0.00266967 0.0157123 0.286281
1591 0.00417216 0.0137463 0.278681
1592 0.00217504 0.0158783 0.292466
1593 0.00441959 0.0129831 0.280645
1594 0.00453994 0.0121979 0.28634
1595 0.00451701 0.0113822 0.297884
1596 0.0020071 0.0155098 0.30268
1597 0.00205419 0.0151471 0.309113
1598 0.00206159 0.0147441 0.316732
1599 0.00204835 0.0143333 0.324602
1600 0.00204835 0.0139394 0.331718
1601 0.00204835 0.0135455 0.338639
1602 0.00415279 0.011423 0.312542
1603 0.00204835 0.0131515 0.345375
1604 0.00374071 0.0115368 0.326399
1605 0.00204835 0.0127576 0.351937
1606 0.00330693 0.0116789 0.338518
1607 0.00203761 0.0123775 0.358312
1608 0.00284903 0.0117965 0.34964
1609 0.00205531 0.0119799 0.364321
1610 0.00243812 0.0118787 0.358195
1611 0.00352925 0.0148565 0.280944
1612 0.00298422 0.015414 0.284981
1613 0.00401199 0.0141263 0.278271
1614 0.00431361 0.0133701 0.279174
1615 0.00450201 0.0126097 0.282485
1616 0.00445116 0.0117726 0.295683
1617 0.00235421 0.0154428 0.297911
1618 0.00243737 0.0149813 0.305318
1619 0.00240314 0.014535 0.314322
1620 0.00239449 0.0141295 0.321838
1621 0.00238979 0.0137424 0.328746
1622 0.00238979 0.0133485 0.335492
1623 0.00403843 0.0117601 0.312315
1624 0.00239907 0.0129451 0.342025
1625 0.00367451 0.0119967 0.322065
1626 0.00239152 0.0125576 0.348487
1627 0.00318444 0.0120999 0.335873
1628 0.00233972 0.0122173 0.354977
1629 0.00272224 0.0122486 0.3459
1630 0.00313957 0.0147795 0.292985
1631 0.00286759 0.0150261 0.295137
1632 0.0033708 0.0144606 0.292428
1633 0.00357378 0.0141605 0.291689
1634 0.00266269 0.0153064 0.29434
1635 0.00387625 0.0134485 0.293516
1636 0.00376014 0.0138144 0.291544
1637 0.00399584 0.0130841 0.294943
1638 0.0041116 0.0127276 0.295945
1639 0.00413717 0.0120862 0.30405
1640 0.00275592 0.0146844 0.304041
1641 0.00273467 0.0142973 0.311532
1642 0.0027473 0.0139277 0.317727
1643 0.00274891 0.0135353 0.324386
1644 0.00275883 0.0131346 0.330804
1645 0.00275916 0.0127036 0.337777
1646 0.0035051 0.0124209 0.321251
1647 0.00423936 0.012405 0.295637
1648 0.00308867 0.0125085 0.332276
1649 0.00302644 0.0144642 0.301501
1650 0.00313098 0.0141243 0.304827
