1 1.53081e-18 -0.025 0.313138
2 1.02054e-18 0.0133333 0.751671
3 1.53081e-18 0.025 0.639995
4 1.02054e-18 0.0466667 0.246321
5 0.0146855 0.0378813 0.159977
6 0.0239236 -0.00725686 0.159622
7 0.0138888 0.020787 0.343863
8 0 0.012375 0.757558
9 0 0.0114167 0.763071
10 0 0.0104583 0.767951
11 0 0.0095 0.772151
12 0 0.00854167 0.775646
13 0 0.00758333 0.778423
14 0 0.006625 0.780472
15 0 0.00566667 0.781763
16 0 0.00470833 0.782271
17 0 0.00375 0.781968
18 0 0.00279167 0.780833
19 0 0.00183333 0.77884
20 0 0.000875 0.77597
21 0 -8.33333e-05 0.772201
22 0 -0.00104167 0.767515
23 0 -0.002 0.761893
24 0 -0.00295833 0.755319
25 0 -0.00391667 0.747776
26 0 -0.004875 0.73925
27 0 -0.00583333 0.729725
28 0 -0.00679167 0.71919
29 0 -0.00775 0.70763
30 0 -0.00870833 0.695034
31 0 -0.00966667 0.681391
32 0 -0.010625 0.66669
33 0 -0.0115833 0.650919
34 0 -0.0125417 0.634071
35 0 -0.0135 0.616135
36 0 -0.0144583 0.597102
37 0 -0.0154167 0.576964
38 0 -0.016375 0.555713
39 0 -0.0173333 0.533339
40 0 -0.0182917 0.509837
41 0 -0.01925 0.485198
42 0 -0.0202083 0.45942
43 0 -0.0211667 0.432503
44 0 -0.022125 0.404454
45 0 -0.0230833 0.37527
46 0 -0.0240417 0.345152
47 0.0241863 -0.00632626 0.156306
48 0.0244128 -0.0053865 0.153439
49 0.0246028 -0.00443863 0.151021
50 0.0247561 -0.00348386 0.149075
51 0.0248723 -0.00252404 0.147622
52 0.0249512 -0.00156063 0.146673
53 0.0249929 -0.000594691 0.146223
54 0.0249972 0.000372283 0.146288
55 0.0249641 0.00133844 0.14687
56 0.0248937 0.00230254 0.147978
57 0.0247861 0.00326351 0.149591
58 0.0246413 0.0042196 0.151721
59 0.0244598 0.00516906 0.154361
60 0.0242416 0.00611086 0.1575
61 0.0239872 0.00704376 0.16113
62 0.0236969 0.00796598 0.165245
63 0.0233712 0.00887611 0.169836
64 0.0230106 0.00977315 0.174894
65 0.0226154 0.0106557 0.180413
66 0.0221865 0.0115221 0.186386
67 0.0217245 0.0123712 0.192818
68 0.0212298 0.0132021 0.199718
69 0.0207034 0.0140132 0.207102
70 0.0201462 0.0148031 0.215002
71 0.0195588 0.0155709 0.223481
72 0.018942 0.0163157 0.232631
73 0.018297 0.0170359 0.242602
74 0.0176247 0.0177305 0.253653
75 0.016926 0.0183987 0.266231
76 0.0162018 0.0190395 0.281348
77 0.0154536 0.0196516 0.301737
78 0.0146823 0.0202344 0.334155
79 0.0133317 0.0199978 0.394553
80 0.0127303 0.0192428 0.437104
81 0.012086 0.0185237 0.476018
82 0.0114008 0.0178427 0.512381
83 0.0106777 0.017203 0.546241
84 0.00991896 0.0166063 0.577682
85 0.0091263 0.0160541 0.606714
86 0.00830319 0.0155489 0.633261
87 0.00745271 0.0150925 0.657245
88 0.00657671 0.0146858 0.678626
89 0.0056784 0.0143305 0.69735
90 0.0047617 0.014028 0.713306
91 0.00382892 0.0137791 0.72648
92 0.00288269 0.0135845 0.736865
93 0.00192722 0.0134451 0.744386
94 0.000965626 0.0133613 0.749173
95 0.000966803 -0.0249813 0.312058
96 0.00193184 -0.0249252 0.311082
97 0.00289405 -0.0248319 0.309735
98 0.00385219 -0.0247014 0.307952
99 0.00480442 -0.024534 0.305715
100 0.00574928 -0.0243299 0.303022
101 0.00668572 -0.0240894 0.299895
102 0.00761231 -0.0238129 0.296346
103 0.00852727 -0.0235008 0.292396
104 0.00942942 -0.0231535 0.288062
105 0.0103178 -0.0227716 0.283381
106 0.0111907 -0.0223555 0.278371
107 0.0120465 -0.0219062 0.273062
108 0.0128845 -0.0214241 0.267493
109 0.0137033 -0.0209098 0.261692
110 0.0145016 -0.0203643 0.255695
111 0.015278 -0.0197884 0.249537
112 0.0160317 -0.0191829 0.243255
113 0.0167616 -0.0185486 0.236888
114 0.0174662 -0.0178867 0.230473
115 0.0181446 -0.0171981 0.224048
116 0.0187961 -0.0164835 0.217649
117 0.0194195 -0.0157443 0.211325
118 0.0200136 -0.0149818 0.205096
119 0.0205779 -0.0141968 0.199015
120 0.0211115 -0.0133904 0.19311
121 0.0216135 -0.0125641 0.18743
122 0.0220831 -0.0117192 0.181988
123 0.0225197 -0.0108565 0.176829
124 0.0229227 -0.00997752 0.171984
125 0.0232913 -0.00908383 0.167488
126 0.0236251 -0.00817661 0.163361
127 0 0.0240278 0.651657
128 0 0.0230556 0.662717
129 0 0.0220833 0.673432
130 0 0.0211111 0.683825
131 0 0.0201389 0.693868
132 0 0.0191667 0.703508
133 0 0.0181944 0.712727
134 0 0.0172222 0.721486
135 0 0.01625 0.729759
136 0 0.0152778 0.737588
137 0 0.0143056 0.745265
138 0.013062 0.0213163 0.385789
139 0.012215 0.0218127 0.420567
140 0.0113493 0.0222754 0.45338
141 0.010466 0.0227038 0.483406
142 0.00956666 0.0230972 0.510566
143 0.00865256 0.0234549 0.534962
144 0.00772513 0.0237765 0.556698
145 0.00678579 0.0240614 0.57583
146 0.00583599 0.0243093 0.592396
147 0.00487719 0.0245196 0.60642
148 0.00391085 0.0246922 0.617932
149 0.00293847 0.0248267 0.626925
150 0.00196153 0.0249229 0.633523
151 0.000981539 0.0249807 0.6377
152 0.0142146 0.0387019 0.165114
153 0.0136985 0.0394937 0.170628
154 0.0131377 0.0402557 0.176458
155 0.0125349 0.0409842 0.182499
156 0.011892 0.0416773 0.188672
157 0.0112102 0.0423333 0.194888
158 0.010493 0.0429489 0.201059
159 0.00974154 0.0435233 0.207097
160 0.00895849 0.0440543 0.212924
161 0.00814741 0.0445395 0.218455
162 0.00730926 0.0449784 0.223626
163 0.00644783 0.0453689 0.228364
164 0.00556616 0.0457097 0.232609
165 0.00466577 0.0460003 0.236309
166 0.00375105 0.0462391 0.239423
167 0.00282407 0.0464257 0.241924
168 0.00188748 0.0465594 0.243778
169 0.00094572 0.0466398 0.245075
170 0.0143892 0.02159 0.277955
171 0.0148428 0.0224192 0.237861
172 0.0152491 0.0232736 0.211826
173 0.015606 0.0241493 0.193359
174 0.0159126 0.0250435 0.17933
175 0.0161682 0.0259545 0.168427
176 0.0163716 0.0268776 0.159935
177 0.0165223 0.0278113 0.153385
178 0.0166199 0.0287523 0.148505
179 0.0166639 0.0296965 0.145078
180 0.0166543 0.0306425 0.142933
181 0.016591 0.0315862 0.141956
182 0.0164744 0.0325242 0.142038
183 0.0163046 0.033455 0.143087
184 0.0160825 0.0343739 0.145014
185 0.0158086 0.0352789 0.147749
186 0.0154836 0.0361674 0.15121
187 0.015109 0.0370353 0.155307
188 0 0.0457246 0.271113
189 0 0.0447826 0.294391
190 0 0.0438406 0.317195
191 0 0.0428986 0.33924
192 0 0.0419565 0.360492
193 0 0.0410145 0.380983
194 0 0.0400725 0.400758
195 0 0.0391304 0.419839
196 0 0.0381884 0.438251
197 0 0.0372464 0.456019
198 0 0.0363043 0.47317
199 0 0.0353623 0.489731
200 0 0.0344203 0.505727
201 0 0.0334783 0.521187
202 0 0.0325362 0.536137
203 0 0.0315942 0.550603
204 0 0.0306522 0.564609
205 0 0.0297101 0.578181
206 0 0.0287681 0.59135
207 0 0.0278261 0.60411
208 0 0.0268841 0.616409
209 0 0.025942 0.62817
210 0.00877728 -0.0130649 0.548384
211 0.0116784 0.00805491 0.608987
212 0.00508182 0.00914783 0.738948
213 0.00678512 0.0101401 0.708109
214 0.0114597 0.00719787 0.620036
215 0.00418088 -0.0237411 0.336706
216 0.00508419 -0.0235509 0.334861
217 0.00327444 -0.0239141 0.337554
218 0.00599872 -0.0233146 0.332759
219 0.00230682 -0.0239804 0.340602
220 0.00691443 -0.0230849 0.328798
221 0.00127497 -0.0240616 0.341673
222 0.00778795 -0.0228025 0.325433
223 0.00864688 -0.0224923 0.321617
224 0.00953603 -0.0221177 0.317662
225 0.0103856 -0.0217463 0.312714
226 0.000860297 -0.0225405 0.390441
227 0.0112111 -0.021341 0.307714
228 0.000836071 -0.0216249 0.417811
229 0.0120215 -0.0208754 0.303252
230 0.000829941 -0.0206875 0.444696
231 0.0128236 -0.0203875 0.298078
232 0.000829941 -0.0197292 0.471051
233 0.0136078 -0.0198829 0.292282
234 0.000829941 -0.0187708 0.496262
235 0.0143645 -0.0193495 0.286485
236 0.000829941 -0.0178125 0.520331
237 0.0150938 -0.0187787 0.280958
238 0.000829941 -0.0168542 0.543266
239 0.0158063 -0.0181728 0.275352
240 0.000829941 -0.0158958 0.565074
241 0.0165055 -0.0175488 0.26914
242 0.000829941 -0.0149375 0.585765
243 0.0171724 -0.0169057 0.262971
244 0.000829941 -0.0139792 0.605346
245 0.0178068 -0.016239 0.257014
246 0.000829941 -0.0130208 0.623825
247 0.0184134 -0.0155262 0.251631
248 0.000829941 -0.0120625 0.641212
249 0.01903 -0.0147841 0.245104
250 0.000829941 -0.0111042 0.657516
251 0.0195748 -0.014055 0.239527
252 0.000829941 -0.0101458 0.672745
253 0.0200976 -0.0133007 0.233962
254 0.000829941 -0.0091875 0.686911
255 0.0205831 -0.0125104 0.229168
256 0.000829941 -0.00822917 0.700022
257 0.0210739 -0.0116798 0.223518
258 0.000829941 -0.00727083 0.712092
259 0.0215071 -0.010874 0.218467
260 0.000829941 -0.0063125 0.72313
261 0.021906 -0.0100461 0.213901
262 0.000829941 -0.00535417 0.73315
263 0.0222636 -0.00919451 0.21014
264 0.000829941 -0.00439583 0.742165
265 0.022601 -0.00831299 0.206362
266 0.000829941 -0.0034375 0.750188
267 0.0229271 -0.00743742 0.201758
268 0.000829941 -0.00247917 0.757233
269 0.0231944 -0.0065583 0.198525
270 0.000829941 -0.00152083 0.763318
271 0.0234121 -0.00565699 0.196486
272 0.000829941 -0.0005625 0.768457
273 0.0236179 -0.00470748 0.194107
274 0.000829941 0.000395833 0.772668
275 0.0238014 -0.00379793 0.191235
276 0.000829941 0.00135417 0.775971
277 0.0239255 -0.00288453 0.189889
278 0.000829941 0.0023125 0.778383
279 0.0240126 -0.00197093 0.189075
280 0.000829941 0.00327083 0.779928
281 0.024066 -0.00100756 0.188744
282 0.000829941 0.00422917 0.780626
283 0.0241015 -8.19055e-05 0.187973
284 0.000829941 0.0051875 0.780501
285 0.0240936 0.000845155 0.18804
286 0.000829941 0.00614583 0.779577
287 0.0240338 0.00174564 0.18938
288 0.000829941 0.00710417 0.777882
289 0.0239334 0.00270525 0.19129
290 0.000829941 0.0080625 0.775441
291 0.0238247 0.00362616 0.192518
292 0.000851237 0.00902961 0.772178
293 0.0236761 0.00453394 0.194477
294 0.000862997 0.00999108 0.768252
295 0.0234672 0.0054441 0.198008
296 0.000845831 0.0109428 0.763775
297 0.023232 0.00635349 0.201561
298 0.000798541 0.011887 0.7588
299 0.0229798 0.00725017 0.204803
300 0.000689101 0.0126983 0.754197
301 0.0226895 0.00812895 0.208756
302 0.0223519 0.0089942 0.213789
303 0.00153519 0.0125544 0.752252
304 0.0219785 0.00985063 0.219333
305 0.00256969 0.0127638 0.744829
306 0.0215843 0.0107008 0.224696
307 0.00354063 0.0129122 0.735546
308 0.0211615 0.0115266 0.230487
309 0.00451118 0.0131486 0.723068
310 0.0207029 0.0123295 0.237037
311 0.00547075 0.0134248 0.707721
312 0.0202027 0.0131137 0.244559
313 0.00640745 0.0137672 0.689469
314 0.0196761 0.0138906 0.252251
315 0.00733746 0.014168 0.668049
316 0.0191327 0.0146469 0.260023
317 0.00824578 0.0146146 0.643776
318 0.0185596 0.0153696 0.26879
319 0.00912551 0.0151206 0.616649
320 0.0179465 0.0160654 0.27903
321 0.00997456 0.0156731 0.586826
322 0.0172941 0.0167762 0.290044
323 0.0107902 0.0162727 0.554328
324 0.0166468 0.0174359 0.301888
325 0.0115593 0.0169253 0.519449
326 0.0159293 0.0180673 0.318039
327 0.0123021 0.017602 0.481781
328 0.0151073 0.0187006 0.341048
329 0.0129994 0.0183201 0.441698
330 0.0142245 0.0195664 0.364993
331 0.000768688 -0.0233426 0.365822
332 0.0134735 0.0190327 0.408091
333 0.00444373 -0.0227986 0.364088
334 0.00357325 -0.022993 0.364693
335 0.00532498 -0.0225923 0.362263
336 0.0027512 -0.0232421 0.361845
337 0.00621298 -0.0223742 0.359205
338 0.00184797 -0.0230409 0.372262
339 0.00708488 -0.0221282 0.355657
340 0.00793399 -0.0218421 0.352128
341 0.00877473 -0.02152 0.348314
342 0.00960509 -0.0211618 0.34426
343 0.0104144 -0.0207813 0.339771
344 0.00170919 -0.0220819 0.401931
345 0.0112051 -0.0203686 0.335136
346 0.00162539 -0.0211355 0.429881
347 0.0119875 -0.0199197 0.330258
348 0.00166099 -0.0202083 0.455803
349 0.01276 -0.0194373 0.32508
350 0.00166099 -0.01925 0.481593
351 0.0134943 -0.0189304 0.320066
352 0.00166099 -0.0182917 0.506231
353 0.0142122 -0.0183969 0.314788
354 0.00166099 -0.0173333 0.529723
355 0.0149158 -0.0178379 0.309179
356 0.00166099 -0.016375 0.552086
357 0.015602 -0.0172384 0.303677
358 0.00166099 -0.0154167 0.573326
359 0.0162496 -0.0166212 0.298382
360 0.00166099 -0.0144583 0.593453
361 0.0168737 -0.0159819 0.29301
362 0.00166099 -0.0135 0.612473
363 0.017475 -0.0153179 0.287623
364 0.00166099 -0.0125417 0.630395
365 0.01806 -0.0146266 0.282053
366 0.00166099 -0.0115833 0.647228
367 0.0186125 -0.013918 0.276661
368 0.00166099 -0.010625 0.662981
369 0.0191327 -0.0131942 0.271463
370 0.00166099 -0.00966667 0.677664
371 0.0196238 -0.0124442 0.266563
372 0.00166099 -0.00870833 0.691287
373 0.0200953 -0.0116721 0.261551
374 0.00166099 -0.00775 0.703861
375 0.0205368 -0.0108862 0.256679
376 0.00166099 -0.00679167 0.715396
377 0.0209388 -0.0100912 0.252296
378 0.00166099 -0.00583333 0.725905
379 0.0213066 -0.00927542 0.248399
380 0.00166099 -0.004875 0.735401
381 0.0216501 -0.00844021 0.244568
382 0.00166099 -0.00391667 0.743896
383 0.0219616 -0.0075951 0.241005
384 0.00166099 -0.00295833 0.751405
385 0.0222391 -0.00674703 0.237755
386 0.00166099 -0.002 0.757942
387 0.0224801 -0.00588471 0.235057
388 0.00166099 -0.00104167 0.763524
389 0.0226961 -0.00500472 0.232453
390 0.00166099 -8.33333e-05 0.768167
391 0.0228708 -0.00411079 0.230581
392 0.00166099 0.000875 0.77189
393 0.0230147 -0.00322439 0.22889
394 0.00166099 0.00183333 0.77471
395 0.023121 -0.00233437 0.227768
396 0.00166099 0.00279167 0.776649
397 0.0231986 -0.00143307 0.226856
398 0.00166099 0.00375 0.777728
399 0.0232357 -0.000530204 0.22663
400 0.00166099 0.00470833 0.777969
401 0.0232422 0.000365259 0.226669
402 0.00166099 0.00566667 0.777397
403 0.0232093 0.00125598 0.227387
404 0.00166099 0.006625 0.776037
405 0.0231425 0.002152 0.228537
406 0.00166099 0.00758333 0.773916
407 0.0230396 0.00304967 0.230198
408 0.00168344 0.008551 0.770926
409 0.0229097 0.00393407 0.232024
410 0.00172242 0.00952065 0.76712
411 0.0227422 0.00481329 0.234474
412 0.00175254 0.010502 0.762583
413 0.0225429 0.0056881 0.237277
414 0.00165336 0.0114396 0.758213
415 0.0223061 0.0065676 0.240596
416 0.0220336 0.0074178 0.244634
417 0.0217306 0.00826062 0.249005
418 0.0213993 0.00909502 0.253618
419 0.0210249 0.00992619 0.259027
420 0.00322084 0.0120142 0.74428
421 0.020622 0.0107255 0.265003
422 0.00423564 0.0122189 0.732685
423 0.020192 0.0115079 0.271338
424 0.00524982 0.0124712 0.717883
425 0.0197285 0.0122767 0.278287
426 0.0062446 0.0127942 0.699899
427 0.0192402 0.013038 0.285427
428 0.00721645 0.0131836 0.678821
429 0.0187183 0.0137721 0.293519
430 0.00817455 0.0136256 0.654536
431 0.0181759 0.0144817 0.302114
432 0.00911093 0.0141242 0.627098
433 0.0176042 0.0151727 0.311623
434 0.0100278 0.014676 0.596379
435 0.0170113 0.0158529 0.321769
436 0.0108988 0.0152772 0.563111
437 0.0163917 0.0165091 0.333392
438 0.0117267 0.0159311 0.527195
439 0.015754 0.0171257 0.346945
440 0.0125126 0.0166329 0.488627
441 0.0149949 0.017684 0.368095
442 0.0132875 0.0173671 0.446443
443 0.0141097 0.0182585 0.395736
444 0.00376483 -0.0220632 0.391639
445 0.00466229 -0.0218482 0.39083
446 0.00273765 -0.0223295 0.390079
447 0.00554379 -0.0216574 0.387916
448 0.00640415 -0.021441 0.384503
449 0.00723712 -0.021185 0.381155
450 0.00805297 -0.0208953 0.377621
451 0.00886056 -0.0205725 0.373788
452 0.00965025 -0.020211 0.369976
453 0.0104212 -0.0198279 0.365757
454 0.0111793 -0.0194216 0.361098
455 0.00245998 -0.0207012 0.438841
456 0.0119347 -0.0189757 0.35622
457 0.0025058 -0.0197701 0.464268
458 0.0126612 -0.0184917 0.351648
459 0.00251468 -0.0188008 0.489757
460 0.013354 -0.0179864 0.347134
461 0.00249204 -0.0178125 0.514695
462 0.0140378 -0.0174697 0.34188
463 0.00249204 -0.0168542 0.537609
464 0.0147144 -0.0169176 0.336396
465 0.00249204 -0.0158958 0.559397
466 0.0153565 -0.0163214 0.33162
467 0.00249204 -0.0149375 0.580066
468 0.0159625 -0.0157099 0.327004
469 0.00249204 -0.0139792 0.599624
470 0.0165502 -0.0150823 0.322091
471 0.00249204 -0.0130208 0.618078
472 0.017126 -0.0144339 0.316789
473 0.00249204 -0.0120625 0.635438
474 0.0176709 -0.0137565 0.311869
475 0.00249204 -0.0111042 0.651711
476 0.0181843 -0.013065 0.307103
477 0.00249204 -0.0101458 0.666908
478 0.0186733 -0.0123532 0.302394
479 0.00249204 -0.0091875 0.681037
480 0.0191425 -0.0116213 0.297594
481 0.00249204 -0.00822917 0.69411
482 0.0195817 -0.0108704 0.293042
483 0.00249204 -0.00727083 0.706137
484 0.0199846 -0.010108 0.2889
485 0.00249204 -0.0063125 0.717129
486 0.0203558 -0.0093309 0.285079
487 0.00249204 -0.00535417 0.727098
488 0.0206999 -0.00853663 0.281445
489 0.00249204 -0.00439583 0.736058
490 0.0210153 -0.00772951 0.278017
491 0.00249204 -0.0034375 0.744021
492 0.0212967 -0.006912 0.274994
493 0.00249204 -0.00247917 0.751003
494 0.0215464 -0.00608662 0.272282
495 0.00249204 -0.00152083 0.757017
496 0.0217681 -0.00524694 0.269801
497 0.00249204 -0.0005625 0.762081
498 0.0219549 -0.00439217 0.267824
499 0.00249204 0.000395833 0.766212
500 0.0221082 -0.00353349 0.266223
501 0.00249204 0.00135417 0.769427
502 0.0222302 -0.00267735 0.264906
503 0.00249204 0.0023125 0.771747
504 0.0223196 -0.00181461 0.26398
505 0.00249204 0.00327083 0.773191
506 0.0223792 -0.000945419 0.263327
507 0.00249204 0.00422917 0.773782
508 0.0223991 -7.86436e-05 0.263355
509 0.00249204 0.0051875 0.773543
510 0.0223833 0.000782991 0.263911
511 0.00249204 0.00614583 0.772498
512 0.0223388 0.00164479 0.264714
513 0.00249204 0.00710417 0.770674
514 0.0222609 0.00250917 0.265947
515 0.00251562 0.00806315 0.767945
516 0.0221428 0.00336876 0.267922
517 0.00256484 0.0090295 0.764292
518 0.0219993 0.00421742 0.270041
519 0.00265086 0.0100185 0.759551
520 0.0218305 0.00506052 0.272294
521 0.00271372 0.0110805 0.753874
522 0.0216231 0.00591258 0.275132
523 0.0213715 0.00674637 0.278977
524 0.0210924 0.00755722 0.283203
525 0.0207933 0.00836174 0.287374
526 0.0204602 0.00916992 0.29195
527 0.0200762 0.00995761 0.297902
528 0.00388035 0.0113001 0.742226
529 0.0196664 0.0107156 0.304366
530 0.00499282 0.011507 0.727751
531 0.0192362 0.0114609 0.310965
532 0.00604838 0.011793 0.710264
533 0.0187792 0.0121969 0.317941
534 0.00707234 0.0121764 0.689449
535 0.0182884 0.0129166 0.325744
536 0.00808205 0.0126026 0.665343
537 0.0177725 0.0136155 0.334207
538 0.00907195 0.0130891 0.637886
539 0.0172324 0.0142944 0.34342
540 0.010039 0.0136465 0.606941
541 0.0166802 0.0149616 0.352936
542 0.0110064 0.014243 0.571972
543 0.0161153 0.0156166 0.363018
544 0.0118855 0.0148951 0.535517
545 0.0155029 0.0162231 0.376157
546 0.0126943 0.0156128 0.497117
547 0.0149887 0.0167899 0.386398
548 0.0134876 0.016302 0.456344
549 0.00234448 -0.0215231 0.415805
550 0.00402248 -0.0210692 0.418727
551 0.00317574 -0.021339 0.416773
552 0.00488917 -0.0209 0.416183
553 0.00576006 -0.0207504 0.411599
554 0.00656422 -0.0205104 0.408939
555 0.0073548 -0.0202501 0.405722
556 0.00814209 -0.0199617 0.402048
557 0.00891331 -0.0196288 0.39856
558 0.00965926 -0.0192626 0.395134
559 0.0103945 -0.0188915 0.390806
560 0.0111202 -0.0185125 0.385663
561 0.0033238 -0.0203561 0.443673
562 0.0118692 -0.0180497 0.380885
563 0.00338363 -0.0193509 0.47047
564 0.0125199 -0.0175519 0.377943
565 0.00335398 -0.0183274 0.497026
566 0.0131789 -0.0170603 0.373498
567 0.00332309 -0.0173333 0.521591
568 0.013844 -0.0165794 0.367496
569 0.00332309 -0.016375 0.543927
570 0.014504 -0.0160049 0.362544
571 0.00332309 -0.0154167 0.565136
572 0.0150777 -0.015416 0.359115
573 0.00332309 -0.0144583 0.58523
574 0.0156391 -0.0148155 0.355174
575 0.00332309 -0.0135 0.604215
576 0.0162007 -0.0142068 0.350304
577 0.00332309 -0.0125417 0.622099
578 0.0167456 -0.0135724 0.345338
579 0.00332309 -0.0115833 0.638889
580 0.0172545 -0.0129104 0.340937
581 0.00332309 -0.010625 0.654596
582 0.0177317 -0.0122282 0.33686
583 0.00332309 -0.00966667 0.669229
584 0.0181961 -0.0115407 0.332244
585 0.00332309 -0.00870833 0.682797
586 0.0186372 -0.0108283 0.327776
587 0.00332309 -0.00775 0.69531
588 0.0190396 -0.0100954 0.323939
589 0.00332309 -0.00679167 0.70678
590 0.019407 -0.00935195 0.320493
591 0.00332309 -0.00583333 0.717218
592 0.019759 -0.0086007 0.316719
593 0.00332309 -0.004875 0.726636
594 0.0200824 -0.00782995 0.313246
595 0.00332309 -0.00391667 0.735047
596 0.020365 -0.00704471 0.3105
597 0.00332309 -0.00295833 0.742465
598 0.0206125 -0.00625311 0.308201
599 0.00332309 -0.002 0.748904
600 0.0208441 -0.00545498 0.305624
601 0.00332309 -0.00104167 0.75438
602 0.0210491 -0.00463806 0.303275
603 0.00332309 -8.33333e-05 0.758908
604 0.0212088 -0.00381074 0.301838
605 0.00332309 0.000875 0.762507
606 0.0213334 -0.00298682 0.300853
607 0.00332309 0.00183333 0.765195
608 0.0214404 -0.00216231 0.29965
609 0.00332309 0.00279167 0.766992
610 0.0215179 -0.00132971 0.298744
611 0.00332309 0.00375 0.767918
612 0.0215524 -0.000492794 0.298682
613 0.00332309 0.00470833 0.767996
614 0.0215478 0.000338979 0.299311
615 0.00332309 0.00566667 0.767249
616 0.0215247 0.00116892 0.299786
617 0.00332309 0.006625 0.765702
618 0.0214712 0.00200153 0.300602
619 0.00333618 0.00757143 0.763306
620 0.0213731 0.00283246 0.302357
621 0.00338491 0.00850862 0.759909
622 0.021239 0.00365181 0.304735
623 0.00349956 0.00947189 0.755122
624 0.0210957 0.00446394 0.306623
625 0.0209435 0.00526757 0.308036
626 0.0207179 0.00611881 0.311222
627 0.0204311 0.00688566 0.316648
628 0.0201545 0.00765913 0.320745
629 0.0198864 0.00843215 0.323644
630 0.019526 0.00923369 0.329059
631 0.0191287 0.00995366 0.336057
632 0.00477324 0.0105916 0.73591
633 0.0187176 0.010666 0.342934
634 0.00586296 0.0108229 0.719333
635 0.0182947 0.0113805 0.349503
636 0.00691554 0.0111593 0.699488
637 0.017843 0.012089 0.356586
638 0.00794646 0.0115603 0.676372
639 0.0173533 0.0127728 0.364907
640 0.00899408 0.0120163 0.649136
641 0.0168335 0.0134361 0.374222
642 0.0100119 0.0125619 0.618355
643 0.0163028 0.0140909 0.383736
644 0.01102 0.0131775 0.583458
645 0.0157681 0.014741 0.393269
646 0.0121149 0.0137607 0.542279
647 0.0152752 0.0154206 0.400551
648 0.0128809 0.0146307 0.504464
649 0.0145154 0.0159145 0.422255
650 0.0136872 0.0152798 0.465122
651 0.00429681 -0.0199825 0.446884
652 0.00517759 -0.0200917 0.435835
653 0.00592732 -0.0198337 0.434981
654 0.00667643 -0.0195667 0.433187
655 0.00744026 -0.0193397 0.428961
656 0.00820335 -0.0190482 0.425265
657 0.00891977 -0.0186829 0.423042
658 0.00964182 -0.0183148 0.41963
659 0.0103544 -0.0179465 0.415227
660 0.0111278 -0.0176934 0.405579
661 0.011692 -0.0171085 0.407326
662 0.00423675 -0.018855 0.477171
663 0.0123356 -0.0166116 0.404112
664 0.00420172 -0.0178458 0.502818
665 0.0129873 -0.0161356 0.39911
666 0.00416153 -0.0168697 0.526475
667 0.013715 -0.0157694 0.388615
668 0.00415414 -0.0158958 0.548647
669 0.0141827 -0.0151041 0.390349
670 0.00415414 -0.0149375 0.569279
671 0.01474 -0.0145286 0.38674
672 0.00415414 -0.0139792 0.588794
673 0.0152868 -0.0139333 0.382766
674 0.00415414 -0.0130208 0.607201
675 0.0158401 -0.0133604 0.377137
676 0.00415414 -0.0120625 0.624507
677 0.0163542 -0.0127316 0.372685
678 0.00415414 -0.0111042 0.640722
679 0.0168051 -0.0120745 0.369705
680 0.00415414 -0.0101458 0.655855
681 0.0172528 -0.0114064 0.36602
682 0.00415414 -0.0091875 0.669915
683 0.0177095 -0.0107594 0.360735
684 0.00415414 -0.00822917 0.682912
685 0.0181228 -0.0100543 0.356786
686 0.00415414 -0.00727083 0.694857
687 0.0184662 -0.00933931 0.354451
688 0.00415414 -0.0063125 0.705759
689 0.0188109 -0.00862075 0.351184
690 0.00415414 -0.00535417 0.715631
691 0.0191587 -0.00790601 0.346834
692 0.00415414 -0.00439583 0.724484
693 0.0194563 -0.00714439 0.343892
694 0.00415414 -0.0034375 0.732333
695 0.0196841 -0.0063887 0.342591
696 0.00415414 -0.00247917 0.73919
697 0.0199108 -0.00562301 0.340532
698 0.00415414 -0.00152083 0.745069
699 0.0201509 -0.00486043 0.337044
700 0.00415414 -0.0005625 0.749988
701 0.0203312 -0.00405633 0.335236
702 0.00415414 0.000395833 0.753962
703 0.0204353 -0.0032612 0.335452
704 0.00415414 0.00135417 0.757008
705 0.0205448 -0.00246981 0.33457
706 0.00415414 0.0023125 0.759146
707 0.0206554 -0.00168342 0.332765
708 0.00415414 0.00327083 0.760396
709 0.0207232 -0.000872853 0.331852
710 0.00415414 0.00422917 0.760779
711 0.0207078 -7.37864e-05 0.333391
712 0.00415414 0.0051875 0.760316
713 0.0206896 0.000724262 0.334198
714 0.00415414 0.00614583 0.759032
715 0.0206763 0.0015187 0.333964
716 0.00415414 0.00710417 0.756952
717 0.0206128 0.0023214 0.334891
718 0.00419678 0.00799386 0.753877
719 0.0204712 0.00311173 0.338164
720 0.00427208 0.00888104 0.749796
721 0.0203291 0.00390671 0.340593
722 0.0201794 0.0046992 0.342483
723 0.0201617 0.00551269 0.338078
724 0.0197658 0.00622243 0.348771
725 0.0194795 0.00698044 0.353899
726 0.0192107 0.00774434 0.357464
727 0.0190715 0.00854683 0.354716
728 0.0185706 0.00918773 0.367177
729 0.0181818 0.00988795 0.373872
730 0.0128233 0.0129844 0.528047
731 0.0177702 0.0105841 0.380811
732 0.0126246 0.00371074 0.601836
733 0.0173804 0.0112804 0.386277
734 0.00777653 0.0104754 0.687365
735 0.0169263 0.0119612 0.393843
736 0.0088149 0.0109479 0.661741
737 0.0164182 0.0125932 0.403717
738 0.00998465 0.0113708 0.629763
739 0.0158771 0.0132457 0.414164
740 0.0109649 0.0121154 0.595962
741 0.0153232 0.013925 0.424425
742 0.0119493 0.0126438 0.560582
743 0.014663 0.0147719 0.435929
744 0.0132817 0.013713 0.502912
745 0.013776 0.0144153 0.475019
746 0.00510393 -0.0192472 0.459234
747 0.00595533 -0.0188681 0.460129
748 0.00679168 -0.0186067 0.456665
749 0.00755247 -0.0185499 0.447681
750 0.00815711 -0.0181123 0.449675
751 0.00890683 -0.0177221 0.447089
752 0.00969001 -0.0173115 0.443116
753 0.0106241 -0.0168893 0.435041
754 0.0114461 -0.0162166 0.433001
755 0.00511083 -0.0183097 0.483238
756 0.0122278 -0.0156356 0.428117
757 0.00503239 -0.0173537 0.50738
758 0.0130966 -0.0150605 0.419389
759 0.00494399 -0.0163837 0.53079
760 0.00498519 -0.0154167 0.551768
761 0.0137706 -0.0142899 0.417645
762 0.00498519 -0.0144583 0.571816
763 0.0143743 -0.0136465 0.413849
764 0.00498519 -0.0135 0.590745
765 0.0149325 -0.0130258 0.409688
766 0.00498519 -0.0125417 0.608565
767 0.0155639 -0.0126023 0.398799
768 0.00498519 -0.0115833 0.625287
769 0.0158846 -0.011911 0.400963
770 0.00498519 -0.010625 0.640919
771 0.0163214 -0.0112474 0.398211
772 0.00498519 -0.00966667 0.65547
773 0.0167556 -0.010572 0.39474
774 0.00498519 -0.00870833 0.668949
775 0.0173181 -0.0100529 0.383849
776 0.00498519 -0.00775 0.681365
777 0.0175321 -0.00931653 0.38673
778 0.00498519 -0.00679167 0.692729
779 0.0178614 -0.00859961 0.384597
780 0.00498519 -0.00583333 0.703052
781 0.018196 -0.00787301 0.381463
782 0.00498519 -0.004875 0.712345
783 0.0186599 -0.00727146 0.371487
784 0.00498519 -0.00391667 0.72062
785 0.0187501 -0.00651569 0.375694
786 0.00498519 -0.00295833 0.72789
787 0.0189681 -0.00575856 0.374467
788 0.00498519 -0.002 0.734169
789 0.0192031 -0.00500602 0.3717
790 0.00498519 -0.00104167 0.739471
791 0.0195606 -0.00430813 0.363081
792 0.00498519 -8.33333e-05 0.743813
793 0.0195428 -0.00351707 0.368397
794 0.00498519 0.000875 0.747211
795 0.0196348 -0.00274125 0.368646
796 0.00498519 0.00183333 0.749682
797 0.0197538 -0.00196713 0.367013
798 0.00498519 0.00279167 0.751247
799 0.0199941 -0.00123749 0.359729
800 0.00498519 0.00375 0.751924
801 0.0198652 -0.000489634 0.366084
802 0.00498519 0.00470833 0.751736
803 0.0198322 0.00030549 0.367976
804 0.00498519 0.00566667 0.750706
805 0.0198254 0.00110109 0.368003
806 0.00500005 0.00660555 0.74872
807 0.0199472 0.00183871 0.362256
808 0.00502289 0.00751866 0.745941
809 0.0197049 0.00254273 0.370147
810 0.00504957 0.00837709 0.742604
811 0.0195471 0.00336863 0.373601
812 0.0193887 0.00424715 0.375918
813 0.019246 0.00526417 0.37581
814 0.018843 0.00624121 0.384543
815 0.0185177 0.00714571 0.389672
816 0.0182137 0.00816041 0.391872
817 0.0176728 0.00902883 0.403182
818 0.0172319 0.0097931 0.410996
819 0.00585056 0.008843 0.729721
820 0.0167995 0.0105085 0.41837
821 0.0165692 0.0112323 0.417508
822 0.00859611 0.00983457 0.674244
823 0.0160046 0.0117257 0.43181
824 0.0095868 0.010294 0.648115
825 0.0154812 0.0123757 0.442031
826 0.0111139 0.011107 0.601139
827 0.014898 0.0130347 0.454073
828 0.0119332 0.0116819 0.571383
829 0.0143241 0.0137057 0.465395
830 0.00752851 0.00929668 0.699263
831 0.0104658 0.0104748 0.624264
832 0.012909 0.0121211 0.535576
833 0.0138754 0.0126856 0.49581
834 0.00607033 -0.0177438 0.487048
835 0.00720492 -0.0176506 0.474928
836 0.00812254 -0.0171894 0.472486
837 0.00888025 -0.0167425 0.47064
838 0.0096935 -0.0163014 0.466299
839 0.0105423 -0.0158013 0.460987
840 0.0113131 -0.0152333 0.457075
841 0.0120849 -0.0146528 0.451847
842 0.00569216 -0.0168222 0.513053
843 0.0128091 -0.0140167 0.447253
844 0.00579669 -0.0159477 0.531777
845 0.00583038 -0.0149646 0.552558
846 0.0134591 -0.0133607 0.443377
847 0.0058349 -0.0139986 0.572141
848 0.0141005 -0.0127187 0.438119
849 0.00581624 -0.0130208 0.591066
850 0.014851 -0.0120099 0.429617
851 0.00581624 -0.0120625 0.608294
852 0.00581624 -0.0111042 0.624426
853 0.0153677 -0.0111468 0.428549
854 0.00581624 -0.0101458 0.639469
855 0.0158832 -0.0103828 0.424634
856 0.00581624 -0.0091875 0.653429
857 0.0165189 -0.00957993 0.416227
858 0.00581624 -0.00822917 0.666317
859 0.00581624 -0.00727083 0.678141
860 0.0168966 -0.00864907 0.416016
861 0.00581624 -0.0063125 0.688913
862 0.0172927 -0.00781572 0.412746
863 0.00581624 -0.00535417 0.698644
864 0.0177906 -0.00693104 0.405345
865 0.00581624 -0.00439583 0.707343
866 0.00581624 -0.0034375 0.715024
867 0.0180224 -0.00595307 0.406373
868 0.00581624 -0.00247917 0.721699
869 0.018289 -0.0050631 0.404203
870 0.00581624 -0.00152083 0.727382
871 0.0186429 -0.00410308 0.398196
872 0.00581624 -0.0005625 0.732087
873 0.00581624 0.000395833 0.735831
874 0.0187224 -0.00309675 0.400806
875 0.00581624 0.00135417 0.73863
876 0.0188538 -0.0021707 0.399944
877 0.00581624 0.0023125 0.740501
878 0.0190473 -0.00117034 0.395839
879 0.00581624 0.00327083 0.741465
880 0.00581624 0.00422917 0.741542
881 0.0189832 -0.000180539 0.399807
882 0.00581624 0.0051875 0.740754
883 0.0189721 0.000752227 0.400597
884 0.00582912 0.00613891 0.73896
885 0.0190166 0.00176263 0.398103
886 0.00586224 0.00706685 0.736131
887 0.00588887 0.00796656 0.732736
888 0.0188004 0.00273223 0.404067
889 0.0186226 0.00364012 0.407655
890 0.0184408 0.00455602 0.410299
891 0.0181844 0.00549323 0.414486
892 0.0178579 0.00639947 0.420348
893 0.0175261 0.00731272 0.425286
894 0.0171285 0.00819079 0.431892
895 0.0166856 0.0089968 0.439927
896 0.0162653 0.00979001 0.446508
897 0.0157666 0.010719 0.453601
898 0.00941998 0.00923649 0.659289
899 0.0150433 0.0114799 0.469969
900 0.0146209 0.0122017 0.475626
901 0.0121318 0.0106511 0.57547
902 0.0067802 0.00843499 0.716819
903 0.00847616 0.00874315 0.683172
904 0.0103587 0.00953822 0.634193
905 0.0112958 0.0100351 0.605233
906 0.0128455 0.011254 0.547204
907 0.0138946 0.0114822 0.510047
908 0.00658027 -0.0166498 0.506712
909 0.00744953 -0.0167561 0.492502
910 0.00807116 -0.0162167 0.495614
911 0.00875986 -0.015747 0.494929
912 0.00963442 -0.015333 0.48845
913 0.0104062 -0.0148061 0.484675
914 0.0111525 -0.0142477 0.480551
915 0.0118625 -0.013663 0.476263
916 0.0125339 -0.0130565 0.471863
917 0.00664682 -0.0154784 0.531891
918 0.00672741 -0.0145194 0.550916
919 0.0131829 -0.0124239 0.467128
920 0.00664062 -0.0135052 0.572005
921 0.0138133 -0.0117657 0.461979
922 0.00662565 -0.0125305 0.590228
923 0.0143876 -0.011044 0.457997
924 0.00664729 -0.0115833 0.606382
925 0.00664729 -0.010625 0.621919
926 0.0149077 -0.010278 0.454862
927 0.00664729 -0.00966667 0.636363
928 0.0154442 -0.00951738 0.449877
929 0.00664729 -0.00870833 0.649722
930 0.0159092 -0.00869821 0.446448
931 0.00664729 -0.00775 0.662007
932 0.00664729 -0.00679167 0.673229
933 0.0163117 -0.00786266 0.443843
934 0.00664729 -0.00583333 0.683396
935 0.0167196 -0.00702263 0.439875
936 0.00664729 -0.004875 0.69252
937 0.0170597 -0.0061528 0.437119
938 0.00664729 -0.00391667 0.700611
939 0.00664729 -0.00295833 0.707681
940 0.0173281 -0.00525416 0.435749
941 0.00664729 -0.002 0.713743
942 0.0175957 -0.00435341 0.433217
943 0.00664729 -0.00104167 0.71881
944 0.0177962 -0.00343782 0.431841
945 0.00664729 -8.33333e-05 0.722897
946 0.00664729 0.000875 0.72602
947 0.0179283 -0.00250825 0.431718
948 0.00664729 0.00183333 0.728194
949 0.0180579 -0.001578 0.430516
950 0.00664729 0.00279167 0.729439
951 0.0181156 -0.000648912 0.43068
952 0.00664729 0.00375 0.729773
953 0.00664729 0.00470833 0.729218
954 0.0181079 0.000281696 0.432041
955 0.00664729 0.00566667 0.727798
956 0.0181002 0.00121138 0.432299
957 0.00669359 0.00661439 0.72482
958 0.0180272 0.0021229 0.433805
959 0.00674046 0.00755247 0.721039
960 0.0178748 0.00301871 0.437155
961 0.0176868 0.00390547 0.44081
962 0.0174602 0.00478446 0.444892
963 0.0171919 0.00566443 0.449478
964 0.0168794 0.00653362 0.454738
965 0.0165192 0.0073813 0.460922
966 0.0161218 0.00819899 0.467811
967 0.015693 0.00899732 0.475201
968 0.015195 0.00980057 0.484255
969 0.0145403 0.0105967 0.498157
970 0.0102032 0.00860447 0.644325
971 0.0092812 0.00817572 0.668596
972 0.0122331 0.00967466 0.581217
973 0.0132842 0.010365 0.542421
974 0.00760438 0.00813895 0.703471
975 0.0112836 0.00894303 0.613963
976 0.00779307 -0.0150965 0.524249
977 0.00882975 -0.0149156 0.511342
978 0.00951562 -0.0143701 0.510437
979 0.0102686 -0.0138315 0.506751
980 0.0109607 -0.0132743 0.503213
981 0.0116222 -0.0126979 0.49936
982 0.0122641 -0.0121449 0.494272
983 0.00748724 -0.0139712 0.551449
984 0.0128702 -0.0115276 0.489923
985 0.00739439 -0.0129728 0.571738
986 0.0134033 -0.0108588 0.48705
987 0.00746582 -0.0120467 0.587245
988 0.0139262 -0.0101501 0.483851
989 0.00751008 -0.0111168 0.602162
990 0.00750028 -0.0101572 0.617266
991 0.0144315 -0.00941779 0.480251
992 0.00747834 -0.0091875 0.63159
993 0.0149041 -0.00866914 0.476573
994 0.00747834 -0.00822917 0.644338
995 0.0153305 -0.00789247 0.473391
996 0.00747834 -0.00727083 0.656011
997 0.00747834 -0.0063125 0.666618
998 0.0157193 -0.00709545 0.470401
999 0.00747834 -0.00535417 0.676167
1000 0.0160793 -0.0062768 0.467356
1001 0.00747834 -0.00439583 0.68467
1002 0.0163738 -0.0054323 0.465452
1003 0.00747834 -0.0034375 0.692136
1004 0.00747834 -0.00247917 0.698578
1005 0.0166216 -0.00457294 0.464044
1006 0.00747834 -0.00152083 0.704008
1007 0.0168339 -0.00370451 0.46275
1008 0.00747834 -0.0005625 0.708439
1009 0.0170007 -0.00282688 0.461915
1010 0.00747834 0.000395833 0.711885
1011 0.00747834 0.00135417 0.714361
1012 0.0171267 -0.00194324 0.461404
1013 0.00747834 0.0023125 0.715885
1014 0.0172108 -0.00105384 0.46126
1015 0.00747834 0.00327083 0.716473
1016 0.017239 -0.00016526 0.461982
1017 0.00747834 0.00422917 0.716145
1018 0.00747834 0.0051875 0.714923
1019 0.0172308 0.000721727 0.46293
1020 0.00751166 0.00615051 0.712228
1021 0.0171871 0.00159895 0.464104
1022 0.00755926 0.00711371 0.708394
1023 0.0171177 0.00244764 0.465245
1024 0.0169619 0.00329461 0.468484
1025 0.016736 0.00411301 0.473378
1026 0.0164922 0.00495444 0.477935
1027 0.0162127 0.00579441 0.482853
1028 0.0158936 0.00662093 0.488358
1029 0.0155316 0.00742537 0.494683
1030 0.0151439 0.00820151 0.50137
1031 0.0147249 0.00894989 0.508695
1032 0.0141207 0.0096674 0.521939
1033 0.00842745 0.00767624 0.689372
1034 0.00730017 -0.0160003 0.511675
1035 0.0108283 0.00797872 0.632168
1036 0.00998716 0.00759001 0.655196
1037 0.0123451 0.00861748 0.586255
1038 0.0131729 0.00926575 0.556072
1039 0.00853224 -0.0140412 0.534027
1040 0.0094664 -0.0133886 0.53036
1041 0.0100959 -0.0128687 0.52811
1042 0.0107524 -0.0123158 0.524742
1043 0.0113757 -0.0117391 0.52128
1044 0.012043 -0.0113418 0.512653
1045 0.0124296 -0.0106644 0.514198
1046 0.00824355 -0.0125076 0.567306
1047 0.0129565 -0.00999527 0.511166
1048 0.00838335 -0.0116413 0.580055
1049 0.0134509 -0.00929524 0.508243
1050 0.0083889 -0.0106631 0.595751
1051 0.00832776 -0.00967738 0.61148
1052 0.013922 -0.00857916 0.505009
1053 0.0082982 -0.00870807 0.62533
1054 0.0143556 -0.00785075 0.501834
1055 0.00830939 -0.00775 0.637271
1056 0.0147522 -0.00711337 0.498729
1057 0.00830939 -0.00679167 0.648322
1058 0.00830939 -0.00583333 0.658301
1059 0.015125 -0.00636961 0.495346
1060 0.00830939 -0.004875 0.667218
1061 0.0154457 -0.00555916 0.493079
1062 0.00830939 -0.00391667 0.675084
1063 0.0156794 -0.00475769 0.49236
1064 0.00830939 -0.00295833 0.68191
1065 0.00830939 -0.002 0.687705
1066 0.0158888 -0.00393479 0.49156
1067 0.00830939 -0.00104167 0.692482
1068 0.0160639 -0.00310522 0.490889
1069 0.00830939 -8.33333e-05 0.696254
1070 0.0162117 -0.00226918 0.490151
1071 0.00830939 0.000875 0.699034
1072 0.00830939 0.00183333 0.700838
1073 0.0163173 -0.00142312 0.489841
1074 0.00830939 0.00279167 0.701682
1075 0.0163655 -0.000572696 0.490453
1076 0.00830939 0.00375 0.701583
1077 0.0163733 0.000276185 0.491463
1078 0.00830939 0.00470833 0.700559
1079 0.00832623 0.00567065 0.698291
1080 0.0163487 0.00112807 0.49262
1081 0.00836593 0.00665112 0.694611
1082 0.0162764 0.00197812 0.494437
1083 0.0163303 0.00274555 0.491316
1084 0.0160158 0.00344546 0.500013
1085 0.0157928 0.0042692 0.504537
1086 0.0155373 0.00508534 0.509346
1087 0.0152563 0.005896 0.514236
1088 0.0149306 0.00668619 0.519963
1089 0.0145564 0.00745256 0.526735
1090 0.014203 0.00817591 0.53253
1091 0.0138844 0.00883606 0.537198
1092 0.00919785 0.00714218 0.675338
1093 0.00806466 -0.0133156 0.555286
1094 0.0106322 0.00708864 0.641881
1095 0.0132765 0.00827393 0.560908
1096 0.00920955 -0.0123607 0.553694
1097 0.0104318 -0.0113542 0.547468
1098 0.0113203 -0.0106513 0.539897
1099 0.0119475 -0.00986386 0.537322
1100 0.0124784 -0.00915611 0.534491
1101 0.00934179 -0.0112212 0.57055
1102 0.0129634 -0.00845688 0.531497
1103 0.00920902 -0.0101329 0.58973
1104 0.00909796 -0.00917675 0.605332
1105 0.0134059 -0.00776004 0.528467
1106 0.00911686 -0.00822436 0.617505
1107 0.0138015 -0.00706658 0.525626
1108 0.00915873 -0.00729591 0.627906
1109 0.0141626 -0.00636594 0.522836
1110 0.00913161 -0.00632138 0.639002
1111 0.00914044 -0.00535417 0.64827
1112 0.0146354 -0.0057101 0.515501
1113 0.00914044 -0.00439583 0.656541
1114 0.0147386 -0.00490938 0.519212
1115 0.00914044 -0.0034375 0.663757
1116 0.014968 -0.00413201 0.518159
1117 0.00914044 -0.00247917 0.669924
1118 0.00914044 -0.00152083 0.675053
1119 0.0151354 -0.00334196 0.518128
1120 0.00914044 -0.0005625 0.679157
1121 0.0152895 -0.00254801 0.517637
1122 0.00914044 0.000395833 0.682246
1123 0.0154415 -0.00175813 0.51632
1124 0.00914044 0.00135417 0.684335
1125 0.00914044 0.0023125 0.685439
1126 0.0155091 -0.000942002 0.516823
1127 0.00914044 0.00327083 0.685574
1128 0.0155081 -0.000138553 0.51861
1129 0.00914044 0.00422917 0.684755
1130 0.0155258 0.000686106 0.519003
1131 0.00917556 0.00517728 0.682284
1132 0.00917484 0.00613018 0.67963
1133 0.015465 0.00157016 0.521003
1134 0.0153584 0.00257449 0.523374
1135 0.0150969 0.00353543 0.52946
1136 0.0148555 0.00438899 0.53427
1137 0.0145973 0.00520083 0.53896
1138 0.0143309 0.00598287 0.543329
1139 0.0139638 0.00675817 0.550224
1140 0.013567 0.00748062 0.557743
1141 0.0134213 0.00304733 0.580847
1142 0.00997262 0.00657451 0.66015
1143 0.00995839 -0.0120115 0.545775
1144 0.0101879 -0.0104428 0.566633
1145 0.0109291 -0.00971834 0.561999
1146 0.0115156 -0.00898725 0.559173
1147 0.0120278 -0.00830357 0.556137
1148 0.0124905 -0.00761402 0.553234
1149 0.00999219 -0.00953722 0.583636
1150 0.00978333 -0.00870791 0.598852
1151 0.0128942 -0.00689486 0.55108
1152 0.0100735 -0.00785673 0.603975
1153 0.0132985 -0.00615521 0.548095
1154 0.00994377 -0.00681482 0.618369
1155 0.00234797 0.0119594 0.751279
1156 0.00993489 -0.00583203 0.628577
1157 0.00997051 -0.00487257 0.636562
1158 0.0124647 0.00752588 0.590345
1159 0.00997149 -0.00391667 0.644137
1160 0.0140519 -0.00440007 0.542476
1161 0.00997149 -0.00295833 0.650685
1162 0.0142097 -0.00357387 0.543618
1163 0.00997149 -0.002 0.656174
1164 0.00997149 -0.00104167 0.660618
1165 0.0143526 -0.00277392 0.544118
1166 0.00997149 -8.33333e-05 0.664026
1167 0.0145211 -0.0020173 0.542814
1168 0.00997149 0.000875 0.666405
1169 0.0147691 -0.00128832 0.538211
1170 0.00997149 0.00183333 0.667773
1171 0.00997149 0.00279167 0.668153
1172 0.0146271 -0.000553622 0.544548
1173 0.00999619 0.0037359 0.667017
1174 0.0146538 0.000262918 0.545302
1175 0.0100249 0.00467763 0.664843
1176 0.0147759 0.00105963 0.542285
1177 0.0100601 0.00564072 0.661505
1178 0.014514 0.0018537 0.550192
1179 0.0143541 0.00279224 0.553978
1180 0.0141827 0.00369756 0.55717
1181 0.0139112 0.00455158 0.562646
1182 0.0136571 0.00530337 0.567232
1183 0.0135131 0.00609208 0.567691
1184 0.0129387 0.00672896 0.581288
1185 0.0110055 0.0061961 0.636678
1186 0.0106169 -0.00875371 0.581644
1187 0.0116182 -0.00746565 0.575503
1188 0.0120275 -0.00674614 0.573819
1189 0.0107545 -0.00721955 0.597295
1190 0.012775 -0.00525148 0.569682
1191 0.0106727 -0.00629562 0.60884
1192 0.0107819 -0.0053446 0.615571
1193 0.0108435 -0.00441659 0.622012
1194 0.0108025 -0.0034375 0.629997
1195 0.0133145 -0.00379317 0.566703
1196 0.0108392 -0.00247449 0.635071
1197 0.013437 -0.00299513 0.56834
1198 0.0108582 -0.00152088 0.639408
1199 0.0108668 -0.000564845 0.642935
1200 0.013557 -0.00215041 0.569415
1201 0.0108661 0.000397533 0.64564
1202 0.0137648 -0.00118172 0.567595
1203 0.0108299 0.00135718 0.648105
1204 0.0107884 0.0022993 0.649668
1205 0.0108182 0.0032707 0.648606
1206 0.0137007 -0.00011995 0.572247
1207 0.0108931 0.00414882 0.645577
1208 0.0137827 0.000969462 0.571542
1209 0.0109578 0.0050939 0.641714
1210 0.0135169 0.00210709 0.579172
1211 0.0133962 0.00394154 0.579587
1212 0.0128557 0.00473588 0.592704
1213 0.0127462 0.00574931 0.591781
1214 0.0120359 0.00647906 0.608201
1215 0.0110965 -0.00809193 0.579796
1216 0.0123696 -0.00597207 0.573303
1217 0.0132712 -0.00460536 0.562017
1218 0.0112973 -0.00671402 0.590882
1219 0.0117767 -0.00500633 0.596163
1220 0.0116702 -0.00391312 0.607043
1221 0.011688 -0.0029429 0.612922
1222 0.0125938 -0.00247552 0.593253
1223 0.0117365 -0.00200019 0.616826
1224 0.0117623 -0.0010534 0.620229
1225 0.0117715 -9.33599e-05 0.623007
1226 0.012694 -0.00156978 0.594895
1227 0.0117713 0.000904182 0.624992
1228 0.0137631 -0.00536565 0.542886
1229 0.0116963 0.00188608 0.627691
1230 0.0115183 0.00272878 0.631939
1231 0.0117688 0.00357916 0.624745
1232 0.0127353 0.000406547 0.599557
1233 0.0118587 0.00446403 0.620572
1234 0.0126736 0.0014815 0.602368
1235 0.0124744 -0.00426291 0.585049
1236 0.0114644 -0.00587309 0.595569
1237 0.0124648 0.00264808 0.607757
1238 0.0056433 0.00984077 0.72811
1239 0.0125161 -0.0033656 0.590116
1240 0.0118831 0.00538898 0.617005
1241 0.0127439 -0.000606584 0.59697
1242 0.00364474 0.01042 0.74933
1243 0.00657646 0.00930216 0.716091
1244 0.00452939 0.00978105 0.742993
1245 0.0142032 0.0170266 0.414919
1246 0.00443023 0.0204218 0.658933
1247 0.00417724 0.0186773 0.680077
1248 0.00488289 0.0191869 0.665084
1249 0.00850263 0.0200008 0.579521
1250 0.00903782 0.0170573 0.598115
1251 0.00822898 0.0165335 0.625025
1252 0.00744988 0.0161022 0.647656
1253 0.00974594 0.0176261 0.57088
1254 0.00665638 0.0156913 0.668088
1255 0.0104464 0.0182346 0.540823
1256 0.00577279 0.0153068 0.687568
1257 0.0111255 0.0188908 0.508041
1258 0.00492688 0.0150203 0.703089
1259 0.0117896 0.0194417 0.474069
1260 0.00404421 0.0147851 0.716391
1261 0.0122354 0.0204917 0.439384
1262 0.00313889 0.0145903 0.727263
1263 0.00224325 0.014412 0.73559
1264 0.00121257 0.0142899 0.74185
1265 0.0113386 0.021143 0.468624
1266 0.01052 0.0217174 0.493486
1267 0.00967555 0.0221096 0.518671
1268 0.000821743 0.0157921 0.731609
1269 0.0087906 0.0224748 0.542352
1270 0.000868815 0.0167142 0.723817
1271 0.00790721 0.0228012 0.563316
1272 0.000865535 0.0176875 0.715292
1273 0.00700395 0.0230938 0.582164
1274 0.000841969 0.0186806 0.706184
1275 0.00609017 0.0233523 0.598661
1276 0.000841969 0.0196528 0.69674
1277 0.00517446 0.0235716 0.612738
1278 0.000841969 0.020625 0.686878
1279 0.00423554 0.0237594 0.624695
1280 0.000790306 0.0216061 0.676718
1281 0.00331841 0.0238725 0.634403
1282 0.000826874 0.0226 0.66578
1283 0.00240308 0.0239649 0.641693
1284 0.000843375 0.0236699 0.65362
1285 0.000729775 0.0150074 0.738034
1286 0.00160773 0.0240942 0.64534
1287 0.00816266 0.0175218 0.616223
1288 0.00887082 0.0180405 0.591699
1289 0.0074242 0.0170691 0.638569
1290 0.00666741 0.0166489 0.658813
1291 0.00956105 0.0185897 0.565035
1292 0.00587567 0.0162778 0.677094
1293 0.0102516 0.0192441 0.534591
1294 0.00507123 0.015963 0.692926
1295 0.0110224 0.0200233 0.496767
1296 0.00425753 0.0156938 0.706367
1297 0.003374 0.0155398 0.717505
1298 0.00247552 0.0154004 0.726353
1299 0.0016086 0.0151971 0.733222
1300 0.0104928 0.0208524 0.505395
1301 0.00975328 0.0211633 0.527524
1302 0.00893769 0.0215223 0.549149
1303 0.00172748 0.0161313 0.725153
1304 0.00806387 0.0218666 0.569982
1305 0.00176455 0.0171419 0.716324
1306 0.00720092 0.0221613 0.58829
1307 0.00172612 0.01816 0.707321
1308 0.00632208 0.0224278 0.604595
1309 0.00168023 0.0191667 0.697998
1310 0.00544085 0.0226622 0.618617
1311 0.0016893 0.020186 0.687782
1312 0.00454203 0.022851 0.630813
1313 0.00165878 0.0211824 0.677592
1314 0.00368324 0.0229953 0.640421
1315 0.00149651 0.0220518 0.669048
1316 0.00277446 0.0230086 0.649623
1317 0.00181877 0.0229888 0.656977
1318 0.00801725 0.0184967 0.609313
1319 0.00732052 0.0180371 0.630909
1320 0.00870111 0.0190134 0.585344
1321 0.00663053 0.0176108 0.650065
1322 0.0059325 0.0171995 0.667397
1323 0.00933845 0.019589 0.55994
1324 0.00514224 0.0168984 0.683382
1325 0.0099441 0.0202013 0.53303
1326 0.00439935 0.0166281 0.696414
1327 0.00364574 0.0163503 0.707817
1328 0.00273579 0.0164564 0.715648
1329 0.0091229 0.0205656 0.554875
1330 0.00827563 0.0209281 0.575087
1331 0.00741384 0.0212325 0.593777
1332 0.00261887 0.0176296 0.706188
1333 0.00652027 0.0214989 0.610953
1334 0.00256554 0.0186758 0.696836
1335 0.00567603 0.0217082 0.625129
1336 0.0025581 0.0197242 0.686614
1337 0.00480795 0.021922 0.637262
1338 0.00251713 0.0207781 0.676123
1339 0.00396638 0.0220959 0.647039
1340 0.00239886 0.0219582 0.664445
1341 0.00322559 0.0222816 0.653371
1342 0.00713648 0.0190171 0.624684
1343 0.0078742 0.0194407 0.602475
1344 0.00649306 0.0186015 0.642758
1345 0.00588204 0.0181411 0.659063
1346 0.00528057 0.0176891 0.67369
1347 0.00442013 0.017664 0.686676
1348 0.00354106 0.0172023 0.701475
1349 0.00766553 0.0203444 0.597614
1350 0.00678473 0.0205671 0.615639
1351 0.00346356 0.0181612 0.693435
1352 0.00591484 0.0207292 0.631466
1353 0.00339102 0.0191997 0.68413
1354 0.00504994 0.0210246 0.643323
1355 0.00349043 0.020314 0.671817
1356 0.00415199 0.0211871 0.654585
1357 0.00330444 0.0213753 0.662526
1358 0.00712014 0.0198221 0.616288
1359 0.0056893 0.0190501 0.653277
1360 0.00503678 0.0184223 0.670421
1361 0.0062974 0.0196705 0.635525
1362 0.00522424 0.0199921 0.651583
1363 0.00424615 0.0196372 0.669618
1364 0.00515837 0.039195 0.382011
1365 0.00978781 0.0298676 0.425472
1366 0.00479002 0.0410423 0.349413
1367 0.00800779 0.031765 0.450287
1368 0.0115672 0.0407395 0.215633
1369 0.0121493 0.0400689 0.210535
1370 0.0126931 0.0393717 0.205533
1371 0.0109234 0.0413842 0.221355
1372 0.0131947 0.0386133 0.201349
1373 0.0102661 0.0419755 0.226825
1374 0.013681 0.0378496 0.196217
1375 0.00956457 0.0425309 0.232471
1376 0.0141179 0.037068 0.19156
1377 0.00884161 0.043058 0.2375
1378 0.0144878 0.0362613 0.188217
1379 0.00808356 0.0435391 0.242541
1380 0.0148221 0.035416 0.185285
1381 0.0072963 0.0439701 0.247495
1382 0.0150996 0.034576 0.183138
1383 0.00648686 0.0443489 0.252236
1384 0.0153213 0.0337104 0.182175
1385 0.00566684 0.0447035 0.25589
1386 0.0155111 0.0328334 0.181344
1387 0.00483472 0.0450053 0.259163
1388 0.0156517 0.031952 0.181382
1389 0.0039449 0.0452325 0.263046
1390 0.0157353 0.031056 0.182806
1391 0.00305824 0.0454338 0.265585
1392 0.0157695 0.0301644 0.185294
1393 0.00218066 0.0456246 0.266414
1394 0.0157566 0.0292724 0.188931
1395 0.00117813 0.0457459 0.267627
1396 0.0156867 0.0283794 0.194374
1397 0.0155629 0.0274923 0.201713
1398 0.0154065 0.0266117 0.210227
1399 0.0151975 0.025752 0.221389
1400 0.000781525 0.0442818 0.305087
1401 0.0149327 0.0248863 0.236108
1402 0.000836341 0.0433872 0.326218
1403 0.0146283 0.0240412 0.254632
1404 0.000836424 0.0424442 0.347881
1405 0.0141843 0.0232111 0.285506
1406 0.000815821 0.0414855 0.369169
1407 0.0137172 0.0223577 0.323607
1408 0.000815821 0.0405435 0.389283
1409 0.000815821 0.0396014 0.408692
1410 0.000815821 0.0386594 0.427418
1411 0.000815821 0.0377174 0.445488
1412 0.0121405 0.0228096 0.410943
1413 0.000815821 0.0367754 0.462926
1414 0.0112779 0.0232407 0.444627
1415 0.000815821 0.0358333 0.479759
1416 0.0103451 0.0236716 0.476484
1417 0.000815821 0.0348913 0.496015
1418 0.00941637 0.0240542 0.504327
1419 0.000815821 0.0339493 0.511721
1420 0.00846005 0.0244083 0.529398
1421 0.000815821 0.0330072 0.526905
1422 0.00749691 0.0247195 0.551391
1423 0.000815821 0.0320652 0.541591
1424 0.0065233 0.0249957 0.570488
1425 0.000815821 0.0311232 0.555807
1426 0.00553127 0.0252325 0.586986
1427 0.000815821 0.0301812 0.569574
1428 0.00452901 0.0254387 0.60063
1429 0.000815821 0.0292391 0.582916
1430 0.00351427 0.0256056 0.611583
1431 0.000837891 0.0282525 0.596383
1432 0.00248807 0.0257333 0.619798
1433 0.000867044 0.0272121 0.61009
1434 0.00161353 0.025668 0.626448
1435 0.000762346 0.0260112 0.625801
1436 0.000681031 0.0450262 0.287069
1437 0.012852 0.0223578 0.380006
1438 0.010646 0.0405126 0.245295
1439 0.011246 0.0398676 0.240497
1440 0.0117404 0.0392047 0.237617
1441 0.0122502 0.0385138 0.233361
1442 0.0100256 0.0410578 0.250995
1443 0.0127209 0.0377888 0.229469
1444 0.00939168 0.0416006 0.255607
1445 0.0131531 0.0370576 0.225561
1446 0.00871845 0.0421277 0.259927
1447 0.013569 0.0363347 0.220763
1448 0.00801005 0.0426017 0.264537
1449 0.0139122 0.0355136 0.218486
1450 0.00728397 0.0430201 0.269109
1451 0.0141611 0.034729 0.218079
1452 0.00652179 0.0434049 0.273451
1453 0.0144041 0.0339279 0.216956
1454 0.00574055 0.0437327 0.277722
1455 0.0146062 0.0331024 0.216542
1456 0.00496202 0.0440457 0.280651
1457 0.0147566 0.0322639 0.217249
1458 0.00415166 0.0443217 0.28316
1459 0.0148655 0.0314285 0.218653
1460 0.00327064 0.0444851 0.287279
1461 0.0149311 0.0305796 0.221041
1462 0.00239593 0.0446458 0.289532
1463 0.0149329 0.0297283 0.225412
1464 0.00153167 0.0448675 0.288367
1465 0.0148916 0.0288912 0.230999
1466 0.0148055 0.0280406 0.238201
1467 0.0146598 0.0271977 0.248
1468 0.0144857 0.026377 0.259235
1469 0.0142987 0.0255708 0.271522
1470 0.00167289 0.0439488 0.310099
1471 0.0139994 0.0247292 0.291197
1472 0.00171298 0.0429754 0.332706
1473 0.0137681 0.0239529 0.308472
1474 0.00166866 0.0419834 0.355267
1475 0.0130877 0.0233232 0.354947
1476 0.00163836 0.0410145 0.376446
1477 0.00163836 0.0400725 0.396171
1478 0.00163836 0.0391304 0.415198
1479 0.00163836 0.0381884 0.433552
1480 0.00163836 0.0372464 0.45126
1481 0.0121227 0.0238419 0.399809
1482 0.00163836 0.0363043 0.468349
1483 0.0111701 0.0242466 0.437641
1484 0.00163836 0.0353623 0.484846
1485 0.0102063 0.0246533 0.470311
1486 0.00163836 0.0344203 0.50078
1487 0.00923583 0.0250409 0.498706
1488 0.00163836 0.0334783 0.516178
1489 0.00824253 0.0253811 0.524091
1490 0.00163836 0.0325362 0.531067
1491 0.00724443 0.0256837 0.546052
1492 0.00163836 0.0315942 0.545476
1493 0.00622896 0.0259488 0.56509
1494 0.00163836 0.0306522 0.559429
1495 0.00519842 0.0261815 0.581142
1496 0.00163836 0.0297101 0.572941
1497 0.00414973 0.0263817 0.594252
1498 0.00163224 0.0287537 0.586264
1499 0.00305041 0.026546 0.604781
1500 0.00170132 0.0277558 0.599379
1501 0.00180432 0.0266766 0.612925
1502 0.00976535 0.0401628 0.274497
1503 0.0104348 0.0397188 0.265361
1504 0.0107826 0.0390052 0.268547
1505 0.011311 0.0383889 0.263793
1506 0.0117888 0.0376976 0.260411
1507 0.0091558 0.0406702 0.279464
1508 0.0121964 0.0369825 0.258331
1509 0.00855448 0.0412039 0.282338
1510 0.0126117 0.0362857 0.254475
1511 0.00789955 0.0416887 0.285975
1512 0.0131025 0.0356549 0.245818
1513 0.00721572 0.0420873 0.290551
1514 0.0132286 0.0348605 0.251118
1515 0.00651705 0.0424705 0.294266
1516 0.0134662 0.0340958 0.251074
1517 0.00575692 0.0427793 0.299088
1518 0.0137134 0.0333244 0.249716
1519 0.00500886 0.043067 0.302665
1520 0.0138693 0.0325283 0.251099
1521 0.00429468 0.0434088 0.303099
1522 0.0139779 0.0317441 0.253475
1523 0.0035557 0.0436832 0.303886
1524 0.0140822 0.0309524 0.255281
1525 0.00264645 0.0435813 0.313461
1526 0.0141098 0.0301396 0.259684
1527 0.0140702 0.0293469 0.266409
1528 0.0140311 0.0285461 0.272767
1529 0.0139064 0.0277304 0.282893
1530 0.0137317 0.0269474 0.295411
1531 0.0135791 0.0261645 0.307209
1532 0.0134924 0.0253553 0.316221
1533 0.0129881 0.0245099 0.34942
1534 0.0025435 0.0424842 0.339283
1535 0.00247613 0.0414935 0.361583
1536 0.0024609 0.0405435 0.381884
1537 0.0024609 0.0396014 0.401194
1538 0.0024609 0.0386594 0.419816
1539 0.0024609 0.0377174 0.437776
1540 0.0024609 0.0367754 0.455098
1541 0.011987 0.0249098 0.39511
1542 0.0024609 0.0358333 0.471815
1543 0.0110336 0.0252573 0.432182
1544 0.0024609 0.0348913 0.487954
1545 0.0100471 0.0256795 0.464435
1546 0.0024609 0.0339493 0.503544
1547 0.0090299 0.026038 0.493577
1548 0.0024609 0.0330072 0.518614
1549 0.00799809 0.0263703 0.518955
1550 0.0024609 0.0320652 0.53319
1551 0.00695642 0.0266643 0.54084
1552 0.0024609 0.0311232 0.547301
1553 0.00590226 0.0269179 0.559504
1554 0.00247701 0.0301469 0.561336
1555 0.00483972 0.0271432 0.574822
1556 0.00249484 0.0291703 0.574901
1557 0.0037592 0.0273637 0.586647
1558 0.00238563 0.0283175 0.587309
1559 0.00270338 0.0274793 0.595916
1560 0.00894668 0.0397164 0.302402
1561 0.00973315 0.0390875 0.29495
1562 0.0103465 0.0381889 0.294296
1563 0.0109573 0.0376541 0.285809
1564 0.0112198 0.0369078 0.289733
1565 0.00826116 0.0402757 0.306916
1566 0.0116888 0.0361468 0.286422
1567 0.00780873 0.0408831 0.304125
1568 0.0122307 0.0352777 0.280673
1569 0.00712187 0.0411467 0.31187
1570 0.00643278 0.0415494 0.315354
1571 0.0125079 0.0342846 0.283476
1572 0.00582092 0.0419389 0.316478
1573 0.012778 0.0334454 0.283428
1574 0.00502893 0.0420103 0.325873
1575 0.0131052 0.03277 0.278347
1576 0.00422431 0.0424432 0.32574
1577 0.0130733 0.0320186 0.28698
1578 0.00343816 0.0428388 0.324454
1579 0.0131822 0.0312358 0.289847
1580 0.0133896 0.0305192 0.287409
1581 0.0132344 0.029784 0.299671
1582 0.0131982 0.0290028 0.30705
1583 0.0132557 0.028218 0.310067
1584 0.012945 0.027488 0.329264
1585 0.0127629 0.0265779 0.344373
1586 0.0127295 0.0256068 0.353431
1587 0.00334178 0.0419413 0.345327
1588 0.00328343 0.0410145 0.365805
1589 0.00331774 0.040071 0.385106
1590 0.00332479 0.0391449 0.403597
1591 0.00331379 0.0382053 0.421849
1592 0.00328343 0.0372464 0.439981
1593 0.00328343 0.0363043 0.456895
1594 0.0118609 0.0259931 0.390156
1595 0.00328343 0.0353623 0.473216
1596 0.0108981 0.0263653 0.42577
1597 0.00328343 0.0344203 0.488975
1598 0.0098469 0.0266965 0.459935
1599 0.00328343 0.0334783 0.5042
1600 0.00879501 0.0270643 0.488599
1601 0.00328343 0.0325362 0.51892
1602 0.00772461 0.0273782 0.513815
1603 0.00328343 0.0315942 0.53316
1604 0.0066512 0.0276569 0.535201
1605 0.00328104 0.0306215 0.547427
1606 0.00556992 0.0279019 0.553089
1607 0.00333045 0.0296016 0.561385
1608 0.00447914 0.0281354 0.56731
1609 0.00334429 0.0284425 0.577147
1610 0.00868666 0.0387372 0.326227
1611 0.00800114 0.0394088 0.328874
1612 0.00937502 0.0379686 0.323248
1613 0.0101639 0.0371123 0.316835
1614 0.010688 0.0361797 0.316299
1615 0.00723547 0.0401424 0.32999
1616 0.0111471 0.0353226 0.314819
1617 0.0115231 0.0344542 0.314508
1618 0.00628459 0.0405992 0.337398
1619 0.00558128 0.0411709 0.336265
1620 0.0118434 0.0335359 0.315241
1621 0.012184 0.0325789 0.314346
1622 0.00412599 0.041498 0.347432
1623 0.0122772 0.0315089 0.32211
1624 0.0124201 0.0304843 0.326649
1625 0.0123574 0.0294331 0.338603
1626 0.0122956 0.0283449 0.350629
1627 0.0118281 0.0271731 0.380617
1628 0.00415182 0.0405089 0.367997
1629 0.00421918 0.0396338 0.384994
1630 0.00418079 0.0387143 0.403402
1631 0.00416053 0.03774 0.421979
1632 0.00410597 0.0367754 0.440105
1633 0.00410597 0.0358333 0.456586
1634 0.00410597 0.0348913 0.472488
1635 0.0106768 0.0273502 0.423779
1636 0.00410597 0.0339493 0.487844
1637 0.0096217 0.0277617 0.45526
1638 0.00410597 0.0330072 0.502684
1639 0.00853957 0.0281094 0.483401
1640 0.00410597 0.0320652 0.51703
1641 0.00743128 0.0283947 0.508383
1642 0.00406186 0.0311253 0.531431
1643 0.00632322 0.0286616 0.529115
1644 0.00410051 0.030177 0.544532
1645 0.00524796 0.0288944 0.545553
1646 0.00424547 0.0291717 0.55659
1647 0.00772818 0.0384645 0.351834
1648 0.00836579 0.0377266 0.351171
1649 0.00701962 0.0390851 0.354223
1650 0.00899716 0.0369559 0.349428
1651 0.0096514 0.036188 0.344946
1652 0.0101615 0.0353558 0.343419
1653 0.00621676 0.0396501 0.357352
1654 0.0105131 0.0345433 0.34471
1655 0.0108534 0.0337116 0.345384
1656 0.00519305 0.0401906 0.361905
1657 0.0111469 0.0328368 0.346888
1658 0.0113434 0.0318867 0.351371
1659 0.0114497 0.0309285 0.358218
1660 0.0114628 0.0299239 0.368201
1661 0.0114016 0.0289423 0.380358
1662 0.0113043 0.0280662 0.392694
1663 0.00793805 0.0325 0.44184
1664 0.00507041 0.0382212 0.401709
1665 0.00500776 0.0372471 0.420383
1666 0.00496688 0.0363025 0.437595
1667 0.0049571 0.0353577 0.45379
1668 0.00492851 0.0344203 0.469573
1669 0.0104669 0.0284126 0.419722
1670 0.00492851 0.0334783 0.484497
1671 0.00943923 0.0289376 0.447385
1672 0.00493164 0.0324991 0.49944
1673 0.00823065 0.0291312 0.479216
1674 0.00491465 0.0315363 0.513933
1675 0.0071093 0.0294191 0.502671
1676 0.00475997 0.0307032 0.52812
1677 0.00601061 0.0296783 0.521692
1678 0.00503186 0.0298862 0.535543
1679 0.00748662 0.0376329 0.371452
1680 0.00680287 0.0381163 0.376037
1681 0.00781291 0.0367554 0.37988
1682 0.00604281 0.0386631 0.379003
1683 0.00862685 0.0359699 0.374143
1684 0.00927634 0.0353957 0.366732
1685 0.00953528 0.0346205 0.371394
1686 0.00986205 0.0338295 0.373429
1687 0.010203 0.0330391 0.373955
1688 0.0104244 0.0321693 0.378085
1689 0.0105148 0.0312782 0.385927
1690 0.010599 0.0303739 0.393572
1691 0.0105184 0.0293826 0.407326
1692 0.00590108 0.0376906 0.399161
1693 0.00586105 0.0367342 0.41674
1694 0.00582939 0.035811 0.433002
1695 0.00579705 0.0348752 0.448933
1696 0.00578666 0.0339345 0.464042
1697 0.00576113 0.0329691 0.479278
1698 0.00893002 0.0299579 0.449768
1699 0.00574308 0.03193 0.494978
1700 0.00789209 0.0302168 0.473901
1701 0.0056938 0.0307668 0.51251
1702 0.00678504 0.0304219 0.496362
1703 0.00672449 0.0371121 0.395322
1704 0.00765068 0.0356781 0.400894
1705 0.0084598 0.0348497 0.39549
1706 0.0088324 0.0339354 0.399718
1707 0.00925763 0.0331124 0.399958
1708 0.0096513 0.0324323 0.397919
1709 0.00960201 0.0316241 0.409754
1710 0.00965386 0.0307047 0.419628
1711 0.00667564 0.0353179 0.42628
1712 0.00665917 0.0343859 0.441406
1713 0.00664497 0.0334881 0.455412
1714 0.00655251 0.0324815 0.472092
1715 0.00864642 0.0310743 0.443466
1716 0.00656945 0.0314402 0.486677
1717 0.0075563 0.0310853 0.470365
1718 0.00677289 0.0362323 0.409423
1719 0.00742212 0.0348331 0.419037
1720 0.00767536 0.033949 0.427151
1721 0.00832801 0.0331461 0.423455
1722 0.00878745 0.0322269 0.424496
1723 0.00739612 0.0330072 0.447026
1724 0.0072926 0.0320378 0.463065
