1 1.53081e-18 -0.025 0.357021
2 1.02054e-18 0.0133333 0.875501
3 1.53081e-18 0.025 0.765947
4 1.02054e-18 0.0466667 0.313621
5 0.0146855 0.0378813 0.146786
6 0.0239236 -0.00725686 0.160798
7 0.0138888 0.020787 0.425644
8 0 0.00566667 0.885247
9 0 -0.002 0.86388
10 0 -0.00966667 0.774636
11 0 -0.0173333 0.608896
12 0.0249925 0.000613864 0.147796
13 0.0235385 0.00842262 0.179146
14 0.0197084 0.0153812 0.321995
15 0.00788126 0.0153145 0.716887
16 0.00784211 -0.0237382 0.303133
17 0.0148926 -0.0200801 0.257241
18 0.0204397 -0.014395 0.202214
19 0 0.0191667 0.836507
20 0.00725686 0.0239236 0.636504
21 0.00855639 0.0443027 0.228782
22 0.0166486 0.0292241 0.147481
23 0 0.0394444 0.512331
24 0 0.0322222 0.657876
25 0.0151463 0.0118348 0.535214
26 0.0135344 -0.0128255 0.461926
27 0.0123994 -0.00110677 0.639958
28 0.0109884 0.00701752 0.690386
29 0.00727497 -0.0151921 0.555735
30 0.0162129 -0.0075576 0.466696
31 0.00784668 -0.00663302 0.699162
32 0.0189811 -0.00229871 0.408494
33 0.00594699 0.00168254 0.796997
34 0.017709 0.0042605 0.472125
35 0.00493297 0.00870473 0.812617
36 0.00792471 0.0355746 0.432028
37 0.0058631 0.0294991 0.600063
