1 0 0 6.88299
2 -1.31814e-05 0.0843 6.9466
3 0.00145398 0.000383755 6.13799
4 0.00290796 0.000767511 6.01422
5 0.00436194 0.00115127 5.98077
6 0.00580542 0.00157128 5.98734
7 0.00723935 0.00202425 5.96669
8 0.00867327 0.00247723 5.96241
9 0.0101057 0.00293444 5.99793
10 0.011511 0.00346975 5.98613
11 0.0129163 0.00400505 6.00667
12 0.0143008 0.00458986 6.02017
13 0.0156682 0.00521555 6.01585
14 0.0170338 0.0058449 6.06647
15 0.0183598 0.00655418 6.09893
16 0.0196515 0.00732349 6.12839
17 0.0209111 0.00814389 6.1667
18 0.0221353 0.00901624 6.23313
19 0.0233014 0.00996451 6.29965
20 0.0244063 0.0109839 6.36569
21 0.0254507 0.0120649 6.45697
22 0.026414 0.0132187 6.54063
23 0.0273025 0.0144315 6.63093
24 0.0281059 0.015702 6.71622
25 0.0288241 0.0170229 6.78708
26 0.0294652 0.0183827 6.85113
27 0.0300347 0.0197739 6.91002
28 0.0305352 0.0211914 6.96464
29 0.0309674 0.0226313 7.01293
30 0.0313341 0.0240893 7.05866
31 0.031634 0.0255625 7.09988
32 0.0318663 0.0270478 7.13639
33 0.0320277 0.0285425 7.16486
34 0.0321152 0.0300433 7.18303
35 0.0321258 0.0315467 7.18857
36 0.0320565 0.0330484 7.17828
37 0.0319072 0.0345444 7.15393
38 0.0316773 0.0360301 7.11342
39 0.0313712 0.0375021 7.06393
40 0.0309916 0.0389569 7.00484
41 0.0305466 0.040393 6.94544
42 0.0300417 0.0418092 6.88568
43 0.0294864 0.0432066 6.83137
44 0.0288878 0.0445859 6.78064
45 0.0282551 0.0459499 6.7415
46 0.0275956 0.0473013 6.70828
47 0.0269175 0.0486435 6.68375
48 0.0262282 0.04998 6.66727
49 0.0255352 0.0513146 6.65687
50 0.024846 0.0526511 6.65365
51 0.0241682 0.0539934 6.65698
52 0.0235091 0.055345 6.66391
53 0.0228779 0.0567099 6.6795
54 0.0222818 0.0580905 6.69869
55 0.0217306 0.0594895 6.72695
56 0.0212259 0.060906 6.75568
57 0.0207751 0.0623405 6.79464
58 0.020373 0.0637895 6.83277
59 0.0200202 0.0652512 6.88566
60 0.019697 0.0667198 6.93391
61 0.0193903 0.0681919 6.99097
62 0.0190668 0.0696604 7.0324
63 0.0186921 0.0711166 7.0511
64 0.0182242 0.0725448 7.02433
65 0.0176169 0.07392 6.92466
66 0.0168718 0.0752244 6.7941
67 0.015943 0.0764058 6.58664
68 0.0149078 0.0774954 6.45015
69 0.0137551 0.0784598 6.30491
70 0.0125067 0.0792978 6.17523
71 0.0112177 0.0800706 6.11738
72 0.0098908 0.0807761 6.07604
73 0.00852814 0.0814117 6.04148
74 0.00712256 0.0819462 5.98317
75 0.00571697 0.0824807 5.99264
76 0.00431062 0.0830129 6.01955
77 0.00286935 0.0834419 6.02648
78 0.00142808 0.083871 6.15153
79 -1.29461e-05 0.0827946 5.03588
80 -1.27107e-05 0.0812893 3.40887
81 -1.24753e-05 0.0797839 2.11426
82 -1.22399e-05 0.0782786 1.18143
83 -1.20045e-05 0.0767732 0.605976
84 -1.17691e-05 0.0752679 0.289768
85 -1.15338e-05 0.0737625 0.131088
86 -1.12984e-05 0.0722571 0.0571453
87 -1.1063e-05 0.0707518 0.0243146
88 -1.08276e-05 0.0692464 0.0101815
89 -1.05922e-05 0.0677411 0.00421803
90 -1.03569e-05 0.0662357 0.0017348
91 -1.01215e-05 0.0647304 0.000709932
92 -9.88609e-06 0.063225 0.000289517
93 -9.6507e-06 0.0617196 0.000117782
94 -9.41532e-06 0.0602143 4.78359e-05
95 -9.17994e-06 0.0587089 1.94056e-05
96 -8.94455e-06 0.0572036 7.86622e-06
97 -8.70917e-06 0.0556982 3.18708e-06
98 -8.47379e-06 0.0541929 1.29091e-06
99 -8.2384e-06 0.0526875 5.22819e-07
100 -8.00302e-06 0.0511821 2.11746e-07
101 -7.76764e-06 0.0496768 8.57757e-08
102 -7.53226e-06 0.0481714 3.47717e-08
103 -7.29687e-06 0.0466661 1.41434e-08
104 -7.06149e-06 0.0451607 5.8621e-09
105 -6.82611e-06 0.0436554 2.69325e-09
106 -6.59072e-06 0.04215 1.87034e-09
107 -6.35534e-06 0.0406446 2.67507e-09
108 -6.11996e-06 0.0391393 5.80809e-09
109 -5.88457e-06 0.0376339 1.39981e-08
110 -5.64919e-06 0.0361286 3.43783e-08
111 -5.41381e-06 0.0346232 8.47016e-08
112 -5.17843e-06 0.0331179 2.08809e-07
113 -4.94304e-06 0.0316125 5.14825e-07
114 -4.70766e-06 0.0301071 1.26934e-06
115 -4.47228e-06 0.0286018 3.12944e-06
116 -4.23689e-06 0.0270964 7.71402e-06
117 -4.00151e-06 0.0255911 1.90085e-05
118 -3.76613e-06 0.0240857 4.68126e-05
119 -3.53074e-06 0.0225804 0.000115181
120 -3.29536e-06 0.021075 0.000282998
121 -3.05998e-06 0.0195696 0.000693859
122 -2.8246e-06 0.0180643 0.00169591
123 -2.58921e-06 0.0165589 0.00412602
124 -2.35383e-06 0.0150536 0.00996985
125 -2.11845e-06 0.0135482 0.0238448
126 -1.88306e-06 0.0120429 0.0561481
127 -1.64768e-06 0.0105375 0.12908
128 -1.4123e-06 0.00903214 0.285858
129 -1.17691e-06 0.00752679 0.598487
130 -9.41532e-07 0.00602143 1.15904
131 -7.06149e-07 0.00451607 2.05527
132 -4.70766e-07 0.00301071 3.33001
133 -2.35383e-07 0.00150536 4.96371
134 0.0156832 0.0315843 3.9935e-07
135 0.0155569 0.0300035 8.69788e-07
136 0.0154277 0.028502 2.26401e-06
137 0.0153059 0.0341746 2.76524e-07
138 0.010337 0.0706495 0.0442384
139 0.0133917 0.0768838 3.82421
140 0.0122982 0.0777205 3.81288
141 0.0143821 0.0759369 3.81573
142 0.0111045 0.0784578 3.76547
143 0.0152951 0.0749809 3.93421
144 0.00985471 0.0791543 3.75293
145 0.0160907 0.0738491 3.97602
146 0.00858857 0.0798203 3.80262
147 0.01668 0.0726346 3.86206
148 0.00729128 0.0804049 3.84619
149 0.0171717 0.0713437 3.73997
150 0.00589638 0.0809245 3.83643
151 0.0175775 0.0699867 3.59862
152 0.00443674 0.0814159 3.81079
153 0.0179354 0.0685896 3.48279
154 0.00286629 0.0817823 3.70417
155 0.0182658 0.0671857 3.40051
156 0.00144704 0.0822631 3.97223
157 0.0185944 0.065704 3.31462
158 0.0189432 0.0642136 3.25953
159 0.0193354 0.0627234 3.24915
160 0.0197721 0.061244 3.26097
161 0.0015934 0.0806169 2.25863
162 0.0202614 0.0597813 3.29632
163 0.00128116 0.0790034 1.16216
164 0.0208032 0.0583355 3.34607
165 0.00127416 0.0775089 0.527955
166 0.0213894 0.0569094 3.39506
167 0.00129179 0.0760207 0.208557
168 0.0220119 0.0555078 3.44017
169 0.00129203 0.0745154 0.0758357
170 0.022673 0.0541026 3.47417
171 0.00129226 0.07301 0.0271667
172 0.0233437 0.0527518 3.51215
173 0.0012925 0.0715047 0.00987372
174 0.02403 0.0513966 3.53071
175 0.00129273 0.0699993 0.00367079
176 0.0247222 0.0500562 3.54964
177 0.00129297 0.068494 0.00139434
178 0.0254069 0.0487269 3.55975
179 0.0012932 0.0669886 0.000538996
180 0.0260852 0.047392 3.56481
181 0.00129344 0.0654832 0.000211172
182 0.0267443 0.0460629 3.57046
183 0.00129367 0.0639779 8.35686e-05
184 0.0273745 0.04473 3.56923
185 0.00129391 0.0624725 3.33173e-05
186 0.0279815 0.0433792 3.57324
187 0.00129414 0.0609672 1.33559e-05
188 0.0285226 0.0420368 3.54366
189 0.00129438 0.0594618 5.37573e-06
190 0.0290172 0.0406765 3.51196
191 0.00129462 0.0579565 2.1703e-06
192 0.0294676 0.0393025 3.49981
193 0.00129485 0.0564511 8.78201e-07
194 0.0298594 0.0379121 3.49065
195 0.00129509 0.0549457 3.55984e-07
196 0.0301849 0.0365115 3.48376
197 0.00129532 0.0534404 1.445e-07
198 0.0304408 0.0350965 3.47873
199 0.00129556 0.051935 5.87221e-08
200 0.0306201 0.033675 3.46928
201 0.00129579 0.0504297 2.38884e-08
202 0.0307256 0.0322445 3.463
203 0.00129603 0.0489243 9.72933e-09
204 0.0307564 0.0308121 3.45955
205 0.00129626 0.047419 3.97165e-09
206 0.0307103 0.0293782 3.45251
207 0.0012965 0.0459136 1.6355e-09
208 0.0305944 0.0279486 3.45388
209 0.00129673 0.0444082 7.04775e-10
210 0.0304112 0.0265238 3.46518
211 0.00129697 0.0429029 3.78489e-10
212 0.0301577 0.0251091 3.47586
213 0.0012972 0.0413975 3.77617e-10
214 0.0298372 0.023708 3.48901
215 0.00129744 0.0398922 7.04657e-10
216 0.0294554 0.0223245 3.51435
217 0.00129768 0.0383868 1.64753e-09
218 0.0290114 0.0209613 3.54958
219 0.00129791 0.0368815 4.03228e-09
220 0.0285038 0.0196242 3.59124
221 0.00129815 0.0353761 9.9466e-09
222 0.0279276 0.018317 3.63167
223 0.00129838 0.0338707 2.45692e-08
224 0.0272758 0.0170517 3.65771
225 0.00129862 0.0323654 6.0715e-08
226 0.0265646 0.0158276 3.70929
227 0.00129885 0.03086 1.50107e-07
228 0.0257746 0.0146574 3.75094
229 0.00129909 0.0293547 3.71375e-07
230 0.0249006 0.0135322 3.78026
231 0.00129932 0.0278493 9.19752e-07
232 0.0239442 0.0124837 3.77714
233 0.00129956 0.026344 2.28119e-06
234 0.022919 0.0115092 3.76077
235 0.00129979 0.0248386 5.6692e-06
236 0.0218397 0.0105771 3.77048
237 0.00130003 0.0233332 1.41274e-05
238 0.020711 0.00971038 3.7841
239 0.00130026 0.0218279 3.53346e-05
240 0.0195198 0.0089137 3.7699
241 0.0013005 0.0203225 8.88155e-05
242 0.0182914 0.00815685 3.76993
243 0.00130074 0.0188172 0.000224736
244 0.0170444 0.00742776 3.81188
245 0.00130097 0.0173118 0.000573778
246 0.0157677 0.00677297 3.83472
247 0.00130121 0.0158065 0.00148242
248 0.0144294 0.00617568 3.8115
249 0.00130144 0.0143011 0.00388912
250 0.0130875 0.00559654 3.81156
251 0.00130168 0.0127957 0.0103937
252 0.0117014 0.0050162 3.84667
253 0.00130191 0.0112904 0.0283098
254 0.0103372 0.00448207 3.87416
255 0.00130215 0.00978503 0.0781363
256 0.00894809 0.00401055 3.86393
257 0.00130238 0.00827967 0.211936
258 0.00753655 0.00358736 3.82931
259 0.00131725 0.00671041 0.546808
260 0.00612967 0.0031553 3.83797
261 0.00134628 0.00512579 1.22883
262 0.00469888 0.0027197 3.88127
263 0.00149057 0.00348171 2.39858
264 0.003035 0.00257238 3.54652
265 0.00148591 0.00197798 3.98047
266 0.0120476 0.0762651 2.17395
267 0.0130226 0.0754239 2.12776
268 0.0109755 0.0769721 2.16102
269 0.0138718 0.0745309 2.05991
270 0.00982852 0.0776713 2.19353
271 0.0147891 0.0737744 2.32814
272 0.00861862 0.0783105 2.21691
273 0.0152378 0.072675 2.00092
274 0.00737402 0.0788884 2.2455
275 0.0157253 0.0715178 1.82594
276 0.00609618 0.0794408 2.29736
277 0.0161088 0.0702565 1.6032
278 0.00476613 0.0799857 2.37129
279 0.0164774 0.0689324 1.44644
280 0.00323103 0.0805292 2.46268
281 0.0168241 0.0675529 1.33232
282 0.0171602 0.0661235 1.24772
283 0.0174998 0.0646408 1.18339
284 0.0178744 0.0631209 1.15172
285 0.0182955 0.0616 1.15308
286 0.0187676 0.0600897 1.17935
287 0.0192982 0.0585959 1.22928
288 0.00253948 0.078215 0.794469
289 0.0198743 0.0571254 1.2862
290 0.00257968 0.0767736 0.335145
291 0.0205004 0.0556736 1.35094
292 0.00258612 0.0752773 0.120563
293 0.0211556 0.0542481 1.40734
294 0.00259396 0.0737629 0.0402904
295 0.021841 0.0528476 1.46269
296 0.0025942 0.0722576 0.0133179
297 0.0225191 0.0514829 1.49343
298 0.00259443 0.0707522 0.00442705
299 0.0232179 0.0501283 1.52493
300 0.00259467 0.0692468 0.00149348
301 0.0239119 0.0487978 1.54938
302 0.00259491 0.0677415 0.000512687
303 0.0245892 0.0474716 1.5536
304 0.00259514 0.0662361 0.000179295
305 0.0252586 0.0461541 1.56132
306 0.00259538 0.0647308 6.38826e-05
307 0.0258971 0.0448469 1.55523
308 0.00259561 0.0632254 2.31766e-05
309 0.0264797 0.0435364 1.51617
310 0.00259585 0.0617201 8.55309e-06
311 0.0270244 0.0422268 1.47634
312 0.00259608 0.0602147 3.20665e-06
313 0.0275312 0.0409109 1.43873
314 0.00259632 0.0587093 1.21963e-06
315 0.0279889 0.0395887 1.40063
316 0.00259655 0.057204 4.69938e-07
317 0.0283914 0.0382583 1.3642
318 0.00259679 0.0556986 1.83199e-07
319 0.0287338 0.0369209 1.33162
320 0.00259702 0.0541933 7.21826e-08
321 0.0290112 0.0355741 1.30294
322 0.00259726 0.0526879 2.87272e-08
323 0.0292186 0.0342213 1.27819
324 0.00259749 0.0511826 1.15458e-08
325 0.0293557 0.0328618 1.26008
326 0.00259773 0.0496772 4.68761e-09
327 0.0294178 0.0314978 1.24537
328 0.00259797 0.0481718 1.92454e-09
329 0.0294106 0.0301317 1.24159
330 0.0025982 0.0466665 8.01705e-10
331 0.0293341 0.0287654 1.24773
332 0.00259844 0.0451611 3.43813e-10
333 0.0291947 0.027403 1.26996
334 0.00259867 0.0436558 1.62921e-10
335 0.0289866 0.0260459 1.29934
336 0.00259891 0.0421504 1.10696e-10
337 0.0287135 0.0246996 1.33783
338 0.00259914 0.0406451 1.48387e-10
339 0.0283734 0.0233695 1.3807
340 0.00259938 0.0391397 3.14726e-10
341 0.0279793 0.0220579 1.44128
342 0.00259961 0.0376343 7.63248e-10
343 0.027529 0.0207708 1.51636
344 0.00259985 0.036129 1.90471e-09
345 0.0270259 0.0195111 1.6094
346 0.00260008 0.0346236 4.7893e-09
347 0.0264447 0.0182865 1.69023
348 0.00260032 0.0331183 1.20939e-08
349 0.0257794 0.0171132 1.75012
350 0.00260055 0.0316129 3.06742e-08
351 0.0250745 0.0159895 1.83762
352 0.00260079 0.0301076 7.82103e-08
353 0.0243508 0.0148812 1.99238
354 0.00260103 0.0286022 2.00684e-07
355 0.0234627 0.0138483 2.03313
356 0.00260126 0.0270968 5.18872e-07
357 0.0225164 0.012933 2.04033
358 0.0026015 0.0255915 1.35359e-06
359 0.0215248 0.0120267 2.08666
360 0.00260173 0.0240861 3.56785e-06
361 0.0204683 0.0111799 2.1195
362 0.00260197 0.0225808 9.51588e-06
363 0.0193607 0.0103917 2.1449
364 0.0026022 0.0210754 2.57174e-05
365 0.0182066 0.00964229 2.17411
366 0.00260244 0.0195701 7.05197e-05
367 0.0170148 0.00893185 2.20969
368 0.00260267 0.0180647 0.000196416
369 0.0157903 0.00827572 2.23921
370 0.00260291 0.0165593 0.000556113
371 0.0145275 0.00766656 2.25588
372 0.00260314 0.015054 0.00160099
373 0.0132256 0.00707997 2.27555
374 0.00260338 0.0135486 0.00468317
375 0.0118966 0.00651649 2.30009
376 0.00260361 0.0120433 0.0138782
377 0.0105504 0.00598494 2.32158
378 0.00258733 0.0105127 0.0419319
379 0.00918378 0.00551002 2.31589
380 0.00258393 0.00898029 0.124717
381 0.00779526 0.00509542 2.27819
382 0.00261283 0.00743866 0.35015
383 0.00640961 0.00467528 2.27518
384 0.00262297 0.00586327 0.875207
385 0.00508262 0.00418478 2.38493
386 0.00261218 0.00418973 1.90975
387 0.00248197 0.0794929 1.50783
388 0.011845 0.0749832 1.19933
389 0.0108034 0.0754739 1.05633
390 0.0125178 0.0739854 0.957637
391 0.00976668 0.0762029 1.13114
392 0.0135813 0.0728882 0.922075
393 0.00862811 0.0768794 1.1776
394 0.00743383 0.0773898 1.15856
395 0.00621047 0.0779274 1.1896
396 0.0146442 0.0705148 0.632544
397 0.00499354 0.0784842 1.2653
398 0.0150058 0.0692459 0.494099
399 0.0153758 0.0678933 0.407271
400 0.0157232 0.0665158 0.351215
401 0.0160604 0.0650457 0.308039
402 0.016414 0.0635386 0.282529
403 0.0168063 0.0619957 0.27128
404 0.0172539 0.0604379 0.273733
405 0.0177634 0.0588959 0.289491
406 0.0183322 0.0573769 0.316152
407 0.00379985 0.0775971 0.651937
408 0.0189506 0.0558847 0.349038
409 0.00384885 0.0760847 0.25327
410 0.0196127 0.0544153 0.385595
411 0.00388443 0.0745494 0.0863273
412 0.0203 0.0529754 0.41932
413 0.00389891 0.0730448 0.0284004
414 0.0210057 0.0515817 0.453891
415 0.00390444 0.0715275 0.00913893
416 0.0217029 0.0502043 0.4735
417 0.00389637 0.0699997 0.00292919
418 0.0224129 0.0488621 0.496791
419 0.00389661 0.0684944 0.000960082
420 0.0230987 0.0475465 0.508543
421 0.00389684 0.066989 0.00031776
422 0.023776 0.0462297 0.512913
423 0.00389708 0.0654836 0.000106308
424 0.0243886 0.0449506 0.498763
425 0.00389731 0.0639783 3.59759e-05
426 0.0249833 0.0436645 0.48302
427 0.00389755 0.0624729 1.23218e-05
428 0.0255341 0.0423844 0.459028
429 0.00389778 0.0609676 4.27646e-06
430 0.0260535 0.0411056 0.43677
431 0.00389802 0.0594622 1.50649e-06
432 0.0265204 0.0398276 0.410999
433 0.00389825 0.0579569 5.39613e-07
434 0.0269343 0.0385488 0.385179
435 0.00389849 0.0564515 1.9702e-07
436 0.0272922 0.0372687 0.361446
437 0.00389873 0.0549461 7.35891e-08
438 0.027589 0.0359854 0.340195
439 0.00389896 0.0534408 2.82648e-08
440 0.0278199 0.0346991 0.32177
441 0.0038992 0.0519354 1.12321e-08
442 0.0279833 0.0334097 0.307222
443 0.00389943 0.0504301 4.64254e-09
444 0.0280766 0.0321169 0.296655
445 0.00389967 0.0489247 2.00244e-09
446 0.0281034 0.0308188 0.292197
447 0.0038999 0.0474194 9.02266e-10
448 0.028066 0.0295181 0.294972
449 0.00390014 0.045914 4.24678e-10
450 0.0279634 0.0282169 0.304536
451 0.00390037 0.0444086 2.10035e-10
452 0.0277969 0.0269194 0.320946
453 0.00390061 0.0429033 1.14114e-10
454 0.0275667 0.0256304 0.343752
455 0.00390084 0.0413979 8.16153e-11
456 0.027273 0.0243533 0.372511
457 0.00390108 0.0398926 1.02915e-10
458 0.0269209 0.0230906 0.40953
459 0.00390131 0.0383872 2.12244e-10
460 0.0265149 0.0218501 0.456433
461 0.00390155 0.0368819 5.28202e-10
462 0.0260708 0.0206372 0.521141
463 0.00390179 0.0353765 1.38205e-09
464 0.0256038 0.0194526 0.61459
465 0.00390202 0.0338711 3.67608e-09
466 0.0249941 0.0183089 0.668878
467 0.00390226 0.0323658 9.87551e-09
468 0.0242906 0.017257 0.697716
469 0.00390249 0.0308604 2.67714e-08
470 0.0236364 0.0161958 0.802305
471 0.00390273 0.0293551 7.3249e-08
472 0.0230608 0.0150714 1.03795
473 0.00390296 0.0278497 2.0234e-07
474 0.0220307 0.0143306 0.908348
475 0.0039032 0.0263444 5.64437e-07
476 0.0211759 0.0134306 0.999672
477 0.00390343 0.024839 1.59022e-06
478 0.0201877 0.0125833 1.04331
479 0.00390367 0.0233336 4.52511e-06
480 0.0191462 0.0118476 1.05374
481 0.0039039 0.0218283 1.3005e-05
482 0.0180746 0.0111087 1.09398
483 0.00390414 0.0203229 3.77449e-05
484 0.0169494 0.010396 1.13717
485 0.00390437 0.0188176 0.000110614
486 0.0157774 0.00974818 1.16135
487 0.00390461 0.0173122 0.000327267
488 0.0145675 0.00915103 1.17534
489 0.00390485 0.0158069 0.000977177
490 0.0133199 0.00856886 1.19655
491 0.00392805 0.0142772 0.00299191
492 0.0120449 0.00799921 1.22652
493 0.00394546 0.0127377 0.00929044
494 0.0107559 0.00745497 1.2602
495 0.00391186 0.0112091 0.0286851
496 0.00943069 0.00697358 1.26703
497 0.00382274 0.00970663 0.0854082
498 0.00806316 0.00657725 1.22936
499 0.0038853 0.00817824 0.247643
500 0.00664704 0.00623477 1.1656
501 0.00396944 0.00666008 0.642664
502 0.00524211 0.0057534 1.22164
503 0.00387893 0.00510419 1.42211
504 0.00385457 0.00373913 2.52311
505 0.0144005 0.0717445 0.918125
506 0.0037802 0.0790683 1.4014
507 0.0108726 0.0738426 0.439631
508 0.00954231 0.0746661 0.451636
509 0.00866169 0.0755886 0.600989
510 0.00749484 0.075913 0.516237
511 0.00628793 0.0763957 0.517844
512 0.00504484 0.0769771 0.564133
513 0.0135005 0.0696082 0.166099
514 0.0139294 0.068255 0.120423
515 0.0142848 0.0668678 0.0892214
516 0.0146191 0.0654445 0.0703857
517 0.0149622 0.063955 0.0592409
518 0.015322 0.0624229 0.0526632
519 0.0157304 0.0608324 0.049763
520 0.0162074 0.0592333 0.0507055
521 0.0167627 0.0576601 0.0559151
522 0.0173773 0.0561178 0.0640345
523 0.0180384 0.0546122 0.0743633
524 0.00512736 0.075427 0.210941
525 0.0187331 0.0531438 0.0862373
526 0.00518823 0.0738847 0.0711362
527 0.0194518 0.0517043 0.0981864
528 0.00521722 0.0723319 0.0225984
529 0.0201751 0.0502961 0.109082
530 0.00520881 0.0707799 0.00707991
531 0.0209012 0.0489213 0.118064
532 0.00519831 0.0692472 0.00225782
533 0.0216114 0.0476078 0.126699
534 0.00519854 0.0677419 0.000738738
535 0.0222911 0.0462984 0.129399
536 0.00519878 0.0662365 0.000243808
537 0.0229022 0.0450338 0.126098
538 0.00519902 0.0647312 8.12534e-05
539 0.0234984 0.0437685 0.121299
540 0.00519925 0.0632258 2.73001e-05
541 0.0240559 0.0425108 0.114174
542 0.00519949 0.0617205 9.28677e-06
543 0.0245749 0.041263 0.105811
544 0.00519972 0.0602151 3.21651e-06
545 0.0250525 0.0400225 0.0974464
546 0.00519996 0.0587097 1.13696e-06
547 0.0254807 0.0387877 0.0888666
548 0.00520019 0.0572044 4.1311e-07
549 0.0258518 0.0375568 0.0802021
550 0.00520043 0.055699 1.5578e-07
551 0.0261703 0.0363329 0.0731359
552 0.00520066 0.0541937 6.18466e-08
553 0.0264226 0.0351084 0.0665201
554 0.0052009 0.0526883 2.61937e-08
555 0.0266078 0.033886 0.0610182
556 0.00520113 0.051183 1.18461e-08
557 0.0267239 0.0326647 0.0565312
558 0.00520137 0.0496776 5.67194e-09
559 0.0267835 0.031439 0.0545605
560 0.0052016 0.0481722 2.84279e-09
561 0.0267792 0.0302065 0.0543583
562 0.00520184 0.0466669 1.474e-09
563 0.0267166 0.0289712 0.0567901
564 0.00520208 0.0451615 7.83e-10
565 0.0265852 0.0277348 0.0607094
566 0.00520231 0.0436562 4.23265e-10
567 0.0263981 0.0265034 0.0676143
568 0.00520255 0.0421508 2.36145e-10
569 0.0261461 0.0252794 0.0765023
570 0.00520278 0.0406455 1.50176e-10
571 0.02584 0.0240658 0.089166
572 0.00520302 0.0391401 1.45543e-10
573 0.0254652 0.0228667 0.10388
574 0.00520325 0.0376347 2.6e-10
575 0.0250536 0.0216924 0.125129
576 0.00520349 0.0361294 6.50847e-10
577 0.0246321 0.0205473 0.159039
578 0.00520372 0.034624 1.79296e-09
579 0.0243387 0.0193772 0.246617
580 0.00520396 0.0331187 5.05914e-09
581 0.0235204 0.018519 0.208677
582 0.00520419 0.0316133 1.44038e-08
583 0.0227563 0.0173494 0.250304
584 0.00520443 0.030108 4.12587e-08
585 0.0101629 0.0616447 0.000136365
586 0.00520466 0.0286026 1.18837e-07
587 0.0102851 0.069303 0.0160334
588 0.0052049 0.0270972 3.44149e-07
589 0.0207235 0.0148603 0.373158
590 0.00520514 0.0255919 1.00207e-06
591 0.019993 0.0138402 0.498821
592 0.00520537 0.0240865 2.93387e-06
593 0.0188933 0.0132896 0.429536
594 0.00520561 0.0225812 8.63798e-06
595 0.0178798 0.0125785 0.454075
596 0.00520584 0.0210758 2.55784e-05
597 0.0168516 0.0118323 0.506349
598 0.00520608 0.0195705 7.61884e-05
599 0.0157341 0.0111737 0.528433
600 0.00520631 0.0180651 0.00022827
601 0.0145666 0.0106238 0.524267
602 0.00520655 0.0165597 0.000688709
603 0.0133651 0.0100557 0.536993
604 0.00524855 0.0150097 0.00215278
605 0.0121392 0.00948569 0.55929
606 0.00528472 0.0134542 0.00680667
607 0.0109047 0.00893057 0.587066
608 0.00530811 0.0118722 0.0219084
609 0.00966962 0.00840385 0.622408
610 0.00517814 0.0103399 0.0671862
611 0.00835479 0.00797978 0.611184
612 0.00490685 0.00896771 0.173698
613 0.00701982 0.00775885 0.539414
614 0.00544031 0.00750968 0.473152
615 0.0120289 0.0725663 0.354653
616 0.0130523 0.0711625 0.280766
617 0.00929755 0.0731672 0.153558
618 0.00787818 0.0742418 0.194257
619 0.00643816 0.0748017 0.191409
620 0.0125009 0.0684923 0.0420069
621 0.0128658 0.0671886 0.0268425
622 0.0131766 0.0658439 0.0180464
623 0.0135043 0.0644099 0.0133749
624 0.0138497 0.0628984 0.0108362
625 0.0142154 0.0612843 0.00918403
626 0.0146373 0.0596358 0.00845382
627 0.0151634 0.0579846 0.00884959
628 0.0157733 0.0563825 0.0102473
629 0.0164394 0.054819 0.0122891
630 0.0171464 0.0533063 0.0149591
631 0.0178781 0.0518419 0.0181192
632 0.00653968 0.07322 0.0627962
633 0.0186244 0.0504066 0.0213424
634 0.00652837 0.0716145 0.0192027
635 0.0193691 0.0490044 0.0243304
636 0.00649918 0.0700486 0.00596526
637 0.0200889 0.0476721 0.0267957
638 0.00650025 0.0684948 0.00189601
639 0.0207699 0.0463751 0.028388
640 0.00650048 0.0669894 0.000626136
641 0.021403 0.0451103 0.0285771
642 0.00650072 0.0654841 0.000209559
643 0.0220119 0.0438532 0.0278561
644 0.00650692 0.0639951 7.14198e-05
645 0.0225766 0.0426132 0.0262658
646 0.00648975 0.0624874 2.42888e-05
647 0.0231004 0.041385 0.0241681
648 0.00648071 0.0609712 8.50091e-06
649 0.0235846 0.0401737 0.0219389
650 0.00650166 0.0594626 3.12607e-06
651 0.0240316 0.0389796 0.0199598
652 0.00650189 0.0579573 1.19294e-06
653 0.0244166 0.0377932 0.017671
654 0.00650213 0.0564519 4.79525e-07
655 0.024738 0.03661 0.0152799
656 0.00650237 0.0549466 2.07258e-07
657 0.0250393 0.0354554 0.0141717
658 0.0065026 0.0534412 9.78407e-08
659 0.0252362 0.0342757 0.0122203
660 0.00650284 0.0519358 4.90314e-08
661 0.0253711 0.0331502 0.0109256
662 0.00650307 0.0504305 2.53806e-08
663 0.0254513 0.0319786 0.0100334
664 0.00650331 0.0489251 1.34752e-08
665 0.025477 0.0308381 0.00976817
666 0.00650354 0.0474198 7.25981e-09
667 0.025453 0.0296487 0.0102151
668 0.00650378 0.0459144 3.9634e-09
669 0.0253626 0.0284959 0.0110524
670 0.00650401 0.0444091 2.16942e-09
671 0.0252064 0.0273057 0.0125528
672 0.00650425 0.0429037 1.18192e-09
673 0.0250026 0.02616 0.0147866
674 0.00650448 0.0413983 6.48969e-10
675 0.0247331 0.0249772 0.0181197
676 0.00650472 0.039893 3.85524e-10
677 0.0244123 0.0238444 0.0223358
678 0.00650495 0.0383876 3.17577e-10
679 0.0240033 0.022662 0.0280064
680 0.00650519 0.0368823 4.95699e-10
681 0.0235286 0.0214683 0.0358307
682 0.00650543 0.0353769 1.21375e-09
683 0.0219188 0.0160455 0.329453
684 0.00650566 0.0338716 3.40727e-09
685 0.0152182 0.0271756 5.40312e-06
686 0.0065059 0.0323662 9.85079e-09
687 0.0220533 0.0187006 0.0681222
688 0.00650613 0.0308608 2.86891e-08
689 0.0211736 0.0174354 0.090381
690 0.00650637 0.0293555 8.38455e-08
691 0.0065066 0.0278501 2.45789e-07
692 0.0201888 0.0162237 0.116253
693 0.00650684 0.0263448 7.22844e-07
694 0.0190482 0.014944 0.155495
695 0.00650707 0.0248394 2.13337e-06
696 0.00650731 0.0233341 6.32124e-06
697 0.0177078 0.0140916 0.159608
698 0.00650754 0.0218287 1.88126e-05
699 0.0166235 0.0132906 0.180182
700 0.00650778 0.0203233 5.62648e-05
701 0.0157351 0.01245 0.238334
702 0.00650801 0.018818 0.000169378
703 0.0145601 0.0120942 0.199822
704 0.00653407 0.0172892 0.000521433
705 0.0133693 0.0115501 0.203687
706 0.00655543 0.0157652 0.00161063
707 0.0121725 0.0109763 0.21583
708 0.00660202 0.0142102 0.00513634
709 0.0109725 0.0104037 0.23284
710 0.00667087 0.0126043 0.0170148
711 0.00974361 0.00986633 0.250105
712 0.00673999 0.0108386 0.0612109
713 0.00870851 0.00925907 0.30209
714 0.00617437 0.00913094 0.184203
715 0.0105051 0.0721914 0.13353
716 0.0117976 0.0698743 0.0575262
717 0.00747118 0.00932903 0.21293
718 0.0115405 0.0712715 0.127905
719 0.00787495 0.0724574 0.0556248
720 0.0115083 0.0674679 0.0107287
721 0.011744 0.0661964 0.00591163
722 0.0120318 0.0648591 0.00368341
723 0.0123877 0.0634107 0.00264485
724 0.0127464 0.0618282 0.00203956
725 0.0130615 0.0601342 0.0015119
726 0.01351 0.0584018 0.0013618
727 0.0141318 0.0566947 0.00156847
728 0.0148039 0.0550499 0.00189259
729 0.0155248 0.0534775 0.00237887
730 0.016283 0.0519752 0.00306575
731 0.0170473 0.0505253 0.00385368
732 0.01782 0.0490932 0.0046544
733 0.00780663 0.07084 0.0167333
734 0.018549 0.0477411 0.00535693
735 0.00776289 0.0692957 0.00530433
736 0.0192574 0.0464309 0.00591871
737 0.00776145 0.0677951 0.00176385
738 0.0199064 0.0451694 0.00620634
739 0.00778925 0.0662948 0.000604018
740 0.0205233 0.043922 0.00622308
741 0.00783776 0.0647905 0.000213494
742 0.0210994 0.0426934 0.00598777
743 0.0077945 0.063279 7.20939e-05
744 0.0216298 0.0414796 0.00553242
745 0.00773346 0.0617338 2.55399e-05
746 0.0221147 0.040282 0.00495742
747 0.00776025 0.0602159 9.95868e-06
748 0.0225676 0.0391162 0.00445636
749 0.0078036 0.0587102 4.20241e-06
750 0.0230067 0.0379853 0.00418209
751 0.00781899 0.0572154 1.87238e-06
752 0.0233299 0.0368236 0.00345869
753 0.00780894 0.0557181 8.71355e-07
754 0.0235777 0.0357002 0.00274518
755 0.00780398 0.0542013 4.55548e-07
756 0.024052 0.0346423 0.00356905
757 0.00782186 0.0527097 2.51867e-07
758 0.023917 0.0335342 0.00191124
759 0.00782674 0.0512037 1.37609e-07
760 0.024291 0.0324731 0.00269327
761 0.00780501 0.049678 7.22768e-08
762 0.0240588 0.0313796 0.00154504
763 0.00780524 0.0481727 3.90741e-08
764 0.0243364 0.0302782 0.0025112
765 0.00780548 0.0466673 2.15944e-08
766 0.024029 0.0291879 0.00175661
767 0.00780571 0.0451619 1.19305e-08
768 0.0241609 0.0280452 0.00307938
769 0.00780595 0.0436566 6.46433e-09
770 0.0237311 0.0269815 0.00247643
771 0.00780619 0.0421512 3.45617e-09
772 0.0237713 0.0258221 0.00470396
773 0.00780642 0.0406459 1.86317e-09
774 0.0232347 0.0247871 0.00422798
775 0.00780666 0.0391405 1.0654e-09
776 0.0231468 0.0236338 0.00788378
777 0.00780689 0.0376352 7.97251e-10
778 0.0224599 0.0226374 0.0074015
779 0.00780713 0.0361298 1.12103e-09
780 0.0219497 0.0213103 0.0117653
781 0.00780736 0.0346244 2.65706e-09
782 0.0078076 0.0331191 7.46113e-09
783 0.00780783 0.0316137 2.17021e-08
784 0.0205006 0.0187296 0.0254441
785 0.00780807 0.0301084 6.3604e-08
786 0.0196056 0.0176522 0.0323155
787 0.0078083 0.028603 1.86963e-07
788 0.00780854 0.0270977 5.5094e-07
789 0.0186063 0.0165836 0.0416886
790 0.00780877 0.0255923 1.62791e-06
791 0.0174754 0.0156115 0.0492452
792 0.00780901 0.0240869 4.82507e-06
793 0.00780925 0.0225816 1.43518e-05
794 0.0162511 0.0147342 0.0566284
795 0.00780948 0.0210762 4.28578e-05
796 0.0149778 0.0137583 0.0709222
797 0.0078349 0.0195479 0.000130915
798 0.00785652 0.0180249 0.000400411
799 0.0134363 0.0130839 0.0708569
800 0.00787605 0.0164993 0.00123599
801 0.0121095 0.0124745 0.0737494
802 0.0079135 0.0149636 0.00386713
803 0.010866 0.0118596 0.0811793
804 0.00800553 0.0134204 0.0123141
805 0.00959452 0.0112364 0.0916962
806 0.00944638 0.012655 0.0310263
807 0.00834593 0.0105805 0.110053
808 0.00913822 0.0715658 0.0471645
809 0.011287 0.0685681 0.0192494
810 0.0213567 0.0199938 0.0183944
811 0.0103384 0.0665952 0.00272773
812 0.0105302 0.0652455 0.00130453
813 0.0108734 0.0639865 0.000834702
814 0.0113385 0.0624484 0.000603998
815 0.0116085 0.0608314 0.000397814
816 0.0117368 0.0589367 0.00020461
817 0.0124561 0.0570611 0.000244799
818 0.013144 0.0552981 0.000287463
819 0.0138538 0.0536425 0.000347292
820 0.0146546 0.0520935 0.000483868
821 0.0154504 0.050626 0.000650169
822 0.0162472 0.0491953 0.000851534
823 0.0170198 0.04778 0.00102819
824 0.00903869 0.0700289 0.0150918
825 0.0177002 0.0464854 0.00115057
826 0.00900998 0.0685767 0.00518406
827 0.018391 0.0452091 0.00129132
828 0.00902911 0.0671243 0.00187849
829 0.0190272 0.0439736 0.00135724
830 0.00911746 0.0656489 0.000711987
831 0.0196216 0.0427547 0.00135556
832 0.00925957 0.0640761 0.000266282
833 0.0201647 0.0415556 0.00128509
834 0.00891606 0.0624989 8.51983e-05
835 0.0206555 0.0403622 0.00115156
836 0.00899812 0.0609459 3.63542e-05
837 0.0211007 0.0391843 0.000991942
838 0.00906143 0.0594775 1.675e-05
839 0.0215304 0.0380797 0.000889916
840 0.00915265 0.0579592 8.97643e-06
841 0.0221263 0.0370552 0.00110372
842 0.00914627 0.0565036 4.24687e-06
843 0.0221881 0.0358383 0.000614169
844 0.00907675 0.054977 2.3706e-06
845 0.0226117 0.0342852 0.000483939
846 0.00914296 0.0535152 1.46884e-06
847 0.00915678 0.0520014 8.07716e-07
848 0.0228034 0.0323369 0.000332106
849 0.00915284 0.0504728 4.40006e-07
850 0.00913304 0.0489467 2.2507e-07
851 0.0228252 0.030303 0.000310764
852 0.00910718 0.0474202 1.21192e-07
853 0.00910742 0.0459148 6.8303e-08
854 0.0226525 0.0282372 0.000434354
855 0.00910765 0.0444095 3.66782e-08
856 0.00910789 0.0429041 1.91048e-08
857 0.0222932 0.0261803 0.000786695
858 0.00910812 0.0413987 1.01157e-08
859 0.00910836 0.0398934 5.40783e-09
860 0.0217527 0.0242061 0.00155541
861 0.00910859 0.038388 2.99239e-09
862 0.00910883 0.0368827 2.07691e-09
863 0.0209804 0.0226142 0.00251773
864 0.00910906 0.0353773 2.68909e-09
865 0.0091093 0.033872 6.18438e-09
866 0.00910954 0.0323666 1.72952e-08
867 0.00910977 0.0308612 5.03602e-08
868 0.0190094 0.0190847 0.00871686
869 0.00911001 0.0293559 1.47893e-07
870 0.0181326 0.0180919 0.0115249
871 0.00911024 0.0278505 4.35774e-07
872 0.00911048 0.0263452 1.28752e-06
873 0.0171289 0.0171205 0.0144895
874 0.00911071 0.0248398 3.81516e-06
875 0.0160059 0.0162401 0.0172891
876 0.00911095 0.0233345 1.13427e-05
877 0.00911118 0.0218291 3.38507e-05
878 0.0147848 0.015419 0.0202047
879 0.0091475 0.0202909 0.000104076
880 0.0134822 0.0146501 0.0224756
881 0.0091789 0.0187568 0.00032174
882 0.00922048 0.0172132 0.00100724
883 0.0120804 0.0139814 0.0241584
884 0.00926643 0.0156708 0.00317138
885 0.0107509 0.0133283 0.0267567
886 0.00933082 0.0141443 0.0099726
887 0.0230416 0.020032 0.0576008
888 0.0102237 0.0679036 0.00613781
889 0.0203841 0.0212014 0.00439354
890 0.019992 0.0199532 0.00837721
891 0.010247 0.0587913 3.87257e-05
892 0.0107462 0.0572225 3.39438e-05
893 0.0115686 0.0555822 5.29238e-05
894 0.0120712 0.0537603 4.38581e-05
895 0.0130273 0.0521459 7.5308e-05
896 0.0138005 0.0506757 9.79534e-05
897 0.0146842 0.0492755 0.00015174
898 0.0154427 0.0478774 0.000189753
899 0.0161334 0.046527 0.000216362
900 0.0168507 0.0452324 0.00025171
901 0.0175248 0.0439946 0.000285759
902 0.0181373 0.042787 0.000298948
903 0.0186996 0.0416132 0.000297537
904 0.0100965 0.0629485 0.00026781
905 0.0192086 0.0404423 0.000278091
906 0.0196628 0.0392402 0.000238547
907 0.0104247 0.0601729 8.75409e-05
908 0.0201171 0.0380011 0.000200416
909 0.0207273 0.03661 0.000187027
910 0.0102119 0.0557164 1.18484e-05
911 0.0209455 0.0348488 0.00010676
912 0.0104737 0.0543625 9.73686e-06
913 0.0211458 0.0331196 6.85383e-05
914 0.0105012 0.0528698 4.8555e-06
915 0.010498 0.0512839 2.8693e-06
916 0.0212057 0.0312937 5.24944e-05
917 0.0105048 0.0497435 1.3926e-06
918 0.0104089 0.0481765 6.84017e-07
919 0.0211195 0.0294054 6.63267e-05
920 0.0104281 0.0466488 4.02528e-07
921 0.0104643 0.0451604 2.27415e-07
922 0.0208689 0.0274963 0.000124213
923 0.0104459 0.043666 1.11097e-07
924 0.0104098 0.0421516 5.60701e-08
925 0.0204825 0.0256282 0.000269678
926 0.0104101 0.0406463 3.01914e-08
927 0.0104103 0.0391409 1.57563e-08
928 0.0199668 0.0239178 0.000556675
929 0.0104105 0.0376356 8.27203e-09
930 0.0104108 0.0361302 5.41709e-09
931 0.010411 0.0346248 6.65398e-09
932 0.0104112 0.0331195 1.49826e-08
933 0.0104115 0.0316141 4.17348e-08
934 0.0104117 0.0301088 1.21416e-07
935 0.017715 0.0195575 0.0033332
936 0.0104119 0.0286034 3.56564e-07
937 0.0167852 0.0185846 0.00439424
938 0.0104122 0.0270981 1.05204e-06
939 0.0104124 0.0255927 3.11437e-06
940 0.0157568 0.0176908 0.00548374
941 0.0104126 0.0240873 9.2492e-06
942 0.0145921 0.01698 0.00601678
943 0.0104129 0.022582 2.75742e-05
944 0.0104426 0.02105 8.43854e-05
945 0.0133578 0.0162439 0.00671502
946 0.0104982 0.0194952 0.000265449
947 0.0120301 0.0155103 0.00762393
948 0.0105523 0.0179361 0.000840652
949 0.010613 0.0163781 0.00268571
950 0.0106731 0.0148384 0.00854531
951 0.0193561 0.0223513 0.00108502
952 0.0187645 0.0207593 0.00236086
953 0.00810967 0.0119134 0.0385183
954 0.0116198 0.052133 1.49032e-05
955 0.0120565 0.050596 1.19677e-05
956 0.0131531 0.0492794 2.63439e-05
957 0.0139663 0.0479507 3.84472e-05
958 0.0145462 0.0465613 3.81087e-05
959 0.015243 0.0452428 4.41707e-05
960 0.0160185 0.0439914 5.81011e-05
961 0.0166609 0.042767 6.40984e-05
962 0.0172154 0.041623 6.50153e-05
963 0.0177795 0.040518 6.85328e-05
964 0.0182446 0.0393553 6.16847e-05
965 0.0186161 0.0381428 4.792e-05
966 0.0190667 0.0368293 3.9469e-05
967 0.0194581 0.0354121 3.12421e-05
968 0.0195531 0.0338287 1.68523e-05
969 0.0196224 0.0321785 1.11039e-05
970 0.0196671 0.0304151 1.278e-05
971 0.0116892 0.048886 3.88073e-06
972 0.0116479 0.0473813 2.15305e-06
973 0.0194939 0.0286477 2.30379e-05
974 0.0118387 0.045895 1.49871e-06
975 0.0118444 0.0444344 6.85672e-07
976 0.0192091 0.0268792 5.2582e-05
977 0.0117223 0.0429052 3.14802e-07
978 0.0117122 0.0413919 1.71206e-07
979 0.01879 0.0251858 0.000119193
980 0.0117603 0.0399077 9.48012e-08
981 0.0117558 0.0384032 4.59639e-08
982 0.0117125 0.0368831 2.23829e-08
983 0.0116788 0.0353736 1.38131e-08
984 0.0116868 0.0338661 1.68774e-08
985 0.0117242 0.0323724 3.79261e-08
986 0.0117349 0.0308826 1.04324e-07
987 0.0117136 0.0293563 3.04073e-07
988 0.0163027 0.0200059 0.00126683
989 0.0117139 0.0278509 8.91582e-07
990 0.0155634 0.0190153 0.00197408
991 0.0117141 0.0263456 2.63111e-06
992 0.0117144 0.0248402 7.80388e-06
993 0.0144421 0.018521 0.00182386
994 0.0117146 0.0233349 2.31891e-05
995 0.0132249 0.0178231 0.00202114
996 0.0117452 0.0218032 7.07631e-05
997 0.0118115 0.0202456 0.000223356
998 0.0119354 0.0170896 0.00232013
999 0.0118639 0.0186857 0.000709056
1000 0.0183093 0.0235992 0.000264476
1001 0.0173184 0.0208302 0.00114007
1002 0.0177583 0.0221817 0.00054439
1003 0.013031 0.0467351 7.86552e-06
1004 0.0134488 0.0452018 5.76905e-06
1005 0.0145105 0.0439628 1.1608e-05
1006 0.0152785 0.0427188 1.48456e-05
1007 0.0157124 0.0415396 1.27905e-05
1008 0.0162959 0.0404829 1.41191e-05
1009 0.0170149 0.0395511 2.0756e-05
1010 0.0171119 0.0383815 1.18859e-05
1011 0.0174672 0.0371468 9.25602e-06
1012 0.0179552 0.0357261 7.85021e-06
1013 0.0183335 0.0344776 6.89873e-06
1014 0.0179873 0.0330285 2.56919e-06
1015 0.0182572 0.0313086 3.08027e-06
1016 0.0181861 0.0296547 5.18144e-06
1017 0.0179645 0.0279875 1.18565e-05
1018 0.0130319 0.043637 1.81975e-06
1019 0.0175572 0.0263277 2.78185e-05
1020 0.0129514 0.0421135 9.21189e-07
1021 0.0131028 0.0406897 5.86339e-07
1022 0.013152 0.0391972 2.85225e-07
1023 0.0130564 0.037632 1.24902e-07
1024 0.0129764 0.0361008 5.73893e-08
1025 0.0128974 0.0346151 3.42484e-08
1026 0.0130149 0.0331199 4.55565e-08
1027 0.0131022 0.0316895 9.946e-08
1028 0.0130193 0.0301435 2.70781e-07
1029 0.0129632 0.0286107 7.83349e-07
1030 0.014615 0.0201957 0.00057091
1031 0.0129645 0.0271021 2.28955e-06
1032 0.0130037 0.0256113 6.77936e-06
1033 0.0130129 0.0241282 1.98967e-05
1034 0.0131831 0.0194233 0.000625019
1035 0.0130213 0.0225865 6.008e-05
1036 0.0131244 0.0210176 0.00019166
1037 0.0126853 0.0480438 9.70941e-06
1038 0.0171436 0.0247201 6.63303e-05
1039 0.01604 0.0215876 0.000370388
1040 0.0167713 0.0231405 0.000168123
1041 0.0140179 0.0427897 4.20108e-06
1042 0.0143229 0.0415217 3.07184e-06
1043 0.0146621 0.0401376 2.082e-06
1044 0.0157198 0.0389853 4.16755e-06
1045 0.0157536 0.0373273 1.7594e-06
1046 0.0166972 0.0360536 2.79661e-06
1047 0.0168096 0.0344351 1.39563e-06
1048 0.017017 0.0319119 1.04608e-06
1049 0.0168773 0.0305605 1.35398e-06
1050 0.0167643 0.0290229 3.05326e-06
1051 0.0164972 0.0274446 7.57949e-06
1052 0.0144224 0.0383691 7.70449e-07
1053 0.0143226 0.0367597 3.11798e-07
1054 0.0141693 0.035259 1.37673e-07
1055 0.0140034 0.0339541 8.297e-08
1056 0.0145909 0.0326542 1.33064e-07
1057 0.0143586 0.0309323 2.72917e-07
1058 0.0142423 0.0293521 7.54639e-07
1059 0.0141542 0.0278531 2.11229e-06
1060 0.0144112 0.0219035 0.000160887
1061 0.0142596 0.0263568 6.21039e-06
1062 0.0143562 0.0249392 1.80033e-05
1063 0.0142688 0.02345 5.12878e-05
1064 0.0162517 0.0330436 4.94738e-07
1065 0.0158269 0.0258656 1.65241e-05
1066 0.015615 0.0241829 4.98195e-05
1067 0.0154155 0.0228575 0.000122569
1068 0.0154987 0.0356541 6.61397e-07
