1 0 0 8.14236
2 -1.05452e-05 0.05 8.20542
3 0.00148656 0.000281617 8.09025
4 0.00297139 0.000571832 8.06244
5 0.00445183 0.000884008 8.05341
6 0.00592802 0.00121526 8.05446
7 0.0073994 0.00156741 8.06544
8 0.00886305 0.00195065 8.08212
9 0.010318 0.00236549 8.10556
10 0.0117616 0.00281788 8.13494
11 0.0131918 0.00331074 8.17203
12 0.0146023 0.00385741 8.21435
13 0.0159889 0.00446197 8.26453
14 0.0173411 0.00514013 8.32198
15 0.0186426 0.00591083 8.38247
16 0.019883 0.00677583 8.44886
17 0.0210393 0.00775032 8.51714
18 0.0220888 0.00883881 8.58247
19 0.023017 0.0100325 8.64178
20 0.0238152 0.0113168 8.69403
21 0.0244799 0.0126753 8.73842
22 0.0250098 0.0140917 8.77566
23 0.0254007 0.0155526 8.80609
24 0.0256388 0.0170458 8.82657
25 0.0257075 0.0185562 8.83376
26 0.0255946 0.0200638 8.82375
27 0.0253008 0.021547 8.79709
28 0.0248428 0.0229882 8.75621
29 0.0242449 0.0243775 8.70562
30 0.0235411 0.0257164 8.65176
31 0.0227615 0.0270129 8.59846
32 0.0219292 0.0282763 8.54691
33 0.0210691 0.0295211 8.50069
34 0.0202009 0.0307602 8.46067
35 0.0193448 0.0320077 8.42891
36 0.0185221 0.0332773 8.40799
37 0.0177557 0.0345816 8.40114
38 0.01707 0.0359299 8.41333
39 0.0164825 0.0373237 8.44701
40 0.0159962 0.0387562 8.50189
41 0.0155779 0.0402101 8.56586
42 0.0151404 0.0416583 8.61033
43 0.0145624 0.0430548 8.6057
44 0.0137411 0.0443217 8.54023
45 0.0126779 0.0453945 8.44356
46 0.0114436 0.0462665 8.34651
47 0.0101181 0.0469936 8.27371
48 0.00873162 0.0475983 8.21413
49 0.00731086 0.0481173 8.17091
50 0.0058701 0.0485786 8.14413
51 0.0044139 0.0489892 8.13081
52 0.00294437 0.0493493 8.12843
53 0.00146946 0.0496858 8.15472
54 -1.02256e-05 0.0484848 7.35844
55 -9.90606e-06 0.0469697 6.55662
56 -9.58651e-06 0.0454545 5.81147
57 -9.26696e-06 0.0439394 5.11467
58 -8.94741e-06 0.0424242 4.47205
59 -8.62786e-06 0.0409091 3.88557
60 -8.30831e-06 0.0393939 3.35555
61 -7.98876e-06 0.0378788 2.88152
62 -7.66921e-06 0.0363636 2.46272
63 -7.34966e-06 0.0348485 2.09808
64 -7.03011e-06 0.0333333 1.78639
65 -6.71056e-06 0.0318182 1.52625
66 -6.391e-06 0.030303 1.3162
67 -6.07145e-06 0.0287879 1.15473
68 -5.7519e-06 0.0272727 1.04051
69 -5.43235e-06 0.0257576 0.972521
70 -5.1128e-06 0.0242424 0.95033
71 -4.79325e-06 0.0227273 0.974276
72 -4.4737e-06 0.0212121 1.04554
73 -4.15415e-06 0.019697 1.16607
74 -3.8346e-06 0.0181818 1.33837
75 -3.51505e-06 0.0166667 1.56521
76 -3.1955e-06 0.0151515 1.84937
77 -2.87595e-06 0.0136364 2.19343
78 -2.5564e-06 0.0121212 2.59964
79 -2.23685e-06 0.0106061 3.06977
80 -1.9173e-06 0.00909091 3.60508
81 -1.59775e-06 0.00757576 4.20563
82 -1.2782e-06 0.00606061 4.87102
83 -9.58651e-07 0.00454545 5.59926
84 -6.391e-07 0.0030303 6.38588
85 -3.1955e-07 0.00151515 7.23805
86 0.00631085 0.0416923 4.88908
87 0.0103748 0.028797 2.74525
88 0.00921579 0.0115095 3.73631
89 0.00256646 0.00316479 6.4875
90 0.0123972 0.0440711 7.79188
91 0.0112884 0.0447109 7.59461
92 0.0130112 0.0429833 7.67234
93 0.0101095 0.0454159 7.50311
94 0.0136218 0.0417969 7.60825
95 0.00885545 0.0460596 7.44697
96 0.0140879 0.0404968 7.48597
97 0.007518 0.046589 7.38481
98 0.0145277 0.03912 7.36676
99 0.00614433 0.0470499 7.33838
100 0.0150078 0.0376058 7.24961
101 0.00473956 0.0474825 7.32326
102 0.0155741 0.0361196 7.19653
103 0.00328096 0.047893 7.3384
104 0.0162452 0.0346679 7.20576
105 0.00159828 0.0479572 7.19061
106 0.0170024 0.0332809 7.26166
107 0.0178357 0.0319334 7.34618
108 0.0186924 0.0306456 7.4383
109 0.0195612 0.0293901 7.53487
110 0.00125507 0.0462937 6.29737
111 0.0204191 0.0281552 7.63228
112 0.00128345 0.0447199 5.53883
113 0.0212469 0.0269249 7.72829
114 0.00130305 0.0431821 4.8552
115 0.0220261 0.0256871 7.82247
116 0.00130337 0.0416669 4.23788
117 0.0227084 0.0244507 7.90208
118 0.00130369 0.0401518 3.67792
119 0.0233115 0.0231692 7.97652
120 0.00130401 0.0386366 3.17441
121 0.0237895 0.0218675 8.03735
122 0.00130433 0.0371215 2.72656
123 0.0241619 0.0205599 8.10183
124 0.00130465 0.0356063 2.33336
125 0.02432 0.0191865 8.11175
126 0.00130497 0.0340912 1.9936
127 0.024344 0.0178755 8.11792
128 0.00130529 0.032576 1.70599
129 0.0242298 0.0164914 8.11708
130 0.00130561 0.0310609 1.46912
131 0.0239097 0.0151723 8.07003
132 0.00130593 0.0295457 1.28159
133 0.0234815 0.0138643 8.03002
134 0.00130625 0.0280306 1.14208
135 0.0229372 0.0125935 7.99084
136 0.00130657 0.0265154 1.04948
137 0.0223158 0.0113824 7.96701
138 0.00130689 0.0250003 1.00318
139 0.0215158 0.0102364 7.91203
140 0.00130721 0.0234851 1.00317
141 0.0205947 0.00924011 7.82796
142 0.00130753 0.02197 1.05024
143 0.0195844 0.00828807 7.75968
144 0.00130785 0.0204548 1.14592
145 0.0184814 0.0074321 7.68774
146 0.00130817 0.0189397 1.2924
147 0.0172997 0.00667883 7.60816
148 0.00130848 0.0174245 1.49226
149 0.0160476 0.00599877 7.53137
150 0.0013088 0.0159094 1.74824
151 0.0147608 0.00537136 7.47236
152 0.00130912 0.0143942 2.06299
153 0.013423 0.00481823 7.40923
154 0.00130944 0.0128791 2.43894
155 0.0120464 0.00431459 7.35252
156 0.00130976 0.0113639 2.87816
157 0.0106501 0.0038581 7.30293
158 0.00131008 0.00984876 3.38231
159 0.00921881 0.00342568 7.26677
160 0.00128766 0.008333 3.95151
161 0.00781397 0.00304466 7.23743
162 0.00130817 0.00681629 4.58934
163 0.00633061 0.00269586 7.20539
164 0.00131104 0.00530331 5.29111
165 0.00486059 0.00239074 7.17894
166 0.00131242 0.00370383 6.10383
167 0.00335922 0.00204861 7.20169
168 0.00164227 0.00201198 7.06156
169 0.0113036 0.0429757 6.88192
170 0.0100801 0.0438616 6.79892
171 0.00887863 0.0445734 6.74568
172 0.012556 0.0407202 6.64803
173 0.00770963 0.0451292 6.70054
174 0.0130502 0.0393633 6.47826
175 0.00638122 0.0455646 6.61797
176 0.0135127 0.0378838 6.29182
177 0.00503868 0.0459472 6.56135
178 0.0140321 0.036379 6.16195
179 0.00368258 0.0464535 6.61907
180 0.0146827 0.0348268 6.11854
181 0.0154385 0.0333348 6.16459
182 0.016272 0.0319178 6.27378
183 0.0171624 0.0305566 6.41952
184 0.0180472 0.0292708 6.57031
185 0.0189217 0.0280305 6.72298
186 0.00253853 0.0455014 6.00991
187 0.0197625 0.0268198 6.87006
188 0.00259437 0.0439862 5.30453
189 0.0205187 0.0256277 6.99185
190 0.00260673 0.0424651 4.6519
191 0.0212188 0.0244429 7.11164
192 0.00261043 0.0409096 4.04469
193 0.0218595 0.0232711 7.23645
194 0.00261075 0.0393945 3.51083
195 0.0223391 0.0220489 7.30917
196 0.00261107 0.0378793 3.03307
197 0.0227048 0.0208603 7.37553
198 0.00261139 0.0363642 2.61056
199 0.0231234 0.0197194 7.51961
200 0.00261171 0.034849 2.2419
201 0.0229287 0.0185095 7.39379
202 0.00261202 0.0333339 1.9258
203 0.02319 0.0172964 7.55151
204 0.00261234 0.0318187 1.66096
205 0.022785 0.0161307 7.42111
206 0.00261266 0.0303036 1.44605
207 0.0224634 0.0149437 7.38844
208 0.00261298 0.0287884 1.2798
209 0.0220199 0.013732 7.35598
210 0.0026133 0.0272733 1.16112
211 0.0214344 0.0126222 7.29653
212 0.00261362 0.0257581 1.08927
213 0.0210075 0.0114337 7.3815
214 0.00261394 0.024243 1.06403
215 0.0200664 0.0106341 7.20028
216 0.00261426 0.0227278 1.08584
217 0.0192126 0.00971274 7.1421
218 0.00261458 0.0212127 1.15587
219 0.0182495 0.00886167 7.07595
220 0.0026149 0.0196975 1.276
221 0.0171745 0.00815107 6.97263
222 0.00261522 0.0181824 1.44856
223 0.0160439 0.00748967 6.88149
224 0.00261554 0.0166672 1.67622
225 0.0148381 0.00687685 6.79497
226 0.00261586 0.0151521 1.96164
227 0.0135999 0.00628464 6.73524
228 0.00261618 0.0136369 2.30741
229 0.0122761 0.00578742 6.65119
230 0.0026165 0.0121218 2.71585
231 0.0109496 0.00530569 6.59694
232 0.00261682 0.0106066 3.18896
233 0.00955952 0.00488305 6.53474
234 0.00258913 0.00907683 3.73224
235 0.0081789 0.00447952 6.49787
236 0.0025394 0.00757434 4.33132
237 0.00677083 0.00409227 6.48009
238 0.00266072 0.00604277 5.02162
239 0.0052669 0.00387429 6.38589
240 0.00268799 0.00456322 5.74947
241 0.00386624 0.00361313 6.36217
242 0.0122436 0.0419099 6.90913
243 0.00972681 0.0422769 6.02774
244 0.00883556 0.0432799 6.1664
245 0.00768995 0.0435989 5.99334
246 0.0116128 0.0396962 5.84514
247 0.00671268 0.0443099 6.09009
248 0.0120059 0.0382251 5.56267
249 0.00534642 0.0442581 5.79525
250 0.0124771 0.0366455 5.32989
251 0.00387033 0.0448938 5.86889
252 0.0130693 0.0350576 5.19939
253 0.0138127 0.0334431 5.17908
254 0.0146595 0.0319335 5.26902
255 0.0155695 0.0305189 5.43135
256 0.0165088 0.0291595 5.62596
257 0.0174153 0.0278968 5.82611
258 0.0182863 0.0266919 6.02404
259 0.0190308 0.0255226 6.17275
260 0.00391194 0.0433265 5.16098
261 0.0197432 0.0243521 6.32437
262 0.00389247 0.0417229 4.49548
263 0.02039 0.0232436 6.47849
264 0.00392162 0.0401752 3.92115
265 0.0210691 0.0222277 6.68928
266 0.00393764 0.0386624 3.41479
267 0.0211928 0.0210061 6.63171
268 0.00391812 0.037122 2.9514
269 0.0215845 0.0195235 6.74377
270 0.00391844 0.0356069 2.55294
271 0.00391876 0.0340917 2.20722
272 0.00391908 0.0325766 1.91299
273 0.0216348 0.0174737 6.78391
274 0.0039194 0.0310614 1.66903
275 0.0212853 0.0159513 6.72942
276 0.00391972 0.0295463 1.47417
277 0.0211877 0.0147449 6.82833
278 0.00392004 0.0280311 1.32744
279 0.0205271 0.0137331 6.69216
280 0.00392036 0.026516 1.22812
281 0.00246404 0.0468313 6.67618
282 0.00392068 0.0250008 1.17587
283 0.0197651 0.0123014 6.65792
284 0.003921 0.0234857 1.17093
285 0.0187025 0.0111883 6.5212
286 0.00392132 0.0219705 1.21418
287 0.0180032 0.0101329 6.57308
288 0.00392164 0.0204554 1.30715
289 0.0169685 0.00958871 6.39265
290 0.00392196 0.0189402 1.45194
291 0.0159544 0.00895952 6.28814
292 0.00392228 0.0174251 1.65101
293 0.014854 0.00837638 6.18137
294 0.00392259 0.0159099 1.907
295 0.0136794 0.00778511 6.0984
296 0.00392291 0.0143948 2.22253
297 0.0124488 0.00725386 6.01666
298 0.00392323 0.0128796 2.60009
299 0.0111751 0.00676865 5.94281
300 0.00392355 0.0113645 3.04189
301 0.00985302 0.00634082 5.86807
302 0.00390948 0.00980554 3.56453
303 0.00849286 0.00595455 5.80023
304 0.00383333 0.00825751 4.14935
305 0.00715309 0.00554581 5.78073
306 0.00366159 0.00686676 4.72798
307 0.00584785 0.00505099 5.84313
308 0.00435771 0.00544259 5.45857
309 0.0109837 0.041211 6.08722
310 0.007853 0.0418279 5.29052
311 0.00647373 0.0429818 5.44804
312 0.0105326 0.0385782 5.01972
313 0.0108865 0.0369921 4.68443
314 0.0114245 0.0353168 4.45331
315 0.0121248 0.0336155 4.34384
316 0.0129562 0.0319715 4.35714
317 0.0139441 0.0304801 4.52451
318 0.0149131 0.0290875 4.72848
319 0.015884 0.0277542 4.96132
320 0.0167427 0.0265689 5.17676
321 0.0175554 0.0253926 5.382
322 0.0182735 0.0242349 5.55919
323 0.0189353 0.023044 5.72689
324 0.00521536 0.0409298 4.38929
325 0.0196813 0.0216896 5.95005
326 0.00528109 0.0394686 3.87898
327 0.00526358 0.0379387 3.38608
328 0.0199769 0.0200286 5.99677
329 0.00522518 0.0363647 2.9332
330 0.0201281 0.0184517 6.05665
331 0.0052255 0.0348496 2.55718
332 0.00522582 0.0333344 2.23263
333 0.00522613 0.0318193 1.95837
334 0.020055 0.0168578 6.09929
335 0.00522645 0.0303041 1.7332
336 0.0197208 0.0152402 6.11736
337 0.00522677 0.028789 1.55641
338 0.00522709 0.0272738 1.42746
339 0.00522741 0.0257587 1.34606
340 0.0181277 0.012752 5.92198
341 0.00522773 0.0242435 1.31237
342 0.00522805 0.0227284 1.32707
343 0.00522837 0.0212132 1.39143
344 0.0170317 0.011288 5.8928
345 0.00522869 0.0196981 1.50729
346 0.00522901 0.0181829 1.67691
347 0.0147835 0.00993607 5.59733
348 0.00522933 0.0166678 1.90279
349 0.0137094 0.00929227 5.5226
350 0.00522965 0.0151526 2.18753
351 0.0125507 0.00872698 5.43694
352 0.00522997 0.0136375 2.5337
353 0.011357 0.00822471 5.35583
354 0.00523029 0.0121223 2.9437
355 0.0101388 0.00776736 5.28701
356 0.00521941 0.0105265 3.44566
357 0.00878604 0.00742242 5.17599
358 0.00516865 0.00888168 4.0376
359 0.00742707 0.00704178 5.11464
360 0.00493329 0.00717364 4.71787
361 0.00935042 0.0408058 5.346
362 0.0103198 0.0399084 5.37624
363 0.0192098 0.0138883 6.1182
364 0.0159642 0.0103256 5.82955
365 0.00593059 0.006353 5.21448
366 0.00669388 0.0404097 4.48393
367 0.0093415 0.0374735 4.24706
368 0.00961515 0.0356119 3.81934
369 0.0104905 0.0338951 3.71903
370 0.0110354 0.0319558 3.50244
371 0.0122627 0.0304341 3.7197
372 0.0133103 0.0289808 3.92147
373 0.0142756 0.0276604 4.14338
374 0.0152403 0.0263996 4.40012
375 0.0160693 0.0252443 4.62693
376 0.0167937 0.0241171 4.82558
377 0.0174189 0.0229902 4.99839
378 0.0179951 0.0218381 5.17162
379 0.018515 0.0204221 5.33818
380 0.00660634 0.0388213 3.92049
381 0.00659498 0.0372201 3.42902
382 0.0186797 0.0190848 5.4011
383 0.00660452 0.0356624 3.01121
384 0.018687 0.0176759 5.45447
385 0.00657718 0.034119 2.64213
386 0.00653287 0.0325771 2.32158
387 0.00653319 0.031062 2.06441
388 0.0185025 0.0162173 5.49797
389 0.00653351 0.0295468 1.8555
390 0.00653383 0.0280317 1.69481
391 0.00653415 0.0265165 1.58183
392 0.00653447 0.0250014 1.51692
393 0.0165214 0.0131038 5.26343
394 0.00653479 0.0234862 1.50081
395 0.00653511 0.0219711 1.53435
396 0.00653543 0.0204559 1.61926
397 0.00653575 0.0189408 1.75789
398 0.00653607 0.0174256 1.95234
399 0.0137685 0.0108139 5.0253
400 0.00653639 0.0159105 2.20512
401 0.0126233 0.0101987 4.92328
402 0.0065367 0.0143953 2.51874
403 0.0114682 0.00966774 4.82902
404 0.00653702 0.0128802 2.89581
405 0.0103064 0.00923706 4.73322
406 0.00652065 0.0113111 3.3529
407 0.00920025 0.00867726 4.73256
408 0.00649739 0.00968052 3.90419
409 0.0078364 0.00879205 4.44113
410 0.00636921 0.00798233 4.55129
411 0.00793349 0.0398965 4.60171
412 0.00909108 0.0391734 4.69702
413 0.0179101 0.0146327 5.47392
414 0.0151959 0.0116201 5.20014
415 0.00800921 0.036489 3.56598
416 0.00796724 0.0349173 3.15146
417 0.0093559 0.0325975 3.04555
418 0.0107298 0.0301463 3.06297
419 0.0117361 0.0288322 3.2346
420 0.0126607 0.0274811 3.40897
421 0.013682 0.0262209 3.67383
422 0.0145817 0.0250683 3.92886
423 0.0153143 0.023981 4.14018
424 0.015947 0.0228838 4.32776
425 0.0165262 0.021809 4.51645
426 0.0172011 0.0208192 4.77386
427 0.0172771 0.0196098 4.79709
428 0.00790118 0.0381691 4.02634
429 0.0173401 0.0183687 4.85888
430 0.0172655 0.0171179 4.91549
431 0.00788363 0.033344 2.77915
432 0.00794166 0.031841 2.50525
433 0.00792743 0.0303334 2.25838
434 0.00788275 0.0287899 2.04836
435 0.00789523 0.0272689 1.90311
436 0.00787041 0.0257678 1.79886
437 0.00784152 0.0242441 1.74244
438 0.00787682 0.0227355 1.74926
439 0.00789376 0.0212284 1.80285
440 0.00784248 0.0196986 1.89878
441 0.0078428 0.0181835 2.05965
442 0.00784312 0.0166683 2.27872
443 0.0125143 0.0117063 4.42279
444 0.00784344 0.0151532 2.5582
445 0.0115596 0.0109518 4.41673
446 0.00784219 0.013622 2.90427
447 0.0103718 0.0106955 4.23108
448 0.00784513 0.0121259 3.3074
449 0.00899612 0.0100288 4.18499
450 0.00938825 0.0311471 2.78447
451 0.0171336 0.015877 5.00152
452 0.0146258 0.0134663 4.56159
453 0.0160857 0.0147874 4.78313
454 0.0137795 0.012185 4.63223
455 0.0090635 0.034106 3.28052
456 0.00924981 0.0280024 2.30889
457 0.0108658 0.0273146 2.72365
458 0.0120781 0.0260195 3.02181
459 0.0130491 0.0248604 3.28549
460 0.0138801 0.0238199 3.53423
461 0.0145203 0.0227274 3.7274
462 0.0150636 0.0215911 3.9047
463 0.0157547 0.0203015 4.16803
464 0.0159081 0.0178166 4.3383
465 0.00928398 0.0265072 2.18108
466 0.00914593 0.0250153 2.05944
467 0.0091984 0.0235036 2.03545
468 0.00928315 0.0220254 2.06639
469 0.00924763 0.0204815 2.12564
470 0.00919432 0.0189569 2.23787
471 0.00914986 0.0174262 2.41257
472 0.00915018 0.015911 2.65573
473 0.0109281 0.0123564 3.84487
474 0.0091057 0.0143905 2.95369
475 0.00920548 0.012882 3.34221
476 0.0161549 0.0189973 4.36173
477 0.0158812 0.0164653 4.46464
478 0.00924713 0.0295803 2.50051
479 0.012709 0.0132607 4.05781
480 0.0145518 0.0154537 4.15734
481 0.0105577 0.025654 2.48486
482 0.0116056 0.0245056 2.75011
483 0.0124361 0.0235066 2.98458
484 0.0132477 0.0227148 3.24832
485 0.0135187 0.0215934 3.3265
486 0.0140382 0.0203441 3.52556
487 0.0102662 0.0243199 2.33415
488 0.0108094 0.0229805 2.45494
489 0.010699 0.021267 2.44806
490 0.010615 0.0197103 2.50797
491 0.0105064 0.0181397 2.6289
492 0.0104491 0.0166116 2.822
493 0.0104403 0.0151396 3.0801
494 0.0102484 0.0137429 3.34248
495 0.014664 0.0188486 3.81081
496 0.0145232 0.01716 3.91293
497 0.0115446 0.0140452 3.57422
498 0.0120591 0.0220328 2.83576
499 0.0122789 0.020444 2.9363
500 0.0118774 0.0188125 2.92599
501 0.0117652 0.0172787 3.06097
502 0.0117444 0.0156976 3.29633
503 0.0130788 0.0147133 3.84229
504 0.0131499 0.0163629 3.58161
505 0.0131722 0.0192589 3.28633
506 0.00508936 0.0425821 5.02031
507 0.00780281 0.0105703 3.78836
508 0.0132005 0.017933 3.4024
