1 0 0 5.17038
2 -1.31814e-05 0.0843 4.34861
3 0.00103666 0.00027361 5.34383
4 0.00207332 0.00054722 5.44591
5 0.00310998 0.00082083 5.51284
6 0.00414664 0.00109444 5.55067
7 0.00518152 0.00137418 5.56677
8 0.00620388 0.00169715 5.58824
9 0.00722624 0.00202011 5.59295
10 0.0082486 0.00234308 5.57964
11 0.00927096 0.00266604 5.5466
12 0.0102881 0.00300393 5.50014
13 0.0112901 0.00338559 5.46265
14 0.012292 0.00376725 5.40865
15 0.0132939 0.0041489 5.33181
16 0.0142758 0.00457842 5.26455
17 0.0152507 0.00502453 5.19074
18 0.0162257 0.00547063 5.0968
19 0.0171938 0.00593049 4.98629
20 0.0181392 0.00643618 4.88128
21 0.0190697 0.00696803 4.77086
22 0.0199846 0.00752702 4.65388
23 0.0208771 0.00812062 4.53777
24 0.0217619 0.00872618 4.40232
25 0.0226145 0.00937627 4.26987
26 0.0234333 0.0100684 4.1425
27 0.0242213 0.0107953 4.01694
28 0.0249816 0.0115512 3.88774
29 0.0257071 0.0123404 3.75891
30 0.0263837 0.013172 3.64388
31 0.0270222 0.0140331 3.53415
32 0.027623 0.0149208 3.42862
33 0.0281815 0.0158356 3.33123
34 0.0286968 0.0167755 3.24394
35 0.029176 0.0177345 3.16122
36 0.029615 0.0187124 3.08654
37 0.0300147 0.0197071 3.02033
38 0.0303778 0.0207157 2.96118
39 0.0307146 0.0217336 2.90035
40 0.0310048 0.0227656 2.85462
41 0.0312682 0.0238047 2.809
42 0.0315032 0.0248506 2.76404
43 0.031697 0.0259051 2.72961
44 0.0318549 0.0269654 2.70202
45 0.0319816 0.0280298 2.67744
46 0.0320762 0.0290977 2.65576
47 0.0321204 0.030169 2.65157
48 0.0321285 0.0312408 2.6535
49 0.0321014 0.0323123 2.66103
50 0.0320361 0.0333825 2.67629
51 0.0319181 0.034448 2.71069
52 0.0317644 0.0355088 2.75091
53 0.0315767 0.0365641 2.79632
54 0.0313473 0.0376115 2.85345
55 0.0310753 0.0386484 2.92325
56 0.0307755 0.0396775 2.99448
57 0.0304488 0.0406986 3.06797
58 0.0300798 0.0417053 3.15692
59 0.0296912 0.0427044 3.2427
60 0.0292835 0.043696 3.32737
61 0.0288479 0.0446756 3.41969
62 0.0283979 0.0456487 3.50823
63 0.0279364 0.0466165 3.59297
64 0.0274587 0.0475763 3.67948
65 0.0269742 0.0485327 3.76
66 0.0264847 0.0494866 3.8352
67 0.0259902 0.0504379 3.90647
68 0.0254964 0.0513896 3.96991
69 0.0250032 0.0523416 4.0272
70 0.0245177 0.0532975 4.07336
71 0.0240391 0.0542569 4.11137
72 0.0235674 0.0552197 4.14194
73 0.0231165 0.0561925 4.15386
74 0.0226788 0.0571711 4.15782
75 0.0222544 0.0581557 4.15303
76 0.0218625 0.0591536 4.12357
77 0.0214902 0.0601589 4.08625
78 0.0211375 0.0611713 4.03954
79 0.0208201 0.0621954 3.97034
80 0.020527 0.0632266 3.89251
81 0.0202546 0.0642634 3.80841
82 0.0200071 0.0653066 3.71346
83 0.0197768 0.0663538 3.61512
84 0.0195534 0.0674024 3.52051
85 0.0193371 0.0684525 3.42631
86 0.0191042 0.069499 3.35056
87 0.0188453 0.0705393 3.29363
88 0.018562 0.0715733 3.24964
89 0.0182088 0.0725852 3.25006
90 0.017785 0.0735699 3.28367
91 0.0173014 0.0745264 3.33619
92 0.0167266 0.0754305 3.42883
93 0.0160607 0.0762703 3.55319
94 0.0153429 0.0770664 3.67482
95 0.014566 0.0778046 3.80466
96 0.0137321 0.0784779 3.94226
97 0.0128467 0.0790824 4.08332
98 0.0119412 0.0796558 4.20187
99 0.0110165 0.0801978 4.30476
100 0.0100689 0.0806993 4.39914
101 0.0090983 0.0811544 4.48688
102 0.00811302 0.0815762 4.55998
103 0.00711565 0.0819696 4.61686
104 0.00611828 0.082363 4.645
105 0.00510912 0.0827242 4.66373
106 0.00409353 0.0830679 4.66327
107 0.00307794 0.0834116 4.63181
108 0.00204936 0.0837135 4.58882
109 0.00101809 0.0840067 4.50748
110 -1.30146e-05 0.0832329 4.87223
111 -1.28477e-05 0.0821658 5.38095
112 -1.26809e-05 0.0810987 5.8731
113 -1.2514e-05 0.0800316 6.34786
114 -1.23472e-05 0.0789646 6.80573
115 -1.21803e-05 0.0778975 7.24896
116 -1.20135e-05 0.0768304 7.6809
117 -1.18466e-05 0.0757633 8.1046
118 -1.16798e-05 0.0746962 8.52191
119 -1.15129e-05 0.0736291 8.93285
120 -1.13461e-05 0.072562 9.33628
121 -1.11792e-05 0.0714949 9.73082
122 -1.10123e-05 0.0704278 10.1154
123 -1.08455e-05 0.0693608 10.4895
124 -1.06786e-05 0.0682937 10.8528
125 -1.05118e-05 0.0672266 11.2052
126 -1.03449e-05 0.0661595 11.5466
127 -1.01781e-05 0.0650924 11.8772
128 -1.00112e-05 0.0640253 12.1969
129 -9.84437e-06 0.0629582 12.5057
130 -9.67752e-06 0.0618911 12.8037
131 -9.51066e-06 0.0608241 13.0909
132 -9.34381e-06 0.059757 13.3672
133 -9.17696e-06 0.0586899 13.6324
134 -9.0101e-06 0.0576228 13.8866
135 -8.84325e-06 0.0565557 14.1295
136 -8.6764e-06 0.0554886 14.3611
137 -8.50954e-06 0.0544215 14.5811
138 -8.34269e-06 0.0533544 14.7893
139 -8.17583e-06 0.0522873 14.9856
140 -8.00898e-06 0.0512203 15.1697
141 -7.84213e-06 0.0501532 15.3413
142 -7.67527e-06 0.0490861 15.5002
143 -7.50842e-06 0.048019 15.6461
144 -7.34157e-06 0.0469519 15.7788
145 -7.17471e-06 0.0458848 15.8979
146 -7.00786e-06 0.0448177 16.0032
147 -6.841e-06 0.0437506 16.0943
148 -6.67415e-06 0.0426835 16.1711
149 -6.5073e-06 0.0416165 16.2331
150 -6.34044e-06 0.0405494 16.2801
151 -6.17359e-06 0.0394823 16.3119
152 -6.00674e-06 0.0384152 16.3281
153 -5.83988e-06 0.0373481 16.3284
154 -5.67303e-06 0.036281 16.3126
155 -5.50617e-06 0.0352139 16.2804
156 -5.33932e-06 0.0341468 16.2315
157 -5.17247e-06 0.0330797 16.1658
158 -5.00561e-06 0.0320127 16.0829
159 -4.83876e-06 0.0309456 15.9826
160 -4.67191e-06 0.0298785 15.8647
161 -4.50505e-06 0.0288114 15.7289
162 -4.3382e-06 0.0277443 15.5751
163 -4.17134e-06 0.0266772 15.403
164 -4.00449e-06 0.0256101 15.2126
165 -3.83764e-06 0.024543 15.0034
166 -3.67078e-06 0.0234759 14.7755
167 -3.50393e-06 0.0224089 14.5287
168 -3.33708e-06 0.0213418 14.2628
169 -3.17022e-06 0.0202747 13.9777
170 -3.00337e-06 0.0192076 13.6733
171 -2.83651e-06 0.0181405 13.3495
172 -2.66966e-06 0.0170734 13.0063
173 -2.50281e-06 0.0160063 12.6436
174 -2.33595e-06 0.0149392 12.2617
175 -2.1691e-06 0.0138722 11.8606
176 -2.00225e-06 0.0128051 11.441
177 -1.83539e-06 0.011738 11.0038
178 -1.66854e-06 0.0106709 10.5502
179 -1.50168e-06 0.0096038 10.0821
180 -1.33483e-06 0.00853671 9.60115
181 -1.16798e-06 0.00746962 9.10786
182 -1.00112e-06 0.00640253 8.60105
183 -8.34269e-07 0.00533544 8.07819
184 -6.67415e-07 0.00426835 7.53667
185 -5.00561e-07 0.00320127 6.97436
186 -3.33708e-07 0.00213418 6.39094
187 -1.66854e-07 0.00106709 5.78885
188 0.0153067 0.047388 11.8421
189 0.0117649 0.0169906 11.3165
190 0.0141959 0.0474343 12.386
191 0.0122838 0.0730594 6.56195
192 0.0091501 0.0712288 8.3689
193 0.0134822 0.0773407 4.51255
194 0.0127 0.0779384 4.62195
195 0.0142135 0.0766566 4.42167
196 0.0118272 0.0784715 4.75824
197 0.0149397 0.075986 4.28962
198 0.0109253 0.0789955 4.87325
199 0.0156117 0.0752392 4.17518
200 0.0100157 0.0795167 4.95728
201 0.0161502 0.0744288 4.12375
202 0.00910668 0.0800004 5.02408
203 0.0166411 0.0735664 4.08494
204 0.0081826 0.0804486 5.07931
205 0.0170854 0.0726655 4.05919
206 0.00723657 0.0808399 5.13601
207 0.0174521 0.071732 4.073
208 0.00625603 0.0811911 5.19053
209 0.017763 0.0707571 4.11984
210 0.00527694 0.0815397 5.2172
211 0.0180449 0.0697624 4.18075
212 0.00424972 0.0818774 5.22729
213 0.0182992 0.0687549 4.25835
214 0.00308428 0.0819836 5.33412
215 0.0185289 0.0677362 4.35507
216 0.0149218 0.0414533 12.8329
217 0.0187582 0.0666838 4.46235
218 0.00101141 0.0828645 5.06665
219 0.018994 0.0656321 4.56768
220 0.0192374 0.0645718 4.67579
221 0.0195031 0.0635137 4.77234
222 0.0197963 0.0624622 4.85229
223 0.00100715 0.081766 5.58504
224 0.0201042 0.0614128 4.92928
225 0.000969896 0.0806633 6.08606
226 0.0204445 0.0603721 4.98539
227 0.000929137 0.0795511 6.57089
228 0.0208204 0.0593448 5.0157
229 0.000920215 0.0784528 7.03168
230 0.0212024 0.0583257 5.04702
231 0.000912029 0.0773641 7.47474
232 0.0216153 0.0573151 5.05665
233 0.000912196 0.076297 7.89989
234 0.0220597 0.0563157 5.04186
235 0.000912363 0.0752299 8.3195
236 0.022505 0.055326 5.02764
237 0.00091253 0.0741628 8.73436
238 0.0229691 0.0543446 4.99776
239 0.000912696 0.0730957 9.14294
240 0.0234508 0.0533741 4.95059
241 0.000912863 0.0720286 9.54313
242 0.0239294 0.052415 4.9014
243 0.00091303 0.0709615 9.93348
244 0.0244218 0.0514467 4.84177
245 0.000913197 0.0698944 10.3132
246 0.0249156 0.0504948 4.77123
247 0.000913364 0.0688274 10.6821
248 0.0254094 0.0495434 4.6947
249 0.000913531 0.0677603 11.0399
250 0.0258942 0.0485979 4.61598
251 0.000913697 0.0666932 11.3868
252 0.0263775 0.0476421 4.53259
253 0.000913864 0.0656261 11.7227
254 0.0268608 0.0466853 4.43893
255 0.000914031 0.064559 12.0478
256 0.0273153 0.0457483 4.35028
257 0.000914198 0.0634919 12.3621
258 0.0277631 0.0447791 4.26261
259 0.000914365 0.0624248 12.6655
260 0.0282105 0.0438051 4.16168
261 0.000914532 0.0613577 12.9581
262 0.028611 0.0428667 4.07308
263 0.000914699 0.0602907 13.2399
264 0.0289987 0.041874 3.99041
265 0.000914865 0.0592236 13.5107
266 0.0293695 0.0408903 3.90102
267 0.000915032 0.0581565 13.7705
268 0.0297058 0.0399017 3.8208
269 0.000915199 0.0570894 14.0192
270 0.030011 0.0389055 3.74683
271 0.000915366 0.0560223 14.2566
272 0.0302842 0.0379023 3.67916
273 0.000915533 0.0549552 14.4825
274 0.0305196 0.036894 3.62143
275 0.0009157 0.0538881 14.6968
276 0.0307194 0.0358762 3.57188
277 0.000915867 0.052821 14.8993
278 0.0308864 0.0348556 3.52729
279 0.000916033 0.0517539 15.0896
280 0.0310107 0.0338294 3.49549
281 0.0009162 0.0506869 15.2677
282 0.0311037 0.0327982 3.46698
283 0.000916367 0.0496198 15.4332
284 0.0311512 0.0317638 3.45275
285 0.000916534 0.0485527 15.5858
286 0.0311593 0.0307271 3.44802
287 0.000916701 0.0474856 15.7254
288 0.0311371 0.0296911 3.44539
289 0.000916868 0.0464185 15.8515
290 0.0310714 0.0286561 3.45534
291 0.000917035 0.0453514 15.964
292 0.0309761 0.0276194 3.46663
293 0.000917201 0.0442843 16.0624
294 0.0308307 0.0265906 3.49611
295 0.000917368 0.0432172 16.1466
296 0.0306592 0.0255659 3.5247
297 0.000917535 0.0421501 16.2163
298 0.0304503 0.0245467 3.56122
299 0.000917702 0.0410831 16.2711
300 0.0302194 0.0235351 3.59397
301 0.000917869 0.040016 16.3107
302 0.0299399 0.022535 3.64395
303 0.000918036 0.0389489 16.3349
304 0.0296333 0.0215411 3.6935
305 0.000918203 0.0378818 16.3434
306 0.0292968 0.0205609 3.74554
307 0.000918369 0.0368147 16.3359
308 0.0289214 0.0195935 3.80631
309 0.000918536 0.0357476 16.3121
310 0.0285137 0.0186416 3.87081
311 0.000918703 0.0346805 16.2718
312 0.0280718 0.01771 3.94067
313 0.00091887 0.0336134 16.2147
314 0.0275859 0.0168015 4.0228
315 0.000919037 0.0325463 16.1406
316 0.0270696 0.0159129 4.10617
317 0.000919204 0.0314793 16.0492
318 0.0265208 0.0150482 4.1925
319 0.000919371 0.0304122 15.9403
320 0.0259211 0.0142176 4.29592
321 0.000919537 0.0293451 15.8137
322 0.0252824 0.013408 4.40369
323 0.000919704 0.028278 15.6691
324 0.0246171 0.0126223 4.50789
325 0.000919871 0.0272109 15.5063
326 0.0239132 0.0118863 4.6241
327 0.000920038 0.0261438 15.3252
328 0.0231534 0.0111969 4.76139
329 0.000920205 0.0250767 15.1255
330 0.0223817 0.0105187 4.88217
331 0.000920372 0.0240096 14.9071
332 0.02159 0.00985267 4.99026
333 0.000920538 0.0229425 14.6699
334 0.0207698 0.00925118 5.11193
335 0.000920705 0.0218755 14.4136
336 0.0198944 0.00868734 5.24931
337 0.000920872 0.0208084 14.1382
338 0.0190099 0.0081362 5.37114
339 0.000921039 0.0197413 13.8435
340 0.018095 0.00758014 5.47753
341 0.000921206 0.0186742 13.5295
342 0.017204 0.00706381 5.569
343 0.000921373 0.0176071 13.196
344 0.0162922 0.00658409 5.66247
345 0.00092154 0.01654 12.843
346 0.0153494 0.00615068 5.76695
347 0.000921706 0.0154729 12.4705
348 0.0143936 0.00573845 5.86583
349 0.000921873 0.0144058 12.0787
350 0.0134054 0.00532469 5.95428
351 0.00092204 0.0133388 11.6678
352 0.0124171 0.00491093 6.02064
353 0.000922207 0.0122717 11.2383
354 0.0114288 0.00449712 6.06453
355 0.000922374 0.0112046 10.7913
356 0.0104603 0.00410638 6.09651
357 0.000922541 0.0101375 10.3287
358 0.0094802 0.00375246 6.13281
359 0.000922708 0.0090704 9.85296
360 0.00848118 0.00343582 6.17368
361 0.000922874 0.00800331 9.36612
362 0.00747715 0.00313529 6.20449
363 0.000923041 0.00693622 8.86798
364 0.00643179 0.00284653 6.23009
365 0.000923208 0.00586913 8.35587
366 0.00539793 0.00254954 6.22877
367 0.000938638 0.00475723 7.80368
368 0.00438114 0.00223742 6.19404
369 0.000954809 0.003637 7.22516
370 0.0033436 0.00193387 6.14185
371 0.0010618 0.00247177 6.59742
372 0.00216094 0.00182801 6.18688
373 0.00105855 0.00140516 5.99943
374 0.013233 0.0762758 5.02974
375 0.0125074 0.0768548 5.12927
376 0.0117251 0.0774086 5.23044
377 0.0139149 0.07564 4.93916
378 0.010883 0.0779343 5.3334
379 0.0146795 0.0751073 4.73497
380 0.010015 0.0784429 5.4202
381 0.0150876 0.0742962 4.79028
382 0.00913001 0.0789234 5.49247
383 0.0155921 0.0735538 4.74243
384 0.00823367 0.0793728 5.55059
385 0.0160504 0.0727193 4.725
386 0.00732624 0.0797748 5.60299
387 0.0163912 0.0718458 4.77276
388 0.00639946 0.0801343 5.65091
389 0.0167167 0.0709475 4.82105
390 0.0054557 0.080483 5.67933
391 0.0170037 0.0699964 4.89672
392 0.00452379 0.080845 5.67142
393 0.0172674 0.0690217 4.98514
394 0.00367471 0.0811649 5.64392
395 0.0175054 0.0680208 5.0929
396 0.00202008 0.0813282 5.73801
397 0.017734 0.0670119 5.20654
398 0.0179675 0.0659542 5.32966
399 0.0182077 0.0648858 5.45229
400 0.0184634 0.0638113 5.56813
401 0.0187471 0.0627378 5.66584
402 0.019053 0.0616666 5.75043
403 0.0193816 0.0606026 5.82063
404 0.00185231 0.0801621 6.2699
405 0.019747 0.0595521 5.86265
406 0.00185423 0.0790303 6.75494
407 0.0201366 0.0585044 5.88994
408 0.0018559 0.0779283 7.21003
409 0.0205403 0.0574658 5.90841
410 0.00185728 0.0768459 7.64493
411 0.0209784 0.0564464 5.89718
412 0.00183791 0.0757636 8.07365
413 0.0214315 0.0554473 5.87073
414 0.00183807 0.0746965 8.49059
415 0.0218881 0.0544393 5.84674
416 0.00183824 0.0736294 8.90232
417 0.0223811 0.0534394 5.79234
418 0.00183841 0.0725623 9.30672
419 0.0228596 0.0524802 5.73509
420 0.00183857 0.0714952 9.70189
421 0.0233417 0.0515067 5.67781
422 0.00183874 0.0704281 10.0867
423 0.0238446 0.0505433 5.59745
424 0.00183891 0.069361 10.4608
425 0.0243387 0.0495915 5.51527
426 0.00183907 0.068294 10.8239
427 0.0248302 0.0486494 5.4257
428 0.00183924 0.0672269 11.1761
429 0.025308 0.0477013 5.34051
430 0.00183941 0.0661598 11.5174
431 0.0257907 0.0467452 5.24453
432 0.00183958 0.0650927 11.8477
433 0.0262591 0.0458147 5.14194
434 0.00183974 0.0640256 12.1673
435 0.0266986 0.0448754 5.05194
436 0.00183991 0.0629585 12.4762
437 0.0271434 0.0439047 4.95282
438 0.00184008 0.0618914 12.7742
439 0.02755 0.0429707 4.85976
440 0.00184024 0.0608243 13.0615
441 0.02794 0.0420285 4.7666
442 0.00184041 0.0597573 13.3379
443 0.0283048 0.0410649 4.68116
444 0.00184058 0.0586902 13.6034
445 0.028646 0.0401008 4.59704
446 0.00184074 0.0576231 13.8579
447 0.0289585 0.0391337 4.51784
448 0.00184091 0.056556 14.1012
449 0.0292372 0.0381623 4.44718
450 0.00184108 0.0554889 14.3332
451 0.029489 0.0371856 4.37937
452 0.00184124 0.0544218 14.5537
453 0.0297018 0.0362029 4.32315
454 0.00184141 0.0533547 14.7625
455 0.0298806 0.0352188 4.27385
456 0.00184158 0.0522876 14.9594
457 0.0300201 0.0342293 4.23568
458 0.00184174 0.0512205 15.1441
459 0.0301229 0.0332341 4.20623
460 0.00184191 0.0501535 15.3163
461 0.0301916 0.0322356 4.1832
462 0.00184208 0.0490864 15.4759
463 0.030219 0.0312357 4.17179
464 0.00184224 0.0480193 15.6225
465 0.0302141 0.0302356 4.16506
466 0.00184241 0.0469522 15.7559
467 0.0301662 0.0292325 4.1709
468 0.00184258 0.0458851 15.8757
469 0.0300887 0.0282294 4.17922
470 0.00184275 0.044818 15.9817
471 0.0299712 0.0272295 4.19766
472 0.00184291 0.0437509 16.0736
473 0.029823 0.026233 4.2194
474 0.00184308 0.0426838 16.1511
475 0.029642 0.0252408 4.24588
476 0.00184325 0.0416167 16.2138
477 0.029423 0.0242566 4.28111
478 0.00184341 0.0405497 16.2616
479 0.0291769 0.0232823 4.31758
480 0.00184358 0.0394826 16.2941
481 0.0288981 0.0223136 4.35815
482 0.00184375 0.0384155 16.3109
483 0.0285819 0.0213585 4.40714
484 0.00184391 0.0373484 16.3119
485 0.0282391 0.0204158 4.4566
486 0.00184408 0.0362813 16.2968
487 0.0278616 0.0194872 4.51175
488 0.00184425 0.0352142 16.2653
489 0.0274465 0.0185801 4.57572
490 0.00184441 0.0341471 16.217
491 0.0270006 0.0176922 4.64293
492 0.00184458 0.03308 16.1519
493 0.0265201 0.016834 4.71815
494 0.00184475 0.0320129 16.0696
495 0.0260088 0.0159917 4.79464
496 0.00184491 0.0309459 15.9699
497 0.0254684 0.015178 4.87453
498 0.00184508 0.0298788 15.8525
499 0.0248802 0.0143849 4.9658
500 0.00184525 0.0288117 15.7173
501 0.0242484 0.0136242 5.06841
502 0.00184542 0.0277446 15.564
503 0.0235843 0.0129122 5.181
504 0.00184558 0.0266775 15.3924
505 0.0228849 0.0122236 5.29661
506 0.00184575 0.0256104 15.2023
507 0.0221537 0.0115531 5.41064
508 0.00184592 0.0245433 14.9936
509 0.0213937 0.0109158 5.52678
510 0.00184608 0.0234762 14.7661
511 0.0206178 0.0103129 5.63963
512 0.00184625 0.0224091 14.5196
513 0.0198089 0.00975008 5.76041
514 0.00184642 0.0213421 14.254
515 0.0189525 0.00919657 5.88207
516 0.00184658 0.020275 13.9692
517 0.0180707 0.00865071 5.99329
518 0.00184675 0.0192079 13.665
519 0.0171947 0.00814395 6.09649
520 0.00184692 0.0181408 13.3413
521 0.016314 0.00765388 6.18642
522 0.00184708 0.0170737 12.9982
523 0.0154259 0.00721587 6.2823
524 0.00184725 0.0160066 12.6355
525 0.0144942 0.00679474 6.3805
526 0.00184742 0.0149395 12.2533
527 0.0135411 0.00638741 6.47218
528 0.00184758 0.0138724 11.8519
529 0.0125529 0.00597369 6.54983
530 0.00184775 0.0128054 11.4314
531 0.0115646 0.00555991 6.60525
532 0.00184792 0.0117383 10.9927
533 0.0106071 0.00517754 6.64856
534 0.00184808 0.0106712 10.5373
535 0.00965035 0.00481156 6.68108
536 0.00184825 0.00960409 10.0674
537 0.0086848 0.00448511 6.71727
538 0.00184842 0.008537 9.58557
539 0.00769814 0.00417633 6.74758
540 0.00187233 0.0074444 9.08019
541 0.00667141 0.00389417 6.7799
542 0.00188402 0.00636121 8.56667
543 0.00562444 0.00361235 6.79437
544 0.00187876 0.00527598 8.03602
545 0.0046008 0.0033036 6.7675
546 0.00186503 0.00415714 7.46771
547 0.00362161 0.00296704 6.69591
548 0.00185795 0.00297586 6.84089
549 0.0130371 0.0751532 5.52218
550 0.0123056 0.0757864 5.61206
551 0.0115696 0.0763467 5.69987
552 0.0107865 0.0768798 5.78674
553 0.0199691 0.0317412 10.6546
554 0.00997638 0.0773935 5.86127
555 0.0163593 0.0309355 12.3671
556 0.0091251 0.0778689 5.93502
557 0.014513 0.0734486 5.3775
558 0.00826105 0.078313 5.99616
559 0.0151242 0.0727898 5.25083
560 0.00739197 0.0787216 6.04545
561 0.0153499 0.0719171 5.39266
562 0.00649246 0.0790863 6.09353
563 0.0156519 0.0710841 5.46336
564 0.00555163 0.0794223 6.13476
565 0.0159572 0.0701923 5.53648
566 0.00460743 0.0797802 6.13794
567 0.016231 0.0692628 5.62962
568 0.00368525 0.0801946 6.08385
569 0.0164808 0.0682958 5.74078
570 0.0167134 0.0673039 5.86477
571 0.0169388 0.0662817 5.99889
572 0.01718 0.0652212 6.131
573 0.017415 0.0641304 6.27612
574 0.0176906 0.0630313 6.39524
575 0.0179951 0.0619397 6.49239
576 0.0183067 0.06085 6.58587
577 0.0186572 0.0597699 6.64988
578 0.00277833 0.0796267 6.43152
579 0.0190516 0.058696 6.68121
580 0.00279357 0.0784988 6.90658
581 0.019451 0.0576281 6.70935
582 0.00281386 0.0774038 7.35105
583 0.0198821 0.0565806 6.70924
584 0.00279672 0.0763117 7.78687
585 0.0203342 0.0555614 6.68583
586 0.00276362 0.0752302 8.21366
587 0.0208022 0.0545423 6.65115
588 0.00276378 0.0741631 8.6272
589 0.0212768 0.0535316 6.60878
590 0.00276395 0.073096 9.03471
591 0.0217898 0.0525454 6.52892
592 0.00276412 0.0720289 9.43402
593 0.0222622 0.0515783 6.4712
594 0.00276428 0.0709618 9.82359
595 0.0227635 0.0505919 6.39418
596 0.00276445 0.0698947 10.2026
597 0.0232677 0.0496397 6.3002
598 0.00276462 0.0688276 10.5708
599 0.0237658 0.0486934 6.20315
600 0.00276479 0.0677606 10.9281
601 0.024245 0.0477601 6.1093
602 0.00276495 0.0666935 11.2745
603 0.0247212 0.0468051 6.01504
604 0.00276512 0.0656264 11.6101
605 0.0251897 0.0458792 5.90948
606 0.00276529 0.0645593 11.9349
607 0.0256453 0.044955 5.80275
608 0.00276545 0.0634922 12.2491
609 0.0260792 0.0440043 5.70629
610 0.00276562 0.0624251 12.5525
611 0.0264957 0.0430708 5.60612
612 0.00276579 0.061358 12.8453
613 0.0268804 0.0421445 5.51434
614 0.00276595 0.0602909 13.1273
615 0.0272571 0.0412095 5.4164
616 0.00276612 0.0592239 13.3986
617 0.0275985 0.040272 5.3298
618 0.00276629 0.0581568 13.6589
619 0.027915 0.0393343 5.24618
620 0.00276645 0.0570897 13.9083
621 0.0282012 0.0383932 5.16943
622 0.00276662 0.0560226 14.1464
623 0.0284581 0.0374472 5.09862
624 0.00276679 0.0549555 14.3732
625 0.028682 0.0364987 5.03558
626 0.00276695 0.0538884 14.5885
627 0.0288715 0.0355491 4.98092
628 0.00276712 0.0528213 14.792
629 0.0290273 0.0345938 4.93433
630 0.00276729 0.0517542 14.9835
631 0.0291418 0.0336344 4.90063
632 0.00276746 0.0506871 15.1627
633 0.0292268 0.0326724 4.8712
634 0.00276762 0.0496201 15.3295
635 0.0292696 0.031708 4.85474
636 0.00276779 0.048553 15.4834
637 0.0292817 0.0307407 4.84288
638 0.00276796 0.0474859 15.6242
639 0.0292546 0.0297733 4.84157
640 0.00276812 0.0464188 15.7517
641 0.0291938 0.0288046 4.84651
642 0.00276829 0.0453517 15.8655
643 0.0291038 0.0278376 4.85459
644 0.00276846 0.0442846 15.9653
645 0.0289757 0.0268707 4.87164
646 0.00276862 0.0432175 16.0509
647 0.0288135 0.0259083 4.895
648 0.00276879 0.0421504 16.1218
649 0.0286214 0.0249509 4.9216
650 0.00276896 0.0410833 16.178
651 0.0283987 0.0239974 4.95159
652 0.00276912 0.0400163 16.2189
653 0.0281402 0.0230561 4.9891
654 0.00276929 0.0389492 16.2444
655 0.0278511 0.0221269 5.03067
656 0.00276946 0.0378821 16.2542
657 0.027534 0.0212074 5.07379
658 0.00276962 0.036815 16.248
659 0.0271851 0.0203042 5.1217
660 0.00276979 0.0357479 16.2254
661 0.0268027 0.0194216 5.17626
662 0.00276996 0.0346808 16.1863
663 0.0263889 0.0185555 5.23482
664 0.00277012 0.0336137 16.1304
665 0.0259376 0.0177189 5.30366
666 0.00277029 0.0325466 16.0574
667 0.0254641 0.0169017 5.37096
668 0.00277046 0.0314795 15.967
669 0.0249687 0.0161088 5.43775
670 0.00277063 0.0304125 15.8592
671 0.0244643 0.0153533 5.50042
672 0.00277079 0.0293454 15.7335
673 0.0238713 0.0145693 5.58297
674 0.00277096 0.0282783 15.5899
675 0.0232286 0.0139034 5.70754
676 0.00277113 0.0272112 15.428
677 0.0225746 0.0132364 5.81651
678 0.00277129 0.0261441 15.2477
679 0.0218929 0.0125772 5.92018
680 0.00277146 0.025077 15.0489
681 0.0211721 0.0119456 6.03036
682 0.00277163 0.0240099 14.8312
683 0.0204283 0.0113553 6.14449
684 0.00277179 0.0229428 14.5947
685 0.019668 0.0107986 6.25765
686 0.00277196 0.0218758 14.339
687 0.0188703 0.0102539 6.37028
688 0.00277213 0.0208087 14.0642
689 0.0180267 0.00972022 6.48422
690 0.00277229 0.0197416 13.77
691 0.017168 0.00920918 6.59129
692 0.00277246 0.0186745 13.4563
693 0.0163083 0.00872289 6.68773
694 0.00277263 0.0176074 13.1231
695 0.015452 0.00827049 6.77756
696 0.00277279 0.0165403 12.7703
697 0.0145743 0.00785374 6.87149
698 0.00277296 0.0154732 12.3979
699 0.0136459 0.00744199 6.9643
700 0.00277313 0.0144061 12.0061
701 0.0126887 0.00703641 7.04806
702 0.0027733 0.013339 11.5949
703 0.0117004 0.0066227 7.11491
704 0.00277346 0.012272 11.1651
705 0.0107465 0.00624351 7.16885
706 0.00277363 0.0112049 10.7176
707 0.00979704 0.00587398 7.20684
708 0.0027738 0.0101378 10.2544
709 0.00885909 0.00553517 7.23861
710 0.00277396 0.00907069 9.77811
711 0.00790944 0.00522032 7.26609
712 0.00280483 0.00796606 9.27143
713 0.00692188 0.00491837 7.28788
714 0.00283791 0.00687 8.75602
715 0.00584549 0.00467971 7.33643
716 0.00285489 0.00576511 8.22109
717 0.00477726 0.00440277 7.33843
718 0.00282647 0.00467634 7.67675
719 0.00374562 0.00402823 7.25809
720 0.00276233 0.00362706 7.13278
721 0.00274463 0.00266139 6.60768
722 0.012081 0.0747425 6.07625
723 0.012776 0.074069 6.01116
724 0.0113697 0.0752984 6.16142
725 0.0106496 0.0758289 6.23265
726 0.00989062 0.0763446 6.29672
727 0.0134264 0.0732789 5.97563
728 0.00908983 0.0768315 6.35847
729 0.00825916 0.0772643 6.42313
730 0.0141801 0.0723132 5.91234
731 0.00742651 0.0776639 6.47524
732 0.00659544 0.0780604 6.50297
733 0.0145734 0.0712659 6.02411
734 0.00565409 0.078372 6.56261
735 0.0149049 0.07036 6.11162
736 0.00469521 0.0786711 6.60085
737 0.0151945 0.0694727 6.20574
738 0.00372405 0.0791044 6.55289
739 0.0154505 0.0685448 6.32227
740 0.0156893 0.0675913 6.44947
741 0.0159189 0.0665803 6.59349
742 0.0161398 0.0655161 6.75454
743 0.0163708 0.0644454 6.90819
744 0.0166272 0.0633344 7.05478
745 0.0169163 0.0622251 7.17725
746 0.017226 0.061108 7.2866
747 0.0175505 0.0600029 7.38178
748 0.0179442 0.058911 7.42382
749 0.0183462 0.057814 7.46053
750 0.00378742 0.0779916 7.00868
751 0.0187595 0.0567506 7.47895
752 0.0037911 0.0768666 7.46073
753 0.0192224 0.0556947 7.45871
754 0.00372356 0.0757605 7.90381
755 0.019704 0.0546618 7.41719
756 0.00368933 0.0746968 8.32083
757 0.0201727 0.0536295 7.38285
758 0.0036895 0.0736297 8.73002
759 0.0206812 0.0526274 7.30919
760 0.00368966 0.0725626 9.13244
761 0.0211755 0.0516405 7.23802
762 0.00368983 0.0714955 9.52605
763 0.0216751 0.0506581 7.15783
764 0.00369 0.0704284 9.90962
765 0.0221928 0.0496801 7.05865
766 0.00369016 0.0693613 10.2826
767 0.0226967 0.0487348 6.95456
768 0.00369033 0.0682942 10.6447
769 0.0231903 0.0478083 6.84617
770 0.0036905 0.0672272 10.9961
771 0.0236548 0.0468695 6.75362
772 0.00369066 0.0661601 11.3367
773 0.0241309 0.0459355 6.64307
774 0.00369083 0.065093 11.6666
775 0.0245861 0.0450146 6.53449
776 0.003691 0.0640259 11.986
777 0.0250192 0.044096 6.43054
778 0.00369116 0.0629588 12.2947
779 0.0254309 0.0431716 6.33155
780 0.00369133 0.0618917 12.5929
781 0.025825 0.0422504 6.23221
782 0.0036915 0.0608246 12.8805
783 0.0262022 0.041332 6.13169
784 0.00369166 0.0597575 13.1575
785 0.0265517 0.0404184 6.0366
786 0.00369183 0.0586905 13.4237
787 0.026872 0.0395056 5.94828
788 0.003692 0.0576234 13.6791
789 0.0271666 0.0385921 5.86427
790 0.00369216 0.0565563 13.9236
791 0.0274262 0.0376777 5.79049
792 0.00369233 0.0554892 14.1568
793 0.0276573 0.0367594 5.72255
794 0.0036925 0.0544221 14.3787
795 0.0278577 0.0358429 5.66115
796 0.00369267 0.053355 14.589
797 0.0280256 0.0349228 5.60783
798 0.00369283 0.0522879 14.7875
799 0.0281536 0.0339993 5.5673
800 0.003693 0.0512208 14.9739
801 0.0282519 0.0330734 5.53228
802 0.00369317 0.0501537 15.148
803 0.0283105 0.0321451 5.50937
804 0.00369333 0.0490867 15.3094
805 0.0283392 0.0312135 5.49159
806 0.0036935 0.0480196 15.458
807 0.0283285 0.0302798 5.48512
808 0.00369367 0.0469525 15.5933
809 0.0282861 0.0293462 5.48455
810 0.00369383 0.0458854 15.7151
811 0.0282147 0.0284113 5.48781
812 0.003694 0.0448183 15.8232
813 0.0281142 0.0274781 5.49474
814 0.00369417 0.0437512 15.9171
815 0.0279747 0.0265438 5.51147
816 0.00369433 0.0426841 15.9966
817 0.0278035 0.0256132 5.53317
818 0.0036945 0.041617 16.0613
819 0.0275993 0.0246901 5.56075
820 0.00369467 0.0405499 16.1111
821 0.0273666 0.0237734 5.59097
822 0.00369483 0.0394829 16.1455
823 0.0271039 0.0228677 5.62511
824 0.003695 0.0384158 16.1643
825 0.0268107 0.0219746 5.66354
826 0.00369517 0.0373487 16.1672
827 0.026489 0.0210957 5.70501
828 0.00369534 0.0362816 16.1539
829 0.0261407 0.0202346 5.74887
830 0.0036955 0.0352145 16.1241
831 0.0257571 0.0193948 5.80087
832 0.00369567 0.0341474 16.0776
833 0.0253329 0.0185773 5.86413
834 0.00369584 0.0330803 16.0142
835 0.0248822 0.0177837 5.93033
836 0.003696 0.0320132 15.9335
837 0.02442 0.0170073 5.98936
838 0.00369617 0.0309461 15.8354
839 0.0239205 0.0162629 6.05912
840 0.00369634 0.0298791 15.7195
841 0.0235614 0.0154352 6.01109
842 0.0036965 0.028812 15.5857
843 0.0228422 0.0148772 6.21613
844 0.00369667 0.0277449 15.4338
845 0.0222257 0.0142306 6.32104
846 0.00369684 0.0266778 15.2635
847 0.0215854 0.0135917 6.42053
848 0.003697 0.0256107 15.0747
849 0.0209366 0.012948 6.5025
850 0.00369717 0.0245436 14.8671
851 0.0202058 0.0123719 6.62572
852 0.00369734 0.0234765 14.6407
853 0.0194837 0.0118412 6.74227
854 0.0036975 0.0224094 14.3952
855 0.0187323 0.0113033 6.84914
856 0.00369767 0.0213424 14.1305
857 0.0179383 0.0107736 6.95625
858 0.00369784 0.0202753 13.8464
859 0.0171194 0.0102662 7.06134
860 0.003698 0.0192082 13.5428
861 0.0162819 0.00978847 7.16508
862 0.00369817 0.0181411 13.2197
863 0.0154447 0.00933457 7.25898
864 0.00369834 0.017074 12.877
865 0.0145989 0.00890973 7.34942
866 0.00369851 0.0160069 12.5146
867 0.0137169 0.00850257 7.44049
868 0.00369867 0.0149398 12.1325
869 0.0127838 0.00809092 7.52504
870 0.00369884 0.0138727 11.7309
871 0.0118363 0.00768545 7.59567
872 0.00369901 0.0128056 11.3102
873 0.0108771 0.00730079 7.65844
874 0.00369917 0.0117386 10.8712
875 0.0099278 0.00692911 7.70458
876 0.00369934 0.0106715 10.4154
877 0.00900098 0.0065951 7.74451
878 0.00369951 0.00960438 9.94536
879 0.00808516 0.00627621 7.77092
880 0.00372565 0.00849139 9.44018
881 0.0071572 0.00595541 7.78011
882 0.00376614 0.00737209 8.91824
883 0.00617824 0.00564603 7.7841
884 0.00384148 0.00624062 8.37117
885 0.00497408 0.00558628 7.92354
886 0.00384823 0.00512738 7.81769
887 0.011127 0.0742737 6.61557
888 0.0118397 0.0738235 6.48961
889 0.0104476 0.0747839 6.68311
890 0.00974182 0.0753002 6.73413
891 0.00903508 0.0758117 6.76383
892 0.0129231 0.0722312 6.54783
893 0.00823764 0.0762599 6.82012
894 0.00741449 0.0766019 6.89919
895 0.0134683 0.0713859 6.55461
896 0.00662272 0.0770027 6.92361
897 0.00588167 0.0774782 6.88449
898 0.0138658 0.070488 6.62999
899 0.00486781 0.0774704 7.06795
900 0.0141445 0.069627 6.74405
901 0.0144129 0.0687531 6.85825
902 0.014664 0.0678319 6.98806
903 0.0148977 0.0668531 7.13795
904 0.0151117 0.0658367 7.30498
905 0.0153222 0.064751 7.48995
906 0.0155545 0.0636543 7.66094
907 0.0158326 0.0625304 7.80686
908 0.016139 0.0613985 7.93282
909 0.0164282 0.0602475 8.07219
910 0.0167994 0.0591414 8.14199
911 0.0172603 0.0580225 8.15077
912 0.0176067 0.0568831 8.23976
913 0.0180599 0.055829 8.22957
914 0.00471079 0.0762327 7.58183
915 0.018591 0.0547648 8.16449
916 0.00461191 0.0751854 8.00335
917 0.0190716 0.0537093 8.12868
918 0.00458154 0.0741411 8.40871
919 0.0195443 0.0527022 8.08124
920 0.00461366 0.0731085 8.79456
921 0.0200727 0.0517127 7.9865
922 0.00461537 0.0720292 9.19551
923 0.0205868 0.0507195 7.89785
924 0.00461554 0.0709621 9.58295
925 0.0211014 0.0497347 7.80122
926 0.00461571 0.069895 9.9602
927 0.021626 0.0487711 7.68612
928 0.00461587 0.0688279 10.3269
929 0.0221122 0.0478497 7.5801
930 0.00461604 0.0677609 10.6829
931 0.0225935 0.0469204 7.47205
932 0.00461621 0.0666938 11.0283
933 0.0230714 0.0459836 7.35971
934 0.00461637 0.0656267 11.3631
935 0.0235313 0.045061 7.24731
936 0.00461654 0.0645596 11.6875
937 0.0239614 0.0441603 7.14098
938 0.00461671 0.0634925 12.0014
939 0.0243773 0.0432539 7.03517
940 0.00461687 0.0624254 12.3049
941 0.0247719 0.0423445 6.9335
942 0.00461704 0.0613583 12.598
943 0.0251468 0.0414408 6.83257
944 0.00461721 0.0602912 12.8806
945 0.0255043 0.0405411 6.73086
946 0.00461738 0.0592241 13.1527
947 0.025828 0.0396499 6.63848
948 0.00461754 0.0581571 13.4142
949 0.0261261 0.038764 6.55024
950 0.00461771 0.05709 13.6649
951 0.0263953 0.0378778 6.46898
952 0.00461788 0.0560229 13.9047
953 0.02663 0.03699 6.39825
954 0.00461804 0.0549558 14.1333
955 0.0268354 0.0361018 6.33407
956 0.00461821 0.0538887 14.3505
957 0.0270153 0.0352172 6.27356
958 0.00461838 0.0528216 14.5562
959 0.0271595 0.034329 6.22395
960 0.00461854 0.0517545 14.7499
961 0.0272675 0.0334391 6.18505
962 0.00461871 0.0506874 14.9316
963 0.0273404 0.0325473 6.15599
964 0.00461888 0.0496203 15.1008
965 0.027384 0.0316529 6.13263
966 0.00461904 0.0485533 15.2573
967 0.0273903 0.0307541 6.11987
968 0.00461921 0.0474862 15.4007
969 0.0273647 0.0298536 6.11379
970 0.00461938 0.0464191 15.5309
971 0.0273105 0.0289515 6.11188
972 0.00461954 0.045352 15.6474
973 0.0272288 0.0280493 6.11315
974 0.00461971 0.0442849 15.7499
975 0.0271177 0.0271503 6.11892
976 0.00461988 0.0432178 15.8382
977 0.0269693 0.0262495 6.13352
978 0.00462004 0.0421507 15.9119
979 0.0267873 0.0253524 6.15459
980 0.00462021 0.0410836 15.9707
981 0.0265723 0.0244645 6.18192
982 0.00462038 0.0400165 16.0143
983 0.0263332 0.0235846 6.20969
984 0.00462055 0.0389495 16.0424
985 0.026067 0.0227149 6.23979
986 0.00462071 0.0378824 16.0547
987 0.0257697 0.0218612 6.27557
988 0.00462088 0.0368153 16.0509
989 0.0254463 0.0210258 6.31418
990 0.00462105 0.0357482 16.0308
991 0.0251135 0.0202015 6.34444
992 0.00462121 0.0346811 15.994
993 0.0247193 0.0194087 6.40085
994 0.00462138 0.033614 15.9404
995 0.02427 0.0186566 6.48103
996 0.00462155 0.0325469 15.8696
997 0.0238156 0.0178735 6.53955
998 0.00462171 0.0314798 15.7814
999 0.0233215 0.0170575 6.59243
1000 0.00462188 0.0304127 15.6756
1001 0.00277837 0.0807748 5.92498
1002 0.00462205 0.0293457 15.5519
1003 0.0164015 0.0351348 12.4698
1004 0.00462221 0.0282786 15.4101
1005 0.0219331 0.0152961 6.79611
1006 0.00462238 0.0272115 15.25
1007 0.021243 0.0146066 6.91335
1008 0.00462255 0.0261444 15.0715
1009 0.0206109 0.0139462 6.99152
1010 0.00462271 0.0250773 14.8742
1011 0.0200706 0.0132526 6.99732
1012 0.00462288 0.0240102 14.6581
1013 0.0192672 0.0128721 7.21129
1014 0.00462305 0.0229431 14.4229
1015 0.0185665 0.0123598 7.31663
1016 0.00462321 0.021876 14.1685
1017 0.0178245 0.0118215 7.41055
1018 0.00462338 0.020809 13.8948
1019 0.0170406 0.0113079 7.51073
1020 0.00462355 0.0197419 13.6016
1021 0.0162286 0.0108333 7.61716
1022 0.00462372 0.0186748 13.2887
1023 0.0154121 0.0103938 7.72037
1024 0.00462388 0.0176077 12.9562
1025 0.0145922 0.00996953 7.8128
1026 0.00462405 0.0165406 12.6039
1027 0.0137579 0.00955645 7.89652
1028 0.00462422 0.0154735 12.2318
1029 0.0128731 0.00914983 7.9797
1030 0.00462438 0.0144064 11.84
1031 0.0119436 0.00873986 8.05408
1032 0.00462455 0.0133393 11.4287
1033 0.0110011 0.00835448 8.12231
1034 0.00462472 0.0122722 10.9987
1035 0.0100532 0.00798954 8.18074
1036 0.00462488 0.0112052 10.551
1037 0.00911759 0.00765444 8.23028
1038 0.00463632 0.0101149 10.0765
1039 0.00820674 0.00735237 8.27115
1040 0.00464591 0.00901052 9.58248
1041 0.00733344 0.00702744 8.27601
1042 0.00466714 0.0079085 9.0757
1043 0.0064571 0.00668237 8.25405
1044 0.00472832 0.00674993 8.52255
1045 0.00558661 0.00639367 8.24025
1046 0.0111166 0.0731222 7.0159
1047 0.0102638 0.0737281 7.11983
1048 0.00951852 0.0742591 7.18255
1049 0.00885665 0.0747768 7.19968
1050 0.00826348 0.075367 7.14938
1051 0.0123287 0.0712538 7.12803
1052 0.00741197 0.0755299 7.31015
1053 0.00653867 0.0759055 7.3692
1054 0.0129404 0.0705831 7.05673
1055 0.00567714 0.076544 7.29478
1056 0.0131028 0.0697319 7.24446
1057 0.0133606 0.0689147 7.36705
1058 0.0136289 0.0680518 7.48995
1059 0.0138755 0.0671224 7.63668
1060 0.0140942 0.06612 7.81356
1061 0.0142869 0.0650828 8.00944
1062 0.0144641 0.0639713 8.23093
1063 0.0147229 0.0628502 8.40213
1064 0.0150538 0.0617132 8.52731
1065 0.0153452 0.0605675 8.67353
1066 0.0155431 0.0593271 8.90017
1067 0.0161463 0.058223 8.82652
1068 0.0165361 0.0571216 8.88147
1069 0.0167311 0.0558771 9.0983
1070 0.0175095 0.0548461 8.86893
1071 0.0179608 0.0538022 8.85241
1072 0.0053867 0.0746109 8.0926
1073 0.0183719 0.0527715 8.85453
1074 0.00555272 0.0737026 8.40581
1075 0.0189254 0.0517676 8.74897
1076 0.00552972 0.0726031 8.82074
1077 0.0194898 0.0507818 8.62557
1078 0.00552819 0.0715054 9.22262
1079 0.0200054 0.0497876 8.53097
1080 0.00554125 0.0704287 9.6044
1081 0.0205288 0.0488198 8.41782
1082 0.00554142 0.0693616 9.97513
1083 0.0210349 0.0478864 8.30099
1084 0.00554158 0.0682945 10.3354
1085 0.0215268 0.0469633 8.18394
1086 0.00554175 0.0672275 10.6853
1087 0.0220016 0.0460444 8.06943
1088 0.00554192 0.0661604 11.0247
1089 0.0224599 0.0451227 7.95781
1090 0.00554208 0.0650933 11.3538
1091 0.022905 0.0442129 7.84326
1092 0.00554225 0.0640262 11.6726
1093 0.023327 0.0433164 7.73165
1094 0.00554242 0.0629591 11.9812
1095 0.0237196 0.0424262 7.62836
1096 0.00554259 0.061892 12.2796
1097 0.0240939 0.0415362 7.5265
1098 0.00554275 0.0608249 12.5679
1099 0.0244455 0.0406527 7.42754
1100 0.00554292 0.0597578 12.8458
1101 0.0247797 0.0397734 7.328
1102 0.00554309 0.0586907 13.1133
1103 0.0250821 0.0389078 7.23616
1104 0.00554325 0.0576237 13.3703
1105 0.0253607 0.0380507 7.14745
1106 0.00554342 0.0565566 13.6167
1107 0.025604 0.0371921 7.0706
1108 0.00554359 0.0554895 13.8521
1109 0.0258085 0.0363282 7.00782
1110 0.00554375 0.0544224 14.0764
1111 0.0259905 0.0354732 6.94685
1112 0.00554392 0.0533553 14.2893
1113 0.0261636 0.0346256 6.87879
1114 0.00554409 0.0522882 14.4906
1115 0.0262816 0.0337684 6.83561
1116 0.00554425 0.0512211 14.68
1117 0.0263613 0.0329142 6.80482
1118 0.00554442 0.050154 14.8572
1119 0.0264223 0.0320565 6.77324
1120 0.00554459 0.0490869 15.0219
1121 0.0264449 0.0311944 6.75413
1122 0.00554475 0.0480199 15.1738
1123 0.0264304 0.0303296 6.74559
1124 0.00554492 0.0469528 15.3125
1125 0.0263946 0.0294591 6.73692
1126 0.00554509 0.0458857 15.4377
1127 0.0263291 0.0285872 6.73337
1128 0.00554526 0.0448186 15.5492
1129 0.0262366 0.0277186 6.73311
1130 0.00554542 0.0437515 15.6465
1131 0.0261219 0.0268565 6.73317
1132 0.00554559 0.0426844 15.7294
1133 0.0259657 0.0259864 6.74461
1134 0.00554576 0.0416173 15.7976
1135 0.0257621 0.0251287 6.7721
1136 0.00554592 0.0405502 15.8506
1137 0.0255401 0.024275 6.79636
1138 0.00554609 0.0394831 15.8883
1139 0.0252971 0.0234282 6.81916
1140 0.00554626 0.0384161 15.9104
1141 0.0250412 0.0225937 6.83639
1142 0.00554642 0.037349 15.9164
1143 0.0247282 0.0217803 6.87636
1144 0.00554659 0.0362819 15.9062
1145 0.0244005 0.0209891 6.91361
1146 0.00554676 0.0352148 15.8794
1147 0.024219 0.0201655 6.84574
1148 0.00554692 0.0341477 15.8359
1149 0.023645 0.0195473 7.02999
1150 0.00554709 0.0330806 15.7752
1151 0.0232242 0.0187803 7.07903
1152 0.00554726 0.0320135 15.6973
1153 0.0227636 0.0179862 7.12534
1154 0.00554742 0.0309464 15.6018
1155 0.0222613 0.0171593 7.16566
1156 0.00554759 0.0298793 15.4884
1157 0.0216357 0.0163545 7.25199
1158 0.00554776 0.0288123 15.357
1159 0.00554792 0.0277452 15.2074
1160 0.0208953 0.015621 7.39027
1161 0.00554809 0.0266781 15.0393
1162 0.0201841 0.0149012 7.49425
1163 0.00554826 0.025611 14.8526
1164 0.0130417 0.0621055 9.54834
1165 0.00554843 0.0245439 14.647
1166 0.0109842 0.015731 11.1091
1167 0.00554859 0.0234768 14.4224
1168 0.0184411 0.0134404 7.75547
1169 0.00554876 0.0224097 14.1785
1170 0.0176705 0.0128817 7.86423
1171 0.00554893 0.0213426 13.9153
1172 0.0169442 0.0123361 7.94072
1173 0.00554909 0.0202756 13.6326
1174 0.0161632 0.0118629 8.04627
1175 0.00554926 0.0192085 13.3303
1176 0.0153647 0.0114478 8.16265
1177 0.00554943 0.0181414 13.0082
1178 0.014566 0.0110299 8.26037
1179 0.00554959 0.0170743 12.6662
1180 0.0137591 0.0106191 8.34609
1181 0.00554976 0.0160072 12.3044
1182 0.0129167 0.0102062 8.42391
1183 0.00554993 0.0149401 11.9226
1184 0.0120266 0.0098002 8.49926
1185 0.00555009 0.013873 11.5212
1186 0.011112 0.0094003 8.56388
1187 0.00556393 0.0127912 11.0927
1188 0.0101822 0.00903608 8.62769
1189 0.00558116 0.0117066 10.6439
1190 0.00924128 0.00871284 8.69228
1191 0.00559161 0.0106029 10.1709
1192 0.00831297 0.00843491 8.75511
1193 0.00558193 0.0095101 9.69087
1194 0.00738766 0.00813559 8.78812
1195 0.0055761 0.0084254 9.20135
1196 0.006486 0.00777443 8.76891
1197 0.00559998 0.0073741 8.70967
1198 0.0117339 0.0721134 7.10444
1199 0.00562103 0.0754826 7.71661
1200 0.0100393 0.0727041 7.55422
1201 0.0092902 0.0732843 7.60253
1202 0.00849898 0.073865 7.63601
1203 0.00775366 0.0745041 7.60792
1204 0.0119833 0.0701013 7.65181
1205 0.0064917 0.074565 7.88995
1206 0.0122815 0.0691022 7.83343
1207 0.0125828 0.0682381 7.96108
1208 0.0128462 0.0673433 8.10722
1209 0.0130875 0.0664196 8.26498
1210 0.0132841 0.0654238 8.46058
1211 0.0134223 0.0643485 8.70455
1212 0.0135004 0.0631565 9.00979
1213 0.0139779 0.0619922 9.07662
1214 0.0142588 0.0609221 9.21949
1215 0.0144667 0.0598977 9.38477
1216 0.0150206 0.0581658 9.53536
1217 0.0155863 0.0573986 9.40075
1218 0.01562 0.0564319 9.64005
1219 0.0163738 0.0547189 9.62855
1220 0.0170143 0.05399 9.4151
1221 0.0171044 0.0528856 9.64375
1222 0.0177517 0.0518064 9.50435
1223 0.00643668 0.0732129 8.40547
1224 0.0183479 0.0508137 9.36763
1225 0.00642492 0.07205 8.83488
1226 0.0188897 0.0498318 9.25566
1227 0.00644267 0.0709512 9.2256
1228 0.0194219 0.0488583 9.14077
1229 0.0064571 0.0698851 9.59587
1230 0.019934 0.0479189 9.02309
1231 0.00646713 0.0688282 9.95404
1232 0.0204468 0.047 8.89251
1233 0.0064673 0.0677611 10.3078
1234 0.0209383 0.0460799 8.76809
1235 0.00646746 0.0666941 10.6515
1236 0.0214006 0.0451705 8.652
1237 0.00646763 0.065627 10.985
1238 0.0218459 0.0442603 8.53801
1239 0.0064678 0.0645599 11.3084
1240 0.022273 0.0433681 8.42305
1241 0.00646796 0.0634928 11.6219
1242 0.0226715 0.0424906 8.31436
1243 0.00646813 0.0624257 11.9254
1244 0.0230427 0.0416176 8.21274
1245 0.0064683 0.0613586 12.2191
1246 0.0233976 0.0407466 8.11088
1247 0.00646846 0.0602915 12.5027
1248 0.0237291 0.0398814 8.01267
1249 0.00646863 0.0592244 12.7762
1250 0.0240346 0.039027 7.91898
1251 0.0064688 0.0581573 13.0395
1252 0.0243148 0.038193 7.82836
1253 0.00646896 0.0570903 13.2924
1254 0.0245885 0.0373705 7.72973
1255 0.00646913 0.0560232 13.5348
1256 0.0247956 0.0365298 7.6656
1257 0.0064693 0.0549561 13.7662
1258 0.0249615 0.0356883 7.61672
1259 0.00646946 0.053889 13.9866
1260 0.0251318 0.0348663 7.55165
1261 0.00646963 0.0528219 14.1956
1262 0.0254516 0.0340865 7.37441
1263 0.0064698 0.0517548 14.393
1264 0.0253764 0.0332553 7.44856
1265 0.00646996 0.0506877 14.5784
1266 0.0254518 0.0324176 7.41068
1267 0.00647013 0.0496206 14.7515
1268 0.0256673 0.0316076 7.26834
1269 0.0064703 0.0485535 14.912
1270 0.0254857 0.0307729 7.37318
1271 0.00647047 0.0474865 15.0596
1272 0.02547 0.0299371 7.35647
1273 0.00647063 0.0464194 15.1939
1274 0.025423 0.0290936 7.34604
1275 0.0064708 0.0453523 15.3145
1276 0.0253462 0.0282513 7.34119
1277 0.00647097 0.0442852 15.4212
1278 0.025237 0.0274105 7.34301
1279 0.00647113 0.0432181 15.5137
1280 0.0252886 0.0265543 7.2285
1281 0.0064713 0.042151 15.5915
1282 0.0249421 0.025768 7.35684
1283 0.00647147 0.0410839 15.6543
1284 0.0247335 0.0249417 7.38007
1285 0.00647163 0.0400168 15.7019
1286 0.0245132 0.0241124 7.39511
1287 0.0064718 0.0389497 15.734
1288 0.0242599 0.023298 7.4171
1289 0.00647197 0.0378827 15.7501
1290 0.0241595 0.02245 7.32882
1291 0.00647213 0.0368156 15.7501
1292 0.0236643 0.0217158 7.47664
1293 0.0064723 0.0357485 15.7337
1294 0.0246053 0.0315841 7.95217
1295 0.00647247 0.0346814 15.7005
1296 0.0145169 0.0405437 13.091
1297 0.00647263 0.0336143 15.6503
1298 0.0226868 0.0197301 7.59151
1299 0.0064728 0.0325472 15.5828
1300 0.0222014 0.0189257 7.65429
1301 0.00647297 0.0314801 15.4979
1302 0.0217443 0.0181245 7.68386
1303 0.00647313 0.030413 15.3952
1304 0.0212007 0.017353 7.74576
1305 0.0064733 0.0293459 15.2744
1306 0.0205412 0.0166409 7.85973
1307 0.00647347 0.0282789 15.1355
1308 0.00647364 0.0272118 14.9782
1309 0.0198293 0.01592 7.97253
1310 0.0064738 0.0261447 14.8022
1311 0.0190872 0.0151883 8.07083
1312 0.00647397 0.0250776 14.6074
1313 0.00647414 0.0240105 14.3935
1314 0.0182848 0.0145138 8.18782
1315 0.0064743 0.0229434 14.1605
1316 0.0174667 0.0139223 8.31467
1317 0.00647447 0.0218763 13.9081
1318 0.0167429 0.0133814 8.40089
1319 0.00647464 0.0208092 13.6361
1320 0.0161442 0.0127681 8.39576
1321 0.0064748 0.0197422 13.3445
1322 0.0153187 0.0125443 8.60345
1323 0.00647497 0.0186751 13.0331
1324 0.0145376 0.0120964 8.69347
1325 0.00647514 0.017608 12.7017
1326 0.0137315 0.0116799 8.78595
1327 0.0064753 0.0165409 12.3503
1328 0.0129021 0.0112687 8.86951
1329 0.00647547 0.0154738 11.979
1330 0.0120587 0.0108617 8.94048
1331 0.00647564 0.0144067 11.5876
1332 0.0111821 0.0104575 9.00268
1333 0.00649638 0.0133209 11.1661
1334 0.0102903 0.0100708 9.05659
1335 0.00651798 0.0122325 10.724
1336 0.00938502 0.009723 9.11089
1337 0.00655921 0.0111025 10.2434
1338 0.00841157 0.00947912 9.20539
1339 0.00654571 0.0099711 9.75433
1340 0.0117823 0.0560441 11.7387
1341 0.00650155 0.00886785 9.26869
1342 0.0108002 0.0721229 7.47311
1343 0.0111095 0.0710641 7.70835
1344 0.014483 0.0589667 9.62927
1345 0.0154956 0.055368 9.99264
1346 0.00915424 0.0722673 8.00511
1347 0.00828198 0.072905 8.0452
1348 0.00733244 0.0725243 8.44239
1349 0.0111911 0.0692137 8.28041
1350 0.0114905 0.06835 8.42899
1351 0.0117992 0.0675345 8.54752
1352 0.0120937 0.0666511 8.68341
1353 0.0122775 0.0657378 8.87367
1354 0.0124596 0.0647883 9.0686
1355 0.0124803 0.0637067 9.37572
1356 0.0123228 0.0626549 9.75539
1357 0.0131701 0.0611432 9.75234
1358 0.0133971 0.060179 9.89879
1359 0.0146157 0.0570618 10.0614
1360 0.0161249 0.0536155 10.0585
1361 0.0165647 0.0517118 10.2583
1362 0.0172136 0.0508027 10.08
1363 0.0177941 0.0498547 9.94238
1364 0.00734788 0.0714374 8.82922
1365 0.0182699 0.0488911 9.86562
1366 0.0073615 0.0703847 9.19611
1367 0.0188127 0.0479374 9.73611
1368 0.00738114 0.0693448 9.54819
1369 0.0193525 0.0470143 9.59294
1370 0.00741244 0.0683004 9.8893
1371 0.0198631 0.0461111 9.45549
1372 0.00743994 0.0672498 10.2238
1373 0.0203331 0.0452094 9.33475
1374 0.00743152 0.066179 10.5649
1375 0.0207852 0.0443093 9.21616
1376 0.00740513 0.0651006 10.9034
1377 0.0212101 0.0434204 9.10345
1378 0.00739351 0.0640265 11.2267
1379 0.0216179 0.0425419 8.99018
1380 0.00739367 0.0629594 11.5351
1381 0.0219956 0.041681 8.88354
1382 0.00739384 0.0618923 11.8339
1383 0.0223468 0.0408279 8.78267
1384 0.00739401 0.0608252 12.1231
1385 0.02268 0.0399747 8.68307
1386 0.00739417 0.0597581 12.4025
1387 0.0229861 0.039127 8.58951
1388 0.00739434 0.058691 12.6721
1389 0.0232682 0.0382922 8.49909
1390 0.00739451 0.0576239 12.9315
1391 0.0235324 0.0374981 8.4055
1392 0.00739467 0.0565569 13.1808
1393 0.0239332 0.0367556 8.20925
1394 0.00739484 0.0554898 13.4195
1395 0.0239474 0.035916 8.26034
1396 0.00739501 0.0544227 13.6475
1397 0.024116 0.0349996 8.2036
1398 0.00739518 0.0533556 13.8643
1399 0.0203115 0.0334178 10.4993
1400 0.00739534 0.0522885 14.0699
1401 0.0235237 0.0308471 8.60462
1402 0.00739551 0.0512214 14.2637
1403 0.0244497 0.0327429 8.0534
1404 0.00739568 0.0501543 14.4455
1405 0.0224099 0.0237664 8.54926
1406 0.00739584 0.0490872 14.6149
1407 0.0020361 0.0824673 5.20227
1408 0.00739601 0.0480201 14.7717
1409 0.0245524 0.0304837 7.95792
1410 0.00739618 0.0469531 14.9153
1411 0.0245048 0.029566 7.94874
1412 0.00739634 0.045886 15.0455
1413 0.0244589 0.0287424 7.92885
1414 0.00739651 0.0448189 15.1619
1415 0.0243691 0.0278265 7.91567
1416 0.00739668 0.0437518 15.2642
1417 0.00744339 0.00924662 9.283
1418 0.00739684 0.0426847 15.352
1419 0.0138925 0.0744139 5.37679
1420 0.00739701 0.0416176 15.425
1421 0.0239428 0.0257122 7.95334
1422 0.00739718 0.0405505 15.4828
1423 0.0237402 0.0247935 7.95051
1424 0.00739734 0.0394834 15.5252
1425 0.0234815 0.0238779 7.96347
1426 0.00739751 0.0384163 15.5518
1427 0.0243933 0.0339323 8.06826
1428 0.00739768 0.0373493 15.5623
1429 0.0229132 0.0364833 8.87761
1430 0.00739784 0.0362822 15.5565
1431 0.0226477 0.021722 8.04455
1432 0.00739801 0.0352151 15.534
1433 0.0221412 0.02074 8.11091
1434 0.00739818 0.034148 15.4945
1435 0.00739835 0.0330809 15.4379
1436 0.0216239 0.0198587 8.17969
1437 0.00739851 0.0320138 15.3637
1438 0.0211478 0.0190536 8.22377
1439 0.00739868 0.0309467 15.2719
1440 0.0208381 0.0182442 8.16511
1441 0.00739885 0.0298796 15.1621
1442 0.0201627 0.0176997 8.34139
1443 0.00739901 0.0288126 15.0342
1444 0.0194891 0.0169518 8.43775
1445 0.00739918 0.0277455 14.8878
1446 0.00739935 0.0266784 14.7228
1447 0.0187804 0.0162449 8.53815
1448 0.00739951 0.0256113 14.5391
1449 0.0180289 0.0155696 8.64308
1450 0.00739968 0.0245442 14.3362
1451 0.00739985 0.0234771 14.1142
1452 0.0172353 0.0149439 8.75764
1453 0.00740001 0.02241 13.8729
1454 0.0164398 0.0143504 8.8605
1455 0.00740018 0.0213429 13.6119
1456 0.0155838 0.0136558 8.92604
1457 0.00740035 0.0202758 13.3313
1458 0.00740051 0.0192088 13.0308
1459 0.0145717 0.013192 9.10259
1460 0.00740068 0.0181417 12.7103
1461 0.0137174 0.0127428 9.20803
1462 0.00740085 0.0170746 12.3698
1463 0.0128926 0.0123294 9.29848
1464 0.00740101 0.0160075 12.009
1465 0.012064 0.0119243 9.37484
1466 0.00740657 0.0149256 11.6218
1467 0.0112173 0.0115176 9.43687
1468 0.00742012 0.0138555 11.2172
1469 0.0103637 0.0111183 9.48486
1470 0.00745019 0.0127752 10.7863
1471 0.0094882 0.0107385 9.5271
1472 0.00749735 0.0116545 10.3173
1473 0.0086501 0.0103625 9.54364
1474 0.00759206 0.0103659 9.75047
1475 0.0100093 0.0716269 7.93645
1476 0.0108874 0.0700793 8.12193
1477 0.0135858 0.0591765 10.0691
1478 0.0137888 0.0579833 10.2787
1479 0.0145148 0.0560035 10.3912
1480 0.015268 0.0543061 10.3909
1481 0.00825011 0.0718683 8.42505
1482 0.0103666 0.0683952 8.87923
1483 0.010745 0.0675689 8.99192
1484 0.011223 0.0668741 9.0065
1485 0.0112682 0.0660269 9.24842
1486 0.0114465 0.0650951 9.45104
1487 0.0117083 0.0642104 9.59325
1488 0.011371 0.0632348 10.0314
1489 0.0121965 0.0602536 10.4815
1490 0.016042 0.0506075 10.812
1491 0.0168007 0.0498939 10.5295
1492 0.0170938 0.0489412 10.5636
1493 0.00827784 0.0708287 8.78245
1494 0.0176305 0.0479474 10.4539
1495 0.008282 0.0698541 9.1167
1496 0.0182376 0.0470134 10.2789
1497 0.00831838 0.0688285 9.45139
1498 0.018783 0.0461139 10.1245
1499 0.008412 0.0678294 9.75061
1500 0.0192749 0.0452289 9.99051
1501 0.00843505 0.0667511 10.0881
1502 0.0197309 0.0443459 9.86916
1503 0.00836121 0.0656382 10.4569
1504 0.0201578 0.0434634 9.75634
1505 0.00830958 0.0645541 10.8003
1506 0.0205575 0.0425925 9.64893
1507 0.00830846 0.0634853 11.1139
1508 0.0209411 0.0417324 9.54006
1509 0.00833413 0.0624323 11.4056
1510 0.021297 0.0408901 9.43611
1511 0.00834228 0.0613746 11.6951
1512 0.0216332 0.0400563 9.3335
1513 0.00833123 0.0603033 11.985
1514 0.021945 0.0392202 9.23631
1515 0.00831988 0.0592247 12.2673
1516 0.0222322 0.0383761 9.14485
1517 0.00832005 0.0581576 12.5334
1518 0.0225285 0.0375062 9.03917
1519 0.00832022 0.0570905 12.7896
1520 0.0192979 0.0383028 10.8776
1521 0.00832039 0.0560235 13.0357
1522 0.0231669 0.0228311 7.96727
1523 0.00832055 0.0549564 13.2713
1524 0.0230426 0.0353555 8.8617
1525 0.00832072 0.0538893 13.4962
1526 0.023235 0.0343033 8.78387
1527 0.00832089 0.0528222 13.7101
1528 0.0233691 0.0331978 8.72402
1529 0.00832105 0.0517551 13.9126
1530 0.00832122 0.050688 14.1034
1531 0.00832139 0.0496209 14.282
1532 0.0234635 0.0320293 8.66617
1533 0.00832155 0.0485538 14.4482
1534 0.0237409 0.0299774 8.43748
1535 0.00832172 0.0474867 14.6015
1536 0.00832189 0.0464197 14.7415
1537 0.0235277 0.0292211 8.52577
1538 0.00832205 0.0453526 14.868
1539 0.0236311 0.0283894 8.40574
1540 0.00832222 0.0442855 14.9805
1541 0.0233225 0.0275774 8.5213
1542 0.00832239 0.0432184 15.0786
1543 0.0231136 0.0265063 8.5333
1544 0.00832255 0.0421513 15.1621
1545 0.00832272 0.0410842 15.2305
1546 0.0229026 0.0254617 8.52578
1547 0.00832289 0.0400171 15.2836
1548 0.0228469 0.0245801 8.43209
1549 0.00832305 0.03895 15.321
1550 0.00832322 0.0378829 15.3424
1551 0.0219962 0.0227468 8.59567
1552 0.00832339 0.0368159 15.3475
1553 0.00832356 0.0357488 15.336
1554 0.021525 0.0217319 8.64658
1555 0.00832372 0.0346817 15.3076
1556 0.0210302 0.020791 8.69867
1557 0.00832389 0.0336146 15.2621
1558 0.00832406 0.0325475 15.1991
1559 0.0205162 0.0198709 8.74021
1560 0.00832422 0.0314804 15.1185
1561 0.0199921 0.0188602 8.73877
1562 0.00832439 0.0304133 15.0199
1563 0.00832456 0.0293462 14.9032
1564 0.019187 0.018041 8.88902
1565 0.00832472 0.0282792 14.7681
1566 0.0184855 0.0172937 8.98482
1567 0.00832489 0.0272121 14.6144
1568 0.00832506 0.026145 14.4419
1569 0.0177666 0.0166109 9.08337
1570 0.00832522 0.0250779 14.2504
1571 0.0170148 0.0159878 9.1913
1572 0.00832539 0.0240108 14.0397
1573 0.00832556 0.0229437 13.8096
1574 0.0162396 0.0154112 9.30146
1575 0.00832572 0.0218766 13.56
1576 0.0154419 0.0148307 9.39655
1577 0.00832589 0.0208095 13.2906
1578 0.0145796 0.0142932 9.50651
1579 0.00832606 0.0197424 13.0013
1580 0.00832623 0.0186754 12.692
1581 0.0136963 0.0138336 9.62864
1582 0.00832515 0.0176033 12.3612
1583 0.0128516 0.0133971 9.72571
1584 0.00831821 0.0165146 12.0055
1585 0.012017 0.0129795 9.80723
1586 0.00832452 0.0154421 11.6318
1587 0.0111761 0.0125702 9.87447
1588 0.00834405 0.01437 11.2353
1589 0.010303 0.0121518 9.92668
1590 0.00837894 0.0133113 10.8213
1591 0.0094291 0.0117319 9.95818
1592 0.00843063 0.012272 10.3938
1593 0.00847123 0.0112622 9.96547
1594 0.0100833 0.0706048 8.2568
1595 0.010059 0.0694142 8.66491
1596 0.0121716 0.0615002 10.1514
1597 0.0112733 0.0620458 10.4106
1598 0.0127436 0.0594686 10.4228
1599 0.0136118 0.0567216 10.6948
1600 0.0149138 0.0524053 11.0361
1601 0.0150844 0.0533137 10.7332
1602 0.0153009 0.0515197 11.0259
1603 0.0126793 0.0584631 10.7213
1604 0.0143458 0.0549194 10.7535
1605 0.00951187 0.0674362 9.50889
1606 0.0103123 0.0665658 9.47885
1607 0.0103723 0.0653804 9.8192
1608 0.0107923 0.064263 9.97843
1609 0.0158722 0.0493116 11.1812
1610 0.0163109 0.0479627 11.2056
1611 0.0170926 0.0469723 10.954
1612 0.00905685 0.0693575 9.03676
1613 0.0176964 0.0460827 10.7719
1614 0.0182147 0.0452198 10.624
1615 0.0186764 0.0443573 10.4998
1616 0.00936036 0.0661506 9.96487
1617 0.0191019 0.0434965 10.3874
1618 0.00924113 0.0650603 10.3393
1619 0.0195047 0.0426339 10.2794
1620 0.00918118 0.063994 10.6764
1621 0.0198838 0.0417817 10.1745
1622 0.00926169 0.0629717 10.9434
1623 0.0202424 0.0409398 10.0708
1624 0.00930564 0.0619345 11.2194
1625 0.0205801 0.0401169 9.96772
1626 0.00928324 0.0608586 11.5208
1627 0.0209081 0.0393132 9.85881
1628 0.00925174 0.0597791 11.8172
1629 0.0211877 0.0384916 9.77123
1630 0.0092456 0.0586913 12.0973
1631 0.0214584 0.0376467 9.6809
1632 0.00927699 0.0576438 12.345
1633 0.0217548 0.0367316 9.56894
1634 0.00927457 0.0565818 12.5984
1635 0.0219889 0.0357531 9.48419
1636 0.0092461 0.0554901 12.8573
1637 0.00924626 0.054423 13.0904
1638 0.00924643 0.0533559 13.3129
1639 0.0222862 0.0336279 9.37231
1640 0.0092466 0.0522888 13.5244
1641 0.0223514 0.0324652 9.33694
1642 0.00924676 0.0512217 13.7244
1643 0.00924693 0.0501546 13.9126
1644 0.0092471 0.0490875 14.0885
1645 0.00924726 0.0480204 14.2518
1646 0.0226727 0.0299579 9.07473
1647 0.00924743 0.0469533 14.4021
1648 0.0092476 0.0458863 14.539
1649 0.022587 0.0285863 9.03562
1650 0.00924776 0.0448192 14.6621
1651 0.00924793 0.0437521 14.771
1652 0.0222558 0.027348 9.11257
1653 0.0092481 0.042685 14.8653
1654 0.022043 0.026148 9.09636
1655 0.00924827 0.0416179 14.9447
1656 0.00924843 0.0405508 15.0089
1657 0.0218722 0.0248821 9.01928
1658 0.0092486 0.0394837 15.0574
1659 0.00924877 0.0384166 15.09
1660 0.00924893 0.0373495 15.1064
1661 0.0208735 0.0227089 9.17732
1662 0.0092491 0.0362825 15.1063
1663 0.00924927 0.0352154 15.0893
1664 0.0204236 0.0217269 9.20709
1665 0.00924943 0.0341483 15.0552
1666 0.0199369 0.0208045 9.24286
1667 0.0092496 0.0330812 15.0037
1668 0.00924977 0.0320141 14.9345
1669 0.0194012 0.0199106 9.28444
1670 0.00924993 0.030947 14.8475
1671 0.0187924 0.0190801 9.35092
1672 0.0092501 0.0298799 14.7423
1673 0.00925027 0.0288128 14.6188
1674 0.0181595 0.0183126 9.42035
1675 0.00925043 0.0277458 14.4767
1676 0.0174951 0.0176124 9.5
1677 0.0092506 0.0266787 14.3158
1678 0.00925077 0.0256116 14.1358
1679 0.0167865 0.0170277 9.61144
1680 0.00925093 0.0245445 13.9367
1681 0.0160436 0.0164713 9.72489
1682 0.0092511 0.0234774 13.7182
1683 0.00925127 0.0224103 13.4801
1684 0.0152699 0.0159255 9.83254
1685 0.00925144 0.0213432 13.2222
1686 0.0144708 0.0153906 9.9316
1687 0.0092516 0.0202761 12.9445
1688 0.0136382 0.0149035 10.037
1689 0.00926945 0.019184 12.6353
1690 0.0092567 0.0181087 12.3172
1691 0.0127969 0.0144568 10.1384
1692 0.00923218 0.0170188 11.9762
1693 0.0119739 0.0140353 10.2236
1694 0.00922673 0.0159334 11.6112
1695 0.011117 0.0136231 10.302
1696 0.00925321 0.0148572 11.2215
1697 0.0102464 0.0132009 10.3598
1698 0.00929419 0.0138006 10.8159
1699 0.0093493 0.0127572 10.3941
1700 0.0126893 0.0574305 10.9806
1701 0.0134113 0.0555427 11.0904
1702 0.0141831 0.0538657 11.0914
1703 0.00933149 0.0684825 9.23364
1704 0.0103069 0.0625672 10.6668
1705 0.0112071 0.0608781 10.7607
1706 0.0118495 0.0590764 10.9525
1707 0.0150492 0.0502616 11.4286
1708 0.0221499 0.0346937 9.43009
1709 0.0224429 0.0312613 9.26098
1710 0.0213225 0.0237519 9.13279
1711 0.0140893 0.0528397 11.3748
1712 0.0141752 0.0518173 11.5547
1713 0.00989699 0.0644572 10.2773
1714 0.0151007 0.0483096 11.7829
1715 0.0160173 0.0467536 11.5834
1716 0.016615 0.0459811 11.3942
1717 0.0171743 0.0451705 11.2217
1718 0.0176199 0.0443451 11.1058
1719 0.0180495 0.0435097 10.9913
1720 0.01845 0.0426672 10.8852
1721 0.0188288 0.0418226 10.7824
1722 0.010185 0.063522 10.4419
1723 0.0191933 0.0409785 10.6782
1724 0.0195306 0.0401498 10.5783
1725 0.0102667 0.061435 10.9976
1726 0.0198522 0.0393569 10.474
1727 0.0102078 0.0603354 11.3175
1728 0.0203092 0.0386419 10.275
1729 0.0101401 0.0592537 11.6268
1730 0.0203865 0.0377963 10.2993
1731 0.0102351 0.0581956 11.8589
1732 0.0206535 0.0369491 10.2029
1733 0.0102708 0.0571719 12.0966
1734 0.0209105 0.0360138 10.1053
1735 0.0101833 0.0560532 12.3934
1736 0.0101915 0.054964 12.6371
1737 0.0101994 0.0538956 12.8661
1738 0.0102002 0.0528207 13.0883
1739 0.0213409 0.0329699 9.92358
1740 0.0101998 0.0517473 13.2994
1741 0.0101929 0.0506828 13.4995
1742 0.0101726 0.0496212 13.6919
1743 0.0101728 0.0485541 13.8657
1744 0.010173 0.047487 14.0267
1745 0.0215528 0.0292924 9.67104
1746 0.0101731 0.0464199 14.1744
1747 0.0101733 0.0453529 14.3084
1748 0.0213928 0.0281263 9.66586
1749 0.0101735 0.0442858 14.4285
1750 0.0101736 0.0432187 14.5341
1751 0.0211987 0.0269484 9.65075
1752 0.0101738 0.0421516 14.6249
1753 0.0209777 0.0257896 9.62495
1754 0.010174 0.0410845 14.7005
1755 0.0101741 0.0400174 14.7606
1756 0.0101743 0.0389503 14.8048
1757 0.0101745 0.0378832 14.8329
1758 0.0101746 0.0368161 14.8444
1759 0.0197585 0.022648 9.72183
1760 0.0101748 0.0357491 14.8392
1761 0.010175 0.034682 14.8169
1762 0.0193603 0.0217172 9.72093
1763 0.0101751 0.0336149 14.7772
1764 0.0188634 0.0208511 9.7588
1765 0.0101753 0.0325478 14.7199
1766 0.0101755 0.0314807 14.6447
1767 0.018271 0.0200649 9.83661
1768 0.0101756 0.0304136 14.5514
1769 0.0176634 0.0192836 9.89917
1770 0.0101758 0.0293465 14.4397
1771 0.010176 0.0282794 14.3094
1772 0.0172379 0.018507 9.86383
1773 0.0101761 0.0272124 14.1604
1774 0.0165312 0.0180288 10.0135
1775 0.0101763 0.0261453 13.9923
1776 0.0101765 0.0250782 13.805
1777 0.0158502 0.0175046 10.1211
1778 0.0101766 0.0240111 13.5983
1779 0.0151014 0.0170016 10.2424
1780 0.0101768 0.022944 13.3721
1781 0.010177 0.0218769 13.126
1782 0.0143276 0.0164737 10.3447
1783 0.0101771 0.0208098 12.86
1784 0.0135317 0.0159705 10.4418
1785 0.0102061 0.0197068 12.5567
1786 0.0127165 0.0155014 10.5359
1787 0.0102262 0.0185947 12.2313
1788 0.0101614 0.0174974 11.9097
1789 0.011892 0.0150821 10.6304
1790 0.0100971 0.0164128 11.5701
1791 0.0110599 0.0146769 10.7124
1792 0.0101387 0.0153153 11.1788
1793 0.010189 0.0142535 10.7777
1794 0.0126536 0.0562585 11.2874
1795 0.0143168 0.0509127 11.6725
1796 0.0114531 0.0578244 11.4534
1797 0.0132341 0.0544624 11.4351
1798 0.0145456 0.0492592 11.888
1799 0.0210952 0.0350491 10.0364
1800 0.021231 0.0340347 9.98117
1801 0.0212118 0.0317601 9.97943
1802 0.0214933 0.0305044 9.77454
1803 0.0206181 0.0246959 9.65343
1804 0.0201748 0.0236519 9.7042
1805 0.0110969 0.0597835 11.1007
1806 0.0131587 0.0522486 11.9634
1807 0.0155122 0.0456866 12.0206
1808 0.0162297 0.045113 11.7379
1809 0.0165615 0.0442951 11.687
1810 0.0169918 0.0435017 11.5714
1811 0.0173985 0.0426861 11.4624
1812 0.0177819 0.0418546 11.3591
1813 0.0181376 0.0410206 11.2618
1814 0.0184945 0.0401708 11.1559
1815 0.018848 0.0393014 11.0436
1816 0.0232915 0.0206321 7.46497
1817 0.0242416 0.026745 7.89295
1818 0.0195579 0.0372185 10.8054
1819 0.0198582 0.0362821 10.6874
1820 0.0110689 0.0566065 11.9113
1821 0.0110905 0.055488 12.1655
1822 0.0111871 0.0544604 12.3582
1823 0.011161 0.0533582 12.6074
1824 0.0111742 0.0522628 12.8277
1825 0.0111655 0.051196 13.0396
1826 0.0111597 0.0501327 13.238
1827 0.0111587 0.0490739 13.4216
1828 0.0111521 0.0480169 13.5949
1829 0.0111386 0.0469488 13.7593
1830 0.0203969 0.0288301 10.2608
1831 0.011129 0.0458812 13.9086
1832 0.0111239 0.0448192 14.0416
1833 0.0203123 0.0276949 10.1996
1834 0.0111102 0.0437565 14.1635
1835 0.0110994 0.0426853 14.2705
1836 0.0201849 0.0265985 10.1406
1837 0.0110995 0.0416182 14.358
1838 0.0110997 0.0405511 14.4301
1839 0.0110999 0.039484 14.4863
1840 0.0111 0.0384169 14.5265
1841 0.0111002 0.0373498 14.5501
1842 0.0111004 0.0362827 14.557
1843 0.0186534 0.0225441 10.2243
1844 0.0111005 0.0352157 14.5469
1845 0.0111007 0.0341486 14.5193
1846 0.0184294 0.0216713 10.141
1847 0.0111009 0.0330815 14.4742
1848 0.0177924 0.0210464 10.2833
1849 0.011101 0.0320144 14.4112
1850 0.0111012 0.0309473 14.3301
1851 0.0171308 0.0202018 10.361
1852 0.0111014 0.0298802 14.2306
1853 0.0164056 0.0192439 10.407
1854 0.0111015 0.0288131 14.1125
1855 0.0111017 0.027746 13.9756
1856 0.0111019 0.026679 13.8197
1857 0.011102 0.0256119 13.6445
1858 0.0111022 0.0245448 13.4499
1859 0.0149483 0.0181063 10.6354
1860 0.0111024 0.0234777 13.2358
1861 0.0141742 0.0175612 10.7427
1862 0.0111025 0.0224106 13.0018
1863 0.0111027 0.0213435 12.7479
1864 0.0133827 0.0170372 10.8408
1865 0.0111235 0.0202549 12.4624
1866 0.0126179 0.0165259 10.9137
1867 0.0111787 0.0191262 12.1351
1868 0.0117998 0.0160988 11.0112
1869 0.0112393 0.0179338 11.7644
1870 0.0108978 0.0168117 11.4979
1871 0.0119307 0.0568635 11.4746
1872 0.012219 0.055148 11.757
1873 0.0131443 0.0533537 11.7305
1874 0.0109328 0.0587953 11.4251
1875 0.01389 0.050058 12.0572
1876 0.0132485 0.0510757 12.1637
1877 0.0140549 0.0484122 12.283
1878 0.0148726 0.0464845 12.2128
1879 0.0200718 0.0353312 10.6048
1880 0.0204694 0.0325262 10.4037
1881 0.0201751 0.0343612 10.5691
1882 0.0206413 0.0298231 10.2024
1883 0.0198625 0.0255493 10.164
1884 0.0190338 0.0235218 10.2357
1885 0.0157406 0.0184706 10.4474
1886 0.0203302 0.0307786 10.4237
1887 0.0194273 0.0245574 10.2268
1888 0.0153387 0.0444506 12.2889
1889 0.0158577 0.0435073 12.1562
1890 0.0163407 0.0427032 12.0129
1891 0.0167401 0.0418769 11.9052
1892 0.0170788 0.0410652 11.8183
1893 0.0174356 0.0402351 11.7144
1894 0.0177795 0.0393703 11.6105
1895 0.0181313 0.0384557 11.4954
1896 0.0184597 0.0374883 11.3833
1897 0.0187641 0.0364382 11.273
1898 0.012181 0.0539373 12.0482
1899 0.0121626 0.0528038 12.3014
1900 0.0121761 0.0516663 12.5295
1901 0.012126 0.0506533 12.7487
1902 0.012138 0.049575 12.9415
1903 0.0121708 0.0485437 13.1061
1904 0.0121149 0.0474751 13.3005
1905 0.0120925 0.0464043 13.4679
1906 0.0193777 0.028417 10.748
1907 0.0120888 0.0453376 13.6133
1908 0.0120686 0.0442957 13.7482
1909 0.0193227 0.0272603 10.6537
1910 0.0120463 0.0432332 13.8716
1911 0.0120455 0.0421689 13.9718
1912 0.0120388 0.0411086 14.0589
1913 0.0120203 0.0400287 14.1354
1914 0.012032 0.0389518 14.1844
1915 0.0120257 0.0378835 14.223
1916 0.0120426 0.03682 14.2366
1917 0.0120261 0.0357493 14.2449
1918 0.0175075 0.0222185 10.6696
1919 0.0120262 0.0346823 14.2299
1920 0.0120264 0.0336152 14.1973
1921 0.0120266 0.0325481 14.1468
1922 0.016734 0.0212726 10.7846
1923 0.0120267 0.031481 14.0782
1924 0.0120269 0.0304139 13.9912
1925 0.0159908 0.0203027 10.8474
1926 0.0120271 0.0293468 13.8856
1927 0.0120272 0.0282797 13.7611
1928 0.0120274 0.0272126 13.6177
1929 0.0120276 0.0261456 13.4549
1930 0.0120277 0.0250785 13.2728
1931 0.0120279 0.0240114 13.071
1932 0.0140859 0.0186468 11.0971
1933 0.0120281 0.0229443 12.8494
1934 0.0132219 0.0181098 11.2254
1935 0.0120282 0.0218772 12.6078
1936 0.0120526 0.0208017 12.3367
1937 0.0124013 0.0175681 11.3147
1938 0.0121016 0.0197093 12.0331
1939 0.0121917 0.0186091 11.6936
1940 0.0132909 0.049104 12.5207
1941 0.0142586 0.0453916 12.6738
1942 0.0191917 0.0356141 11.0737
1943 0.0194936 0.0297555 10.8009
1944 0.0192863 0.026303 10.5521
1945 0.0178976 0.0233512 10.726
1946 0.0151164 0.0193013 10.9162
1947 0.012926 0.0501043 12.4994
1948 0.0191529 0.0346938 11.115
1949 0.0182707 0.0243407 10.7369
1950 0.01473 0.0433974 12.7139
1951 0.0152381 0.0426135 12.5658
1952 0.0158324 0.0419443 12.3511
1953 0.0159866 0.0411098 12.3612
1954 0.0163778 0.0403056 12.243
1955 0.0167084 0.0394817 12.1468
1956 0.01704 0.0386142 12.0431
1957 0.0173133 0.0376813 11.9613
1958 0.0176843 0.036615 11.8229
1959 0.0131384 0.0479791 12.7827
1960 0.013072 0.0469411 12.9785
1961 0.0130552 0.0458214 13.15
1962 0.0184066 0.0278208 11.1615
1963 0.0130993 0.0448155 13.2665
1964 0.0129873 0.0437823 13.4378
1965 0.0129739 0.0427109 13.5568
1966 0.0130244 0.0416765 13.6322
1967 0.0129295 0.0405862 13.7541
1968 0.0129341 0.0394976 13.8194
1969 0.013001 0.0384177 13.8436
1970 0.0130129 0.0373557 13.8718
1971 0.0129751 0.0362894 13.9018
1972 0.0129518 0.035216 13.9085
1973 0.0162698 0.022366 11.2189
1974 0.0129519 0.0341489 13.8888
1975 0.0129521 0.0330818 13.8512
1976 0.0129523 0.0320147 13.7955
1977 0.0156457 0.0214053 11.2497
1978 0.0129524 0.0309476 13.7214
1979 0.0129526 0.0298805 13.6286
1980 0.0129528 0.0288134 13.5169
1981 0.0129529 0.0277463 13.3862
1982 0.0129531 0.0266792 13.2362
1983 0.0129831 0.0256003 13.0547
1984 0.0129842 0.0245396 12.8663
1985 0.012983 0.0234815 12.6597
1986 0.0130948 0.0191917 11.5812
1987 0.0129752 0.0224243 12.4356
1988 0.0129802 0.0213568 12.1852
1989 0.0130172 0.020271 11.8993
1990 0.0138864 0.0464133 12.6925
1991 0.0189681 0.0318998 11.179
1992 0.0192281 0.0336104 11.0808
1993 0.0186701 0.025484 10.7351
1994 0.0191879 0.0309432 11.0271
1995 0.0140424 0.0442261 12.9284
1996 0.0181446 0.0353765 11.6261
1997 0.0184239 0.0290283 11.2725
1998 0.0184144 0.0266467 11.0173
1999 0.0169081 0.0231545 11.1165
2000 0.0149283 0.0205009 11.2999
2001 0.0140255 0.0197758 11.4321
2002 0.0170295 0.0242653 11.2757
2003 0.0140965 0.0423295 13.1196
2004 0.022752 0.016075 6.61731
2005 0.0194002 0.0140689 7.56877
2006 0.0153686 0.0404408 12.7144
2007 0.0156585 0.0395371 12.648
2008 0.016113 0.0388147 12.4809
2009 0.0161598 0.0379299 12.5088
2010 0.0164595 0.0369193 12.4095
2011 0.0137517 0.0432935 13.1663
2012 0.0138585 0.0411319 13.3311
2013 0.0137552 0.0400765 13.4528
2014 0.0139275 0.0389744 13.4468
2015 0.0140528 0.037884 13.4431
2016 0.0139716 0.0368166 13.5059
2017 0.0138629 0.0357479 13.5604
2018 0.0138689 0.0346931 13.552
2019 0.0150467 0.0224651 11.718
2020 0.0138777 0.0336155 13.5242
2021 0.0138778 0.0325484 13.4818
2022 0.0138779 0.031492 13.4216
2023 0.0138642 0.0304224 13.3471
2024 0.0138623 0.0293504 13.2489
2025 0.0138785 0.02828 13.1249
2026 0.0138932 0.0271972 12.9805
2027 0.0139248 0.0261184 12.8107
2028 0.0139675 0.025045 12.6178
2029 0.0139386 0.0240154 12.439
2030 0.0139405 0.0229545 12.2237
2031 0.0139261 0.0219353 12.0041
2032 0.0138851 0.020823 11.7513
2033 0.0183281 0.0302347 11.412
2034 0.0181441 0.0340604 11.6372
2035 0.017701 0.0251222 11.1235
2036 0.016982 0.0358279 12.1896
2037 0.0174974 0.0272301 11.5144
2038 0.0174582 0.0283711 11.6616
2039 0.0159124 0.0235446 11.6048
2040 0.0147095 0.0214416 11.6087
2041 0.0181058 0.0314478 11.5893
2042 0.0146928 0.039594 13.0824
2043 0.0150947 0.038532 12.9679
2044 0.0151665 0.0372022 12.9919
2045 0.0147173 0.0362201 13.2052
2046 0.0147865 0.0352697 13.1833
2047 0.0147763 0.0341681 13.1771
2048 0.0147735 0.0234969 12.0328
2049 0.014829 0.0330941 13.1266
2050 0.0148288 0.0320465 13.081
2051 0.0147752 0.0309716 13.0364
2052 0.014759 0.0298929 12.9569
2053 0.0147736 0.0288166 12.846
2054 0.0148005 0.0277356 12.7102
2055 0.0148462 0.026638 12.545
2056 0.0149197 0.0255362 12.3478
2057 0.0150258 0.024473 12.1244
2058 0.0182233 0.0327328 11.5805
2059 0.0172271 0.0346601 12.0846
2060 0.0174261 0.0295298 11.7846
2061 0.0159295 0.0248735 11.8395
2062 0.0157323 0.0360172 12.7677
2063 0.0172894 0.0307231 11.9355
2064 0.0165968 0.0277566 11.9759
2065 0.0155918 0.0347599 12.8356
2066 0.0157289 0.0336158 12.7603
2067 0.0158636 0.0326088 12.6717
2068 0.015712 0.0315305 12.6852
2069 0.0156087 0.0304447 12.656
2070 0.0156437 0.0293718 12.5505
2071 0.0156839 0.0282855 12.422
2072 0.0157333 0.0271798 12.2672
2073 0.0158137 0.0260461 12.0748
2074 0.0169441 0.0334026 12.2091
2075 0.0166696 0.0266254 11.8003
2076 0.0165406 0.0288612 12.1199
2077 0.0169016 0.0319941 12.1841
2078 0.0164967 0.0299428 12.2357
2079 0.0167893 0.0254531 11.5764
2080 0.0176317 0.0260987 11.3032
2081 0.00925836 0.0702153 8.68041
2082 0.00736159 0.073623 8.03348
2083 0.016354 0.0342497 12.4902
2084 0.0158948 0.052574 10.4476
2085 0.0194719 0.0326808 10.9415
