1 0 0 0.613009
2 -1.31814e-05 0.0843 0.546312
3 0.00701188 0.0019524 0.715612
4 0.013867 0.00439135 0.693459
5 0.0203089 0.00775856 0.635783
6 0.0258049 0.0124876 0.567518
7 0.0295944 0.0186686 0.517692
8 0.0316476 0.0256365 0.491388
9 0.0320664 0.0328854 0.486751
10 0.0306691 0.0400102 0.512871
11 0.0278809 0.046728 0.563532
12 0.0245631 0.0532081 0.605906
13 0.0215986 0.0598525 0.613672
14 0.0196658 0.066863 0.566889
15 0.0177476 0.073613 0.53904
16 0.0133516 0.0787235 0.573579
17 0.00689958 0.082031 0.632908
18 -1.19831e-05 0.0766364 0.781484
19 -1.07848e-05 0.0689727 1.00655
20 -9.58651e-06 0.0613091 1.21128
21 -8.38819e-06 0.0536455 1.37788
22 -7.18988e-06 0.0459818 1.48334
23 -5.99157e-06 0.0383182 1.51991
24 -4.79325e-06 0.0306545 1.48083
25 -3.59494e-06 0.0229909 1.35994
26 -2.39663e-06 0.0153273 1.16264
27 -1.19831e-06 0.00766364 0.905037
28 0.0126664 0.0310079 1.42111
29 0.0138125 0.0222051 1.25514
30 0.0118971 0.0162493 1.14522
31 0.0115556 0.0539809 1.26776
32 0.00843971 0.0733918 0.878713
33 0.013946 0.0609642 1.01705
34 0.0177637 0.0536422 0.989108
35 0.0200767 0.046751 1.00285
36 0.00670511 0.0651241 1.13355
37 0.0232063 0.0407842 0.917004
38 0.00638355 0.0575987 1.33402
39 0.0262043 0.0355429 0.79337
40 0.00616291 0.0500672 1.48566
41 0.0256678 0.0298258 0.825461
42 0.00686578 0.042652 1.56596
43 0.0255723 0.0241169 0.785506
44 0.00689327 0.0348967 1.58232
45 0.0217505 0.0197085 0.896704
46 0.00663271 0.0268238 1.49634
47 0.0182427 0.0151233 0.925757
48 0.00647763 0.0190357 1.32081
49 0.0143852 0.010862 0.9129
50 0.00746865 0.0105253 1.04368
51 0.0132127 0.0679387 0.866064
52 0.0130754 0.047368 1.33726
53 0.0146294 0.0396598 1.36748
54 0.0194104 0.0340318 1.15445
55 0.0192001 0.0266973 1.12
