1 1.53081e-18 -0.025 0.315587
2 1.02054e-18 0.0133333 0.76049
3 1.53081e-18 0.025 0.649247
4 1.02054e-18 0.0466667 0.25035
5 0.0146855 0.0378813 0.160955
6 0.0239236 -0.00725686 0.159931
7 0.0138888 0.020787 0.355809
8 0 0.0117361 0.769465
9 0 0.0101389 0.777368
10 0 0.00854167 0.783387
11 0 0.00694444 0.787382
12 0 0.00534722 0.789282
13 0 0.00375 0.788969
14 0 0.00215278 0.786332
15 0 0.000555556 0.781274
16 0 -0.00104167 0.773704
17 0 -0.00263889 0.763541
18 0 -0.00423611 0.750709
19 0 -0.00583333 0.735141
20 0 -0.00743056 0.716774
21 0 -0.00902778 0.69555
22 0 -0.010625 0.671418
23 0 -0.0122222 0.644328
24 0 -0.0138194 0.614236
25 0 -0.0154167 0.581096
26 0 -0.0170139 0.544859
27 0 -0.0186111 0.505475
28 0 -0.0202083 0.462852
29 0 -0.0218056 0.417095
30 0 -0.0234028 0.368906
31 0.0243378 -0.00571585 0.154702
32 0.0246527 -0.00415248 0.15069
33 0.0248673 -0.00257254 0.148004
34 0.0249807 -0.000981811 0.146681
35 0.0249925 0.000613863 0.146749
36 0.0249024 0.00220704 0.148238
37 0.024711 0.00379028 0.151145
38 0.0244191 0.00535778 0.155455
39 0.0240278 0.0069038 0.161158
40 0.0235385 0.00842262 0.168207
41 0.0229532 0.00990713 0.176582
42 0.0222748 0.0113504 0.186259
43 0.021506 0.0127473 0.197269
44 0.0206495 0.0140925 0.209712
45 0.0197084 0.0153812 0.223815
46 0.018687 0.0166071 0.240101
47 0.0175901 0.0177648 0.259952
48 0.0164219 0.01885 0.287707
49 0.0151867 0.0198586 0.337207
50 0.0129152 0.0194655 0.434743
51 0.0118166 0.0182464 0.499707
52 0.0106036 0.0171415 0.557267
53 0.00928763 0.016161 0.608243
54 0.00788126 0.0153145 0.652282
55 0.00639843 0.0146105 0.689058
56 0.00485398 0.0140558 0.718229
57 0.00326263 0.0136558 0.739546
58 0.0016395 0.0134142 0.753148
59 0.0015949 -0.0249491 0.312842
60 0.00318236 -0.0247966 0.310336
61 0.00475656 -0.0245433 0.306785
62 0.00631173 -0.0241901 0.302032
63 0.00784211 -0.0237382 0.296129
64 0.00934054 -0.0231895 0.289181
65 0.0108001 -0.0225468 0.281312
66 0.0122153 -0.0218125 0.272602
67 0.0135812 -0.0209893 0.263184
68 0.0148926 -0.0200801 0.253192
69 0.0161433 -0.0190891 0.242815
70 0.0173275 -0.018021 0.232224
71 0.018441 -0.0168798 0.221594
72 0.0194798 -0.0156697 0.211099
73 0.0204397 -0.014395 0.200897
74 0.0213164 -0.0130617 0.191155
75 0.0221059 -0.0116761 0.182057
76 0.0228052 -0.0102432 0.173732
77 0.0234119 -0.00876831 0.16631
78 0 0.0233333 0.668702
79 0 0.0216667 0.686967
80 0 0.02 0.704337
81 0 0.0183333 0.720486
82 0 0.0166667 0.735471
83 0 0.015 0.749891
84 0.0124995 0.0216509 0.421063
85 0.0110568 0.022422 0.471918
86 0.00956681 0.0230971 0.51742
87 0.00803575 0.0236733 0.556007
88 0.0064702 0.0241482 0.587667
89 0.00487703 0.0245197 0.612511
90 0.00326308 0.0247861 0.630433
91 0.00163513 0.0249465 0.642256
92 0.0138433 0.0392812 0.170078
93 0.0128684 0.0405916 0.180204
94 0.0117701 0.0418001 0.1909
95 0.010559 0.0428952 0.201678
96 0.00924663 0.0438664 0.212117
97 0.00784561 0.0447046 0.221754
98 0.00636926 0.0454016 0.230221
99 0.00483167 0.0459509 0.237228
100 0.00324747 0.0463472 0.24257
101 0.00163178 0.0465866 0.246389
102 0.0147241 0.0221911 0.258872
103 0.0154177 0.0236698 0.208149
104 0.0159632 0.025209 0.180336
105 0.0163554 0.026794 0.162564
106 0.0165906 0.0284096 0.151566
107 0.0166666 0.0300404 0.145393
108 0.0165827 0.0316709 0.143061
109 0.0163396 0.0332855 0.143931
110 0.0159397 0.0348688 0.14747
111 0.0153866 0.0364056 0.153254
112 0 0.045 0.294613
113 0 0.0433333 0.334277
114 0 0.0416667 0.372224
115 0 0.04 0.407907
116 0 0.0383333 0.441401
117 0 0.0366667 0.47292
118 0 0.035 0.502596
119 0 0.0333333 0.530555
120 0 0.0316667 0.556917
121 0 0.03 0.581777
122 0 0.0283333 0.605223
123 0 0.0266667 0.627403
124 0.00898518 -0.0168725 0.467215
125 0.0172094 -0.00843188 0.409686
126 0.011295 0.00893756 0.619035
127 0.00968991 0.00901073 0.659986
128 0.00367862 -0.0231962 0.3589
129 0.00520279 -0.0228622 0.356291
130 0.00201196 -0.023455 0.360173
131 0.00665864 -0.0225156 0.350463
132 0.00809918 -0.0220853 0.343272
133 0.00952529 -0.0215328 0.335803
134 0.0108466 -0.0208639 0.3296
135 0.00134657 -0.0209494 0.438262
136 0.0121336 -0.0201186 0.322358
137 0.00142237 -0.0194314 0.479964
138 0.0133924 -0.0193344 0.312962
139 0.00138324 -0.0178125 0.521697
140 0.0146036 -0.0184036 0.304732
141 0.00138324 -0.0162153 0.559481
142 0.0157531 -0.0174336 0.295318
143 0.00138324 -0.0146181 0.594135
144 0.0168484 -0.0164189 0.284855
145 0.00138324 -0.0130208 0.625726
146 0.0178569 -0.0153462 0.274917
147 0.00138324 -0.0114236 0.654291
148 0.0188162 -0.0141418 0.26579
149 0.00138324 -0.00982639 0.679872
150 0.0196689 -0.0128936 0.257736
151 0.00138324 -0.00822917 0.702515
152 0.0204208 -0.0116128 0.250606
153 0.00138324 -0.00663194 0.722271
154 0.0211335 -0.0103115 0.242036
155 0.00138324 -0.00503472 0.739194
156 0.0217671 -0.00897403 0.233941
157 0.00138324 -0.0034375 0.753343
158 0.022286 -0.00755293 0.228387
159 0.00138324 -0.00184028 0.764782
160 0.0227086 -0.00609269 0.224097
161 0.00138324 -0.000243056 0.773582
162 0.0230796 -0.00461448 0.218967
163 0.00138324 0.00135417 0.779822
164 0.0233018 -0.00314865 0.217173
165 0.00138324 0.00295139 0.783586
166 0.0234847 -0.00167609 0.214167
167 0.00138324 0.00454861 0.784967
168 0.0235288 -0.000143432 0.214446
169 0.00138324 0.00614583 0.784069
170 0.0234898 0.00136371 0.215367
171 0.00138324 0.00774306 0.781006
172 0.0233706 0.00286474 0.216882
173 0.00140529 0.00936327 0.77571
174 0.0231183 0.00432528 0.221545
175 0.00138324 0.0109375 0.76884
176 0.0228273 0.00576932 0.225118
177 0.00113785 0.0123152 0.762373
178 0.0223961 0.00720947 0.231998
179 0.0218996 0.00863637 0.238866
180 0.00264718 0.0121427 0.754919
181 0.021295 0.0100454 0.247619
182 0.00443418 0.0125555 0.734516
183 0.0205924 0.0113412 0.259203
184 0.00612314 0.0130702 0.706248
185 0.0198204 0.0126069 0.271565
186 0.00774303 0.0137114 0.669917
187 0.0189923 0.0138464 0.284311
188 0.00929024 0.0145429 0.625102
189 0.0180414 0.0150572 0.300738
190 0.0107041 0.0155442 0.57358
191 0.0169579 0.0162276 0.322709
192 0.0120353 0.0166449 0.514795
193 0.0158469 0.0174914 0.345212
194 0.0131901 0.0177873 0.453481
195 0.0144617 0.0188523 0.383355
196 0.001198 -0.0222425 0.400693
197 0.0144461 0.0172092 0.41266
198 0.00265321 -0.0219173 0.404335
199 0.00408538 -0.0215514 0.405724
200 0.00551752 -0.021268 0.400699
201 0.00694704 -0.0209771 0.391972
202 0.00826414 -0.0205492 0.384977
203 0.00959045 -0.0199291 0.379598
204 0.0107854 -0.0192597 0.374432
205 0.00284103 -0.0203605 0.448227
206 0.0119952 -0.0185282 0.367138
207 0.0028945 -0.0187104 0.49216
208 0.0131387 -0.017685 0.36069
209 0.00284228 -0.0170522 0.533426
210 0.0142824 -0.0168101 0.351516
211 0.0027779 -0.0154167 0.570908
212 0.015353 -0.0159054 0.341605
213 0.0027779 -0.0138194 0.60399
214 0.0163433 -0.0149278 0.332373
215 0.0027779 -0.0122222 0.634017
216 0.0173307 -0.0138703 0.32164
217 0.0027779 -0.010625 0.66103
218 0.018088 -0.012706 0.317422
219 0.0027779 -0.00902778 0.685073
220 0.0188275 -0.0114978 0.311579
221 0.0027779 -0.00743056 0.706195
222 0.0195344 -0.010277 0.304086
223 0.0027779 -0.00583333 0.724445
224 0.0201651 -0.00908181 0.296212
225 0.0027779 -0.00423611 0.739879
226 0.0207589 -0.00772743 0.288826
227 0.0027779 -0.00263889 0.752557
228 0.021145 -0.00639757 0.286559
229 0.0027779 -0.00104167 0.762547
230 0.0214979 -0.0050393 0.283152
231 0.0027779 0.000555556 0.769922
232 0.0217741 -0.00362612 0.280465
233 0.0027779 0.00215278 0.77476
234 0.021996 -0.00227929 0.276996
235 0.0027779 0.00375 0.77715
236 0.0221392 -0.00080678 0.274534
237 0.0027779 0.00534722 0.777186
238 0.0220882 0.000573881 0.277521
239 0.0027779 0.00694444 0.774972
240 0.0220393 0.0019519 0.277847
241 0.0027779 0.00854167 0.770637
242 0.0218549 0.00339261 0.281165
243 0.00283313 0.0102797 0.763222
244 0.0215794 0.00475239 0.286078
245 0.0212432 0.00612177 0.290943
246 0.0208132 0.00745882 0.297431
247 0.0203898 0.00877751 0.301326
248 0.0197071 0.0100636 0.313893
249 0.00583798 0.0115206 0.721589
250 0.0190004 0.0112094 0.32708
251 0.00756132 0.0120405 0.687036
252 0.0182252 0.0124159 0.34024
253 0.00923235 0.0127855 0.643186
254 0.017389 0.013564 0.355136
255 0.0108177 0.0138223 0.589592
256 0.0165151 0.0146993 0.370772
257 0.0122401 0.0149929 0.530048
258 0.0151968 0.0158072 0.405813
259 0.00413992 0.0110124 0.747297
260 0.0134999 0.016154 0.467689
261 0.00448763 -0.0197736 0.452605
262 0.00596792 -0.0199311 0.433067
263 0.00713291 -0.0193933 0.432955
264 0.008397 -0.0191718 0.41991
265 0.00945678 -0.0183385 0.423486
266 0.0106171 -0.0176777 0.41766
267 0.0117163 -0.0169033 0.412647
268 0.00432671 -0.0178885 0.502617
269 0.0128482 -0.0160397 0.405689
270 0.00426145 -0.0162341 0.542322
271 0.0139423 -0.0151309 0.397224
272 0.00417257 -0.0146181 0.578077
273 0.0149992 -0.0142421 0.385991
274 0.00417257 -0.0130208 0.609556
275 0.0160535 -0.0136147 0.366728
276 0.00417257 -0.0114236 0.637988
277 0.0165708 -0.0125006 0.370855
278 0.00417257 -0.00982639 0.663416
279 0.0172315 -0.0112828 0.369648
280 0.00417257 -0.00822917 0.685884
281 0.0179503 -0.010103 0.363021
282 0.00417257 -0.00663194 0.70544
283 0.0186386 -0.00893506 0.354401
284 0.00417257 -0.00503472 0.722133
285 0.0194683 -0.00793115 0.335902
286 0.00417257 -0.0034375 0.73602
287 0.019624 -0.00667995 0.343103
288 0.00417257 -0.00184028 0.747163
289 0.0198946 -0.00531536 0.344602
290 0.00417257 -0.000243056 0.755629
291 0.0202182 -0.0039674 0.341232
292 0.00417257 0.00135417 0.761494
293 0.0205098 -0.00262753 0.336371
294 0.00417257 0.00295139 0.764839
295 0.0209661 -0.00140765 0.32192
296 0.00417257 0.00454861 0.765756
297 0.0207253 -0.000165627 0.333787
298 0.00417257 0.00614583 0.764324
299 0.020545 0.00122936 0.340934
300 0.00419689 0.00770072 0.760528
301 0.0207657 0.00251975 0.329421
302 0.00418493 0.00931484 0.754934
303 0.0202913 0.00375707 0.344395
304 0.0200615 0.00506651 0.346823
305 0.019692 0.00637303 0.35256
306 0.0193025 0.00766883 0.356919
307 0.0190748 0.0088738 0.353552
308 0.0182125 0.00977686 0.377298
309 0.00716238 0.0104382 0.70552
310 0.0174145 0.0109142 0.394086
311 0.00912161 0.010823 0.661859
312 0.0166099 0.0120505 0.409616
313 0.0109237 0.0119758 0.605146
314 0.0158478 0.0132204 0.42187
315 0.0124762 0.0132711 0.543527
316 0.0151689 0.0142444 0.432456
317 0.00557621 0.00997297 0.734244
318 0.00579873 -0.0185055 0.472728
319 0.0076191 -0.0177409 0.468414
320 0.0102227 -0.0161117 0.461778
321 0.011419 -0.0152577 0.45554
322 0.00581102 -0.0169976 0.509519
323 0.0125872 -0.0143385 0.447554
324 0.00567699 -0.0154122 0.546759
325 0.00556724 -0.0138194 0.580794
326 0.0150497 -0.012602 0.414923
327 0.00556724 -0.0122222 0.610633
328 0.00556724 -0.010625 0.637437
329 0.0156282 -0.0111632 0.421812
330 0.00556724 -0.00902778 0.661243
331 0.0164101 -0.00973454 0.418741
332 0.00556724 -0.00743056 0.682092
333 0.00556724 -0.00583333 0.70003
334 0.0181745 -0.00725872 0.389916
335 0.00556724 -0.00423611 0.715107
336 0.00556724 -0.00263889 0.72738
337 0.0183012 -0.00571646 0.399971
338 0.00556724 -0.00104167 0.736909
339 0.0186219 -0.00412926 0.400135
340 0.00556724 0.000555556 0.743762
341 0.00556724 0.00215278 0.748018
342 0.0195043 -0.00117851 0.380061
343 0.00556724 0.00375 0.749761
344 0.00564199 0.00534396 0.74807
345 0.0191974 0.000450193 0.393892
346 0.00566361 0.00688726 0.744834
347 0.0191591 0.00231715 0.393676
348 0.00560591 0.00837051 0.740885
349 0.0187141 0.00541939 0.397299
350 0.0180996 0.00664198 0.412319
351 0.017809 0.00814275 0.4104
352 0.0158682 0.010443 0.458148
353 0.0081522 0.00904325 0.69381
354 0.0111143 0.010387 0.613559
355 0.0149189 0.0116941 0.47769
356 0.0129273 0.011419 0.54945
357 0.0141835 0.0130194 0.487307
358 0.00676583 0.00906877 0.719585
359 0.00726022 -0.0161612 0.510448
360 0.00994601 -0.0145212 0.500885
361 0.0111959 -0.0136256 0.493098
362 0.0070543 -0.0146079 0.546644
363 0.00696191 -0.0130208 0.578949
364 0.0138628 -0.011379 0.468549
365 0.00696191 -0.0114236 0.607129
366 0.00696191 -0.00982639 0.632274
367 0.014786 -0.00962503 0.468994
368 0.00696191 -0.00822917 0.654417
369 0.00696191 -0.00663194 0.673597
370 0.00696191 -0.00503472 0.689859
371 0.0166615 -0.00646608 0.448938
372 0.00696191 -0.0034375 0.703254
373 0.00696191 -0.00184028 0.713834
374 0.0170364 -0.00451502 0.452593
375 0.00696191 -0.000243056 0.721657
376 0.00696191 0.00135417 0.726793
377 0.00696191 0.00295139 0.729325
378 0.0178529 -0.000847397 0.441705
379 0.00703856 0.00456425 0.728061
380 0.00718839 0.0061495 0.723068
381 0.0176672 0.00121238 0.449942
382 0.0171425 0.0050644 0.457852
383 0.016375 0.00719487 0.471388
384 0.0142344 0.0100484 0.519727
385 0.00861675 -0.0153523 0.507345
386 0.0124296 -0.0125125 0.485502
387 0.0156572 -0.00806785 0.463166
388 0.0173986 -0.0027476 0.450727
389 0.00722756 0.00760944 0.717859
390 0.0173857 0.00308265 0.456959
391 0.0152723 0.00868809 0.497227
392 0.010583 0.00781511 0.644659
393 0.0127416 0.00958856 0.572059
394 0.00976292 -0.0129445 0.534768
395 0.00844772 -0.0137883 0.542046
396 0.00835658 -0.0122222 0.572498
397 0.0131975 -0.00946288 0.514226
398 0.00835658 -0.010625 0.598998
399 0.00835658 -0.00902778 0.622453
400 0.00835658 -0.00743056 0.642885
401 0.00835658 -0.00583333 0.660335
402 0.00835658 -0.00423611 0.67486
403 0.0154637 -0.00486145 0.50009
404 0.00835658 -0.00263889 0.686501
405 0.00835658 -0.00104167 0.695302
406 0.00835658 0.000555556 0.701308
407 0.00835658 0.00215278 0.704593
408 0.00844661 0.00377617 0.703524
409 0.0162305 0.000409996 0.498748
410 0.00857176 0.00538168 0.699029
411 0.015266 0.00550993 0.519832
412 0.0110784 -0.0119633 0.525549
413 0.0122154 -0.0106646 0.52093
414 0.0140797 -0.00787173 0.510938
415 0.014781 -0.00646288 0.506393
416 0.0158284 -0.00311432 0.500301
417 0.0161331 -0.00142651 0.498022
418 0.0160393 0.00201779 0.505033
419 0.0157229 0.00375949 0.511921
420 0.0145401 0.00700766 0.534761
421 0.00965403 -0.0113607 0.564285
422 0.00973541 -0.00975556 0.587562
423 0.00983552 -0.00821102 0.606563
424 0.00979659 -0.00661888 0.625851
425 0.00975125 -0.00503472 0.642264
426 0.00975125 -0.0034375 0.654984
427 0.00982113 -0.00186681 0.663225
428 0.00985621 -0.000260261 0.669459
429 0.00983258 0.00135096 0.674041
430 0.00982918 0.00296387 0.675388
431 0.00997301 0.00460113 0.670698
432 0.0128689 0.00683638 0.587336
433 0.0136902 0.00834934 0.552398
434 0.0101281 0.0062172 0.66269
435 0.0113737 -0.00911702 0.562745
436 0.0125768 -0.00802758 0.548105
437 0.0141795 -0.0034828 0.547369
438 0.0138109 -0.00500941 0.546602
439 0.0145169 0.000989835 0.553062
440 0.0148813 -0.00046997 0.539638
441 0.0140557 0.00416827 0.563338
442 0.013506 0.0055648 0.574778
443 0.0108396 -0.0105386 0.553493
444 0.0128943 -0.00651872 0.557192
445 0.0144269 -0.00191753 0.54848
446 0.0143394 0.00263705 0.557997
447 0.0112852 -0.00731462 0.586985
448 0.0112086 -0.00585943 0.6039
449 0.0111226 -0.00431077 0.61929
450 0.0112107 -0.00274637 0.628089
451 0.011365 -0.00113697 0.632608
452 0.0113875 0.000530668 0.637205
453 0.0112981 0.00218234 0.641329
454 0.0112657 0.00376979 0.641171
455 0.00887588 0.00717654 0.687551
456 0.0121365 0.00805192 0.60133
457 0.0116825 0.00546821 0.626633
458 0.0126049 -0.00376975 0.58773
459 0.0128821 0.00148576 0.60017
460 0.0131488 -0.000383896 0.589998
461 0.0127626 0.00308469 0.602857
462 0.0126434 0.00441051 0.603428
463 0.0128264 -0.00221721 0.591306
464 0.0114539 0.00684235 0.626768
465 0.0123821 -0.00514062 0.582588
466 0.0137772 0.0145762 0.480863
467 0.0189526 -0.00258333 0.396202
468 0.0137622 -0.0133655 0.436668
469 0.0167695 0.00914805 0.439307
470 0.0187496 0.00402669 0.403463
471 0.00488363 0.0190184 0.673372
472 0.00390969 0.0182357 0.693793
473 0.00173282 0.0235634 0.658351
474 0.00449302 0.0205816 0.662923
475 0.0090611 0.0180704 0.593297
476 0.00777546 0.0171556 0.636454
477 0.00644587 0.0163534 0.672586
478 0.0102702 0.0187761 0.547511
479 0.00492982 0.0157572 0.703317
480 0.0110816 0.0202941 0.499766
481 0.00366457 0.0150682 0.724706
482 0.00213977 0.0150322 0.738419
483 0.0098199 0.0214822 0.528541
484 0.00841041 0.021884 0.566979
485 0.0015193 0.0175626 0.721065
486 0.00690467 0.022483 0.597829
487 0.00151169 0.0191281 0.706543
488 0.00535673 0.0230162 0.622338
489 0.00151127 0.0207025 0.690807
490 0.00371217 0.0232717 0.643394
491 0.00124776 0.0221543 0.676776
492 0.00137438 0.0162654 0.733173
493 0.00907433 0.020039 0.570409
494 0.00762426 0.0189941 0.620533
495 0.00632091 0.0181174 0.65778
496 0.00501908 0.0173532 0.687611
497 0.00322124 0.0166965 0.716147
498 0.00730416 0.020779 0.608284
499 0.00269877 0.0182747 0.705977
500 0.00577488 0.0214565 0.632518
501 0.00326561 0.0196721 0.687369
502 0.00444137 0.0220121 0.647849
503 0.00291059 0.0217071 0.669513
504 0.00606704 0.0198682 0.644466
505 0.0120221 0.0247781 0.401813
506 0.00978204 0.0371121 0.329392
507 0.0118434 0.0330583 0.323737
508 0.0109336 0.035905 0.315438
509 0.0112348 0.0402177 0.235993
510 0.0120857 0.0390241 0.231688
511 0.0128998 0.0378146 0.224657
512 0.0101652 0.0412966 0.244285
513 0.0136574 0.0365162 0.216702
514 0.0089763 0.0421899 0.254568
515 0.0141778 0.0351437 0.214517
516 0.00768149 0.0429825 0.264304
517 0.014641 0.0337392 0.211166
518 0.00627613 0.043668 0.273123
519 0.0149773 0.0322679 0.209886
520 0.00488817 0.0442766 0.277992
521 0.0151352 0.0307864 0.212972
522 0.00364473 0.0449659 0.27415
523 0.0151313 0.029288 0.220669
524 0.00213837 0.0450032 0.284553
525 0.0149853 0.0277952 0.233067
526 0.0146939 0.0263207 0.252008
527 0.0145286 0.0248634 0.264455
528 0.013452 0.0235965 0.337217
529 0.00154556 0.0423935 0.350055
530 0.0015391 0.0408214 0.384743
531 0.00144338 0.0391667 0.419548
532 0.00144338 0.0375 0.451948
533 0.0107342 0.0240067 0.464821
534 0.00144338 0.0358333 0.48244
535 0.00929132 0.0246963 0.507179
536 0.00144338 0.0341667 0.511155
537 0.00765773 0.0252497 0.546977
538 0.00144338 0.0325 0.538226
539 0.00599195 0.0256969 0.578567
540 0.00144338 0.0308333 0.563781
541 0.00440315 0.0259942 0.601509
542 0.00144338 0.0291667 0.587853
543 0.00262016 0.0263063 0.618099
544 0.00137478 0.0274956 0.611095
545 0.00115318 0.0261089 0.630249
546 0.0014433 0.0437666 0.318447
547 0.0120577 0.0233173 0.417139
548 0.00982292 0.0399172 0.279198
549 0.010436 0.0387209 0.284862
550 0.0112754 0.0375194 0.280633
551 0.0121996 0.036591 0.265484
552 0.00869507 0.0406455 0.29224
553 0.0124975 0.0353388 0.272873
554 0.00755609 0.0414007 0.300574
555 0.0129875 0.0340573 0.271402
556 0.00619121 0.0420625 0.310388
557 0.0134388 0.0327583 0.268326
558 0.00766944 0.0310445 0.472684
559 0.0136806 0.0313819 0.271218
560 0.00322479 0.0433969 0.315993
561 0.0137467 0.0300509 0.279096
562 0.0136672 0.028613 0.292558
563 0.013428 0.0271428 0.313411
564 0.0132451 0.0255399 0.333474
565 0.00314994 0.0416922 0.355285
566 0.00303067 0.0400158 0.391973
567 0.00287412 0.0383333 0.426813
568 0.00287412 0.0366667 0.458038
569 0.010538 0.0256929 0.452767
570 0.00287412 0.035 0.487427
571 0.00894311 0.0263562 0.498176
572 0.00287412 0.0333333 0.515096
573 0.00720998 0.0268556 0.538197
574 0.00287412 0.0316667 0.541205
575 0.00551849 0.0272826 0.567279
576 0.00299026 0.0299285 0.565713
577 0.00290749 0.028211 0.590359
578 0.00863723 0.0387887 0.328903
579 0.00403198 0.0273649 0.588819
580 0.0112135 0.0344171 0.327767
581 0.0073738 0.0397725 0.336837
582 0.00634339 0.0406869 0.336822
583 0.0124477 0.0318829 0.31485
584 0.00476901 0.0408833 0.355857
585 0.0123226 0.0306265 0.332483
586 0.0125536 0.0293822 0.334912
587 0.0121018 0.0281121 0.365405
588 0.0119166 0.0265055 0.388657
589 0.0043222 0.0390783 0.397815
590 0.00423425 0.0374125 0.430645
591 0.00430486 0.0358333 0.458123
592 0.01037 0.0276051 0.437455
593 0.00430486 0.0341667 0.486257
594 0.00846311 0.0279627 0.492621
595 0.00430486 0.0325 0.512744
596 0.00665749 0.0285384 0.529088
597 0.00449538 0.0307943 0.535704
598 0.00467391 0.0289334 0.559553
599 0.00695723 0.0379247 0.379655
600 0.00584783 0.039388 0.370947
601 0.010883 0.0315384 0.374541
602 0.011009 0.0295273 0.393092
603 0.00571882 0.0366662 0.423573
604 0.0057356 0.035 0.451742
605 0.00583399 0.0333562 0.476341
606 0.00796474 0.0295407 0.485454
607 0.00596223 0.0317142 0.498824
608 0.00618558 0.0301127 0.517374
609 0.00836672 0.0368847 0.367937
610 0.00919392 0.0350927 0.37707
611 0.0101428 0.0332823 0.375699
612 0.00543352 0.0380538 0.402615
613 0.00948879 0.029025 0.449116
614 0.0071628 0.0358804 0.411143
615 0.00735014 0.0342549 0.433102
616 0.00737852 0.0325338 0.458364
617 0.00909229 0.0319543 0.423873
618 0.00863352 0.0334319 0.415273
619 0.00944017 0.0304851 0.43289
620 0.00475055 0.0426436 0.317652
