1 0 0 5.05754
2 -1.31814e-05 0.0843 4.22994
3 0.00180575 0.000476598 5.38206
4 0.00361149 0.000953196 5.51123
5 0.00541223 0.00144707 5.55875
6 0.00719307 0.00200963 5.57678
7 0.00897391 0.0025722 5.54207
8 0.0107403 0.00317618 5.47282
9 0.0124856 0.00384099 5.38207
10 0.0142125 0.00454948 5.25822
11 0.0159108 0.00532654 5.11699
12 0.0175898 0.00614232 4.93352
13 0.0192168 0.0070579 4.74185
14 0.020791 0.00806171 4.53654
15 0.0223077 0.00915007 4.31143
16 0.0237369 0.0103507 4.08843
17 0.025078 0.0116498 3.85989
18 0.0262937 0.0130663 3.65464
19 0.0273992 0.0145709 3.45835
20 0.0283687 0.0161663 3.29243
21 0.0292153 0.0178301 3.1505
22 0.0299473 0.0195475 3.02949
23 0.0305733 0.0213065 2.92507
24 0.0310975 0.0230985 2.83415
25 0.0315156 0.0249183 2.76046
26 0.0318266 0.0267594 2.70542
27 0.0320342 0.0286149 2.6659
28 0.0321332 0.0304794 2.64497
29 0.0320993 0.0323462 2.66014
30 0.0319454 0.0342068 2.70204
31 0.0316734 0.0360539 2.77022
32 0.0312838 0.0378799 2.86561
33 0.0307757 0.0396767 2.99126
34 0.0301753 0.0414447 3.13079
35 0.0294957 0.0431839 3.27942
36 0.0287499 0.044896 3.43297
37 0.0279523 0.0465846 3.58517
38 0.0271167 0.0482548 3.73164
39 0.0262619 0.0499153 3.86319
40 0.0254014 0.0515728 3.97626
41 0.0245495 0.0532348 4.06581
42 0.0237201 0.054908 4.12761
43 0.022928 0.0565992 4.1561
44 0.0221917 0.0583154 4.1438
45 0.0215252 0.0600598 4.08781
46 0.0209331 0.0618306 3.99288
47 0.0204178 0.0636255 3.8619
48 0.0199762 0.0654399 3.7008
49 0.0195829 0.0672656 3.53055
50 0.019193 0.0690919 3.37831
51 0.0187485 0.0709056 3.27025
52 0.0181722 0.0726806 3.2401
53 0.017385 0.0743734 3.31491
54 0.0163461 0.0759211 3.48762
55 0.0150989 0.0773095 3.70332
56 0.0136763 0.0785163 3.93907
57 0.0121235 0.0795539 4.16536
58 0.0105 0.0804767 4.34698
59 0.00881506 0.0812813 4.49563
60 0.0070772 0.0819634 4.61244
61 0.00533155 0.0826272 4.64933
62 0.00356673 0.0832343 4.62814
63 0.00177677 0.0837672 4.53812
64 -1.28885e-05 0.0824267 5.13697
65 -1.25956e-05 0.0805533 5.99416
66 -1.23027e-05 0.07868 6.80675
67 -1.20098e-05 0.0768067 7.58123
68 -1.17168e-05 0.0749333 8.32042
69 -1.14239e-05 0.07306 9.03413
70 -1.1131e-05 0.0711867 9.72248
71 -1.08381e-05 0.0693133 10.3815
72 -1.05452e-05 0.06744 11.0088
73 -1.02522e-05 0.0655667 11.6031
74 -9.95932e-06 0.0636933 12.1644
75 -9.66639e-06 0.06182 12.6923
76 -9.37347e-06 0.0599467 13.1869
77 -9.08055e-06 0.0580733 13.6477
78 -8.78763e-06 0.0562 14.0741
79 -8.49471e-06 0.0543267 14.4653
80 -8.20179e-06 0.0524533 14.8202
81 -7.90887e-06 0.05058 15.1377
82 -7.61595e-06 0.0487067 15.4165
83 -7.32303e-06 0.0468333 15.655
84 -7.03011e-06 0.04496 15.8517
85 -6.73718e-06 0.0430867 16.0051
86 -6.44426e-06 0.0412133 16.1136
87 -6.15134e-06 0.03934 16.1756
88 -5.85842e-06 0.0374667 16.1897
89 -5.5655e-06 0.0355933 16.1542
90 -5.27258e-06 0.03372 16.0678
91 -4.97966e-06 0.0318467 15.9291
92 -4.68674e-06 0.0299733 15.7368
93 -4.39382e-06 0.0281 15.4897
94 -4.10089e-06 0.0262267 15.1867
95 -3.80797e-06 0.0243533 14.8267
96 -3.51505e-06 0.02248 14.4089
97 -3.22213e-06 0.0206067 13.9324
98 -2.92921e-06 0.0187333 13.3967
99 -2.63629e-06 0.01686 12.8016
100 -2.34337e-06 0.0149867 12.1475
101 -2.05045e-06 0.0131133 11.4359
102 -1.75753e-06 0.01124 10.6709
103 -1.46461e-06 0.00936667 9.85884
104 -1.17168e-06 0.00749333 9.00406
105 -8.78763e-07 0.00562 8.10148
106 -5.85842e-07 0.00374667 7.14387
107 -2.92921e-07 0.00187333 6.12845
108 0.0160649 0.0264615 11.9958
109 0.0158035 0.0297037 12.4731
110 0.0111784 0.0605903 10.8052
111 0.00456453 0.0775323 7.04768
112 0.0159542 0.0281201 12.2537
113 0.0119083 0.0775922 5.06913
114 0.0132471 0.076627 4.87522
115 0.0144382 0.0754501 4.72633
116 0.0104227 0.0784787 5.25177
117 0.015427 0.074205 4.61193
118 0.00885865 0.0793187 5.38179
119 0.0162805 0.072764 4.54937
120 0.00722972 0.0800243 5.49263
121 0.0168713 0.0711966 4.62777
122 0.00549848 0.0806353 5.57461
123 0.0173598 0.0695284 4.76007
124 0.00356339 0.0811687 5.62363
125 0.0177921 0.0677673 4.93353
126 0.00180077 0.0817633 5.50035
127 0.0182055 0.0660052 5.1133
128 0.0186321 0.0641655 5.3114
129 0.01913 0.0622883 5.47866
130 0.0197103 0.0604417 5.58892
131 0.0019845 0.0796923 6.41907
132 0.0203559 0.0586287 5.65546
133 0.00158033 0.0776754 7.2618
134 0.0210773 0.0568435 5.66917
135 0.00156318 0.0758169 7.99745
136 0.0218603 0.0550938 5.63431
137 0.00161078 0.0739969 8.69972
138 0.0226885 0.0533596 5.56434
139 0.00161108 0.0721236 9.40496
140 0.0235332 0.0516815 5.46013
141 0.00161137 0.0702503 10.0818
142 0.0243924 0.0500078 5.33302
143 0.00161166 0.0683769 10.7265
144 0.0252407 0.0483582 5.1885
145 0.00161196 0.0665036 11.3378
146 0.0260829 0.0466979 5.02603
147 0.00161225 0.0646303 11.9157
148 0.0268705 0.0450686 4.86365
149 0.00161254 0.0627569 12.4603
150 0.0276283 0.0433917 4.6969
151 0.00161283 0.0608836 12.9718
152 0.0282773 0.0417366 4.56226
153 0.00161313 0.0590103 13.4498
154 0.0288838 0.040055 4.41653
155 0.00161342 0.0571369 13.894
156 0.0294025 0.0383552 4.28764
157 0.00161371 0.0552636 14.3037
158 0.0298194 0.0366329 4.18271
159 0.00161401 0.0533903 14.6777
160 0.0301264 0.0348937 4.10432
161 0.0016143 0.0515169 15.0151
162 0.030337 0.0331524 4.03972
163 0.00161459 0.0496436 15.3145
164 0.0304478 0.0314023 3.99134
165 0.00161488 0.0477703 15.5744
166 0.0304327 0.0296345 3.97778
167 0.00161518 0.0458969 15.7934
168 0.0302864 0.0278757 4.00225
169 0.00161547 0.0440236 15.9699
170 0.0300217 0.0261344 4.05579
171 0.00161576 0.0421503 16.1022
172 0.0296717 0.0244014 4.11249
173 0.00161606 0.0402769 16.1889
174 0.0292243 0.0226947 4.18224
175 0.00161635 0.0384036 16.2283
176 0.0286818 0.0210198 4.26325
177 0.00161664 0.0365303 16.2189
178 0.0280607 0.0193846 4.34415
179 0.00161694 0.0346569 16.1592
180 0.0273225 0.0177997 4.4514
181 0.00161723 0.0327836 16.0478
182 0.0264578 0.016283 4.59077
183 0.00161752 0.0309103 15.8835
184 0.0254849 0.0148721 4.75722
185 0.00161781 0.0290369 15.6648
186 0.0244096 0.013512 4.92712
187 0.00161811 0.0271636 15.3907
188 0.0232333 0.0122437 5.10875
189 0.0016184 0.0252903 15.06
190 0.0219351 0.0110618 5.30891
191 0.00161869 0.0234169 14.6719
192 0.0205577 0.00999029 5.51459
193 0.00161899 0.0215436 14.2253
194 0.0190889 0.00901423 5.72753
195 0.00161928 0.0196703 13.7196
196 0.0175654 0.00809653 5.91711
197 0.00161957 0.0177969 13.1542
198 0.0159873 0.00726315 6.09556
199 0.00161986 0.0159236 12.5288
200 0.0143615 0.00650648 6.26129
201 0.00162016 0.0140503 11.8435
202 0.0127088 0.00577929 6.38696
203 0.00162045 0.0121769 11.1005
204 0.0110052 0.00511702 6.4982
205 0.00166324 0.0102635 10.2885
206 0.00931912 0.00448259 6.55818
207 0.00166159 0.00833802 9.43064
208 0.00763455 0.00389931 6.58591
209 0.00167535 0.006373 8.51708
210 0.00583639 0.00337866 6.60791
211 0.00185111 0.00433098 7.50731
212 0.00376714 0.00319825 6.78104
213 0.00184529 0.00245894 6.51102
214 0.0116181 0.0757519 5.88051
215 0.0103723 0.0766401 6.00068
216 0.0128796 0.075029 5.61209
217 0.0135911 0.0737755 5.71619
218 0.00891353 0.0774557 6.13948
219 0.0146566 0.0728236 5.47581
220 0.00740932 0.0781101 6.27097
221 0.015049 0.0714021 5.70181
222 0.00583208 0.0786422 6.38529
223 0.0155344 0.0698664 5.87055
224 0.00405107 0.0795209 6.29539
225 0.0159887 0.0682067 6.06521
226 0.0164109 0.0664848 6.27934
227 0.0168302 0.064717 6.49851
228 0.0172895 0.0627887 6.73269
229 0.0178512 0.0608699 6.89222
230 0.0184824 0.0589822 6.99492
231 0.0191878 0.0571259 7.03707
232 0.00311698 0.0765969 7.59103
233 0.0199641 0.055308 7.01731
234 0.00312163 0.0748443 8.27157
235 0.0207948 0.0535289 6.9448
236 0.00315252 0.0730369 8.9579
237 0.0216587 0.0517895 6.83036
238 0.00324663 0.0712313 9.61389
239 0.0225153 0.0501015 6.69524
240 0.00326818 0.0693586 10.2717
241 0.0233818 0.0484452 6.52776
242 0.00323474 0.0674405 10.9173
243 0.0242198 0.0467966 6.35649
244 0.00323503 0.0655672 11.5109
245 0.0250276 0.0451828 6.17069
246 0.00323533 0.0636938 12.0716
247 0.025741 0.0435776 6.01728
248 0.00323562 0.0618205 12.5997
249 0.0264246 0.0419633 5.85058
250 0.00323591 0.0599472 13.095
251 0.0270389 0.0403554 5.69169
252 0.00323621 0.0580738 13.5573
253 0.0275812 0.0387423 5.54177
254 0.0032365 0.0562005 13.9858
255 0.028025 0.0371142 5.41844
256 0.00323679 0.0543272 14.3796
257 0.0283535 0.0354697 5.33052
258 0.00323708 0.0524538 14.7376
259 0.0285862 0.033833 5.26111
260 0.00323738 0.0505805 15.0586
261 0.0287604 0.0321904 5.18515
262 0.00323767 0.0487072 15.341
263 0.0288694 0.0305511 5.10646
264 0.00323796 0.0468338 15.5834
265 0.0287776 0.0288635 5.11588
266 0.00323826 0.0449605 15.7841
267 0.0285355 0.0272381 5.18014
268 0.00323855 0.0430872 15.9415
269 0.0282543 0.0255932 5.21915
270 0.00323884 0.0412138 16.054
271 0.0278665 0.0239579 5.27815
272 0.00323913 0.0393405 16.1199
273 0.0273874 0.022362 5.34953
274 0.00323943 0.0374672 16.1377
275 0.0268489 0.0208054 5.41224
276 0.00323972 0.0355938 16.1059
277 0.0262682 0.0192897 5.45594
278 0.00324001 0.0337205 16.023
279 0.0255107 0.0178288 5.56363
280 0.00324031 0.0318472 15.8875
281 0.024621 0.0165239 5.73039
282 0.0032406 0.0299738 15.6983
283 0.0236591 0.0152385 5.88418
284 0.00324089 0.0281005 15.454
285 0.0226184 0.0140008 6.03244
286 0.00324118 0.0262272 15.1536
287 0.0215233 0.0128297 6.16748
288 0.00324148 0.0243538 14.796
289 0.0202472 0.011763 6.36111
290 0.00324177 0.0224805 14.3802
291 0.0189034 0.010846 6.57816
292 0.00324206 0.0206072 13.9054
293 0.017499 0.00992605 6.75611
294 0.00324236 0.0187338 13.371
295 0.0160029 0.00911594 6.95106
296 0.00324265 0.0168605 12.7764
297 0.0144644 0.00836454 7.12488
298 0.00324294 0.0149872 12.1216
299 0.0128733 0.00765355 7.27311
300 0.00329162 0.0130761 11.3892
301 0.0112168 0.00698314 7.39762
302 0.00332792 0.0111765 10.6043
303 0.00955714 0.0063622 7.4854
304 0.00332341 0.009231 9.75374
305 0.00793646 0.00573654 7.50258
306 0.003279 0.00728147 8.86682
307 0.00629235 0.00517419 7.49699
308 0.00324601 0.00520883 7.87029
309 0.00305488 0.0782782 6.92172
310 0.0101333 0.0747708 6.76856
311 0.0115337 0.0736263 6.65911
312 0.00909308 0.0758229 6.71113
313 0.0130062 0.0719337 6.58264
314 0.0076627 0.0759854 7.04229
315 0.00620968 0.0763637 7.22528
316 0.0136909 0.0702002 6.77812
317 0.0141847 0.0686052 6.99656
318 0.0146119 0.0669381 7.24736
319 0.015004 0.0651677 7.53122
320 0.0154325 0.0632871 7.81085
321 0.0159678 0.0613382 8.02916
322 0.0165789 0.0593926 8.18442
323 0.0172685 0.0574594 8.27345
324 0.0180269 0.0555692 8.29374
325 0.00479539 0.0755504 7.78864
326 0.0188514 0.0537324 8.24332
327 0.00449376 0.0739451 8.44525
328 0.0197353 0.0519367 8.12871
329 0.0048811 0.0723208 8.9935
330 0.0206307 0.0502065 7.97349
331 0.00492952 0.0704071 9.67506
332 0.0215124 0.048522 7.79773
333 0.00492999 0.0684603 10.3425
334 0.0223652 0.0468912 7.60698
335 0.00485782 0.0665041 10.9905
336 0.0231419 0.0453011 7.43347
337 0.00485811 0.0646308 11.5663
338 0.023896 0.0437087 7.24734
339 0.0048584 0.0627574 12.1104
340 0.0245642 0.0421403 7.08253
341 0.0048587 0.0608841 12.6227
342 0.0251907 0.0405749 6.91078
343 0.00485899 0.0590108 13.103
344 0.0257456 0.0390355 6.74691
345 0.00485928 0.0571374 13.5506
346 0.0262616 0.037523 6.56879
347 0.00485958 0.0552641 13.9647
348 0.0266167 0.035956 6.46606
349 0.00485987 0.0533908 14.3442
350 0.02682 0.0344112 6.42227
351 0.00486016 0.0515174 14.6877
352 0.0270451 0.0328603 6.32268
353 0.00486045 0.0496441 14.9938
354 0.0271812 0.0313146 6.24013
355 0.00486075 0.0477708 15.2608
356 0.0274423 0.029775 6.03209
357 0.00486104 0.0458974 15.4872
358 0.0269829 0.0282763 6.26177
359 0.00486133 0.0440241 15.6711
360 0.0268046 0.0267083 6.25583
361 0.00486163 0.0421508 15.8108
362 0.0264998 0.0251279 6.28383
363 0.00486192 0.0402774 15.9048
364 0.0260599 0.0236129 6.35635
365 0.00486221 0.0384041 15.9512
366 0.0255565 0.0221072 6.42107
367 0.00486251 0.0365308 15.9487
368 0.0250403 0.0206769 6.45897
369 0.0048628 0.0346574 15.8955
370 0.0246699 0.0191991 6.35604
371 0.00486309 0.0327841 15.7904
372 0.0236955 0.0181047 6.63783
373 0.00486338 0.0309108 15.6318
374 0.0228591 0.0169068 6.76838
375 0.00486368 0.0290374 15.4186
376 0.0219021 0.0156839 6.90233
377 0.00486397 0.0271641 15.1495
378 0.0208809 0.0145714 7.04726
379 0.00486426 0.0252908 14.8234
380 0.019998 0.0133386 7.03397
381 0.00486456 0.0234174 14.4393
382 0.0186261 0.0126646 7.37899
383 0.00486485 0.0215441 13.9963
384 0.0173564 0.0117671 7.54582
385 0.00486514 0.0196708 13.4937
386 0.0159492 0.0109225 7.72694
387 0.00486543 0.0177974 12.9307
388 0.0144955 0.0102033 7.91767
389 0.00486573 0.0159241 12.307
390 0.0129858 0.00950076 8.07619
391 0.00492442 0.0139922 11.594
392 0.0113942 0.00885407 8.22363
393 0.004987 0.0120748 10.8239
394 0.00975571 0.00825857 8.34537
395 0.00502877 0.01013 9.9901
396 0.00811033 0.00765383 8.40255
397 0.00495882 0.00818087 9.12512
398 0.00648073 0.00700213 8.37205
399 0.00481249 0.00634209 8.27736
400 0.00478238 0.00464861 7.43061
401 0.00839362 0.0742817 7.48153
402 0.00956765 0.0727619 7.6615
403 0.010791 0.0715141 7.65373
404 0.0119766 0.0703276 7.54582
405 0.0123653 0.0689306 7.81571
406 0.0128601 0.0673871 8.05084
407 0.0131786 0.0656815 8.40376
408 0.0135238 0.0637771 8.78083
409 0.0140375 0.0618432 9.05191
410 0.0146705 0.0598611 9.24116
411 0.0153246 0.0578515 9.40338
412 0.0160533 0.0558763 9.48884
413 0.0168731 0.0539555 9.48172
414 0.0177676 0.0521011 9.38796
415 0.00638673 0.0740056 8.08454
416 0.0187282 0.0502977 9.21624
417 0.00654816 0.0716309 8.91665
418 0.0196209 0.0486049 9.03885
419 0.00667497 0.0695575 9.61242
420 0.0204673 0.0469943 8.84943
421 0.00658097 0.0675151 10.3135
422 0.0212949 0.0453898 8.64641
423 0.00652961 0.0655559 10.9423
424 0.022028 0.0438288 8.46943
425 0.00652133 0.0636705 11.5063
426 0.0227135 0.0422745 8.29309
427 0.00648148 0.061821 12.0373
428 0.0233353 0.0407378 8.12362
429 0.00648178 0.0599477 12.5351
430 0.023905 0.0392196 7.95186
431 0.00650674 0.0580516 13.0015
432 0.0244241 0.0377705 7.77047
433 0.00648236 0.056201 13.4366
434 0.0251006 0.0364498 7.43935
435 0.00648265 0.0543277 13.8381
436 0.0249982 0.034975 7.60414
437 0.00648295 0.0524543 14.205
438 0.0252193 0.0333843 7.51964
439 0.00648324 0.050581 14.5359
440 0.0254093 0.031729 7.41005
441 0.00648353 0.0487077 14.829
442 0.0158442 0.0248254 11.826
443 0.00648383 0.0468343 15.0824
444 0.00669925 0.0109704 10.1231
445 0.00648412 0.044961 15.2943
446 0.0252394 0.0277742 7.34385
447 0.00648441 0.0430877 15.463
448 0.0253097 0.0262014 7.14798
449 0.0064847 0.0412143 15.5865
450 0.0246977 0.0248008 7.35407
451 0.006485 0.039341 15.6632
452 0.0242594 0.0233499 7.39735
453 0.00648529 0.0374677 15.6914
454 0.0236852 0.0217985 7.45329
455 0.00648558 0.0355943 15.6696
456 0.02298 0.0200729 7.48816
457 0.00648588 0.033721 15.5962
458 0.00648617 0.0318477 15.4697
459 0.0213135 0.0172079 7.62056
460 0.00648646 0.0299743 15.2889
461 0.00648675 0.028101 15.0524
462 0.00648705 0.0262277 14.7591
463 0.0187981 0.0147567 8.02895
464 0.00648734 0.0243543 14.4079
465 0.00648763 0.022481 13.9978
466 0.0170759 0.0136711 8.3509
467 0.00648793 0.0206077 13.528
468 0.0159736 0.0125325 8.34032
469 0.00648822 0.0187343 12.9976
470 0.014475 0.0120368 8.66158
471 0.00648851 0.016861 12.4061
472 0.0130452 0.0113515 8.83195
473 0.00653324 0.0149293 11.7253
474 0.0115458 0.0106622 8.96446
475 0.00665237 0.0129516 10.9504
476 0.00989764 0.0101442 9.14765
477 0.0201654 0.0316448 10.5143
478 0.00826796 0.00962976 9.26633
479 0.00662448 0.00893631 9.24281
480 0.0200982 0.0162957 7.93636
481 0.00789275 0.0726654 8.20119
482 0.0103329 0.0693238 8.55871
483 0.0112797 0.0678514 8.63656
484 0.0113729 0.0663241 9.07356
485 0.0116588 0.064492 9.49742
486 0.0119269 0.062317 10.0047
487 0.0128228 0.0603699 10.1019
488 0.0133793 0.0583128 10.369
489 0.0140526 0.0562603 10.5416
490 0.0148375 0.0542211 10.6172
491 0.0157181 0.0522922 10.5813
492 0.0167063 0.0504555 10.4275
493 0.0176552 0.0487099 10.2456
494 0.00859538 0.0707834 8.66911
495 0.018577 0.047063 10.0299
496 0.00832895 0.0684824 9.52328
497 0.0194343 0.0454719 9.81461
498 0.0081617 0.0664584 10.2213
499 0.0201925 0.0439219 9.62492
500 0.00822044 0.0645388 10.7879
501 0.020872 0.042386 9.45339
502 0.00821783 0.0626735 11.3282
503 0.0214854 0.0408656 9.29048
504 0.00815087 0.0608308 11.854
505 0.0220568 0.0393542 9.12069
506 0.00816645 0.0589219 12.3429
507 0.0226253 0.0378039 8.92249
508 0.00817384 0.0570758 12.7886
509 0.0219753 0.0186971 7.68741
510 0.00811613 0.055245 13.2197
511 0.016532 0.0325045 12.3348
512 0.00810687 0.0533608 13.6151
513 0.0234161 0.0340798 8.6473
514 0.00813505 0.0515014 13.9609
515 0.0235595 0.0323338 8.57842
516 0.00810632 0.0496446 14.2866
517 0.0237428 0.0306189 8.43265
518 0.00810661 0.0477713 14.5687
519 0.0081069 0.0458979 14.8104
520 0.0237234 0.0287 8.34562
521 0.0081072 0.0440246 15.0098
522 0.0204867 0.0295655 10.2388
523 0.00810749 0.0421513 15.1648
524 0.0233306 0.0360591 8.61536
525 0.00810778 0.0402779 15.2733
526 0.022852 0.0246492 8.41171
527 0.00810808 0.0384046 15.334
528 0.0226546 0.0230833 8.26494
529 0.00810837 0.0365313 15.3452
530 0.0217177 0.0217991 8.53145
531 0.00810866 0.0346579 15.3052
532 0.00810895 0.0327846 15.2125
533 0.00810925 0.0309113 15.0656
534 0.00810954 0.0290379 14.8631
535 0.00810983 0.0271646 14.604
536 0.00811013 0.0252913 14.287
537 0.016734 0.0155399 9.12613
538 0.00811042 0.0234179 13.9112
539 0.00811071 0.0215446 13.4755
540 0.0150391 0.0140973 9.25047
541 0.008111 0.0196713 12.9791
542 0.0081113 0.0177979 12.4211
543 0.0131599 0.0132552 9.54722
544 0.00811159 0.0159246 11.8012
545 0.0115814 0.012479 9.69679
546 0.00817636 0.0139616 11.0733
547 0.0102237 0.0117637 9.75037
548 0.00847588 0.0117871 10.1497
549 0.020811 0.020169 8.63885
550 0.0198507 0.01831 8.63206
551 0.0182935 0.0168167 8.89596
552 0.0097655 0.0672665 9.42826
553 0.00986472 0.0653918 9.97187
554 0.00999516 0.0635088 10.4793
555 0.00990635 0.0616532 11.0358
556 0.0115137 0.0588845 11.113
557 0.011964 0.0567103 11.4631
558 0.0128659 0.0546572 11.5268
559 0.0134909 0.0524435 11.7261
560 0.0147276 0.050565 11.4949
561 0.0156519 0.0487478 11.3747
562 0.0166451 0.0470789 11.1483
563 0.0175506 0.0455181 10.9185
564 0.0183716 0.0439976 10.6991
565 0.0190596 0.0424792 10.5274
566 0.0196401 0.0409828 10.3863
567 0.0201708 0.039502 10.2422
568 0.00974236 0.0597637 11.6006
569 0.0207053 0.0379939 10.0669
570 0.00994164 0.0578913 12.0018
571 0.0212371 0.0364714 9.85991
572 0.00984492 0.0560971 12.4652
573 0.0215933 0.0347158 9.72663
574 0.00968072 0.0542307 12.9349
575 0.0097844 0.0524103 13.2712
576 0.00982815 0.050574 13.5996
577 0.0218162 0.0312779 9.59054
578 0.00982043 0.0487158 13.913
579 0.0223171 0.0296366 9.22657
580 0.00980086 0.0468529 14.1923
581 0.00980501 0.0449857 14.4232
582 0.0218714 0.0279446 9.35477
583 0.00977881 0.0431078 14.6213
584 0.0213901 0.0259759 9.40115
585 0.00973057 0.0412149 14.7802
586 0.00973086 0.0393415 14.8751
587 0.00973115 0.0374682 14.921
588 0.0208823 0.0238074 9.34625
589 0.00973145 0.0355949 14.9164
590 0.00973174 0.0337215 14.8592
591 0.00973203 0.0318482 14.7479
592 0.00973232 0.0299749 14.5812
593 0.00973262 0.0281015 14.3578
594 0.00973291 0.0262282 14.0764
595 0.0097332 0.0243549 13.7362
596 0.0148841 0.016265 10.0515
597 0.0097335 0.0224815 13.3361
598 0.00974517 0.0206324 12.8789
599 0.0132169 0.0151734 10.2339
600 0.00973408 0.0187349 12.3527
601 0.00976072 0.0169094 11.7771
602 0.0115285 0.0142718 10.4019
603 0.00980002 0.0150848 11.1397
604 0.00984104 0.0133377 10.4741
605 0.0217757 0.0329628 9.643
606 0.019673 0.0219247 9.58779
607 0.0164044 0.017587 9.90188
608 0.0186531 0.0201062 9.64746
609 0.0178914 0.0185028 9.55591
610 0.0111521 0.0549917 12.2055
611 0.0114324 0.0532774 12.4698
612 0.0129591 0.0505654 12.3533
613 0.0134742 0.0487403 12.4625
614 0.0147465 0.0469597 12.1577
615 0.0156075 0.0454435 11.9718
616 0.0165811 0.0440377 11.6754
617 0.0173291 0.0425417 11.4803
618 0.0178285 0.041093 11.3847
619 0.0182927 0.039631 11.281
620 0.0187871 0.0381873 11.1299
621 0.0193075 0.0366777 10.9372
622 0.0197263 0.0350928 10.7672
623 0.0115511 0.0515616 12.7717
624 0.0115636 0.0496088 13.1277
625 0.0234792 0.0265295 8.29694
626 0.011523 0.0478289 13.4391
627 0.0255466 0.0299015 7.28089
628 0.0115103 0.0459433 13.7139
629 0.0115152 0.0440917 13.9379
630 0.0199016 0.0274238 10.3505
631 0.0113872 0.0421551 14.1697
632 0.0193667 0.0255881 10.3839
633 0.0113739 0.040257 14.3075
634 0.0114365 0.0384056 14.3683
635 0.011472 0.0365751 14.3898
636 0.0114383 0.0347082 14.3834
637 0.0114045 0.0328303 14.3217
638 0.0113754 0.0309397 14.2018
639 0.0113554 0.0290384 14.0196
640 0.0113557 0.0271651 13.7755
641 0.011356 0.0252918 13.4725
642 0.0113803 0.0234456 13.1084
643 0.0131034 0.0170923 10.913
644 0.0113983 0.0216127 12.6902
645 0.0113769 0.019762 12.2191
646 0.0114712 0.0160696 11.0579
647 0.0113731 0.0178879 11.6743
648 0.0200141 0.033439 10.6285
649 0.0186024 0.0235959 10.4209
650 0.0147407 0.018248 10.7185
651 0.0174581 0.0217123 10.5501
652 0.0163811 0.0197435 10.5202
653 0.012954 0.0469219 12.988
654 0.0134614 0.0451775 13.025
655 0.0147701 0.043818 12.6029
656 0.0158077 0.0427134 12.2352
657 0.0160512 0.0412265 12.2794
658 0.0164433 0.0397863 12.2168
659 0.0168314 0.0382916 12.1304
660 0.0173801 0.0368782 11.9288
661 0.0179335 0.0353647 11.6954
662 0.0186189 0.030357 11.243
663 0.0187368 0.0286797 11.0524
664 0.0130239 0.0430777 13.4566
665 0.0177947 0.0271977 11.3436
666 0.0129443 0.0411478 13.6634
667 0.0130844 0.03933 13.7269
668 0.0132367 0.0375358 13.7393
669 0.0132305 0.0357389 13.7666
670 0.0130765 0.0338227 13.7924
671 0.0130645 0.0319375 13.7102
672 0.0129872 0.0300489 13.5925
673 0.0129047 0.0281496 13.4139
674 0.012916 0.0262735 13.1468
675 0.012967 0.024428 12.8123
676 0.0131 0.0225786 12.3916
677 0.0129657 0.0189329 11.5121
678 0.0130639 0.0207844 11.9799
679 0.0181959 0.0337618 11.5735
680 0.0174647 0.0252048 11.2089
681 0.016573 0.0233923 11.2704
682 0.0144473 0.0199072 11.2822
683 0.0150312 0.0216637 11.5126
684 0.0146466 0.0402062 13.0199
685 0.014907 0.0385118 13.0127
686 0.0152532 0.0368238 12.9288
687 0.0163359 0.0356176 12.4568
688 0.0172292 0.0291353 11.8036
689 0.0143472 0.0419735 12.9994
690 0.014792 0.0348506 13.139
691 0.0147759 0.0330364 13.1076
692 0.0147951 0.0310495 12.9985
693 0.0144174 0.0290931 12.9735
694 0.0144492 0.0272573 12.7437
695 0.0144537 0.0254902 12.4781
696 0.0146407 0.0236238 12.0718
697 0.0184445 0.0320852 11.4146
698 0.0164925 0.0341535 12.39
699 0.0168284 0.0308997 12.1204
