1 0 0 0.785679
2 -1.31814e-05 0.0843 0.790845
3 0.00103666 0.00027361 0.763172
4 0.00207332 0.00054722 0.75577
5 0.00310998 0.00082083 0.751873
6 0.00414664 0.00109444 0.750307
7 0.00518152 0.00137418 0.750116
8 0.00620388 0.00169715 0.748363
9 0.00722624 0.00202011 0.747415
10 0.0082486 0.00234308 0.747136
11 0.00927096 0.00266604 0.747735
12 0.0102881 0.00300393 0.749139
13 0.0112901 0.00338559 0.74864
14 0.012292 0.00376725 0.748849
15 0.0132939 0.0041489 0.751013
16 0.0142758 0.00457842 0.751413
17 0.0152507 0.00502453 0.751635
18 0.0162257 0.00547063 0.753087
19 0.0171938 0.00593049 0.755969
20 0.0181392 0.00643618 0.757789
21 0.0190697 0.00696803 0.75981
22 0.0199846 0.00752702 0.762405
23 0.0208771 0.00812062 0.764261
24 0.0217619 0.00872618 0.768379
25 0.0226145 0.00937627 0.772329
26 0.0234333 0.0100684 0.775907
27 0.0242213 0.0107953 0.779416
28 0.0249816 0.0115512 0.783754
29 0.0257071 0.0123404 0.788776
30 0.0263837 0.013172 0.7927
31 0.0270222 0.0140331 0.796619
32 0.027623 0.0149208 0.800749
33 0.0281815 0.0158356 0.804595
34 0.0286968 0.0167755 0.807817
35 0.029176 0.0177345 0.8112
36 0.029615 0.0187124 0.814227
37 0.0300147 0.0197071 0.816791
38 0.0303778 0.0207157 0.8189
39 0.0307146 0.0217336 0.82196
40 0.0310048 0.0227656 0.823379
41 0.0312682 0.0238047 0.825316
42 0.0315032 0.0248506 0.827704
43 0.031697 0.0259051 0.829199
44 0.0318549 0.0269654 0.830341
45 0.0319816 0.0280298 0.831643
46 0.0320762 0.0290977 0.833322
47 0.0321204 0.030169 0.833303
48 0.0321285 0.0312408 0.833308
49 0.0321014 0.0323123 0.833312
50 0.0320361 0.0333825 0.833184
51 0.0319181 0.034448 0.831317
52 0.0317644 0.0355088 0.829643
53 0.0315767 0.0365641 0.828099
54 0.0313473 0.0376115 0.825798
55 0.0310753 0.0386484 0.822609
56 0.0307755 0.0396775 0.820002
57 0.0304488 0.0406986 0.81772
58 0.0300798 0.0417053 0.813876
59 0.0296912 0.0427044 0.811103
60 0.0292835 0.043696 0.808752
61 0.0288479 0.0446756 0.805546
62 0.0283979 0.0456487 0.803121
63 0.0279364 0.0466165 0.801157
64 0.0274587 0.0475763 0.798786
65 0.0269742 0.0485327 0.797074
66 0.0264847 0.0494866 0.795663
67 0.0259902 0.0504379 0.794263
68 0.0254964 0.0513896 0.793319
69 0.0250032 0.0523416 0.792416
70 0.0245177 0.0532975 0.792124
71 0.0240391 0.0542569 0.79187
72 0.0235674 0.0552197 0.791465
73 0.0231165 0.0561925 0.792286
74 0.0226788 0.0571711 0.792733
75 0.0222544 0.0581557 0.792881
76 0.0218625 0.0591536 0.794792
77 0.0214902 0.0601589 0.796107
78 0.0211375 0.0611713 0.797159
79 0.0208201 0.0621954 0.799804
80 0.020527 0.0632266 0.802271
81 0.0202546 0.0642634 0.804583
82 0.0200071 0.0653066 0.807697
83 0.0197768 0.0663538 0.810961
84 0.0195534 0.0674024 0.813826
85 0.0193371 0.0684525 0.817405
86 0.0191042 0.069499 0.819644
87 0.0188453 0.0705393 0.820943
88 0.018562 0.0715733 0.822668
89 0.0182088 0.0725852 0.820874
90 0.017785 0.0735699 0.817329
91 0.0173014 0.0745264 0.813808
92 0.0167266 0.0754305 0.80737
93 0.0160607 0.0762703 0.799093
94 0.0153429 0.0770664 0.792778
95 0.014566 0.0778046 0.786247
96 0.0137321 0.0784779 0.779438
97 0.0128467 0.0790824 0.772595
98 0.0119412 0.0796558 0.768439
99 0.0110165 0.0801978 0.765265
100 0.0100689 0.0806993 0.762223
101 0.0090983 0.0811544 0.759138
102 0.00811302 0.0815762 0.75686
103 0.00711565 0.0819696 0.755126
104 0.00611828 0.082363 0.755434
105 0.00510912 0.0827242 0.755078
106 0.00409353 0.0830679 0.755378
107 0.00307794 0.0834116 0.758275
108 0.00204936 0.0837135 0.760972
109 0.00101809 0.0840067 0.767937
110 -1.30146e-05 0.0832329 0.708733
111 -1.28477e-05 0.0821658 0.629067
112 -1.26809e-05 0.0810987 0.553963
113 -1.2514e-05 0.0800316 0.484614
114 -1.23472e-05 0.0789646 0.42156
115 -1.21803e-05 0.0778975 0.364852
116 -1.20135e-05 0.0768304 0.314286
117 -1.18466e-05 0.0757633 0.269556
118 -1.16798e-05 0.0746962 0.23027
119 -1.15129e-05 0.0736291 0.195999
120 -1.13461e-05 0.072562 0.166289
121 -1.11792e-05 0.0714949 0.140682
122 -1.10123e-05 0.0704278 0.118727
123 -1.08455e-05 0.0693608 0.0999934
124 -1.06786e-05 0.0682937 0.0840767
125 -1.05118e-05 0.0672266 0.0706039
126 -1.03449e-05 0.0661595 0.0592369
127 -1.01781e-05 0.0650924 0.0496729
128 -1.00112e-05 0.0640253 0.0416443
129 -9.84437e-06 0.0629582 0.0349172
130 -9.67752e-06 0.0618911 0.0292887
131 -9.51066e-06 0.0608241 0.0245845
132 -9.34381e-06 0.059757 0.0206557
133 -9.17696e-06 0.0586899 0.017376
134 -9.0101e-06 0.0576228 0.0146389
135 -8.84325e-06 0.0565557 0.0123545
136 -8.6764e-06 0.0554886 0.010448
137 -8.50954e-06 0.0544215 0.00885671
138 -8.34269e-06 0.0533544 0.0075285
139 -8.17583e-06 0.0522873 0.00642023
140 -8.00898e-06 0.0512203 0.00549621
141 -7.84213e-06 0.0501532 0.00472708
142 -7.67527e-06 0.0490861 0.00408879
143 -7.50842e-06 0.048019 0.00356177
144 -7.34157e-06 0.0469519 0.00313026
145 -7.17471e-06 0.0458848 0.00278176
146 -7.00786e-06 0.0448177 0.00250659
147 -6.841e-06 0.0437506 0.00229756
148 -6.67415e-06 0.0426835 0.0021497
149 -6.5073e-06 0.0416165 0.00206015
150 -6.34044e-06 0.0405494 0.00202803
151 -6.17359e-06 0.0394823 0.00205443
152 -6.00674e-06 0.0384152 0.00214252
153 -5.83988e-06 0.0373481 0.00229764
154 -5.67303e-06 0.036281 0.00252756
155 -5.50617e-06 0.0352139 0.00284279
156 -5.33932e-06 0.0341468 0.00325697
157 -5.17247e-06 0.0330797 0.00378743
158 -5.00561e-06 0.0320127 0.00445586
159 -4.83876e-06 0.0309456 0.00528909
160 -4.67191e-06 0.0298785 0.00632009
161 -4.50505e-06 0.0288114 0.00758918
162 -4.3382e-06 0.0277443 0.00914541
163 -4.17134e-06 0.0266772 0.0110483
164 -4.00449e-06 0.0256101 0.0133695
165 -3.83764e-06 0.024543 0.0161957
166 -3.67078e-06 0.0234759 0.0196303
167 -3.50393e-06 0.0224089 0.023797
168 -3.33708e-06 0.0213418 0.0288426
169 -3.17022e-06 0.0202747 0.0349402
170 -3.00337e-06 0.0192076 0.0422929
171 -2.83651e-06 0.0181405 0.0511369
172 -2.66966e-06 0.0170734 0.0617446
173 -2.50281e-06 0.0160063 0.0744264
174 -2.33595e-06 0.0149392 0.0895325
175 -2.1691e-06 0.0138722 0.107452
176 -2.00225e-06 0.0128051 0.128612
177 -1.83539e-06 0.011738 0.15347
178 -1.66854e-06 0.0106709 0.18251
179 -1.50168e-06 0.0096038 0.216231
180 -1.33483e-06 0.00853671 0.25513
181 -1.16798e-06 0.00746962 0.299689
182 -1.00112e-06 0.00640253 0.350341
183 -8.34269e-07 0.00533544 0.407461
184 -6.67415e-07 0.00426835 0.471285
185 -5.00561e-07 0.00320127 0.541868
186 -3.33708e-07 0.00213418 0.61889
187 -1.66854e-07 0.00106709 0.700863
188 0.0153067 0.047388 0.0469634
189 0.0117649 0.0169906 0.0966691
190 0.0141959 0.0474343 0.034873
191 0.0122838 0.0730594 0.372324
192 0.0091501 0.0712288 0.208041
193 0.0134822 0.0773407 0.67784
194 0.0127 0.0779384 0.674398
195 0.0142135 0.0766566 0.678724
196 0.0118272 0.0784715 0.666686
197 0.0149397 0.075986 0.687345
198 0.0109253 0.0789955 0.661635
199 0.0156117 0.0752392 0.694285
200 0.0100157 0.0795167 0.660605
201 0.0161502 0.0744288 0.693406
202 0.00910668 0.0800004 0.661083
203 0.0166411 0.0735664 0.692963
204 0.0081826 0.0804486 0.662039
205 0.0170854 0.0726655 0.693164
206 0.00723657 0.0808399 0.660849
207 0.0174521 0.071732 0.689902
208 0.00625603 0.0811911 0.657754
209 0.017763 0.0707571 0.684268
210 0.00527694 0.0815397 0.657111
211 0.0180449 0.0697624 0.679076
212 0.00424972 0.0818774 0.657157
213 0.0182992 0.0687549 0.673484
214 0.00308428 0.0819836 0.637988
215 0.0185289 0.0677362 0.666689
216 0.0149218 0.0414533 0.0229479
217 0.0187582 0.0666838 0.659881
218 0.00101141 0.0828645 0.675909
219 0.018994 0.0656321 0.654272
220 0.0192374 0.0645718 0.648662
221 0.0195031 0.0635137 0.644792
222 0.0197963 0.0624622 0.642956
223 0.00100715 0.081766 0.593593
224 0.0201042 0.0614128 0.640543
225 0.000969896 0.0806633 0.517581
226 0.0204445 0.0603721 0.640075
227 0.000929137 0.0795511 0.448274
228 0.0208204 0.0593448 0.641949
229 0.000920215 0.0784528 0.386757
230 0.0212024 0.0583257 0.641745
231 0.000912029 0.0773641 0.332396
232 0.0216153 0.0573151 0.64306
233 0.000912196 0.076297 0.285195
234 0.0220597 0.0563157 0.646142
235 0.000912363 0.0752299 0.243689
236 0.022505 0.055326 0.647197
237 0.00091253 0.0741628 0.207448
238 0.0229691 0.0543446 0.648889
239 0.000912696 0.0730957 0.176008
240 0.0234508 0.0533741 0.65158
241 0.000912863 0.0720286 0.148895
242 0.0239294 0.052415 0.653113
243 0.00091303 0.0709615 0.125641
244 0.0244218 0.0514467 0.654818
245 0.000913197 0.0698944 0.105796
246 0.0249156 0.0504948 0.657144
247 0.000913364 0.0688274 0.0889335
248 0.0254094 0.0495434 0.659404
249 0.000913531 0.0677603 0.0746611
250 0.0258942 0.0485979 0.661273
251 0.000913697 0.0666932 0.0626211
252 0.0263775 0.0476421 0.663138
253 0.000913864 0.0656261 0.0524929
254 0.0268608 0.0466853 0.666123
255 0.000914031 0.064559 0.0439928
256 0.0273153 0.0457483 0.668361
257 0.000914198 0.0634919 0.0368726
258 0.0277631 0.0447791 0.670007
259 0.000914365 0.0624248 0.0309168
260 0.0282105 0.0438051 0.673757
261 0.000914532 0.0613577 0.0259405
262 0.028611 0.0428667 0.676284
263 0.000914699 0.0602907 0.0217856
264 0.0289987 0.041874 0.67772
265 0.000914865 0.0592236 0.0183181
266 0.0293695 0.0408903 0.680883
267 0.000915032 0.0581565 0.0154247
268 0.0297058 0.0399017 0.683255
269 0.000915199 0.0570894 0.0130105
270 0.030011 0.0389055 0.685472
271 0.000915366 0.0560223 0.0109957
272 0.0302842 0.0379023 0.687546
273 0.000915533 0.0549552 0.00931389
274 0.0305196 0.036894 0.688986
275 0.0009157 0.0538881 0.00790987
276 0.0307194 0.0358762 0.69017
277 0.000915867 0.052821 0.00673777
278 0.0308864 0.0348556 0.69171
279 0.000916033 0.0517539 0.00575969
280 0.0310107 0.0338294 0.692274
281 0.0009162 0.0506869 0.00494437
282 0.0311037 0.0327982 0.693511
283 0.000916367 0.0496198 0.00426619
284 0.0311512 0.0317638 0.693581
285 0.000916534 0.0485527 0.00370421
286 0.0311593 0.0307271 0.693222
287 0.000916701 0.0474856 0.0032415
288 0.0311371 0.0296911 0.693656
289 0.000916868 0.0464185 0.00286451
290 0.0310714 0.0286561 0.693079
291 0.000917035 0.0453514 0.00256259
292 0.0309761 0.0276194 0.693342
293 0.000917201 0.0442843 0.00232764
294 0.0308307 0.0265906 0.69145
295 0.000917368 0.0432172 0.00215385
296 0.0306592 0.0255659 0.690635
297 0.000917535 0.0421501 0.00203742
298 0.0304503 0.0245467 0.689371
299 0.000917702 0.0410831 0.00197655
300 0.0302194 0.0235351 0.689564
301 0.000917869 0.040016 0.00197132
302 0.0299399 0.022535 0.687615
303 0.000918036 0.0389489 0.00202374
304 0.0296333 0.0215411 0.68661
305 0.000918203 0.0378818 0.00213785
306 0.0292968 0.0205609 0.685997
307 0.000918369 0.0368147 0.00231991
308 0.0289214 0.0195935 0.684782
309 0.000918536 0.0357476 0.00257863
310 0.0285137 0.0186416 0.683859
311 0.000918703 0.0346805 0.00292554
312 0.0280718 0.01771 0.682971
313 0.00091887 0.0336134 0.00337545
314 0.0275859 0.0168015 0.680999
315 0.000919037 0.0325463 0.00394702
316 0.0270696 0.0159129 0.679793
317 0.000919204 0.0314793 0.00466348
318 0.0265208 0.0150482 0.67905
319 0.000919371 0.0304122 0.00555347
320 0.0259211 0.0142176 0.676437
321 0.000919537 0.0293451 0.00665216
322 0.0252824 0.013408 0.674085
323 0.000919704 0.028278 0.00800245
324 0.0246171 0.0126223 0.673208
325 0.000919871 0.0272109 0.00965652
326 0.0239132 0.0118863 0.670988
327 0.000920038 0.0261438 0.0116776
328 0.0231534 0.0111969 0.665929
329 0.000920205 0.0250767 0.0141421
330 0.0223817 0.0105187 0.663819
331 0.000920372 0.0240096 0.0171418
332 0.02159 0.00985267 0.664172
333 0.000920538 0.0229425 0.020787
334 0.0207698 0.00925118 0.662286
335 0.000920705 0.0218755 0.025209
336 0.0198944 0.00868734 0.65791
337 0.000920872 0.0208084 0.030564
338 0.0190099 0.0081362 0.65547
339 0.000921039 0.0197413 0.0370362
340 0.018095 0.00758014 0.655353
341 0.000921206 0.0186742 0.0448416
342 0.017204 0.00706381 0.656309
343 0.000921373 0.0176071 0.0542314
344 0.0162922 0.00658409 0.656517
345 0.00092154 0.01654 0.0654949
346 0.0153494 0.00615068 0.654213
347 0.000921706 0.0154729 0.0789618
348 0.0143936 0.00573845 0.651387
349 0.000921873 0.0144058 0.0950033
350 0.0134054 0.00532469 0.649174
351 0.00092204 0.0133388 0.114031
352 0.0124171 0.00491093 0.64946
353 0.000922207 0.0122717 0.136494
354 0.0114288 0.00449712 0.651867
355 0.000922374 0.0112046 0.162874
356 0.0104603 0.00410638 0.654247
357 0.000922541 0.0101375 0.193676
358 0.0094802 0.00375246 0.654919
359 0.000922708 0.0090704 0.229417
360 0.00848118 0.00343582 0.65381
361 0.000922874 0.00800331 0.270613
362 0.00747715 0.00313529 0.652511
363 0.000923041 0.00693622 0.317752
364 0.00643179 0.00284653 0.650122
365 0.000923208 0.00586913 0.371246
366 0.00539793 0.00254954 0.649946
367 0.000938638 0.00475723 0.434044
368 0.00438114 0.00223742 0.653572
369 0.000954809 0.003637 0.504899
370 0.0033436 0.00193387 0.658516
371 0.0010618 0.00247177 0.586674
372 0.00216094 0.00182801 0.647067
373 0.00105855 0.00140516 0.66923
374 0.013233 0.0762758 0.591287
375 0.0125074 0.0768548 0.588093
376 0.0117251 0.0774086 0.584999
377 0.0139149 0.07564 0.593631
378 0.010883 0.0779343 0.581556
379 0.0146795 0.0751073 0.614378
380 0.010015 0.0784429 0.57995
381 0.0150876 0.0742962 0.597856
382 0.00913001 0.0789234 0.579643
383 0.0155921 0.0735538 0.598096
384 0.00823367 0.0793728 0.580278
385 0.0160504 0.0727193 0.595608
386 0.00732624 0.0797748 0.580172
387 0.0163912 0.0718458 0.585859
388 0.00639946 0.0801343 0.578876
389 0.0167167 0.0709475 0.578123
390 0.0054557 0.080483 0.578828
391 0.0170037 0.0699964 0.568599
392 0.00452379 0.080845 0.582674
393 0.0172674 0.0690217 0.559338
394 0.00367471 0.0811649 0.58787
395 0.0175054 0.0680208 0.549173
396 0.00202008 0.0813282 0.571001
397 0.017734 0.0670119 0.539709
398 0.0179675 0.0659542 0.53043
399 0.0182077 0.0648858 0.522162
400 0.0184634 0.0638113 0.515356
401 0.0187471 0.0627378 0.511214
402 0.019053 0.0616666 0.508544
403 0.0193816 0.0606026 0.507056
404 0.00185231 0.0801621 0.490579
405 0.019747 0.0595521 0.508428
406 0.00185423 0.0790303 0.42211
407 0.0201366 0.0585044 0.510455
408 0.0018559 0.0779283 0.362742
409 0.0205403 0.0574658 0.511987
410 0.00185728 0.0768459 0.311087
411 0.0209784 0.0564464 0.515971
412 0.00183791 0.0757636 0.265565
413 0.0214315 0.0554473 0.520244
414 0.00183807 0.0746965 0.2264
415 0.0218881 0.0544393 0.522308
416 0.00183824 0.0736294 0.192348
417 0.0223811 0.0534394 0.526897
418 0.00183841 0.0725623 0.162921
419 0.0228596 0.0524802 0.530444
420 0.00183857 0.0714952 0.137631
421 0.0233417 0.0515067 0.532422
422 0.00183874 0.0704281 0.116009
423 0.0238446 0.0505433 0.536406
424 0.00183891 0.069361 0.097607
425 0.0243387 0.0495915 0.539603
426 0.00183907 0.068294 0.0820085
427 0.0248302 0.0486494 0.543015
428 0.00183924 0.0672269 0.0688328
429 0.025308 0.0477013 0.545003
430 0.00183941 0.0661598 0.0577369
431 0.0257907 0.0467452 0.547869
432 0.00183958 0.0650927 0.0484155
433 0.0262591 0.0458147 0.551601
434 0.00183974 0.0640256 0.0406005
435 0.0266986 0.0448754 0.553277
436 0.00183991 0.0629585 0.0340589
437 0.0271434 0.0439047 0.555874
438 0.00184008 0.0618914 0.0285894
439 0.02755 0.0429707 0.558231
440 0.00184024 0.0608243 0.02402
441 0.02794 0.0420285 0.560803
442 0.00184041 0.0597573 0.0202044
443 0.0283048 0.0410649 0.562508
444 0.00184058 0.0586902 0.0170188
445 0.028646 0.0401008 0.564635
446 0.00184074 0.0576231 0.0143592
447 0.0289585 0.0391337 0.566741
448 0.00184091 0.056556 0.0121383
449 0.0292372 0.0381623 0.568392
450 0.00184108 0.0554889 0.0102831
451 0.029489 0.0371856 0.570514
452 0.00184124 0.0544218 0.0087329
453 0.0297018 0.0362029 0.571839
454 0.00184141 0.0533547 0.00743735
455 0.0298806 0.0352188 0.573177
456 0.00184158 0.0522876 0.00635465
457 0.0300201 0.0342293 0.573879
458 0.00184174 0.0512205 0.00545035
459 0.0301229 0.0332341 0.574333
460 0.00184191 0.0501535 0.0046961
461 0.0301916 0.0322356 0.574925
462 0.00184208 0.0490864 0.00406869
463 0.030219 0.0312357 0.574828
464 0.00184224 0.0480193 0.00354923
465 0.0302141 0.0302356 0.575114
466 0.00184241 0.0469522 0.00312252
467 0.0301662 0.0292325 0.574503
468 0.00184258 0.0458851 0.00277648
469 0.0300887 0.0282294 0.574562
470 0.00184275 0.044818 0.00250174
471 0.0299712 0.0272295 0.574024
472 0.00184291 0.0437509 0.00229133
473 0.029823 0.026233 0.573939
474 0.00184308 0.0426838 0.00214042
475 0.029642 0.0252408 0.57404
476 0.00184325 0.0416167 0.00204618
477 0.029423 0.0242566 0.57365
478 0.00184341 0.0405497 0.00200769
479 0.0291769 0.0232823 0.573903
480 0.00184358 0.0394826 0.00202594
481 0.0288981 0.0223136 0.574407
482 0.00184375 0.0384155 0.00210387
483 0.0285819 0.0213585 0.574439
484 0.00184391 0.0373484 0.00224655
485 0.0282391 0.0204158 0.575234
486 0.00184408 0.0362813 0.00246135
487 0.0278616 0.0194872 0.576035
488 0.00184425 0.0352142 0.00275826
489 0.0274465 0.0185801 0.576321
490 0.00184441 0.0341471 0.00315032
491 0.0270006 0.0176922 0.576954
492 0.00184458 0.03308 0.00365409
493 0.0265201 0.016834 0.577168
494 0.00184475 0.0320129 0.00429033
495 0.0260088 0.0159917 0.57809
496 0.00184491 0.0309459 0.00508476
497 0.0254684 0.015178 0.579198
498 0.00184508 0.0298788 0.00606905
499 0.0248802 0.0143849 0.579519
500 0.00184525 0.0288117 0.00728195
501 0.0242484 0.0136242 0.578899
502 0.00184542 0.0277446 0.00877073
503 0.0235843 0.0129122 0.577265
504 0.00184558 0.0266775 0.0105928
505 0.0228849 0.0122236 0.575738
506 0.00184575 0.0256104 0.0128176
507 0.0221537 0.0115531 0.575002
508 0.00184592 0.0245433 0.015529
509 0.0213937 0.0109158 0.574229
510 0.00184608 0.0234762 0.0188278
511 0.0206178 0.0103129 0.573894
512 0.00184625 0.0224091 0.0228347
513 0.0198089 0.00975008 0.57222
514 0.00184642 0.0213421 0.0276933
515 0.0189525 0.00919657 0.57062
516 0.00184658 0.020275 0.0335741
517 0.0180707 0.00865071 0.570345
518 0.00184675 0.0192079 0.0406779
519 0.0171947 0.00814395 0.570328
520 0.00184692 0.0181408 0.0492395
521 0.016314 0.00765388 0.571602
522 0.00184708 0.0170737 0.0595308
523 0.0154259 0.00721587 0.570998
524 0.00184725 0.0160066 0.0718643
525 0.0144942 0.00679474 0.56937
526 0.00184742 0.0149395 0.0865944
527 0.0135411 0.00638741 0.567646
528 0.00184758 0.0138724 0.104118
529 0.0125529 0.00597369 0.567265
530 0.00184775 0.0128054 0.124873
531 0.0115646 0.00555991 0.568854
532 0.00184792 0.0117383 0.149333
533 0.0106071 0.00517754 0.570437
534 0.00184808 0.0106712 0.178003
535 0.00965035 0.00481156 0.572306
536 0.00184825 0.00960409 0.21141
537 0.0086848 0.00448511 0.572484
538 0.00184842 0.008537 0.250086
539 0.00769814 0.00417633 0.572171
540 0.00187233 0.0074444 0.295759
541 0.00667141 0.00389417 0.569914
542 0.00188402 0.00636121 0.347561
543 0.00562444 0.00361235 0.568544
544 0.00187876 0.00527598 0.406415
545 0.0046008 0.0033036 0.571685
546 0.00186503 0.00415714 0.474787
547 0.00362161 0.00296704 0.580007
548 0.00185795 0.00297586 0.555828
549 0.0130371 0.0751532 0.513291
550 0.0123056 0.0757864 0.511333
551 0.0115696 0.0763467 0.509505
552 0.0107865 0.0768798 0.50792
553 0.0199691 0.0317412 0.0519813
554 0.00997638 0.0773935 0.507781
555 0.0163593 0.0309355 0.024195
556 0.0091251 0.0778689 0.507152
557 0.014513 0.0734486 0.512536
558 0.00826105 0.078313 0.507309
559 0.0151242 0.0727898 0.524395
560 0.00739197 0.0787216 0.507898
561 0.0153499 0.0719171 0.50118
562 0.00649246 0.0790863 0.507163
563 0.0156519 0.0710841 0.489422
564 0.00555163 0.0794223 0.50586
565 0.0159572 0.0701923 0.479078
566 0.00460743 0.0797802 0.508621
567 0.016231 0.0692628 0.46791
568 0.00368525 0.0801946 0.518492
569 0.0164808 0.0682958 0.456178
570 0.0167134 0.0673039 0.444414
571 0.0169388 0.0662817 0.432837
572 0.01718 0.0652212 0.422914
573 0.017415 0.0641304 0.412276
574 0.0176906 0.0630313 0.405574
575 0.0179951 0.0619397 0.401691
576 0.0183067 0.06085 0.397877
577 0.0186572 0.0597699 0.397089
578 0.00277833 0.0796267 0.467146
579 0.0190516 0.058696 0.399485
580 0.00279357 0.0784988 0.401003
581 0.019451 0.0576281 0.400889
582 0.00281386 0.0774038 0.344158
583 0.0198821 0.0565806 0.404313
584 0.00279672 0.0763117 0.293909
585 0.0203342 0.0555614 0.409078
586 0.00276362 0.0752302 0.250308
587 0.0208022 0.0545423 0.413615
588 0.00276378 0.0741631 0.213061
589 0.0212768 0.0535316 0.417378
590 0.00276395 0.073096 0.180788
591 0.0217898 0.0525454 0.424378
592 0.00276412 0.0720289 0.152984
593 0.0222622 0.0515783 0.427128
594 0.00276428 0.0709618 0.129155
595 0.0227635 0.0505919 0.430836
596 0.00276445 0.0698947 0.10883
597 0.0232677 0.0496397 0.435718
598 0.00276462 0.0688276 0.0915675
599 0.0237658 0.0486934 0.439986
600 0.00276479 0.0677606 0.0769586
601 0.024245 0.0477601 0.443157
602 0.00276495 0.0666935 0.0646346
603 0.0247212 0.0468051 0.445473
604 0.00276512 0.0656264 0.0542654
605 0.0251897 0.0458792 0.449071
606 0.00276529 0.0645593 0.0455598
607 0.0256453 0.044955 0.452554
608 0.00276545 0.0634922 0.038263
609 0.0260792 0.0440043 0.454275
610 0.00276562 0.0624251 0.0321548
611 0.0264957 0.0430708 0.456729
612 0.00276579 0.061358 0.0270459
613 0.0268804 0.0421445 0.458368
614 0.00276595 0.0602909 0.0227751
615 0.0272571 0.0412095 0.461081
616 0.00276612 0.0592239 0.0192055
617 0.0275985 0.040272 0.462752
618 0.00276629 0.0581568 0.0162219
619 0.027915 0.0393343 0.464641
620 0.00276645 0.0570897 0.0137274
621 0.0282012 0.0383932 0.466297
622 0.00276662 0.0560226 0.0116409
623 0.0284581 0.0374472 0.46791
624 0.00276679 0.0549555 0.00989494
625 0.028682 0.0364987 0.469334
626 0.00276695 0.0538884 0.00843324
627 0.0288715 0.0355491 0.470544
628 0.00276712 0.0528213 0.0072092
629 0.0290273 0.0345938 0.471595
630 0.00276729 0.0517542 0.00618428
631 0.0291418 0.0336344 0.471841
632 0.00276746 0.0506871 0.0053267
633 0.0292268 0.0326724 0.472531
634 0.00276762 0.0496201 0.00461037
635 0.0292696 0.031708 0.472427
636 0.00276779 0.048553 0.00401398
637 0.0292817 0.0307407 0.472721
638 0.00276796 0.0474859 0.00352024
639 0.0292546 0.0297733 0.472549
640 0.00276812 0.0464188 0.00311531
641 0.0291938 0.0288046 0.472511
642 0.00276829 0.0453517 0.00278828
643 0.0291038 0.0278376 0.473027
644 0.00276846 0.0442846 0.00253084
645 0.0289757 0.0268707 0.473232
646 0.00276862 0.0432175 0.00233694
647 0.0288135 0.0259083 0.473478
648 0.00276879 0.0421504 0.00220263
649 0.0286214 0.0249509 0.474173
650 0.00276896 0.0410833 0.00212593
651 0.0283987 0.0239974 0.475296
652 0.00276912 0.0400163 0.00210676
653 0.0281402 0.0230561 0.476199
654 0.00276929 0.0389492 0.00214703
655 0.0278511 0.0221269 0.477356
656 0.00276946 0.0378821 0.00225067
657 0.027534 0.0212074 0.47915
658 0.00276962 0.036815 0.00242385
659 0.0271851 0.0203042 0.481075
660 0.00276979 0.0357479 0.00267522
661 0.0268027 0.0194216 0.482834
662 0.00276996 0.0346808 0.0030163
663 0.0263889 0.0185555 0.484839
664 0.00277012 0.0336137 0.0034619
665 0.0259376 0.0177189 0.486122
666 0.00277029 0.0325466 0.00403072
667 0.0254641 0.0169017 0.488356
668 0.00277046 0.0314795 0.00474608
669 0.0249687 0.0161088 0.491273
670 0.00277063 0.0304125 0.0056368
671 0.0244643 0.0153533 0.49516
672 0.00277079 0.0293454 0.00673829
673 0.0238713 0.0145693 0.497759
674 0.00277096 0.0282783 0.00809381
675 0.0232286 0.0139034 0.494424
676 0.00277113 0.0272112 0.00975604
677 0.0225746 0.0132364 0.49385
678 0.00277129 0.0261441 0.0117889
679 0.0218929 0.0125772 0.49464
680 0.00277146 0.025077 0.0142697
681 0.0211721 0.0119456 0.4949
682 0.00277163 0.0240099 0.0172914
683 0.0204283 0.0113553 0.494567
684 0.00277179 0.0229428 0.0209661
685 0.019668 0.0107986 0.494137
686 0.00277196 0.0218758 0.0254271
687 0.0188703 0.0102539 0.493926
688 0.00277213 0.0208087 0.0308335
689 0.0180267 0.00972022 0.493671
690 0.00277229 0.0197416 0.0373732
691 0.017168 0.00920918 0.493863
692 0.00277246 0.0186745 0.0452669
693 0.0163083 0.00872289 0.494762
694 0.00277263 0.0176074 0.0547718
695 0.015452 0.00827049 0.495584
696 0.00277279 0.0165403 0.0661851
697 0.0145743 0.00785374 0.494996
698 0.00277296 0.0154732 0.0798462
699 0.0136459 0.00744199 0.494054
700 0.00277313 0.0144061 0.0961381
701 0.0126887 0.00703641 0.493546
702 0.0027733 0.013339 0.115487
703 0.0117004 0.0066227 0.494448
704 0.00277346 0.012272 0.138361
705 0.0107465 0.00624351 0.495422
706 0.00277363 0.0112049 0.165263
707 0.00979704 0.00587398 0.497241
708 0.0027738 0.0101378 0.196724
709 0.00885909 0.00553517 0.498597
710 0.00277396 0.00907069 0.23329
711 0.00790944 0.00522032 0.499326
712 0.00280483 0.00796606 0.277263
713 0.00692188 0.00491837 0.499503
714 0.00283791 0.00687 0.327586
715 0.00584549 0.00467971 0.494593
716 0.00285489 0.00576511 0.385556
717 0.00477726 0.00440277 0.494587
718 0.00282647 0.00467634 0.449941
719 0.00374562 0.00402823 0.504286
720 0.00276233 0.00362706 0.51906
721 0.00274463 0.00266139 0.590022
722 0.012081 0.0747425 0.443115
723 0.012776 0.074069 0.442382
724 0.0113697 0.0752984 0.441073
725 0.0106496 0.0758289 0.440889
726 0.00989062 0.0763446 0.441708
727 0.0134264 0.0732789 0.43834
728 0.00908983 0.0768315 0.442456
729 0.00825916 0.0772643 0.441957
730 0.0141801 0.0723132 0.438039
731 0.00742651 0.0776639 0.442125
732 0.00659544 0.0780604 0.444598
733 0.0145734 0.0712659 0.419638
734 0.00565409 0.078372 0.441317
735 0.0149049 0.07036 0.406755
736 0.00469521 0.0786711 0.439572
737 0.0151945 0.0694727 0.394848
738 0.00372405 0.0791044 0.448817
739 0.0154505 0.0685448 0.381919
740 0.0156893 0.0675913 0.369341
741 0.0159189 0.0665803 0.35643
742 0.0161398 0.0655161 0.343091
743 0.0163708 0.0644454 0.33175
744 0.0166272 0.0633344 0.322208
745 0.0169163 0.0622251 0.315779
746 0.017226 0.061108 0.310888
747 0.0175505 0.0600029 0.307135
748 0.0179442 0.058911 0.308566
749 0.0183462 0.057814 0.309788
750 0.00378742 0.0779916 0.385934
751 0.0187595 0.0567506 0.311605
752 0.0037911 0.0768666 0.329039
753 0.0192224 0.0556947 0.316466
754 0.00372356 0.0757605 0.279489
755 0.019704 0.0546618 0.322254
756 0.00368933 0.0746968 0.238289
757 0.0201727 0.0536295 0.325741
758 0.0036895 0.0736297 0.202669
759 0.0206812 0.0526274 0.33204
760 0.00368966 0.0725626 0.171866
761 0.0211755 0.0516405 0.336816
762 0.00368983 0.0714955 0.145402
763 0.0216751 0.0506581 0.341225
764 0.00369 0.0704284 0.122771
765 0.0221928 0.0496801 0.346511
766 0.00369016 0.0693613 0.103501
767 0.0226967 0.0487348 0.351519
768 0.00369033 0.0682942 0.087155
769 0.0231903 0.0478083 0.356238
770 0.0036905 0.0672272 0.0733344
771 0.0236548 0.0468695 0.35838
772 0.00369066 0.0661601 0.0616818
773 0.0241309 0.0459355 0.362006
774 0.00369083 0.065093 0.0518795
775 0.0245861 0.0450146 0.365146
776 0.003691 0.0640259 0.0436486
777 0.0250192 0.044096 0.367556
778 0.00369116 0.0629588 0.0367465
779 0.0254309 0.0431716 0.369263
780 0.00369133 0.0618917 0.030964
781 0.025825 0.0422504 0.371126
782 0.0036915 0.0608246 0.0261221
783 0.0262022 0.041332 0.37335
784 0.00369166 0.0597575 0.0220685
785 0.0265517 0.0404184 0.37537
786 0.00369183 0.0586905 0.0186745
787 0.026872 0.0395056 0.377071
788 0.003692 0.0576234 0.0158319
789 0.0271666 0.0385921 0.378837
790 0.00369216 0.0565563 0.0134498
791 0.0274262 0.0376777 0.380044
792 0.00369233 0.0554892 0.0114523
793 0.0276573 0.0367594 0.381265
794 0.0036925 0.0544221 0.00977617
795 0.0278577 0.0358429 0.382519
796 0.00369267 0.053355 0.00836893
797 0.0280256 0.0349228 0.383631
798 0.00369283 0.0522879 0.00718705
799 0.0281536 0.0339993 0.38405
800 0.003693 0.0512208 0.00619456
801 0.0282519 0.0330734 0.384706
802 0.00369317 0.0501537 0.00536185
803 0.0283105 0.0321451 0.38479
804 0.00369333 0.0490867 0.00466462
805 0.0283392 0.0312135 0.385188
806 0.0036935 0.0480196 0.00408311
807 0.0283285 0.0302798 0.385122
808 0.00369367 0.0469525 0.00360131
809 0.0282861 0.0293462 0.385273
810 0.00369383 0.0458854 0.00320649
811 0.0282147 0.0284113 0.385894
812 0.003694 0.0448183 0.00288872
813 0.0281142 0.0274781 0.386984
814 0.00369417 0.0437512 0.00264054
815 0.0279747 0.0265438 0.38776
816 0.00369433 0.0426841 0.00245673
817 0.0278035 0.0256132 0.388806
818 0.0036945 0.041617 0.00233412
819 0.0275993 0.0246901 0.389976
820 0.00369467 0.0405499 0.00227154
821 0.0273666 0.0237734 0.391672
822 0.00369483 0.0394829 0.00226977
823 0.0271039 0.0228677 0.393695
824 0.003695 0.0384158 0.00233164
825 0.0268107 0.0219746 0.395975
826 0.00369517 0.0373487 0.00246216
827 0.026489 0.0210957 0.398642
828 0.00369534 0.0362816 0.00266874
829 0.0261407 0.0202346 0.401733
830 0.0036955 0.0352145 0.0029615
831 0.0257571 0.0193948 0.404493
832 0.00369567 0.0341474 0.0033537
833 0.0253329 0.0185773 0.406526
834 0.00369584 0.0330803 0.00386226
835 0.0248822 0.0177837 0.408886
836 0.003696 0.0320132 0.00450843
837 0.02442 0.0170073 0.412706
838 0.00369617 0.0309461 0.0053186
839 0.0239205 0.0162629 0.415739
840 0.00369634 0.0298791 0.00632532
841 0.0235614 0.0154352 0.434047
842 0.0036965 0.028812 0.00756849
843 0.0228422 0.0148772 0.420453
844 0.00369667 0.0277449 0.00909681
845 0.0222257 0.0142306 0.420479
846 0.00369684 0.0266778 0.0109695
847 0.0215854 0.0135917 0.421732
848 0.003697 0.0256107 0.0132583
849 0.0209366 0.012948 0.425553
850 0.00369717 0.0245436 0.0160499
851 0.0202058 0.0123719 0.424341
852 0.00369734 0.0234765 0.0194486
853 0.0194837 0.0118412 0.42348
854 0.0036975 0.0224094 0.0235793
855 0.0187323 0.0113033 0.424147
856 0.00369767 0.0213424 0.0285911
857 0.0179383 0.0107736 0.424935
858 0.00369784 0.0202753 0.0346609
859 0.0171194 0.0102662 0.425674
860 0.003698 0.0192082 0.0419972
861 0.0162819 0.00978847 0.426066
862 0.00369817 0.0181411 0.0508441
863 0.0154447 0.00933457 0.426905
864 0.00369834 0.017074 0.061485
865 0.0145989 0.00890973 0.427332
866 0.00369851 0.0160069 0.0742455
867 0.0137169 0.00850257 0.427081
868 0.00369867 0.0149398 0.0894959
869 0.0127838 0.00809092 0.42721
870 0.00369884 0.0138727 0.107651
871 0.0118363 0.00768545 0.428105
872 0.00369901 0.0128056 0.129172
873 0.0108771 0.00730079 0.428856
874 0.00369917 0.0117386 0.154559
875 0.0099278 0.00692911 0.43034
876 0.00369934 0.0106715 0.184344
877 0.00900098 0.0065951 0.431224
878 0.00369951 0.00960438 0.219097
879 0.00808516 0.00627621 0.43259
880 0.00372565 0.00849139 0.261405
881 0.0071572 0.00595541 0.434943
882 0.00376614 0.00737209 0.310862
883 0.00617824 0.00564603 0.436806
884 0.00384148 0.00624062 0.368861
885 0.00497408 0.00558628 0.420728
886 0.00384823 0.00512738 0.433625
887 0.011127 0.0742737 0.379792
888 0.0118397 0.0738235 0.387735
889 0.0104476 0.0747839 0.379412
890 0.00974182 0.0753002 0.381178
891 0.00903508 0.0758117 0.38528
892 0.0129231 0.0722312 0.366705
893 0.00823764 0.0762599 0.385727
894 0.00741449 0.0766019 0.382261
895 0.0134683 0.0713859 0.360683
896 0.00662272 0.0770027 0.385068
897 0.00588167 0.0774782 0.395071
898 0.0138658 0.070488 0.34892
899 0.00486781 0.0774704 0.374798
900 0.0141445 0.069627 0.33481
901 0.0144129 0.0687531 0.322196
902 0.014664 0.0678319 0.309433
903 0.0148977 0.0668531 0.296142
904 0.0151117 0.0658367 0.282606
905 0.0153222 0.064751 0.268813
906 0.0155545 0.0636543 0.257474
907 0.0158326 0.0625304 0.249333
908 0.016139 0.0613985 0.243428
909 0.0164282 0.0602475 0.2364
910 0.0167994 0.0591414 0.235158
911 0.0172603 0.0580225 0.239198
912 0.0176067 0.0568831 0.23509
913 0.0180599 0.055829 0.23862
914 0.00471079 0.0762327 0.312163
915 0.018591 0.0547648 0.246641
916 0.00461191 0.0751854 0.266672
917 0.0190716 0.0537093 0.2505
918 0.00458154 0.0741411 0.227896
919 0.0195443 0.0527022 0.254137
920 0.00461366 0.0731085 0.19503
921 0.0200727 0.0517127 0.261115
922 0.00461537 0.0720292 0.16514
923 0.0205868 0.0507195 0.266391
924 0.00461554 0.0709621 0.139807
925 0.0211014 0.0497347 0.271279
926 0.00461571 0.069895 0.118167
927 0.021626 0.0487711 0.27699
928 0.00461587 0.0688279 0.0997563
929 0.0221122 0.0478497 0.281237
930 0.00461604 0.0677609 0.0841454
931 0.0225935 0.0469204 0.284941
932 0.00461621 0.0666938 0.0709477
933 0.0230714 0.0459836 0.28834
934 0.00461637 0.0656267 0.0598177
935 0.0235313 0.045061 0.291397
936 0.00461654 0.0645596 0.0504498
937 0.0239614 0.0441603 0.293769
938 0.00461671 0.0634925 0.0425764
939 0.0243773 0.0432539 0.295886
940 0.00461687 0.0624254 0.0359656
941 0.0247719 0.0423445 0.297522
942 0.00461704 0.0613583 0.0304177
943 0.0251468 0.0414408 0.29924
944 0.00461721 0.0602912 0.0257627
945 0.0255043 0.0405411 0.301288
946 0.00461738 0.0592241 0.0218564
947 0.025828 0.0396499 0.30283
948 0.00461754 0.0581571 0.0185768
949 0.0261261 0.038764 0.304435
950 0.00461771 0.05709 0.0158217
951 0.0263953 0.0378778 0.305862
952 0.00461788 0.0560229 0.0135053
953 0.02663 0.03699 0.306789
954 0.00461804 0.0549558 0.0115561
955 0.0268354 0.0361018 0.307695
956 0.00461821 0.0538887 0.00991432
957 0.0270153 0.0352172 0.308952
958 0.00461838 0.0528216 0.00853058
959 0.0271595 0.034329 0.30982
960 0.00461854 0.0517545 0.00736386
961 0.0272675 0.0334391 0.310326
962 0.00461871 0.0506874 0.00638031
963 0.0273404 0.0325473 0.310581
964 0.00461888 0.0496203 0.00555206
965 0.027384 0.0316529 0.311049
966 0.00461904 0.0485533 0.0048563
967 0.0273903 0.0307541 0.311209
968 0.00461921 0.0474862 0.00427447
969 0.0273647 0.0298536 0.311493
970 0.00461938 0.0464191 0.00379162
971 0.0273105 0.0289515 0.312173
972 0.00461954 0.045352 0.00339592
973 0.0272288 0.0280493 0.313355
974 0.00461971 0.0442849 0.00307824
975 0.0271177 0.0271503 0.314881
976 0.00461988 0.0432178 0.00283187
977 0.0269693 0.0262495 0.316289
978 0.00462004 0.0421507 0.00265231
979 0.0267873 0.0253524 0.317814
980 0.00462021 0.0410836 0.00253713
981 0.0265723 0.0244645 0.319463
982 0.00462038 0.0400165 0.00248593
983 0.0263332 0.0235846 0.321841
984 0.00462055 0.0389495 0.00250037
985 0.026067 0.0227149 0.324725
986 0.00462071 0.0378824 0.00258428
987 0.0257697 0.0218612 0.32769
988 0.00462088 0.0368153 0.00274386
989 0.0254463 0.0210258 0.331011
990 0.00462105 0.0357482 0.0029879
991 0.0251135 0.0202015 0.335933
992 0.00462121 0.0346811 0.00332823
993 0.0247193 0.0194087 0.338461
994 0.00462138 0.033614 0.00378014
995 0.02427 0.0186566 0.339099
996 0.00462155 0.0325469 0.00436304
997 0.0238156 0.0178735 0.343028
998 0.00462171 0.0314798 0.00510119
999 0.0233215 0.0170575 0.34875
1000 0.00462188 0.0304127 0.00602464
1001 0.00277837 0.0807748 0.543001
1002 0.00462205 0.0293457 0.00717039
1003 0.0164015 0.0351348 0.0227237
1004 0.00462221 0.0282786 0.00858368
1005 0.0219331 0.0152961 0.355825
1006 0.00462238 0.0272115 0.0103197
1007 0.021243 0.0146066 0.356365
1008 0.00462255 0.0261444 0.0124455
1009 0.0206109 0.0139462 0.360702
1010 0.00462271 0.0250773 0.0150421
1011 0.0200706 0.0132526 0.372861
1012 0.00462288 0.0240102 0.0182074
1013 0.0192672 0.0128721 0.360708
1014 0.00462305 0.0229431 0.0220588
1015 0.0185665 0.0123598 0.361375
1016 0.00462321 0.021876 0.0267368
1017 0.0178245 0.0118215 0.363791
1018 0.00462338 0.020809 0.0324086
1019 0.0170406 0.0113079 0.365375
1020 0.00462355 0.0197419 0.0392719
1021 0.0162286 0.0108333 0.36577
1022 0.00462372 0.0186748 0.0475591
1023 0.0154121 0.0103938 0.365852
1024 0.00462388 0.0176077 0.0575411
1025 0.0145922 0.00996953 0.366464
1026 0.00462405 0.0165406 0.0695306
1027 0.0137579 0.00955645 0.367403
1028 0.00462422 0.0154735 0.0838853
1029 0.0128731 0.00914983 0.368026
1030 0.00462438 0.0144064 0.101009
1031 0.0119436 0.00873986 0.369119
1032 0.00462455 0.0133393 0.121351
1033 0.0110011 0.00835448 0.369859
1034 0.00462472 0.0122722 0.145412
1035 0.0100532 0.00798954 0.370575
1036 0.00462488 0.0112052 0.173731
1037 0.00911759 0.00765444 0.37102
1038 0.00463632 0.0101149 0.20772
1039 0.00820674 0.00735237 0.371169
1040 0.00464591 0.00901052 0.247903
1041 0.00733344 0.00702744 0.374286
1042 0.00466714 0.0079085 0.294605
1043 0.0064571 0.00668237 0.379489
1044 0.00472832 0.00674993 0.351887
1045 0.00558661 0.00639367 0.382779
1046 0.0111166 0.0731222 0.328523
1047 0.0102638 0.0737281 0.325534
1048 0.00951852 0.0742591 0.325789
1049 0.00885665 0.0747768 0.330414
1050 0.00826348 0.075367 0.342412
1051 0.0123287 0.0712538 0.303535
1052 0.00741197 0.0755299 0.329195
1053 0.00653867 0.0759055 0.328381
1054 0.0129404 0.0705831 0.306958
1055 0.00567714 0.076544 0.342499
1056 0.0131028 0.0697319 0.286398
1057 0.0133606 0.0689147 0.273489
1058 0.0136289 0.0680518 0.261803
1059 0.0138755 0.0671224 0.249312
1060 0.0140942 0.06612 0.235622
1061 0.0142869 0.0650828 0.221693
1062 0.0144641 0.0639713 0.207121
1063 0.0147229 0.0628502 0.197606
1064 0.0150538 0.0617132 0.192304
1065 0.0153452 0.0605675 0.185643
1066 0.0155431 0.0593271 0.17344
1067 0.0161463 0.058223 0.182825
1068 0.0165361 0.0571216 0.182116
1069 0.0167311 0.0558771 0.169179
1070 0.0175095 0.0548461 0.188147
1071 0.0179608 0.0538022 0.190369
1072 0.0053867 0.0746109 0.254927
1073 0.0183719 0.0527715 0.190161
1074 0.00555272 0.0737026 0.224473
1075 0.0189254 0.0517676 0.197316
1076 0.00552972 0.0726031 0.189896
1077 0.0194898 0.0507818 0.204966
1078 0.00552819 0.0715054 0.160535
1079 0.0200054 0.0497876 0.20941
1080 0.00554125 0.0704287 0.136036
1081 0.0205288 0.0488198 0.214519
1082 0.00554142 0.0693616 0.115208
1083 0.0210349 0.0478864 0.21931
1084 0.00554158 0.0682945 0.097482
1085 0.0215268 0.0469633 0.223491
1086 0.00554175 0.0672275 0.0824462
1087 0.0220016 0.0460444 0.226926
1088 0.00554192 0.0661604 0.069725
1089 0.0224599 0.0451227 0.229634
1090 0.00554208 0.0650933 0.0589865
1091 0.022905 0.0442129 0.232306
1092 0.00554225 0.0640262 0.0499363
1093 0.023327 0.0433164 0.234599
1094 0.00554242 0.0629591 0.0423161
1095 0.0237196 0.0424262 0.236164
1096 0.00554259 0.061892 0.0359029
1097 0.0240939 0.0415362 0.237614
1098 0.00554275 0.0608249 0.0305063
1099 0.0244455 0.0406527 0.238996
1100 0.00554292 0.0597578 0.0259642
1101 0.0247797 0.0397734 0.240684
1102 0.00554309 0.0586907 0.0221395
1103 0.0250821 0.0389078 0.242134
1104 0.00554325 0.0576237 0.0189165
1105 0.0253607 0.0380507 0.243766
1106 0.00554342 0.0565566 0.0161977
1107 0.025604 0.0371921 0.244862
1108 0.00554359 0.0554895 0.0139019
1109 0.0258085 0.0363282 0.245214
1110 0.00554375 0.0544224 0.0119611
1111 0.0259905 0.0354732 0.246014
1112 0.00554392 0.0533553 0.0103186
1113 0.0261636 0.0346256 0.248059
1114 0.00554409 0.0522882 0.00892742
1115 0.0262816 0.0337684 0.248588
1116 0.00554425 0.0512211 0.00774872
1117 0.0263613 0.0329142 0.248627
1118 0.00554442 0.050154 0.00675031
1119 0.0264223 0.0320565 0.249405
1120 0.00554459 0.0490869 0.00590576
1121 0.0264449 0.0311944 0.249774
1122 0.00554475 0.0480199 0.00519342
1123 0.0264304 0.0303296 0.249901
1124 0.00554492 0.0469528 0.0045957
1125 0.0263946 0.0294591 0.250751
1126 0.00554509 0.0458857 0.00409849
1127 0.0263291 0.0285872 0.251873
1128 0.00554526 0.0448186 0.00369067
1129 0.0262366 0.0277186 0.253424
1130 0.00554542 0.0437515 0.00336377
1131 0.0261219 0.0268565 0.255664
1132 0.00554559 0.0426844 0.00311172
1133 0.0259657 0.0259864 0.257588
1134 0.00554576 0.0416173 0.00293067
1135 0.0257621 0.0251287 0.258816
1136 0.00554592 0.0405502 0.00281886
1137 0.0255401 0.024275 0.261032
1138 0.00554609 0.0394831 0.0027767
1139 0.0252971 0.0234282 0.26407
1140 0.00554626 0.0384161 0.00280677
1141 0.0250412 0.0225937 0.26828
1142 0.00554642 0.037349 0.00291397
1143 0.0247282 0.0217803 0.270943
1144 0.00554659 0.0362819 0.00310581
1145 0.0244005 0.0209891 0.274503
1146 0.00554676 0.0352148 0.00339271
1147 0.024219 0.0201655 0.288456
1148 0.00554692 0.0341477 0.00378844
1149 0.023645 0.0195473 0.278509
1150 0.00554709 0.0330806 0.0043107
1151 0.0232242 0.0187803 0.28281
1152 0.00554726 0.0320135 0.00498182
1153 0.0227636 0.0179862 0.288433
1154 0.00554742 0.0309464 0.00582962
1155 0.0222613 0.0171593 0.295741
1156 0.00554759 0.0298793 0.00688851
1157 0.0216357 0.0163545 0.299762
1158 0.00554776 0.0288123 0.00820072
1159 0.00554792 0.0277452 0.0098179
1160 0.0208953 0.015621 0.299551
1161 0.00554809 0.0266781 0.0118029
1162 0.0201841 0.0149012 0.302575
1163 0.00554826 0.025611 0.014232
1164 0.0130417 0.0621055 0.125874
1165 0.00554843 0.0245439 0.0171973
1166 0.0109842 0.015731 0.112892
1167 0.00554859 0.0234768 0.0208097
1168 0.0184411 0.0134404 0.306945
1169 0.00554876 0.0224097 0.0252021
1170 0.0176705 0.0128817 0.308546
1171 0.00554893 0.0213426 0.0305331
1172 0.0169442 0.0123361 0.312628
1173 0.00554909 0.0202756 0.0369907
1174 0.0161632 0.0118629 0.31324
1175 0.00554926 0.0192085 0.0447968
1176 0.0153647 0.0114478 0.312191
1177 0.00554943 0.0181414 0.0542106
1178 0.014566 0.0110299 0.312579
1179 0.00554959 0.0170743 0.0655332
1180 0.0137591 0.0106191 0.313613
1181 0.00554976 0.0160072 0.0791101
1182 0.0129167 0.0102062 0.315068
1183 0.00554993 0.0149401 0.095334
1184 0.0120266 0.0098002 0.316324
1185 0.00555009 0.013873 0.114644
1186 0.011112 0.0094003 0.317937
1187 0.00556393 0.0127912 0.137946
1188 0.0101822 0.00903608 0.318641
1189 0.00558116 0.0117066 0.16559
1190 0.00924128 0.00871284 0.318155
1191 0.00559161 0.0106029 0.198691
1192 0.00831297 0.00843491 0.316649
1193 0.00558193 0.0095101 0.236913
1194 0.00738766 0.00813559 0.317295
1195 0.0055761 0.0084254 0.281003
1196 0.006486 0.00777443 0.322326
1197 0.00559998 0.0073741 0.330571
1198 0.0117339 0.0721134 0.311636
1199 0.00562103 0.0754826 0.293145
1200 0.0100393 0.0727041 0.278256
1201 0.0092902 0.0732843 0.279801
1202 0.00849898 0.073865 0.283011
1203 0.00775366 0.0745041 0.292114
1204 0.0119833 0.0701013 0.252964
1205 0.0064917 0.074565 0.269596
1206 0.0122815 0.0691022 0.235255
1207 0.0125828 0.0682381 0.22364
1208 0.0128462 0.0673433 0.211783
1209 0.0130875 0.0664196 0.200228
1210 0.0132841 0.0654238 0.187152
1211 0.0134223 0.0643485 0.172023
1212 0.0135004 0.0631565 0.154465
1213 0.0139779 0.0619922 0.153424
1214 0.0142588 0.0609221 0.147442
1215 0.0144667 0.0598977 0.140292
1216 0.0150206 0.0581658 0.135811
1217 0.0155863 0.0573986 0.146411
1218 0.01562 0.0564319 0.134025
1219 0.0163738 0.0547189 0.137462
1220 0.0170143 0.05399 0.151772
1221 0.0171044 0.0528856 0.137916
1222 0.0177517 0.0518064 0.146206
1223 0.00643668 0.0732129 0.220536
1224 0.0183479 0.0508137 0.153698
1225 0.00642492 0.07205 0.18526
1226 0.0188897 0.0498318 0.158996
1227 0.00644267 0.0709512 0.157129
1228 0.0194219 0.0488583 0.163669
1229 0.0064571 0.0698851 0.133733
1230 0.019934 0.0479189 0.168042
1231 0.00646713 0.0688282 0.113861
1232 0.0204468 0.047 0.172777
1233 0.0064673 0.0677611 0.0966678
1234 0.0209383 0.0460799 0.176575
1235 0.00646746 0.0666941 0.0820514
1236 0.0214006 0.0451705 0.179415
1237 0.00646763 0.065627 0.0696691
1238 0.0218459 0.0442603 0.181752
1239 0.0064678 0.0645599 0.059205
1240 0.022273 0.0433681 0.183995
1241 0.00646796 0.0634928 0.0503664
1242 0.0226715 0.0424906 0.185754
1243 0.00646813 0.0624257 0.0428999
1244 0.0230427 0.0416176 0.187002
1245 0.0064683 0.0613586 0.0365927
1246 0.0233976 0.0407466 0.188311
1247 0.00646846 0.0602915 0.0312645
1248 0.0237291 0.0398814 0.18953
1249 0.00646863 0.0592244 0.0267615
1250 0.0240346 0.039027 0.190719
1251 0.0064688 0.0581573 0.0229527
1252 0.0243148 0.038193 0.192098
1253 0.00646896 0.0570903 0.0197272
1254 0.0245885 0.0373705 0.194429
1255 0.00646913 0.0560232 0.0169921
1256 0.0247956 0.0365298 0.194682
1257 0.0064693 0.0549561 0.0146699
1258 0.0249615 0.0356883 0.1942
1259 0.00646946 0.053889 0.0126956
1260 0.0251318 0.0348663 0.195503
1261 0.00646963 0.0528219 0.0110151
1262 0.0254516 0.0340865 0.205923
1263 0.0064698 0.0517548 0.00958345
1264 0.0253764 0.0332553 0.197735
1265 0.00646996 0.0506877 0.0083635
1266 0.0254518 0.0324176 0.198579
1267 0.00647013 0.0496206 0.00732448
1268 0.0256673 0.0316076 0.208073
1269 0.0064703 0.0485535 0.00644106
1270 0.0254857 0.0307729 0.199244
1271 0.00647047 0.0474865 0.00569249
1272 0.02547 0.0299371 0.200264
1273 0.00647063 0.0464194 0.00506192
1274 0.025423 0.0290936 0.201492
1275 0.0064708 0.0453523 0.00453585
1276 0.0253462 0.0282513 0.20294
1277 0.00647097 0.0442852 0.00410373
1278 0.025237 0.0274105 0.204564
1279 0.00647113 0.0432181 0.00375759
1280 0.0252886 0.0265543 0.215762
1281 0.0064713 0.042151 0.00349188
1282 0.0249421 0.025768 0.20873
1283 0.00647147 0.0410839 0.00330333
1284 0.0247335 0.0249417 0.210527
1285 0.00647163 0.0400168 0.00319087
1286 0.0245132 0.0241124 0.213639
1287 0.0064718 0.0389497 0.00315567
1288 0.0242599 0.023298 0.21684
1289 0.00647197 0.0378827 0.00320129
1290 0.0241595 0.02245 0.229252
1291 0.00647213 0.0368156 0.00333385
1292 0.0236643 0.0217158 0.223587
1293 0.0064723 0.0357485 0.00356235
1294 0.0246053 0.0315841 0.160426
1295 0.00647247 0.0346814 0.00389905
1296 0.0145169 0.0405437 0.0191668
1297 0.00647263 0.0336143 0.00436001
1298 0.0226868 0.0197301 0.233051
1299 0.0064728 0.0325472 0.00496574
1300 0.0222014 0.0189257 0.236969
1301 0.00647297 0.0314801 0.00574203
1302 0.0217443 0.0181245 0.24399
1303 0.00647313 0.030413 0.00672092
1304 0.0212007 0.017353 0.248947
1305 0.0064733 0.0293459 0.00794194
1306 0.0205412 0.0166409 0.250288
1307 0.00647347 0.0282789 0.00945357
1308 0.00647364 0.0272118 0.011315
1309 0.0198293 0.01592 0.252591
1310 0.0064738 0.0261447 0.0135981
1311 0.0190872 0.0151883 0.256565
1312 0.00647397 0.0250776 0.0163901
1313 0.00647414 0.0240105 0.0197959
1314 0.0182848 0.0145138 0.259021
1315 0.0064743 0.0229434 0.0239418
1316 0.0174667 0.0139223 0.260085
1317 0.00647447 0.0218763 0.0289786
1318 0.0167429 0.0133814 0.263173
1319 0.00647464 0.0208092 0.0350856
1320 0.0161442 0.0127681 0.27365
1321 0.0064748 0.0197422 0.042475
1322 0.0153187 0.0125443 0.263695
1323 0.00647497 0.0186751 0.0513954
1324 0.0145376 0.0120964 0.26535
1325 0.00647514 0.017608 0.0621365
1326 0.0137315 0.0116799 0.266243
1327 0.0064753 0.0165409 0.0750323
1328 0.0129021 0.0112687 0.267446
1329 0.00647547 0.0154738 0.0904635
1330 0.0120587 0.0108617 0.269171
1331 0.00647564 0.0144067 0.108864
1332 0.0111821 0.0104575 0.271184
1333 0.00649638 0.0133209 0.131235
1334 0.0102903 0.0100708 0.27316
1335 0.00651798 0.0122325 0.157835
1336 0.00938502 0.009723 0.274255
1337 0.00655921 0.0111025 0.190655
1338 0.00841157 0.00947912 0.270629
1339 0.00654571 0.0099711 0.229045
1340 0.0117823 0.0560441 0.0484804
1341 0.00650155 0.00886785 0.272327
1342 0.0108002 0.0721229 0.280069
1343 0.0111095 0.0710641 0.253517
1344 0.014483 0.0589667 0.128553
1345 0.0154956 0.055368 0.116109
1346 0.00915424 0.0722673 0.240327
1347 0.00828198 0.072905 0.242813
1348 0.00733244 0.0725243 0.212673
1349 0.0111911 0.0692137 0.203378
1350 0.0114905 0.06835 0.190934
1351 0.0117992 0.0675345 0.181673
1352 0.0120937 0.0666511 0.17211
1353 0.0122775 0.0657378 0.160153
1354 0.0124596 0.0647883 0.149001
1355 0.0124803 0.0637067 0.132573
1356 0.0123228 0.0626549 0.114104
1357 0.0131701 0.0611432 0.116841
1358 0.0133971 0.060179 0.111377
1359 0.0146157 0.0570618 0.109982
1360 0.0161249 0.0536155 0.115248
1361 0.0165647 0.0517118 0.10553
1362 0.0172136 0.0508027 0.11386
1363 0.0177941 0.0498547 0.119959
1364 0.00734788 0.0714374 0.181495
1365 0.0182699 0.0488911 0.122141
1366 0.0073615 0.0703847 0.155462
1367 0.0188127 0.0479374 0.126624
1368 0.00738114 0.0693448 0.133393
1369 0.0193525 0.0470143 0.131464
1370 0.00741244 0.0683004 0.114491
1371 0.0198631 0.0461111 0.135643
1372 0.00743994 0.0672498 0.0981373
1373 0.0203331 0.0452094 0.138526
1374 0.00743152 0.066179 0.0835899
1375 0.0207852 0.0443093 0.140946
1376 0.00740513 0.0651006 0.0710423
1377 0.0212101 0.0434204 0.142824
1378 0.00739351 0.0640265 0.060575
1379 0.0216179 0.0425419 0.144596
1380 0.00739367 0.0629594 0.0518369
1381 0.0219956 0.041681 0.145986
1382 0.00739384 0.0618923 0.0444149
1383 0.0223468 0.0408279 0.147069
1384 0.00739401 0.0608252 0.0381134
1385 0.02268 0.0399747 0.148136
1386 0.00739417 0.0597581 0.0327667
1387 0.0229861 0.039127 0.149013
1388 0.00739434 0.058691 0.0282267
1389 0.0232682 0.0382922 0.149968
1390 0.00739451 0.0576239 0.0243633
1391 0.0235324 0.0374981 0.151593
1392 0.00739467 0.0565569 0.0210708
1393 0.0239332 0.0367556 0.160029
1394 0.00739484 0.0554898 0.0182616
1395 0.0239474 0.035916 0.153276
1396 0.00739501 0.0544227 0.0158612
1397 0.024116 0.0349996 0.153201
1398 0.00739518 0.0533556 0.0138068
1399 0.0203115 0.0334178 0.0565577
1400 0.00739534 0.0522885 0.0120463
1401 0.0235237 0.0308471 0.123827
1402 0.00739551 0.0512214 0.0105367
1403 0.0244497 0.0327429 0.156071
1404 0.00739568 0.0501543 0.00924229
1405 0.0224099 0.0237664 0.144369
1406 0.00739584 0.0490872 0.00813334
1407 0.0020361 0.0824673 0.657121
1408 0.00739601 0.0480201 0.00718534
1409 0.0245524 0.0304837 0.159611
1410 0.00739618 0.0469531 0.00637818
1411 0.0245048 0.029566 0.160413
1412 0.00739634 0.045886 0.00569547
1413 0.0244589 0.0287424 0.16241
1414 0.00739651 0.0448189 0.00512412
1415 0.0243691 0.0278265 0.164711
1416 0.00739668 0.0437518 0.00465392
1417 0.00744339 0.00924662 0.267599
1418 0.00739684 0.0426847 0.0042773
1419 0.0138925 0.0744139 0.521905
1420 0.00739701 0.0416176 0.0039891
1421 0.0239428 0.0257122 0.168627
1422 0.00739718 0.0405505 0.00378655
1423 0.0237402 0.0247935 0.172784
1424 0.00739734 0.0394834 0.0036692
1425 0.0234815 0.0238779 0.176612
1426 0.00739751 0.0384163 0.00363905
1427 0.0243933 0.0339323 0.157847
1428 0.00739768 0.0373493 0.00370071
1429 0.0229132 0.0364833 0.121966
1430 0.00739784 0.0362822 0.00386165
1431 0.0226477 0.021722 0.185736
1432 0.00739801 0.0352151 0.00413257
1433 0.0221412 0.02074 0.189626
1434 0.00739818 0.034148 0.00452788
1435 0.00739835 0.0330809 0.00506631
1436 0.0216239 0.0198587 0.193471
1437 0.00739851 0.0320138 0.00577169
1438 0.0211478 0.0190536 0.198807
1439 0.00739868 0.0309467 0.00667388
1440 0.0208381 0.0182442 0.211114
1441 0.00739885 0.0298796 0.0078099
1442 0.0201627 0.0176997 0.20658
1443 0.00739901 0.0288126 0.00922536
1444 0.0194891 0.0169518 0.210008
1445 0.00739918 0.0277455 0.0109761
1446 0.00739935 0.0266784 0.0131302
1447 0.0187804 0.0162449 0.213228
1448 0.00739951 0.0256113 0.0157702
1449 0.0180289 0.0155696 0.216227
1450 0.00739968 0.0245442 0.0189959
1451 0.00739985 0.0234771 0.0229274
1452 0.0172353 0.0149439 0.218446
1453 0.00740001 0.02241 0.0277085
1454 0.0164398 0.0143504 0.221158
1455 0.00740018 0.0213429 0.0335108
1456 0.0155838 0.0136558 0.227438
1457 0.00740035 0.0202758 0.0405374
1458 0.00740051 0.0192088 0.0490278
1459 0.0145717 0.013192 0.224696
1460 0.00740068 0.0181417 0.0592601
1461 0.0137174 0.0127428 0.225415
1462 0.00740085 0.0170746 0.0715566
1463 0.0128926 0.0123294 0.226357
1464 0.00740101 0.0160075 0.0862891
1465 0.012064 0.0119243 0.227811
1466 0.00740657 0.0149256 0.104167
1467 0.0112173 0.0115176 0.229888
1468 0.00742012 0.0138555 0.125278
1469 0.0103637 0.0111183 0.232441
1470 0.00745019 0.0127752 0.150673
1471 0.0094882 0.0107385 0.23479
1472 0.00749735 0.0116545 0.182005
1473 0.0086501 0.0103625 0.238449
1474 0.00759206 0.0103659 0.225359
1475 0.0100093 0.0716269 0.240442
1476 0.0108874 0.0700793 0.217919
1477 0.0135858 0.0591765 0.105008
1478 0.0137888 0.0579833 0.0973694
1479 0.0145148 0.0560035 0.0958634
1480 0.015268 0.0543061 0.0980377
1481 0.00825011 0.0718683 0.208873
1482 0.0103666 0.0683952 0.163542
1483 0.010745 0.0675689 0.155106
1484 0.011223 0.0668741 0.153229
1485 0.0112682 0.0660269 0.13903
1486 0.0114465 0.0650951 0.12813
1487 0.0117083 0.0642104 0.121235
1488 0.011371 0.0632348 0.100972
1489 0.0121965 0.0602536 0.0851227
1490 0.016042 0.0506075 0.0813955
1491 0.0168007 0.0498939 0.0926325
1492 0.0170938 0.0489412 0.0900305
1493 0.00827784 0.0708287 0.180371
1494 0.0176305 0.0479474 0.0929631
1495 0.008282 0.0698541 0.156759
1496 0.0182376 0.0470134 0.0985226
1497 0.00831838 0.0688285 0.135744
1498 0.018783 0.0461139 0.102927
1499 0.008412 0.0678294 0.118714
1500 0.0192749 0.0452289 0.106149
1501 0.00843505 0.0667511 0.101896
1502 0.0197309 0.0443459 0.108508
1503 0.00836121 0.0656382 0.0861502
1504 0.0201578 0.0434634 0.110231
1505 0.00830958 0.0645541 0.0733663
1506 0.0205575 0.0425925 0.111561
1507 0.00830846 0.0634853 0.0630975
1508 0.0209411 0.0417324 0.11288
1509 0.00833413 0.0624323 0.0546452
1510 0.021297 0.0408901 0.113986
1511 0.00834228 0.0613746 0.0472461
1512 0.0216332 0.0400563 0.115072
1513 0.00833123 0.0603033 0.0407278
1514 0.021945 0.0392202 0.11598
1515 0.00831988 0.0592247 0.0351375
1516 0.0222322 0.0383761 0.116701
1517 0.00832005 0.0581576 0.0304754
1518 0.0225285 0.0375062 0.118181
1519 0.00832022 0.0570905 0.026472
1520 0.0192979 0.0383028 0.0548416
1521 0.00832039 0.0560235 0.0230363
1522 0.0231669 0.0228311 0.182524
1523 0.00832055 0.0549564 0.0200899
1524 0.0230426 0.0353555 0.119037
1525 0.00832072 0.0538893 0.0175514
1526 0.023235 0.0343033 0.119864
1527 0.00832089 0.0528222 0.0153617
1528 0.0233691 0.0331978 0.120377
1529 0.00832105 0.0517551 0.0134716
1530 0.00832122 0.050688 0.0118398
1531 0.00832139 0.0496209 0.0104317
1532 0.0234635 0.0320293 0.121515
1533 0.00832155 0.0485538 0.00921841
1534 0.0237409 0.0299774 0.132597
1535 0.00832172 0.0474867 0.00817566
1536 0.00832189 0.0464197 0.00728367
1537 0.0235277 0.0292211 0.128473
1538 0.00832205 0.0453526 0.00652627
1539 0.0236311 0.0283894 0.13583
1540 0.00832222 0.0442855 0.00589051
1541 0.0233225 0.0275774 0.131249
1542 0.00832239 0.0432184 0.00536633
1543 0.0231136 0.0265063 0.133498
1544 0.00832255 0.0421513 0.00494632
1545 0.00832272 0.0410842 0.00462561
1546 0.0229026 0.0254617 0.13764
1547 0.00832289 0.0400171 0.00440181
1548 0.0228469 0.0245801 0.146457
1549 0.00832305 0.03895 0.00427507
1550 0.00832322 0.0378829 0.00424823
1551 0.0219962 0.0227468 0.148012
1552 0.00832339 0.0368159 0.00432705
1553 0.00832356 0.0357488 0.00452051
1554 0.021525 0.0217319 0.152378
1555 0.00832372 0.0346817 0.0048413
1556 0.0210302 0.020791 0.157017
1557 0.00832389 0.0336146 0.00530633
1558 0.00832406 0.0325475 0.00593746
1559 0.0205162 0.0198709 0.162796
1560 0.00832422 0.0314804 0.00676243
1561 0.0199921 0.0188602 0.172358
1562 0.00832439 0.0304133 0.00781589
1563 0.00832456 0.0293462 0.00914077
1564 0.019187 0.018041 0.17353
1565 0.00832472 0.0282792 0.0107898
1566 0.0184855 0.0172937 0.177052
1567 0.00832489 0.0272121 0.0128276
1568 0.00832506 0.026145 0.0153326
1569 0.0177666 0.0166109 0.18015
1570 0.00832522 0.0250779 0.0183997
1571 0.0170148 0.0159878 0.182485
1572 0.00832539 0.0240108 0.0221436
1573 0.00832556 0.0229437 0.0267017
1574 0.0162396 0.0154112 0.184414
1575 0.00832572 0.0218766 0.0322381
1576 0.0154419 0.0148307 0.187274
1577 0.00832589 0.0208095 0.0389476
1578 0.0145796 0.0142932 0.189012
1579 0.00832606 0.0197424 0.0470601
1580 0.00832623 0.0186754 0.0568515
1581 0.0136963 0.0138336 0.189299
1582 0.00832515 0.0176033 0.0686785
1583 0.0128516 0.0133971 0.190327
1584 0.00831821 0.0165146 0.0830751
1585 0.012017 0.0129795 0.191711
1586 0.00832452 0.0154421 0.100123
1587 0.0111761 0.0125702 0.193538
1588 0.00834405 0.01437 0.120525
1589 0.010303 0.0121518 0.196016
1590 0.00837894 0.0133113 0.144528
1591 0.0094291 0.0117319 0.199299
1592 0.00843063 0.012272 0.172439
1593 0.00847123 0.0112622 0.204071
1594 0.0100833 0.0706048 0.211437
1595 0.010059 0.0694142 0.179723
1596 0.0121716 0.0615002 0.0974209
1597 0.0112733 0.0620458 0.086134
1598 0.0127436 0.0594686 0.0889515
1599 0.0136118 0.0567216 0.0819143
1600 0.0149138 0.0524053 0.0729684
1601 0.0150844 0.0533137 0.0841129
1602 0.0153009 0.0515197 0.0733202
1603 0.0126793 0.0584631 0.0783114
1604 0.0143458 0.0549194 0.0817451
1605 0.00951187 0.0674362 0.128222
1606 0.0103123 0.0665658 0.128042
1607 0.0103723 0.0653804 0.110743
1608 0.0107923 0.064263 0.103317
1609 0.0158722 0.0493116 0.0672829
1610 0.0163109 0.0479627 0.065281
1611 0.0170926 0.0469723 0.0724872
1612 0.00905685 0.0693575 0.15874
1613 0.0176964 0.0460827 0.0771986
1614 0.0182147 0.0452198 0.0805455
1615 0.0186764 0.0443573 0.0827896
1616 0.00936036 0.0661506 0.105638
1617 0.0191019 0.0434965 0.0843983
1618 0.00924113 0.0650603 0.0894796
1619 0.0195047 0.0426339 0.0856582
1620 0.00918118 0.063994 0.076829
1621 0.0198838 0.0417817 0.0866997
1622 0.00926169 0.0629717 0.067763
1623 0.0202424 0.0409398 0.0876619
1624 0.00930564 0.0619345 0.0594084
1625 0.0205801 0.0401169 0.08864
1626 0.00928324 0.0608586 0.0513606
1627 0.0209081 0.0393132 0.0899243
1628 0.00925174 0.0597791 0.0443733
1629 0.0211877 0.0384916 0.0904575
1630 0.0092456 0.0586913 0.0385439
1631 0.0214584 0.0376467 0.0910776
1632 0.00927699 0.0576438 0.0339291
1633 0.0217548 0.0367316 0.0925089
1634 0.00927457 0.0565818 0.0296626
1635 0.0219889 0.0357531 0.0930428
1636 0.0092461 0.0554901 0.0257632
1637 0.00924626 0.054423 0.022595
1638 0.00924643 0.0533559 0.0198408
1639 0.0222862 0.0336279 0.0927546
1640 0.0092466 0.0522888 0.0174479
1641 0.0223514 0.0324652 0.0925355
1642 0.00924676 0.0512217 0.0153678
1643 0.00924693 0.0501546 0.01356
1644 0.0092471 0.0490875 0.0119922
1645 0.00924726 0.0480204 0.0106332
1646 0.0226727 0.0299579 0.102352
1647 0.00924743 0.0469533 0.00945954
1648 0.0092476 0.0458863 0.00845149
1649 0.022587 0.0285863 0.105414
1650 0.00924776 0.0448192 0.00759263
1651 0.00924793 0.0437521 0.00686986
1652 0.0222558 0.027348 0.104766
1653 0.0092481 0.042685 0.00627306
1654 0.022043 0.026148 0.108868
1655 0.00924827 0.0416179 0.00579472
1656 0.00924843 0.0405508 0.00543001
1657 0.0218722 0.0248821 0.116868
1658 0.0092486 0.0394837 0.00517682
1659 0.00924877 0.0384166 0.00503584
1660 0.00924893 0.0373495 0.00501078
1661 0.0208735 0.0227089 0.121654
1662 0.0092491 0.0362825 0.00510867
1663 0.00924927 0.0352154 0.00534026
1664 0.0204236 0.0217269 0.126818
1665 0.00924943 0.0341483 0.0057205
1666 0.0199369 0.0208045 0.132085
1667 0.0092496 0.0330812 0.00626923
1668 0.00924977 0.0320141 0.00701202
1669 0.0194012 0.0199106 0.137593
1670 0.00924993 0.030947 0.00798119
1671 0.0187924 0.0190801 0.142161
1672 0.0092501 0.0298799 0.00921708
1673 0.00925027 0.0288128 0.0107696
1674 0.0181595 0.0183126 0.146668
1675 0.00925043 0.0277458 0.0126999
1676 0.0174951 0.0176124 0.150404
1677 0.0092506 0.0266787 0.0150827
1678 0.00925077 0.0256116 0.0180087
1679 0.0167865 0.0170277 0.151996
1680 0.00925093 0.0245445 0.0215873
1681 0.0160436 0.0164713 0.153399
1682 0.0092511 0.0234774 0.0259502
1683 0.00925127 0.0224103 0.0312547
1684 0.0152699 0.0159255 0.15512
1685 0.00925144 0.0213432 0.037688
1686 0.0144708 0.0153906 0.157185
1687 0.0092516 0.0202761 0.0454712
1688 0.0136382 0.0149035 0.15855
1689 0.00926945 0.019184 0.0551724
1690 0.0092567 0.0181087 0.0665896
1691 0.0127969 0.0144568 0.15958
1692 0.00923218 0.0170188 0.0804277
1693 0.0119739 0.0140353 0.160878
1694 0.00922673 0.0159334 0.0970377
1695 0.011117 0.0136231 0.16223
1696 0.00925321 0.0148572 0.116938
1697 0.0102464 0.0132009 0.164387
1698 0.00929419 0.0138006 0.140261
1699 0.0093493 0.0127572 0.167571
1700 0.0126893 0.0574305 0.0702175
1701 0.0134113 0.0555427 0.0684661
1702 0.0141831 0.0538657 0.0699978
1703 0.00933149 0.0684825 0.144926
1704 0.0103069 0.0625672 0.0765847
1705 0.0112071 0.0608781 0.0741241
1706 0.0118495 0.0590764 0.0694026
1707 0.0150492 0.0502616 0.0599365
1708 0.0221499 0.0346937 0.0925667
1709 0.0224429 0.0312613 0.0947025
1710 0.0213225 0.0237519 0.117604
1711 0.0140893 0.0528397 0.0611366
1712 0.0141752 0.0518173 0.0560859
1713 0.00989699 0.0644572 0.0913937
1714 0.0151007 0.0483096 0.0491212
1715 0.0160173 0.0467536 0.0528519
1716 0.016615 0.0459811 0.0571352
1717 0.0171743 0.0451705 0.0608765
1718 0.0176199 0.0443451 0.062655
1719 0.0180495 0.0435097 0.0642255
1720 0.01845 0.0426672 0.0653731
1721 0.0188288 0.0418226 0.0662919
1722 0.010185 0.063522 0.0847248
1723 0.0191933 0.0409785 0.067159
1724 0.0195306 0.0401498 0.0679008
1725 0.0102667 0.061435 0.0659663
1726 0.0198522 0.0393569 0.0688939
1727 0.0102078 0.0603354 0.0568788
1728 0.0203092 0.0386419 0.0732234
1729 0.0101401 0.0592537 0.0490855
1730 0.0203865 0.0377963 0.0700402
1731 0.0102351 0.0581956 0.0439754
1732 0.0206535 0.0369491 0.0708611
1733 0.0102708 0.0571719 0.0390652
1734 0.0209105 0.0360138 0.0717422
1735 0.0101833 0.0560532 0.0335925
1736 0.0101915 0.054964 0.0295698
1737 0.0101994 0.0538956 0.0260839
1738 0.0102002 0.0528207 0.0229901
1739 0.0213409 0.0329699 0.0725045
1740 0.0101998 0.0517473 0.0202815
1741 0.0101929 0.0506828 0.0179073
1742 0.0101726 0.0496212 0.0157876
1743 0.0101728 0.0485541 0.0140001
1744 0.010173 0.047487 0.0124438
1745 0.0215528 0.0292924 0.0806878
1746 0.0101731 0.0464199 0.011096
1747 0.0101733 0.0453529 0.00993478
1748 0.0213928 0.0281263 0.08255
1749 0.0101735 0.0442858 0.00894204
1750 0.0101736 0.0432187 0.00810553
1751 0.0211987 0.0269484 0.085728
1752 0.0101738 0.0421516 0.00741459
1753 0.0209777 0.0257896 0.0901607
1754 0.010174 0.0410845 0.00686046
1755 0.0101741 0.0400174 0.00643858
1756 0.0101743 0.0389503 0.00614692
1757 0.0101745 0.0378832 0.0059865
1758 0.0101746 0.0368161 0.00596197
1759 0.0197585 0.022648 0.101457
1760 0.0101748 0.0357491 0.00608189
1761 0.010175 0.034682 0.00635909
1762 0.0193603 0.0217172 0.10731
1763 0.0101751 0.0336149 0.00681113
1764 0.0188634 0.0208511 0.111988
1765 0.0101753 0.0325478 0.00746124
1766 0.0101755 0.0314807 0.00833934
1767 0.018271 0.0200649 0.115211
1768 0.0101756 0.0304136 0.00948318
1769 0.0176634 0.0192836 0.119445
1770 0.0101758 0.0293465 0.0109398
1771 0.010176 0.0282794 0.0127674
1772 0.0172379 0.018507 0.127625
1773 0.0101761 0.0272124 0.015037
1774 0.0165312 0.0180288 0.12669
1775 0.0101763 0.0261453 0.0178352
1776 0.0101765 0.0250782 0.021267
1777 0.0158502 0.0175046 0.12787
1778 0.0101766 0.0240111 0.0254585
1779 0.0151014 0.0170016 0.128546
1780 0.0101768 0.022944 0.0305609
1781 0.010177 0.0218769 0.0367543
1782 0.0143276 0.0164737 0.130274
1783 0.0101771 0.0208098 0.0442519
1784 0.0135317 0.0159705 0.13203
1785 0.0102061 0.0197068 0.0537432
1786 0.0127165 0.0155014 0.133536
1787 0.0102262 0.0185947 0.0653258
1788 0.0101614 0.0174974 0.0787309
1789 0.011892 0.0150821 0.134461
1790 0.0100971 0.0164128 0.0944925
1791 0.0110599 0.0146769 0.135586
1792 0.0101387 0.0153153 0.114372
1793 0.010189 0.0142535 0.137372
1794 0.0126536 0.0562585 0.0613273
1795 0.0143168 0.0509127 0.0528946
1796 0.0114531 0.0578244 0.0545958
1797 0.0132341 0.0544624 0.0582106
1798 0.0145456 0.0492592 0.0467457
1799 0.0210952 0.0350491 0.0719329
1800 0.021231 0.0340347 0.0719809
1801 0.0212118 0.0317601 0.0698199
1802 0.0214933 0.0305044 0.0763672
1803 0.0206181 0.0246959 0.0934036
1804 0.0201748 0.0236519 0.0965704
1805 0.0110969 0.0597835 0.0636703
1806 0.0131587 0.0522486 0.0448053
1807 0.0155122 0.0456866 0.0410471
1808 0.0162297 0.045113 0.0470392
1809 0.0165615 0.0442951 0.0470077
1810 0.0169918 0.0435017 0.0484924
1811 0.0173985 0.0426861 0.0496852
1812 0.0177819 0.0418546 0.0505852
1813 0.0181376 0.0410206 0.0512412
1814 0.0184945 0.0401708 0.05203
1815 0.018848 0.0393014 0.0529177
1816 0.0232915 0.0206321 0.233379
1817 0.0242416 0.026745 0.168675
1818 0.0195579 0.0372185 0.0544371
1819 0.0198582 0.0362821 0.0556638
1820 0.0110689 0.0566065 0.043736
1821 0.0110905 0.055488 0.0385973
1822 0.0111871 0.0544604 0.0350163
1823 0.011161 0.0533582 0.0306584
1824 0.0111742 0.0522628 0.0271377
1825 0.0111655 0.051196 0.0239786
1826 0.0111597 0.0501327 0.0212385
1827 0.0111587 0.0490739 0.0188678
1828 0.0111521 0.0480169 0.0167526
1829 0.0111386 0.0469488 0.0148704
1830 0.0203969 0.0288301 0.063671
1831 0.011129 0.0458812 0.0132512
1832 0.0111239 0.0448192 0.0118718
1833 0.0203123 0.0276949 0.0673192
1834 0.0111102 0.0437565 0.010668
1835 0.0110994 0.0426853 0.00965396
1836 0.0201849 0.0265985 0.0716707
1837 0.0110995 0.0416182 0.00884141
1838 0.0110997 0.0405511 0.00819049
1839 0.0110999 0.039484 0.00769764
1840 0.0111 0.0384169 0.00735711
1841 0.0111002 0.0373498 0.0071717
1842 0.0111004 0.0362827 0.00714634
1843 0.0186534 0.0225441 0.0862795
1844 0.0111005 0.0352157 0.00729304
1845 0.0111007 0.0341486 0.007626
1846 0.0184294 0.0216713 0.0940087
1847 0.0111009 0.0330815 0.00816579
1848 0.0177924 0.0210464 0.0937754
1849 0.011101 0.0320144 0.00893966
1850 0.0111012 0.0309473 0.00998266
1851 0.0171308 0.0202018 0.0974221
1852 0.0111014 0.0298802 0.011339
1853 0.0164056 0.0192439 0.103341
1854 0.0111015 0.0288131 0.0130637
1855 0.0111017 0.027746 0.0152244
1856 0.0111019 0.026679 0.0179042
1857 0.011102 0.0256119 0.0212036
1858 0.0111022 0.0245448 0.0252439
1859 0.0149483 0.0181063 0.105966
1860 0.0111024 0.0234777 0.0301702
1861 0.0141742 0.0175612 0.107551
1862 0.0111025 0.0224106 0.0361558
1863 0.0111027 0.0213435 0.0434069
1864 0.0133827 0.0170372 0.109299
1865 0.0111235 0.0202549 0.0524435
1866 0.0126179 0.0165259 0.111748
1867 0.0111787 0.0191262 0.063983
1868 0.0117998 0.0160988 0.112606
1869 0.0112393 0.0179338 0.0788738
1870 0.0108978 0.0168117 0.0932744
1871 0.0119307 0.0568635 0.0551075
1872 0.012219 0.055148 0.0484804
1873 0.0131443 0.0533537 0.0503844
1874 0.0109328 0.0587953 0.0548319
1875 0.01389 0.050058 0.0428352
1876 0.0132485 0.0510757 0.0402748
1877 0.0140549 0.0484122 0.0374943
1878 0.0148726 0.0464845 0.0377965
1879 0.0200718 0.0353312 0.0561902
1880 0.0204694 0.0325262 0.058512
1881 0.0201751 0.0343612 0.0557367
1882 0.0206413 0.0298231 0.064222
1883 0.0198625 0.0255493 0.0743024
1884 0.0190338 0.0235218 0.0807918
1885 0.0157406 0.0184706 0.108625
1886 0.0203302 0.0307786 0.0577381
1887 0.0194273 0.0245574 0.0763316
1888 0.0153387 0.0444506 0.0343683
1889 0.0158577 0.0435073 0.0358751
1890 0.0163407 0.0427032 0.0376162
1891 0.0167401 0.0418769 0.0385652
1892 0.0170788 0.0410652 0.0390007
1893 0.0174356 0.0402351 0.0397126
1894 0.0177795 0.0393703 0.0403437
1895 0.0181313 0.0384557 0.0411177
1896 0.0184597 0.0374883 0.0418157
1897 0.0187641 0.0364382 0.0424956
1898 0.012181 0.0539373 0.0420026
1899 0.0121626 0.0528038 0.0368677
1900 0.0121761 0.0516663 0.0325822
1901 0.012126 0.0506533 0.0286739
1902 0.012138 0.049575 0.025576
1903 0.0121708 0.0485437 0.0229888
1904 0.0121149 0.0474751 0.0201729
1905 0.0120925 0.0464043 0.017882
1906 0.0193777 0.028417 0.0525696
1907 0.0120888 0.0453376 0.0159783
1908 0.0120686 0.0442957 0.014285
1909 0.0193227 0.0272603 0.0570163
1910 0.0120463 0.0432332 0.0128248
1911 0.0120455 0.0421689 0.0116561
1912 0.0120388 0.0411086 0.0106662
1913 0.0120203 0.0400287 0.00984308
1914 0.012032 0.0389518 0.00928205
1915 0.0120257 0.0378835 0.00886398
1916 0.0120426 0.03682 0.00867614
1917 0.0120261 0.0357493 0.00862098
1918 0.0175075 0.0222185 0.0761597
1919 0.0120262 0.0346823 0.00880182
1920 0.0120264 0.0336152 0.00920414
1921 0.0120266 0.0325481 0.00985225
1922 0.016734 0.0212726 0.0789231
1923 0.0120267 0.031481 0.0107782
1924 0.0120269 0.0304139 0.0120232
1925 0.0159908 0.0203027 0.0836057
1926 0.0120271 0.0293468 0.013639
1927 0.0120272 0.0282797 0.01569
1928 0.0120274 0.0272126 0.0182555
1929 0.0120276 0.0261456 0.0214314
1930 0.0120277 0.0250785 0.0253383
1931 0.0120279 0.0240114 0.0301114
1932 0.0140859 0.0186468 0.0892744
1933 0.0120281 0.0229443 0.0359185
1934 0.0132219 0.0181098 0.0901558
1935 0.0120282 0.0218772 0.0429578
1936 0.0120526 0.0208017 0.0516435
1937 0.0124013 0.0175681 0.0921121
1938 0.0121016 0.0197093 0.0624456
1939 0.0121917 0.0186091 0.0758764
1940 0.0132909 0.049104 0.0327183
1941 0.0142586 0.0453916 0.0284262
1942 0.0191917 0.0356141 0.0456146
1943 0.0194936 0.0297555 0.0496007
1944 0.0192863 0.026303 0.0619664
1945 0.0178976 0.0233512 0.0689874
1946 0.0151164 0.0193013 0.0888675
1947 0.012926 0.0501043 0.0333538
1948 0.0191529 0.0346938 0.0436085
1949 0.0182707 0.0243407 0.0643829
1950 0.01473 0.0433974 0.0263198
1951 0.0152381 0.0426135 0.0278183
1952 0.0158324 0.0419443 0.030608
1953 0.0159866 0.0411098 0.0294272
1954 0.0163778 0.0403056 0.0303476
1955 0.0167084 0.0394817 0.0308549
1956 0.01704 0.0386142 0.0314494
1957 0.0173133 0.0376813 0.0316251
1958 0.0176843 0.036615 0.0326582
1959 0.0131384 0.0479791 0.0279179
1960 0.013072 0.0469411 0.0244539
1961 0.0130552 0.0458214 0.0216405
1962 0.0184066 0.0278208 0.0453873
1963 0.0130993 0.0448155 0.0196547
1964 0.0129873 0.0437823 0.0171916
1965 0.0129739 0.0427109 0.0154915
1966 0.0130244 0.0416765 0.0142806
1967 0.0129295 0.0405862 0.0127822
1968 0.0129341 0.0394976 0.0118728
1969 0.013001 0.0384177 0.0113475
1970 0.0130129 0.0373557 0.0108845
1971 0.0129751 0.0362894 0.0105321
1972 0.0129518 0.035216 0.0104608
1973 0.0162698 0.022366 0.0631142
1974 0.0129519 0.0341489 0.0106854
1975 0.0129521 0.0330818 0.011175
1976 0.0129523 0.0320147 0.0119579
1977 0.0156457 0.0214053 0.0676526
1978 0.0129524 0.0309476 0.0130718
1979 0.0129526 0.0298805 0.0145653
1980 0.0129528 0.0288134 0.0164991
1981 0.0129529 0.0277463 0.018949
1982 0.0129531 0.0266792 0.0220084
1983 0.0129831 0.0256003 0.0259233
1984 0.0129842 0.0245396 0.0305568
1985 0.012983 0.0234815 0.0361664
1986 0.0130948 0.0191917 0.0743745
1987 0.0129752 0.0224243 0.0429363
1988 0.0129802 0.0213568 0.0512479
1989 0.0130172 0.020271 0.0616247
1990 0.0138864 0.0464133 0.0288342
1991 0.0189681 0.0318998 0.0410945
1992 0.0192281 0.0336104 0.0433909
1993 0.0186701 0.025484 0.0601135
1994 0.0191879 0.0309432 0.0441769
1995 0.0140424 0.0442261 0.0237437
1996 0.0181446 0.0353765 0.0346634
1997 0.0184239 0.0290283 0.0413782
1998 0.0184144 0.0266467 0.0508269
1999 0.0169081 0.0231545 0.0614396
2000 0.0149283 0.0205009 0.0719379
2001 0.0140255 0.0197758 0.0736903
2002 0.0170295 0.0242653 0.0535113
2003 0.0140965 0.0423295 0.0199936
2004 0.022752 0.016075 0.360392
2005 0.0194002 0.0140689 0.310198
2006 0.0153686 0.0404408 0.0236218
2007 0.0156585 0.0395371 0.023648
2008 0.016113 0.0388147 0.0252007
2009 0.0161598 0.0379299 0.0239848
2010 0.0164595 0.0369193 0.0244214
2011 0.0137517 0.0432935 0.020093
2012 0.0138585 0.0411319 0.0169111
2013 0.0137552 0.0400765 0.015171
2014 0.0139275 0.0389744 0.0146663
2015 0.0140528 0.037884 0.0142076
2016 0.0139716 0.0368166 0.0133307
2017 0.0138629 0.0357479 0.0127341
2018 0.0138689 0.0346931 0.0127359
2019 0.0150467 0.0224651 0.0534285
2020 0.0138777 0.0336155 0.0130433
2021 0.0138778 0.0325484 0.0136431
2022 0.0138779 0.031492 0.0145828
2023 0.0138642 0.0304224 0.0158953
2024 0.0138623 0.0293504 0.0176963
2025 0.0138785 0.02828 0.0200725
2026 0.0138932 0.0271972 0.0231031
2027 0.0139248 0.0261184 0.0269273
2028 0.0139675 0.025045 0.0316737
2029 0.0139386 0.0240154 0.0369521
2030 0.0139405 0.0229545 0.0436215
2031 0.0139261 0.0219353 0.0513267
2032 0.0138851 0.020823 0.0612091
2033 0.0183281 0.0302347 0.0376527
2034 0.0181441 0.0340604 0.0335228
2035 0.017701 0.0251222 0.0534125
2036 0.016982 0.0358279 0.0265313
2037 0.0174974 0.0272301 0.0405595
2038 0.0174582 0.0283711 0.0360936
2039 0.0159124 0.0235446 0.0506032
2040 0.0147095 0.0214416 0.0605066
2041 0.0181058 0.0314478 0.0340607
2042 0.0146928 0.039594 0.0185675
2043 0.0150947 0.038532 0.0190303
2044 0.0151665 0.0372022 0.0179629
2045 0.0147173 0.0362201 0.0156485
2046 0.0147865 0.0352697 0.0155813
2047 0.0147763 0.0341681 0.015546
2048 0.0147735 0.0234969 0.0442261
2049 0.014829 0.0330941 0.0160773
2050 0.0148288 0.0320465 0.0167927
2051 0.0147752 0.0309716 0.0177861
2052 0.014759 0.0298929 0.0193852
2053 0.0147736 0.0288166 0.0216297
2054 0.0148005 0.0277356 0.0245705
2055 0.0148462 0.026638 0.0284084
2056 0.0149197 0.0255362 0.0333348
2057 0.0150258 0.024473 0.0393788
2058 0.0182233 0.0327328 0.0339472
2059 0.0172271 0.0346601 0.0272978
2060 0.0174261 0.0295298 0.0326937
2061 0.0159295 0.0248735 0.0420126
2062 0.0157323 0.0360172 0.0197031
2063 0.0172894 0.0307231 0.0295268
2064 0.0165968 0.0277566 0.0327925
2065 0.0155918 0.0347599 0.0186459
2066 0.0157289 0.0336158 0.0192486
2067 0.0158636 0.0326088 0.0202312
2068 0.015712 0.0315305 0.0205157
2069 0.0156087 0.0304447 0.0215639
2070 0.0156437 0.0293718 0.0237069
2071 0.0156839 0.0282855 0.0265654
2072 0.0157333 0.0271798 0.0303244
2073 0.0158137 0.0260461 0.0353368
2074 0.0169441 0.0334026 0.0252363
2075 0.0166696 0.0266254 0.0376272
2076 0.0165406 0.0288612 0.0291595
2077 0.0169016 0.0319941 0.0256721
2078 0.0164967 0.0299428 0.0264844
2079 0.0167893 0.0254531 0.0442594
2080 0.0176317 0.0260987 0.0469361
2081 0.00925836 0.0702153 0.182803
2082 0.00736159 0.073623 0.250058
2083 0.016354 0.0342497 0.0221924
2084 0.0158948 0.052574 0.0968216
2085 0.0194719 0.0326808 0.0458198
