1 1.53081e-18 -0.025 0.319792
2 1.02054e-18 0.0133333 0.770897
3 1.53081e-18 0.025 0.658527
4 1.02054e-18 0.0466667 0.254012
5 0.0146855 0.0378813 0.161841
6 0.0239236 -0.00725686 0.160194
7 0.0138888 0.020787 0.374055
8 0 0.0109375 0.78378
9 0 0.00854167 0.793566
10 0 0.00614583 0.79863
11 0 0.00375 0.798598
12 0 0.00135417 0.793312
13 0 -0.00104167 0.782463
14 0 -0.0034375 0.765777
15 0 -0.00583333 0.74301
16 0 -0.00822917 0.713948
17 0 -0.010625 0.678402
18 0 -0.0130208 0.636214
19 0 -0.0154167 0.587273
20 0 -0.0178125 0.531467
21 0 -0.0202083 0.468714
22 0 -0.0226042 0.400006
23 0.024485 -0.00504824 0.153182
24 0.0248429 -0.00279824 0.148751
25 0.0249945 -0.000525338 0.147034
26 0.0249385 0.0017518 0.148196
27 0.0246756 0.00401452 0.152273
28 0.0242076 0.00624423 0.159248
29 0.0235385 0.00842262 0.169125
30 0.0226737 0.010531 0.181822
31 0.0216209 0.0125514 0.197451
32 0.0203886 0.0144673 0.216404
33 0.0189872 0.016263 0.240065
34 0.0174281 0.0179238 0.274336
35 0.015724 0.019436 0.340727
36 0.0124588 0.0189295 0.474169
37 0.0107834 0.0172919 0.558211
38 0.00889448 0.0159051 0.62936
39 0.00682901 0.0147966 0.686807
40 0.00462924 0.0139891 0.729215
41 0.00233838 0.0134982 0.756483
42 0.00227649 -0.0248961 0.314016
43 0.0045335 -0.0245855 0.30874
44 0.00675254 -0.0240708 0.301575
45 0.0089154 -0.0233563 0.292296
46 0.0110044 -0.0224478 0.280927
47 0.0130022 -0.0213528 0.267945
48 0.0148926 -0.0200801 0.253763
49 0.0166592 -0.0186406 0.238851
50 0.018287 -0.0170466 0.223644
51 0.0197627 -0.0153113 0.208601
52 0.0210743 -0.0134489 0.194286
53 0.022211 -0.0114749 0.18119
54 0.0231634 -0.00940519 0.169674
55 0 0.0226667 0.687043
56 0 0.0203333 0.712336
57 0 0.018 0.735758
58 0 0.0156667 0.755511
59 0.0117845 0.0220483 0.454357
60 0.00956683 0.0230971 0.524551
61 0.00725686 0.0239236 0.579561
62 0.00487701 0.0245197 0.619334
63 0.00245042 0.0248796 0.644626
64 0.0134933 0.0397831 0.174864
65 0.0120563 0.0415075 0.189443
66 0.0104007 0.0430232 0.204166
67 0.00855639 0.0443027 0.218245
68 0.00655689 0.0453227 0.230727
69 0.00443848 0.0460648 0.240577
70 0.00223956 0.0465155 0.247454
71 0.0150008 0.0227369 0.239556
72 0.0158407 0.0248185 0.188381
73 0.0163933 0.026994 0.162034
74 0.0166486 0.0292241 0.148715
75 0.0166019 0.0314683 0.144524
76 0.016254 0.0336858 0.145599
77 0.0156113 0.0358364 0.151832
78 0 0.0442593 0.318032
79 0 0.0418519 0.375384
80 0 0.0394444 0.426658
81 0 0.037037 0.473592
82 0 0.0346296 0.516825
83 0 0.0322222 0.556606
84 0 0.0298148 0.593181
85 0 0.0274074 0.626737
86 0.00827756 -0.0152446 0.51751
87 0.0120382 -0.00332811 0.607794
88 0.0178399 -0.00543782 0.420174
89 0.0180105 0.00642481 0.420985
90 0.0051939 -0.0225814 0.366333
91 0.00703424 -0.0216541 0.37284
92 0.00302106 -0.0225952 0.384175
93 0.00909744 -0.020994 0.360066
94 0.0110125 -0.0201354 0.347333
95 0.0128931 -0.0190058 0.33468
96 0.0143683 -0.0177054 0.329158
97 0.00215956 -0.0188617 0.495551
98 0.015874 -0.01631 0.318312
99 0.00207485 -0.0166146 0.551409
100 0.017408 -0.0148659 0.300446
101 0.00207485 -0.0142188 0.603711
102 0.0187628 -0.0131946 0.285941
103 0.00207485 -0.0118229 0.649247
104 0.0198611 -0.0114391 0.275325
105 0.00207485 -0.00942708 0.68803
106 0.0208998 -0.00964976 0.260944
107 0.00207485 -0.00703125 0.720213
108 0.0216455 -0.00761738 0.254971
109 0.00207485 -0.00463542 0.745976
110 0.0220961 -0.0057092 0.254056
111 0.00207485 -0.00223958 0.765519
112 0.0224751 -0.00366922 0.251559
113 0.00207485 0.00015625 0.779069
114 0.0227642 -0.00155432 0.247213
115 0.00207485 0.00255208 0.786883
116 0.0228158 0.000563875 0.247159
117 0.00207485 0.00494792 0.78925
118 0.0226674 0.00267195 0.249947
119 0.00211454 0.00739409 0.78612
120 0.0223136 0.00473456 0.256088
121 0.00207485 0.00973958 0.778826
122 0.0218779 0.00670851 0.26073
123 0.00169891 0.0117725 0.771258
124 0.0211969 0.00870425 0.270391
125 0.0202451 0.0105039 0.288755
126 0.00394605 0.0115603 0.754191
127 0.0191962 0.0123321 0.30615
128 0.00642154 0.0125343 0.712505
129 0.0180845 0.0141207 0.322949
130 0.00871013 0.013598 0.656486
131 0.0165509 0.0159803 0.355358
132 0.0108632 0.014896 0.584885
133 0.0146194 0.0179613 0.40898
134 0.0127314 0.016411 0.503638
135 0.00195932 -0.0208242 0.442857
136 0.00464137 -0.0202248 0.441546
137 0.00730493 -0.0195891 0.42728
138 0.00930693 -0.0187649 0.416792
139 0.0110747 -0.0182648 0.394672
140 0.012247 -0.016852 0.402986
141 0.0135068 -0.0154848 0.402677
142 0.00414345 -0.017614 0.513576
143 0.015105 -0.0141673 0.385725
144 0.0040985 -0.0152786 0.567869
145 0.0167646 -0.0129845 0.356918
146 0.00413154 -0.0130208 0.613422
147 0.0175917 -0.0112139 0.359882
148 0.00413154 -0.010625 0.655416
149 0.0186619 -0.00959486 0.346179
150 0.00413154 -0.00822917 0.69066
151 0.0197715 -0.00816646 0.322714
152 0.00413154 -0.00583333 0.719344
153 0.0198161 -0.00634494 0.340084
154 0.00413154 -0.0034375 0.741653
155 0.0201684 -0.00447135 0.341354
156 0.00413154 -0.00104167 0.757791
157 0.0205566 -0.00247494 0.336616
158 0.00413154 0.00135417 0.767991
159 0.0207902 -0.000499426 0.332406
160 0.00413154 0.00375 0.772518
161 0.0207386 0.0015037 0.334501
162 0.00413154 0.00614583 0.771678
163 0.02041 0.00343998 0.34298
164 0.00426364 0.00883 0.763197
165 0.0200728 0.00537439 0.346795
166 0.0199896 0.00715128 0.336542
167 0.0188693 0.00856689 0.368794
168 0.0179716 0.0102929 0.385236
169 0.00630236 0.0100662 0.729809
170 0.0169137 0.0120877 0.403839
171 0.0085914 0.0111502 0.678762
172 0.0157195 0.0137883 0.427256
173 0.0108214 0.0124574 0.611505
174 0.0145682 0.0155529 0.447277
175 0.0131227 0.0138007 0.524709
176 0.00604618 -0.0181209 0.481311
177 0.00992513 -0.0165849 0.45859
178 0.0128664 -0.0132656 0.463147
179 0.0108383 -0.0146805 0.482266
180 0.00621252 -0.0140823 0.570944
181 0.0149514 -0.0114849 0.438453
182 0.00627999 -0.0118329 0.612385
183 0.0163003 -0.00924059 0.43048
184 0.00618824 -0.00942708 0.652008
185 0.0178279 -0.00762492 0.399464
186 0.00618824 -0.00703125 0.683554
187 0.00618824 -0.00463542 0.708561
188 0.018215 -0.00336843 0.421069
189 0.00618824 -0.00223958 0.727217
190 0.00618824 0.00015625 0.739693
191 0.0185299 -0.00134464 0.417974
192 0.00618824 0.00255208 0.746251
193 0.0190013 0.000448258 0.403016
194 0.00618824 0.00494792 0.747139
195 0.0184273 0.00221584 0.423759
196 0.00632097 0.00748563 0.740185
197 0.0180266 0.00429209 0.432502
198 0.0167242 0.00812655 0.455772
199 0.0156875 0.00997761 0.476117
200 0.00833 0.00860305 0.699484
201 0.0146314 0.0118095 0.494261
202 0.0108313 0.00972999 0.633597
203 0.00784459 -0.0174089 0.474826
204 0.0124479 -0.0112591 0.507935
205 0.013684 -0.00921153 0.507233
206 0.00847356 -0.0131852 0.555888
207 0.00841478 -0.0107193 0.599791
208 0.0152878 -0.00686847 0.490052
209 0.00832752 -0.008336 0.635685
210 0.00826426 -0.00592682 0.664849
211 0.00829816 -0.00353751 0.685604
212 0.0162161 -0.00196997 0.495915
213 0.00824493 -0.00104167 0.702005
214 0.00824493 0.00135417 0.710621
215 0.0166585 0.000420059 0.487654
216 0.00824493 0.00375 0.713167
217 0.00841003 0.00609642 0.706776
218 0.0159927 0.00298286 0.508727
219 0.0144972 0.00782719 0.536117
220 0.0104783 0.00713267 0.656802
221 0.0105813 -0.0121309 0.5357
222 0.0157842 -0.00428921 0.496873
223 0.015557 0.00556316 0.514893
224 0.0134299 0.00974955 0.555994
225 0.0108547 -0.00947281 0.572297
226 0.012342 -0.00717048 0.566889
227 0.0100476 -0.00716733 0.617881
228 0.0106009 -0.00495939 0.629289
229 0.0101807 -0.00238103 0.656897
230 0.0141533 -0.000516473 0.564646
231 0.0102417 6.09334e-05 0.666741
232 0.0105062 0.00251273 0.665465
233 0.0143125 0.00150753 0.562909
234 0.010647 0.00480491 0.660177
235 0.0126152 0.0115084 0.565806
236 0.012397 0.00803022 0.599879
237 0.013251 -0.00514739 0.563452
238 0.0139872 -0.00279578 0.559694
239 0.0132302 0.00356668 0.594366
240 0.0127882 0.00597722 0.599604
241 0.0121621 -0.00127058 0.616141
242 0.0123121 0.00113521 0.6191
243 0.00604022 -0.0162172 0.527252
244 0.00608246 0.0198827 0.650899
245 0.00407042 0.0206986 0.674649
246 0.00396528 0.0228576 0.651575
247 0.00792263 0.0194057 0.615695
248 0.00683457 0.0174876 0.661428
249 0.00890269 0.0180112 0.605811
250 0.00506217 0.0162035 0.704589
251 0.00998082 0.020067 0.549363
252 0.00262059 0.0163237 0.732964
253 0.00779939 0.0214718 0.595247
254 0.00219945 0.019219 0.709658
255 0.00574774 0.0222785 0.630406
256 0.00207466 0.0218719 0.682627
257 0.00444265 0.0182956 0.694435
258 0.00589709 0.0358204 0.438694
259 0.0063133 0.0337568 0.465514
260 0.00622933 0.0311127 0.507235
261 0.00819896 0.0300387 0.477887
262 0.00963715 0.0407688 0.269857
263 0.0111019 0.0392534 0.258862
264 0.0126311 0.0379375 0.232854
265 0.00845783 0.0422758 0.265288
266 0.0132709 0.0360892 0.23808
267 0.00662555 0.0429105 0.286538
268 0.0140036 0.0341104 0.234329
269 0.00484675 0.0438107 0.29147
270 0.0144215 0.0321772 0.236197
271 0.00260473 0.0436824 0.317193
272 0.0149512 0.0302705 0.226762
273 0.0144348 0.0283247 0.26246
274 0.0138763 0.0260403 0.303571
275 0.0133948 0.0236786 0.349197
276 0.00227765 0.0407561 0.386041
277 0.00208488 0.0382407 0.439077
278 0.00208488 0.0358333 0.484008
279 0.00208488 0.0334259 0.525295
280 0.00890232 0.0254011 0.517459
281 0.00208488 0.0310185 0.563326
282 0.00656781 0.0262775 0.566014
283 0.00206427 0.028596 0.59869
284 0.00398785 0.026833 0.603365
285 0.00171162 0.0265757 0.628633
286 0.0114054 0.0248798 0.43471
287 0.00702004 0.0403956 0.334152
288 0.00882948 0.0384327 0.333406
289 0.00824655 0.0327055 0.439701
290 0.0106999 0.0365971 0.314987
291 0.0120969 0.0345293 0.299119
292 0.00450553 0.0416691 0.345163
293 0.0122413 0.0326041 0.317814
294 0.0126996 0.0301602 0.326217
295 0.0122111 0.0274546 0.371755
296 0.00443119 0.0393205 0.395351
297 0.00414752 0.037037 0.442565
298 0.00410626 0.0346526 0.485083
299 0.004179 0.032241 0.523199
300 0.00837066 0.0276849 0.503707
301 0.00422668 0.0296107 0.561695
302 0.0102598 0.0268516 0.454411
303 0.00610783 0.0284548 0.546876
304 0.00650043 0.0378184 0.393011
305 0.00826486 0.0356592 0.394331
306 0.010227 0.0339121 0.368295
307 0.0102374 0.0312573 0.403246
308 0.0103846 0.0289537 0.4259
