1 0 0 0.702435
2 -1.31814e-05 0.0843 0.625848
3 0.000965173 0.000254742 0.713545
4 0.00193035 0.000509484 0.720928
5 0.00289552 0.000764226 0.726105
6 0.00386069 0.00101897 0.729428
7 0.00482586 0.00127371 0.730881
8 0.00578087 0.00156352 0.732344
9 0.00673273 0.00186421 0.73304
10 0.00768459 0.00216491 0.732466
11 0.00863645 0.0024656 0.730555
12 0.00958831 0.00276629 0.72713
13 0.0105321 0.00309052 0.723313
14 0.0114689 0.00343542 0.719152
15 0.0124053 0.00378106 0.713489
16 0.0133259 0.00416716 0.708429
17 0.0142464 0.00455325 0.702032
18 0.0151583 0.00495885 0.695136
19 0.0160615 0.00538377 0.687839
20 0.0169648 0.00580868 0.678904
21 0.0178453 0.00627895 0.6707
22 0.0187221 0.00675569 0.66122
23 0.0195739 0.00727613 0.652447
24 0.0204188 0.00780725 0.642696
25 0.0212428 0.00837071 0.633059
26 0.0220554 0.00895 0.622578
27 0.0228403 0.00956626 0.612373
28 0.0235971 0.0102171 0.602509
29 0.0243276 0.0108973 0.592796
30 0.0250335 0.0116031 0.582982
31 0.0257067 0.01234 0.573475
32 0.0263387 0.0131126 0.564878
33 0.0269366 0.0139118 0.556791
34 0.0275032 0.0147335 0.548999
35 0.0280355 0.0155777 0.541625
36 0.0285273 0.0164464 0.535091
37 0.0289842 0.0173339 0.529129
38 0.0294098 0.0182368 0.523526
39 0.029799 0.0191559 0.518596
40 0.0301579 0.0200872 0.514036
41 0.0304822 0.0210311 0.510136
42 0.0307866 0.0219816 0.506042
43 0.0310543 0.0229433 0.502697
44 0.0312931 0.0239123 0.499699
45 0.0315098 0.0248866 0.496649
46 0.0316903 0.0258683 0.494308
47 0.0318397 0.0268551 0.492412
48 0.031965 0.0278452 0.490569
49 0.0320544 0.0288394 0.489391
50 0.0321067 0.0298361 0.48896
51 0.0321321 0.0308337 0.488706
52 0.0321232 0.0318319 0.489031
53 0.0320699 0.0328285 0.490485
54 0.0319888 0.0338231 0.492166
55 0.0318766 0.034815 0.494282
56 0.0317157 0.0358001 0.497805
57 0.0315293 0.0367805 0.501471
58 0.0313157 0.0377556 0.505433
59 0.031056 0.0387194 0.510793
60 0.0307756 0.0396772 0.516114
61 0.0304715 0.0406279 0.521678
62 0.0301308 0.0415661 0.52828
63 0.029775 0.0424987 0.534667
64 0.0293982 0.043423 0.541333
65 0.0289982 0.0443375 0.548435
66 0.0285882 0.0452476 0.555236
67 0.0281604 0.0461495 0.562322
68 0.0277224 0.0470465 0.569237
69 0.0272777 0.0479401 0.575874
70 0.0268226 0.0488286 0.582534
71 0.0263655 0.049716 0.588706
72 0.0259051 0.0506017 0.594582
73 0.0254454 0.0514878 0.599946
74 0.0249866 0.0523743 0.604876
75 0.0245345 0.0532643 0.609017
76 0.024088 0.0541571 0.612572
77 0.0236488 0.0550535 0.615445
78 0.0232254 0.0559574 0.617148
79 0.0228107 0.0568654 0.618296
80 0.0224151 0.0577819 0.618172
81 0.0220382 0.0587061 0.616987
82 0.0216752 0.0596359 0.615135
83 0.0213423 0.060577 0.611511
84 0.0210281 0.0615243 0.607203
85 0.0207325 0.0624777 0.602141
86 0.0204685 0.0634404 0.59553
87 0.0202205 0.0644072 0.588652
88 0.01999 0.0653784 0.581268
89 0.0197769 0.0663536 0.573444
90 0.0195685 0.0673299 0.56595
91 0.0193667 0.0683075 0.558505
92 0.0191543 0.0692827 0.552111
93 0.0189189 0.0702528 0.547128
94 0.0186656 0.0712183 0.542934
95 0.0183676 0.0721708 0.540927
96 0.0179958 0.073097 0.542123
97 0.0175779 0.0740035 0.544336
98 0.0170968 0.0748776 0.548539
99 0.0165268 0.0756963 0.555727
100 0.015892 0.0764664 0.564021
101 0.0152136 0.0771983 0.572321
102 0.0144824 0.0778773 0.581428
103 0.0137022 0.0784993 0.591122
104 0.0128773 0.0790615 0.601145
105 0.0120363 0.0795985 0.609748
106 0.01118 0.0801113 0.617281
107 0.0102977 0.0805782 0.624727
108 0.00940088 0.0810158 0.631195
109 0.00849139 0.0814269 0.636714
110 0.0075628 0.0817932 0.641921
111 0.00663421 0.0821595 0.644983
112 0.0057045 0.0825227 0.646422
113 0.00475895 0.0828427 0.647677
114 0.00381339 0.0831627 0.64683
115 0.00286729 0.0834809 0.644254
116 0.00190713 0.0837539 0.641209
117 0.000946976 0.084027 0.635488
118 -1.30245e-05 0.0832964 0.661524
119 -1.28676e-05 0.0822929 0.697229
120 -1.27107e-05 0.0812893 0.732936
121 -1.25538e-05 0.0802857 0.768479
122 -1.23968e-05 0.0792821 0.803793
123 -1.22399e-05 0.0782786 0.838891
124 -1.2083e-05 0.077275 0.873787
125 -1.19261e-05 0.0762714 0.908483
126 -1.17691e-05 0.0752679 0.942983
127 -1.16122e-05 0.0742643 0.977287
128 -1.14553e-05 0.0732607 1.01139
129 -1.12984e-05 0.0722571 1.04528
130 -1.11415e-05 0.0712536 1.07894
131 -1.09845e-05 0.07025 1.11234
132 -1.08276e-05 0.0692464 1.14544
133 -1.06707e-05 0.0682429 1.1782
134 -1.05138e-05 0.0672393 1.21058
135 -1.03569e-05 0.0662357 1.2425
136 -1.01999e-05 0.0652321 1.27392
137 -1.0043e-05 0.0642286 1.30478
138 -9.88609e-06 0.063225 1.33501
139 -9.72916e-06 0.0622214 1.36457
140 -9.57224e-06 0.0612179 1.39338
141 -9.41532e-06 0.0602143 1.4214
142 -9.2584e-06 0.0592107 1.44858
143 -9.10148e-06 0.0582071 1.47486
144 -8.94455e-06 0.0572036 1.50019
145 -8.78763e-06 0.0562 1.52454
146 -8.63071e-06 0.0551964 1.54786
147 -8.47379e-06 0.0541929 1.57011
148 -8.31687e-06 0.0531893 1.59126
149 -8.15994e-06 0.0521857 1.61125
150 -8.00302e-06 0.0511821 1.63007
151 -7.8461e-06 0.0501786 1.64767
152 -7.68918e-06 0.049175 1.66402
153 -7.53226e-06 0.0481714 1.67908
154 -7.37533e-06 0.0471679 1.69283
155 -7.21841e-06 0.0461643 1.70523
156 -7.06149e-06 0.0451607 1.71625
157 -6.90457e-06 0.0441571 1.72587
158 -6.74765e-06 0.0431536 1.73404
159 -6.59072e-06 0.04215 1.74074
160 -6.4338e-06 0.0411464 1.74595
161 -6.27688e-06 0.0401429 1.74963
162 -6.11996e-06 0.0391393 1.75176
163 -5.96304e-06 0.0381357 1.75231
164 -5.80611e-06 0.0371321 1.75127
165 -5.64919e-06 0.0361286 1.74861
166 -5.49227e-06 0.035125 1.7443
167 -5.33535e-06 0.0341214 1.73834
168 -5.17843e-06 0.0331179 1.73071
169 -5.0215e-06 0.0321143 1.72139
170 -4.86458e-06 0.0311107 1.71037
171 -4.70766e-06 0.0301071 1.69766
172 -4.55074e-06 0.0291036 1.68325
173 -4.39382e-06 0.0281 1.66714
174 -4.23689e-06 0.0270964 1.64934
175 -4.07997e-06 0.0260929 1.62986
176 -3.92305e-06 0.0250893 1.60873
177 -3.76613e-06 0.0240857 1.58598
178 -3.60921e-06 0.0230821 1.56163
179 -3.45228e-06 0.0220786 1.53573
180 -3.29536e-06 0.021075 1.50833
181 -3.13844e-06 0.0200714 1.47948
182 -2.98152e-06 0.0190679 1.44926
183 -2.8246e-06 0.0180643 1.41772
184 -2.66767e-06 0.0170607 1.38495
185 -2.51075e-06 0.0160571 1.35102
186 -2.35383e-06 0.0150536 1.31601
187 -2.19691e-06 0.01405 1.28
188 -2.03999e-06 0.0130464 1.24305
189 -1.88306e-06 0.0120429 1.20525
190 -1.72614e-06 0.0110393 1.16666
191 -1.56922e-06 0.0100357 1.12732
192 -1.4123e-06 0.00903214 1.08729
193 -1.25538e-06 0.00802857 1.0466
194 -1.09845e-06 0.007025 1.00528
195 -9.41532e-07 0.00602143 0.963372
196 -7.8461e-07 0.00501786 0.92092
197 -6.27688e-07 0.00401429 0.877943
198 -4.70766e-07 0.00301071 0.834462
199 -3.13844e-07 0.00200714 0.790564
200 -1.56922e-07 0.00100357 0.746528
201 0.0157495 0.032147 1.36019
202 0.0154092 0.0312178 1.36899
203 0.0158567 0.0293279 1.33327
204 0.0156817 0.028153 1.32732
205 0.0154772 0.0263901 1.31121
206 0.0161593 0.0313914 1.3371
207 0.0134767 0.0774438 0.629093
208 0.0141678 0.0768114 0.622305
209 0.0148231 0.0761435 0.615462
210 0.0127407 0.0779969 0.637317
211 0.0154502 0.0754601 0.607829
212 0.0119283 0.0784928 0.647321
213 0.0160184 0.0747387 0.601334
214 0.0111063 0.0789739 0.655806
215 0.0165126 0.0739508 0.597542
216 0.0102398 0.0794634 0.662964
217 0.0169402 0.0731244 0.595921
218 0.0093935 0.0799248 0.668265
219 0.0173115 0.0722709 0.596198
220 0.00854059 0.0803701 0.672153
221 0.0176318 0.0713847 0.598561
222 0.00767174 0.0807503 0.676532
223 0.017915 0.0704709 0.602559
224 0.00675465 0.0810818 0.681457
225 0.0181723 0.0695443 0.607653
226 0.0058262 0.0814034 0.684931
227 0.0184015 0.0685952 0.614536
228 0.0049005 0.0817247 0.686359
229 0.0186148 0.0676412 0.622381
230 0.00393557 0.0820564 0.685759
231 0.0188285 0.0666609 0.630918
232 0.00294452 0.0823826 0.683378
233 0.0190482 0.0656822 0.639334
234 0.0018983 0.082626 0.681835
235 0.0192697 0.0647091 0.647937
236 0.000956216 0.0829444 0.674162
237 0.0195141 0.0637143 0.656061
238 0.0197854 0.0627283 0.662728
239 0.0200648 0.0617703 0.66871
240 0.0203707 0.0607923 0.674011
241 0.00105406 0.0818462 0.713163
242 0.0207061 0.0598296 0.677414
243 0.000851299 0.0807682 0.751672
244 0.0210613 0.0588822 0.679548
245 0.000848503 0.0797718 0.786834
246 0.0214334 0.0579291 0.681133
247 0.0008568 0.0787805 0.821593
248 0.0218281 0.0569945 0.680993
249 0.000856957 0.0777769 0.856585
250 0.022239 0.0560717 0.679692
251 0.000857114 0.0767734 0.891378
252 0.022653 0.0551563 0.678125
253 0.000857271 0.0757698 0.925974
254 0.0230957 0.0542294 0.675047
255 0.000857428 0.0747662 0.960377
256 0.0235412 0.0533363 0.670812
257 0.000857585 0.0737626 0.994588
258 0.0239868 0.0524433 0.666432
259 0.000857742 0.0727591 1.0286
260 0.0244447 0.0515422 0.661244
261 0.000857898 0.0717555 1.0624
262 0.0249044 0.0506553 0.655254
263 0.000858055 0.0707519 1.09596
264 0.0253642 0.0497695 0.648826
265 0.000858212 0.0697484 1.12925
266 0.0258179 0.0488876 0.642182
267 0.000858369 0.0687448 1.16223
268 0.0262681 0.0480006 0.635304
269 0.000858526 0.0677412 1.19484
270 0.0267181 0.0471098 0.627873
271 0.000858683 0.0667376 1.22704
272 0.0271562 0.0462271 0.620266
273 0.00085884 0.0657341 1.25877
274 0.0275745 0.0453429 0.613096
275 0.000858997 0.0647305 1.28997
276 0.0279911 0.0444361 0.605615
277 0.000859154 0.0637269 1.32057
278 0.0283986 0.043536 0.59762
279 0.000859311 0.0627234 1.35052
280 0.0287651 0.0426551 0.590761
281 0.000859468 0.0617198 1.37975
282 0.0291251 0.0417245 0.584044
283 0.000859625 0.0607162 1.40822
284 0.0294647 0.0408112 0.577181
285 0.000859781 0.0597126 1.43587
286 0.0297781 0.0398878 0.57086
287 0.000859938 0.0587091 1.46264
288 0.0300619 0.0389587 0.56515
289 0.000860095 0.0577055 1.48849
290 0.0303176 0.0380241 0.559946
291 0.000860252 0.0567019 1.51337
292 0.0305492 0.0370822 0.554973
293 0.000860409 0.0556984 1.53724
294 0.0307366 0.0361345 0.551332
295 0.000860566 0.0546948 1.56006
296 0.0309062 0.0351814 0.547499
297 0.000860723 0.0536912 1.58179
298 0.0310412 0.0342245 0.544391
299 0.00086088 0.0526876 1.60239
300 0.0311303 0.033262 0.54262
301 0.000861037 0.0516841 1.62183
302 0.0312004 0.032297 0.540651
303 0.000861194 0.0506805 1.64007
304 0.0312311 0.0313325 0.539623
305 0.000861351 0.0496769 1.65707
306 0.0312319 0.0303631 0.538991
307 0.000861508 0.0486734 1.67281
308 0.0311884 0.0293986 0.53956
309 0.000861665 0.0476698 1.68724
310 0.0311196 0.0284347 0.540268
311 0.000861821 0.0466662 1.70035
312 0.0310144 0.0274717 0.541726
313 0.000861978 0.0456626 1.71208
314 0.0308914 0.0265139 0.54292
315 0.000862135 0.0446591 1.72243
316 0.0307263 0.0255555 0.545164
317 0.000862292 0.0436555 1.73135
318 0.0305291 0.0246052 0.547939
319 0.000862449 0.0426519 1.73881
320 0.0303181 0.0236599 0.55024
321 0.000862606 0.0416484 1.74479
322 0.0300656 0.0227206 0.553556
323 0.000862763 0.0406448 1.74925
324 0.0297827 0.0217922 0.557325
325 0.00086292 0.0396412 1.75218
326 0.0294801 0.0208715 0.560938
327 0.000863077 0.0386376 1.75355
328 0.0291438 0.0199654 0.565202
329 0.000863234 0.0376341 1.75332
330 0.0287734 0.019072 0.570075
331 0.000863391 0.0366305 1.75149
332 0.0283836 0.0181874 0.574702
333 0.000863548 0.0356269 1.74802
334 0.0279573 0.0173253 0.580152
335 0.000863705 0.0346234 1.7429
336 0.0274861 0.0164908 0.586888
337 0.000863861 0.0336198 1.73611
338 0.027001 0.0156621 0.592927
339 0.000864018 0.0326162 1.72764
340 0.0264788 0.014867 0.59991
341 0.000864175 0.0316126 1.71748
342 0.0259061 0.0140962 0.608223
343 0.000864332 0.0306091 1.70562
344 0.0253079 0.0133437 0.616531
345 0.000864489 0.0296055 1.69206
346 0.0246924 0.0126058 0.624297
347 0.000864646 0.0286019 1.67679
348 0.0240388 0.0119167 0.633279
349 0.000864803 0.0275984 1.65982
350 0.0233259 0.0112675 0.644137
351 0.00086496 0.0265948 1.64116
352 0.0226045 0.0106318 0.654032
353 0.000865117 0.0255912 1.62084
354 0.021872 0.0100067 0.66297
355 0.000865274 0.0245876 1.59887
356 0.021117 0.00942171 0.672274
357 0.000865431 0.0235841 1.57528
358 0.0203257 0.00888233 0.682707
359 0.000865588 0.0225805 1.55011
360 0.0195156 0.00836908 0.693057
361 0.000865745 0.0215769 1.52341
362 0.0186642 0.00785111 0.703015
363 0.000865901 0.0205734 1.49523
364 0.0178262 0.00735032 0.711477
365 0.000866058 0.0195698 1.46563
366 0.0169839 0.00685684 0.718713
367 0.000866215 0.0185662 1.43469
368 0.0161346 0.00642451 0.726876
369 0.000866372 0.0175626 1.40246
370 0.0152453 0.00603331 0.736242
371 0.000866529 0.0165591 1.36903
372 0.0143496 0.00565051 0.744644
373 0.000866686 0.0155555 1.33449
374 0.0134298 0.00526522 0.752059
375 0.000866843 0.0145519 1.29891
376 0.0125101 0.00488014 0.75799
377 0.000867 0.0135484 1.26236
378 0.01159 0.00449526 0.762415
379 0.000867157 0.0125448 1.22493
380 0.010685 0.0041289 0.765773
381 0.000867314 0.0115412 1.18667
382 0.00977557 0.00377954 0.768503
383 0.000867471 0.0105376 1.14766
384 0.0088527 0.00347911 0.77214
385 0.000867628 0.00953406 1.10794
386 0.00792221 0.00319741 0.775251
387 0.000867785 0.00853049 1.06754
388 0.00696114 0.00291897 0.777533
389 0.000867941 0.00752692 1.02652
390 0.00600007 0.0026405 0.778359
391 0.00088556 0.00651315 0.98444
392 0.0050392 0.00236184 0.777692
393 0.000888567 0.00550863 0.942189
394 0.00404265 0.00208319 0.775704
395 0.000878599 0.00450759 0.899558
396 0.00304113 0.00180224 0.771666
397 0.000879351 0.0034891 0.855647
398 0.00200128 0.00156839 0.767825
399 0.00110505 0.0023893 0.807483
400 0.00101416 0.00133475 0.761219
401 0.0132517 0.0764861 0.664123
402 0.0125656 0.0770058 0.672215
403 0.0139012 0.075873 0.657912
404 0.0144603 0.0752189 0.654221
405 0.0118314 0.0775061 0.680381
406 0.0150238 0.0745573 0.648649
407 0.0110489 0.0779913 0.688356
408 0.0155475 0.0738863 0.643086
409 0.0102354 0.0784677 0.695317
410 0.0159935 0.0731329 0.641253
411 0.00940855 0.0789218 0.701186
412 0.0163244 0.072342 0.644392
413 0.00857844 0.0793566 0.705677
414 0.0166438 0.0715169 0.647803
415 0.00774329 0.0797525 0.709567
416 0.0169391 0.0706557 0.652305
417 0.00688219 0.0801005 0.713631
418 0.0172059 0.0697677 0.658168
419 0.00598248 0.0804229 0.717279
420 0.0174452 0.0688629 0.665395
421 0.00505302 0.0807385 0.719555
422 0.0176637 0.0679208 0.674351
423 0.00412943 0.0810722 0.718957
424 0.0178739 0.0669662 0.683955
425 0.00317538 0.0814306 0.71561
426 0.0180919 0.0659816 0.693814
427 0.00214343 0.081794 0.710206
428 0.0183155 0.0650038 0.703288
429 0.0185451 0.0639937 0.713425
430 0.0188045 0.0629948 0.721667
431 0.0190948 0.0620071 0.727922
432 0.0193826 0.0610114 0.734886
433 0.0197111 0.0600254 0.739243
434 0.0200669 0.0590488 0.741849
435 0.00169496 0.0802433 0.76754
436 0.0204364 0.0580847 0.743475
437 0.00172495 0.0792796 0.801332
438 0.020826 0.0571256 0.74386
439 0.001744 0.0782916 0.835792
440 0.0212457 0.0561739 0.742218
441 0.00174136 0.0772855 0.870758
442 0.0216547 0.0552561 0.740441
443 0.00172507 0.0762717 0.905837
444 0.0220802 0.0543136 0.738261
445 0.00172523 0.0752681 0.940285
446 0.0225445 0.0533967 0.73284
447 0.00172539 0.0742646 0.974536
448 0.02299 0.0525037 0.727847
449 0.00172554 0.073261 1.00859
450 0.0234387 0.0515978 0.722754
451 0.0017257 0.0722574 1.04244
452 0.0239062 0.0507005 0.715959
453 0.00172586 0.0712538 1.07606
454 0.0243666 0.0498139 0.708965
455 0.00172601 0.0702503 1.10943
456 0.0248248 0.0489343 0.701488
457 0.00172617 0.0692467 1.14251
458 0.0252733 0.0480534 0.694109
459 0.00172633 0.0682431 1.17527
460 0.025721 0.0471652 0.686327
461 0.00172648 0.0672396 1.20763
462 0.0261682 0.0462869 0.677715
463 0.00172664 0.066236 1.23956
464 0.0265928 0.0454195 0.669519
465 0.0017268 0.0652324 1.271
466 0.0269968 0.0445285 0.662213
467 0.00172696 0.0642288 1.30187
468 0.0273962 0.043643 0.654225
469 0.00172711 0.0632253 1.33213
470 0.0277789 0.0427582 0.646322
471 0.00172727 0.0622217 1.36171
472 0.0281352 0.0418696 0.639083
473 0.00172743 0.0612181 1.39055
474 0.0284723 0.0409727 0.63209
475 0.00172758 0.0602146 1.4186
476 0.0287908 0.0400727 0.625191
477 0.00172774 0.059211 1.44581
478 0.029081 0.0391699 0.618895
479 0.0017279 0.0582074 1.47213
480 0.0293447 0.038263 0.613077
481 0.00172805 0.0572038 1.49751
482 0.0295817 0.0373509 0.607725
483 0.00172821 0.0562003 1.5219
484 0.0297877 0.0364345 0.60304
485 0.00172837 0.0551967 1.54527
486 0.0299613 0.0355122 0.599076
487 0.00172852 0.0541931 1.56757
488 0.0301066 0.0345847 0.595569
489 0.00172868 0.0531896 1.58876
490 0.0302189 0.0336546 0.592753
491 0.00172884 0.052186 1.60881
492 0.0302939 0.0327226 0.590845
493 0.001729 0.0511824 1.62769
494 0.0303411 0.031788 0.589296
495 0.00172915 0.0501788 1.64534
496 0.0303558 0.0308521 0.588363
497 0.00172931 0.0491753 1.66175
498 0.0303336 0.0299153 0.588275
499 0.00172947 0.0481717 1.67688
500 0.0302841 0.0289794 0.588494
501 0.00172962 0.0471681 1.6907
502 0.0302037 0.0280445 0.589207
503 0.00172978 0.0461646 1.70316
504 0.0300871 0.0271113 0.590705
505 0.00172994 0.045161 1.71425
506 0.0299464 0.0261819 0.592326
507 0.00173009 0.0441574 1.72393
508 0.029776 0.0252526 0.594329
509 0.00173025 0.0431538 1.73217
510 0.0295729 0.0243309 0.596933
511 0.00173041 0.0421503 1.73894
512 0.0293473 0.0234164 0.599575
513 0.00173056 0.0411467 1.74421
514 0.0290925 0.0225067 0.602576
515 0.00173072 0.0401431 1.74795
516 0.0288063 0.0216092 0.606117
517 0.00173088 0.0391396 1.75015
518 0.0284966 0.0207232 0.609764
519 0.00173104 0.038136 1.75077
520 0.0281534 0.019851 0.614053
521 0.00173119 0.0371324 1.74978
522 0.0277851 0.018993 0.618527
523 0.00173135 0.0361288 1.74718
524 0.0273875 0.0181511 0.623407
525 0.00173151 0.0351253 1.74293
526 0.0269546 0.0173317 0.629068
527 0.00173166 0.0341217 1.73702
528 0.0264963 0.01653 0.634914
529 0.00173182 0.0331181 1.72943
530 0.0260082 0.015748 0.641159
531 0.00173198 0.0321146 1.72016
532 0.0254861 0.0149934 0.648138
533 0.00173213 0.031111 1.70918
534 0.0249316 0.01426 0.655602
535 0.00173229 0.0301074 1.6965
536 0.0243401 0.0135517 0.663789
537 0.00173245 0.0291038 1.68212
538 0.0237223 0.0128717 0.67227
539 0.0017326 0.0281003 1.66603
540 0.0230682 0.0122254 0.681616
541 0.00173276 0.0270967 1.64825
542 0.0223838 0.0115986 0.691167
543 0.00173292 0.0260931 1.62879
544 0.0216825 0.0109927 0.700393
545 0.00173308 0.0250896 1.60766
546 0.020964 0.0104128 0.709464
547 0.00173323 0.024086 1.5849
548 0.0202177 0.00987094 0.719185
549 0.00173339 0.0230824 1.56054
550 0.0194379 0.00935301 0.729325
551 0.00173355 0.0220788 1.53462
552 0.0186268 0.00884519 0.739299
553 0.0017337 0.0210753 1.5072
554 0.0178064 0.00834812 0.748348
555 0.00173386 0.0200717 1.47832
556 0.016978 0.00786665 0.756607
557 0.00173402 0.0190681 1.44805
558 0.0161653 0.007418 0.764053
559 0.00173417 0.0180646 1.41647
560 0.0153221 0.0070231 0.77294
561 0.00173433 0.017061 1.38365
562 0.0144515 0.00663489 0.781393
563 0.00173449 0.0160574 1.34967
564 0.0135556 0.00625528 0.789363
565 0.00173464 0.0150538 1.31461
566 0.0126361 0.0058701 0.796167
567 0.0017348 0.0140503 1.27855
568 0.0117164 0.00548536 0.801415
569 0.00173496 0.0130467 1.24157
570 0.0108168 0.00511749 0.805366
571 0.00173512 0.0120431 1.20373
572 0.00991983 0.00477041 0.808646
573 0.00173527 0.0110396 1.1651
574 0.00903291 0.00445765 0.811745
575 0.00173543 0.010036 1.12574
576 0.00811927 0.00417102 0.814993
577 0.00173559 0.00903241 1.08568
578 0.00720059 0.00389031 0.817118
579 0.00173574 0.00802884 1.04497
580 0.00621816 0.00362186 0.819191
581 0.00176893 0.00699882 1.00241
582 0.00523887 0.00334843 0.819351
583 0.00179014 0.00598533 0.959958
584 0.0042723 0.00305962 0.816947
585 0.0017782 0.00498893 0.917763
586 0.00326926 0.002762 0.812577
587 0.00173704 0.00402183 0.876392
588 0.00222275 0.00245967 0.806093
589 0.00164862 0.0810989 0.737402
590 0.0123661 0.0760453 0.706841
591 0.0130801 0.0756569 0.693559
592 0.0116982 0.0765203 0.714188
593 0.0134888 0.0749565 0.698457
594 0.0140507 0.0743216 0.694261
595 0.0109699 0.0770088 0.721097
596 0.0145872 0.07369 0.689215
597 0.0102031 0.0774857 0.727456
598 0.0151454 0.0731502 0.67909
599 0.00940254 0.0779352 0.733525
600 0.0153611 0.0723811 0.688823
601 0.00859449 0.0783636 0.738414
602 0.0156564 0.0716123 0.694048
603 0.00778676 0.0787614 0.742336
604 0.015959 0.0708025 0.699046
605 0.00697055 0.0791249 0.745675
606 0.0162348 0.0699588 0.705398
607 0.00611144 0.0794472 0.74929
608 0.0164809 0.0690843 0.713385
609 0.00520055 0.0797463 0.752488
610 0.0167066 0.0681872 0.722542
611 0.00428426 0.0800665 0.75285
612 0.0169235 0.0672512 0.732797
613 0.00339107 0.0804187 0.749661
614 0.017133 0.0662857 0.744003
615 0.0173579 0.0652992 0.754743
616 0.0175748 0.0642907 0.766504
617 0.017822 0.0632708 0.776796
618 0.0180988 0.062257 0.785194
619 0.0183925 0.0612462 0.792549
620 0.018704 0.0602394 0.798795
621 0.0190566 0.0592405 0.80232
622 0.0194258 0.0582528 0.804554
623 0.00257827 0.0798219 0.777324
624 0.0198117 0.0572732 0.805563
625 0.00262593 0.0788262 0.811927
626 0.0202226 0.0563056 0.804672
627 0.00264642 0.0778159 0.846951
628 0.0206569 0.0553615 0.801645
629 0.00263107 0.076795 0.882351
630 0.0210726 0.0544053 0.800035
631 0.00260939 0.0757774 0.917448
632 0.0215193 0.053476 0.795621
633 0.00259319 0.0747665 0.952066
634 0.0219932 0.052564 0.788875
635 0.00259334 0.0737629 0.986107
636 0.0224332 0.0516639 0.783706
637 0.0025935 0.0727593 1.01994
638 0.0228989 0.0507462 0.777043
639 0.00259366 0.0717558 1.05356
640 0.0233683 0.0498583 0.76906
641 0.00259382 0.0707522 1.08694
642 0.0238314 0.048976 0.760902
643 0.00259397 0.0697486 1.12006
644 0.0242826 0.0481036 0.752744
645 0.00259413 0.0687451 1.15287
646 0.0247263 0.0472207 0.744702
647 0.00259429 0.0677415 1.18533
648 0.0251795 0.0463365 0.735483
649 0.00259444 0.0667379 1.21739
650 0.0256095 0.0454757 0.726517
651 0.0025946 0.0657343 1.24898
652 0.0260164 0.0446211 0.718097
653 0.00259476 0.0647308 1.28006
654 0.0264105 0.043736 0.710182
655 0.00259491 0.0637272 1.31057
656 0.0267902 0.0428582 0.702147
657 0.00259507 0.0627236 1.34043
658 0.0271487 0.0419907 0.694314
659 0.00259523 0.0617201 1.3696
660 0.0274918 0.0411163 0.686568
661 0.00259538 0.0607165 1.39802
662 0.0278123 0.0402366 0.679257
663 0.00259554 0.0597129 1.42563
664 0.0281098 0.0393556 0.672304
665 0.0025957 0.0587093 1.45238
666 0.0283748 0.0384763 0.66619
667 0.00259586 0.0577058 1.47823
668 0.0286176 0.0375911 0.660375
669 0.00259601 0.0567022 1.50312
670 0.028831 0.0367028 0.655205
671 0.00259617 0.0556986 1.52702
672 0.0290158 0.0358123 0.650608
673 0.00259633 0.0546951 1.54987
674 0.0291721 0.0349158 0.646575
675 0.00259648 0.0536915 1.57165
676 0.029297 0.0340181 0.64321
677 0.00259664 0.0526879 1.59231
678 0.0293872 0.0331174 0.640694
679 0.0025968 0.0516843 1.61182
680 0.0294459 0.0322146 0.638824
681 0.00259695 0.0506808 1.63014
682 0.0294783 0.0313114 0.637295
683 0.00259711 0.0496772 1.64723
684 0.0294747 0.0304033 0.636626
685 0.00259727 0.0486736 1.66306
686 0.0294405 0.029496 0.6365
687 0.00259742 0.0476701 1.6776
688 0.0293749 0.02859 0.636954
689 0.00259758 0.0466665 1.6908
690 0.0292816 0.0276848 0.637778
691 0.00259774 0.0456629 1.70265
692 0.0291582 0.0267802 0.639078
693 0.0025979 0.0446593 1.71311
694 0.0290047 0.0258773 0.640837
695 0.00259805 0.0436558 1.72214
696 0.0288237 0.0249785 0.642928
697 0.00259821 0.0426522 1.72972
698 0.0286186 0.0240857 0.645167
699 0.00259837 0.0416486 1.73582
700 0.0283829 0.0231998 0.647889
701 0.00259852 0.0406451 1.74041
702 0.0281206 0.0223239 0.650909
703 0.00259868 0.0396415 1.74345
704 0.027835 0.0214573 0.654039
705 0.00259884 0.0386379 1.74494
706 0.0275159 0.0206086 0.657898
707 0.00259899 0.0376343 1.74483
708 0.0271716 0.0197712 0.661958
709 0.00259915 0.0366308 1.74311
710 0.0268006 0.0189484 0.666316
711 0.00259931 0.0356272 1.73976
712 0.0263983 0.01815 0.671357
713 0.00259946 0.0346236 1.73475
714 0.0259696 0.017367 0.676658
715 0.00259962 0.0336201 1.72807
716 0.0255123 0.0166035 0.682376
717 0.00259978 0.0326165 1.71971
718 0.0250276 0.0158649 0.688541
719 0.00259993 0.0316129 1.70965
720 0.0245201 0.0151498 0.694918
721 0.00260009 0.0306093 1.69789
722 0.0239689 0.0144551 0.702313
723 0.00260025 0.0296058 1.68442
724 0.0233884 0.0138013 0.710571
725 0.00260041 0.0286022 1.66925
726 0.0227742 0.013168 0.719363
727 0.00260056 0.0275986 1.65237
728 0.0221343 0.0125506 0.728185
729 0.00260072 0.0265951 1.63381
730 0.021466 0.0119562 0.737303
731 0.00260088 0.0255915 1.61357
732 0.0207772 0.0113858 0.746416
733 0.00260103 0.0245879 1.59168
734 0.0200708 0.0108513 0.755807
735 0.00260119 0.0235843 1.56817
736 0.0193383 0.0103336 0.765219
737 0.00260135 0.0225808 1.54307
738 0.0185593 0.00983088 0.775237
739 0.0026015 0.0215772 1.51645
740 0.0177671 0.00933468 0.784367
741 0.00260166 0.0205736 1.48834
742 0.0169619 0.00886777 0.793388
743 0.00260182 0.0195701 1.45882
744 0.0161582 0.00842256 0.801632
745 0.00260197 0.0185665 1.42794
746 0.0153539 0.00801043 0.809658
747 0.00260213 0.0175629 1.39578
748 0.0145296 0.00762246 0.817755
749 0.00260229 0.0165593 1.36242
750 0.0136533 0.00723952 0.825994
751 0.00260245 0.0155558 1.32795
752 0.0127619 0.00686001 0.833225
753 0.0026026 0.0145522 1.29243
754 0.0118426 0.00647518 0.839329
755 0.00260276 0.0135486 1.25595
756 0.0109427 0.00610347 0.843923
757 0.00260292 0.0125451 1.21858
758 0.0100548 0.00575516 0.847694
759 0.00260307 0.0115415 1.18038
760 0.00918505 0.00543549 0.850835
761 0.00260323 0.0105379 1.14141
762 0.00831425 0.00514332 0.853744
763 0.00260339 0.00953434 1.10172
764 0.00739015 0.00486429 0.856637
765 0.00260354 0.00853076 1.06135
766 0.00643828 0.00459302 0.858697
767 0.00262692 0.0074985 1.01901
768 0.00545225 0.00433151 0.859952
769 0.00270399 0.0064498 0.97502
770 0.00445906 0.00406174 0.859087
771 0.00273404 0.00542825 0.931743
772 0.00348473 0.00375697 0.854548
773 0.00265537 0.00441483 0.888841
774 0.00255279 0.0034296 0.846717
775 0.00169525 0.00315133 0.838725
776 0.00250878 0.08082 0.742495
777 0.0115761 0.0755254 0.747698
778 0.0155617 0.0271898 1.31958
779 0.0159519 0.047747 1.24188
780 0.0108594 0.0760204 0.754609
781 0.0130739 0.0741185 0.736961
782 0.0136685 0.0733951 0.734141
783 0.0101213 0.0765064 0.760448
784 0.0142935 0.072651 0.728618
785 0.00936575 0.0769621 0.765743
786 0.00858607 0.0773799 0.770918
787 0.0146579 0.071721 0.736908
788 0.00780481 0.0777736 0.775007
789 0.014973 0.0709172 0.743147
790 0.00702278 0.0781416 0.778119
791 0.0152614 0.0701066 0.74994
792 0.00622791 0.0784935 0.780208
793 0.0155176 0.0692827 0.75792
794 0.00533059 0.0787671 0.784694
795 0.0157461 0.068418 0.767766
796 0.00441749 0.079035 0.78743
797 0.0159655 0.0675152 0.778581
798 0.00348234 0.0794157 0.784158
799 0.0161787 0.0665683 0.79049
800 0.0163951 0.0655986 0.802543
801 0.0166055 0.0645871 0.815801
802 0.0168331 0.0635582 0.828425
803 0.0170943 0.0625314 0.838957
804 0.017387 0.0615035 0.847538
805 0.017685 0.0604786 0.855618
806 0.0180194 0.0594482 0.861546
807 0.0183986 0.0584414 0.863991
808 0.0187855 0.0574361 0.865781
809 0.0191891 0.0564488 0.865925
810 0.00355946 0.0783787 0.819617
811 0.0196256 0.0554802 0.863371
812 0.00356178 0.0773315 0.855817
813 0.0200496 0.0545113 0.861395
814 0.00350546 0.0762831 0.892347
815 0.0204821 0.0535476 0.858515
816 0.00347419 0.0752664 0.927306
817 0.0209585 0.0526295 0.851518
818 0.00346115 0.0742648 0.961356
819 0.0214252 0.0517186 0.844645
820 0.0034613 0.0732613 0.995126
821 0.0218804 0.0508063 0.838149
822 0.00346146 0.0722577 1.02868
823 0.022366 0.0498965 0.829325
824 0.00346162 0.0712541 1.06201
825 0.0228346 0.0490155 0.82044
826 0.00346177 0.0702505 1.09508
827 0.0232961 0.0481462 0.811246
828 0.00346193 0.069247 1.12788
829 0.0237362 0.047276 0.802812
830 0.00346209 0.0682434 1.16036
831 0.0241852 0.0463851 0.793642
832 0.00346224 0.0672398 1.19247
833 0.0246141 0.0455299 0.784331
834 0.0034624 0.0662363 1.22416
835 0.0250325 0.0446768 0.774925
836 0.00346256 0.0652327 1.25538
837 0.0254307 0.0438161 0.766107
838 0.00346271 0.0642291 1.28606
839 0.0258054 0.0429531 0.757919
840 0.00346287 0.0632255 1.31615
841 0.0261658 0.0420959 0.749655
842 0.00346303 0.062222 1.34559
843 0.0265101 0.0412376 0.741492
844 0.00346319 0.0612184 1.37432
845 0.0268347 0.0403785 0.733593
846 0.00346334 0.0602148 1.40228
847 0.0271343 0.0395193 0.726221
848 0.0034635 0.0592113 1.42943
849 0.0274086 0.0386613 0.719356
850 0.00346366 0.0582077 1.45571
851 0.0276521 0.0378042 0.713287
852 0.00346381 0.0572041 1.48108
853 0.0278721 0.036943 0.70762
854 0.00346397 0.0562005 1.50549
855 0.0280664 0.0360803 0.702435
856 0.00346413 0.055197 1.52889
857 0.0282309 0.035215 0.697936
858 0.00346428 0.0541934 1.55124
859 0.0283645 0.0343474 0.694169
860 0.00346444 0.0531898 1.57251
861 0.0284709 0.0334807 0.690898
862 0.0034646 0.0521863 1.59265
863 0.0285448 0.0326101 0.68841
864 0.00346475 0.0511827 1.61162
865 0.0285866 0.0317365 0.686655
866 0.00346491 0.0501791 1.6294
867 0.0286018 0.0308614 0.685318
868 0.00346507 0.0491755 1.64594
869 0.0285874 0.0299845 0.68453
870 0.00346523 0.048172 1.66121
871 0.0285374 0.0291055 0.684604
872 0.00346538 0.0471684 1.67517
873 0.0284631 0.028228 0.684909
874 0.00346554 0.0461648 1.68779
875 0.0283539 0.0273509 0.686007
876 0.0034657 0.0451613 1.69904
877 0.0282177 0.0264752 0.687448
878 0.00346585 0.0441577 1.70889
879 0.028061 0.0255997 0.688852
880 0.00346601 0.0431541 1.7173
881 0.0278714 0.0247306 0.690917
882 0.00346617 0.0421505 1.72425
883 0.0276569 0.0238673 0.693193
884 0.00346632 0.041147 1.72969
885 0.0274187 0.0230115 0.695624
886 0.00346648 0.0401434 1.73362
887 0.0271525 0.022169 0.698492
888 0.00346664 0.0391398 1.73599
889 0.0268583 0.0213381 0.701762
890 0.00346679 0.0381363 1.73678
891 0.0265367 0.0205245 0.705473
892 0.00346695 0.0371327 1.73598
893 0.026191 0.0197237 0.70939
894 0.00346711 0.0361291 1.73354
895 0.0258164 0.0189425 0.71383
896 0.00346727 0.0351255 1.72946
897 0.0254162 0.0181785 0.718589
898 0.00346742 0.034122 1.72372
899 0.0249865 0.0174355 0.723904
900 0.00346758 0.0331184 1.7163
901 0.024533 0.016716 0.729551
902 0.00346774 0.0321148 1.70719
903 0.0240622 0.016013 0.735076
904 0.00346789 0.0311113 1.69637
905 0.0235827 0.015325 0.740059
906 0.00346805 0.0301077 1.68385
907 0.0230118 0.014683 0.748789
908 0.00346821 0.0291041 1.66962
909 0.0224433 0.0140927 0.757436
910 0.00346836 0.0281005 1.65368
911 0.0218522 0.0134919 0.765458
912 0.00346852 0.027097 1.63604
913 0.0212247 0.0129012 0.773843
914 0.00346868 0.0260934 1.61672
915 0.0205676 0.0123463 0.783004
916 0.00346883 0.0250898 1.59574
917 0.0198924 0.0118223 0.79239
918 0.00346899 0.0240863 1.57312
919 0.0191943 0.0113135 0.801709
920 0.00346915 0.0230827 1.54889
921 0.0184627 0.0108092 0.810934
922 0.00346931 0.0220791 1.52311
923 0.0177056 0.010318 0.819991
924 0.00346946 0.0210755 1.49582
925 0.0169271 0.00984845 0.82899
926 0.00346962 0.020072 1.46708
927 0.0161402 0.00941168 0.83792
928 0.00346978 0.0190684 1.43695
929 0.0153565 0.00900181 0.846299
930 0.00346993 0.0180648 1.40551
931 0.0145659 0.00861077 0.854195
932 0.00347009 0.0170613 1.37283
933 0.0137331 0.00822779 0.862151
934 0.00347025 0.0160577 1.33899
935 0.0128577 0.00784496 0.869729
936 0.0034704 0.0150541 1.30407
937 0.0119685 0.00746479 0.876175
938 0.00347056 0.0140505 1.26814
939 0.0110706 0.00709359 0.881581
940 0.00347072 0.013047 1.23129
941 0.0101825 0.0067409 0.885933
942 0.00347087 0.0120434 1.19357
943 0.00931922 0.00641531 0.889383
944 0.00347103 0.0110398 1.15505
945 0.00845842 0.00611876 0.892547
946 0.00347119 0.0100363 1.11577
947 0.00757406 0.00584195 0.895486
948 0.00347135 0.00903269 1.07577
949 0.00666677 0.00556194 0.897137
950 0.00348123 0.00801724 1.03453
951 0.00568091 0.0053012 0.899007
952 0.00348902 0.00697289 0.991421
953 0.00464943 0.00506746 0.900635
954 0.00377661 0.00589667 0.944125
955 0.00363405 0.00478203 0.897739
956 0.0106858 0.0750446 0.789379
957 0.0113899 0.0745651 0.782013
958 0.0120777 0.0739426 0.777359
959 0.010006 0.0755312 0.793951
960 0.0126472 0.0732294 0.777407
961 0.0132138 0.0725319 0.775305
962 0.00930652 0.0760146 0.797365
963 0.0136644 0.0717394 0.778619
964 0.00855383 0.0764127 0.803048
965 0.00779065 0.076797 0.807567
966 0.0139803 0.0709728 0.785694
967 0.00703925 0.0771604 0.810724
968 0.0142854 0.0702115 0.792251
969 0.00628547 0.0775052 0.812828
970 0.0145576 0.0694296 0.800006
971 0.00555759 0.0779292 0.810115
972 0.0147694 0.0686264 0.810653
973 0.00456578 0.0779232 0.824169
974 0.0150046 0.0677657 0.821134
975 0.0152171 0.0668375 0.834013
976 0.0154295 0.0658987 0.846805
977 0.0156378 0.0648998 0.861032
978 0.0158351 0.0638586 0.876689
979 0.0160702 0.0628158 0.890141
980 0.016355 0.0617703 0.900627
981 0.0166655 0.0607142 0.9096
982 0.0169611 0.0596601 0.919124
983 0.0173446 0.058638 0.922401
984 0.0177457 0.0576172 0.92424
985 0.0181371 0.0565997 0.926242
986 0.0185653 0.0556029 0.925186
987 0.0190126 0.0546192 0.922266
988 0.00442494 0.0767668 0.865512
989 0.0194534 0.0536463 0.919116
990 0.00436443 0.0757427 0.901081
991 0.0199202 0.052693 0.913526
992 0.0043374 0.0747554 0.93475
993 0.0203943 0.0517759 0.906236
994 0.0043291 0.0737632 0.968131
995 0.0208762 0.0508677 0.897846
996 0.00432926 0.0727596 1.00157
997 0.0213457 0.0499572 0.889806
998 0.00432942 0.071756 1.03477
999 0.0218367 0.0490499 0.879896
1000 0.00432957 0.0707525 1.06774
1001 0.0223076 0.0481787 0.869907
1002 0.00432973 0.0697489 1.10045
1003 0.0227549 0.0473261 0.860414
1004 0.00432989 0.0687453 1.13287
1005 0.0231884 0.0464413 0.851783
1006 0.00433005 0.0677418 1.16496
1007 0.0236276 0.0455771 0.841765
1008 0.0043302 0.0667382 1.19667
1009 0.0240381 0.0447307 0.832453
1010 0.00433036 0.0657346 1.22794
1011 0.0244402 0.0438824 0.822969
1012 0.00433052 0.064731 1.25873
1013 0.0248215 0.0430353 0.81394
1014 0.00433067 0.0637275 1.28898
1015 0.0251847 0.0421881 0.805189
1016 0.00433083 0.0627239 1.31863
1017 0.0255303 0.0413445 0.796595
1018 0.00433099 0.0617203 1.34761
1019 0.025856 0.0405022 0.788306
1020 0.00433114 0.0607168 1.37588
1021 0.0261565 0.0396633 0.78057
1022 0.0043313 0.0597132 1.40338
1023 0.026435 0.0388278 0.773193
1024 0.00433146 0.0587096 1.43006
1025 0.0266865 0.0379935 0.766455
1026 0.00433161 0.057706 1.45587
1027 0.0269099 0.0371577 0.760426
1028 0.00433177 0.0567025 1.48075
1029 0.0271108 0.0363212 0.754752
1030 0.00433193 0.0556989 1.50467
1031 0.0272847 0.0354848 0.749671
1032 0.00433209 0.0546953 1.52758
1033 0.0274276 0.0346466 0.745398
1034 0.00433224 0.0536918 1.54944
1035 0.0275429 0.0338089 0.741706
1036 0.0043324 0.0526882 1.57021
1037 0.0276328 0.0329721 0.73847
1038 0.00433256 0.0516846 1.58984
1039 0.0276915 0.0321302 0.736
1040 0.00433271 0.050681 1.6083
1041 0.027719 0.0312853 0.734259
1042 0.00433287 0.0496775 1.62556
1043 0.0277168 0.0304396 0.733152
1044 0.00433303 0.0486739 1.64157
1045 0.0276871 0.0295918 0.732517
1046 0.00433318 0.0476703 1.6563
1047 0.0276279 0.0287428 0.732457
1048 0.00433334 0.0466668 1.66971
1049 0.0275355 0.0278952 0.733157
1050 0.0043335 0.0456632 1.68177
1051 0.027414 0.0270503 0.73437
1052 0.00433365 0.0446596 1.69245
1053 0.0272759 0.0261995 0.735357
1054 0.00433381 0.043656 1.70171
1055 0.0271103 0.0253518 0.73673
1056 0.00433397 0.0426525 1.70952
1057 0.0269121 0.0245116 0.738768
1058 0.00433413 0.0416489 1.71585
1059 0.0266918 0.0236798 0.740928
1060 0.00433428 0.0406453 1.72067
1061 0.0264547 0.0228555 0.742922
1062 0.00433444 0.0396418 1.72395
1063 0.0261844 0.0220451 0.745648
1064 0.0043346 0.0386382 1.72567
1065 0.0258822 0.0212517 0.749082
1066 0.00433475 0.0376346 1.7258
1067 0.0255564 0.0204792 0.752865
1068 0.00433491 0.036631 1.72432
1069 0.0252144 0.0197168 0.756464
1070 0.00433507 0.0356275 1.72119
1071 0.0248436 0.018969 0.760545
1072 0.00433522 0.0346239 1.71641
1073 0.0244345 0.0182449 0.7657
1074 0.00433538 0.0336203 1.70996
1075 0.0240075 0.0175422 0.770924
1076 0.00433554 0.0326168 1.70182
1077 0.0235605 0.0168533 0.776156
1078 0.00433569 0.0316132 1.69198
1079 0.0231004 0.0161667 0.780801
1080 0.00433585 0.0306096 1.68043
1081 0.0227315 0.0154616 0.779832
1082 0.00433601 0.029606 1.66717
1083 0.0220826 0.0150015 0.795711
1084 0.00433617 0.0286025 1.6522
1085 0.0215214 0.0144287 0.803888
1086 0.00433632 0.0275989 1.63552
1087 0.0209558 0.0138308 0.810325
1088 0.00433648 0.0265953 1.61715
1089 0.0203356 0.0132712 0.818643
1090 0.00433664 0.0255918 1.59711
1091 0.0196855 0.0127865 0.828995
1092 0.00433679 0.0245882 1.57542
1093 0.0190222 0.0122829 0.838006
1094 0.00433695 0.0235846 1.5521
1095 0.0183321 0.0117848 0.84681
1096 0.00433711 0.022581 1.5272
1097 0.0176218 0.0112928 0.855127
1098 0.00433726 0.0215775 1.50077
1099 0.0168725 0.0108231 0.86405
1100 0.00433742 0.0205739 1.47286
1101 0.0161026 0.0103863 0.873308
1102 0.00433758 0.0195703 1.44353
1103 0.0153352 0.00998746 0.882419
1104 0.00433773 0.0185668 1.41286
1105 0.0145689 0.00960073 0.890596
1106 0.00433789 0.0175632 1.3809
1107 0.0137736 0.00921436 0.898237
1108 0.00433805 0.0165596 1.34775
1109 0.0129345 0.00883544 0.90588
1110 0.00433821 0.015556 1.31347
1111 0.0120658 0.00845538 0.91269
1112 0.00433836 0.0145525 1.27816
1113 0.0111945 0.00808637 0.91841
1114 0.00433852 0.0135489 1.24187
1115 0.0103109 0.00773052 0.923337
1116 0.00433868 0.0125453 1.20469
1117 0.009447 0.00739804 0.927232
1118 0.00433883 0.0115418 1.16667
1119 0.00859183 0.00708991 0.930454
1120 0.00433899 0.0105382 1.12785
1121 0.00772538 0.00681587 0.933802
1122 0.00436618 0.00952515 1.08765
1123 0.00683246 0.00655365 0.936555
1124 0.00437228 0.0085196 1.04723
1125 0.0059203 0.0062713 0.937134
1126 0.00433618 0.00754679 1.00784
1127 0.00491795 0.00599627 0.937333
1128 0.00433327 0.00667352 0.971604
1129 0.00981024 0.0745561 0.829547
1130 0.0104659 0.0740739 0.82527
1131 0.0111884 0.0737242 0.813195
1132 0.0116291 0.073023 0.819206
1133 0.00926687 0.0751583 0.825322
1134 0.0121991 0.0723213 0.819218
1135 0.0127892 0.0717641 0.812633
1136 0.00851339 0.0754603 0.834589
1137 0.0130004 0.0709919 0.825637
1138 0.00775784 0.075826 0.840021
1139 0.00698149 0.0762131 0.8433
1140 0.0132941 0.0702485 0.833812
1141 0.00618574 0.0766124 0.844601
1142 0.013718 0.0695952 0.833186
1143 0.00535152 0.077075 0.84236
1144 0.0137464 0.0688097 0.852759
1145 0.0140298 0.0679874 0.861582
1146 0.0142527 0.0671065 0.87416
1147 0.0144663 0.0661776 0.887976
1148 0.0146738 0.0652209 0.902416
1149 0.0148474 0.0641857 0.920237
1150 0.0150273 0.0631241 0.938171
1151 0.015294 0.0620679 0.951146
1152 0.0156267 0.0609962 0.960428
1153 0.0159063 0.0599021 0.972709
1154 0.016258 0.0588453 0.979672
1155 0.016703 0.0578053 0.980324
1156 0.0170678 0.0567551 0.985282
1157 0.0174757 0.0557327 0.986594
1158 0.017968 0.0547332 0.981852
1159 0.0184131 0.0537424 0.979141
1160 0.0188597 0.0527655 0.975492
1161 0.00523327 0.0752117 0.906955
1162 0.0193424 0.0518338 0.968127
1163 0.00521187 0.0742429 0.939603
1164 0.0198437 0.0509144 0.958848
1165 0.00519706 0.0732615 0.972352
1166 0.0203284 0.0500029 0.949858
1167 0.00519722 0.072258 1.00538
1168 0.0208101 0.0490937 0.94044
1169 0.00519738 0.0712544 1.03818
1170 0.0212884 0.048221 0.929895
1171 0.00519753 0.0702508 1.07073
1172 0.0217515 0.047361 0.919432
1173 0.00519769 0.0692472 1.10301
1174 0.0222008 0.0465061 0.909093
1175 0.00519785 0.0682437 1.13499
1176 0.0226331 0.0456309 0.89949
1177 0.005198 0.0672401 1.16664
1178 0.0230523 0.0447796 0.889551
1179 0.00519816 0.0662365 1.19789
1180 0.0234565 0.0439361 0.879658
1181 0.00519832 0.065233 1.22871
1182 0.0238382 0.0431023 0.870216
1183 0.00519847 0.0642294 1.25904
1184 0.0242023 0.042269 0.861037
1185 0.00519863 0.0632258 1.28882
1186 0.0245503 0.0414378 0.851994
1187 0.00519879 0.0622222 1.318
1188 0.0248764 0.0406102 0.843368
1189 0.00519895 0.0612187 1.34651
1190 0.0251801 0.0397862 0.83518
1191 0.0051991 0.0602151 1.37431
1192 0.025459 0.0389718 0.827484
1193 0.00519926 0.0592115 1.40133
1194 0.0257159 0.0381591 0.820197
1195 0.00519942 0.058208 1.42754
1196 0.025946 0.0373469 0.813588
1197 0.00519957 0.0572044 1.45287
1198 0.0261501 0.0365359 0.807576
1199 0.00519973 0.0562008 1.47728
1200 0.026333 0.0357272 0.801884
1201 0.00519989 0.0551972 1.50072
1202 0.0264886 0.0349156 0.796857
1203 0.00520004 0.0541937 1.52316
1204 0.0266089 0.0341029 0.792921
1205 0.0052002 0.0531901 1.54453
1206 0.0267088 0.0332994 0.789183
1207 0.00520036 0.0521865 1.56482
1208 0.0267895 0.0324936 0.785616
1209 0.00520051 0.051183 1.58396
1210 0.0268353 0.0316787 0.783099
1211 0.00520067 0.0501794 1.60193
1212 0.0268357 0.0308632 0.782115
1213 0.00520083 0.0491758 1.61868
1214 0.0268173 0.0300471 0.781201
1215 0.00520099 0.0481722 1.63419
1216 0.0267854 0.0292297 0.780037
1217 0.00520114 0.0471687 1.6484
1218 0.0267139 0.0284089 0.780044
1219 0.0052013 0.0461651 1.66128
1220 0.0265851 0.0276068 0.782222
1221 0.00520146 0.0451615 1.6728
1222 0.0264738 0.0267795 0.782291
1223 0.00520161 0.044158 1.68293
1224 0.0263332 0.0259503 0.782841
1225 0.00520177 0.0431544 1.69163
1226 0.0261522 0.0251318 0.784534
1227 0.00520193 0.0421508 1.69886
1228 0.025943 0.0243225 0.786707
1229 0.00520208 0.0411472 1.70461
1230 0.0257268 0.0235201 0.788234
1231 0.00520224 0.0401437 1.70883
1232 0.0255005 0.0227256 0.789288
1233 0.0052024 0.0391401 1.71149
1234 0.0252181 0.0219483 0.792315
1235 0.00520255 0.0381365 1.71258
1236 0.0249003 0.0212078 0.796562
1237 0.00520271 0.037133 1.71207
1238 0.0245794 0.0204707 0.799925
1239 0.00520287 0.0361294 1.70993
1240 0.0242633 0.0197319 0.801938
1241 0.00520303 0.0351258 1.70614
1242 0.0238776 0.0190214 0.806645
1243 0.00520318 0.0341222 1.70068
1244 0.0234465 0.0183493 0.813077
1245 0.00520334 0.0331187 1.69354
1246 0.0230116 0.0176551 0.818059
1247 0.0052035 0.0321151 1.6847
1248 0.0225356 0.0169314 0.822943
1249 0.00520365 0.0311115 1.67415
1250 0.0219861 0.0161131 0.827326
1251 0.00520381 0.030108 1.6619
1252 0.00520397 0.0291044 1.64793
1253 0.0212227 0.0154004 0.841304
1254 0.00520412 0.0281008 1.63224
1255 0.0206007 0.0147473 0.849229
1256 0.00520428 0.0270972 1.61486
1257 0.0201699 0.0140955 0.84824
1258 0.00520444 0.0260937 1.59579
1259 0.0194634 0.01376 0.865678
1260 0.00520459 0.0250901 1.57506
1261 0.0188289 0.0132501 0.87421
1262 0.00520475 0.0240865 1.55269
1263 0.0181672 0.0127584 0.882977
1264 0.00520491 0.023083 1.52872
1265 0.0174887 0.0122662 0.890993
1266 0.00520507 0.0220794 1.50319
1267 0.0168063 0.011775 0.897831
1268 0.00520522 0.0210758 1.47615
1269 0.016054 0.0113392 0.907376
1270 0.00520538 0.0200722 1.44767
1271 0.0153012 0.0109653 0.917696
1272 0.00520554 0.0190687 1.4178
1273 0.0145485 0.0105852 0.926499
1274 0.00520569 0.0180651 1.38662
1275 0.0137859 0.0102057 0.934269
1276 0.00520585 0.0170615 1.35421
1277 0.012978 0.00982329 0.941778
1278 0.00520601 0.016058 1.32064
1279 0.0121452 0.009443 0.948517
1280 0.00520616 0.0150544 1.28599
1281 0.0112892 0.00906651 0.954409
1282 0.00520632 0.0140508 1.25032
1283 0.0104199 0.00871162 0.959841
1284 0.00520648 0.0130472 1.21373
1285 0.00956286 0.00837527 0.964164
1286 0.00520663 0.0120437 1.17625
1287 0.00872269 0.00806354 0.967624
1288 0.00520679 0.0110401 1.13796
1289 0.00788994 0.00776991 0.970221
1290 0.0052364 0.0100364 1.09854
1291 0.00698678 0.00754064 0.975082
1292 0.00528913 0.00900078 1.05683
1293 0.0060831 0.00729755 0.977747
1294 0.0052694 0.00796685 1.01524
1295 0.00518507 0.00696496 0.974926
1296 0.00526055 0.0761514 0.874977
1297 0.0154125 0.0228707 1.24986
1298 0.0096051 0.0736021 0.864638
1299 0.0105079 0.0729713 0.857185
1300 0.0112039 0.0721066 0.860095
1301 0.0145627 0.040673 1.40289
1302 0.011923 0.0712583 0.859293
1303 0.00779677 0.0748025 0.872327
1304 0.0123154 0.0702757 0.872022
1305 0.00696234 0.0752321 0.875976
1306 0.00613387 0.0756734 0.876866
1307 0.0128757 0.0526755 1.29868
1308 0.0130346 0.0620639 1.06324
1309 0.0130451 0.0682468 0.898081
1310 0.0132768 0.0673675 0.911635
1311 0.0134928 0.0664531 0.926334
1312 0.0137087 0.065519 0.94109
1313 0.013891 0.0645377 0.958228
1314 0.014013 0.0634921 0.979625
1315 0.0141184 0.0623496 1.00416
1316 0.0146051 0.061295 1.00668
1317 0.0149042 0.0602275 1.01831
1318 0.0150671 0.0590322 1.03992
1319 0.0156291 0.0579952 1.03547
1320 0.0160427 0.0569942 1.03733
1321 0.0162931 0.0558534 1.05113
1322 0.0168792 0.0548345 1.04236
1323 0.0173784 0.0538583 1.03674
1324 0.0177887 0.0528413 1.0365
1325 0.0182591 0.0518803 1.03086
1326 0.00610389 0.0747179 0.90906
1327 0.0187951 0.0509584 1.01984
1328 0.00607757 0.0737491 0.941405
1329 0.0192899 0.0500422 1.01048
1330 0.00606502 0.0727599 0.973956
1331 0.0197732 0.0491349 1.00098
1332 0.00606518 0.0717563 1.00652
1333 0.0202635 0.0482524 0.989916
1334 0.00606533 0.0707527 1.03884
1335 0.0207493 0.0473898 0.978101
1336 0.00606549 0.0697492 1.07091
1337 0.0212113 0.0465353 0.966905
1338 0.00606565 0.0687456 1.10271
1339 0.0216488 0.0456683 0.956717
1340 0.00606581 0.067742 1.13421
1341 0.0220605 0.0448284 0.946879
1342 0.00606596 0.0667385 1.16536
1343 0.0224689 0.0439852 0.936588
1344 0.00606612 0.0657349 1.19612
1345 0.0228545 0.043158 0.926664
1346 0.00606628 0.0647313 1.22645
1347 0.0232208 0.0423369 0.917038
1348 0.00606643 0.0637277 1.25628
1349 0.0235673 0.0415185 0.907771
1350 0.00606659 0.0627242 1.28557
1351 0.0238955 0.0407024 0.898763
1352 0.00606675 0.0617206 1.31426
1353 0.0241996 0.0398931 0.89028
1354 0.0060669 0.060717 1.34229
1355 0.0244821 0.0390937 0.882132
1356 0.00606706 0.0597135 1.36961
1357 0.0247448 0.0383022 0.874251
1358 0.00606722 0.0587099 1.39616
1359 0.0249816 0.0375124 0.867044
1360 0.00606737 0.0577063 1.42189
1361 0.0251913 0.0367238 0.860547
1362 0.00606753 0.0567027 1.44675
1363 0.0253763 0.0359379 0.854607
1364 0.00606769 0.0556992 1.47069
1365 0.0255482 0.0351585 0.84854
1366 0.00606785 0.0546956 1.49368
1367 0.0256906 0.0343616 0.843392
1368 0.006068 0.053692 1.51565
1369 0.0257705 0.0335795 0.840806
1370 0.00606816 0.0526885 1.53656
1371 0.0258683 0.0327995 0.83636
1372 0.00606832 0.0516849 1.55638
1373 0.0260904 0.0320459 0.824195
1374 0.00606847 0.0506813 1.57506
1375 0.0259494 0.0312704 0.831256
1376 0.00606863 0.0496777 1.59256
1377 0.0259433 0.0304782 0.829943
1378 0.00606879 0.0486742 1.60884
1379 0.0259105 0.0296881 0.829156
1380 0.00606894 0.0476706 1.62385
1381 0.0260223 0.0289039 0.819655
1382 0.0060691 0.046667 1.63757
1383 0.0257214 0.0281677 0.831758
1384 0.00606926 0.0456635 1.64996
1385 0.0256477 0.0273461 0.830171
1386 0.00606941 0.0446599 1.66096
1387 0.0255568 0.0265274 0.828483
1388 0.00606957 0.0436563 1.67057
1389 0.0253856 0.0257274 0.830144
1390 0.00606973 0.0426527 1.67873
1391 0.0251835 0.02494 0.832484
1392 0.00606989 0.0416492 1.68541
1393 0.0249696 0.0241526 0.834369
1394 0.00607004 0.0406456 1.69059
1395 0.0247586 0.0233728 0.835133
1396 0.0060702 0.039642 1.69423
1397 0.0246776 0.0225825 0.828211
1398 0.00607036 0.0386385 1.69631
1399 0.0242441 0.0219101 0.839534
1400 0.00607051 0.0376349 1.69679
1401 0.0239125 0.0212036 0.844243
1402 0.00607067 0.0366313 1.69566
1403 0.023614 0.0204815 0.846039
1404 0.00607083 0.0356277 1.69288
1405 0.0234165 0.0197271 0.841437
1406 0.00607098 0.0346242 1.68845
1407 0.0228811 0.0191597 0.855135
1408 0.00607114 0.0336206 1.68233
1409 0.0224701 0.0184933 0.860041
1410 0.0060713 0.032617 1.67453
1411 0.0220483 0.0177864 0.863382
1412 0.00607145 0.0316135 1.66501
1413 0.0215279 0.0170586 0.869191
1414 0.00607161 0.0306099 1.65379
1415 0.0209024 0.0163766 0.878984
1416 0.00607177 0.0296063 1.64085
1417 0.00607193 0.0286027 1.6262
1418 0.0202214 0.0156548 0.888318
1419 0.00607208 0.0275992 1.60983
1420 0.0195408 0.0148217 0.892686
1421 0.00607224 0.0265956 1.59177
1422 0.0060724 0.025592 1.57204
1423 0.0186914 0.0142659 0.909028
1424 0.00607255 0.0245885 1.55065
1425 0.0179862 0.0137343 0.918999
1426 0.00607271 0.0235849 1.52764
1427 0.0173222 0.0132392 0.927181
1428 0.00607287 0.0225813 1.50305
1429 0.0166516 0.0127522 0.934513
1430 0.00607302 0.0215777 1.47693
1431 0.016062 0.0121805 0.935111
1432 0.00607318 0.0205742 1.44934
1433 0.0152693 0.0119495 0.952217
1434 0.00607334 0.0195706 1.42033
1435 0.0145239 0.0115702 0.961616
1436 0.00607349 0.018567 1.38998
1437 0.0137716 0.0111917 0.969904
1438 0.00607365 0.0175635 1.35836
1439 0.0130002 0.0108147 0.977407
1440 0.00607381 0.0165599 1.32554
1441 0.0121902 0.0104347 0.984376
1442 0.00607397 0.0155563 1.29161
1443 0.0113531 0.0100604 0.990692
1444 0.00607412 0.0145527 1.25663
1445 0.0105109 0.00969257 0.995793
1446 0.00609638 0.0135431 1.22014
1447 0.00965449 0.00935715 1.00086
1448 0.0061001 0.0125436 1.18338
1449 0.00883377 0.00904073 1.00442
1450 0.00610718 0.0115498 1.14593
1451 0.00802684 0.00874801 1.00723
1452 0.00612479 0.0105642 1.10787
1453 0.00723159 0.00838944 1.00577
1454 0.00615775 0.00956059 1.06814
1455 0.00627748 0.00842779 1.02132
1456 0.00866727 0.0732069 0.902046
1457 0.00781729 0.0737683 0.905005
1458 0.00948397 0.0725372 0.900626
1459 0.0101915 0.0718838 0.89935
1460 0.010813 0.0711881 0.899931
1461 0.0112828 0.0703682 0.907454
1462 0.00695905 0.0742549 0.907934
1463 0.0116359 0.0695064 0.919242
1464 0.0102479 0.0645938 1.10916
1465 0.0133465 0.0559136 1.20317
1466 0.0122949 0.0676272 0.945965
1467 0.0125145 0.0667212 0.961692
1468 0.0127379 0.065811 0.976844
1469 0.0129622 0.064905 0.991322
1470 0.0130904 0.0639153 1.01187
1471 0.0130533 0.0629468 1.03922
1472 0.0135246 0.0613027 1.06005
1473 0.0140062 0.0605453 1.05592
1474 0.0140101 0.0596219 1.07929
1475 0.0145556 0.0579217 1.09419
1476 0.0151255 0.0572131 1.08165
1477 0.0152335 0.0563369 1.09722
1478 0.0158259 0.0547741 1.10241
1479 0.0163222 0.0539652 1.09387
1480 0.01676 0.052988 1.0917
1481 0.0170786 0.0518863 1.09833
1482 0.0177509 0.0509683 1.07998
1483 0.0182812 0.0500779 1.06834
1484 0.00693282 0.0732618 0.940628
1485 0.018707 0.0491701 1.06239
1486 0.00690811 0.072254 0.973548
1487 0.0192111 0.0482744 1.05095
1488 0.00691312 0.0712453 1.00566
1489 0.0197205 0.0474084 1.03791
1490 0.00694445 0.0702567 1.03629
1491 0.0202008 0.046562 1.02551
1492 0.00695601 0.069262 1.06729
1493 0.0206543 0.0457175 1.01396
1494 0.00695427 0.0682526 1.09877
1495 0.021076 0.0448718 1.00358
1496 0.00693376 0.0672404 1.13047
1497 0.021479 0.0440336 0.993451
1498 0.00693392 0.0662368 1.16109
1499 0.0218725 0.0432044 0.983002
1500 0.00693408 0.0652332 1.19132
1501 0.0222386 0.0423913 0.973167
1502 0.00693423 0.0642297 1.22113
1503 0.0225856 0.0415852 0.963608
1504 0.00693439 0.0632261 1.25045
1505 0.0229129 0.0407833 0.954372
1506 0.00693455 0.0622225 1.27923
1507 0.0232191 0.0399848 0.945547
1508 0.00693471 0.0612189 1.30742
1509 0.0235011 0.0391955 0.93724
1510 0.00693486 0.0602154 1.33496
1511 0.0237665 0.0384194 0.928986
1512 0.00693502 0.0592118 1.36179
1513 0.024027 0.0376561 0.920143
1514 0.00693518 0.0582082 1.38787
1515 0.0242349 0.0368834 0.913625
1516 0.00693533 0.0572047 1.41313
1517 0.0244273 0.0361217 0.907103
1518 0.00693549 0.0562011 1.43754
1519 0.0245878 0.0353526 0.901621
1520 0.00693565 0.0551975 1.46104
1521 0.0248941 0.0346396 0.886987
1522 0.0069358 0.0541939 1.48357
1523 0.0248263 0.0338702 0.892733
1524 0.00693596 0.0531904 1.5051
1525 0.0249379 0.0329892 0.887689
1526 0.00693612 0.0521868 1.52558
1527 0.0137187 0.0191572 1.22094
1528 0.00693627 0.0511832 1.54496
1529 0.0146031 0.0195107 1.20053
1530 0.00693643 0.0501797 1.5632
1531 0.0251003 0.0309619 0.877019
1532 0.00693659 0.0491761 1.58025
1533 0.0250817 0.030036 0.875257
1534 0.00693675 0.0481725 1.59608
1535 0.0151284 0.0181004 1.14477
1536 0.0069369 0.0471689 1.61064
1537 0.0191094 0.038484 1.18904
1538 0.00693706 0.0461654 1.62389
1539 0.0248367 0.0279602 0.877409
1540 0.00693722 0.0451618 1.6358
1541 0.024717 0.0270579 0.876902
1542 0.00693737 0.0441582 1.64632
1543 0.0247553 0.0262637 0.867885
1544 0.00693753 0.0431547 1.65542
1545 0.0244288 0.025547 0.877674
1546 0.00693769 0.0421511 1.66307
1547 0.0242007 0.0247735 0.880716
1548 0.00693784 0.0411475 1.66923
1549 0.023981 0.0239232 0.881245
1550 0.006938 0.0401439 1.67387
1551 0.0183482 0.0206089 1.08373
1552 0.00693816 0.0391404 1.67695
1553 0.016721 0.0205461 1.14788
1554 0.00693831 0.0381368 1.67846
1555 0.0232889 0.0219996 0.887188
1556 0.00693847 0.0371332 1.67836
1557 0.022899 0.0211316 0.891184
1558 0.00693863 0.0361297 1.67663
1559 0.0225516 0.0201952 0.890384
1560 0.00693878 0.0351261 1.67324
1561 0.00693894 0.0341225 1.66819
1562 0.0219645 0.0193771 0.900967
1563 0.0069391 0.0331189 1.66144
1564 0.0215078 0.0186494 0.90592
1565 0.00693926 0.0321154 1.65299
1566 0.021191 0.0178867 0.902649
1567 0.00693941 0.0311118 1.64283
1568 0.020537 0.0173789 0.918493
1569 0.00693957 0.0301082 1.63095
1570 0.0198804 0.016663 0.927862
1571 0.00693973 0.0291047 1.61736
1572 0.00693988 0.0281011 1.60205
1573 0.0192238 0.0159197 0.934629
1574 0.00694004 0.0270975 1.58503
1575 0.0185084 0.0152652 0.944134
1576 0.0069402 0.0260939 1.56633
1577 0.00694035 0.0250904 1.54596
1578 0.0177954 0.0147229 0.95496
1579 0.00694051 0.0240868 1.52395
1580 0.0170953 0.0141934 0.964131
1581 0.00694067 0.0230832 1.50034
1582 0.0163701 0.0136623 0.972575
1583 0.00694082 0.0220797 1.47519
1584 0.0155657 0.0130255 0.978566
1585 0.00694098 0.0210761 1.44853
1586 0.00694114 0.0200725 1.42043
1587 0.0145932 0.0126034 0.994664
1588 0.0069413 0.0190689 1.39095
1589 0.0137717 0.0121952 1.00483
1590 0.00694145 0.0180654 1.36017
1591 0.0129893 0.0118074 1.01303
1592 0.00694161 0.0170618 1.32816
1593 0.0122063 0.0114291 1.02012
1594 0.00694177 0.0160582 1.295
1595 0.0113884 0.0110548 1.02673
1596 0.00696781 0.0150407 1.25985
1597 0.0105586 0.0106914 1.03246
1598 0.0069853 0.0140324 1.22413
1599 0.00972537 0.010335 1.03694
1600 0.00699673 0.0130313 1.18784
1601 0.00886576 0.0100013 1.04121
1602 0.00700903 0.012041 1.15106
1603 0.00801746 0.00965616 1.04319
1604 0.00702552 0.011069 1.11409
1605 0.00705186 0.0092579 1.04325
1606 0.0140269 0.05868 1.10208
1607 0.0152877 0.0554684 1.115
1608 0.00703743 0.0101335 1.07785
1609 0.00856537 0.0721848 0.936495
1610 0.00776888 0.0727439 0.938689
1611 0.00924482 0.0714796 0.939648
1612 0.00981869 0.0709238 0.939497
1613 0.0103848 0.0703868 0.937417
1614 0.0105785 0.069616 0.953584
1615 0.0109013 0.0688112 0.965696
1616 0.0112928 0.0678791 0.977889
1617 0.0115171 0.0669602 0.99521
1618 0.0117318 0.06604 1.0124
1619 0.0119733 0.0651226 1.02782
1620 0.0122775 0.0643076 1.03715
1621 0.0121114 0.0634431 1.06765
1622 0.0129846 0.0602564 1.11262
1623 0.0141693 0.0567977 1.14138
1624 0.0152913 0.0538403 1.15262
1625 0.0158625 0.0531735 1.13695
1626 0.0159662 0.0523013 1.15068
1627 0.0167297 0.0507463 1.14206
1628 0.0173687 0.0501133 1.11944
1629 0.0176097 0.0492234 1.12387
1630 0.0181007 0.04829 1.11428
1631 0.00771449 0.071749 0.971387
1632 0.0186754 0.0474122 1.09801
1633 0.00780109 0.070753 1.00058
1634 0.0191943 0.046567 1.08354
1635 0.0078674 0.0698053 1.02835
1636 0.0196618 0.0457348 1.07105
1637 0.00785409 0.0687766 1.0604
1638 0.0200884 0.0449063 1.06013
1639 0.00783444 0.0677437 1.09247
1640 0.0204953 0.0440748 1.04967
1641 0.00784403 0.0667233 1.12309
1642 0.020881 0.043253 1.03953
1643 0.00783523 0.065727 1.15313
1644 0.0212572 0.0424371 1.02911
1645 0.00780913 0.0647322 1.18327
1646 0.0216033 0.04164 1.01941
1647 0.00781329 0.0637291 1.21241
1648 0.0219314 0.0408509 1.00992
1649 0.00783805 0.0627389 1.24011
1650 0.0222384 0.0400646 1.00084
1651 0.00783093 0.0617359 1.26857
1652 0.0225239 0.0392811 0.992202
1653 0.00780266 0.0607173 1.29749
1654 0.0227899 0.0385009 0.983867
1655 0.00780282 0.0597137 1.32453
1656 0.0230444 0.0377542 0.975151
1657 0.00780298 0.0587102 1.35089
1658 0.0234326 0.0370617 0.957808
1659 0.00780313 0.0577066 1.3765
1660 0.0234702 0.036251 0.960293
1661 0.00780329 0.056703 1.40132
1662 0.0236462 0.0354376 0.954069
1663 0.00780345 0.0556994 1.42529
1664 0.023917 0.0344714 0.94205
1665 0.0078036 0.0546959 1.44835
1666 0.00780376 0.0536923 1.47047
1667 0.0239796 0.0333824 0.94037
1668 0.00780392 0.0526887 1.49158
1669 0.0240911 0.0323618 0.934334
1670 0.00780408 0.0516852 1.51165
1671 0.00780423 0.0506816 1.53061
1672 0.0241815 0.0313622 0.928
1673 0.00780439 0.049678 1.54844
1674 0.0243555 0.0305135 0.916162
1675 0.00780455 0.0486744 1.56507
1676 0.0241473 0.029687 0.924108
1677 0.0078047 0.0476709 1.58048
1678 0.0224895 0.0368018 1.01252
1679 0.00780486 0.0466673 1.59461
1680 0.0180135 0.0385927 1.24662
1681 0.00780502 0.0456637 1.60742
1682 0.0238951 0.0276068 0.924358
1683 0.00780517 0.0446602 1.61888
1684 0.0237514 0.0229064 0.878643
1685 0.00780533 0.0436566 1.62894
1686 0.0240322 0.0286735 0.924703
1687 0.00780549 0.042653 1.63757
1688 0.0234811 0.0255154 0.925713
1689 0.00780564 0.0416494 1.64473
1690 0.0232326 0.0246303 0.927694
1691 0.0078058 0.0406459 1.65038
1692 0.0229932 0.0237471 0.927828
1693 0.00780596 0.0396423 1.6545
1694 0.0226672 0.0228352 0.930279
1695 0.00780612 0.0386387 1.65706
1696 0.00780627 0.0376352 1.65802
1697 0.0222807 0.0219583 0.934539
1698 0.00780643 0.0366316 1.65736
1699 0.0218928 0.0210815 0.937212
1700 0.00780659 0.035628 1.65505
1701 0.0214454 0.020246 0.941715
1702 0.00780674 0.0346244 1.65108
1703 0.0078069 0.0336209 1.64543
1704 0.0209227 0.0194312 0.94828
1705 0.00780706 0.0326173 1.63807
1706 0.0203882 0.0185061 0.951096
1707 0.00780721 0.0316137 1.629
1708 0.00780737 0.0306102 1.61822
1709 0.0196015 0.0176939 0.964736
1710 0.00780753 0.0296066 1.60571
1711 0.0189295 0.0169489 0.973054
1712 0.00780768 0.028603 1.59149
1713 0.00780784 0.0275994 1.57555
1714 0.0182676 0.0162873 0.981232
1715 0.007808 0.0265959 1.55791
1716 0.0175858 0.015707 0.990685
1717 0.00780816 0.0255923 1.5386
1718 0.00780831 0.0245887 1.51763
1719 0.0168954 0.0151712 1.00012
1720 0.00780847 0.0235852 1.49505
1721 0.0161822 0.0146515 1.00927
1722 0.00780863 0.0225816 1.4709
1723 0.0154368 0.0141251 1.01768
1724 0.00780878 0.021578 1.44522
1725 0.01462 0.0136323 1.02769
1726 0.00780894 0.0205744 1.41807
1727 0.0078091 0.0195709 1.38952
1728 0.0137828 0.0132093 1.03881
1729 0.00780925 0.0185673 1.35963
1730 0.0129732 0.0128063 1.0481
1731 0.00780941 0.0175637 1.32848
1732 0.0121801 0.012423 1.05602
1733 0.00780957 0.0165602 1.29614
1734 0.0113955 0.0120496 1.06256
1735 0.00784337 0.0155339 1.2613
1736 0.0105788 0.0116811 1.06851
1737 0.00788062 0.0145192 1.22572
1738 0.00972628 0.0113217 1.07395
1739 0.00791163 0.0135029 1.18922
1740 0.00886875 0.010971 1.07812
1741 0.00792567 0.0125057 1.15279
1742 0.00796354 0.0105798 1.07986
1743 0.00793889 0.0115247 1.11613
1744 0.0124295 0.061302 1.11069
1745 0.013091 0.0590007 1.13955
1746 0.0133754 0.0577916 1.15633
1747 0.0143919 0.0557164 1.15594
1748 0.014669 0.0546624 1.16648
1749 0.016102 0.0514178 1.16227
1750 0.00842832 0.071312 0.96708
1751 0.00882685 0.0704692 0.982362
1752 0.00958665 0.0698795 0.977831
1753 0.0103611 0.0680934 1.00505
1754 0.010542 0.0672166 1.02408
1755 0.0106983 0.0662817 1.04512
1756 0.01095 0.0653114 1.06313
1757 0.0112813 0.0642113 1.08083
1758 0.0149803 0.0527766 1.19274
1759 0.0164622 0.0495774 1.18046
1760 0.0168613 0.0483002 1.18316
1761 0.0176012 0.0473767 1.15913
1762 0.0181815 0.0465412 1.1414
1763 0.0186696 0.0457282 1.12763
1764 0.00876617 0.0693362 1.0185
1765 0.0191024 0.0449176 1.11621
1766 0.00875059 0.0682716 1.05104
1767 0.0195093 0.0441056 1.10552
1768 0.00873557 0.0672083 1.08329
1769 0.0198983 0.0432933 1.09511
1770 0.0087767 0.0661864 1.11232
1771 0.0202663 0.0424855 1.08508
1772 0.0087117 0.0652282 1.14236
1773 0.0206184 0.0416867 1.07505
1774 0.00863768 0.064227 1.17366
1775 0.0209481 0.0409055 1.06534
1776 0.0087424 0.0632597 1.19811
1777 0.0212572 0.0401347 1.05595
1778 0.00876161 0.0622704 1.22535
1779 0.0215489 0.0393612 1.04682
1780 0.00869805 0.0612386 1.2559
1781 0.0218259 0.0385711 1.03789
1782 0.00869269 0.0602291 1.28342
1783 0.0221043 0.0377528 1.02826
1784 0.00869168 0.059223 1.31009
1785 0.0237757 0.0264621 0.920546
1786 0.00867094 0.0582085 1.33694
1787 0.0251056 0.0319923 0.878394
1788 0.00867109 0.0572049 1.3621
1789 0.0226354 0.0357386 1.00937
1790 0.00867125 0.0562014 1.38649
1791 0.0228562 0.0347781 1.00022
1792 0.00867141 0.0551978 1.41004
1793 0.0230222 0.0337855 0.99286
1794 0.00867156 0.0541942 1.43271
1795 0.00867172 0.0531906 1.45443
1796 0.023126 0.0327531 0.987461
1797 0.00867188 0.0521871 1.47515
1798 0.0232259 0.0316983 0.980677
1799 0.00867203 0.0511835 1.49483
1800 0.00867219 0.0501799 1.51341
1801 0.0233579 0.030548 0.970209
1802 0.00867235 0.0491764 1.53085
1803 0.0086725 0.0481728 1.54709
1804 0.0232023 0.0294257 0.973187
1805 0.00867266 0.0471692 1.5621
1806 0.0230762 0.0283371 0.972785
1807 0.00867282 0.0461656 1.57583
1808 0.00867298 0.0451621 1.58823
1809 0.0229524 0.0272945 0.970722
1810 0.00867313 0.0441585 1.59926
1811 0.0227426 0.0262855 0.971588
1812 0.00867329 0.0431549 1.60889
1813 0.00867345 0.0421514 1.61707
1814 0.0224948 0.0253676 0.973655
1815 0.0086736 0.0411478 1.62377
1816 0.0222467 0.0244801 0.974576
1817 0.00867376 0.0401442 1.62895
1818 0.0219729 0.0236123 0.975555
1819 0.00867392 0.0391406 1.63257
1820 0.0216449 0.0227557 0.977817
1821 0.00867407 0.0381371 1.63462
1822 0.00867423 0.0371335 1.63506
1823 0.0212757 0.021913 0.980704
1824 0.00867439 0.0361299 1.63386
1825 0.0208685 0.0210866 0.984049
1826 0.00867454 0.0351264 1.631
1827 0.0203889 0.0202761 0.989313
1828 0.0086747 0.0341228 1.62646
1829 0.00867486 0.0331192 1.62023
1830 0.0198307 0.0194646 0.996192
1831 0.00867502 0.0321156 1.61229
1832 0.0192204 0.0186747 1.00378
1833 0.00867517 0.0311121 1.60263
1834 0.00867533 0.0301085 1.59125
1835 0.0186039 0.0179236 1.01056
1836 0.00867549 0.0291049 1.57814
1837 0.0179756 0.0172398 1.01765
1838 0.00867564 0.0281014 1.56332
1839 0.0086758 0.0270978 1.54678
1840 0.0173391 0.0166789 1.02667
1841 0.00867596 0.0260942 1.52856
1842 0.0166893 0.0161361 1.03519
1843 0.00867611 0.0250906 1.50868
1844 0.00867627 0.0240871 1.48716
1845 0.0160094 0.0156309 1.04436
1846 0.00867643 0.0230835 1.46404
1847 0.0152916 0.0151426 1.05382
1848 0.00867658 0.0220799 1.43939
1849 0.0145388 0.0146625 1.06307
1850 0.00867674 0.0210764 1.41323
1851 0.0137526 0.0142123 1.07265
1852 0.0086769 0.0200728 1.38565
1853 0.00867706 0.0190692 1.35671
1854 0.0129603 0.0137981 1.08191
1855 0.00867721 0.0180656 1.32647
1856 0.0121583 0.0134138 1.09081
1857 0.00868168 0.0170522 1.29461
1858 0.011363 0.0130561 1.09887
1859 0.00870336 0.0160286 1.26089
1860 0.0105689 0.012684 1.10484
1861 0.00875468 0.0149986 1.22524
1862 0.00973553 0.0123131 1.11011
1863 0.00882474 0.0139754 1.18842
1864 0.00886374 0.0119533 1.11486
1865 0.00884808 0.0129385 1.15108
1866 0.00975198 0.0688119 1.00443
1867 0.0109925 0.0630573 1.12392
1868 0.0120187 0.0685696 0.930928
1869 0.0117802 0.0604936 1.16024
1870 0.0131243 0.0567922 1.19267
1871 0.014338 0.053549 1.20866
1872 0.0150006 0.0516073 1.21688
1873 0.0156654 0.0505485 1.20378
1874 0.0122811 0.0582774 1.19506
1875 0.0135658 0.055015 1.21367
1876 0.00955548 0.0676973 1.04348
1877 0.00968765 0.066664 1.06939
1878 0.00978495 0.0655827 1.09746
1879 0.00939857 0.0646961 1.13568
1880 0.0156966 0.0486139 1.2397
1881 0.0165877 0.0471603 1.21839
1882 0.0171716 0.0464458 1.19889
1883 0.0176986 0.045679 1.18254
1884 0.0181121 0.0449042 1.17185
1885 0.0185281 0.0441176 1.16047
1886 0.0189133 0.0433223 1.15016
1887 0.0192852 0.0425227 1.13989
1888 0.0196357 0.0417304 1.12995
1889 0.0199651 0.0409507 1.12027
1890 0.00953444 0.0638605 1.15494
1891 0.0202767 0.0401898 1.11063
1892 0.00980945 0.0628237 1.17466
1893 0.020573 0.0394365 1.10104
1894 0.00959272 0.0617662 1.21143
1895 0.0208586 0.0386776 1.09137
1896 0.00958062 0.0607457 1.23955
1897 0.0211064 0.0378739 1.08334
1898 0.00960221 0.0597518 1.26522
1899 0.0213928 0.0370085 1.07263
1900 0.0095615 0.0587157 1.2936
1901 0.0216478 0.0360778 1.06293
1902 0.00955184 0.0577012 1.31967
1903 0.00955569 0.0567002 1.34422
1904 0.0218511 0.0351117 1.05495
1905 0.00955646 0.0557045 1.36799
1906 0.0220337 0.034143 1.04679
1907 0.00954842 0.0547062 1.39134
1908 0.0221685 0.0331583 1.03988
1909 0.00953952 0.0536926 1.41417
1910 0.00953968 0.052689 1.43552
1911 0.0222639 0.0321391 1.03361
1912 0.00953984 0.0516854 1.45589
1913 0.0223383 0.0310962 1.02682
1914 0.00953999 0.0506819 1.47521
1915 0.00954015 0.0496783 1.49343
1916 0.0223294 0.0300504 1.0228
1917 0.00954031 0.0486747 1.51051
1918 0.00954046 0.0476711 1.5264
1919 0.0222385 0.0290073 1.02133
1920 0.00954062 0.0466676 1.54104
1921 0.0221188 0.0279917 1.01976
1922 0.00954078 0.045664 1.55439
1923 0.00954093 0.0446604 1.56641
1924 0.0219581 0.0270133 1.01891
1925 0.00954109 0.0436569 1.57705
1926 0.0217456 0.0260757 1.01944
1927 0.00954125 0.0426533 1.58626
1928 0.0095414 0.0416497 1.59402
1929 0.0215083 0.0251958 1.02031
1930 0.00954156 0.0406461 1.60027
1931 0.0212611 0.024349 1.02066
1932 0.00954172 0.0396426 1.605
1933 0.0209824 0.0235113 1.02126
1934 0.00954188 0.038639 1.60815
1935 0.0206486 0.0226947 1.02334
1936 0.00954203 0.0376354 1.60971
1937 0.00954219 0.0366319 1.60965
1938 0.0202798 0.0219003 1.02597
1939 0.00954235 0.0356283 1.60793
1940 0.0198904 0.0211181 1.02827
1941 0.0095425 0.0346247 1.60454
1942 0.0193595 0.0203513 1.03549
1943 0.00954266 0.0336211 1.59946
1944 0.00954282 0.0326176 1.59268
1945 0.0187164 0.0196306 1.04667
1946 0.00954297 0.031614 1.58417
1947 0.0180955 0.0188525 1.05361
1948 0.00954313 0.0306104 1.57395
1949 0.00954329 0.0296069 1.56199
1950 0.0177098 0.0180589 1.04895
1951 0.00954344 0.0286033 1.54831
1952 0.01704 0.0176329 1.06341
1953 0.0095436 0.0275997 1.53292
1954 0.00954376 0.0265961 1.51583
1955 0.016462 0.0170866 1.06987
1956 0.00954392 0.0255926 1.49706
1957 0.0158372 0.0165769 1.07766
1958 0.00954407 0.024589 1.47664
1959 0.00954423 0.0235854 1.45462
1960 0.0151536 0.0161326 1.08801
1961 0.00954439 0.0225819 1.43102
1962 0.0144307 0.0156786 1.09791
1963 0.00954454 0.0215783 1.40591
1964 0.0136839 0.0152236 1.10695
1965 0.0095447 0.0205747 1.37935
1966 0.0129237 0.0147864 1.11535
1967 0.00954486 0.0195711 1.35139
1968 0.00954501 0.0185676 1.32212
1969 0.0121561 0.0143793 1.12332
1970 0.00954517 0.017564 1.29159
1971 0.0113295 0.014054 1.13399
1972 0.00954705 0.016539 1.25916
1973 0.0105203 0.0137347 1.14283
1974 0.00959473 0.015478 1.22335
1975 0.00970571 0.013342 1.14758
1976 0.00872009 0.0743324 0.86545
1977 0.0106613 0.06213 1.16216
1978 0.0119476 0.062378 1.10328
1979 0.011307 0.0613163 1.15825
1980 0.012427 0.074967 0.736063
1981 0.0123128 0.0572591 1.21891
1982 0.0137623 0.0541892 1.22289
1983 0.010374 0.0637015 1.12949
1984 0.0139302 0.0524441 1.2533
1985 0.0152076 0.0495248 1.24804
1986 0.0112455 0.0596261 1.20512
1987 0.0145831 0.0505038 1.2608
1988 0.0161595 0.0461771 1.25749
1989 0.0168211 0.0456362 1.23084
1990 0.0170992 0.044856 1.22785
1991 0.0175428 0.0441119 1.21465
1992 0.0179287 0.0433348 1.20427
1993 0.0182999 0.0425532 1.19399
1994 0.0186515 0.0417692 1.18403
1995 0.0189842 0.0409867 1.1743
1996 0.0193005 0.0402234 1.16449
1997 0.019594 0.0394869 1.15494
1998 0.0200314 0.0388139 1.13621
1999 0.0103269 0.0612589 1.19836
2000 0.0201068 0.0380209 1.13769
2001 0.0106068 0.0603395 1.21231
2002 0.0203565 0.0372115 1.12877
2003 0.0104263 0.0592196 1.24847
2004 0.0206144 0.0363331 1.11877
2005 0.0104382 0.0581844 1.27449
2006 0.0208571 0.0354168 1.10862
2007 0.0104569 0.0571995 1.29833
2008 0.0104584 0.0562073 1.32236
2009 0.0210589 0.0344821 1.09952
2010 0.0104375 0.0552227 1.34636
2011 0.0212108 0.033531 1.09185
2012 0.0104133 0.0542236 1.37002
2013 0.0213194 0.0325685 1.08514
2014 0.0104061 0.0532056 1.39257
2015 0.0104101 0.0522039 1.41342
2016 0.0213807 0.0315801 1.07945
2017 0.0104183 0.0511873 1.43342
2018 0.0214023 0.0305887 1.07432
2019 0.010408 0.0501802 1.45288
2020 0.0104207 0.0491807 1.47024
2021 0.0213714 0.0295969 1.07036
2022 0.0104083 0.0481731 1.48753
2023 0.0104084 0.0471695 1.50307
2024 0.0212908 0.0286241 1.06748
2025 0.0104086 0.0461659 1.51738
2026 0.0211571 0.0276713 1.06588
2027 0.0104087 0.0451623 1.53039
2028 0.0104089 0.0441588 1.54205
2029 0.0209733 0.0267533 1.06555
2030 0.010409 0.0431552 1.55231
2031 0.020754 0.02587 1.06584
2032 0.0104092 0.0421516 1.56114
2033 0.0104094 0.0411481 1.56849
2034 0.0205243 0.0250405 1.06588
2035 0.0104095 0.0401445 1.57433
2036 0.0203064 0.0242315 1.06431
2037 0.0104097 0.0391409 1.57861
2038 0.020021 0.0234246 1.06467
2039 0.0104098 0.0381373 1.58132
2040 0.019657 0.0226671 1.06808
2041 0.01041 0.0371338 1.58241
2042 0.0104101 0.0361302 1.58186
2043 0.0193042 0.0219161 1.06974
2044 0.0104103 0.0351266 1.57965
2045 0.0190161 0.0211469 1.06682
2046 0.0104105 0.0341231 1.57576
2047 0.0104106 0.0331195 1.57016
2048 0.0104108 0.0321159 1.56284
2049 0.0175108 0.0198683 1.10113
2050 0.0104109 0.0311123 1.5538
2051 0.0168888 0.0187624 1.09841
2052 0.0104111 0.0301088 1.54303
2053 0.0104112 0.0291052 1.53053
2054 0.0104114 0.0281016 1.51631
2055 0.0104116 0.0270981 1.50039
2056 0.0104117 0.0260945 1.48277
2057 0.0156917 0.0174211 1.10641
2058 0.0104119 0.0250909 1.4635
2059 0.0150181 0.0171019 1.12064
2060 0.010412 0.0240873 1.4426
2061 0.0104122 0.0230838 1.42011
2062 0.0143247 0.0166862 1.13148
2063 0.0104123 0.0220802 1.39609
2064 0.0135952 0.0162424 1.14114
2065 0.0104125 0.0210766 1.37059
2066 0.0128564 0.0157697 1.14859
2067 0.0104127 0.0200731 1.34367
2068 0.0121065 0.0153413 1.1561
2069 0.0104347 0.0190618 1.31462
2070 0.0104337 0.0180732 1.28556
2071 0.0114148 0.0149242 1.16087
2072 0.0103957 0.0170814 1.25614
2073 0.0104977 0.0148505 1.18142
2074 0.0103848 0.0160353 1.22314
2075 0.0123673 0.0552066 1.26563
2076 0.0123162 0.0562309 1.2437
2077 0.0133142 0.0534296 1.2617
2078 0.0138622 0.0512839 1.28088
2079 0.0113244 0.0587014 1.2257
2080 0.0113674 0.0577183 1.24866
2081 0.0128669 0.0542505 1.2644
2082 0.0146139 0.048467 1.29785
2083 0.0154893 0.0468314 1.28171
2084 0.0161476 0.0180343 1.1069
2085 0.0141588 0.0494704 1.30196
2086 0.016007 0.0450552 1.28262
2087 0.0165414 0.0441045 1.26813
2088 0.0169302 0.043331 1.25788
2089 0.017317 0.0425683 1.24679
2090 0.0176775 0.0417973 1.23642
2091 0.0180109 0.0410179 1.22679
2092 0.0183269 0.0402289 1.21736
2093 0.0186646 0.0394109 1.20616
2094 0.0121421 0.0593987 1.17275
2095 0.0096603 0.0144213 1.18617
2096 0.0193446 0.0374488 1.18252
2097 0.0196002 0.0365661 1.17283
2098 0.0198551 0.0356779 1.16209
2099 0.0200897 0.0347881 1.1513
2100 0.0113816 0.0567093 1.27287
2101 0.0113799 0.0557206 1.2966
2102 0.0202692 0.0338767 1.1423
2103 0.0113014 0.0547697 1.32198
2104 0.0203838 0.0329571 1.1355
2105 0.0112552 0.0537471 1.34683
2106 0.0204463 0.0320223 1.13008
2107 0.0112852 0.05275 1.36714
2108 0.011272 0.0517197 1.38898
2109 0.0204783 0.0310734 1.1248
2110 0.0113274 0.0506905 1.40699
2111 0.0204802 0.0301237 1.11962
2112 0.0113331 0.0496924 1.4254
2113 0.0112796 0.0486717 1.44546
2114 0.0204494 0.0291854 1.11472
2115 0.0112707 0.0476684 1.46225
2116 0.0112947 0.0466827 1.4763
2117 0.0203601 0.0282692 1.11149
2118 0.0113085 0.0456928 1.4896
2119 0.0201998 0.0273709 1.1105
2120 0.0113018 0.0446877 1.50262
2121 0.0112917 0.0436747 1.51448
2122 0.0199924 0.0265179 1.11085
2123 0.011277 0.0426536 1.52514
2124 0.0197645 0.0256811 1.11096
2125 0.0112772 0.04165 1.53361
2126 0.0112773 0.0406464 1.54058
2127 0.0195338 0.0248975 1.11059
2128 0.0112775 0.0396428 1.54602
2129 0.0194778 0.0240896 1.10051
2130 0.0112776 0.0386393 1.54989
2131 0.0190325 0.0234138 1.10938
2132 0.0112778 0.0376357 1.55216
2133 0.0186528 0.0226491 1.11227
2134 0.0112779 0.0366321 1.55281
2135 0.0112781 0.0356286 1.5518
2136 0.018218 0.0217258 1.11286
2137 0.0112783 0.034625 1.54911
2138 0.0112784 0.0336214 1.54472
2139 0.0112786 0.0326178 1.53862
2140 0.0112787 0.0316143 1.5308
2141 0.016357 0.0197805 1.14376
2142 0.0112789 0.0306107 1.52125
2143 0.011279 0.0296071 1.50997
2144 0.0112792 0.0286036 1.49696
2145 0.0112794 0.0276 1.48223
2146 0.0112795 0.0265964 1.46581
2147 0.0112797 0.0255928 1.44772
2148 0.0143155 0.0176808 1.16054
2149 0.0112798 0.0245893 1.42798
2150 0.01128 0.0235857 1.40664
2151 0.0112801 0.0225821 1.38375
2152 0.0134922 0.0172917 1.17567
2153 0.0112803 0.0215786 1.35936
2154 0.0127806 0.0167903 1.18228
2155 0.0112744 0.0205768 1.33375
2156 0.0120212 0.0162162 1.18627
2157 0.0112857 0.0195646 1.30599
2158 0.0111965 0.0157474 1.19345
2159 0.0113655 0.0185384 1.27464
2160 0.0113115 0.0176047 1.24848
2161 0.012987 0.0518307 1.31135
2162 0.0135044 0.0502887 1.31801
2163 0.0151184 0.0458023 1.31674
2164 0.0174276 0.0210168 1.13047
2165 0.015574 0.0189721 1.15237
2166 0.0111901 0.0166306 1.2217
2167 0.0120047 0.0542658 1.30314
2168 0.0122262 0.0533428 1.31397
2169 0.0137133 0.0484753 1.3416
2170 0.0154956 0.0440575 1.32237
2171 0.0159173 0.0432863 1.31086
2172 0.0163216 0.0425538 1.29892
2173 0.0167114 0.0418147 1.28698
2174 0.0170398 0.0410531 1.27766
2175 0.0173428 0.0402696 1.26906
2176 0.0176646 0.0394551 1.25886
2177 0.0127819 0.0692992 0.880551
2178 0.025057 0.0290079 0.872049
2179 0.0183336 0.0376825 1.23508
2180 0.0185974 0.0367549 1.22535
2181 0.0188569 0.0358834 1.21447
2182 0.0191122 0.0350169 1.2027
2183 0.0193437 0.034177 1.19106
2184 0.0194759 0.033308 1.18354
2185 0.0195182 0.0324331 1.17948
2186 0.0195531 0.0315207 1.17439
2187 0.0120981 0.0522462 1.34297
2188 0.0121387 0.0512738 1.36107
2189 0.0195773 0.0305998 1.16843
2190 0.0123591 0.0502023 1.37237
2191 0.0195756 0.0296905 1.16246
2192 0.0121562 0.0491527 1.40045
2193 0.0121053 0.048141 1.42004
2194 0.019565 0.0288152 1.15586
2195 0.0121627 0.0471898 1.43294
2196 0.0122184 0.0462362 1.44489
2197 0.0194505 0.0279544 1.15326
2198 0.0122131 0.0452387 1.45888
2199 0.0192348 0.0271324 1.15459
2200 0.0121793 0.0442143 1.47302
2201 0.0121688 0.0431844 1.48482
2202 0.0190112 0.0263061 1.15486
2203 0.012177 0.0421792 1.49414
2204 0.0187748 0.0254407 1.15375
2205 0.0121623 0.0411694 1.50295
2206 0.0121403 0.040157 1.5105
2207 0.0185546 0.0244298 1.14808
2208 0.0121454 0.0391412 1.51543
2209 0.0121456 0.0381376 1.51891
2210 0.0180956 0.0235339 1.15286
2211 0.0121458 0.037134 1.52077
2212 0.0177035 0.0227606 1.15517
2213 0.0121459 0.0361305 1.52099
2214 0.0121461 0.0351269 1.51953
2215 0.0121462 0.0341233 1.51639
2216 0.0121464 0.0331198 1.51153
2217 0.0121465 0.0321162 1.50496
2218 0.0121467 0.0311126 1.49665
2219 0.0121468 0.030109 1.48661
2220 0.012147 0.0291055 1.47485
2221 0.0121472 0.0281019 1.46136
2222 0.0121473 0.0270983 1.44617
2223 0.0121475 0.0260948 1.42929
2224 0.0121476 0.0250912 1.41076
2225 0.0135435 0.0182277 1.20101
2226 0.0121478 0.0240876 1.39061
2227 0.0121479 0.023084 1.36889
2228 0.0121481 0.0220805 1.34564
2229 0.0124394 0.0179243 1.22622
2230 0.0121483 0.0210769 1.32094
2231 0.0119584 0.0170563 1.21393
2232 0.0121179 0.0200878 1.29614
2233 0.0121486 0.0190698 1.26742
2234 0.0129357 0.0509956 1.33064
2235 0.0139412 0.0475743 1.34624
2236 0.0149668 0.0476257 1.29489
2237 0.0142422 0.0465619 1.34829
2238 0.0131427 0.0493774 1.35217
2239 0.0148519 0.0447835 1.34463
2240 0.0171207 0.0219661 1.1633
2241 0.0153767 0.0198835 1.18258
2242 0.0144632 0.018657 1.18273
2243 0.0149248 0.0431797 1.36138
2244 0.0152961 0.0424675 1.35131
2245 0.0157522 0.0418051 1.33569
2246 0.0161117 0.0410801 1.32473
2247 0.0163705 0.0403195 1.3184
2248 0.016653 0.0395327 1.31024
2249 0.0169832 0.0387002 1.29906
2250 0.0173076 0.037828 1.28735
2251 0.0175843 0.0369398 1.27701
2252 0.0178571 0.0360578 1.26569
2253 0.0181188 0.0351968 1.25377
2254 0.0183588 0.0343328 1.24184
2255 0.0186819 0.0336259 1.22475
2256 0.0185878 0.0328539 1.228
2257 0.018624 0.031957 1.22311
2258 0.0186538 0.0310373 1.21709
2259 0.0186703 0.0301259 1.21037
2260 0.0186874 0.0292529 1.20259
2261 0.0130009 0.0476911 1.38806
2262 0.0187855 0.0284774 1.19059
2263 0.0131365 0.046823 1.39586
2264 0.0131755 0.045836 1.40887
2265 0.0184942 0.0277375 1.19666
2266 0.0130835 0.0447865 1.42724
2267 0.0182505 0.0269628 1.19874
2268 0.0130405 0.0437411 1.44187
2269 0.0130865 0.0427111 1.45097
2270 0.0180204 0.0261147 1.19785
2271 0.013085 0.0417174 1.46037
2272 0.0177779 0.0252288 1.19544
2273 0.0130005 0.0406736 1.4721
2274 0.0129889 0.039665 1.47889
2275 0.017464 0.02436 1.19478
2276 0.0130049 0.0386685 1.48293
2277 0.0130113 0.037661 1.48583
2278 0.0171206 0.0235222 1.19422
2279 0.0130251 0.0366414 1.48678
2280 0.0130354 0.0356321 1.4862
2281 0.0130288 0.0346282 1.4846
2282 0.0130142 0.0336217 1.48158
2283 0.0130143 0.0326181 1.47628
2284 0.0130145 0.0316145 1.46926
2285 0.0130147 0.030611 1.46049
2286 0.0130326 0.0296178 1.44946
2287 0.0130349 0.0286193 1.43727
2288 0.0130269 0.0276151 1.42365
2289 0.0130252 0.0265984 1.4079
2290 0.0130154 0.0255931 1.39093
2291 0.0130257 0.024587 1.37162
2292 0.0129413 0.0188076 1.23605
2293 0.0130065 0.0235688 1.35145
2294 0.0129925 0.0225522 1.32954
2295 0.0129806 0.0215503 1.30638
2296 0.0129633 0.0205834 1.28288
2297 0.0129289 0.0196531 1.2596
2298 0.0164131 0.0213866 1.17904
2299 0.0140566 0.0453629 1.37489
2300 0.0128513 0.048546 1.38026
2301 0.0146156 0.0439071 1.36744
2302 0.0168432 0.0227732 1.1911
2303 0.013776 0.0200618 1.2429
2304 0.0141358 0.0423098 1.4082
2305 0.0147828 0.0416354 1.38436
2306 0.0153208 0.0411176 1.36325
2307 0.0154429 0.0404067 1.36337
2308 0.0156306 0.0396053 1.36021
2309 0.0159475 0.0388243 1.34972
2310 0.0163114 0.0379808 1.33629
2311 0.0165703 0.0371077 1.32706
2312 0.0168365 0.0362342 1.31633
2313 0.0171192 0.0353695 1.30362
2314 0.0173978 0.0344813 1.28998
2315 0.0176998 0.0334644 1.27377
2316 0.0177364 0.0314757 1.26427
2317 0.0177526 0.0305352 1.25756
2318 0.0177715 0.029619 1.24943
2319 0.0177665 0.0286197 1.24029
2320 0.017278 0.0268196 1.24088
2321 0.0139049 0.0432566 1.40863
2322 0.0170387 0.0259474 1.23887
2323 0.0138675 0.0411919 1.43045
2324 0.016751 0.025086 1.23751
2325 0.01379 0.0401797 1.44142
2326 0.0138649 0.039204 1.44396
2327 0.0164506 0.0242196 1.23494
2328 0.0138741 0.0382162 1.44797
2329 0.0138659 0.0371704 1.45122
2330 0.013948 0.0361454 1.4489
2331 0.0139438 0.0351356 1.44855
2332 0.013889 0.0341163 1.44849
2333 0.013895 0.033123 1.44429
2334 0.0138858 0.0321326 1.43905
2335 0.0138836 0.0311234 1.43166
2336 0.013915 0.0301295 1.42135
2337 0.0139417 0.0291503 1.40976
2338 0.0139166 0.0281452 1.39817
2339 0.0138863 0.027122 1.38477
2340 0.0139291 0.0261008 1.36691
2341 0.0139372 0.0251008 1.34908
2342 0.013877 0.0240597 1.33128
2343 0.0138383 0.0230189 1.31097
2344 0.0138254 0.0219869 1.28833
2345 0.0138055 0.0209972 1.26543
2346 0.0138637 0.0443075 1.39799
2347 0.0161284 0.0222861 1.20974
2348 0.0146623 0.0213502 1.24396
2349 0.0146271 0.0204244 1.22289
2350 0.0176876 0.0324279 1.27112
2351 0.0174926 0.027682 1.2423
2352 0.016168 0.0233416 1.22977
2353 0.0146517 0.0397607 1.40536
2354 0.0148467 0.0388017 1.40203
2355 0.0154153 0.0381506 1.37845
2356 0.0155705 0.0373123 1.37436
2357 0.0157937 0.0364133 1.36608
2358 0.0160924 0.0355595 1.35295
2359 0.0164109 0.0346901 1.33774
2360 0.0166161 0.0337932 1.32671
2361 0.0168846 0.0309525 1.30121
2362 0.0167976 0.030036 1.2981
2363 0.0169495 0.0292081 1.28352
2364 0.0163269 0.0266181 1.27935
2365 0.0160341 0.0257388 1.27821
2366 0.0157323 0.0248721 1.2759
2367 0.0146277 0.0377404 1.41631
2368 0.0147883 0.0367028 1.41171
2369 0.0149703 0.0356419 1.40456
2370 0.014748 0.0345773 1.41321
2371 0.0147717 0.0336138 1.40958
2372 0.0147941 0.0326404 1.4044
2373 0.0147274 0.0316643 1.40134
2374 0.0147504 0.0306112 1.39213
2375 0.0148781 0.0297141 1.37846
2376 0.0148505 0.0286946 1.36834
2377 0.0147645 0.0276695 1.35864
2378 0.014723 0.026671 1.34576
2379 0.0149378 0.0256246 1.32052
2380 0.0147748 0.0245419 1.30741
2381 0.014672 0.0234814 1.29048
2382 0.0146386 0.0224176 1.26912
2383 0.0166803 0.0328204 1.32077
2384 0.0168158 0.0319279 1.31032
2385 0.0166279 0.0284282 1.28974
2386 0.0164938 0.0274915 1.28421
2387 0.0155143 0.0239246 1.26707
2388 0.0156574 0.02072 1.1927
2389 0.0154341 0.0217936 1.22574
2390 0.0155267 0.0348851 1.3789
2391 0.0156152 0.0340971 1.37369
2392 0.0158347 0.0304375 1.34456
2393 0.0157098 0.0331746 1.36668
