1 6.12323e-19 -0.01 0.304314
2 4.08216e-19 0.00533333 0.468535
3 6.12323e-19 0.01 0.415939
4 4.08216e-19 0.0186667 0.247038
5 0.0058742 0.0151525 0.188883
6 0.00956943 -0.00290274 0.189308
7 0.00555552 0.00831481 0.291926
8 0 0.00482222 0.472303
9 0 0.00431111 0.475739
10 0 0.0038 0.478651
11 0 0.00328889 0.481012
12 0 0.00277778 0.482808
13 0 0.00226667 0.484026
14 0 0.00175556 0.484648
15 0 0.00124444 0.484657
16 0 0.000733333 0.484034
17 0 0.000222222 0.482762
18 0 -0.000288889 0.480824
19 0 -0.0008 0.478208
20 0 -0.00131111 0.4749
21 0 -0.00182222 0.470888
22 0 -0.00233333 0.466162
23 0 -0.00284444 0.460711
24 0 -0.00335556 0.454527
25 0 -0.00386667 0.447602
26 0 -0.00437778 0.439927
27 0 -0.00488889 0.431496
28 0 -0.0054 0.422303
29 0 -0.00591111 0.412343
30 0 -0.00642222 0.401609
31 0 -0.00693333 0.3901
32 0 -0.00744444 0.377812
33 0 -0.00795556 0.36472
34 0 -0.00846667 0.350816
35 0 -0.00897778 0.336133
36 0 -0.00948889 0.320888
37 0.00970513 -0.00241048 0.186114
38 0.00981545 -0.00191231 0.183504
39 0.00990027 -0.00140878 0.181503
40 0.00995926 -0.000901743 0.180135
41 0.00999229 -0.000392531 0.179424
42 0.0099993 0.000118051 0.179376
43 0.00998026 0.00062802 0.179997
44 0.00993522 0.00113641 0.181293
45 0.00986426 0.00164209 0.183245
46 0.00976766 0.00214311 0.185854
47 0.00964555 0.00263883 0.189106
48 0.00949827 0.00312776 0.192966
49 0.00932637 0.00360815 0.197424
50 0.00913003 0.00407952 0.20246
51 0.00890993 0.00454018 0.208029
52 0.00866674 0.00498874 0.214122
53 0.00840079 0.00542465 0.220731
54 0.00811307 0.0058462 0.227823
55 0.00780426 0.00625249 0.235428
56 0.00747491 0.00664271 0.24359
57 0.00712633 0.00701537 0.252419
58 0.00675906 0.00736988 0.262246
59 0.00637404 0.0077053 0.274146
60 0.00597272 0.00802039 0.290235
61 0.00526044 0.00790461 0.31869
62 0.00493521 0.00751802 0.341184
63 0.00458173 0.00715725 0.36169
64 0.00420201 0.00682433 0.380598
65 0.00379822 0.00652114 0.397919
66 0.00337268 0.00624939 0.413557
67 0.0029278 0.00601064 0.427402
68 0.00246612 0.00580624 0.439349
69 0.00199026 0.00563735 0.449308
70 0.00150292 0.00550495 0.457204
71 0.00100688 0.00540981 0.462964
72 0.000504957 0.00535248 0.466622
73 0.000510464 -0.00998696 0.303317
74 0.0010192 -0.00994793 0.302169
75 0.00152568 -0.00988293 0.300478
76 0.002028 -0.0097922 0.298189
77 0.00252488 -0.009676 0.295322
78 0.00301551 -0.0095345 0.291898
79 0.00349799 -0.00936825 0.28795
80 0.00397142 -0.00917757 0.283513
81 0.00443473 -0.00896288 0.278639
82 0.00488613 -0.008725 0.273377
83 0.00532506 -0.00846426 0.267778
84 0.00575019 -0.0081814 0.261901
85 0.00616 -0.00787746 0.255814
86 0.00655409 -0.00755274 0.249574
87 0.00693102 -0.0072084 0.243244
88 0.00728968 -0.00684548 0.236896
89 0.00762961 -0.00646444 0.230594
90 0.0079495 -0.00606675 0.224397
91 0.00824865 -0.00565329 0.218383
92 0.00852648 -0.00522486 0.212606
93 0.00878191 -0.00478311 0.207126
94 0.00901454 -0.00432875 0.202006
95 0.00922375 -0.00386295 0.197298
96 0.00940878 -0.00338745 0.193049
97 0 0.00948148 0.423389
98 0 0.00896296 0.429856
99 0 0.00844444 0.436313
100 0 0.00792593 0.442515
101 0 0.00740741 0.448417
102 0 0.00688889 0.453982
103 0 0.00637037 0.45921
104 0 0.00585185 0.464361
105 0.00510252 0.00860025 0.312899
106 0.00463489 0.00886102 0.330647
107 0.004154 0.00909639 0.347695
108 0.00366118 0.00930569 0.363022
109 0.00315789 0.0094883 0.376433
110 0.00264552 0.00964371 0.387897
111 0.00212559 0.00977148 0.397367
112 0.00159955 0.00987124 0.404826
113 0.00106894 0.0099427 0.410318
114 0.000535238 0.00998567 0.413847
115 0.00561407 0.0155954 0.193526
116 0.00532079 0.0160167 0.198639
117 0.00499609 0.016414 0.204077
118 0.00464182 0.0167852 0.20969
119 0.00426002 0.017128 0.215324
120 0.00385283 0.0174406 0.220832
121 0.00342255 0.0177211 0.226088
122 0.00297196 0.0179676 0.230947
123 0.002504 0.0181785 0.235285
124 0.00202136 0.0183528 0.239005
125 0.00152679 0.0184895 0.242021
126 0.00102313 0.0185877 0.244274
127 0.00051323 0.0186469 0.245786
128 0.00582274 0.00875344 0.254254
129 0.00605527 0.00921107 0.229804
130 0.00625185 0.00968508 0.213338
131 0.00641136 0.0101727 0.201488
132 0.00653292 0.0106713 0.192747
133 0.00661578 0.0111779 0.186392
134 0.00665944 0.0116896 0.18197
135 0.00666357 0.0122032 0.17924
136 0.00662818 0.0127153 0.177999
137 0.00655352 0.013223 0.178079
138 0.00644005 0.0137234 0.179332
139 0.00628842 0.0142136 0.181639
140 0.00609946 0.0146909 0.184878
141 0 0.0181569 0.260525
142 0 0.0176471 0.27295
143 0 0.0171373 0.285156
144 0 0.0166275 0.296929
145 0 0.0161176 0.308243
146 0 0.0156078 0.319117
147 0 0.015098 0.329573
148 0 0.0145882 0.339634
149 0 0.0140784 0.349327
150 0 0.0135686 0.358673
151 0 0.0130588 0.367696
152 0 0.012549 0.376418
153 0 0.0120392 0.384865
154 0 0.0115294 0.393029
155 0 0.0110196 0.400869
156 0 0.0105098 0.408337
157 0.0031157 0.00302856 0.446987
158 0.00257768 0.00336452 0.45603
159 0.00458706 0.00363731 0.404149
160 0.00509609 0.00362533 0.387569
161 0.00166879 -0.00934436 0.316069
162 0.0021558 -0.00924944 0.313524
163 0.00118177 -0.00943073 0.3175
164 0.00264121 -0.00913888 0.310093
165 0.000642851 -0.00949268 0.318592
166 0.00310337 -0.00899579 0.306651
167 0.00355945 -0.0088384 0.302455
168 0.00400938 -0.00863833 0.298336
169 0.0044472 -0.00842806 0.293516
170 0.000440633 -0.00869771 0.343089
171 0.00486323 -0.00819515 0.288673
172 0.000462482 -0.00821757 0.356435
173 0.00529541 -0.00792519 0.283127
174 0.000458849 -0.00771175 0.369817
175 0.0056805 -0.0076517 0.277912
176 0.000442635 -0.00718889 0.38287
177 0.00605444 -0.00736125 0.272399
178 0.000442635 -0.00667778 0.394768
179 0.00643823 -0.00702605 0.266476
180 0.000442635 -0.00616667 0.405889
181 0.00678166 -0.00669569 0.260819
182 0.000442635 -0.00565556 0.416234
183 0.00710543 -0.00635592 0.255129
184 0.000442635 -0.00514444 0.425807
185 0.00743109 -0.00596399 0.249406
186 0.000442635 -0.00463333 0.434615
187 0.00771775 -0.0055851 0.244074
188 0.000442635 -0.00412222 0.442662
189 0.00799187 -0.00518201 0.238793
190 0.000442635 -0.00361111 0.449957
191 0.00825106 -0.00476365 0.233503
192 0.000442635 -0.0031 0.456505
193 0.00847983 -0.0043444 0.228762
194 0.000442635 -0.00258889 0.462315
195 0.00868823 -0.00390305 0.224455
196 0.000442635 -0.00207778 0.467396
197 0.00887962 -0.00345207 0.22025
198 0.000442635 -0.00156667 0.471756
199 0.00904277 -0.00300219 0.216637
200 0.000442635 -0.00105556 0.475407
201 0.00918043 -0.0025319 0.213743
202 0.000442635 -0.000544444 0.478358
203 0.00929934 -0.00205744 0.211056
204 0.000442635 -3.33333e-05 0.480623
205 0.00939168 -0.00157385 0.209055
206 0.000442635 0.000477778 0.482214
207 0.00946433 -0.00108919 0.20733
208 0.000442635 0.000988889 0.483147
209 0.00950758 -0.000612929 0.206418
210 0.000442635 0.0015 0.483438
211 0.00952218 -0.000122215 0.20636
212 0.000442635 0.00201111 0.483105
213 0.00951843 0.00036518 0.206545
214 0.000442635 0.00252222 0.482167
215 0.00949107 0.000840628 0.207302
216 0.000442635 0.00303333 0.480647
217 0.00943803 0.00134743 0.208626
218 0.000442635 0.00354444 0.478558
219 0.00935623 0.00180935 0.210947
220 0.000442635 0.00405556 0.475907
221 0.00925397 0.002275 0.213642
222 0.000428568 0.00456236 0.472815
223 0.00912108 0.00276693 0.217032
224 0.000360158 0.00499707 0.469979
225 0.00897115 0.00321482 0.220928
226 0.00880175 0.00365697 0.225176
227 0.000840774 0.00491198 0.468191
228 0.00859238 0.00412154 0.230473
229 0.00137326 0.00504959 0.462457
230 0.00837592 0.00454608 0.235849
231 0.00186671 0.00515957 0.455368
232 0.00814478 0.00495454 0.241461
233 0.00236396 0.00532164 0.445867
234 0.00786426 0.00537994 0.248516
235 0.0028617 0.00552306 0.433932
236 0.00758263 0.0057649 0.255557
237 0.00334492 0.00575845 0.419852
238 0.00726895 0.00614662 0.263547
239 0.0038063 0.00602813 0.403852
240 0.00693926 0.00651178 0.272058
241 0.00424799 0.00632891 0.385953
242 0.00661244 0.00687626 0.280074
243 0.00465607 0.00665066 0.366844
244 0.00622398 0.0072409 0.291038
245 0.00500942 0.00699066 0.347628
246 0.00573184 0.00766911 0.305143
247 0.000383642 -0.00910596 0.331306
248 0.00535857 0.00734178 0.326771
249 0.00179714 -0.00883187 0.330041
250 0.00131673 -0.00890578 0.332294
251 0.00228728 -0.00876157 0.326223
252 0.00084929 -0.00901464 0.332113
253 0.00273103 -0.00862648 0.323615
254 0.00317622 -0.00848621 0.319927
255 0.0036138 -0.00832338 0.315809
256 0.00403032 -0.0081301 0.311817
257 0.00443675 -0.00791495 0.307533
258 0.000922938 -0.00852084 0.345996
259 0.00484078 -0.00768121 0.302681
260 0.000934366 -0.00799399 0.360328
261 0.00522253 -0.0074227 0.297992
262 0.00089968 -0.00746343 0.374148
263 0.00559142 -0.00714811 0.29304
264 0.000887386 -0.00693333 0.386978
265 0.0059513 -0.00685385 0.287816
266 0.000887386 -0.00642222 0.398487
267 0.00629577 -0.00653926 0.28256
268 0.000887386 -0.00591111 0.409216
269 0.00661831 -0.00620982 0.277448
270 0.000887386 -0.0054 0.419168
271 0.00692353 -0.00586649 0.272344
272 0.000887386 -0.00488889 0.42835
273 0.0072141 -0.00550375 0.267276
274 0.000887386 -0.00437778 0.436767
275 0.00748449 -0.0051333 0.262301
276 0.000887386 -0.00386667 0.444427
277 0.00773895 -0.00474595 0.257437
278 0.000887386 -0.00335556 0.451336
279 0.00797298 -0.00434196 0.252892
280 0.000887386 -0.00284444 0.457501
281 0.00817923 -0.0039297 0.248931
282 0.000887386 -0.00233333 0.462931
283 0.00836671 -0.00350848 0.245182
284 0.000887386 -0.00182222 0.467635
285 0.00853711 -0.00307431 0.241629
286 0.000887386 -0.00131111 0.471621
287 0.00867506 -0.00263535 0.238975
288 0.000887386 -0.0008 0.4749
289 0.00880349 -0.00218377 0.236163
290 0.000887386 -0.000288889 0.477485
291 0.0089014 -0.00172449 0.234219
292 0.000887386 0.000222222 0.479387
293 0.00898305 -0.00126693 0.232377
294 0.000887386 0.000733333 0.48062
295 0.00904009 -0.000809803 0.231111
296 0.000887386 0.00124444 0.4812
297 0.00906613 -0.000343517 0.230805
298 0.000887386 0.00175556 0.481143
299 0.00907043 0.000115146 0.230948
300 0.000887386 0.00226667 0.480469
301 0.00905406 0.000576213 0.231507
302 0.000887386 0.00277778 0.479198
303 0.00901504 0.00103955 0.232582
304 0.000903763 0.00328977 0.477244
305 0.00895078 0.00149696 0.234317
306 0.000925707 0.00380572 0.474656
307 0.00886227 0.0019486 0.236677
308 0.000893311 0.00432281 0.471875
309 0.00875546 0.00240261 0.239296
310 0.00861907 0.00284305 0.242853
311 0.00846338 0.00327576 0.246784
312 0.00828625 0.00370556 0.251147
313 0.00808519 0.00412652 0.256108
314 0.00172346 0.00463768 0.461407
315 0.00786347 0.00453083 0.261615
316 0.00224739 0.00480152 0.452345
317 0.00762319 0.00492287 0.267542
318 0.00278477 0.0050028 0.440455
319 0.00735887 0.0053065 0.274106
320 0.00330477 0.00523162 0.426339
321 0.00707468 0.00567874 0.281195
322 0.00380453 0.00550055 0.41003
323 0.00675932 0.00604324 0.289348
324 0.00428295 0.00580784 0.391621
325 0.00641095 0.00639937 0.298762
326 0.00474637 0.0061355 0.371178
327 0.00616662 0.00676431 0.302961
328 0.00517212 0.00647167 0.3499
329 0.00579921 0.00700151 0.314853
330 0.00542598 0.00682009 0.333696
331 0.00196763 -0.0084101 0.340089
332 0.00145857 -0.00832942 0.34754
333 0.00236328 -0.00825108 0.339488
334 0.00280446 -0.00811889 0.336422
335 0.00322882 -0.00799005 0.332391
336 0.00363752 -0.00781821 0.328723
337 0.00401953 -0.00761357 0.325454
338 0.00440853 -0.00741842 0.320782
339 0.00478791 -0.00717673 0.316494
340 0.00136926 -0.00773826 0.363972
341 0.00513676 -0.00691877 0.312476
342 0.00132123 -0.0072044 0.37763
343 0.00548483 -0.00665936 0.307574
344 0.00133214 -0.00667778 0.389819
345 0.00583004 -0.00637112 0.302471
346 0.00133214 -0.00616667 0.400938
347 0.00613273 -0.00605761 0.298446
348 0.00133214 -0.00565556 0.411266
349 0.00643195 -0.00573882 0.293789
350 0.00133214 -0.00514444 0.420819
351 0.00671837 -0.00539772 0.289182
352 0.00133214 -0.00463333 0.429604
353 0.00698322 -0.00504837 0.284732
354 0.00133214 -0.00412222 0.437626
355 0.00723526 -0.00469934 0.280003
356 0.00133214 -0.00361111 0.444891
357 0.00747926 -0.00432198 0.275267
358 0.00133214 -0.0031 0.451408
359 0.00767202 -0.00392996 0.272226
360 0.00133214 -0.00258889 0.457183
361 0.00786004 -0.00353555 0.2687
362 0.00133214 -0.00207778 0.462224
363 0.00803094 -0.00312733 0.265408
364 0.00133214 -0.00156667 0.46654
365 0.00817099 -0.00271049 0.262952
366 0.00133214 -0.00105556 0.470142
367 0.00829755 -0.00228639 0.260525
368 0.00133214 -0.000544444 0.473039
369 0.00840758 -0.00185516 0.258273
370 0.00133214 -3.33333e-05 0.475243
371 0.00849118 -0.00142017 0.256679
372 0.00133214 0.000477778 0.476767
373 0.00856258 -0.000991349 0.255017
374 0.00133214 0.000988889 0.477626
375 0.00861238 -0.000543423 0.253858
376 0.00133214 0.0015 0.477834
377 0.00861106 -0.000104386 0.25463
378 0.00133214 0.00201111 0.47741
379 0.00859905 0.000333151 0.255323
380 0.00133214 0.00252222 0.476371
381 0.00859314 0.000764609 0.255101
382 0.00132696 0.00301982 0.474843
383 0.00854164 0.00121181 0.256543
384 0.0013944 0.00353199 0.472036
385 0.00845427 0.00163863 0.259249
386 0.00145468 0.00407369 0.468508
387 0.00837701 0.00206432 0.260841
388 0.00825753 0.00249854 0.263884
389 0.00811194 0.00290724 0.267787
390 0.00796474 0.00331563 0.271167
391 0.00778912 0.00372965 0.275263
392 0.00757697 0.0041103 0.280871
393 0.00210473 0.00424352 0.458807
394 0.00735828 0.0044895 0.286227
395 0.00267997 0.00445513 0.447107
396 0.00711471 0.00486373 0.292241
397 0.00323804 0.0046829 0.433055
398 0.00684854 0.00522052 0.299002
399 0.00378037 0.0049491 0.416513
400 0.00658427 0.00557232 0.305265
401 0.0042938 0.00525498 0.397906
402 0.00623012 0.00594429 0.314768
403 0.00479426 0.005587 0.376997
404 0.0057883 0.00637557 0.326565
405 0.0052822 0.00595555 0.353699
406 0.00191335 -0.00791599 0.354123
407 0.00245149 -0.00773429 0.351923
408 0.00289154 -0.0075924 0.348656
409 0.00328586 -0.00754869 0.342603
410 0.00359928 -0.00730302 0.342431
411 0.00400195 -0.00708959 0.338609
412 0.00440086 -0.00697676 0.331451
413 0.00468887 -0.00667725 0.3307
414 0.00170909 -0.00744687 0.368161
415 0.00503514 -0.00642033 0.326498
416 0.00178106 -0.00697536 0.378821
417 0.00540699 -0.00622805 0.3192
418 0.00178419 -0.00645448 0.390572
419 0.00565208 -0.00589029 0.318205
420 0.00177689 -0.00591111 0.402062
421 0.0059485 -0.00559201 0.313916
422 0.00177689 -0.0054 0.411984
423 0.00623375 -0.00527932 0.309491
424 0.00177689 -0.00488889 0.421133
425 0.00648392 -0.0049375 0.306107
426 0.00177689 -0.00437778 0.429514
427 0.00673516 -0.00460624 0.301749
428 0.00177689 -0.00386667 0.437135
429 0.00703142 -0.00431381 0.294214
430 0.00177689 -0.00335556 0.444
431 0.00716374 -0.00391922 0.294287
432 0.00177689 -0.00284444 0.450117
433 0.00735344 -0.00354226 0.291035
434 0.00177689 -0.00233333 0.455492
435 0.00753176 -0.00316037 0.287651
436 0.00177689 -0.00182222 0.460135
437 0.00766838 -0.00276574 0.28562
438 0.00177689 -0.00131111 0.464053
439 0.0077932 -0.0023665 0.283544
440 0.00177689 -0.0008 0.467257
441 0.00791086 -0.00196264 0.281213
442 0.00177689 -0.000288889 0.469758
443 0.00799771 -0.00154781 0.279773
444 0.00177689 0.000222222 0.471567
445 0.00806693 -0.00113612 0.278562
446 0.00177689 0.000733333 0.472697
447 0.00821211 -0.000732079 0.273059
448 0.00177689 0.00124444 0.473162
449 0.00815931 -0.000308482 0.276639
450 0.00177689 0.00175556 0.472979
451 0.00813842 0.000116079 0.278075
452 0.00177689 0.00226667 0.472164
453 0.00811375 0.000541282 0.279106
454 0.00176774 0.00277123 0.470863
455 0.00819343 0.000950404 0.274513
456 0.00173895 0.00322298 0.469439
457 0.00804916 0.00134101 0.280378
458 0.00199101 0.00365945 0.464086
459 0.00794471 0.00177251 0.283555
460 0.00795411 0.0021853 0.280766
461 0.00775081 0.00254875 0.288006
462 0.00760547 0.00295469 0.291591
463 0.0075294 0.00336634 0.291299
464 0.00727733 0.00369892 0.299502
465 0.00707774 0.00406885 0.304335
466 0.00257473 0.00389897 0.453024
467 0.00686019 0.00443318 0.309545
468 0.00315574 0.00412437 0.439455
469 0.00660699 0.00477546 0.316124
470 0.00373269 0.00437286 0.423145
471 0.00633872 0.00511576 0.322925
472 0.00427763 0.0046786 0.40458
473 0.0061511 0.00548324 0.325448
474 0.00478706 0.00502145 0.384232
475 0.00574383 0.00571684 0.338929
476 0.00527938 0.00536453 0.362167
477 0.00214975 -0.00738665 0.364695
478 0.00308407 -0.00706097 0.358298
479 0.00361298 -0.00681017 0.353729
480 0.0041345 -0.00654991 0.347791
481 0.00458727 -0.00617851 0.344145
482 0.00506689 -0.00583201 0.337661
483 0.00221941 -0.00678893 0.377981
484 0.00223993 -0.0062178 0.390235
485 0.00544636 -0.00542849 0.333592
486 0.00222164 -0.00565556 0.401835
487 0.00579575 -0.00519206 0.326299
488 0.00222164 -0.00514444 0.411346
489 0.00598779 -0.00483081 0.325866
490 0.00222164 -0.00463333 0.420087
491 0.00626012 -0.00446187 0.321944
492 0.00222164 -0.00412222 0.42806
493 0.00658867 -0.00403706 0.315806
494 0.00222164 -0.00361111 0.435272
495 0.00222164 -0.0031 0.441729
496 0.0068255 -0.00353689 0.312939
497 0.00222164 -0.00258889 0.447437
498 0.00708583 -0.00320824 0.306107
499 0.00222164 -0.00207778 0.452404
500 0.00716076 -0.00280951 0.307199
501 0.00222164 -0.00156667 0.456637
502 0.00728357 -0.00242815 0.305514
503 0.00222164 -0.00105556 0.460145
504 0.007419 -0.00203948 0.302749
505 0.00222164 -0.000544444 0.462938
506 0.00759169 -0.00167502 0.297544
507 0.00222164 -3.33333e-05 0.465028
508 0.0075834 -0.00124557 0.300312
509 0.00222164 0.000477778 0.466425
510 0.00125789 0.00459556 0.466967
511 0.00222164 0.000988889 0.467142
512 0.00388305 -0.00455998 0.391121
513 0.00222164 0.0015 0.467195
514 0.00768406 -0.000121601 0.299172
515 0.00222164 0.00201111 0.466598
516 0.00766753 0.000356279 0.300153
517 0.00221845 0.0025435 0.465353
518 0.00769018 0.000907857 0.298522
519 0.00218196 0.0030864 0.463919
520 0.00754109 0.00146812 0.303687
521 0.00746804 0.00205521 0.304307
522 0.00724405 0.0025963 0.310886
523 0.00705164 0.00315581 0.314963
524 0.0067719 0.0036346 0.322539
525 0.00664753 0.00403729 0.323514
526 0.00311308 0.00357256 0.444103
527 0.00636062 0.00432754 0.332322
528 0.0036818 0.00380656 0.428941
529 0.00611273 0.00468685 0.338152
530 0.00427657 0.00405855 0.410372
531 0.00578549 0.00511891 0.345802
532 0.00478642 0.0044527 0.390442
533 0.00527869 0.00479394 0.369367
534 0.00259956 -0.00716767 0.363776
535 0.00322882 -0.0065628 0.366876
536 0.00363466 -0.00628803 0.364708
537 0.00408367 -0.00598238 0.360891
538 0.00452932 -0.00563485 0.356475
539 0.00494872 -0.00524646 0.351999
540 0.00272874 -0.00654291 0.376148
541 0.00267905 -0.00592819 0.389834
542 0.00541021 -0.00485803 0.344705
543 0.00266427 -0.0053917 0.400433
544 0.00266639 -0.00488889 0.409343
545 0.00572291 -0.00440495 0.341609
546 0.00266639 -0.00437778 0.417669
547 0.00602836 -0.00398783 0.337097
548 0.00266639 -0.00386667 0.425228
549 0.00630796 -0.00351929 0.333057
550 0.00266639 -0.00335556 0.432027
551 0.00266639 -0.00284444 0.438067
552 0.00661216 -0.0030042 0.327428
553 0.00266639 -0.00233333 0.443357
554 0.00266639 -0.00182222 0.447903
555 0.00266639 -0.00131111 0.451714
556 0.00691644 -0.00205104 0.323865
557 0.00266639 -0.0008 0.454799
558 0.00769809 -0.000680749 0.297394
559 0.00266639 -0.000288889 0.457167
560 0.00708856 -0.00157232 0.320019
561 0.00266639 0.000222222 0.458829
562 0.00716827 -0.000971362 0.319644
563 0.00266639 0.000733333 0.459796
564 0.00721621 -0.000437735 0.319308
565 0.00266639 0.00124444 0.460081
566 0.00266639 0.00175556 0.459703
567 0.00266568 0.00226627 0.45869
568 0.00719291 0.000590694 0.321123
569 0.00264583 0.00279585 0.457329
570 0.00713184 0.00110826 0.32293
571 0.00702625 0.00164578 0.325738
572 0.00686856 0.0021675 0.329955
573 0.00668182 0.00268895 0.334513
574 0.00645803 0.00320997 0.33972
575 0.00620415 0.00376336 0.344958
576 0.00363766 0.00323963 0.433702
577 0.00589101 0.00419229 0.352878
578 0.00415633 0.00345053 0.418444
579 0.00568454 0.00459891 0.35625
580 0.00482423 0.00397395 0.393689
581 0.00531689 0.00418055 0.3747
582 0.00676089 -0.00251093 0.326342
583 0.0072088 8.40641e-05 0.32044
584 0.00313408 -0.00609901 0.378574
585 0.00358923 -0.00578847 0.375843
586 0.00402056 -0.0054541 0.372595
587 0.00443601 -0.00510328 0.368591
588 0.0048299 -0.00472282 0.364292
589 0.00311457 -0.00560192 0.388803
590 0.00518242 -0.00432267 0.360138
591 0.0030978 -0.00510077 0.398307
592 0.00309611 -0.00460138 0.406767
593 0.00549054 -0.00393944 0.355926
594 0.003107 -0.00410376 0.414229
595 0.00576927 -0.00350538 0.352316
596 0.00311114 -0.00361111 0.421018
597 0.00600634 -0.00305573 0.349328
598 0.00311114 -0.0031 0.427391
599 0.00311114 -0.00258889 0.433003
600 0.00311114 -0.00207778 0.437865
601 0.00311114 -0.00156667 0.44198
602 0.00311114 -0.00105556 0.445356
603 0.00655013 -0.00165879 0.341174
604 0.00311114 -0.000544444 0.448003
605 0.00311114 -3.33333e-05 0.449929
606 0.00311114 0.000477778 0.451146
607 0.00671765 -0.00067497 0.339343
608 0.00311114 0.000988889 0.451664
609 0.00310671 0.00148845 0.4516
610 0.00311116 0.00198882 0.450716
611 0.00312279 0.00248579 0.449064
612 0.00669223 0.000785373 0.341914
613 0.00661494 0.00128176 0.344098
614 0.00649928 0.00177133 0.347105
615 0.00633579 0.00227088 0.351229
616 0.0061294 0.00275886 0.356326
617 0.00589586 0.00324173 0.361739
618 0.00562306 0.00370233 0.368047
619 0.00414676 0.00288315 0.422188
620 0.00622068 -0.00257898 0.346387
621 0.00639479 -0.00212274 0.343808
622 0.00665591 -0.00116869 0.339796
623 0.0067486 -0.000184522 0.339336
624 0.00673689 0.000297387 0.340311
625 0.00469475 0.0031421 0.404426
626 0.00354389 -0.00529397 0.386117
627 0.00395923 -0.00497827 0.3825
628 0.00431531 -0.00460174 0.380046
629 0.0046415 -0.00419688 0.37765
630 0.00498592 -0.00382107 0.373109
631 0.00351206 -0.00481515 0.395108
632 0.00354061 -0.00432591 0.402346
633 0.00530661 -0.00351365 0.36728
634 0.00356722 -0.00384838 0.408728
635 0.00543019 -0.00307065 0.368629
636 0.00355589 -0.00335556 0.415416
637 0.0035532 -0.00283686 0.421495
638 0.00355589 -0.00233333 0.426534
639 0.00355589 -0.00182222 0.430955
640 0.00355589 -0.00131111 0.434626
641 0.00355589 -0.0008 0.437554
642 0.00355589 -0.000288889 0.439747
643 0.00355589 0.000222222 0.441215
644 0.00355589 0.000733333 0.441969
645 0.0035514 0.00123236 0.442127
646 0.00354128 0.00171662 0.441778
647 0.00357124 0.00219579 0.439922
648 0.00619947 0.000954788 0.361083
649 0.00611163 0.00142127 0.363434
650 0.00598769 0.00188043 0.36653
651 0.00579642 0.00234406 0.371469
652 0.00559043 0.00277817 0.376423
653 0.00531618 0.00321743 0.383173
654 0.00566785 -0.00264916 0.365175
655 0.00600964 -0.0017518 0.360729
656 0.00611517 -0.0013085 0.359657
657 0.00628605 -0.000414608 0.356935
658 0.00620891 -0.000859252 0.358337
659 0.00393007 0.00191252 0.43177
660 0.00625568 0.000496451 0.35928
661 0.00464084 0.0024766 0.409832
662 0.00587729 -0.00219931 0.362011
663 0.00629687 4.95252e-05 0.357435
664 0.00406416 -0.00410387 0.393899
665 0.00449493 -0.00370878 0.388386
666 0.00486894 -0.00325366 0.383703
667 0.00400022 -0.00357116 0.402674
668 0.0039774 -0.00307114 0.409298
669 0.00401398 -0.00258107 0.413672
670 0.00403178 -0.00207766 0.417892
671 0.00403279 -0.00156755 0.421826
672 0.00403075 -0.00105825 0.425077
673 0.00401743 -0.000546044 0.427878
674 0.00400064 -3.33333e-05 0.430024
675 0.00400064 0.000477778 0.431016
676 0.00400064 0.000988889 0.431289
677 0.00399137 0.0014897 0.431104
678 0.00571814 0.00109306 0.378584
679 0.00562589 0.00152068 0.380914
680 0.00547507 0.00196981 0.384698
681 0.00524126 0.00238567 0.390881
682 0.00508208 0.00279732 0.393915
683 0.00508119 -0.00264694 0.38401
684 0.00409494 0.00232006 0.426175
685 0.00577568 0.000653734 0.376947
686 0.00541751 -0.00227786 0.376764
687 0.00557491 -0.00141406 0.377987
688 0.00550381 -0.00184621 0.377447
689 0.00568469 -0.000990152 0.376529
690 0.0059135 -0.000173972 0.371202
691 0.00579497 -0.000574379 0.374343
692 0.00441915 0.00185142 0.418711
693 0.00581806 0.000237525 0.375291
694 0.0043588 -0.00327612 0.397368
695 0.0044609 -0.00284642 0.399595
696 0.00451151 -0.00233921 0.403237
697 0.0045083 -0.00182488 0.407622
698 0.00452533 -0.00131398 0.410661
699 0.00450628 -0.000806226 0.413913
700 0.004465 -0.000280128 0.417079
701 0.00444647 0.000223812 0.418802
702 0.0044343 0.000729872 0.419641
703 0.00442071 0.00125896 0.419793
704 0.00523989 0.00122319 0.394732
705 0.00522081 0.00163244 0.394411
706 0.00495534 0.0019797 0.402004
707 0.00530703 0.000787212 0.392974
708 0.00499376 -0.00207673 0.391727
709 0.00509145 -0.00106844 0.395534
710 0.00502494 -0.00158168 0.394483
711 0.00535819 -0.000653259 0.388796
712 0.00540379 -0.000171852 0.388877
713 0.00483181 0.00147911 0.407263
714 0.00492657 -0.000510013 0.402945
715 0.00491344 4.8414e-06 0.404802
716 0.00489015 0.000483139 0.406175
717 0.00535869 0.000327174 0.391157
718 0.00485385 0.000965079 0.407294
719 0.00361868 0.00269214 0.436942
720 0.00209219 0.00767533 0.425597
721 0.00168929 0.00797488 0.428463
722 0.00367648 0.00789892 0.382919
723 0.000788686 0.00631961 0.456314
724 0.0033354 0.00676396 0.408349
725 0.00370356 0.00703854 0.394027
726 0.00293411 0.00652613 0.421505
727 0.00404067 0.00744823 0.377169
728 0.00251289 0.00632322 0.433066
729 0.00444305 0.00765897 0.358936
730 0.00206022 0.00617104 0.442997
731 0.00468298 0.00815587 0.340804
732 0.00160079 0.00603689 0.451091
733 0.00113573 0.00591529 0.457387
734 0.00062435 0.0058381 0.461871
735 0.00420144 0.0085288 0.354606
736 0.00372249 0.00877157 0.368727
737 0.0032559 0.00892978 0.381469
738 0.000404236 0.00663949 0.45523
739 0.00276496 0.00911681 0.392325
740 0.00044905 0.00714815 0.449686
741 0.00227017 0.00925438 0.40167
742 0.00044905 0.00766667 0.443914
743 0.00178744 0.00936989 0.408892
744 0.00044905 0.00818519 0.437828
745 0.00126472 0.00944488 0.415101
746 0.000467682 0.00867663 0.431677
747 0.000693214 0.00950295 0.419528
748 0.000365108 0.00621936 0.459507
749 0.000413534 0.00910137 0.426515
750 0.00326047 0.00726026 0.40411
751 0.00290269 0.00704526 0.416102
752 0.00358398 0.0074487 0.392123
753 0.00252018 0.00684297 0.427123
754 0.00412369 0.00799836 0.365951
755 0.00212347 0.00666428 0.436713
756 0.0016891 0.00654574 0.444778
757 0.00124528 0.00644018 0.451228
758 0.00381337 0.00831635 0.372232
759 0.00334947 0.00834531 0.386923
760 0.00287578 0.00859609 0.396665
761 0.000864078 0.00682577 0.450669
762 0.00238472 0.0087262 0.40644
763 0.00088421 0.00735713 0.444747
764 0.00191601 0.00884413 0.41381
765 0.00086173 0.00789349 0.438732
766 0.001495 0.0090223 0.417835
767 0.000904675 0.00843539 0.431831
768 0.00101558 0.0089523 0.424246
769 0.00324957 0.00777486 0.397634
770 0.00287227 0.00755955 0.410438
771 0.00250389 0.00735594 0.421406
772 0.0021379 0.0071616 0.430856
773 0.001781 0.00700447 0.438459
774 0.00135138 0.00701268 0.444083
775 0.00289906 0.00808727 0.402918
776 0.00253576 0.00831278 0.408571
777 0.00206623 0.008261 0.418821
778 0.00129057 0.00761252 0.437957
779 0.00147072 0.00851128 0.424922
780 0.0012441 0.00810162 0.432596
781 0.0024805 0.00787213 0.415507
782 0.00170966 0.00741507 0.434874
783 0.00467454 0.0107756 0.300135
784 0.00474729 0.0126785 0.272523
785 0.00447656 0.0135107 0.271966
786 0.00304127 0.015566 0.281598
787 0.00478118 0.0159161 0.221367
788 0.00446063 0.0162614 0.226314
789 0.00507534 0.0155527 0.216512
790 0.00412139 0.0165935 0.230868
791 0.00534608 0.0151397 0.212225
792 0.00375747 0.0169028 0.235318
793 0.00556957 0.0147125 0.209011
794 0.00337364 0.0171854 0.239525
795 0.00576672 0.0142726 0.206106
796 0.00295806 0.0174211 0.244128
797 0.00590752 0.0138234 0.205016
798 0.00252105 0.0176168 0.248583
799 0.00602335 0.013363 0.204429
800 0.00207625 0.0177882 0.252178
801 0.00612047 0.0129029 0.203974
802 0.00162159 0.0179372 0.254867
803 0.0061831 0.0124426 0.204585
804 0.00115312 0.0180675 0.256551
805 0.00619909 0.0119584 0.207289
806 0.000640909 0.0181605 0.257799
807 0.00617388 0.0114774 0.211837
808 0.00611645 0.0109937 0.218013
809 0.00600325 0.0105211 0.227622
810 0.00586862 0.0100604 0.239121
811 0.000423971 0.0173736 0.278196
812 0.00577825 0.00960555 0.248538
813 0.000441503 0.0168824 0.289671
814 0.00542456 0.00921244 0.278826
815 0.000441503 0.0163725 0.301199
816 0.000441503 0.0158627 0.312279
817 0.000441503 0.0153529 0.322921
818 0.000441503 0.0148431 0.333158
819 0.00454715 0.00937945 0.326269
820 0.000441503 0.0143333 0.343014
821 0.00408835 0.00962445 0.342388
822 0.000441503 0.0138235 0.352514
823 0.00356229 0.00983002 0.358798
824 0.000441503 0.0133137 0.36168
825 0.00303386 0.0100035 0.372628
826 0.000441503 0.0128039 0.370533
827 0.00249808 0.0101527 0.384118
828 0.000441503 0.0122941 0.379091
829 0.00193562 0.0102804 0.393647
830 0.000456942 0.01176 0.387681
831 0.00136942 0.010376 0.400744
832 0.000473027 0.0111992 0.396371
833 0.000885254 0.0103552 0.406119
834 0.000419069 0.0105445 0.406482
835 0.000394221 0.0177795 0.268432
836 0.00498147 0.00914655 0.308266
837 0.00457477 0.0154598 0.237076
838 0.00428318 0.0157829 0.241404
839 0.00395782 0.0160862 0.246108
840 0.00486235 0.0151008 0.232407
841 0.00364129 0.0163936 0.249258
842 0.00507365 0.0147186 0.23011
843 0.00330754 0.0166881 0.252028
844 0.00525685 0.0143335 0.228146
845 0.00293475 0.0169141 0.256064
846 0.00540781 0.0138977 0.227461
847 0.00253515 0.0170968 0.260352
848 0.0055227 0.0134721 0.22761
849 0.00211362 0.0172528 0.264275
850 0.00562539 0.0130318 0.227807
851 0.00168978 0.0174002 0.266994
852 0.00571237 0.0126126 0.227904
853 0.0012674 0.0175535 0.268124
854 0.00576129 0.0121646 0.229619
855 0.000839411 0.0176829 0.268482
856 0.00574036 0.0117327 0.234599
857 0.00571068 0.011301 0.239925
858 0.00562899 0.0108424 0.248459
859 0.00548759 0.010377 0.261124
860 0.00534641 0.00985193 0.275455
861 0.000862521 0.0171923 0.280124
862 0.000880231 0.0166601 0.292284
863 0.000887277 0.0161459 0.303622
864 0.000885572 0.0156078 0.315069
865 0.000885572 0.015098 0.325469
866 0.000885572 0.0145882 0.335472
867 0.00448842 0.00992048 0.320845
868 0.000885572 0.0140784 0.345105
869 0.00398107 0.0101616 0.338802
870 0.000885572 0.0135686 0.354397
871 0.00344401 0.0103613 0.355043
872 0.000885572 0.0130588 0.363374
873 0.00289153 0.0105288 0.368936
874 0.000885572 0.012549 0.372044
875 0.00230538 0.0106858 0.380622
876 0.000885572 0.0120392 0.380423
877 0.00169065 0.0108058 0.390069
878 0.00093159 0.0114934 0.388753
879 0.000998751 0.0109014 0.397276
880 0.00496732 0.00962037 0.301334
881 0.00411037 0.0152843 0.256237
882 0.00444879 0.0150561 0.248552
883 0.00379841 0.0155672 0.260929
884 0.00342734 0.0158678 0.265825
885 0.00459274 0.0146981 0.249301
886 0.00321312 0.0162214 0.264146
887 0.00478295 0.0143282 0.247816
888 0.00288641 0.0164228 0.267767
889 0.00498846 0.0139956 0.244332
890 0.00254418 0.016606 0.271062
891 0.00497702 0.0135448 0.251193
892 0.00213455 0.0167425 0.275511
893 0.00510949 0.0131041 0.251149
894 0.00172303 0.0168608 0.27905
895 0.00521769 0.0127064 0.251046
896 0.00538902 0.012344 0.246859
897 0.00531514 0.011966 0.254652
898 0.00526198 0.0115481 0.26181
899 0.00529876 0.0111399 0.264156
900 0.00512839 0.0107577 0.277511
901 0.00493325 0.0102317 0.294585
902 0.00132472 0.0164657 0.292696
903 0.00133474 0.015914 0.304545
904 0.00134505 0.0153722 0.315659
905 0.00135281 0.014857 0.325818
906 0.00132964 0.0143333 0.336102
907 0.00436539 0.0104711 0.318586
908 0.00132964 0.0138235 0.345496
909 0.00384743 0.0107181 0.335887
910 0.00132964 0.0133137 0.354565
911 0.00330662 0.0109029 0.351513
912 0.00134636 0.0127852 0.363451
913 0.00270896 0.0110829 0.365497
914 0.00136368 0.0122599 0.371949
915 0.00210047 0.0112399 0.376444
916 0.0013061 0.0117961 0.380059
917 0.00149506 0.0113355 0.384896
918 0.00411253 0.014739 0.265699
919 0.00336729 0.0153174 0.278038
920 0.0028908 0.0159399 0.2777
921 0.00428908 0.0143015 0.266849
922 0.00457898 0.0139072 0.262161
923 0.0025138 0.0161044 0.282363
924 0.00221798 0.0163222 0.283221
925 0.00462684 0.0131038 0.271833
926 0.00177942 0.0162688 0.2914
927 0.004943 0.0122694 0.269051
928 0.00483377 0.0117897 0.279974
929 0.00479981 0.0112349 0.288438
930 0.00178262 0.0156396 0.304636
931 0.00184058 0.0151369 0.313888
932 0.00180704 0.0146025 0.324713
933 0.00177371 0.0140784 0.334954
934 0.00177371 0.0135686 0.344094
935 0.00376186 0.0113298 0.330265
936 0.00177371 0.0130588 0.352934
937 0.00313716 0.0114717 0.348183
938 0.0018207 0.0124897 0.36172
939 0.00252207 0.0116457 0.361465
940 0.00184585 0.0118618 0.371467
941 0.00371892 0.0143817 0.28465
942 0.00239378 0.0155027 0.297181
943 0.00403812 0.0138066 0.28358
944 0.00212101 0.0159005 0.293787
945 0.00441511 0.0121724 0.293305
946 0.00433791 0.0115669 0.304665
947 0.00230144 0.014875 0.311108
948 0.00224933 0.0143252 0.322344
949 0.00221481 0.0138225 0.33203
950 0.00221778 0.0133137 0.34083
951 0.00352779 0.011883 0.329955
952 0.00226199 0.0128036 0.348549
953 0.00294775 0.0120362 0.344844
954 0.00236817 0.0122309 0.35565
955 0.00425867 0.0110345 0.315228
956 0.003255 0.0147718 0.291145
957 0.00284581 0.0150957 0.295342
958 0.00411538 0.0132291 0.289721
959 0.00425569 0.0127192 0.291941
960 0.00351658 0.0138677 0.29934
961 0.00273125 0.0145413 0.308328
962 0.00269047 0.0140125 0.318729
963 0.00258647 0.013573 0.32867
964 0.00270323 0.0131396 0.333333
965 0.00334864 0.0124404 0.327151
966 0.00280283 0.0125954 0.339785
967 0.00314107 0.0141953 0.304427
968 0.00362166 0.0133824 0.304032
969 0.00387066 0.0123226 0.311902
970 0.00375239 0.0128505 0.308076
971 0.00321911 0.0129995 0.322197
972 0.00308434 0.0135786 0.316483
973 0.001296 0.0170126 0.280616
974 0.00397372 0.0118593 0.314767
975 0.00371635 0.0150019 0.273808
