1 1.53081e-18 -0.025 0.321219
2 1.02054e-18 0.0133333 0.778273
3 1.53081e-18 0.025 0.666191
4 1.02054e-18 0.0466667 0.256061
5 0.0146855 0.0378813 0.162554
6 0.0239236 -0.00725686 0.160432
7 0.0138888 0.020787 0.380238
8 0 0.0105952 0.791613
9 0 0.00785714 0.801315
10 0 0.00511905 0.804768
11 0 0.00238095 0.8014
12 0 -0.000357143 0.790964
13 0 -0.00309524 0.773032
14 0 -0.00583333 0.747229
15 0 -0.00857143 0.713246
16 0 -0.0113095 0.670858
17 0 -0.0140476 0.619973
18 0 -0.0167857 0.560666
19 0 -0.0195238 0.49223
20 0 -0.0222619 0.412607
21 0.0245588 -0.00467603 0.152429
22 0.0249164 -0.00204289 0.147988
23 0.0249925 0.000613869 0.147373
24 0.0247861 0.00326369 0.15082
25 0.0242996 0.0058761 0.158227
26 0.0235385 0.00842262 0.169617
27 0.0225113 0.010874 0.184987
28 0.0212299 0.0132019 0.204545
29 0.0197084 0.0153812 0.229832
30 0.0179641 0.0173865 0.267042
31 0.0160172 0.0191951 0.340831
32 0.0121962 0.0186408 0.493924
33 0.0101756 0.0168002 0.588123
34 0.00788126 0.0153145 0.664161
35 0.00537497 0.0142238 0.720978
36 0.00272412 0.0135575 0.757928
37 0.0026541 -0.0248587 0.314112
38 0.00527766 -0.0244366 0.307263
39 0.00784211 -0.0237382 0.297681
40 0.0103179 -0.0227715 0.285363
41 0.0126767 -0.0215477 0.270686
42 0.0148926 -0.0200801 0.254176
43 0.0169402 -0.0183856 0.236591
44 0.018796 -0.0164836 0.218773
45 0.0204397 -0.014395 0.201556
46 0.0218525 -0.0121437 0.185577
47 0.023018 -0.00975567 0.171627
48 0 0.0220833 0.699242
49 0 0.0191667 0.729772
50 0 0.01625 0.756338
51 0.0117845 0.0220483 0.458767
52 0.00956683 0.0230971 0.528037
53 0.00725686 0.0239236 0.582413
54 0.00487701 0.0245197 0.621963
55 0.00245042 0.0248796 0.648918
56 0.0133019 0.0400418 0.177243
57 0.0116044 0.0419631 0.194052
58 0.00963179 0.0436017 0.211195
59 0.00743022 0.0449188 0.226502
60 0.00505362 0.045882 0.238871
61 0.00255794 0.0464692 0.24759
62 0.0151382 0.0230278 0.232793
63 0.0160285 0.0254321 0.180166
64 0.0165395 0.0279451 0.155635
65 0.0166589 0.0305077 0.146541
66 0.0163839 0.0330573 0.145316
67 0.0157211 0.035534 0.150751
68 0 0.0439583 0.328228
69 0 0.04125 0.391978
70 0 0.0385417 0.448353
71 0 0.0358333 0.499715
72 0 0.033125 0.546498
73 0 0.0304167 0.589221
74 0 0.0277083 0.630022
75 0.0120689 -0.00461719 0.600189
76 0.0122469 -0.00163628 0.614913
77 0.0119737 0.00112076 0.630544
78 0.0114031 0.00344124 0.645639
79 0.00600167 -0.021857 0.380117
80 0.00307986 -0.021561 0.417014
81 0.00806609 -0.0210757 0.375285
82 0.0104211 -0.0200559 0.362204
83 0.0124456 -0.0187778 0.35204
84 0.00268454 -0.0182913 0.509369
85 0.0143709 -0.0173975 0.336897
86 0.00238888 -0.0154129 0.57921
87 0.0161834 -0.0157284 0.321909
88 0.00237126 -0.0126786 0.634619
89 0.0176686 -0.0138798 0.31165
90 0.00237126 -0.00994048 0.681326
91 0.0191243 -0.012011 0.293789
92 0.00237126 -0.00720238 0.719406
93 0.0203422 -0.00987572 0.280141
94 0.00237126 -0.00446429 0.749097
95 0.0211696 -0.00764017 0.274641
96 0.00237126 -0.00172619 0.770688
97 0.0218102 -0.00532434 0.269475
98 0.00237126 0.0010119 0.78453
99 0.0223612 -0.00303613 0.259892
100 0.00237126 0.00375 0.791028
101 0.0225545 -0.000589148 0.25851
102 0.00242038 0.00654135 0.790183
103 0.0224878 0.00173119 0.260764
104 0.00237126 0.00922619 0.783625
105 0.0221729 0.00416062 0.266099
106 0.0019573 0.011531 0.776106
107 0.0215885 0.00647265 0.276303
108 0.0208933 0.00869993 0.284801
109 0.00459603 0.011324 0.752499
110 0.0198055 0.0109533 0.303005
111 0.00766551 0.0125201 0.693298
112 0.018347 0.0129744 0.334712
113 0.0106986 0.013914 0.605667
114 0.0166538 0.0150192 0.373749
115 0.0122828 0.0162038 0.526889
116 0.0146432 0.0173904 0.424321
117 0.0056693 -0.0193006 0.457041
118 0.00831295 -0.018908 0.430432
119 0.0100639 -0.0174645 0.436058
120 0.0119675 -0.0160729 0.428053
121 0.00478773 -0.0165962 0.53359
122 0.0139424 -0.0151278 0.398779
123 0.00458028 -0.0139219 0.593583
124 0.0150049 -0.0132628 0.406556
125 0.00472176 -0.0113095 0.640639
126 0.0164165 -0.0114094 0.395838
127 0.00472176 -0.00857143 0.682771
128 0.0180201 -0.0099633 0.363762
129 0.00472176 -0.00583333 0.716276
130 0.0186193 -0.00789832 0.369172
131 0.00472176 -0.00309524 0.741402
132 0.0191819 -0.00578008 0.369618
133 0.00472176 -0.000357143 0.758466
134 0.0196622 -0.00355233 0.367237
135 0.00472176 0.00238095 0.767863
136 0.0204598 -0.0015829 0.343789
137 0.00472176 0.00511905 0.770046
138 0.0200247 0.000510455 0.364757
139 0.0049009 0.0081559 0.762096
140 0.0203598 0.00265889 0.348243
141 0.0195161 0.004657 0.374831
142 0.0189805 0.00693371 0.381125
143 0.0186613 0.00904454 0.373818
144 0.00727651 0.00969348 0.718699
145 0.0171808 0.010692 0.414526
146 0.0100825 0.0107933 0.649419
147 0.0155642 0.0124395 0.456373
148 0.0138104 0.014412 0.498102
149 0.0127876 0.0117196 0.563187
150 0.00743153 -0.0169314 0.493494
151 0.00924079 -0.0146833 0.514506
152 0.0120743 -0.01313 0.486173
153 0.00696902 -0.0127153 0.588897
154 0.00707227 -0.00994048 0.63429
155 0.0157339 -0.0085797 0.457919
156 0.00707227 -0.00720238 0.671603
157 0.00707227 -0.00446429 0.700241
158 0.00707227 -0.00172619 0.720391
159 0.0168674 -0.00407991 0.464281
160 0.00707227 0.0010119 0.732441
161 0.017742 -0.00125136 0.448437
162 0.00707227 0.00375 0.736893
163 0.0072893 0.00666155 0.72998
164 0.0176235 0.00233574 0.455389
165 0.0165083 0.00794517 0.467695
166 0.00980925 0.0078862 0.673277
167 0.00654702 -0.0149855 0.549062
168 0.0138115 -0.0106905 0.483409
169 0.0168386 -0.00641705 0.445603
170 0.0168023 0.00525577 0.474978
171 0.0147383 0.00972207 0.515981
172 0.0122932 0.00881605 0.601946
173 0.0093443 -0.0116764 0.569033
174 0.00946415 -0.00880325 0.610888
175 0.00965679 -0.00602598 0.640437
176 0.00963645 -0.00314543 0.665705
177 0.00957585 -0.000373346 0.68192
178 0.0141791 0.00338613 0.569036
179 0.00940272 0.00227947 0.692033
180 0.0148096 0.000261302 0.549231
181 0.00947195 0.00501294 0.68991
182 0.0113109 -0.0103795 0.549419
183 0.0123941 -0.00783422 0.55996
184 0.0145 -0.00582049 0.524269
185 0.0147299 -0.0027783 0.540375
186 0.0143954 0.0067772 0.549117
187 0.0120365 0.00585806 0.624203
188 0.00252376 0.0206695 0.696755
189 0.00506826 0.019509 0.677041
190 0.00257949 0.0180371 0.722714
191 0.00230674 0.023122 0.671721
192 0.0075976 0.0182568 0.640698
193 0.00968318 0.0200023 0.563686
194 0.00521868 0.0168286 0.701264
195 0.00245041 0.0154833 0.746586
196 0.00741243 0.0211694 0.612059
197 0.00508334 0.0221604 0.647181
198 0.00742388 0.0312125 0.483936
199 0.00946961 0.0326215 0.409411
200 0.0100638 0.0300043 0.42623
201 0.0060268 0.0285342 0.549885
202 0.0118971 0.0376226 0.263082
203 0.0109532 0.0396493 0.256211
204 0.013412 0.0359351 0.235425
205 0.00916523 0.0409777 0.277765
206 0.0136245 0.0337944 0.253984
207 0.00723948 0.0422029 0.292568
208 0.0142393 0.0315222 0.250599
209 0.00537432 0.0433028 0.297459
210 0.0147462 0.0293538 0.242748
211 0.00292979 0.0432761 0.32569
212 0.0139705 0.0271741 0.294023
213 0.0132692 0.0242015 0.354976
214 0.0024274 0.0400421 0.402165
215 0.00234549 0.0371875 0.459947
216 0.00895109 0.0255557 0.51661
217 0.00234549 0.0344792 0.508899
218 0.00637654 0.0263028 0.572933
219 0.00225367 0.0318016 0.553703
220 0.00307161 0.0270506 0.616029
221 0.00193008 0.0294345 0.592227
222 0.0109473 0.0244793 0.461055
223 0.0108553 0.0348698 0.337734
224 0.00894422 0.0378377 0.342807
225 0.00488932 0.0410137 0.355725
226 0.012441 0.0295217 0.344356
227 0.00451997 0.0384784 0.412672
228 0.0046357 0.0357918 0.461556
229 0.00844234 0.0281916 0.498623
230 0.00468063 0.033125 0.505735
231 0.00445759 0.0300522 0.555338
232 0.00687259 0.039632 0.353001
233 0.0117919 0.0320869 0.341682
234 0.0113006 0.0270012 0.418381
235 0.00749328 0.0346491 0.430567
236 0.00637789 0.0372917 0.406234
