1 1.53081e-18 -0.025 8.87374
2 1.02054e-18 0.0133333 5.04491
3 1.53081e-18 0.025 5.76618
4 1.02054e-18 0.0466667 8.9475
5 0.0146855 0.0378813 9.15427
6 0.0239236 -0.00725686 9.17
7 0.0138888 0.020787 8.37397
8 0 0.0118 4.99691
9 0 0.0102667 4.95645
10 0 0.00873333 4.92861
11 0 0.0072 4.91465
12 0 0.00566667 4.91531
13 0 0.00413333 4.93081
14 0 0.0026 4.96194
15 0 0.00106667 5.00944
16 0 -0.000466667 5.07403
17 0 -0.002 5.15638
18 0 -0.00353333 5.25711
19 0 -0.00506667 5.37682
20 0 -0.0066 5.51604
21 0 -0.00813333 5.67528
22 0 -0.00966667 5.85501
23 0 -0.0112 6.05567
24 0 -0.0127333 6.27766
25 0 -0.0142667 6.52136
26 0 -0.0158 6.78711
27 0 -0.0173333 7.07524
28 0 -0.0188667 7.3866
29 0 -0.0204 7.72176
30 0 -0.0219333 8.08022
31 0 -0.0234667 8.45827
32 0.0243378 -0.00571585 9.17972
33 0.0246527 -0.00415248 9.1872
34 0.0248673 -0.00257254 9.19232
35 0.0249807 -0.000981811 9.19499
36 0.0249925 0.000613863 9.19517
37 0.0249024 0.00220704 9.19281
38 0.024711 0.00379028 9.18796
39 0.0244191 0.00535778 9.18063
40 0.0240278 0.0069038 9.1709
41 0.0235385 0.00842262 9.15882
42 0.0229532 0.00990713 9.14447
43 0.0222748 0.0113504 9.1279
44 0.021506 0.0127473 9.10904
45 0.0206495 0.0140925 9.08767
46 0.0197084 0.0153812 9.06317
47 0.018687 0.0166071 9.03412
48 0.0175901 0.0177648 8.99511
49 0.0164219 0.01885 8.94706
50 0.0151867 0.0198586 8.59617
51 0.0130089 0.0195814 7.69748
52 0.0120248 0.0184595 7.17901
53 0.0109445 0.0174304 6.73344
54 0.00977666 0.0165021 6.3458
55 0.00853056 0.0156819 6.01144
56 0.00721616 0.0149765 5.728
57 0.00584391 0.0143915 5.49498
58 0.00442474 0.0139314 5.31153
59 0.00296995 0.0136001 5.17822
60 0.00149111 0.0134002 5.09305
61 0.0015949 -0.0249491 8.88558
62 0.00318236 -0.0247966 8.89049
63 0.00475656 -0.0245433 8.8972
64 0.00631173 -0.0241901 8.90616
65 0.00784211 -0.0237382 8.91716
66 0.00934054 -0.0231895 8.93015
67 0.0108001 -0.0225468 8.9449
68 0.0122153 -0.0218125 8.96126
69 0.0135812 -0.0209893 8.97885
70 0.0148926 -0.0200801 8.99749
71 0.0161433 -0.0190891 9.01682
72 0.0173275 -0.018021 9.03644
73 0.018441 -0.0168798 9.05614
74 0.0194798 -0.0156697 9.07554
75 0.0204397 -0.014395 9.09439
76 0.0213164 -0.0130617 9.11238
77 0.0221059 -0.0116761 9.12915
78 0.0228052 -0.0102432 9.14452
79 0.0234119 -0.00876831 9.1582
80 0 0.0233333 5.63166
81 0 0.0216667 5.50811
82 0 0.02 5.39278
83 0 0.0183333 5.28782
84 0 0.0166667 5.19341
85 0 0.015 5.10564
86 0.0124995 0.0216509 7.65025
87 0.0110568 0.022422 7.17078
88 0.00956681 0.0230971 6.78543
89 0.00803575 0.0236733 6.47666
90 0.0064702 0.0241482 6.23013
91 0.00487703 0.0245197 6.04093
92 0.00326308 0.0247861 5.90607
93 0.00163513 0.0249465 5.81798
94 0.013919 0.0391672 9.13497
95 0.0130403 0.0403792 9.11401
96 0.0120563 0.0415075 9.09213
97 0.0109751 0.0425429 9.06999
98 0.00980529 0.0434772 9.04826
99 0.00855639 0.0443027 9.02774
100 0.00723845 0.0450127 9.00922
101 0.00586211 0.0456017 8.99308
102 0.00443847 0.0460648 8.97983
103 0.00297902 0.0463983 8.96963
104 0.00149555 0.0465994 8.96203
105 0.0146595 0.0220705 8.97107
106 0.0153119 0.0234179 9.10961
107 0.0158407 0.0248184 9.14886
108 0.0162418 0.0262608 9.17817
109 0.0165118 0.0277333 9.19307
110 0.0166486 0.0292241 9.20163
111 0.0166511 0.0307212 9.20487
112 0.0165192 0.0322124 9.20277
113 0.016254 0.0336858 9.19597
114 0.0158577 0.0351294 9.1853
115 0.0153335 0.0365317 9.1712
116 0 0.045119 8.60032
117 0 0.0435714 8.28775
118 0 0.0420238 7.99162
119 0 0.0404762 7.71362
120 0 0.0389286 7.45327
121 0 0.037381 7.21042
122 0 0.0358333 6.98407
123 0 0.0342857 6.77269
124 0 0.0327381 6.57542
125 0 0.0311905 6.3914
126 0 0.0296429 6.21981
127 0 0.0280952 6.06006
128 0 0.0265476 5.91297
129 0.0107762 -0.0117211 6.89551
130 0.00710977 0.00844762 5.43747
131 0.0173236 -0.00483416 7.38044
132 0.00918018 -0.0138066 7.00213
133 0.00361765 -0.0232319 8.49914
134 0.00196152 -0.0234653 8.50129
135 0.00512502 -0.0229049 8.49643
136 0.00663327 -0.0225503 8.515
137 0.00810154 -0.0221017 8.53499
138 0.00127475 -0.0210988 7.90581
139 0.00948962 -0.0215248 8.5435
140 0.00138032 -0.0196561 7.5828
141 0.0108486 -0.0208811 8.55959
142 0.00138651 -0.0181278 7.26087
143 0.0121404 -0.0201349 8.56986
144 0.00132791 -0.0165667 6.95417
145 0.0134087 -0.0193409 8.59222
146 0.00132791 -0.0150333 6.67742
147 0.0146244 -0.0184387 8.60954
148 0.00132791 -0.0135 6.42291
149 0.0157574 -0.0174549 8.6222
150 0.00132791 -0.0119667 6.19032
151 0.0168476 -0.0164279 8.6442
152 0.00132791 -0.0104333 5.9793
153 0.017854 -0.0153166 8.65984
154 0.00132791 -0.0089 5.78944
155 0.0188054 -0.0141539 8.68059
156 0.00132791 -0.00736667 5.62034
157 0.0196721 -0.0129287 8.69811
158 0.00132791 -0.00583333 5.47156
159 0.0204397 -0.0116349 8.70805
160 0.00132791 -0.0043 5.34259
161 0.0211476 -0.0103107 8.72465
162 0.00132791 -0.00276667 5.23293
163 0.0217611 -0.00894769 8.73802
164 0.00132791 -0.00123333 5.142
165 0.0222967 -0.00754379 8.75195
166 0.00132791 0.0003 5.06922
167 0.0227351 -0.00610677 8.76215
168 0.00132791 0.00183333 5.01392
169 0.0230634 -0.0046328 8.765
170 0.00132791 0.00336667 4.97542
171 0.0233137 -0.00314951 8.77068
172 0.00132791 0.0049 4.95297
173 0.0234691 -0.00165558 8.77426
174 0.00132791 0.00643333 4.94577
175 0.0235341 -0.000153562 8.77697
176 0.00137711 0.00799251 4.95532
177 0.0234987 0.00134604 8.77599
178 0.00136295 0.00951893 4.97665
179 0.0233509 0.00283941 8.76778
180 0.00129217 0.0110284 5.0084
181 0.0231394 0.00432499 8.76594
182 0.00109105 0.0123263 5.04101
183 0.0228019 0.00578192 8.75209
184 0.0224036 0.00722476 8.74485
185 0.00251722 0.0120922 5.09298
186 0.0218965 0.0086413 8.73032
187 0.00411139 0.0125383 5.22444
188 0.0212889 0.010016 8.70915
189 0.00557216 0.0129348 5.39297
190 0.0206144 0.0113536 8.69007
191 0.00702025 0.0135081 5.61742
192 0.0198688 0.0126334 8.66823
193 0.00845304 0.0142269 5.90423
194 0.0190213 0.0138794 8.63716
195 0.00983651 0.0150381 6.25065
196 0.0180908 0.0150642 8.59425
197 0.0111606 0.0159976 6.66575
198 0.0170663 0.0161807 8.52654
199 0.0124692 0.0171303 7.17996
200 0.0161653 0.0172756 8.48107
201 0.0139021 0.0185874 7.90808
202 0.00112481 -0.0223055 8.19126
203 0.0153093 0.0183695 8.37877
204 0.00398444 -0.0216556 8.12916
205 0.00253098 -0.0220398 8.16284
206 0.00546084 -0.0213691 8.14686
207 0.00693433 -0.0210437 8.18166
208 0.00827052 -0.0205553 8.19224
209 0.00275592 -0.0205455 7.81976
210 0.00956388 -0.0199587 8.19836
211 0.00282434 -0.0189681 7.4767
212 0.0107985 -0.0192942 8.2064
213 0.00274267 -0.0173645 7.14791
214 0.0120144 -0.0185684 8.22232
215 0.00266586 -0.0158 6.85125
216 0.0131884 -0.0177639 8.23976
217 0.00266586 -0.0142667 6.58609
218 0.0142951 -0.0168824 8.25487
219 0.00266586 -0.0127333 6.34309
220 0.0153423 -0.0159422 8.27185
221 0.00266586 -0.0112 6.12191
222 0.0163321 -0.0149444 8.29087
223 0.00266586 -0.00966667 5.92218
224 0.0172649 -0.0138772 8.30996
225 0.00266586 -0.00813333 5.74352
226 0.0181111 -0.012742 8.32353
227 0.00266586 -0.0066 5.5855
228 0.0188784 -0.0115538 8.33513
229 0.00266586 -0.00506667 5.44764
230 0.0195767 -0.0103245 8.34829
231 0.00266586 -0.00353333 5.32948
232 0.0202024 -0.00906806 8.36345
233 0.00266586 -0.002 5.23045
234 0.0207481 -0.00776345 8.37645
235 0.00266586 -0.000466667 5.15
236 0.0211965 -0.00642099 8.38416
237 0.00266586 0.00106667 5.0875
238 0.0215533 -0.00504823 8.38847
239 0.00266586 0.0026 5.0423
240 0.0218324 -0.00365888 8.39381
241 0.00266586 0.00413333 5.01367
242 0.0220296 -0.00226343 8.39926
243 0.00266586 0.00566667 5.00083
244 0.0221345 -0.000849945 8.4016
245 0.00271704 0.00723063 5.00573
246 0.0221301 0.000566436 8.39662
247 0.00281779 0.00881846 5.02884
248 0.0220468 0.00196973 8.39199
249 0.00271874 0.010345 5.05433
250 0.0218858 0.00337335 8.3881
251 0.0216176 0.00476106 8.37671
252 0.0212752 0.00612882 8.3659
253 0.0208525 0.00747281 8.35359
254 0.0203359 0.00878772 8.33535
255 0.00525565 0.0113396 5.29496
256 0.0197301 0.0100582 8.30994
257 0.00680468 0.0118744 5.50879
258 0.0190472 0.0112912 8.2797
259 0.00833447 0.0126527 5.79237
260 0.0183 0.0124838 8.24517
261 0.00983106 0.0134522 6.13811
262 0.017472 0.0136274 8.19652
263 0.0112433 0.0143741 6.54561
264 0.0165804 0.0147213 8.12906
265 0.0125588 0.0154203 7.01583
266 0.0153866 0.0157827 7.95256
267 0.0137876 0.0165276 7.54993
268 0.00438114 -0.0199412 7.75634
269 0.00591571 -0.0200574 7.88132
270 0.00713955 -0.0195188 7.86
271 0.00836369 -0.0190313 7.87113
272 0.00951244 -0.0184084 7.86676
273 0.00420039 -0.0181589 7.37091
274 0.0106755 -0.0177474 7.87703
275 0.0040949 -0.0165773 7.0571
276 0.0118135 -0.017033 7.89482
277 0.00400381 -0.0150333 6.77455
278 0.0128826 -0.0162338 7.90779
279 0.00400381 -0.0135 6.52125
280 0.0138919 -0.0153783 7.92191
281 0.00400381 -0.0119667 6.29008
282 0.0148562 -0.0144741 7.9405
283 0.00400381 -0.0104333 6.08069
284 0.0157858 -0.0135364 7.96757
285 0.00400381 -0.0089 5.8927
286 0.0166187 -0.0124812 7.97875
287 0.00400381 -0.00736667 5.72572
288 0.0173445 -0.0114015 7.98479
289 0.00400381 -0.00583333 5.57931
290 0.018033 -0.0102619 7.99513
291 0.00400381 -0.0043 5.45302
292 0.0186527 -0.00907618 8.00533
293 0.00400381 -0.00276667 5.34633
294 0.0192316 -0.00790269 8.02711
295 0.00400381 -0.00123333 5.25871
296 0.0196956 -0.0066418 8.03403
297 0.00400381 0.0003 5.18957
298 0.0200544 -0.00538698 8.03553
299 0.00400381 0.00183333 5.13828
300 0.0203573 -0.00408759 8.04005
301 0.00400381 0.00336667 5.10414
302 0.0205689 -0.00275932 8.04045
303 0.00400381 0.0049 5.08658
304 0.0207423 -0.00146044 8.05147
305 0.00399207 0.00642411 5.08382
306 0.0207834 -0.000115446 8.04753
307 0.00413812 0.00800352 5.10741
308 0.0206983 0.00119324 8.03051
309 0.00445151 0.00972877 5.16437
310 0.0206229 0.00249199 8.0343
311 0.0204339 0.00383575 8.02938
312 0.0200917 0.00512444 8.00204
313 0.0197742 0.00639608 7.99826
314 0.0193475 0.00764306 7.98327
315 0.0188043 0.008833 7.95053
316 0.00650861 0.0100137 5.3978
317 0.0182043 0.0100219 7.91907
318 0.00813343 0.0109725 5.67537
319 0.017519 0.0111649 7.87492
320 0.00974012 0.0117843 6.01412
321 0.0168046 0.0122662 7.82817
322 0.0112542 0.0126766 6.41054
323 0.0159794 0.0132896 7.74593
324 0.0126934 0.0136807 6.87103
325 0.0152366 0.0143256 7.68262
326 0.0139682 0.0147947 7.36633
327 0.00566069 -0.0187099 7.57354
328 0.00697554 -0.0180963 7.55014
329 0.00820026 -0.017505 7.54686
330 0.00936184 -0.0168819 7.55224
331 0.00554841 -0.0172726 7.27741
332 0.0104859 -0.0162407 7.57036
333 0.00542793 -0.015793 6.99353
334 0.0115421 -0.0155508 7.59043
335 0.00536285 -0.0142747 6.72822
336 0.0125036 -0.014725 7.59208
337 0.00534176 -0.0127333 6.48435
338 0.0134291 -0.013912 7.60887
339 0.00534176 -0.0112 6.26542
340 0.0143218 -0.0130658 7.63272
341 0.00534176 -0.00966667 6.06824
342 0.0153018 -0.0122981 7.70173
343 0.00534176 -0.00813333 5.89249
344 0.0158271 -0.0111663 7.6522
345 0.00534176 -0.0066 5.73775
346 0.016519 -0.0101454 7.66683
347 0.00534176 -0.00506667 5.60361
348 0.0171564 -0.0090228 7.6769
349 0.00534176 -0.00353333 5.48958
350 0.0176656 -0.00785171 7.67372
351 0.00534176 -0.002 5.39517
352 0.0184059 -0.00686943 7.75584
353 0.00534176 -0.000466667 5.31984
354 0.0185382 -0.00563475 7.69713
355 0.00534176 0.00106667 5.26298
356 0.0189008 -0.00445294 7.71143
357 0.00534176 0.0026 5.22395
358 0.019152 -0.00318294 7.7132
359 0.00536881 0.00416766 5.20436
360 0.0192414 -0.00191002 7.69462
361 0.00537175 0.00571044 5.20002
362 0.0196343 -0.000739794 7.76889
363 0.00520583 0.00708075 5.19392
364 0.01937 0.000466105 7.69786
365 0.00575734 0.00839356 5.26996
366 0.0192088 0.00176567 7.66945
367 0.0193929 0.00299839 7.74218
368 0.018909 0.00415886 7.66344
369 0.0185292 0.0054355 7.63162
370 0.018479 0.00665931 7.69469
371 0.0178021 0.00766623 7.6016
372 0.0173518 0.00880835 7.58665
373 0.00820916 0.00929966 5.6228
374 0.0167239 0.00992187 7.53713
375 0.00966023 0.010074 5.90803
376 0.0159926 0.0109559 7.46099
377 0.011205 0.010938 6.27552
378 0.0154388 0.012093 7.44559
379 0.0127633 0.0119013 6.7209
380 0.0142861 0.0129919 7.23701
381 0.00683026 -0.0166102 7.25015
382 0.00804672 -0.015981 7.24693
383 0.00920833 -0.0153645 7.262
384 0.0102534 -0.0147764 7.28787
385 0.00671653 -0.0150903 6.96861
386 0.0112576 -0.0141747 7.32363
387 0.00667062 -0.0135536 6.7124
388 0.0119603 -0.013158 7.26578
389 0.00667971 -0.0119667 6.4762
390 0.0131293 -0.0125801 7.36448
391 0.00667971 -0.0104333 6.26977
392 0.0120728 -0.00696503 6.55647
393 0.00667971 -0.0089 6.08529
394 0.0170605 0.00618123 7.32067
395 0.00667971 -0.00736667 5.92237
396 0.0149272 -0.00997085 7.34125
397 0.00667971 -0.00583333 5.78052
398 0.0158164 -0.00903735 7.40994
399 0.00667971 -0.0043 5.65935
400 0.0161552 -0.00779049 7.35558
401 0.00667971 -0.00276667 5.55839
402 0.0169816 -0.00633966 7.40509
403 0.00667971 -0.00123333 5.47716
404 0.00667971 0.0003 5.4151
405 0.0179097 -0.00361468 7.4482
406 0.00667971 0.00183333 5.37164
407 0.00671403 0.00341172 5.34935
408 0.0178427 -0.00232839 7.38404
409 0.00675922 0.00504472 5.3469
410 0.0181227 -0.000680783 7.41026
411 0.00671248 0.00685495 5.35395
412 0.0178921 0.00104761 7.35138
413 0.00384835 0.0111973 5.157
414 0.00963841 0.00654723 5.77781
415 0.0173625 0.00447826 7.30737
416 0.0149329 0.0170923 8.01959
417 0.0178772 0.00279415 7.37229
418 0.0164507 0.00764558 7.27266
419 0.0161181 0.00880916 7.28452
420 0.00966522 0.0083151 5.83522
421 0.0152606 0.00965273 7.14713
422 0.0111133 0.00914083 6.15139
423 0.0142376 0.010973 7.0122
424 0.0126196 0.0100398 6.53828
425 0.00795969 -0.0144283 6.97156
426 0.0104202 -0.0132698 7.07061
427 0.00797735 -0.0128549 6.72671
428 0.012168 -0.011447 7.05816
429 0.00804792 -0.0112604 6.50822
430 0.0081003 -0.00969071 6.31525
431 0.013224 -0.009833 7.0277
432 0.00809795 -0.00813599 6.14132
433 0.00801767 -0.0066 5.98285
434 0.00801767 -0.00506667 5.85458
435 0.014459 -0.00829755 7.07903
436 0.00801767 -0.00353333 5.74717
437 0.0151265 -0.00652572 7.04876
438 0.00801767 -0.002 5.66017
439 0.00801767 -0.000466667 5.5931
440 0.00801767 0.00106667 5.54537
441 0.0164816 -0.00332042 7.12478
442 0.00801767 0.0026 5.51644
443 0.00811523 0.00416706 5.51895
444 0.0165169 -0.00150928 7.0714
445 0.00820064 0.00584533 5.54037
446 0.0165139 0.000131077 7.0447
447 0.0163828 0.00179714 7.01769
448 0.0157386 0.00505693 6.95881
449 0.0150527 0.00813307 6.97603
450 0.0110608 0.00731588 6.05993
451 0.0124914 0.0082026 6.3953
452 0.0158048 -0.00499154 7.07447
453 0.00826116 0.007563 5.57979
454 0.0161181 0.00342868 6.98848
455 0.0153734 0.00662124 6.95348
456 0.0138864 0.00907686 6.76834
457 0.00952143 -0.0105677 6.58372
458 0.0112692 -0.00984027 6.72574
459 0.00959965 -0.00893972 6.40187
460 0.0126016 -0.00835091 6.76841
461 0.00949262 -0.00730943 6.22179
462 0.00944345 -0.00576024 6.07976
463 0.00944589 -0.0042445 5.96833
464 0.0134823 -0.00680909 6.77372
465 0.00942766 -0.0027338 5.87515
466 0.00938592 -0.00121844 5.79876
467 0.00935562 0.0003 5.7435
468 0.00935562 0.00183333 5.71149
469 0.0150885 -0.0023207 6.80279
470 0.009442 0.00335814 5.71157
471 0.00956305 0.00491445 5.73734
472 0.0150752 -0.000691275 6.755
473 0.0149886 0.00083781 6.7193
474 0.0125169 0.00636927 6.31585
475 0.0137036 -0.00322949 6.57769
476 0.00931493 -0.0122006 6.77761
477 0.0139557 -0.00501074 6.72282
478 0.015004 -0.00376084 6.84935
479 0.0147931 0.00240896 6.68439
480 0.0144376 0.00401403 6.63957
481 0.0140782 0.00562342 6.61598
482 0.0138688 0.00731906 6.65168
483 0.0110844 0.00549306 6.00955
484 0.0109629 -0.00800574 6.48641
485 0.0108423 -0.00638484 6.321
486 0.0108781 -0.0049413 6.2148
487 0.0108831 -0.0034371 6.12022
488 0.0108399 -0.00190059 6.03789
489 0.0107642 -0.000390845 5.97247
490 0.0107005 0.00107266 5.92952
491 0.0107126 0.00254047 5.91703
492 0.0136785 -0.0016174 6.50861
493 0.0109119 0.00403116 5.95462
494 0.0136106 -6.57962e-05 6.45764
495 0.0123141 -0.00562169 6.48519
496 0.0140632 -0.011324 7.34911
497 0.0134876 0.00141352 6.41897
498 0.0126157 0.00452215 6.27876
499 0.0123817 -0.00421445 6.40166
500 0.0132628 0.00290674 6.38029
501 0.0122902 -0.00257544 6.30032
502 0.0122354 -0.000985813 6.23148
503 0.0121502 0.00047969 6.18254
504 0.0120315 0.00183333 6.14744
505 0.0119494 0.00316688 6.13523
506 0.00426038 0.0207016 5.68545
507 0.00575303 0.0187743 5.73558
508 0.00428637 0.019327 5.59525
509 0.00567438 0.0201665 5.81763
510 0.00839511 0.0172677 6.08954
511 0.00952186 0.0180475 6.39938
512 0.00723725 0.016498 5.82197
513 0.0106072 0.0188747 6.75827
514 0.00599301 0.0158984 5.59511
515 0.0112511 0.0203049 7.07064
516 0.00460853 0.0154581 5.40433
517 0.00341039 0.0149421 5.27035
518 0.00200947 0.0149784 5.18289
519 0.00970525 0.0213261 6.69233
520 0.00829701 0.0220456 6.40999
521 0.00683613 0.0225406 6.16713
522 0.0014778 0.017549 5.2894
523 0.00534639 0.0229404 5.97427
524 0.00144338 0.0191667 5.38458
525 0.00369116 0.0232866 5.81986
526 0.00141149 0.0207893 5.48996
527 0.00161198 0.023625 5.70484
528 0.00131746 0.016205 5.21049
529 0.0012554 0.0221658 5.58133
530 0.00828458 0.0188111 6.17331
531 0.0070897 0.0180382 5.89443
532 0.00954564 0.0197168 6.52876
533 0.00597033 0.0174023 5.67974
534 0.00483373 0.0167313 5.49805
535 0.00314613 0.0165677 5.32915
536 0.00832622 0.0204321 6.29798
537 0.00701994 0.0210358 6.0886
538 0.00566294 0.0215008 5.91048
539 0.0029149 0.0183847 5.41782
540 0.00438437 0.0220389 5.79559
541 0.00284459 0.0200572 5.51971
542 0.00280214 0.0218756 5.64355
543 0.00702704 0.0195724 5.98657
544 0.00444029 0.0179727 5.52661
545 0.0111983 0.0361476 8.22299
546 0.00635112 0.0405871 8.10255
547 0.00761892 0.0396392 8.10051
548 0.012424 0.0312148 8.07557
549 0.0104788 0.041036 8.74389
550 0.0114488 0.0399966 8.75731
551 0.0122818 0.0389303 8.77007
552 0.00940893 0.0418992 8.71514
553 0.013128 0.0378224 8.80836
554 0.00830911 0.0427319 8.7055
555 0.0137852 0.0365388 8.81564
556 0.00717985 0.04351 8.71111
557 0.0142908 0.0352858 8.81919
558 0.0059077 0.0441247 8.69912
559 0.0147737 0.0340333 8.84426
560 0.00460851 0.0445163 8.66973
561 0.015093 0.032676 8.84907
562 0.00340646 0.0450956 8.71326
563 0.0151908 0.0313431 8.82219
564 0.00198981 0.0451067 8.65297
565 0.0152121 0.0299814 8.79722
566 0.0152215 0.0286208 8.79289
567 0.0150641 0.0271924 8.76605
568 0.0146803 0.0258685 8.6767
569 0.00141441 0.0427208 8.157
570 0.0144639 0.0245439 8.64903
571 0.00134247 0.041237 7.88051
572 0.0135622 0.0234076 8.28521
573 0.00140857 0.0397357 7.62216
574 0.00141534 0.0381923 7.37203
575 0.00134028 0.0366071 7.12956
576 0.00134028 0.0350595 6.91155
577 0.0106703 0.0240897 7.16281
578 0.00134028 0.0335119 6.70809
579 0.00929132 0.0246963 6.83333
580 0.00134028 0.0319643 6.5183
581 0.00765773 0.0252497 6.52382
582 0.00133499 0.0303772 6.33707
583 0.00599195 0.0256969 6.28352
584 0.00131038 0.0286713 6.15509
585 0.00442483 0.026011 6.11699
586 0.00125245 0.0266541 5.9549
587 0.00284128 0.026305 6.00641
588 0.00129576 0.0439702 8.39795
589 0.0121244 0.0235945 7.62716
590 0.00899207 0.0403733 8.40668
591 0.0101254 0.0397465 8.49141
592 0.0107131 0.0385997 8.43098
593 0.0116238 0.0376508 8.48125
594 0.00792241 0.0412027 8.39145
595 0.0124573 0.0366665 8.53957
596 0.00686372 0.0420901 8.41676
597 0.0126063 0.0353089 8.4333
598 0.00598135 0.0428923 8.47224
599 0.0132697 0.0340787 8.48127
600 0.0047343 0.0430992 8.40206
601 0.0139141 0.0330828 8.57009
602 0.00305741 0.04353 8.37606
603 0.0138344 0.0319087 8.48242
604 0.0138143 0.0305952 8.41784
605 0.0137987 0.0292788 8.37207
606 0.0140741 0.0280001 8.43641
607 0.0135714 0.0267834 8.26285
608 0.0130915 0.0251658 8.0757
609 0.00251951 0.0420059 8.06395
610 0.00280891 0.0406183 7.82864
611 0.00291077 0.0390687 7.57486
612 0.00279699 0.0374379 7.31463
613 0.00268569 0.0358333 7.07599
614 0.00268569 0.0342857 6.86721
615 0.0104308 0.0257296 7.20307
616 0.00268569 0.0327381 6.67243
617 0.0089352 0.0263329 6.87247
618 0.00273875 0.0311521 6.48974
619 0.00719713 0.02686 6.57184
620 0.00263528 0.0296651 6.32124
621 0.00558323 0.0272119 6.35982
622 0.00259147 0.0279308 6.14271
623 0.011651 0.025062 7.53601
624 0.00405557 0.027492 6.2145
625 0.0090496 0.0386245 8.15362
626 0.0125089 0.0297343 8.01808
627 0.0101101 0.0371324 8.13322
628 0.0110553 0.0348269 8.05542
629 0.00534775 0.0416502 8.18742
630 0.0126208 0.032682 8.22149
631 0.00385495 0.0418477 8.10743
632 0.0117599 0.0337214 8.10163
633 0.0127978 0.0281108 8.03526
634 0.0119136 0.0266546 7.69702
635 0.00450358 0.0401016 7.84845
636 0.0043457 0.0382933 7.54788
637 0.00415928 0.0366447 7.28917
638 0.00403111 0.0350595 7.06077
639 0.00403111 0.0335119 6.86239
640 0.010179 0.0273775 7.24384
641 0.00407752 0.0319356 6.67804
642 0.00845504 0.02798 6.90101
643 0.00425531 0.0302478 6.50577
644 0.00673602 0.0283958 6.63126
645 0.00508063 0.0287658 6.444
646 0.00372496 0.0288518 6.31777
647 0.0059671 0.0390041 7.8076
648 0.00570847 0.0373761 7.53717
649 0.00545451 0.0357972 7.29101
650 0.00537653 0.0342857 7.08727
651 0.00537653 0.0327381 6.90101
652 0.00972091 0.0290971 7.26209
653 0.00545734 0.0312707 6.7459
654 0.00790095 0.029715 6.94549
655 0.00735607 0.0380026 7.82233
656 0.00858774 0.0368499 7.8419
657 0.00963748 0.0353788 7.83899
658 0.0101256 0.033673 7.74971
659 0.0109439 0.0320988 7.77951
660 0.00606729 0.0298155 6.66973
661 0.00699611 0.0364285 7.55758
662 0.00684064 0.0348906 7.33871
663 0.00673598 0.0334657 7.15439
664 0.00669811 0.0320147 6.98749
665 0.00952288 0.0307819 7.35952
666 0.00809675 0.035498 7.59572
667 0.00835951 0.0339895 7.45827
668 0.00916675 0.03243 7.43975
669 0.00804421 0.0313626 7.1297
670 0.00776598 0.0326472 7.21689
671 0.0110636 0.0302447 7.6681
672 0.0113027 0.0284388 7.61339
673 0.00690616 0.0307911 6.89123
