1 1.53081e-18 -0.025 8.87691
2 1.02054e-18 0.0133333 5.06137
3 1.53081e-18 0.025 5.78995
4 1.02054e-18 0.0466667 8.95142
5 0.0146855 0.0378813 9.15442
6 0.0239236 -0.00725686 9.16999
7 0.0138888 0.020787 8.3956
8 0 0.0120115 5.02099
9 0 0.0106897 4.98224
10 0 0.00936782 4.95432
11 0 0.00804598 4.93665
12 0 0.00672414 4.92918
13 0 0.0054023 4.93225
14 0 0.00408046 4.94646
15 0 0.00275862 4.97233
16 0 0.00143678 5.01034
17 0 0.000114943 5.06095
18 0 -0.0012069 5.12459
19 0 -0.00252874 5.20168
20 0 -0.00385057 5.29259
21 0 -0.00517241 5.39769
22 0 -0.00649425 5.51733
23 0 -0.00781609 5.65183
24 0 -0.00913793 5.80149
25 0 -0.0104598 5.96659
26 0 -0.0117816 6.14741
27 0 -0.0131034 6.34419
28 0 -0.0144253 6.55716
29 0 -0.0157471 6.78654
30 0 -0.017069 7.03253
31 0 -0.0183908 7.29531
32 0 -0.0197126 7.57547
33 0 -0.0210345 7.87341
34 0 -0.0223563 8.18887
35 0 -0.0236782 8.51922
36 0.0242756 -0.00597464 9.17823
37 0.0245587 -0.00467656 9.18493
38 0.0247726 -0.00336422 9.19003
39 0.0249164 -0.00204237 9.19348
40 0.0249898 -0.000715789 9.19519
41 0.0249925 0.000613864 9.19514
42 0.0249245 0.00194178 9.19336
43 0.0247861 0.00326316 9.18986
44 0.0245776 0.00457636 9.18459
45 0.0242995 0.00587661 9.17766
46 0.023953 0.00715923 9.16909
47 0.0235385 0.00842262 9.15889
48 0.0230574 0.00966219 9.14713
49 0.0225115 0.0108735 9.13386
50 0.0219015 0.012055 9.11901
51 0.0212296 0.0132024 9.10257
52 0.0204983 0.0143116 9.08433
53 0.0197084 0.0153812 9.06393
54 0.0188627 0.0164072 9.0405
55 0.0179644 0.0173862 9.01212
56 0.0170147 0.0183167 8.97577
57 0.0160167 0.0191954 8.90807
58 0.0149744 0.0200192 8.61066
59 0.0130866 0.0196792 7.75944
60 0.0121962 0.0186408 7.27256
61 0.0112237 0.017679 6.85159
62 0.0101756 0.0168002 6.48063
63 0.00905892 0.0160102 6.15562
64 0.00788126 0.0153145 5.87406
65 0.00665051 0.0147177 5.63494
66 0.00537497 0.0142238 5.43778
67 0.00406322 0.0138362 5.28321
68 0.00272411 0.0135575 5.1714
69 0.00136666 0.0133895 5.1002
70 0.00132919 -0.0249646 8.88572
71 0.00265356 -0.0248588 8.8893
72 0.00397149 -0.0246825 8.89403
73 0.00527818 -0.0244365 8.90036
74 0.00656892 -0.0241216 8.90817
75 0.00784211 -0.0237382 8.91746
76 0.00909311 -0.0232877 8.92811
77 0.0103174 -0.0227717 8.94004
78 0.0115136 -0.0221909 8.95315
79 0.0126771 -0.0215474 8.96725
80 0.0138039 -0.0208435 8.98214
81 0.0148926 -0.0200801 8.9977
82 0.0159391 -0.0192599 9.01371
83 0.0169398 -0.0183859 9.03
84 0.0178934 -0.0174593 9.04642
85 0.0187963 -0.0164832 9.06276
86 0.0196455 -0.0154614 9.07884
87 0.0204397 -0.014395 9.09447
88 0.0211762 -0.013288 9.10949
89 0.0218522 -0.0121442 9.12374
90 0.022467 -0.0109652 9.13706
91 0.0230182 -0.00975518 9.14929
92 0.0235039 -0.00851855 9.16032
93 0 0.0237037 5.68106
94 0 0.0224074 5.58134
95 0 0.0211111 5.48779
96 0 0.0198148 5.40033
97 0 0.0185185 5.31942
98 0 0.0172222 5.24511
99 0 0.0159259 5.17661
100 0 0.0146296 5.11037
101 0.0127563 0.0215006 7.77339
102 0.0115872 0.0221526 7.34861
103 0.010385 0.022741 6.99995
104 0.00915294 0.0232642 6.70646
105 0.00789472 0.0237207 6.46147
106 0.00661381 0.0241093 6.25951
107 0.00531399 0.0244287 6.09695
108 0.00399888 0.0246781 5.97112
109 0.00267234 0.0248568 5.87996
110 0.0013381 0.0249642 5.82212
111 0.0139816 0.0390715 9.13671
112 0.0131817 0.040199 9.11755
113 0.0122914 0.0412561 9.09749
114 0.0113168 0.0422355 9.07701
115 0.0102645 0.0431308 9.05685
116 0.00914178 0.0439358 9.03744
117 0.0079563 0.044645 9.01937
118 0.00671611 0.0452536 9.00312
119 0.00542968 0.0457574 8.9891
120 0.00410574 0.046153 8.97754
121 0.00275332 0.0464377 8.96898
122 0.00138163 0.0466093 8.96293
123 0.0146047 0.0219701 8.96505
124 0.01522 0.023208 9.09568
125 0.0157304 0.0244924 9.14384
126 0.0161325 0.0258144 9.17002
127 0.0164238 0.0271649 9.18779
128 0.0166021 0.0285348 9.19867
129 0.0166664 0.0299147 9.20388
130 0.0166163 0.0312953 9.20448
131 0.0164519 0.032667 9.201
132 0.0161744 0.0340207 9.19381
133 0.0157857 0.0353469 9.18343
134 0.0152883 0.0366367 9.17016
135 0 0.0453125 8.64941
136 0 0.0439583 8.37384
137 0 0.0426042 8.11001
138 0 0.04125 7.86029
139 0 0.0398958 7.62466
140 0 0.0385417 7.4025
141 0 0.0371875 7.19316
142 0 0.0358333 6.99604
143 0 0.0344792 6.8105
144 0 0.033125 6.63592
145 0 0.0317708 6.47168
146 0 0.0304167 6.31716
147 0 0.0290625 6.17189
148 0 0.0277083 6.03651
149 0 0.0263542 5.91019
150 0.0108985 0.0096377 6.14358
151 0.0132914 -2.64891e-05 6.40242
152 0.00551026 -0.0175372 7.32944
153 0.0108341 0.00833909 6.06631
154 0.00561291 -0.0230496 8.56485
155 0.00435231 -0.0233107 8.55544
156 0.00306263 -0.0235472 8.55815
157 0.0068604 -0.0227611 8.58575
158 0.00167915 -0.0237024 8.55756
159 0.00806678 -0.0223586 8.5942
160 0.00924753 -0.0218988 8.60521
161 0.0103842 -0.0213829 8.61654
162 0.0115103 -0.0207957 8.62855
163 0.00114746 -0.0216604 8.03948
164 0.0126063 -0.0201533 8.64275
165 0.00120971 -0.0204027 7.74915
166 0.0136502 -0.0194661 8.65767
167 0.00118858 -0.0190811 7.45953
168 0.0146683 -0.0187023 8.67053
169 0.00114475 -0.0177299 7.18096
170 0.0156453 -0.0178969 8.68622
171 0.00114475 -0.016408 6.92667
172 0.0165675 -0.0170514 8.70198
173 0.00114475 -0.0150862 6.6891
174 0.0174508 -0.0161394 8.71587
175 0.00114475 -0.0137644 6.46805
176 0.0182877 -0.0151866 8.73118
177 0.00114475 -0.0124425 6.26333
178 0.0190625 -0.0142069 8.74637
179 0.00114475 -0.0111207 6.07471
180 0.0197926 -0.0131644 8.75956
181 0.00114475 -0.00979885 5.90195
182 0.0204664 -0.0120913 8.77314
183 0.00114475 -0.00847701 5.7448
184 0.0210774 -0.0109992 8.78654
185 0.00114475 -0.00715517 5.60298
186 0.0216297 -0.00985571 8.79677
187 0.00114475 -0.00583333 5.47619
188 0.022127 -0.00868744 8.80792
189 0.00114475 -0.00451149 5.36414
190 0.0225528 -0.00751373 8.81724
191 0.00114475 -0.00318966 5.26648
192 0.0229168 -0.00629002 8.82344
193 0.00114475 -0.00186782 5.18285
194 0.0232201 -0.00505538 8.83007
195 0.00114475 -0.000545977 5.11291
196 0.0234573 -0.00380296 8.83519
197 0.00114475 0.000775862 5.05623
198 0.0236342 -0.00254092 8.84073
199 0.00114475 0.0020977 5.0124
200 0.0237362 -0.00129129 8.84295
201 0.00114475 0.00341954 4.98097
202 0.0237734 -4.39535e-05 8.84395
203 0.00114475 0.00474138 4.9615
204 0.0237374 0.00122612 8.84141
205 0.00114475 0.00606322 4.95348
206 0.0236403 0.0024927 8.83903
207 0.00114475 0.00738506 4.95643
208 0.0234786 0.00373037 8.83487
209 0.00115709 0.00876164 4.97093
210 0.0232422 0.0049783 8.82737
211 0.00117757 0.0102206 4.99823
212 0.0229449 0.00621347 8.81968
213 0.00105593 0.0119314 5.03909
214 0.0225913 0.00741076 8.81111
215 0.0221598 0.00860513 8.79822
216 0.0216677 0.0097767 8.78426
217 0.00243835 0.0122989 5.10763
218 0.0211282 0.0109034 8.76991
219 0.00380184 0.0126255 5.21144
220 0.0205094 0.0120135 8.74966
221 0.00512325 0.0129769 5.35218
222 0.0198412 0.013092 8.72909
223 0.00643838 0.0134281 5.53783
224 0.0191316 0.0141176 8.70589
225 0.00777937 0.0139858 5.77796
226 0.0183433 0.01512 8.67325
227 0.00903906 0.0146553 6.05967
228 0.0175116 0.0160754 8.63255
229 0.010233 0.0154381 6.38776
230 0.0166615 0.017045 8.59476
231 0.0113196 0.0163303 6.75459
232 0.0156169 0.0179289 8.46399
233 0.01227 0.017256 7.14288
234 0.0142913 0.0190886 8.17274
235 0.00101157 -0.0227141 8.29368
236 0.0132994 0.0181284 7.62183
237 0.00595237 -0.0217933 8.28182
238 0.00469617 -0.0219995 8.25049
239 0.00344818 -0.0222024 8.23768
240 0.00222721 -0.0224786 8.26277
241 0.00711328 -0.0214511 8.29186
242 0.00822353 -0.0210452 8.29956
243 0.00933381 -0.0205744 8.30918
244 0.010413 -0.0200462 8.3195
245 0.0114619 -0.0194803 8.33462
246 0.00242722 -0.021188 7.95921
247 0.0124897 -0.0188448 8.34885
248 0.00243361 -0.0198215 7.65017
249 0.013471 -0.0181396 8.35871
250 0.00234789 -0.018433 7.35272
251 0.0144176 -0.0173989 8.37268
252 0.00229551 -0.017069 7.07989
253 0.015327 -0.0166066 8.38713
254 0.00229551 -0.0157471 6.8342
255 0.0161806 -0.0157754 8.40069
256 0.00229551 -0.0144253 6.60517
257 0.0169883 -0.0149016 8.41418
258 0.00229551 -0.0131034 6.39261
259 0.0177608 -0.0139747 8.42825
260 0.00229551 -0.0117816 6.19633
261 0.0184783 -0.0130078 8.44089
262 0.00229551 -0.0104598 6.01607
263 0.0191519 -0.0120075 8.45533
264 0.00229551 -0.00913793 5.8516
265 0.0197622 -0.0109669 8.4663
266 0.00229551 -0.00781609 5.70265
267 0.020307 -0.00990944 8.47574
268 0.00229551 -0.00649425 5.56894
269 0.0208012 -0.00882558 8.48576
270 0.00229551 -0.00517241 5.45017
271 0.0212445 -0.00770483 8.49547
272 0.00229551 -0.00385057 5.34603
273 0.0216184 -0.00655486 8.50117
274 0.00229551 -0.00252874 5.25618
275 0.0219353 -0.0053877 8.50691
276 0.00229551 -0.0012069 5.18025
277 0.0221891 -0.0042019 8.51107
278 0.00229551 0.000114943 5.11786
279 0.0223853 -0.00302271 8.51607
280 0.00229551 0.00143678 5.0686
281 0.0225204 -0.00183556 8.52007
282 0.00229551 0.00275862 5.03204
283 0.0225895 -0.000633866 8.52158
284 0.00229551 0.00408046 5.00773
285 0.0225885 0.000566622 8.51982
286 0.00229551 0.0054023 4.99518
287 0.0225289 0.00175907 8.51764
288 0.00229551 0.00672414 4.99391
289 0.0224038 0.00295974 8.51348
290 0.00229551 0.00804598 5.00339
291 0.0222098 0.00414557 8.5059
292 0.00231451 0.00943021 5.02511
293 0.0219675 0.00531246 8.49994
294 0.00233965 0.0108806 5.05937
295 0.0216564 0.00648034 8.49114
296 0.0212757 0.00762027 8.47748
297 0.0208508 0.0087325 8.46501
298 0.0203557 0.00983734 8.44866
299 0.0197923 0.0109015 8.42518
300 0.0049078 0.011717 5.28012
301 0.0191882 0.0119306 8.40096
302 0.00621377 0.0120898 5.4469
303 0.0185299 0.0129405 8.37327
304 0.00762519 0.0125946 5.67849
305 0.0178248 0.0139039 8.33795
306 0.00900204 0.0132041 5.96067
307 0.0170401 0.0148526 8.28717
308 0.010285 0.0140231 6.29284
309 0.0162578 0.0157769 8.23339
310 0.011463 0.014924 6.66536
311 0.0155712 0.0167073 8.1992
312 0.0124772 0.0159054 7.05914
313 0.0144305 0.0171637 7.88602
314 0.0132618 0.0168454 7.42992
315 0.00510814 -0.0208497 8.00614
316 0.00618588 -0.0204984 7.99951
317 0.0037935 -0.020686 7.89562
318 0.00726165 -0.0201531 8.00972
319 0.00833009 -0.0197281 8.01694
320 0.00936418 -0.0192332 8.02123
321 0.0103682 -0.0187261 8.03479
322 0.0113697 -0.018191 8.05754
323 0.0123221 -0.0175319 8.06402
324 0.00358116 -0.019118 7.54217
325 0.0132019 -0.0168319 8.06695
326 0.00343811 -0.0177226 7.24987
327 0.0140996 -0.0161376 8.08872
328 0.00344628 -0.016408 6.99801
329 0.014943 -0.0153493 8.09962
330 0.00344628 -0.0150862 6.76108
331 0.0157196 -0.0145431 8.11019
332 0.00344628 -0.0137644 6.54077
333 0.0164867 -0.013689 8.12606
334 0.00344628 -0.0124425 6.33692
335 0.0171794 -0.0127764 8.13347
336 0.00344628 -0.0111207 6.1493
337 0.0178319 -0.0118704 8.14793
338 0.00344628 -0.00979885 5.97766
339 0.018462 -0.0109055 8.16432
340 0.00344628 -0.00847701 5.82176
341 0.0189887 -0.00989779 8.16725
342 0.00344628 -0.00715517 5.68133
343 0.0194846 -0.00888252 8.17667
344 0.00344628 -0.00583333 5.55607
345 0.0199397 -0.00783277 8.18751
346 0.00344628 -0.00451149 5.44571
347 0.0203208 -0.0067529 8.19251
348 0.00344628 -0.00318966 5.34991
349 0.0206369 -0.005667 8.19549
350 0.00344628 -0.00186782 5.26831
351 0.0209092 -0.00455152 8.19997
352 0.00344628 -0.000545977 5.20057
353 0.0211241 -0.0034229 8.2038
354 0.00344628 0.000775862 5.14628
355 0.0212872 -0.002301 8.20891
356 0.00344628 0.0020977 5.10502
357 0.0213919 -0.00116301 8.21274
358 0.00344628 0.00341954 5.07635
359 0.0214108 -2.18008e-05 8.20847
360 0.00344628 0.00474138 5.05979
361 0.0213868 0.00109859 8.20698
362 0.00344628 0.00606322 5.05486
363 0.0213104 0.00224203 8.20595
364 0.00344628 0.00738506 5.06104
365 0.0211382 0.00337882 8.19407
366 0.00346804 0.00867943 5.07875
367 0.0209314 0.00448226 8.18581
368 0.0035079 0.00997897 5.10751
369 0.0207032 0.00559503 8.18609
370 0.0203475 0.00669882 8.16709
371 0.019963 0.00774541 8.14965
372 0.019567 0.00881303 8.144
373 0.019026 0.0098441 8.11133
374 0.0184676 0.01082 8.07974
375 0.00601052 0.010787 5.37183
376 0.0178805 0.0118036 8.05209
377 0.0073808 0.0111572 5.57418
378 0.0172218 0.0127397 8.00859
379 0.00888533 0.0117694 5.85723
380 0.0165316 0.0136561 7.95877
381 0.0102866 0.0125229 6.18699
382 0.0156992 0.0145971 7.87195
383 0.0116143 0.0134678 6.57603
384 0.0149114 0.0156183 7.79652
385 0.0128243 0.0144862 7.00585
386 0.00498589 -0.0196273 7.72521
387 0.00631018 -0.0193233 7.75188
388 0.00736588 -0.0188599 7.74181
389 0.00834355 -0.0183837 7.73692
390 0.00931375 -0.0179048 7.74476
391 0.0102923 -0.0174222 7.76678
392 0.0113034 -0.0170554 7.82987
393 0.0120219 -0.0162546 7.78335
394 0.0045443 -0.0182773 7.41674
395 0.0129058 -0.0154885 7.78246
396 0.00452948 -0.0169886 7.16187
397 0.0138625 -0.0150219 7.85945
398 0.00458259 -0.0157185 6.9303
399 0.0144632 -0.014125 7.81729
400 0.00459704 -0.0144253 6.70823
401 0.015232 -0.0133455 7.83697
402 0.00459704 -0.0131034 6.49696
403 0.0159206 -0.0125116 7.84728
404 0.00459704 -0.0117816 6.30208
405 0.0165111 -0.0116234 7.84442
406 0.00459704 -0.0104598 6.12339
407 0.0173129 -0.0108633 7.9142
408 0.00459704 -0.00913793 5.96066
409 0.0176722 -0.00984814 7.87303
410 0.00459704 -0.00781609 5.81366
411 0.0181737 -0.00888249 7.8813
412 0.00459704 -0.00649425 5.68209
413 0.0186346 -0.00789407 7.8916
414 0.00459704 -0.00517241 5.56569
415 0.0190233 -0.00690215 7.8981
416 0.00459704 -0.00385057 5.46417
417 0.019368 -0.00587525 7.90456
418 0.00459704 -0.00252874 5.37717
419 0.0196069 -0.00482153 7.89728
420 0.00459704 -0.0012069 5.30437
421 0.0198337 -0.00376319 7.89972
422 0.00459704 0.000114943 5.24539
423 0.0200573 -0.00270369 7.91423
424 0.00459704 0.00143678 5.19981
425 0.020166 -0.00161742 7.91276
426 0.00459704 0.00275862 5.16721
427 0.0202225 -0.000572868 7.9116
428 0.00459704 0.00408046 5.14712
429 0.0202142 0.000510084 7.9064
430 0.00459704 0.0054023 5.13904
431 0.0201871 0.00156536 7.90856
432 0.00459704 0.00672414 5.14247
433 0.0200725 0.00265275 7.90187
434 0.00463839 0.00796763 5.15949
435 0.0198478 0.00371854 7.8795
436 0.00471606 0.00914952 5.18808
437 0.0196623 0.00476501 7.87853
438 0.0195954 0.00586396 7.92266
439 0.0190425 0.00678399 7.8452
440 0.0186709 0.00783023 7.83303
441 0.0184251 0.00889626 7.86604
442 0.0177144 0.00973948 7.7718
443 0.0171413 0.0106999 7.73143
444 0.00698261 0.00957822 5.45798
445 0.0165841 0.0116654 7.70282
446 0.00857736 0.0102667 5.72982
447 0.0159094 0.0125806 7.64244
448 0.0102462 0.0108669 6.07414
449 0.0153447 0.0134831 7.60887
450 0.0116755 0.0119449 6.46642
451 0.01426 0.0141577 7.38643
452 0.0130636 0.0129409 6.9095
453 0.00558056 -0.0185604 7.54006
454 0.00738217 -0.0175108 7.47181
455 0.00828542 -0.0170342 7.46663
456 0.00941431 -0.0165361 7.49565
457 0.0064332 -0.0170642 7.30633
458 0.00564807 0.00968347 5.29663
459 0.0117394 -0.0149188 7.51226
460 0.00470083 0.0104532 5.219
461 0.00567398 -0.0163507 7.11498
462 0.0137564 0.0156987 7.43784
463 0.00580726 -0.0151248 6.90592
464 0.013931 -0.0129531 7.55034
465 0.00574781 -0.0137644 6.6764
466 0.0147785 -0.0123104 7.60878
467 0.00574781 -0.0124425 6.47436
468 0.0152785 -0.0113231 7.56923
469 0.00574781 -0.0111207 6.28864
470 0.0125516 -0.00344311 6.39199
471 0.00574781 -0.00979885 6.11914
472 0.016168 -0.0101322 7.59579
473 0.00574781 -0.00847701 5.96564
474 0.0168146 -0.00887207 7.59239
475 0.00574781 -0.00715517 5.82788
476 0.017478 -0.0079943 7.64863
477 0.00574781 -0.00583333 5.70559
478 0.0176586 -0.00695703 7.59905
479 0.00574781 -0.00451149 5.59848
480 0.0182237 -0.00608772 7.65908
481 0.00574781 -0.00318966 5.50627
482 0.0183207 -0.00505084 7.61366
483 0.00574781 -0.00186782 5.42863
484 0.0185229 -0.00403681 7.60551
485 0.00574781 -0.000545977 5.36521
486 0.0187597 -0.0030295 7.61764
487 0.00574781 0.000775862 5.31563
488 0.0191081 -0.00203343 7.66874
489 0.00574781 0.0020977 5.27947
490 0.0189353 -0.00101846 7.60681
491 0.00574781 0.00341954 5.25629
492 0.019213 -2.52272e-05 7.66381
493 0.00574781 0.00474138 5.24556
494 0.0189782 0.00097334 7.60815
495 0.00574781 0.00606322 5.24676
496 0.0191406 0.00196543 7.65931
497 0.00580657 0.00733564 5.26514
498 0.0187632 0.00294286 7.58965
499 0.0185443 0.00413048 7.57692
500 0.0105542 -0.0159324 7.52445
501 0.018314 0.00545672 7.58342
502 0.0177095 0.00690198 7.52722
503 0.0172157 0.00829449 7.51382
504 0.0129345 -0.0140668 7.55378
505 0.016403 0.00955358 7.42786
506 0.0158034 0.0106443 7.38774
507 0.00836829 0.00871784 5.63867
508 0.0154199 0.0116108 7.39505
509 0.00971991 0.00930807 5.89556
510 0.0144639 0.0124528 7.23695
511 0.0118213 0.0104648 6.39406
512 0.0131251 0.0114093 6.78066
513 0.00648625 -0.0181023 7.51333
514 0.00582593 0.00857569 5.28905
515 0.00712201 -0.0160121 7.16657
516 0.00842066 -0.0158795 7.26932
517 0.00943992 -0.015114 7.2475
518 0.0105098 -0.0143402 7.25055
519 0.0116441 -0.0134537 7.26669
520 0.0126734 -0.012504 7.28159
521 0.00689876 -0.0144316 6.87623
522 0.0137418 -0.0114129 7.30741
523 0.00686414 -0.0130734 6.65842
524 0.00689858 -0.0117816 6.47315
525 0.0146226 -0.0101124 7.30334
526 0.00689858 -0.0104598 6.29682
527 0.0153908 -0.00883509 7.30756
528 0.00689858 -0.00913793 6.13686
529 0.00689858 -0.00781609 5.99297
530 0.0162664 -0.0074109 7.34534
531 0.00689858 -0.00649425 5.86484
532 0.00689858 -0.00517241 5.75224
533 0.00689858 -0.00385057 5.65491
534 0.0169066 -0.0056959 7.34632
535 0.00689858 -0.00252874 5.57256
536 0.0172041 -0.00439942 7.33263
537 0.00689858 -0.0012069 5.50486
538 0.0174658 -0.00318374 7.33279
539 0.00689858 0.000114943 5.45148
540 0.0177516 -0.00182463 7.35075
541 0.00689858 0.00143678 5.41205
542 0.00689858 0.00275862 5.38616
543 0.00689858 0.00408046 5.37332
544 0.0178772 -2.0013e-05 7.35051
545 0.00689858 0.0054023 5.37286
546 0.0178218 0.00173132 7.34335
547 0.00698724 0.00668833 5.39506
548 0.0174915 0.00322955 7.29816
549 0.0172013 0.0045892 7.27857
550 0.0168058 0.00590066 7.25018
551 0.0162661 0.00722721 7.2051
552 0.015648 0.00848573 7.1511
553 0.0149035 0.00963872 7.06737
554 0.00965974 0.00777712 5.82594
555 0.0144246 0.0108844 7.06288
556 0.0132647 0.00975005 6.67963
557 0.00702287 0.00802325 5.42301
558 0.00828435 0.00725475 5.58582
559 0.0119715 0.00907977 6.33969
560 0.00809191 -0.0147571 7.04151
561 0.00912605 -0.0136079 6.96638
562 0.0103839 -0.0129268 7.01695
563 0.0114373 -0.0120199 7.03087
564 0.0122998 -0.0110894 7.03485
565 0.0131736 -0.0100941 7.05234
566 0.00805695 -0.0124818 6.68304
567 0.00810396 -0.0111805 6.50686
568 0.0139422 -0.00888302 7.04948
569 0.00810586 -0.00983056 6.33663
570 0.014612 -0.00752099 7.038
571 0.00804934 -0.00847701 6.17689
572 0.00804934 -0.00715517 6.04293
573 0.0152881 -0.00611207 7.0508
574 0.00804934 -0.00583333 5.92482
575 0.00804934 -0.00451149 5.82237
576 0.00804934 -0.00318966 5.73532
577 0.0158103 -0.00477893 7.06563
578 0.00804934 -0.00186782 5.66337
579 0.0161722 -0.00352023 7.07339
580 0.00804934 -0.000545977 5.60627
581 0.0163358 -0.00224947 7.05748
582 0.00804934 0.000775862 5.56367
583 0.0163871 -0.00077003 7.03147
584 0.00804934 0.0020977 5.53519
585 0.00804934 0.00341954 5.52058
586 0.00804164 0.00471156 5.5183
587 0.0164092 0.000800615 7.02242
588 0.00813582 0.00599469 5.54158
589 0.0163961 0.00228852 7.03099
590 0.0161963 0.00368661 7.01807
591 0.0158102 0.00493682 6.97564
592 0.0153992 0.006179 6.9412
593 0.0148218 0.00736037 6.87752
594 0.0141603 0.00853755 6.80281
595 0.00786229 -0.0136303 6.83748
596 0.00951282 0.006429 5.76326
597 0.0129545 0.00847196 6.52298
598 0.00919673 -0.0120645 6.7476
599 0.0102572 -0.0116512 6.82162
600 0.0108858 -0.010716 6.78271
601 0.0118005 -0.00976227 6.79937
602 0.0126874 -0.00892716 6.84543
603 0.00940687 -0.0105554 6.57143
604 0.0130365 -0.00769294 6.77879
605 0.00920775 -0.00910054 6.37606
606 0.0136899 -0.00625386 6.76764
607 0.00917975 -0.00776981 6.23222
608 0.00920011 -0.00649425 6.11554
609 0.0143482 -0.0048425 6.78804
610 0.00920011 -0.00517241 6.00795
611 0.00920011 -0.00385057 5.91617
612 0.00920011 -0.00252874 5.83987
613 0.0150136 -0.00385721 6.85911
614 0.00920011 -0.0012069 5.7789
615 0.0150322 -0.00275111 6.81153
616 0.00920011 0.000114943 5.73314
617 0.0151116 -0.00147596 6.7842
618 0.00920011 0.00143678 5.70219
619 0.0148596 4.68833e-05 6.7032
620 0.00923468 0.0028053 5.69032
621 0.00925513 0.00415128 5.69188
622 0.00908836 0.00531107 5.67678
623 0.0150493 0.00163257 6.73668
624 0.0152795 0.00284903 6.79923
625 0.014827 0.00393793 6.72623
626 0.0144046 0.00514881 6.67461
627 0.0139342 0.006313 6.62185
628 0.0134587 0.00738836 6.57218
629 0.0109433 0.00677809 6.02661
630 0.0104273 0.0051644 5.89319
631 0.0125089 0.0065445 6.32911
632 0.0105164 -0.00946442 6.58316
633 0.0115173 -0.00824659 6.59352
634 0.0120564 -0.00651211 6.51632
635 0.0101662 -0.00834645 6.4162
636 0.0128768 -0.00482821 6.52601
637 0.0104493 -0.00717927 6.33938
638 0.0104891 -0.00587356 6.23354
639 0.0137417 -0.00341679 6.59694
640 0.0103673 -0.00449868 6.11591
641 0.0103718 -0.00322688 6.03867
642 0.010379 -0.00192304 5.97515
643 0.0104479 -0.000602165 5.93563
644 0.0104315 0.000728208 5.89905
645 0.0140135 -0.00100411 6.55943
646 0.0103586 0.00212202 5.86803
647 0.0137708 0.00123432 6.47999
648 0.0104481 0.00357499 5.87945
649 0.0139501 0.00272111 6.5203
650 0.0134436 0.00414031 6.44313
651 0.0129819 0.0053198 6.38165
652 0.0138496 -0.00210822 6.56168
653 0.0117324 0.00561875 6.14341
654 0.0118709 0.00427391 6.13844
655 0.0114987 -0.00516028 6.32846
656 0.0115541 -0.00399481 6.26063
657 0.0115152 -0.0026971 6.18467
658 0.0116111 -0.0014304 6.14702
659 0.0118083 -2.40916e-05 6.13826
660 0.0115048 0.00141351 6.06421
661 0.0114952 0.00278945 6.05741
662 0.0126693 0.00206086 6.26908
663 0.0126194 0.00322261 6.26666
664 0.0127277 -0.00232116 6.36902
665 0.0125837 0.000932412 6.26001
666 0.0128458 -0.00113916 6.34791
667 0.00359161 0.0113403 5.15075
668 0.0120125 0.00766147 6.27498
669 0.00383429 0.0206859 5.65164
670 0.00870146 0.019973 6.35907
671 0.00506595 0.0194383 5.69866
672 0.00098434 0.0155989 5.18456
673 0.00889789 0.017472 6.22253
674 0.00784125 0.0167758 5.95869
675 0.00672454 0.0161401 5.72689
676 0.00995535 0.0182712 6.53867
677 0.00553174 0.0156275 5.52929
678 0.010909 0.0190207 6.87482
679 0.00431825 0.0152256 5.37269
680 0.0115913 0.0203446 7.20711
681 0.00309524 0.0148702 5.2531
682 0.00167859 0.0146384 5.16372
683 0.0104222 0.0212465 6.90314
684 0.00929068 0.0219434 6.6445
685 0.00109274 0.0166377 5.24036
686 0.00810321 0.0223561 6.40273
687 0.00112263 0.0178704 5.3089
688 0.00690434 0.022726 6.20242
689 0.00112263 0.0191667 5.38643
690 0.00567543 0.0231359 6.04348
691 0.00112263 0.020463 5.47091
692 0.00441855 0.023326 5.90512
693 0.00112263 0.0217593 5.56229
694 0.00323719 0.0235832 5.81725
695 0.00113368 0.0232635 5.67668
696 0.00219899 0.0238564 5.7709
697 0.00767815 0.0181947 6.0215
698 0.00872429 0.0187805 6.27691
699 0.00671208 0.0175242 5.80961
700 0.00565263 0.016966 5.62116
701 0.00998406 0.0197769 6.65992
702 0.00452253 0.0165957 5.46607
703 0.00336073 0.0162092 5.3395
704 0.00218245 0.0158835 5.24714
705 0.00829823 0.021083 6.35113
706 0.00229527 0.0171262 5.31801
707 0.00715135 0.0213309 6.14338
708 0.0023652 0.0184607 5.39861
709 0.00599748 0.021752 5.98584
710 0.00243792 0.0198536 5.49036
711 0.00473989 0.0220066 5.84067
712 0.00242176 0.0212367 5.58399
713 0.00353671 0.0221959 5.73484
714 0.00233537 0.0225586 5.67632
715 0.00934472 0.0208023 6.57449
716 0.00650326 0.0189137 5.86541
717 0.00750297 0.0197742 6.09628
718 0.00572013 0.0181616 5.70409
719 0.00467087 0.0179739 5.56234
720 0.00351303 0.017605 5.42868
721 0.00624203 0.0203324 5.9213
722 0.00363838 0.0190664 5.52729
723 0.00517283 0.020878 5.81179
724 0.0100101 0.030123 7.4163
725 0.00699591 0.0371255 7.65653
726 0.00475642 0.0290526 6.44482
727 0.0112728 0.0297072 7.6904
728 0.0117486 0.0399449 8.80581
729 0.0108939 0.0408994 8.79336
730 0.0125469 0.038932 8.82365
731 0.00995229 0.0417322 8.77122
732 0.0132523 0.0378605 8.83949
733 0.00895961 0.0425339 8.75984
734 0.0138629 0.0367316 8.85243
735 0.00789436 0.0432273 8.7437
736 0.0143636 0.0355443 8.85859
737 0.00678558 0.043832 8.73007
738 0.0147771 0.0343216 8.86485
739 0.00562488 0.0443678 8.72227
740 0.0150996 0.0330767 8.8707
741 0.00436453 0.0447214 8.69494
742 0.0152811 0.0318344 8.8632
743 0.00311168 0.0449941 8.67715
744 0.0153664 0.0305689 8.8511
745 0.00171723 0.0453029 8.68782
746 0.0153519 0.029295 8.83226
747 0.0152253 0.0280221 8.80079
748 0.0150319 0.0267619 8.76593
749 0.0147545 0.0255285 8.71418
750 0.00112069 0.043213 8.24893
751 0.0142572 0.0242598 8.58021
752 0.00117274 0.0419271 8.00724
753 0.0137184 0.0229652 8.37756
754 0.00117274 0.0405729 7.76522
755 0.00117274 0.0392188 7.53697
756 0.00117274 0.0378646 7.32183
757 0.00117274 0.0365104 7.11922
758 0.0114423 0.0235051 7.38728
759 0.00117274 0.0351563 6.92852
760 0.0102209 0.0240611 7.04302
761 0.00117274 0.0338021 6.7491
762 0.00890571 0.024575 6.74295
763 0.00117274 0.0324479 6.58032
764 0.00758464 0.0250087 6.49998
765 0.00117274 0.0310938 6.42152
766 0.0062452 0.0253819 6.30363
767 0.00117274 0.0297396 6.27201
768 0.00483962 0.0256979 6.14441
769 0.00126479 0.0283177 6.1286
770 0.00342548 0.0259747 6.03111
771 0.00117274 0.0270312 6.00104
772 0.00209936 0.0260498 5.95015
773 0.000940681 0.0259053 5.89161
774 0.00104938 0.0443029 8.46397
775 0.0124297 0.0228774 7.72359
776 0.0104249 0.0395944 8.52011
777 0.0112389 0.0387261 8.54566
778 0.00957645 0.0404124 8.50317
779 0.0119441 0.037715 8.55382
780 0.0087448 0.0412084 8.50612
781 0.0125207 0.0367239 8.55953
782 0.00779242 0.041919 8.49876
783 0.0130357 0.0356655 8.56498
784 0.00676788 0.0425087 8.48287
785 0.0134527 0.0345677 8.56465
786 0.00572485 0.0430568 8.47913
787 0.0137793 0.0334256 8.55923
788 0.0047057 0.0435675 8.49189
789 0.0140126 0.0322685 8.54907
790 0.00350362 0.0435107 8.39972
791 0.0141663 0.0311125 8.53652
792 0.00226118 0.0439896 8.43657
793 0.014151 0.0299252 8.49398
794 0.0140815 0.0287792 8.44889
795 0.0139232 0.027561 8.38887
796 0.0137244 0.0263983 8.31936
797 0.0135796 0.0252464 8.2718
798 0.00230424 0.0426707 8.18168
799 0.0127362 0.0242324 7.91213
800 0.0022988 0.0412758 7.92552
801 0.00234031 0.0398958 7.68887
802 0.00234031 0.0385417 7.4684
803 0.00234031 0.0371875 7.26083
804 0.00234031 0.0358333 7.06553
805 0.0113567 0.0248491 7.43529
806 0.00234031 0.0344792 6.88185
807 0.00999905 0.0254332 7.07453
808 0.00234031 0.033125 6.70915
809 0.00861517 0.0259189 6.77816
810 0.00234031 0.0317708 6.54674
811 0.00720633 0.0263484 6.53894
812 0.00234031 0.0304167 6.39419
813 0.00577885 0.0266932 6.34778
814 0.00247972 0.0289578 6.24768
815 0.00428457 0.0269884 6.1982
816 0.00264723 0.0274026 6.10363
817 0.00995565 0.0384104 8.27546
818 0.00908429 0.0391348 8.23608
819 0.0108146 0.0376677 8.33205
820 0.00830037 0.0399207 8.23879
821 0.0111972 0.0366429 8.28079
822 0.00767131 0.0407553 8.28888
823 0.0117292 0.0356922 8.28504
824 0.0066869 0.0411951 8.24449
825 0.0121596 0.034678 8.27924
826 0.00562448 0.0418144 8.24366
827 0.0125004 0.0336642 8.26937
828 0.00446305 0.0424031 8.25337
829 0.0127598 0.0325801 8.25138
830 0.0129166 0.0315054 8.22273
831 0.0130963 0.0305034 8.2185
832 0.0127852 0.0294437 8.08435
833 0.0129536 0.0283082 8.09317
834 0.0124665 0.0272199 7.90421
835 0.0124816 0.0257265 7.86262
836 0.00343761 0.0405783 7.86084
837 0.00347824 0.0392093 7.6355
838 0.00350788 0.0378646 7.4269
839 0.00350788 0.0365104 7.22762
840 0.00350788 0.0351563 7.04039
841 0.0111506 0.0262845 7.45249
842 0.00350788 0.0338021 6.86443
843 0.00970484 0.0267845 7.09272
844 0.00350788 0.0324479 6.69922
845 0.00824544 0.0272856 6.80862
846 0.00358132 0.0310606 6.54627
847 0.00676761 0.0277311 6.58448
848 0.00360247 0.0297061 6.40274
849 0.00528772 0.0279859 6.40127
850 0.00382231 0.0282844 6.27762
851 0.00886712 0.0379773 8.04009
852 0.00452443 0.0411976 8.04191
853 0.00772663 0.0384699 7.9417
854 0.00971447 0.0369017 8.03658
855 0.00688606 0.0396153 8.00825
856 0.0103546 0.0356742 8.00854
857 0.0110177 0.0347776 8.04567
858 0.00566546 0.0404914 8.01998
859 0.01115 0.0337689 7.97526
860 0.00456015 0.0398702 7.82009
861 0.0116335 0.0328635 8.00542
862 0.0116143 0.031816 7.91923
863 0.0119638 0.0305828 7.92303
864 0.0117628 0.0285202 7.75361
865 0.00468851 0.0385349 7.61724
866 0.0047712 0.0372292 7.4291
867 0.00467545 0.0358333 7.22454
868 0.00467545 0.0344792 7.04616
869 0.00471242 0.033103 6.8796
870 0.00933362 0.0281511 7.10677
871 0.00478537 0.0317199 6.72698
872 0.00783711 0.0287293 6.85274
873 0.00485893 0.0303203 6.58363
874 0.00618257 0.0293 6.64127
875 0.0108297 0.0276292 7.43948
876 0.00815808 0.0370065 7.80022
877 0.00888968 0.0356488 7.7438
878 0.00616189 0.0380412 7.68541
879 0.00560911 0.0392985 7.82194
880 0.0097653 0.0342428 7.74083
881 0.0102782 0.0325515 7.6776
882 0.0106009 0.0310457 7.62211
883 0.00593831 0.0365358 7.44711
884 0.00587665 0.0351853 7.26086
885 0.00582073 0.0338075 7.08237
886 0.00597452 0.0324228 6.93962
887 0.008987 0.0295836 7.14919
888 0.00611241 0.0309676 6.79982
889 0.00759762 0.0302735 6.9535
890 0.0103434 0.0289229 7.40228
891 0.00728383 0.0357732 7.51278
892 0.00814214 0.0344059 7.47568
893 0.00866056 0.0328987 7.39812
894 0.00905558 0.0311971 7.30511
895 0.00685068 0.034485 7.29533
896 0.00716733 0.0332743 7.19713
897 0.00744628 0.0318191 7.08185
898 0.00338278 0.0420033 8.10958
