1 6.12323e-19 -0.01 0.30336
2 4.08216e-19 0.00533333 0.466073
3 6.12323e-19 0.01 0.413198
4 4.08216e-19 0.0186667 0.245645
5 0.0058742 0.0151525 0.188045
6 0.00956943 -0.00290274 0.188995
7 0.00555552 0.00831481 0.288486
8 0 0.00495935 0.468927
9 0 0.00458537 0.471625
10 0 0.00421138 0.474041
11 0 0.0038374 0.476157
12 0 0.00346341 0.477982
13 0 0.00308943 0.479524
14 0 0.00271545 0.480772
15 0 0.00234146 0.481713
16 0 0.00196748 0.482339
17 0 0.0015935 0.482642
18 0 0.00121951 0.482612
19 0 0.000845528 0.482242
20 0 0.000471545 0.481527
21 0 9.7561e-05 0.480459
22 0 -0.000276423 0.479032
23 0 -0.000650407 0.477241
24 0 -0.00102439 0.47508
25 0 -0.00139837 0.472546
26 0 -0.00177236 0.469632
27 0 -0.00214634 0.466336
28 0 -0.00252033 0.462652
29 0 -0.00289431 0.458578
30 0 -0.00326829 0.45411
31 0 -0.00364228 0.449245
32 0 -0.00401626 0.443979
33 0 -0.00439024 0.438311
34 0 -0.00476423 0.432236
35 0 -0.00513821 0.425753
36 0 -0.0055122 0.41886
37 0 -0.00588618 0.411553
38 0 -0.00626016 0.403832
39 0 -0.00663415 0.395693
40 0 -0.00700813 0.387135
41 0 -0.00738211 0.378156
42 0 -0.0077561 0.368755
43 0 -0.00813008 0.358931
44 0 -0.00850407 0.348685
45 0 -0.00887805 0.338004
46 0 -0.00925203 0.326896
47 0 -0.00962602 0.315486
48 0.00967165 -0.00254151 0.186587
49 0.0097602 -0.00217682 0.184496
50 0.00983501 -0.00180901 0.182721
51 0.00989598 -0.00143857 0.181278
52 0.009943 -0.00106621 0.180176
53 0.009976 -0.000692365 0.179429
54 0.00999496 -0.000317427 0.179034
55 0.00999983 5.79178e-05 0.178993
56 0.00999062 0.000433088 0.179318
57 0.00996732 0.000807742 0.180007
58 0.00992998 0.0011813 0.181052
59 0.00987866 0.00155307 0.18245
60 0.00981343 0.00192268 0.184205
61 0.00973434 0.00228967 0.186307
62 0.00964156 0.00265336 0.188746
63 0.00953521 0.00301327 0.19151
64 0.00941539 0.00336905 0.1946
65 0.00928229 0.00372008 0.198
66 0.00913617 0.00406576 0.201698
67 0.00897716 0.00440575 0.205679
68 0.00880546 0.00473961 0.209942
69 0.0086214 0.00506669 0.214471
70 0.00842521 0.00538663 0.219259
71 0.00821709 0.00569907 0.224297
72 0.00799741 0.00600345 0.229585
73 0.00776652 0.0062993 0.235127
74 0.00752462 0.00658635 0.240935
75 0.0072721 0.00686415 0.247031
76 0.00700942 0.00713219 0.253467
77 0.00673684 0.00739019 0.260345
78 0.0064547 0.00763785 0.267906
79 0.00616352 0.0078747 0.276807
80 0.00586371 0.00810043 0.288529
81 0.00534556 0.00801636 0.308822
82 0.00511978 0.00773008 0.326053
83 0.00487848 0.00745634 0.341887
84 0.00462256 0.00719621 0.356836
85 0.00435303 0.00695068 0.370922
86 0.00407023 0.00672007 0.384174
87 0.00377523 0.00650527 0.396556
88 0.00346919 0.0063071 0.408029
89 0.0031525 0.0061258 0.418574
90 0.00282637 0.00596211 0.428143
91 0.00249205 0.00581662 0.436685
92 0.00214999 0.00568953 0.444185
93 0.00180148 0.00558135 0.450605
94 0.00144788 0.00549246 0.455905
95 0.00108965 0.00542299 0.46008
96 0.000728148 0.00537322 0.463125
97 0.000364773 0.00534332 0.465048
98 0.000375351 -0.00999295 0.302821
99 0.000750045 -0.00997183 0.302194
100 0.00112374 -0.00993666 0.301269
101 0.00149592 -0.00988748 0.30002
102 0.00186589 -0.00982438 0.298445
103 0.00223322 -0.00974745 0.296548
104 0.00259752 -0.00965675 0.294338
105 0.00295812 -0.00955246 0.291833
106 0.00331446 -0.00943474 0.289038
107 0.00366622 -0.0093037 0.285967
108 0.00401285 -0.00915953 0.282646
109 0.00435372 -0.0090025 0.279091
110 0.00468848 -0.00883279 0.275316
111 0.00501671 -0.00865058 0.271345
112 0.00533782 -0.00845622 0.267204
113 0.00565135 -0.00824998 0.262915
114 0.00595704 -0.00803204 0.258497
115 0.00625432 -0.00780279 0.253978
116 0.0065427 -0.00756261 0.249391
117 0.00682189 -0.00731175 0.244752
118 0.00709153 -0.00705054 0.240089
119 0.00735111 -0.00677947 0.235429
120 0.00760032 -0.00649885 0.230806
121 0.0078389 -0.00620899 0.226237
122 0.00806641 -0.00591042 0.221744
123 0.0082825 -0.00560359 0.217361
124 0.00848697 -0.00528879 0.213116
125 0.00867951 -0.0049665 0.209027
126 0.00885975 -0.00463732 0.205113
127 0.00902753 -0.00430159 0.201403
128 0.00918263 -0.00395971 0.197917
129 0.00932476 -0.00361232 0.194679
130 0.00945374 -0.00325989 0.191697
131 0 0.00961111 0.418573
132 0 0.00922222 0.423754
133 0 0.00883333 0.428801
134 0 0.00844444 0.43369
135 0 0.00805556 0.438421
136 0 0.00766667 0.442978
137 0 0.00727778 0.44735
138 0 0.00688889 0.451525
139 0 0.0065 0.455493
140 0 0.00611111 0.459265
141 0 0.00572222 0.462949
142 0.00524573 0.00851366 0.303168
143 0.00492882 0.00870096 0.316088
144 0.00460523 0.00887648 0.32895
145 0.00427541 0.00903996 0.341054
146 0.00393979 0.0091912 0.352259
147 0.00359883 0.00932998 0.362543
148 0.00325299 0.00945611 0.371891
149 0.00290274 0.00956943 0.380302
150 0.00254857 0.00966979 0.387752
151 0.00219093 0.00975704 0.39425
152 0.00183033 0.00983107 0.399778
153 0.00146725 0.00989177 0.404329
154 0.00110218 0.00993907 0.407893
155 0.000735619 0.00997291 0.410497
156 0.000368059 0.00999322 0.412215
157 0.00568585 0.0154807 0.191414
158 0.00547939 0.0157975 0.195055
159 0.00525508 0.0161023 0.19892
160 0.00501398 0.0163937 0.202942
161 0.00475679 0.0166709 0.207063
162 0.00448408 0.0169333 0.211222
163 0.00419719 0.0171796 0.215356
164 0.00389662 0.0174093 0.219409
165 0.0035834 0.0176217 0.223327
166 0.00325896 0.0178158 0.227051
167 0.0029237 0.0179914 0.230535
168 0.00257913 0.0181476 0.23373
169 0.00222647 0.0182839 0.236593
170 0.00186631 0.0184001 0.239089
171 0.00150042 0.0184956 0.24119
172 0.00112963 0.0185703 0.242873
173 0.00075499 0.0186238 0.244115
174 0.000378288 0.0186559 0.244959
175 0.00575568 0.00863599 0.25806
176 0.00593713 0.00896768 0.237552
177 0.00609962 0.00930945 0.223002
178 0.00624239 0.0096597 0.211924
179 0.00636505 0.0100174 0.2031
180 0.00646729 0.0103818 0.195989
181 0.00654863 0.010751 0.190273
182 0.00660893 0.0111245 0.185746
183 0.00664796 0.0115009 0.182258
184 0.00666556 0.0118786 0.179714
185 0.00666171 0.012257 0.178023
186 0.00663641 0.0126345 0.177118
187 0.00658976 0.0130097 0.176942
188 0.00652185 0.013382 0.177436
189 0.006433 0.0137496 0.178542
190 0.00632343 0.0141116 0.180211
191 0.00619342 0.014467 0.182389
192 0.00604361 0.0148141 0.185016
193 0 0.0182899 0.255578
194 0 0.017913 0.264924
195 0 0.0175362 0.274145
196 0 0.0171594 0.283116
197 0 0.0167826 0.291814
198 0 0.0164058 0.300247
199 0 0.016029 0.308438
200 0 0.0156522 0.316393
201 0 0.0152754 0.324122
202 0 0.0148986 0.331632
203 0 0.0145217 0.338933
204 0 0.0141449 0.346034
205 0 0.0137681 0.352944
206 0 0.0133913 0.359671
207 0 0.0130145 0.366225
208 0 0.0126377 0.372613
209 0 0.0122609 0.378842
210 0 0.0118841 0.384921
211 0 0.0115072 0.390855
212 0 0.0111304 0.396651
213 0 0.0107536 0.402293
214 0 0.0103768 0.407841
215 0.00342853 -0.0054006 0.38575
216 0.00345048 -0.00572685 0.379167
217 0.00286498 -0.0064264 0.375658
218 0.00163957 0.00398483 0.464839
219 0.00139396 0.00421389 0.466204
220 0.00197534 -0.00944467 0.309159
221 0.00161412 -0.00951533 0.310728
222 0.00124547 -0.00956246 0.312326
223 0.00233928 -0.00935598 0.307341
224 0.000870288 -0.00960076 0.313467
225 0.00270322 -0.00926713 0.304743
226 0.000470121 -0.00963421 0.314063
227 0.00303544 -0.00916505 0.302317
228 0.00336318 -0.00904784 0.299758
229 0.00370842 -0.0089024 0.296985
230 0.0040536 -0.0087569 0.293462
231 0.000320406 -0.009053 0.33224
232 0.00437021 -0.00860745 0.29002
233 0.000336636 -0.00869679 0.342572
234 0.0046851 -0.00843807 0.286525
235 0.000323879 -0.00831707 0.353228
236 0.00499505 -0.0082505 0.282999
237 0.000323879 -0.00794309 0.363265
238 0.00531272 -0.00805201 0.278858
239 0.000323879 -0.00756911 0.372878
240 0.00560796 -0.00785884 0.274599
241 0.000323879 -0.00719512 0.382068
242 0.00589589 -0.00764367 0.270517
243 0.000323879 -0.00682114 0.390836
244 0.00617077 -0.00741462 0.266608
245 0.000323879 -0.00644715 0.399183
246 0.00645292 -0.00716825 0.26223
247 0.000323879 -0.00607317 0.407112
248 0.0067196 -0.00692687 0.257685
249 0.000323879 -0.00569919 0.414625
250 0.00697518 -0.00667341 0.253252
251 0.000323879 -0.0053252 0.421723
252 0.00720965 -0.00641321 0.249253
253 0.000323879 -0.00495122 0.42841
254 0.00744909 -0.00612513 0.245066
255 0.000323879 -0.00457724 0.434687
256 0.00768848 -0.00583696 0.240282
257 0.000323879 -0.00420325 0.440556
258 0.00789543 -0.00555711 0.236228
259 0.000323879 -0.00382927 0.446021
260 0.00808858 -0.00526815 0.232472
261 0.000323879 -0.00345528 0.451084
262 0.00827924 -0.00494567 0.228894
263 0.000323879 -0.0030813 0.455749
264 0.00846981 -0.00462317 0.224775
265 0.000323879 -0.00270732 0.460017
266 0.00863544 -0.00431447 0.221157
267 0.000323879 -0.00233333 0.463893
268 0.00878772 -0.00399062 0.217946
269 0.000323879 -0.00195935 0.467379
270 0.00892502 -0.00365495 0.215175
271 0.000323879 -0.00158537 0.470481
272 0.0090625 -0.0033063 0.212061
273 0.000323879 -0.00121138 0.473201
274 0.00918403 -0.00297095 0.209159
275 0.000323879 -0.000837398 0.475545
276 0.00928937 -0.00262655 0.206756
277 0.000323879 -0.000463415 0.477516
278 0.00937088 -0.00228165 0.205196
279 0.000323879 -8.94309e-05 0.47912
280 0.00945076 -0.00191305 0.203454
281 0.000323879 0.000284553 0.480363
282 0.00952267 -0.00155802 0.201601
283 0.000323879 0.000658537 0.481249
284 0.00957757 -0.00120054 0.200263
285 0.000323879 0.00103252 0.481785
286 0.00961141 -0.000851257 0.19964
287 0.000323879 0.0014065 0.481978
288 0.00963218 -0.00047724 0.199393
289 0.000323879 0.00178049 0.481835
290 0.0096528 -0.00010318 0.198698
291 0.000323879 0.00215447 0.481363
292 0.00965196 0.000244619 0.198767
293 0.000323879 0.00252846 0.480571
294 0.00963451 0.000592015 0.199376
295 0.000323879 0.00290244 0.479467
296 0.00959555 0.000964611 0.200729
297 0.000323879 0.00327642 0.478062
298 0.00955652 0.00133716 0.201634
299 0.000323879 0.00365041 0.476366
300 0.0095054 0.00168352 0.202893
301 0.000342026 0.00403743 0.474244
302 0.00943472 0.00203401 0.204809
303 0.000355554 0.00442017 0.471867
304 0.00934519 0.00238507 0.20734
305 0.000323879 0.00477236 0.469564
306 0.00924746 0.00274668 0.209796
307 0.000262164 0.00509072 0.467349
308 0.00914834 0.00308521 0.212087
309 0.009026 0.00342316 0.215215
310 0.000569456 0.00506386 0.466439
311 0.00888659 0.0037528 0.218913
312 0.00093515 0.00507593 0.464145
313 0.00873273 0.00409432 0.222782
314 0.00131931 0.00515417 0.460154
315 0.00857915 0.00441958 0.226389
316 0.0016949 0.00525006 0.454972
317 0.00841079 0.00473773 0.230418
318 0.00206141 0.00534363 0.448831
319 0.00822985 0.00503764 0.234933
320 0.00242413 0.0054664 0.441401
321 0.00802368 0.00535039 0.240069
322 0.00277424 0.00561737 0.432852
323 0.00781741 0.00566312 0.244746
324 0.00311773 0.00576682 0.423393
325 0.00760926 0.00594232 0.249695
326 0.0034566 0.00594743 0.412625
327 0.00738923 0.0062111 0.255039
328 0.00377913 0.00615599 0.400879
329 0.00713598 0.00648717 0.26145
330 0.0041022 0.00636309 0.388014
331 0.00688269 0.00676314 0.267526
332 0.00440403 0.00659221 0.374432
333 0.00662214 0.00701599 0.274189
334 0.00468678 0.00684747 0.360036
335 0.00634799 0.00725912 0.281605
336 0.00496383 0.00710725 0.344648
337 0.00602842 0.00750961 0.291096
338 0.00521681 0.00738335 0.32883
339 0.00568911 0.00783455 0.29953
340 0.000274949 -0.0093506 0.323371
341 0.00539779 0.00766125 0.315176
342 0.00172522 -0.00915575 0.32062
343 0.00207701 -0.00907567 0.319129
344 0.00136717 -0.00921751 0.321984
345 0.00098443 -0.00925018 0.323641
346 0.00242802 -0.00899373 0.316976
347 0.000622091 -0.00929683 0.32397
348 0.00276895 -0.00890023 0.314595
349 0.00309341 -0.00879469 0.312158
350 0.00342104 -0.00866956 0.309572
351 0.00375495 -0.00853059 0.306572
352 0.00406997 -0.00838774 0.303421
353 0.000703297 -0.00891312 0.335115
354 0.00437547 -0.00823415 0.300161
355 0.000645137 -0.00850626 0.346969
356 0.00467681 -0.00806102 0.296915
357 0.000648111 -0.00813008 0.357271
358 0.00498192 -0.00787602 0.293248
359 0.000648111 -0.0077561 0.367102
360 0.00528084 -0.00768371 0.289306
361 0.000648111 -0.00738211 0.376504
362 0.00555885 -0.00748739 0.2855
363 0.000648111 -0.00700813 0.38548
364 0.00582751 -0.00727768 0.281757
365 0.000648111 -0.00663415 0.394035
366 0.00609839 -0.00704697 0.277864
367 0.000648111 -0.00626016 0.40217
368 0.00636635 -0.00680885 0.273648
369 0.000648111 -0.00588618 0.409888
370 0.00661636 -0.00657084 0.269518
371 0.000648111 -0.0055122 0.41719
372 0.00685149 -0.00632209 0.265655
373 0.000648111 -0.00513821 0.42408
374 0.00707977 -0.00606172 0.261784
375 0.000648111 -0.00476423 0.430558
376 0.00731913 -0.00577364 0.257453
377 0.000648111 -0.00439024 0.436627
378 0.00752519 -0.00550274 0.253658
379 0.000648111 -0.00401626 0.44229
380 0.00772233 -0.00522484 0.249897
381 0.000648111 -0.00364228 0.44755
382 0.00791026 -0.00492954 0.246366
383 0.000648111 -0.00326829 0.452408
384 0.00809511 -0.00461932 0.24272
385 0.000648111 -0.00289431 0.456869
386 0.00826343 -0.00431679 0.239242
387 0.000648111 -0.00252033 0.460935
388 0.00841742 -0.00401118 0.236041
389 0.000648111 -0.00214634 0.46461
390 0.0085564 -0.00369228 0.233304
391 0.000648111 -0.00177236 0.467897
392 0.00869175 -0.00336153 0.230441
393 0.000648111 -0.00139837 0.470801
394 0.00881514 -0.00303208 0.22771
395 0.000648111 -0.00102439 0.473324
396 0.00892179 -0.00270697 0.225365
397 0.000648111 -0.000650407 0.475473
398 0.00901259 -0.00237716 0.223474
399 0.000648111 -0.000276423 0.477251
400 0.00909233 -0.00202833 0.221897
401 0.000648111 9.7561e-05 0.478664
402 0.00916693 -0.0016742 0.220188
403 0.000648111 0.000471545 0.479718
404 0.00922735 -0.0013319 0.218745
405 0.000648111 0.000845528 0.480417
406 0.00926882 -0.000991433 0.217915
407 0.000648111 0.00121951 0.480769
408 0.00929774 -0.000646253 0.217387
409 0.000648111 0.0015935 0.48078
410 0.00931841 -0.000272345 0.216953
411 0.000648111 0.00196748 0.480458
412 0.00932262 6.76986e-05 0.216955
413 0.000648111 0.00234146 0.479809
414 0.00931473 0.000408025 0.217241
415 0.000648111 0.00271545 0.478844
416 0.00928956 0.000757438 0.218074
417 0.000648111 0.00308943 0.47757
418 0.00925325 0.00111707 0.219082
419 0.000648111 0.00346341 0.475997
420 0.009208 0.00145998 0.220224
421 0.000670927 0.00385033 0.473942
422 0.0091497 0.00179692 0.221715
423 0.000695527 0.00424364 0.471535
424 0.00907149 0.00213553 0.22388
425 0.000735413 0.00468129 0.46844
426 0.00898303 0.00248121 0.226143
427 0.00888591 0.00282281 0.22848
428 0.00877868 0.00314578 0.231114
429 0.00865594 0.00346375 0.234223
430 0.00851376 0.00379025 0.237839
431 0.00117872 0.00479199 0.464329
432 0.00836367 0.0041158 0.241444
433 0.00157747 0.00488866 0.459388
434 0.00820848 0.00442413 0.245117
435 0.00197005 0.00498175 0.453336
436 0.00803869 0.00472135 0.249281
437 0.00234995 0.00509281 0.446138
438 0.0078558 0.00501538 0.253746
439 0.002717 0.00523589 0.43775
440 0.00764961 0.00532805 0.258632
441 0.00308508 0.00539544 0.428022
442 0.00744932 0.00560397 0.263445
443 0.00343875 0.00556549 0.417364
444 0.00723952 0.00587305 0.268482
445 0.00378216 0.00576883 0.405468
446 0.00701165 0.0061385 0.274101
447 0.00412066 0.00598514 0.392384
448 0.00677023 0.0064057 0.280007
449 0.0044508 0.00621284 0.378235
450 0.00651978 0.00665789 0.286383
451 0.00476339 0.00646698 0.363144
452 0.00625339 0.00689519 0.293631
453 0.00506416 0.00673612 0.347096
454 0.0059731 0.00713127 0.301433
455 0.00533311 0.00703479 0.330743
456 0.00562567 0.00736651 0.311877
457 0.00182488 -0.00878554 0.330467
458 0.00148194 -0.00885683 0.331705
459 0.00217277 -0.00871424 0.328476
460 0.00111879 -0.00893313 0.332243
461 0.00250828 -0.00863184 0.326273
462 0.00282608 -0.00853559 0.324079
463 0.00313986 -0.00842912 0.321628
464 0.00345962 -0.00830372 0.318972
465 0.00377519 -0.00816623 0.316096
466 0.00407551 -0.00801862 0.31321
467 0.00436297 -0.00786284 0.310267
468 0.000972342 -0.00831707 0.350604
469 0.00465645 -0.00769177 0.306993
470 0.000979956 -0.00795594 0.360271
471 0.00494613 -0.00750801 0.303551
472 0.000979509 -0.00757814 0.369999
473 0.00523027 -0.00731433 0.29992
474 0.000972342 -0.00719512 0.379455
475 0.00548876 -0.00712307 0.29646
476 0.000972342 -0.00682114 0.388216
477 0.00575643 -0.00690648 0.292767
478 0.000972342 -0.00644715 0.396557
479 0.00601376 -0.00668362 0.289006
480 0.000972342 -0.00607317 0.404479
481 0.00626523 -0.00645112 0.285117
482 0.000972342 -0.00569919 0.411984
483 0.00649689 -0.00622153 0.281373
484 0.000972342 -0.0053252 0.419075
485 0.00672399 -0.00597397 0.27768
486 0.000972342 -0.00495122 0.425753
487 0.00694985 -0.00571029 0.273845
488 0.000972342 -0.00457724 0.432021
489 0.0071591 -0.00544189 0.270258
490 0.000972342 -0.00420325 0.437881
491 0.00735726 -0.0051737 0.266653
492 0.000972342 -0.00382927 0.443335
493 0.00754203 -0.0049035 0.263204
494 0.000972342 -0.00345528 0.448387
495 0.0077236 -0.00461246 0.259781
496 0.000972342 -0.0030813 0.453038
497 0.00789457 -0.00431439 0.256476
498 0.000972342 -0.00270732 0.457293
499 0.00804835 -0.00401721 0.253506
500 0.000972342 -0.00233333 0.461154
501 0.00818597 -0.00372045 0.25087
502 0.000972342 -0.00195935 0.464624
503 0.00832056 -0.00340381 0.248209
504 0.000972342 -0.00158537 0.467708
505 0.00844776 -0.00308533 0.245498
506 0.000972342 -0.00121138 0.47041
507 0.00855165 -0.00276938 0.243494
508 0.000972342 -0.000837398 0.472733
509 0.00864639 -0.00245714 0.24153
510 0.000972342 -0.000463415 0.474682
511 0.00873348 -0.00212199 0.239753
512 0.000972342 -8.94309e-05 0.476262
513 0.00881355 -0.00177455 0.238002
514 0.000972342 0.000284553 0.477479
515 0.00887454 -0.0014429 0.236726
516 0.000972342 0.000658537 0.478337
517 0.00892286 -0.00112043 0.235691
518 0.000972342 0.00103252 0.478843
519 0.0089594 -0.000787003 0.234951
520 0.000972342 0.0014065 0.479004
521 0.00898408 -0.000441387 0.234489
522 0.000972342 0.00178049 0.478825
523 0.00899377 -0.000100936 0.234417
524 0.000972342 0.00215447 0.478316
525 0.00899095 0.000230866 0.234635
526 0.000972342 0.00252846 0.477482
527 0.00897829 0.000558168 0.235021
528 0.000972342 0.00290244 0.476334
529 0.00895062 0.000900553 0.235815
530 0.000972342 0.00327642 0.47488
531 0.00891046 0.00124219 0.236885
532 0.00099156 0.00365814 0.472944
533 0.00885636 0.00157242 0.238357
534 0.00102504 0.00403981 0.470598
535 0.00879074 0.00189272 0.240124
536 0.00107508 0.00442163 0.467808
537 0.00871225 0.00222317 0.242141
538 0.0086206 0.00255346 0.244461
539 0.0085182 0.00288069 0.246973
540 0.00840987 0.00318339 0.249641
541 0.00828014 0.00350339 0.252855
542 0.00814151 0.00381464 0.256222
543 0.00146271 0.00454104 0.463285
544 0.00799198 0.00412287 0.25978
545 0.00186856 0.0046208 0.457628
546 0.00783952 0.0044112 0.26337
547 0.00226772 0.00470609 0.450772
548 0.00766855 0.00470038 0.267489
549 0.00265662 0.00484009 0.442497
550 0.00748179 0.00499306 0.271943
551 0.00303773 0.00501086 0.432821
552 0.00728467 0.00527149 0.27674
553 0.00342075 0.0051732 0.421919
554 0.0070843 0.00553924 0.281529
555 0.0037835 0.00536584 0.410005
556 0.00687136 0.00579416 0.28681
557 0.00413285 0.00560119 0.396774
558 0.00664864 0.00605388 0.292174
559 0.00449334 0.00582388 0.382078
560 0.00642343 0.00631134 0.297444
561 0.00482596 0.00606932 0.366816
562 0.00616226 0.00654606 0.304559
563 0.00514335 0.00634636 0.350472
564 0.00589369 0.00674537 0.312504
565 0.00548334 0.00663312 0.331917
566 0.000940814 -0.00864702 0.34155
567 0.00191302 -0.00841368 0.340007
568 0.00157795 -0.00847142 0.341813
569 0.00125736 -0.0085629 0.341899
570 0.00225605 -0.00836102 0.337303
571 0.00256964 -0.00826742 0.33548
572 0.00287256 -0.00816888 0.333367
573 0.0031755 -0.00807287 0.330622
574 0.00349537 -0.00794351 0.327859
575 0.00378016 -0.00779545 0.325708
576 0.00406278 -0.00764738 0.323061
577 0.00434604 -0.00749419 0.319991
578 0.0013034 -0.00818711 0.351929
579 0.00463094 -0.00732485 0.316729
580 0.00131907 -0.0077911 0.362269
581 0.00490399 -0.00713934 0.313625
582 0.0013095 -0.00739792 0.372247
583 0.00516043 -0.00695131 0.310531
584 0.00129657 -0.00700813 0.381703
585 0.00541573 -0.00675856 0.307081
586 0.00129657 -0.00663415 0.390249
587 0.00567255 -0.00655236 0.303376
588 0.00129657 -0.00626016 0.398374
589 0.00591727 -0.00632912 0.299924
590 0.00129657 -0.00588618 0.406082
591 0.00614773 -0.00610027 0.296584
592 0.00129657 -0.0055122 0.413373
593 0.00636669 -0.00587645 0.293091
594 0.00129657 -0.00513821 0.420251
595 0.00659036 -0.00563238 0.289358
596 0.00129657 -0.00476423 0.426717
597 0.00679867 -0.00537472 0.285989
598 0.00129657 -0.00439024 0.432772
599 0.00699251 -0.00511151 0.282834
600 0.00129657 -0.00401626 0.438421
601 0.00717499 -0.0048534 0.279622
602 0.00129657 -0.00364228 0.443664
603 0.00736051 -0.00459389 0.27589
604 0.00129657 -0.00326829 0.448505
605 0.0075375 -0.00430146 0.272585
606 0.00129657 -0.00289431 0.452946
607 0.00767751 -0.00401379 0.270417
608 0.00129657 -0.00252033 0.456991
609 0.0078157 -0.00372871 0.267907
610 0.00129657 -0.00214634 0.460643
611 0.00795306 -0.00343324 0.265181
612 0.00129657 -0.00177236 0.463906
613 0.00808074 -0.0031281 0.262614
614 0.00129657 -0.00139837 0.466782
615 0.00818924 -0.00281683 0.260621
616 0.00129657 -0.00102439 0.469277
617 0.00828209 -0.00251408 0.258927
618 0.00129657 -0.000650407 0.471394
619 0.0083712 -0.00220885 0.257085
620 0.00129657 -0.000276423 0.473139
621 0.00845383 -0.00188494 0.255334
622 0.00129657 9.7561e-05 0.474515
623 0.0085185 -0.00155617 0.254117
624 0.00129657 0.000471545 0.475529
625 0.0085693 -0.00122819 0.253218
626 0.00129657 0.000845528 0.476186
627 0.00860906 -0.000913065 0.252466
628 0.00129657 0.00121951 0.476492
629 0.008653 -0.000596561 0.251174
630 0.00129657 0.0015935 0.476454
631 0.00867035 -0.000256053 0.250925
632 0.00129657 0.00196748 0.476078
633 0.00866076 6.12268e-05 0.251669
634 0.00129657 0.00234146 0.475372
635 0.00865359 0.000378855 0.251966
636 0.00129657 0.00271545 0.474344
637 0.00864717 0.000697283 0.251897
638 0.00129657 0.00308943 0.473003
639 0.00861615 0.00103904 0.252688
640 0.00132037 0.00347359 0.471081
641 0.00855705 0.00135455 0.254629
642 0.00133405 0.00383756 0.469043
643 0.00849739 0.00166797 0.256278
644 0.00843306 0.00198354 0.257821
645 0.0083537 0.00230533 0.259738
646 0.0082554 0.0026205 0.262293
647 0.00814985 0.00292047 0.264985
648 0.00803958 0.00322045 0.267582
649 0.00791684 0.00352627 0.270388
650 0.00777424 0.0038253 0.273874
651 0.00177529 0.00427882 0.461293
652 0.00762212 0.00411227 0.277609
653 0.00214929 0.00432584 0.455555
654 0.0074715 0.00438675 0.28111
655 0.00258827 0.00440019 0.447371
656 0.00730288 0.00467166 0.284989
657 0.00298389 0.00461474 0.437512
658 0.00711598 0.004946 0.289532
659 0.00337355 0.00478255 0.426867
660 0.00691849 0.00520853 0.29442
661 0.0038 0.00492531 0.414182
662 0.0067115 0.00546187 0.29959
663 0.004145 0.00520667 0.400982
664 0.00650366 0.00571535 0.304531
665 0.0044973 0.0054296 0.387002
666 0.00628663 0.00596916 0.309631
667 0.00490295 0.00562266 0.370351
668 0.00610486 0.0062353 0.312762
669 0.00519877 0.00594636 0.354596
670 0.00580214 0.00639069 0.322925
671 0.0055106 0.00620664 0.338125
672 0.00167835 -0.0080513 0.352317
673 0.00202133 -0.00810252 0.347204
674 0.00231795 -0.00800128 0.346174
675 0.00261277 -0.00789271 0.344806
676 0.00291789 -0.00780299 0.342224
677 0.00323218 -0.00775978 0.33771
678 0.00348712 -0.00756961 0.337587
679 0.00376631 -0.00742609 0.335275
680 0.00404297 -0.00727731 0.332626
681 0.00431907 -0.00713492 0.329324
682 0.00458677 -0.00696152 0.326461
683 0.00164717 -0.00760309 0.364207
684 0.00483581 -0.00677478 0.323915
685 0.00163695 -0.00720694 0.374052
686 0.00508554 -0.00658942 0.320838
687 0.0016208 -0.00682114 0.383241
688 0.00533694 -0.00640437 0.317224
689 0.0016208 -0.00644715 0.391568
690 0.0055817 -0.00620133 0.313723
691 0.0016208 -0.00607317 0.399477
692 0.00579909 -0.0059774 0.311087
693 0.0016208 -0.00569919 0.406969
694 0.00601685 -0.00575526 0.307957
695 0.0016208 -0.0053252 0.414045
696 0.00623453 -0.00553566 0.304343
697 0.0016208 -0.00495122 0.420708
698 0.00644798 -0.00530328 0.300685
699 0.0016208 -0.00457724 0.426959
700 0.0066294 -0.00504645 0.298245
701 0.0016208 -0.00420325 0.432801
702 0.00681012 -0.00478863 0.295437
703 0.0016208 -0.00382927 0.438235
704 0.0069897 -0.00453263 0.292234
705 0.0016208 -0.00345528 0.443264
706 0.00721462 -0.00430861 0.286251
707 0.0016208 -0.0030813 0.447891
708 0.0073079 -0.00400638 0.286564
709 0.0016208 -0.00270732 0.452119
710 0.00744646 -0.0037247 0.284295
711 0.0016208 -0.00233333 0.455951
712 0.00758036 -0.00344024 0.281888
713 0.0016208 -0.00195935 0.45939
714 0.00771753 -0.00316095 0.278911
715 0.0016208 -0.00158537 0.462441
716 0.00782954 -0.00286121 0.276912
717 0.0016208 -0.00121138 0.465105
718 0.00791762 -0.00256587 0.275625
719 0.0016208 -0.000837398 0.467389
720 0.00800674 -0.00227113 0.273952
721 0.0016208 -0.000463415 0.469295
722 0.0080961 -0.00197711 0.271933
723 0.0016208 -8.94309e-05 0.470829
724 0.00817618 -0.00165555 0.270186
725 0.0016208 0.000284553 0.471996
726 0.00821675 -0.0013379 0.269957
727 0.0016208 0.000658537 0.472801
728 0.00825622 -0.00102254 0.269433
729 0.0016208 0.00103252 0.473249
730 0.00828588 -0.000703824 0.26906
731 0.0016208 0.0014065 0.473347
732 0.00838914 -0.000412131 0.264681
733 0.0016208 0.00178049 0.473102
734 0.00833022 -0.000104306 0.268022
735 0.0016208 0.00215447 0.472519
736 0.00831903 0.000208656 0.268703
737 0.0016208 0.00252846 0.471608
738 0.00831401 0.000527247 0.268754
739 0.0016208 0.00290244 0.470376
740 0.008361 0.000840294 0.265916
741 0.00163659 0.00328429 0.468613
742 0.00825591 0.00113971 0.270323
743 0.00166846 0.0036667 0.46633
744 0.00819941 0.0014484 0.27199
745 0.00813753 0.00175643 0.273604
746 0.00808143 0.00206202 0.274635
747 0.00799321 0.00236852 0.276905
748 0.00788666 0.00266112 0.279834
749 0.00778163 0.00295368 0.282383
750 0.0076778 0.00324812 0.284549
751 0.00755455 0.00354129 0.28733
752 0.00740338 0.0038143 0.291308
753 0.00199756 0.0039165 0.460553
754 0.00725387 0.00408713 0.294909
755 0.00239217 0.00401303 0.453614
756 0.00710707 0.00435922 0.298103
757 0.00298419 0.00423672 0.440487
758 0.00694662 0.00463094 0.301636
759 0.00330818 0.00438667 0.431888
760 0.00675212 0.00487851 0.30673
761 0.00366819 0.00451798 0.421603
762 0.00655304 0.00512856 0.311716
763 0.00423677 0.0048152 0.40239
764 0.00634052 0.00538628 0.316903
765 0.00447834 0.00507715 0.391798
766 0.00612615 0.00565011 0.321819
767 0.00482161 0.00518246 0.378922
768 0.0058687 0.00596667 0.327435
769 0.00534358 0.0055827 0.354421
770 0.00272296 0.00403831 0.447293
771 0.00399675 0.00458045 0.411867
772 0.00515513 0.00529777 0.365449
773 0.00553516 0.00584923 0.342879
774 0.00199067 -0.00777323 0.356224
775 0.00232305 -0.00762305 0.355879
776 0.00267293 -0.00751017 0.35363
777 0.00309295 -0.00742642 0.348684
778 0.00344201 -0.00722128 0.347014
779 0.00374093 -0.00705814 0.344641
780 0.00402473 -0.00689666 0.341976
781 0.00430885 -0.0068158 0.33692
782 0.00451249 -0.00660006 0.336545
783 0.0019866 -0.00739872 0.365695
784 0.00475892 -0.00641112 0.334001
785 0.00196717 -0.00701483 0.375124
786 0.00501183 -0.0062295 0.330642
787 0.00194395 -0.00663124 0.384135
788 0.00527952 -0.00609555 0.325364
789 0.00194504 -0.00626016 0.392167
790 0.00545256 -0.0058555 0.324784
791 0.00194504 -0.00588618 0.39986
792 0.00566714 -0.00562908 0.322193
793 0.00194504 -0.0055122 0.407135
794 0.00588582 -0.00541153 0.318861
795 0.00194504 -0.00513821 0.413995
796 0.00612634 -0.00524386 0.313425
797 0.00194504 -0.00476423 0.420442
798 0.00626574 -0.00498545 0.312859
799 0.00194504 -0.00439024 0.426476
800 0.0064476 -0.00472166 0.310436
801 0.00194504 -0.00401626 0.4321
802 0.00664655 -0.00443974 0.307206
803 0.00194504 -0.00364228 0.437317
804 0.00689807 -0.00412011 0.301941
805 0.00194504 -0.00326829 0.442129
806 0.00194504 -0.00289431 0.446539
807 0.00705851 -0.00375238 0.30029
808 0.00194504 -0.00252033 0.45055
809 0.00720498 -0.00344533 0.297956
810 0.00194504 -0.00214634 0.454165
811 0.0073392 -0.00314514 0.295642
812 0.00194504 -0.00177236 0.457388
813 0.0075191 -0.00291094 0.290257
814 0.00194504 -0.00139837 0.460221
815 0.00755357 -0.00261661 0.291569
816 0.00194504 -0.00102439 0.462669
817 0.00763816 -0.00232112 0.290357
818 0.00194504 -0.000650407 0.464736
819 0.0077312 -0.00202811 0.288412
820 0.00194504 -0.000276423 0.466426
821 0.00787099 -0.00175464 0.283851
822 0.00194504 9.7561e-05 0.467743
823 0.00786641 -0.00144624 0.285867
824 0.00194504 0.000471545 0.468694
825 0.0079026 -0.00113087 0.285709
826 0.00194504 0.000845528 0.469282
827 0.00794775 -0.000788414 0.284891
828 0.00194504 0.00121951 0.469514
829 0.00802297 -0.000391451 0.282399
830 0.00194504 0.0015935 0.469396
831 0.00194504 0.00196748 0.468934
832 0.0079923 8.52985e-06 0.284331
833 0.00194504 0.00234146 0.468136
834 0.00797966 0.000388046 0.284943
835 0.00194504 0.00271545 0.467009
836 0.00799429 0.000803099 0.283768
837 0.00194999 0.00309202 0.465482
838 0.00197016 0.00348048 0.463371
839 0.00790422 0.00119492 0.287016
840 0.00783904 0.0015288 0.288858
841 0.00776799 0.00184952 0.290681
842 0.00777308 0.00214487 0.28876
843 0.00762574 0.00240237 0.293952
844 0.00751596 0.00269261 0.296872
845 0.00741609 0.00298778 0.298993
846 0.00736553 0.00328282 0.298571
847 0.00718612 0.00351809 0.304324
848 0.00703185 0.00378904 0.308283
849 0.00229787 0.00364108 0.457489
850 0.00688703 0.00406157 0.311515
851 0.00679687 0.00434045 0.312011
852 0.00330345 0.00399183 0.435072
853 0.00658958 0.00454881 0.318278
854 0.00360955 0.00414434 0.426322
855 0.00638647 0.00479513 0.323586
856 0.0061897 0.00505044 0.328235
857 0.00468429 0.00476038 0.38862
858 0.00596023 0.00530891 0.333958
859 0.00574502 0.00556509 0.33887
860 0.00265326 0.00371751 0.450749
861 0.00301278 0.00381947 0.442826
862 0.00396231 0.0042587 0.415825
863 0.00436008 0.0044071 0.402698
864 0.0051561 0.00489251 0.370639
865 0.00554288 0.00518887 0.352311
866 0.00235545 -0.00720111 0.365839
867 0.00277694 -0.0071472 0.360796
868 0.00313294 -0.00700516 0.358016
869 0.00344431 -0.00684121 0.355835
870 0.00375206 -0.00667431 0.353155
871 0.00411567 -0.0065072 0.348531
872 0.00441499 -0.0062546 0.346458
873 0.00470525 -0.006034 0.34329
874 0.00226174 -0.00680236 0.376367
875 0.00503688 -0.00581138 0.338328
876 0.00225869 -0.00643263 0.384607
877 0.00226927 -0.00607317 0.392046
878 0.00530348 -0.00552295 0.335751
879 0.00226927 -0.00569919 0.399521
880 0.00555924 -0.00526673 0.332304
881 0.00226927 -0.0053252 0.406579
882 0.0058496 -0.00499971 0.327295
883 0.00226927 -0.00495122 0.41322
884 0.00226927 -0.00457724 0.419447
885 0.00226927 -0.00420325 0.425262
886 0.00626984 -0.00439501 0.322011
887 0.00226927 -0.00382927 0.430667
888 0.00647573 -0.00409286 0.31872
889 0.00226927 -0.00345528 0.435663
890 0.00666949 -0.00376485 0.315675
891 0.00226927 -0.0030813 0.440255
892 0.00226927 -0.00270732 0.444444
893 0.00682932 -0.00344995 0.313254
894 0.00226927 -0.00233333 0.448234
895 0.00698328 -0.00314049 0.310546
896 0.00226927 -0.00195935 0.451628
897 0.00717982 -0.00277826 0.306149
898 0.00226927 -0.00158537 0.45463
899 0.00226927 -0.00121138 0.457241
900 0.0072695 -0.00239727 0.305777
901 0.00226927 -0.000837398 0.459467
902 0.00737315 -0.00205054 0.304061
903 0.00226927 -0.000463415 0.461312
904 0.00751062 -0.00167146 0.300633
905 0.00226927 -8.94309e-05 0.462779
906 0.00226927 0.000284553 0.463874
907 0.00754595 -0.00127352 0.30122
908 0.00226927 0.000658537 0.4646
909 0.00758966 -0.000919797 0.300782
910 0.00226927 0.00103252 0.464964
911 0.00763633 -0.000557769 0.299826
912 0.00226927 0.0014065 0.464972
913 0.0076555 -0.000185416 0.299688
914 0.00226927 0.00178049 0.464629
915 0.00226927 0.00215447 0.463942
916 0.00764906 0.000186349 0.300266
917 0.00226927 0.00252846 0.462919
918 0.00763688 0.000571408 0.300662
919 0.00226927 0.00290244 0.461563
920 0.00759881 0.000953898 0.301768
921 0.00226876 0.00326336 0.459954
922 0.007539 0.0013017 0.303509
923 0.00747925 0.00164171 0.304899
924 0.00742169 0.00204959 0.305466
925 0.00726621 0.0024089 0.31016
926 0.00714005 0.00275214 0.313243
927 0.00702297 0.00313309 0.315215
928 0.00682349 0.00347251 0.320628
929 0.00665105 0.0037907 0.324692
930 0.00648181 0.00414548 0.327844
931 0.00361813 0.0037552 0.429064
932 0.00600828 0.00470964 0.340279
933 0.0058595 0.00499313 0.342459
934 0.00606574 -0.00469002 0.324818
935 0.00254762 0.00341481 0.454422
936 0.00328615 0.0035961 0.438213
937 0.00623451 0.00445081 0.334372
938 0.00388609 0.00393958 0.420578
939 0.00499509 0.00453626 0.380391
940 0.00474626 0.00437608 0.390556
941 0.00290694 0.00339335 0.447692
942 0.00422868 0.00397106 0.410581
943 0.00560146 0.00471891 0.356156
944 0.00255525 -0.00689644 0.370059
945 0.00315529 -0.00662152 0.366308
946 0.00345836 -0.00646172 0.363966
947 0.0037688 -0.00628906 0.361118
948 0.00407187 -0.00608953 0.358335
949 0.00436051 -0.00586725 0.355698
950 0.00465443 -0.00564918 0.3522
951 0.00493432 -0.00541082 0.348812
952 0.00256991 -0.0062442 0.384225
953 0.00257387 -0.00588381 0.391551
954 0.00519014 -0.00516002 0.345723
955 0.00258048 -0.00551525 0.3986
956 0.00544347 -0.00490873 0.342141
957 0.0025935 -0.00513821 0.405296
958 0.0025935 -0.00476423 0.411718
959 0.0025935 -0.00439024 0.417724
960 0.0025935 -0.00401626 0.423316
961 0.00607985 -0.0040694 0.333525
962 0.0025935 -0.00364228 0.428497
963 0.00627005 -0.0037633 0.330765
964 0.0025935 -0.00326829 0.433269
965 0.00644778 -0.003446 0.328086
966 0.0025935 -0.00289431 0.437637
967 0.0025935 -0.00252033 0.441602
968 0.00660384 -0.00313896 0.325622
969 0.0025935 -0.00214634 0.445167
970 0.00675882 -0.00281765 0.3229
971 0.0025935 -0.00177236 0.448336
972 0.00689163 -0.00247577 0.320766
973 0.0025935 -0.00139837 0.451111
974 0.0025935 -0.00102439 0.453496
975 0.00699702 -0.00212411 0.319353
976 0.0025935 -0.000650407 0.455495
977 0.00710071 -0.00177129 0.31756
978 0.0025935 -0.000276423 0.457111
979 0.00718054 -0.00140983 0.316348
980 0.0025935 9.7561e-05 0.458349
981 0.0025935 0.000471545 0.459213
982 0.00723259 -0.00105716 0.315825
983 0.0025935 0.000845528 0.459709
984 0.0072751 -0.00070765 0.315293
985 0.0025935 0.00121951 0.459841
986 0.00730363 -0.000356916 0.314966
987 0.0025935 0.0015935 0.459615
988 0.00730851 -1.38215e-07 0.315275
989 0.0025935 0.00196748 0.459038
990 0.0025935 0.00234146 0.458116
991 0.00730205 0.000358457 0.315678
992 0.00260298 0.00272737 0.45664
993 0.00727617 0.000723692 0.316514
994 0.00259985 0.00309887 0.455101
995 0.00722985 0.00107829 0.317848
996 0.00717318 0.0014195 0.319287
997 0.00710786 0.00177089 0.320691
998 0.00700879 0.0021255 0.323132
999 0.00688496 0.00246771 0.326297
1000 0.00675839 0.00281458 0.32915
1001 0.0066077 0.00315293 0.332679
1002 0.00643356 0.00347446 0.336932
1003 0.00625713 0.00379128 0.340957
1004 0.00463364 0.0040468 0.397447
1005 0.00528529 0.00451884 0.37028
1006 0.00285023 -0.00677991 0.368094
1007 0.00256045 -0.00658761 0.376962
1008 0.00568653 -0.00464749 0.338468
1009 0.00589598 -0.00436694 0.335669
1010 0.00607504 0.00409369 0.345002
1011 0.00400858 0.00357314 0.420024
1012 0.00362883 0.00335634 0.43147
1013 0.00585875 0.00439643 0.350074
1014 0.00327284 0.00317439 0.441013
1015 0.00508375 0.00414675 0.38146
1016 0.002936 0.00295366 0.449337
1017 0.00316181 -0.00625498 0.374088
1018 0.00345516 -0.00609126 0.37182
1019 0.00374709 -0.00589756 0.369591
1020 0.00401918 -0.00569203 0.36744
1021 0.0042974 -0.00548605 0.36457
1022 0.00457243 -0.00527398 0.361303
1023 0.00483241 -0.00504018 0.358245
1024 0.00286835 -0.00606884 0.383116
1025 0.00288054 -0.00570729 0.390116
1026 0.00507904 -0.00479249 0.355238
1027 0.00289162 -0.0053401 0.396847
1028 0.00291119 -0.00496868 0.4031
1029 0.00292331 -0.00458925 0.409197
1030 0.00292232 -0.00421129 0.415067
1031 0.00291773 -0.00382927 0.420633
1032 0.00587748 -0.00374787 0.344908
1033 0.00291773 -0.00345528 0.425586
1034 0.00605798 -0.00344543 0.342356
1035 0.00291773 -0.0030813 0.430132
1036 0.00622426 -0.00314141 0.339853
1037 0.00291773 -0.00270732 0.434272
1038 0.00291773 -0.00233333 0.438009
1039 0.00637142 -0.00284215 0.337558
1040 0.00291773 -0.00195935 0.441345
1041 0.00650624 -0.00252437 0.335481
1042 0.00291773 -0.00158537 0.444284
1043 0.00662266 -0.00219426 0.333785
1044 0.00291773 -0.00121138 0.446828
1045 0.00291773 -0.000837398 0.448982
1046 0.0067217 -0.00185739 0.332394
1047 0.00291773 -0.000463415 0.450747
1048 0.00680708 -0.00151863 0.331136
1049 0.00291773 -8.94309e-05 0.452129
1050 0.00687294 -0.00117624 0.330274
1051 0.00291773 0.000284553 0.453131
1052 0.00291773 0.000658537 0.453758
1053 0.00691969 -0.000844271 0.329758
1054 0.00291773 0.00103252 0.454014
1055 0.00695318 -0.00050803 0.329437
1056 0.00291773 0.0014065 0.453905
1057 0.00697016 -0.000169468 0.32944
1058 0.00291773 0.00178049 0.453436
1059 0.00696848 0.000173122 0.329861
1060 0.00291773 0.00215447 0.452614
1061 0.0029334 0.00254392 0.451077
1062 0.00695154 0.000516501 0.330552
1063 0.00691889 0.000857854 0.331537
1064 0.00686997 0.00119302 0.332857
1065 0.00680866 0.00152297 0.334365
1066 0.00672797 0.0018518 0.336339
1067 0.00662804 0.0021835 0.338742
1068 0.0065071 0.00251718 0.341632
1069 0.00637198 0.00284544 0.344768
1070 0.00621939 0.00316491 0.348311
1071 0.00604297 0.00347179 0.352558
1072 0.00447461 0.00364263 0.40588
1073 0.00550595 0.00427489 0.364928
1074 0.00531475 -0.00452815 0.352269
1075 0.00569118 -0.00405196 0.347136
1076 0.00584812 0.00376368 0.357321
1077 0.0049313 0.00372577 0.390572
1078 0.00395476 0.00312244 0.42441
1079 0.00360589 0.00293991 0.434395
1080 0.00326727 0.00275394 0.443198
1081 0.00316782 -0.0055429 0.388161
1082 0.00371531 -0.00549874 0.377956
1083 0.00395398 -0.00530534 0.376161
1084 0.00422526 -0.00512773 0.372803
1085 0.0044898 -0.00491038 0.369769
1086 0.00473225 -0.00467272 0.367117
1087 0.00320786 -0.00518179 0.394034
1088 0.00325089 -0.00481551 0.399532
1089 0.00325391 -0.00442299 0.405787
1090 0.00325073 -0.00403388 0.411651
1091 0.00324196 -0.00364228 0.417208
1092 0.00567679 -0.00343582 0.355593
1093 0.00324196 -0.00326829 0.421933
1094 0.00584861 -0.00313002 0.353292
1095 0.00324196 -0.00289431 0.426249
1096 0.00600114 -0.00284964 0.350941
1097 0.00324196 -0.00252033 0.430159
1098 0.00324196 -0.00214634 0.433663
1099 0.00614462 -0.00255378 0.348665
1100 0.00324196 -0.00177236 0.436766
1101 0.00625524 -0.00224481 0.347316
1102 0.00324196 -0.00139837 0.439471
1103 0.00635238 -0.00192789 0.346145
1104 0.00324196 -0.00102439 0.441779
1105 0.00324196 -0.000650407 0.443695
1106 0.00643902 -0.00160668 0.34502
1107 0.00324196 -0.000276423 0.445221
1108 0.00651283 -0.00128332 0.344022
1109 0.00324196 9.7561e-05 0.446362
1110 0.00656599 -0.000966189 0.343437
1111 0.00324196 0.000471545 0.447121
1112 0.00324196 0.000845528 0.447503
1113 0.0066074 -0.000648418 0.342982
1114 0.00324196 0.00121951 0.447512
1115 0.00663161 -0.000324159 0.342893
1116 0.00324196 0.0015935 0.447152
1117 0.00663667 1.36419e-06 0.343233
1118 0.00324196 0.00196748 0.446429
1119 0.00662522 0.000328589 0.343905
1120 0.00325951 0.00234999 0.444939
1121 0.00660568 0.00065852 0.344568
1122 0.00656642 0.000982028 0.345697
1123 0.00651268 0.00129871 0.347105
1124 0.00644474 0.00161264 0.348779
1125 0.00635953 0.00192864 0.350821
1126 0.00625376 0.00224173 0.35337
1127 0.00613289 0.00255661 0.356179
1128 0.00599718 0.00286521 0.359281
1129 0.00585313 0.00316945 0.362413
1130 0.00556998 -0.00433896 0.346975
1131 0.00573316 0.00405194 0.358747
1132 0.0043437 0.00324668 0.412664
1133 0.0054016 0.00381572 0.37345
1134 0.00316618 -0.00589912 0.381288
1135 0.00498395 -0.00441162 0.364016
1136 0.00548358 -0.00375035 0.357997
1137 0.00563545 0.00347175 0.368018
1138 0.00476047 0.00332671 0.399319
1139 0.00390063 0.00272395 0.427988
1140 0.00358612 0.00254017 0.436722
1141 0.00358863 -0.00510012 0.387902
1142 0.00389252 -0.00493647 0.384019
1143 0.00418069 -0.0048055 0.379339
1144 0.00437406 -0.00455605 0.378534
1145 0.00358699 -0.00467017 0.395156
1146 0.00358599 -0.0042483 0.401734
1147 0.00357435 -0.00384506 0.407749
1148 0.00356619 -0.00345528 0.413043
1149 0.0054793 -0.00311599 0.365766
1150 0.00356619 -0.0030813 0.417537
1151 0.00562221 -0.00281442 0.364283
1152 0.00356619 -0.00270732 0.42162
1153 0.00582696 -0.00258475 0.359568
1154 0.00356619 -0.00233333 0.425294
1155 0.00356619 -0.00195935 0.428563
1156 0.00589573 -0.00228517 0.359887
1157 0.00356619 -0.00158537 0.431428
1158 0.00598963 -0.00198584 0.358975
1159 0.00356619 -0.00121138 0.433893
1160 0.00606931 -0.00167818 0.358281
1161 0.00356619 -0.000837398 0.43596
1162 0.00356619 -0.000463415 0.437633
1163 0.00615555 -0.0013765 0.35697
1164 0.00356619 -8.94309e-05 0.438914
1165 0.00621487 -0.00105951 0.356388
1166 0.00356619 0.000284553 0.439808
1167 0.0062525 -0.000764216 0.35621
1168 0.00356619 0.000658537 0.440317
1169 0.00356619 0.00103252 0.440446
1170 0.00629463 -0.000465891 0.355583
1171 0.00356619 0.0014065 0.440198
1172 0.00630987 -0.000152588 0.35571
1173 0.00357264 0.00178192 0.439426
1174 0.00629723 0.000158568 0.356597
1175 0.00357915 0.00215499 0.438284
1176 0.00629452 0.00047131 0.356809
1177 0.00626032 0.000789628 0.35792
1178 0.00620739 0.00108497 0.359487
1179 0.00616124 0.00138072 0.360528
1180 0.00608928 0.00168589 0.362251
1181 0.0059898 0.00198001 0.364776
1182 0.00589228 0.00228137 0.366912
1183 0.00576814 0.00258214 0.369756
1184 0.00563201 0.00286985 0.372831
1185 0.00528224 -0.00411319 0.359446
1186 0.00521515 0.00337385 0.383868
1187 0.00425427 0.0028545 0.417635
1188 0.00462344 -0.00432704 0.375447
1189 0.00529907 -0.00342376 0.367931
1190 0.00552061 0.00316587 0.374668
1191 0.00463059 0.00292474 0.406063
1192 0.00390931 0.00232403 0.429499
1193 0.00394023 -0.00449623 0.39011
1194 0.00391206 -0.00404862 0.397419
1195 0.00390537 -0.00365286 0.402978
1196 0.0038993 -0.00327158 0.407891
1197 0.00527681 -0.00279217 0.375633
1198 0.00389042 -0.00289431 0.412396
1199 0.00566255 0.00697717 0.317963
1200 0.00389042 -0.00252033 0.416243
1201 0.00496743 0.00303774 0.394617
1202 0.00389042 -0.00214634 0.419679
1203 0.00389042 -0.00177236 0.422706
1204 0.00560055 -0.0020718 0.371698
1205 0.00389042 -0.00139837 0.425328
1206 0.00569769 -0.00174496 0.370839
1207 0.00389042 -0.00102439 0.42755
1208 0.00577797 -0.00142446 0.370127
1209 0.00389042 -0.000650407 0.429371
1210 0.00389042 -0.000276423 0.430795
1211 0.00591524 -0.00116446 0.366717
1212 0.00389042 9.7561e-05 0.431826
1213 0.00589241 -0.000870249 0.368896
1214 0.00389042 0.000471545 0.432466
1215 0.00593295 -0.000577964 0.36853
1216 0.00389042 0.000845528 0.432717
1217 0.00389042 0.00121951 0.432586
1218 0.0060212 -0.0002959 0.366115
1219 0.0038931 0.0015933 0.432006
1220 0.00596392 -6.16492e-06 0.368766
1221 0.00595675 0.00030292 0.369339
1222 0.00600326 0.000606094 0.367646
1223 0.00589854 0.000884823 0.371265
1224 0.00583934 0.00117615 0.37294
1225 0.0058544 0.00146462 0.371665
1226 0.0057195 0.00172003 0.375728
1227 0.00562056 0.00201703 0.378072
1228 0.00557051 0.00232704 0.378327
1229 0.00538707 0.00258162 0.383374
1230 0.00486678 -0.00403691 0.372867
1231 0.00507895 -0.00373533 0.370756
1232 0.00527372 0.00293982 0.385018
1233 0.00417777 0.00252433 0.421437
1234 0.00425985 -0.00421667 0.386588
1235 0.00512463 -0.00310466 0.37698
1236 0.00391466 0.00196842 0.430569
1237 0.00452027 0.00254553 0.411517
1238 0.00423868 -0.00382755 0.392617
1239 0.00424682 -0.00346659 0.397104
1240 0.00422498 -0.0030851 0.402184
1241 0.00504183 -0.00251919 0.38552
1242 0.00423224 -0.00270235 0.406119
1243 0.00522344 -0.00216659 0.383065
1244 0.00423954 -0.00232919 0.409525
1245 0.00422939 -0.00195039 0.413007
1246 0.00422981 -0.00158168 0.415729
1247 0.00421895 -0.00121414 0.418342
1248 0.00540662 -0.00146979 0.382291
1249 0.00421465 -0.000837398 0.42044
1250 0.00548741 -0.00243044 0.372423
1251 0.00421465 -0.000463415 0.422013
1252 0.00422137 -0.000101312 0.422977
1253 0.00555012 -0.00110022 0.379637
1254 0.00422169 0.000271578 0.423751
1255 0.00557105 -0.000658447 0.380812
1256 0.00421964 0.000646891 0.424196
1257 0.00563876 -0.000272483 0.379708
1258 0.00421668 0.0010198 0.424273
1259 0.00421465 0.0014065 0.423918
1260 0.00561978 0.000145354 0.381097
1261 0.00562587 0.000568805 0.381142
1262 0.00553498 0.00097228 0.383987
1263 0.00548879 0.00138284 0.384838
1264 0.00521292 0.00218899 0.391376
1265 0.00452726 -0.00401475 0.382538
1266 0.00491815 -0.00339342 0.379773
1267 0.00497007 0.00261966 0.397169
1268 0.00429136 0.00217916 0.419768
1269 0.0048953 -0.00281011 0.386967
1270 0.00531426 -0.0018109 0.382973
1271 0.00422261 0.00177429 0.422926
1272 0.00533732 0.00177241 0.388839
1273 0.00464134 -0.0036726 0.384133
1274 0.00455866 -0.00327919 0.391225
1275 0.00453888 -0.00289431 0.396085
1276 0.00487117 -0.00224723 0.392982
1277 0.00462019 -0.00251869 0.39769
1278 0.00455662 -0.00212089 0.402968
1279 0.00458072 -0.00175174 0.405192
1280 0.00456605 -0.00139827 0.407974
1281 0.0045338 -0.0010307 0.410952
1282 0.00516306 -0.00116266 0.391771
1283 0.00453884 -0.000668964 0.412494
1284 0.00455125 -0.000306547 0.413449
1285 0.00455519 6.52311e-05 0.414276
1286 0.00455411 0.000434787 0.414843
1287 0.00523266 -0.000398857 0.392767
1288 0.00454682 0.000808242 0.415197
1289 0.00526106 -2.04544e-05 0.392781
1290 0.0045354 0.00119234 0.415264
1291 0.00525629 0.000361676 0.393435
1292 0.00522791 0.000731879 0.394425
1293 0.00516152 0.00111762 0.396228
1294 0.00480875 -0.00309493 0.386367
1295 0.00473935 0.00221304 0.406438
1296 0.00492108 -0.00193028 0.394133
1297 0.00522397 -0.000781785 0.391667
1298 0.00454793 0.00157739 0.414224
1299 0.00514278 0.00149473 0.396065
1300 0.00491109 0.00179943 0.40265
1301 0.0045417 0.00190493 0.413474
1302 0.0048276 -0.0012006 0.401669
1303 0.00486655 -0.000874837 0.402196
1304 0.00488356 -0.000528669 0.403105
1305 0.00490249 0.000210716 0.404359
1306 0.00489171 0.000579892 0.404995
1307 0.00486477 0.000959956 0.405725
1308 0.00496944 -0.00153919 0.395496
1309 0.00489502 -0.000158372 0.403877
1310 0.00482484 0.00138243 0.406365
1311 0.00207403 0.00778606 0.42248
1312 0.000985094 0.00637413 0.452204
1313 0.00260822 0.00757662 0.414277
1314 0.00347932 0.00796957 0.385881
1315 0.00372473 0.0068844 0.393117
1316 0.00343642 0.00668524 0.404282
1317 0.00314218 0.0065047 0.41444
1318 0.00399833 0.00709887 0.381242
1319 0.002837 0.00634196 0.423746
1320 0.00425851 0.00734239 0.368416
1321 0.00252265 0.00619552 0.432149
1322 0.00450636 0.00759597 0.354836
1323 0.00219748 0.00606698 0.439646
1324 0.0047641 0.00780322 0.340464
1325 0.00186708 0.00595618 0.446117
1326 0.00493266 0.00820456 0.325433
1327 0.00154118 0.00586156 0.451451
1328 0.00120118 0.00577996 0.45593
1329 0.000841442 0.00574476 0.45921
1330 0.000475674 0.00571145 0.461519
1331 0.00460643 0.00844345 0.336177
1332 0.0042922 0.00867003 0.346118
1333 0.00398004 0.00881983 0.356258
1334 0.00364184 0.00896478 0.366348
1335 0.000325169 0.00632612 0.456385
1336 0.00332058 0.00908867 0.375033
1337 0.000336788 0.00669444 0.452667
1338 0.00297262 0.00920835 0.383471
1339 0.000336788 0.00708333 0.448586
1340 0.00264312 0.00930828 0.390544
1341 0.000336788 0.00747222 0.444302
1342 0.00228729 0.00940205 0.397215
1343 0.000336788 0.00786111 0.439827
1344 0.00193939 0.00946816 0.402938
1345 0.000336788 0.00825 0.435171
1346 0.00159531 0.00953516 0.407489
1347 0.000336788 0.00863889 0.430347
1348 0.00125336 0.00959506 0.411041
1349 0.000344642 0.00904908 0.425048
1350 0.000911414 0.00962173 0.414011
1351 0.000334138 0.00948119 0.419355
1352 0.000291582 0.00600163 0.459564
1353 0.000616911 0.00968438 0.415221
1354 0.00341156 0.00705057 0.400315
1355 0.00366222 0.00724774 0.390149
1356 0.00310885 0.00685717 0.411036
1357 0.00283261 0.00670714 0.419652
1358 0.00391904 0.00747073 0.378588
1359 0.00254953 0.00655546 0.427659
1360 0.00418293 0.00771943 0.365428
1361 0.00223919 0.00642224 0.43518
1362 0.00449117 0.00802313 0.348445
1363 0.00192562 0.00632153 0.441552
1364 0.00160706 0.00622125 0.447136
1365 0.00128448 0.00613141 0.451792
1366 0.000989832 0.00603371 0.455423
1367 0.000661597 0.00611036 0.456986
1368 0.00428857 0.00832391 0.351748
1369 0.00399573 0.00845025 0.361241
1370 0.00368631 0.0085865 0.370315
1371 0.0033634 0.00872125 0.378911
1372 0.000662158 0.00651193 0.453063
1373 0.00303782 0.00883365 0.386885
1374 0.000668712 0.00688889 0.449151
1375 0.00271094 0.00893755 0.393995
1376 0.000668712 0.00727778 0.444949
1377 0.00238268 0.00903573 0.400197
1378 0.000668712 0.00766667 0.440549
1379 0.00204346 0.00911632 0.405856
1380 0.000668712 0.00805556 0.43596
1381 0.00169338 0.00917301 0.410942
1382 0.000668712 0.00844444 0.4312
1383 0.00137126 0.00924621 0.414379
1384 0.000685684 0.00883821 0.426098
1385 0.00105136 0.00932357 0.416796
1386 0.00070653 0.00925339 0.420535
1387 0.00311955 0.00716687 0.406864
1388 0.00332893 0.0074049 0.398059
1389 0.00357469 0.00761262 0.387871
1390 0.00281997 0.00707511 0.415548
1391 0.00253726 0.00693009 0.423645
1392 0.00382579 0.00783757 0.376453
1393 0.00228333 0.00674573 0.430793
1394 0.00407271 0.00807169 0.364143
1395 0.00197422 0.00669051 0.436861
1396 0.00164929 0.00658876 0.442814
1397 0.0013181 0.0064797 0.447985
1398 0.0037376 0.00820812 0.37407
1399 0.00341616 0.00834038 0.382646
1400 0.00308856 0.0084664 0.390542
1401 0.00100003 0.00670152 0.448769
1402 0.00276964 0.00856776 0.397564
1403 0.00101431 0.0070767 0.444661
1404 0.00245707 0.00866839 0.403514
1405 0.00102103 0.00746431 0.440277
1406 0.00213435 0.00876012 0.408901
1407 0.00100064 0.00786111 0.435838
1408 0.00180816 0.00883838 0.413598
1409 0.000999028 0.00825306 0.431107
1410 0.00140375 0.00884984 0.419254
1411 0.00102243 0.00864023 0.426053
1412 0.0010446 0.00898564 0.421374
1413 0.00293205 0.0074417 0.408309
1414 0.00322116 0.00773247 0.39677
1415 0.00254802 0.00727269 0.419369
1416 0.00212824 0.00710319 0.429675
1417 0.0017158 0.00699729 0.437494
1418 0.00134506 0.00685024 0.443828
1419 0.00314702 0.00808853 0.394061
1420 0.00281734 0.00818093 0.401556
1421 0.00251369 0.00828911 0.407266
1422 0.00138401 0.00725181 0.438975
1423 0.00220839 0.00840552 0.412102
1424 0.00137175 0.00765341 0.43449
1425 0.00190412 0.00848123 0.416645
1426 0.0013271 0.00805407 0.430192
1427 0.00160949 0.00857675 0.419953
1428 0.00131175 0.00846441 0.425262
1429 0.00248678 0.00788218 0.413149
1430 0.00222242 0.00751157 0.423084
1431 0.00179738 0.00744526 0.431196
1432 0.0022542 0.00809188 0.415202
1433 0.00195063 0.00814432 0.420145
1434 0.0016891 0.00787586 0.427627
1435 0.00161552 0.00823657 0.424213
1436 0.0028766 0.00782534 0.40475
1437 0.00322152 0.0129464 0.321348
1438 0.00304882 0.0126057 0.331562
1439 0.00454127 0.0141085 0.259377
1440 0.00260609 0.0119686 0.352651
1441 0.00462686 0.0162958 0.218949
1442 0.00486028 0.0160291 0.215459
1443 0.00508013 0.015749 0.212039
1444 0.00437225 0.0165545 0.222621
1445 0.00528583 0.0154472 0.208877
1446 0.00410773 0.0167971 0.226194
1447 0.00547798 0.0151425 0.205664
1448 0.00382733 0.0170177 0.229943
1449 0.00564676 0.0148279 0.202985
1450 0.00353751 0.0172276 0.233404
1451 0.00579513 0.0145045 0.200764
1452 0.00323362 0.0174219 0.236766
1453 0.00592814 0.0141691 0.198855
1454 0.00292074 0.0175919 0.240059
1455 0.00604202 0.0138323 0.197345
1456 0.00259749 0.0177445 0.243129
1457 0.00613537 0.0134904 0.196399
1458 0.00226914 0.0178859 0.245691
1459 0.00621115 0.0131352 0.196002
1460 0.00193618 0.018006 0.247975
1461 0.00626561 0.0127819 0.196247
1462 0.00158076 0.018098 0.250354
1463 0.00629745 0.0124257 0.197315
1464 0.0012259 0.0181742 0.25217
1465 0.00631232 0.0120687 0.198952
1466 0.000874919 0.0182409 0.253264
1467 0.0063074 0.0117105 0.201389
1468 0.000472737 0.0182886 0.254176
1469 0.00627896 0.011353 0.204927
1470 0.00623384 0.0109912 0.2093
1471 0.00616364 0.0106448 0.215097
1472 0.00607732 0.0102993 0.222039
1473 0.00031652 0.0177067 0.269257
1474 0.00596782 0.0099547 0.230881
1475 0.000338378 0.0173559 0.277652
1476 0.00585388 0.00961641 0.240721
1477 0.000339248 0.0169807 0.286443
1478 0.00569144 0.00927765 0.255539
1479 0.000326328 0.0165942 0.295274
1480 0.00550148 0.00892835 0.274767
1481 0.000326328 0.0162174 0.30358
1482 0.000326328 0.0158406 0.311646
1483 0.000326328 0.0154638 0.31948
1484 0.000326328 0.015087 0.327092
1485 0.00490447 0.00909233 0.310449
1486 0.000326328 0.0147101 0.33449
1487 0.00457781 0.00925073 0.324254
1488 0.000326328 0.0143333 0.341683
1489 0.00423116 0.00940567 0.337391
1490 0.000326328 0.0139565 0.34868
1491 0.0038902 0.00955811 0.348764
1492 0.000326328 0.0135797 0.355492
1493 0.00353515 0.00969039 0.35952
1494 0.000326328 0.0132029 0.362125
1495 0.00317504 0.00981223 0.369176
1496 0.000326328 0.0128261 0.368589
1497 0.00281203 0.00992238 0.377709
1498 0.000326328 0.0124493 0.374891
1499 0.00244125 0.0100205 0.385266
1500 0.000326328 0.0120725 0.381039
1501 0.00206887 0.0101039 0.39173
1502 0.000326328 0.0116957 0.38704
1503 0.00169221 0.0101763 0.39712
1504 0.000326328 0.0113188 0.392901
1505 0.00130208 0.010235 0.401568
1506 0.000336982 0.010925 0.398833
1507 0.000884205 0.0102829 0.405041
1508 0.000289249 0.0105934 0.403923
1509 0.00040647 0.0102717 0.408181
1510 0.000279372 0.0180061 0.261957
1511 0.00515934 0.00891664 0.299139
1512 0.00449184 0.0159476 0.230222
1513 0.00426225 0.0161986 0.233229
1514 0.00470726 0.0156875 0.227251
1515 0.0049123 0.015411 0.224333
1516 0.00401505 0.0164331 0.236471
1517 0.00509956 0.0151218 0.221713
1518 0.0037598 0.0166513 0.239606
1519 0.00527027 0.0148284 0.219258
1520 0.00349202 0.016862 0.242559
1521 0.00542299 0.0145252 0.217169
1522 0.00320738 0.0170497 0.24572
1523 0.00555761 0.0142126 0.215493
1524 0.00291863 0.017218 0.248668
1525 0.00567175 0.0138934 0.214359
1526 0.00261419 0.0173717 0.251527
1527 0.00577289 0.0135715 0.213412
1528 0.00230254 0.0175047 0.254207
1529 0.00585405 0.0132404 0.213098
1530 0.00198946 0.0176294 0.256319
1531 0.00591469 0.0129057 0.21345
1532 0.00166999 0.0177437 0.25797
1533 0.00595662 0.0125724 0.214395
1534 0.00131243 0.0178042 0.260524
1535 0.00598223 0.012233 0.215932
1536 0.00096576 0.0178577 0.262219
1537 0.00598312 0.0118926 0.218544
1538 0.000626125 0.0179341 0.262415
1539 0.00596759 0.0115596 0.221823
1540 0.00593301 0.0112209 0.226104
1541 0.00587321 0.0108845 0.231839
1542 0.00579537 0.0105516 0.238792
1543 0.00570615 0.0102184 0.246777
1544 0.000672252 0.0175772 0.270945
1545 0.00559513 0.00988926 0.256696
1546 0.000689124 0.0171941 0.279974
1547 0.00552093 0.00956647 0.26483
1548 0.000668476 0.0167961 0.289269
1549 0.00527647 0.00930628 0.284982
1550 0.000652028 0.0164058 0.298089
1551 0.000652028 0.016029 0.306261
1552 0.000652028 0.0156522 0.314197
1553 0.000652028 0.0152754 0.321904
1554 0.000652028 0.0148986 0.329392
1555 0.00490125 0.00946257 0.30464
1556 0.000652028 0.0145217 0.336671
1557 0.00454805 0.00962106 0.320055
1558 0.000652028 0.0141449 0.34375
1559 0.00420878 0.00979075 0.33268
1560 0.000652028 0.0137681 0.350639
1561 0.00383415 0.00992875 0.345519
1562 0.000652028 0.0133913 0.357346
1563 0.00345835 0.0100549 0.356855
1564 0.000652028 0.0130145 0.363881
1565 0.00308891 0.0101789 0.366467
1566 0.000652028 0.0126377 0.37025
1567 0.00270945 0.010282 0.375192
1568 0.000652028 0.0122609 0.376462
1569 0.0023297 0.0103809 0.382551
1570 0.000652028 0.0118841 0.382522
1571 0.00194116 0.0104631 0.388912
1572 0.000653301 0.0115005 0.388534
1573 0.00154839 0.010527 0.394196
1574 0.000665322 0.0110988 0.394615
1575 0.00113487 0.010585 0.398381
1576 0.000674672 0.010639 0.40143
1577 0.0043416 0.0156087 0.241606
1578 0.00414263 0.0158546 0.24367
1579 0.0039109 0.0160909 0.246417
1580 0.00454623 0.0153657 0.238737
1581 0.00473952 0.0150855 0.236351
1582 0.00366903 0.0162927 0.249528
1583 0.00489989 0.0148105 0.23461
1584 0.0034314 0.0164992 0.251804
1585 0.00505469 0.0145332 0.232642
1586 0.00316349 0.0166928 0.254514
1587 0.00519967 0.0142392 0.230839
1588 0.00289418 0.0168528 0.257312
1589 0.0053059 0.013938 0.23038
1590 0.00261745 0.0170069 0.25973
1591 0.0054079 0.0136351 0.229739
1592 0.00231304 0.0171305 0.262665
1593 0.00550659 0.0133312 0.228871
1594 0.00201321 0.0172466 0.264947
1595 0.00556939 0.013006 0.22956
1596 0.00172375 0.0173834 0.265871
1597 0.00561154 0.0126977 0.230795
1598 0.00143125 0.0175037 0.266515
1599 0.0056514 0.012383 0.231954
1600 0.00106284 0.0174453 0.271483
1601 0.00566343 0.0120579 0.23438
1602 0.00564679 0.0117416 0.238111
1603 0.00563295 0.0114262 0.241606
1604 0.00558498 0.0111048 0.247007
1605 0.00550787 0.0107912 0.254135
1606 0.00543114 0.01047 0.261565
1607 0.00533158 0.0101292 0.270953
1608 0.00520605 0.00974484 0.283115
1609 0.00102274 0.0170075 0.282049
1610 0.000996553 0.0166054 0.291374
1611 0.000977728 0.0162174 0.30005
1612 0.000977728 0.0158406 0.308081
1613 0.000977728 0.0154638 0.315878
1614 0.000977728 0.015087 0.323449
1615 0.000977728 0.0147101 0.330805
1616 0.00484081 0.00978706 0.303057
1617 0.000977728 0.0143333 0.337958
1618 0.00457507 0.0100341 0.312897
1619 0.000977728 0.0139565 0.344916
1620 0.00415397 0.0101725 0.329521
1621 0.000977728 0.0135797 0.35169
1622 0.00376235 0.0103065 0.342764
1623 0.000977728 0.0132029 0.358287
1624 0.00337355 0.0104359 0.354148
1625 0.000977728 0.0128261 0.364717
1626 0.00299157 0.0105531 0.363844
1627 0.000977728 0.0124493 0.370988
1628 0.00259512 0.0106578 0.372562
1629 0.000977728 0.0120725 0.377107
1630 0.00220295 0.0107481 0.379838
1631 0.000977728 0.0116957 0.383078
1632 0.00180469 0.0108299 0.385868
1633 0.000978025 0.0113236 0.388828
1634 0.00141616 0.0108768 0.390829
1635 0.00101701 0.0109391 0.394297
1636 0.00418364 0.0152767 0.25288
1637 0.00397272 0.0155138 0.255454
1638 0.0038336 0.0157836 0.254648
1639 0.00357406 0.0159416 0.259182
1640 0.00442421 0.0150725 0.248094
1641 0.00453625 0.0147803 0.248962
1642 0.00332178 0.0161328 0.262193
1643 0.00468379 0.0145072 0.247774
1644 0.00313911 0.0163767 0.261738
1645 0.00488008 0.0142701 0.243621
1646 0.0028564 0.0164887 0.265987
1647 0.00494335 0.0139713 0.245418
1648 0.00259575 0.0166463 0.268103
1649 0.00503783 0.0136776 0.245518
1650 0.00234218 0.0168015 0.269499
1651 0.00514059 0.0133879 0.244857
1652 0.00202824 0.0168329 0.274127
1653 0.00527113 0.0131128 0.242372
1654 0.00170989 0.0170087 0.274737
1655 0.00525932 0.0128068 0.246572
1656 0.00137689 0.0171754 0.274858
1657 0.0052983 0.0125036 0.248166
1658 0.00538247 0.0122098 0.247212
1659 0.00532147 0.0119099 0.253403
1660 0.00530584 0.0116057 0.257321
1661 0.00533716 0.0113033 0.258723
1662 0.00521132 0.0110272 0.26825
1663 0.00513991 0.0107172 0.275405
1664 0.00507916 0.0104006 0.282291
1665 0.00497282 0.0100766 0.292107
1666 0.0013497 0.0168033 0.283677
1667 0.00132366 0.0164112 0.292666
1668 0.00132821 0.0160306 0.300818
1669 0.00133144 0.0156587 0.308559
1670 0.00131898 0.0152806 0.316368
1671 0.00130343 0.0148986 0.32407
1672 0.00130343 0.0145217 0.331288
1673 0.00130343 0.0141449 0.338307
1674 0.00444902 0.0104256 0.313227
1675 0.00130343 0.0137681 0.345137
1676 0.00407238 0.0105596 0.327377
1677 0.00130343 0.0133913 0.351789
1678 0.00367466 0.0106838 0.340528
1679 0.00130343 0.0130145 0.358271
1680 0.00328149 0.0108209 0.351489
1681 0.00130343 0.0126377 0.364592
1682 0.00287892 0.0109251 0.361503
1683 0.00130343 0.0122609 0.370761
1684 0.00248339 0.0110318 0.369674
1685 0.00131562 0.0118783 0.37673
1686 0.00207453 0.011116 0.376896
1687 0.00131773 0.0115018 0.382577
1688 0.00165122 0.0112347 0.382245
1689 0.00127702 0.0111754 0.388014
1690 0.00476689 0.0103164 0.299586
1691 0.00381741 0.0151849 0.266265
1692 0.00193205 0.016419 0.284662
1693 0.00356028 0.0155311 0.267507
1694 0.00322551 0.0157876 0.271548
1695 0.00232313 0.0117551 0.362252
1696 0.00430925 0.0144855 0.261947
1697 0.00290739 0.0160787 0.273423
1698 0.00420776 0.0111665 0.313494
1699 0.00411782 0.0148569 0.262413
1700 0.00252821 0.0162682 0.277547
1701 0.00466123 0.0137313 0.260266
1702 0.00224841 0.0164896 0.278005
1703 0.00477774 0.0134019 0.260177
1704 0.00490475 0.0130376 0.25969
1705 0.00166497 0.0166116 0.284248
1706 0.0049463 0.0126132 0.26319
1707 0.00500514 0.0121968 0.265535
1708 0.00497872 0.0117751 0.271663
1709 0.00496867 0.0113637 0.276916
1710 0.00483575 0.0109756 0.287971
1711 0.00477425 0.0106288 0.295254
1712 0.00166398 0.0162122 0.292966
1713 0.00169805 0.0158555 0.300034
1714 0.00167676 0.0154762 0.308092
1715 0.00165248 0.0150941 0.316015
1716 0.00162913 0.0147101 0.323743
1717 0.00162913 0.0143333 0.330813
1718 0.00162913 0.0139565 0.337691
1719 0.00440961 0.0108424 0.309435
1720 0.00162913 0.0135797 0.344387
1721 0.00397559 0.0109225 0.326126
1722 0.00162913 0.0132029 0.350911
1723 0.00357986 0.011075 0.338202
1724 0.00162913 0.0128261 0.357273
1725 0.00318288 0.0112001 0.348938
1726 0.00162913 0.0124493 0.36348
1727 0.0027855 0.0112971 0.358448
1728 0.0016442 0.0120714 0.369339
1729 0.00238889 0.0113917 0.366392
1730 0.00166147 0.0116699 0.375394
1731 0.0019928 0.0115019 0.372557
1732 0.00366669 0.0148305 0.277162
1733 0.00341858 0.0151328 0.278852
1734 0.00389176 0.0145098 0.275686
1735 0.00311378 0.0153995 0.281894
1736 0.00280685 0.0156507 0.284284
1737 0.00410162 0.0141728 0.274247
1738 0.00248536 0.0158824 0.286393
1739 0.0042665 0.0138159 0.273993
1740 0.00209435 0.0160854 0.289298
1741 0.00439236 0.0134675 0.274517
1742 0.00449975 0.0131215 0.275301
1743 0.00457768 0.0127595 0.277105
1744 0.00463361 0.0123847 0.279719
1745 0.00463308 0.0119906 0.284771
1746 0.00460123 0.0116233 0.290831
1747 0.0045481 0.0112462 0.29798
1748 0.00270912 0.015258 0.294098
1749 0.00201326 0.0152879 0.306824
1750 0.00197961 0.0149035 0.314835
1751 0.00195483 0.0145217 0.322444
1752 0.00195483 0.0141449 0.32936
1753 0.00195483 0.0137681 0.336091
1754 0.00195483 0.0133913 0.342645
1755 0.00387392 0.0113283 0.324219
1756 0.00195483 0.0130145 0.349037
1757 0.00348884 0.0114814 0.335347
1758 0.00196984 0.0126471 0.354859
1759 0.0030816 0.0115792 0.346269
1760 0.00197796 0.0122802 0.360648
1761 0.00269122 0.0116535 0.355451
1762 0.0019857 0.0119023 0.366489
1763 0.00346795 0.0144796 0.289127
1764 0.0032601 0.014764 0.289846
1765 0.00300913 0.0150372 0.291306
1766 0.00369475 0.0141781 0.287442
1767 0.00206569 0.0156774 0.298177
1768 0.00240362 0.0154749 0.296168
1769 0.00387357 0.0138566 0.286953
1770 0.00401263 0.0135296 0.287368
1771 0.00411951 0.0131926 0.288655
1772 0.00419927 0.0128599 0.290557
1773 0.00425691 0.0125237 0.293091
1774 0.0043563 0.0121939 0.293648
1775 0.00425132 0.0118737 0.302226
1776 0.00421496 0.011509 0.308615
1777 0.0023334 0.015089 0.305034
1778 0.00229627 0.0147106 0.312909
1779 0.00229287 0.0143437 0.319733
1780 0.00228824 0.0139714 0.326496
1781 0.00228053 0.0135797 0.333481
1782 0.00228707 0.0132151 0.339551
1783 0.0038307 0.011783 0.319416
1784 0.002298 0.0128405 0.345553
1785 0.00337055 0.0118849 0.33321
1786 0.00232786 0.0124797 0.350798
1787 0.00294984 0.0119542 0.344244
1788 0.00232415 0.012137 0.356303
1789 0.00302461 0.0144079 0.30237
1790 0.00330831 0.0141639 0.299044
1791 0.00292048 0.0147261 0.299162
1792 0.00264741 0.0148975 0.302271
1793 0.00350314 0.013865 0.298416
1794 0.00363904 0.0135629 0.299163
1795 0.00376331 0.0132559 0.299978
1796 0.00384135 0.0129154 0.302513
1797 0.00390958 0.0125746 0.305188
1798 0.00401122 0.0121961 0.306949
1799 0.00263525 0.0145345 0.309244
1800 0.00263319 0.0141857 0.315551
1801 0.00260769 0.0138035 0.32279
1802 0.00261921 0.0134238 0.328998
1803 0.002621 0.0130542 0.335081
1804 0.00363056 0.0122217 0.319887
1805 0.00265799 0.0126702 0.34047
1806 0.00320596 0.0122754 0.332261
1807 0.00273276 0.0123181 0.344285
1808 0.00291863 0.0140229 0.311706
1809 0.00326792 0.0135666 0.31013
1810 0.00339803 0.0132876 0.310886
1811 0.00353658 0.0130128 0.310953
1812 0.00350814 0.0126548 0.317386
1813 0.0029227 0.0136442 0.318043
1814 0.00298513 0.0132543 0.322922
1815 0.00290043 0.0128953 0.330842
1816 0.00318461 0.0138521 0.307672
