1 1.53081e-18 -0.025 8.85787
2 1.02054e-18 0.0133333 4.99158
3 1.53081e-18 0.025 5.72
4 1.02054e-18 0.0466667 8.9328
5 0.0146855 0.0378813 9.15425
6 0.0239236 -0.00725686 9.17028
7 0.0138888 0.020787 8.32318
8 0 0.0107778 4.91592
9 0 0.00822222 4.8669
10 0 0.00566667 4.85743
11 0 0.00311111 4.89188
12 0 0.000555556 4.9718
13 0 -0.002 5.10016
14 0 -0.00455556 5.27971
15 0 -0.00711111 5.51289
16 0 -0.00966667 5.80174
17 0 -0.0122222 6.14771
18 0 -0.0147778 6.55477
19 0 -0.0173333 7.02688
20 0 -0.0198889 7.56421
21 0 -0.0224444 8.15923
22 0.0245198 -0.00487655 9.1844
23 0.0248797 -0.00244991 9.19288
24 0.025 2.38698e-07 9.19569
25 0.0248796 0.00245083 9.19243
26 0.0245195 0.00487785 9.1835
27 0.0239233 0.00725766 9.16848
28 0.0230969 0.00956731 9.148
29 0.0220479 0.0117851 9.12209
30 0.0207865 0.0138896 9.09035
31 0.0193249 0.0158603 9.0526
32 0.0176775 0.0176779 9.00686
33 0.0158598 0.0193253 8.62345
34 0.0124588 0.0189295 7.36953
35 0.0107834 0.0172919 6.66065
36 0.00889448 0.0159051 6.08744
37 0.00682901 0.0147966 5.63804
38 0.00462924 0.0139891 5.31224
39 0.00233838 0.0134982 5.10427
40 0.00245088 -0.0248796 8.88452
41 0.00487751 -0.0245196 8.89678
42 0.00725709 -0.0239235 8.91199
43 0.00956721 -0.0230969 8.93162
44 0.0117852 -0.0220479 8.95561
45 0.0138895 -0.0207866 8.98263
46 0.0158598 -0.0193253 9.012
47 0.0176776 -0.0176777 9.04233
48 0.0193253 -0.0158597 9.07251
49 0.0207869 -0.013889 9.10153
50 0.022048 -0.0117849 9.12805
51 0.0230969 -0.00956726 9.15129
52 0 0.0226667 5.52413
53 0 0.0203333 5.35601
54 0 0.018 5.20482
55 0 0.0156667 5.08224
56 0.0117845 0.0220483 7.39512
57 0.00956683 0.0230971 6.77573
58 0.00725686 0.0239236 6.32932
59 0.00487701 0.0245197 6.0199
60 0.00245042 0.0248796 5.82625
61 0.0133019 0.0400418 9.12007
62 0.0116044 0.0419631 9.08308
63 0.00963179 0.0436017 9.04423
64 0.00743022 0.0449188 9.01014
65 0.00505362 0.045882 8.98373
66 0.00255794 0.0464692 8.9649
67 0.0151382 0.0230278 9.11414
68 0.0160285 0.0254321 9.17352
69 0.0165395 0.0279451 9.20462
70 0.0166589 0.0305077 9.20388
71 0.0163839 0.0330573 9.19961
72 0.0157211 0.035534 9.1818
73 0 0.0442593 8.38991
74 0 0.0418519 7.91453
75 0 0.0394444 7.49444
76 0 0.037037 7.11587
77 0 0.0346296 6.774
78 0 0.0322222 6.46654
79 0 0.0298148 6.19115
80 0 0.0274074 5.94549
81 0.0129194 0.00570985 6.36137
82 0.0129542 -0.00479147 6.52618
83 0.0179047 -0.00536753 7.53453
84 0.00805299 -0.0144891 6.9826
85 0.00557128 -0.0223917 8.39835
86 0.00327196 -0.0224095 8.2725
87 0.0074988 -0.0214244 8.31558
88 0.00962504 -0.0205655 8.33755
89 0.0116065 -0.0194954 8.35528
90 0.00234912 -0.0184591 7.33393
91 0.0135167 -0.0182217 8.37983
92 0.00252061 -0.0160567 6.87014
93 0.0152323 -0.016768 8.39693
94 0.00242361 -0.013528 6.43186
95 0.0168713 -0.0153093 8.45623
96 0.00221318 -0.0109444 6.04245
97 0.0183305 -0.0135463 8.48471
98 0.00221318 -0.00838889 5.72567
99 0.0194699 -0.0116373 8.47873
100 0.00221318 -0.00583333 5.46616
101 0.0204962 -0.00963215 8.49048
102 0.00221318 -0.00327778 5.26191
103 0.0214437 -0.00766579 8.54174
104 0.00221318 -0.000722222 5.11059
105 0.0220958 -0.00548609 8.55384
106 0.00221318 0.00183333 5.00952
107 0.0224434 -0.00332876 8.54057
108 0.00221318 0.00438889 4.95567
109 0.0226593 -0.00110546 8.54316
110 0.00224111 0.00705731 4.94844
111 0.0227666 0.00110157 8.57065
112 0.00216694 0.00958205 4.97719
113 0.0225443 0.00340901 8.56455
114 0.0017108 0.0117529 5.00995
115 0.0220424 0.00552833 8.52915
116 0.0214504 0.00768697 8.52434
117 0.00397139 0.0116189 5.151
118 0.0205372 0.00972728 8.47696
119 0.00643979 0.0125484 5.46509
120 0.0195639 0.0117018 8.45585
121 0.00880381 0.0136484 5.91791
122 0.0182839 0.0136091 8.39099
123 0.0110444 0.0150795 6.53547
124 0.0166286 0.0151681 8.18529
125 0.0128872 0.0167712 7.25029
126 0.0153115 0.0168751 8.03525
127 0.0140945 0.0184953 7.92414
128 0.00207895 -0.0205309 7.77692
129 0.00503812 -0.0199084 7.77945
130 0.00743629 -0.0190883 7.7895
131 0.00945931 -0.0182004 7.81609
132 0.0113275 -0.0171428 7.84516
133 0.00506016 -0.0175256 7.28259
134 0.0129632 -0.01577 7.83527
135 0.00511255 -0.0148124 6.7836
136 0.0145448 -0.0143291 7.85888
137 0.00446287 -0.0121354 6.32153
138 0.0162006 -0.0132389 8.00362
139 0.00440698 -0.00966667 5.98672
140 0.0170733 -0.0114224 7.9286
141 0.00440698 -0.00711111 5.70181
142 0.0180292 -0.00952116 7.91026
143 0.00440698 -0.00455556 5.47417
144 0.0189876 -0.00762301 7.94455
145 0.00440698 -0.002 5.30161
146 0.0200526 -0.00603768 8.07709
147 0.00440698 0.000555556 5.18168
148 0.0200645 -0.00415034 7.96924
149 0.00440698 0.00311111 5.11159
150 0.0203075 -0.00203982 7.95183
151 0.00443244 0.00582827 5.09072
152 0.0205306 7.35007e-05 7.97956
153 0.00448229 0.00867172 5.12282
154 0.0208485 0.00207272 8.08092
155 0.0201538 0.00395344 7.95778
156 0.0196781 0.00592222 7.93671
157 0.0189798 0.00790317 7.90392
158 0.0180819 0.009706 7.84345
159 0.0087353 0.0112916 5.77336
160 0.0173967 0.0116155 7.8812
161 0.0111015 0.0126353 6.34502
162 0.0157915 0.0128653 7.60908
163 0.0137217 0.0143972 7.20299
164 0.00636188 0.0101317 5.36133
165 0.013308 0.0116196 6.80919
166 0.0073715 -0.0167425 7.31577
167 0.00937774 -0.0161915 7.42535
168 0.0106271 -0.01479 7.3328
169 0.0121501 -0.0132422 7.30082
170 0.00647512 -0.0128934 6.58405
171 0.0142882 -0.0116797 7.42791
172 0.00670477 -0.0108282 6.30937
173 0.00660078 -0.00838889 6.0055
174 0.0154921 -0.00934836 7.37346
175 0.00660078 -0.00583333 5.75547
176 0.0165384 -0.00725023 7.38017
177 0.00660078 -0.00327778 5.56283
178 0.00660078 -0.000722222 5.42561
179 0.0178521 -0.00304753 7.40428
180 0.00660078 0.00183333 5.34136
181 0.00664058 0.00452309 5.31116
182 0.0181223 -0.000755107 7.40544
183 0.00660878 0.00728581 5.32515
184 0.0183875 0.00181435 7.46449
185 0.0177182 0.0042833 7.37339
186 0.0175727 0.00626538 7.43856
187 0.0164659 0.00790998 7.28059
188 0.0153922 0.0101228 7.20276
189 0.0109488 0.0101431 6.14696
190 0.00878047 0.00867381 5.67307
191 0.0129698 0.00938051 6.55562
192 0.00922481 -0.0123779 6.78033
193 0.0115095 -0.0109138 6.88489
194 0.0132424 -0.0094459 6.98384
195 0.00902401 -0.00966872 6.40356
196 0.00879459 -0.00711111 6.1046
197 0.0137416 -0.00706354 6.82962
198 0.00879459 -0.00455556 5.89211
199 0.00879459 -0.002 5.73729
200 0.00879459 0.000555556 5.64059
201 0.0158028 -0.00196638 6.92611
202 0.00881851 0.00323107 5.60052
203 0.0089024 0.00589372 5.62445
204 0.0158934 0.000427906 6.90021
205 0.0157065 0.00274878 6.87138
206 0.0152254 0.0054055 6.84209
207 0.0154047 -0.00459723 6.96113
208 0.0140695 0.00766995 6.69871
209 0.0112791 0.00737998 6.08246
210 0.0111966 -0.00825744 6.5354
211 0.0109976 -0.00341925 6.12385
212 0.0113003 -0.000719706 6.0502
213 0.0110499 0.00201561 5.95878
214 0.0138652 -0.00077331 6.51106
215 0.0109737 0.00457726 5.95565
216 0.0133387 0.00119147 6.37791
217 0.0131841 0.00349963 6.3579
218 0.0111213 -0.00593721 6.31424
219 0.0132667 -0.00273126 6.46545
220 0.0044294 0.0183473 5.52599
221 0.00617389 0.0197566 5.84354
222 0.00405858 0.0206814 5.6404
223 0.00386706 0.0228622 5.78349
224 0.00667185 0.0173422 5.76364
225 0.00835934 0.0186777 6.16497
226 0.00500312 0.0163326 5.47586
227 0.00999892 0.0201666 6.67324
228 0.00262059 0.0163237 5.25104
229 0.00782331 0.0213202 6.24442
230 0.00218001 0.019215 5.39069
231 0.00575293 0.0222191 5.95842
232 0.00201918 0.0218669 5.56292
233 0.00642117 0.0338408 7.14285
234 0.00639612 0.0313734 6.86161
235 0.00594524 0.0360088 7.36508
236 0.0065057 0.0379797 7.70538
237 0.0110472 0.0397759 8.65579
238 0.0091922 0.0409557 8.52613
239 0.011992 0.0377672 8.56559
240 0.00730474 0.0423114 8.50278
241 0.0130483 0.0357714 8.57391
242 0.00538478 0.043415 8.51359
243 0.0138262 0.0336193 8.57945
244 0.00276587 0.0434767 8.341
245 0.014298 0.0314878 8.57976
246 0.0147641 0.0293641 8.64884
247 0.0136748 0.0269628 8.28605
248 0.0134257 0.0239966 8.20046
249 0.0023358 0.0406457 7.79516
250 0.00210573 0.0382361 7.38383
251 0.00208488 0.0358333 7.02481
252 0.00208488 0.0334259 6.70237
253 0.00911563 0.0256948 6.85192
254 0.00208488 0.0310185 6.4131
255 0.00666021 0.0262991 6.41772
256 0.00206338 0.028609 6.15274
257 0.00399656 0.0268489 6.12297
258 0.00172119 0.0266103 5.9396
259 0.0114035 0.0249137 7.44258
260 0.00815673 0.0302593 7.0354
261 0.00917814 0.0382418 8.11325
262 0.00694004 0.0400236 8.07069
263 0.0104355 0.0356402 8.01291
264 0.00474106 0.0413387 8.07292
265 0.011597 0.0339543 8.08581
266 0.0118606 0.0319191 7.97572
267 0.0126141 0.0295562 8.03382
268 0.0110011 0.0275699 7.46532
269 0.00418297 0.0370349 7.33453
270 0.00415167 0.0347089 7.00888
271 0.0042367 0.0323286 6.72093
272 0.00870433 0.0280699 6.94678
273 0.00420466 0.0297421 6.43076
274 0.00447011 0.0392052 7.69085
275 0.0062833 0.0287257 6.57815
276 0.00806898 0.0359118 7.63397
277 0.009007 0.0329278 7.44337
278 0.0102821 0.0301612 7.46705
