0 1.35712e-153 1.43171e-153 0.90023
1 0 0.0458831 0.856763
2 0.018 0.0087178 0.0691162
3 0 0.0087178 0.930896
4 1.22465e-18 -0.02 0.198218
5 1.22465e-18 0.02 0.810401
6 0.0169463 -0.0106218 0.806865
7 0.0167143 0.0113725 0.802884
8 0.0154286 0.0140271 0.801147
9 0.0141429 0.0166818 0.792432
10 0.0128571 0.0193365 0.806938
11 0.0115714 0.0219911 0.802604
12 0.0102857 0.0246458 0.806807
13 0.009 0.0273005 0.809851
14 0.00771429 0.0299551 0.813281
15 0.00642857 0.0326098 0.826033
16 0.00514286 0.0352645 0.82715
17 0.00385714 0.0379191 0.851725
18 0.00257143 0.0405738 0.870062
19 0.00128571 0.0432285 0.184074
20 0.00318683 0.0197445 0.250924
21 0.00629002 0.0189851 0.369313
22 0.00923339 0.017741 0.523506
23 0.0119422 0.0160432 0.660733
24 0.0143449 0.0139365 0.769586
25 0.0163809 0.0114746 0.856107
26 0 0.0430072 0.787652
27 0 0.0401313 0.690114
28 0 0.0372554 0.603182
29 0 0.0343795 0.497813
30 0 0.0315036 0.405396
31 0 0.0286277 0.324246
32 0 0.0257518 0.254126
33 0 0.0228759 0.153677
34 0 0.0171794 0.115203
35 0 0.0143589 0.0866087
36 0 0.0115383 0.0632969
37 0.003 0.0087178 0.0912891
38 0.006 0.0087178 0.157713
39 0.009 0.0087178 0.283823
40 0.012 0.0087178 0.501321
41 0.015 0.0087178 0.824755
42 0.0182989 -0.00807162 0.833304
43 0.0192698 -0.00535497 0.83975
44 0.0198398 -0.00252634 0.84148
45 0.0199968 0.000355932 0.839355
46 0.0197375 0.00322974 0.797297
47 0.0190675 0.00603579 0.0628719
48 0 0.00584602 0.064614
49 0 0.00297424 0.0766089
50 0 0.000102459 0.100663
51 0 -0.00276932 0.142668
52 0 -0.0056411 0.209429
53 0 -0.00851288 0.311232
54 0 -0.0113847 0.457162
55 0 -0.0142564 0.653323
56 0 -0.0171282 0.746691
57 0.00287911 -0.0197917 0.756401
58 0.00569661 -0.0191716 0.764016
59 0.00839608 -0.0181523 0.772031
60 0.0109217 -0.0167546 0.78343
61 0.013219 -0.0150086 0.798098
62 0.0152408 -0.0129507 0.49247
63 0.00912456 0.0210504 0.301618
64 0.00557486 0.0219547 0.359557
65 0.00482357 0.0247995 0.657747
66 0.00240275 0.0354821 0.559574
67 0.00293276 0.0327641 0.440571
68 0.00201202 0.0300567 0.350613
69 0.00280124 0.0269741 0.541824
70 0.00468124 0.0299275 0.239091
71 0.00230897 0.0230117 0.521262
72 0.00607699 0.0272626 0.510419
73 0.00749402 0.0244516 0.198996
74 0.00663491 0.0160412 0.127667
75 0.00336853 0.016159 0.0903198
76 0.0025542 0.0131608 0.131603
77 0.00565167 0.0135941 0.477098
78 0.0137702 0.010962 0.305287
79 0.0110041 0.0121298 0.1482
80 0.00756078 0.0114274 0.0885263
81 0.0045179 0.0110095 0.0711102
82 0.00202522 0.0106416 0.241517
83 0.00871719 0.0143179 0.169543
84 0.0102035 -0.00249341 0.229512
85 0.0103777 -0.00609705 0.147803
86 0.010058 0.000891885 0.374765
87 0.0148717 0.00352569 0.491779
88 0.00322769 -0.0163065 0.318285
89 0.00272267 -0.0128915 0.213
90 0.00248703 -0.00994877 0.142863
91 0.00248703 -0.00707699 0.545287
92 0.00614846 -0.016274 0.0979705
93 0.00248703 -0.00420521 0.526714
94 0.00825606 -0.0150731 0.0691757
95 0.00264816 -0.00101813 0.514956
96 0.0104691 -0.0134384 0.0560794
97 0.00257545 0.00210884 0.566624
98 0.0126628 -0.012281 0.0532208
99 0.00223331 0.00565879 0.528032
100 0.0139023 -0.0100959 0.58509
101 0.0156724 -0.00835987 0.552046
102 0.0162932 -0.00609356 0.0678019
103 0.00472941 0.00658143 0.553617
104 0.0170444 -0.00344876 0.0978195
105 0.00734435 0.00607201 0.536602
106 0.0172034 -0.000858794 0.170941
107 0.0103529 0.00586777 0.549095
108 0.0173187 0.00163785 0.311566
109 0.0133658 0.00601238 0.596708
110 0.0174692 0.00411579 0.543365
111 0.0162451 0.006232 0.38569
112 0.00550854 -0.0138432 0.267647
113 0.0051843 -0.0112247 0.18333
114 0.00510214 -0.00843136 0.127026
115 0.00505682 -0.0056411 0.0889273
116 0.00514858 -0.00239231 0.36751
117 0.00802815 -0.0122862 0.0714592
118 0.00540668 0.000947999 0.340748
119 0.0104932 -0.00985975 0.0653375
120 0.00508655 0.00383167 0.360143
121 0.0130979 -0.00692502 0.35435
122 0.0146592 -0.00193539 0.105837
123 0.00839303 0.00303457 0.339085
124 0.0146144 0.000817881 0.210243
125 0.0120015 0.00302705 0.393976
126 0.0146626 -0.00441579 0.257131
127 0.00739044 -0.00980512 0.194794
128 0.00800268 -0.00717694 0.135701
129 0.00775849 -0.00404075 0.101838
130 0.00755297 -0.000530213 0.223101
131 0.0122892 -0.000417504 0.261778
