1 0 0 7.12497
2 -1.31814e-05 0.0843 7.16476
3 0.00103666 0.00027361 6.77858
4 0.00207332 0.00054722 6.67553
5 0.00310998 0.00082083 6.62448
6 0.00414664 0.00109444 6.60735
7 0.00518152 0.00137418 6.60789
8 0.00620388 0.00169715 6.58659
9 0.00722624 0.00202011 6.57574
10 0.0082486 0.00234308 6.57323
11 0.00927096 0.00266604 6.58148
12 0.0102881 0.00300393 6.6003
13 0.0112901 0.00338559 6.59244
14 0.012292 0.00376725 6.5932
15 0.0132939 0.0041489 6.62028
16 0.0142758 0.00457842 6.62267
17 0.0152507 0.00502453 6.62188
18 0.0162257 0.00547063 6.63693
19 0.0171938 0.00593049 6.67136
20 0.0181392 0.00643618 6.69068
21 0.0190697 0.00696803 6.71198
22 0.0199846 0.00752702 6.74113
23 0.0208771 0.00812062 6.75912
24 0.0217619 0.00872618 6.80912
25 0.0226145 0.00937627 6.85693
26 0.0234333 0.0100684 6.89963
27 0.0242213 0.0107953 6.94139
28 0.0249816 0.0115512 6.99603
29 0.0257071 0.0123404 7.0616
30 0.0263837 0.013172 7.11188
31 0.0270222 0.0140331 7.16289
32 0.027623 0.0149208 7.21798
33 0.0281815 0.0158356 7.2696
34 0.0286968 0.0167755 7.31268
35 0.029176 0.0177345 7.35898
36 0.029615 0.0187124 7.40057
37 0.0300147 0.0197071 7.43573
38 0.0303778 0.0207157 7.46453
39 0.0307146 0.0217336 7.50821
40 0.0310048 0.0227656 7.52734
41 0.0312682 0.0238047 7.55486
42 0.0315032 0.0248506 7.58959
43 0.031697 0.0259051 7.61109
44 0.0318549 0.0269654 7.62749
45 0.0319816 0.0280298 7.64675
46 0.0320762 0.0290977 7.67217
47 0.0321204 0.030169 7.67177
48 0.0321285 0.0312408 7.67208
49 0.0321014 0.0323123 7.67272
50 0.0320361 0.0333825 7.6717
51 0.0319181 0.034448 7.64443
52 0.0317644 0.0355088 7.62064
53 0.0315767 0.0365641 7.59943
54 0.0313473 0.0376115 7.56729
55 0.0310753 0.0386484 7.52245
56 0.0307755 0.0396775 7.48734
57 0.0304488 0.0406986 7.45784
58 0.0300798 0.0417053 7.40582
59 0.0296912 0.0427044 7.37085
60 0.0292835 0.043696 7.34273
61 0.0288479 0.0446756 7.30234
62 0.0283979 0.0456487 7.27436
63 0.0279364 0.0466165 7.25326
64 0.0274587 0.0475763 7.22615
65 0.0269742 0.0485327 7.20887
66 0.0264847 0.0494866 7.19565
67 0.0259902 0.0504379 7.18218
68 0.0254964 0.0513896 7.17488
69 0.0250032 0.0523416 7.16767
70 0.0245177 0.0532975 7.16856
71 0.0240391 0.0542569 7.16914
72 0.0235674 0.0552197 7.16701
73 0.0231165 0.0561925 7.18118
74 0.0226788 0.0571711 7.18901
75 0.0222544 0.0581557 7.19193
76 0.0218625 0.0591536 7.21815
77 0.0214902 0.0601589 7.23472
78 0.0211375 0.0611713 7.24658
79 0.0208201 0.0621954 7.27948
80 0.020527 0.0632266 7.30878
81 0.0202546 0.0642634 7.33514
82 0.0200071 0.0653066 7.37238
83 0.0197768 0.0663538 7.41171
84 0.0195534 0.0674024 7.44562
85 0.0193371 0.0684525 7.49062
86 0.0191042 0.069499 7.51699
87 0.0188453 0.0705393 7.5305
88 0.018562 0.0715733 7.55136
89 0.0182088 0.0725852 7.52113
90 0.017785 0.0735699 7.46578
91 0.0173014 0.0745264 7.41199
92 0.0167266 0.0754305 7.31627
93 0.0160607 0.0762703 7.19508
94 0.0153429 0.0770664 7.10503
95 0.014566 0.0778046 7.01479
96 0.0137321 0.0784779 6.92218
97 0.0128467 0.0790824 6.83105
98 0.0119412 0.0796558 6.78053
99 0.0110165 0.0801978 6.74403
100 0.0100689 0.0806993 6.70875
101 0.0090983 0.0811544 6.67207
102 0.00811302 0.0815762 6.6458
103 0.00711565 0.0819696 6.62567
104 0.00611828 0.082363 6.63268
105 0.00510912 0.0827242 6.62837
106 0.00409353 0.0830679 6.63078
107 0.00307794 0.0834116 6.67022
108 0.00204936 0.0837135 6.70653
109 0.00101809 0.0840067 6.80622
110 -1.30146e-05 0.0832329 5.99594
111 -1.28477e-05 0.0821658 4.89038
112 -1.26809e-05 0.0810987 3.88343
113 -1.2514e-05 0.0800316 2.99703
114 -1.23472e-05 0.0789646 2.24239
115 -1.21803e-05 0.0778975 1.62113
116 -1.20135e-05 0.0768304 1.12823
117 -1.18466e-05 0.0757633 0.753868
118 -1.16798e-05 0.0746962 0.483161
119 -1.15129e-05 0.0736291 0.297525
120 -1.13461e-05 0.072562 0.176797
121 -1.11792e-05 0.0714949 0.101997
122 -1.10123e-05 0.0704278 0.0575017
123 -1.08455e-05 0.0693608 0.0318649
124 -1.06786e-05 0.0682937 0.0174409
125 -1.05118e-05 0.0672266 0.00946345
126 -1.03449e-05 0.0661595 0.00510419
127 -1.01781e-05 0.0650924 0.0027419
128 -1.00112e-05 0.0640253 0.00146903
129 -9.84437e-06 0.0629582 0.000785778
130 -9.67752e-06 0.0618911 0.000419927
131 -9.51066e-06 0.0608241 0.000224328
132 -9.34381e-06 0.059757 0.00011984
133 -9.17696e-06 0.0586899 6.4042e-05
134 -9.0101e-06 0.0576228 3.42442e-05
135 -8.84325e-06 0.0565557 1.83259e-05
136 -8.6764e-06 0.0554886 9.81745e-06
137 -8.50954e-06 0.0544215 5.26604e-06
138 -8.34269e-06 0.0533544 2.82902e-06
139 -8.17583e-06 0.0522873 1.5226e-06
140 -8.00898e-06 0.0512203 8.21304e-07
141 -7.84213e-06 0.0501532 4.44227e-07
142 -7.67527e-06 0.0490861 2.41096e-07
143 -7.50842e-06 0.048019 1.31439e-07
144 -7.34157e-06 0.0469519 7.21293e-08
145 -7.17471e-06 0.0458848 4.00426e-08
146 -7.00786e-06 0.0448177 2.28052e-08
147 -6.841e-06 0.0437506 1.38634e-08
148 -6.67415e-06 0.0426835 9.88879e-09
149 -6.5073e-06 0.0416165 9.47196e-09
150 -6.34044e-06 0.0405494 1.25786e-08
151 -6.17359e-06 0.0394823 2.05529e-08
152 -6.00674e-06 0.0384152 3.66696e-08
153 -5.83988e-06 0.0373481 6.74595e-08
154 -5.67303e-06 0.036281 1.2534e-07
155 -5.50617e-06 0.0352139 2.33612e-07
156 -5.33932e-06 0.0341468 4.35836e-07
157 -5.17247e-06 0.0330797 8.13353e-07
158 -5.00561e-06 0.0320127 1.51803e-06
159 -4.83876e-06 0.0309456 2.83337e-06
160 -4.67191e-06 0.0298785 5.28872e-06
161 -4.50505e-06 0.0288114 9.87242e-06
162 -4.3382e-06 0.0277443 1.84298e-05
163 -4.17134e-06 0.0266772 3.44058e-05
164 -4.00449e-06 0.0256101 6.423e-05
165 -3.83764e-06 0.024543 0.000119896
166 -3.67078e-06 0.0234759 0.000223758
167 -3.50393e-06 0.0224089 0.000417423
168 -3.33708e-06 0.0213418 0.000778165
169 -3.17022e-06 0.0202747 0.00144906
170 -3.00337e-06 0.0192076 0.00269374
171 -2.83651e-06 0.0181405 0.00499459
172 -2.66966e-06 0.0170734 0.0092251
173 -2.50281e-06 0.0160063 0.0169429
174 -2.33595e-06 0.0149392 0.0308635
175 -2.1691e-06 0.0138722 0.0555679
176 -2.00225e-06 0.0128051 0.0984253
177 -1.83539e-06 0.011738 0.170525
178 -1.66854e-06 0.0106709 0.28712
179 -1.50168e-06 0.0096038 0.466941
180 -1.33483e-06 0.00853671 0.730174
181 -1.16798e-06 0.00746962 1.09576
182 -1.00112e-06 0.00640253 1.57917
183 -8.34269e-07 0.00533544 2.19152
184 -6.67415e-07 0.00426835 2.93852
185 -5.00561e-07 0.00320127 3.82086
186 -3.33708e-07 0.00213418 4.83181
187 -1.66854e-07 0.00106709 5.94445
188 0.0153067 0.047388 0.00200812
189 0.0117649 0.0169906 0.0263715
190 0.0141959 0.0474343 0.000688011
191 0.0122838 0.0730594 1.46717
192 0.0091501 0.0712288 0.253431
193 0.0134822 0.0773407 5.43107
194 0.0127 0.0779384 5.397
195 0.0142135 0.0766566 5.43043
196 0.0118272 0.0784715 5.30353
197 0.0149397 0.075986 5.54472
198 0.0109253 0.0789955 5.24795
199 0.0156117 0.0752392 5.63888
200 0.0100157 0.0795167 5.248
201 0.0161502 0.0744288 5.62086
202 0.00910668 0.0800004 5.26744
203 0.0166411 0.0735664 5.61372
204 0.0081826 0.0804486 5.29157
205 0.0170854 0.0726655 5.61956
206 0.00723657 0.0808399 5.283
207 0.0174521 0.071732 5.57784
208 0.00625603 0.0811911 5.24473
209 0.017763 0.0707571 5.5054
210 0.00527694 0.0815397 5.2379
211 0.0180449 0.0697624 5.4431
212 0.00424972 0.0818774 5.23868
213 0.0182992 0.0687549 5.37817
214 0.00308428 0.0819836 4.966
215 0.0185289 0.0677362 5.29877
216 0.0149218 0.0414533 0.000136262
217 0.0187582 0.0666838 5.22195
218 0.00101141 0.0828645 5.496
219 0.018994 0.0656321 5.16334
220 0.0192374 0.0645718 5.10513
221 0.0195031 0.0635137 5.07043
222 0.0197963 0.0624622 5.06207
223 0.00100715 0.081766 4.35966
224 0.0201042 0.0614128 5.04325
225 0.000969896 0.0806633 3.35439
226 0.0204445 0.0603721 5.04815
227 0.000929137 0.0795511 2.49163
228 0.0208204 0.0593448 5.08171
229 0.000920215 0.0784528 1.7851
230 0.0212024 0.0583257 5.08381
231 0.000912029 0.0773641 1.22638
232 0.0216153 0.0573151 5.10362
233 0.000912196 0.076297 0.807903
234 0.0220597 0.0563157 5.1446
235 0.000912363 0.0752299 0.505676
236 0.022505 0.055326 5.15559
237 0.00091253 0.0741628 0.301301
238 0.0229691 0.0543446 5.17291
239 0.000912696 0.0730957 0.172176
240 0.0234508 0.0533741 5.20221
241 0.000912863 0.0720286 0.0954268
242 0.0239294 0.052415 5.21396
243 0.00091303 0.0709615 0.0518767
244 0.0244218 0.0514467 5.22622
245 0.000913197 0.0698944 0.0278977
246 0.0249156 0.0504948 5.24589
247 0.000913364 0.0688274 0.0149201
248 0.0254094 0.0495434 5.26339
249 0.000913531 0.0677603 0.0079591
250 0.0258942 0.0485979 5.27457
251 0.000913697 0.0666932 0.00424142
252 0.0263775 0.0476421 5.28449
253 0.000913864 0.0656261 0.0022597
254 0.0268608 0.0466853 5.30927
255 0.000914031 0.064559 0.0012041
256 0.0273153 0.0457483 5.32374
257 0.000914198 0.0634919 0.000641864
258 0.0277631 0.0447791 5.32899
259 0.000914365 0.0624248 0.000342347
260 0.0282105 0.0438051 5.36417
261 0.000914532 0.0613577 0.000182721
262 0.028611 0.0428667 5.38306
263 0.000914699 0.0602907 9.76017e-05
264 0.0289987 0.041874 5.38623
265 0.000914865 0.0592236 5.21827e-05
266 0.0293695 0.0408903 5.41543
267 0.000915032 0.0581565 2.79287e-05
268 0.0297058 0.0399017 5.43445
269 0.000915199 0.0570894 1.49656e-05
270 0.030011 0.0389055 5.45271
271 0.000915366 0.0560223 8.03023e-06
272 0.0302842 0.0379023 5.47033
273 0.000915533 0.0549552 4.31564e-06
274 0.0305196 0.036894 5.48031
275 0.0009157 0.0538881 2.3236e-06
276 0.0307194 0.0358762 5.48819
277 0.000915867 0.052821 1.25378e-06
278 0.0308864 0.0348556 5.50314
279 0.000916033 0.0517539 6.78297e-07
280 0.0310107 0.0338294 5.50508
281 0.0009162 0.0506869 3.68128e-07
282 0.0311037 0.0327982 5.51887
283 0.000916367 0.0496198 2.00579e-07
284 0.0311512 0.0317638 5.51672
285 0.000916534 0.0485527 1.09833e-07
286 0.0311593 0.0307271 5.50962
287 0.000916701 0.0474856 6.05424e-08
288 0.0311371 0.0296911 5.51594
289 0.000916868 0.0464185 3.37044e-08
290 0.0310714 0.0286561 5.50846
291 0.000917035 0.0453514 1.91026e-08
292 0.0309761 0.0276194 5.51504
293 0.000917201 0.0442843 1.12685e-08
294 0.0308307 0.0265906 5.49033
295 0.000917368 0.0432172 7.33347e-09
296 0.0306592 0.0255659 5.48297
297 0.000917535 0.0421501 5.91181e-09
298 0.0304503 0.0245467 5.46998
299 0.000917702 0.0410831 6.57018e-09
300 0.0302194 0.0235351 5.47991
301 0.000917869 0.040016 9.67165e-09
302 0.0299399 0.022535 5.45866
303 0.000918036 0.0389489 1.65348e-08
304 0.0296333 0.0215411 5.45237
305 0.000918203 0.0378818 2.99735e-08
306 0.0292968 0.0205609 5.45282
307 0.000918369 0.0368147 5.54342e-08
308 0.0289214 0.0195935 5.44512
309 0.000918536 0.0357476 1.03192e-07
310 0.0285137 0.0186416 5.44252
311 0.000918703 0.0346805 1.92485e-07
312 0.0280718 0.01771 5.44131
313 0.00091887 0.0336134 3.59255e-07
314 0.0275859 0.0168015 5.42505
315 0.000919037 0.0325463 6.70616e-07
316 0.0270696 0.0159129 5.42077
317 0.000919204 0.0314793 1.25186e-06
318 0.0265208 0.0150482 5.42407
319 0.000919371 0.0304122 2.33694e-06
320 0.0259211 0.0142176 5.40098
321 0.000919537 0.0293451 4.36275e-06
322 0.0252824 0.013408 5.38222
323 0.000919704 0.028278 8.14531e-06
324 0.0246171 0.0126223 5.38514
325 0.000919871 0.0272109 1.52092e-05
326 0.0239132 0.0118863 5.3697
327 0.000920038 0.0261438 2.84032e-05
328 0.0231534 0.0111969 5.31432
329 0.000920205 0.0250767 5.30521e-05
330 0.0223817 0.0105187 5.30034
331 0.000920372 0.0240096 9.91107e-05
332 0.02159 0.00985267 5.32087
333 0.000920538 0.0229425 0.000185193
334 0.0207698 0.00925118 5.30947
335 0.000920705 0.0218755 0.000346108
336 0.0198944 0.00868734 5.2629
337 0.000920872 0.0208084 0.000646957
338 0.0190099 0.0081362 5.24206
339 0.000921039 0.0197413 0.00120948
340 0.018095 0.00758014 5.25258
341 0.000921206 0.0186742 0.00226123
342 0.017204 0.00706381 5.27614
343 0.000921373 0.0176071 0.00422708
344 0.0162922 0.00658409 5.28867
345 0.00092154 0.01654 0.00789835
346 0.0153494 0.00615068 5.26565
347 0.000921706 0.0154729 0.014741
348 0.0143936 0.00573845 5.23397
349 0.000921873 0.0144058 0.0274401
350 0.0134054 0.00532469 5.20931
351 0.00092204 0.0133388 0.0508045
352 0.0124171 0.00491093 5.21793
353 0.000922207 0.0122717 0.0930857
354 0.0114288 0.00449712 5.25444
355 0.000922374 0.0112046 0.167425
356 0.0104603 0.00410638 5.28888
357 0.000922541 0.0101375 0.29244
358 0.0094802 0.00375246 5.2992
359 0.000922708 0.0090704 0.490645
360 0.00848118 0.00343582 5.28443
361 0.000922874 0.00800331 0.784782
362 0.00747715 0.00313529 5.26545
363 0.000923041 0.00693622 1.19398
364 0.00643179 0.00284653 5.22967
365 0.000923208 0.00586913 1.73164
366 0.00539793 0.00254954 5.22255
367 0.000938638 0.00475723 2.43564
368 0.00438114 0.00223742 5.26703
369 0.000954809 0.003637 3.29821
370 0.0033436 0.00193387 5.32951
371 0.0010618 0.00247177 4.35354
372 0.00216094 0.00182801 5.1651
373 0.00105855 0.00140516 5.46995
374 0.013233 0.0762758 4.20414
375 0.0125074 0.0768548 4.17817
376 0.0117251 0.0774086 4.15502
377 0.0139149 0.07564 4.21991
378 0.010883 0.0779343 4.12794
379 0.0146795 0.0751073 4.49939
380 0.010015 0.0784429 4.12461
381 0.0150876 0.0742962 4.25851
382 0.00913001 0.0789234 4.13688
383 0.0155921 0.0735538 4.25659
384 0.00823367 0.0793728 4.15926
385 0.0160504 0.0727193 4.22223
386 0.00732624 0.0797748 4.16846
387 0.0163912 0.0718458 4.09029
388 0.00639946 0.0801343 4.15784
389 0.0167167 0.0709475 3.99148
390 0.0054557 0.080483 4.16082
391 0.0170037 0.0699964 3.87357
392 0.00452379 0.080845 4.21342
393 0.0172674 0.0690217 3.76469
394 0.00367471 0.0811649 4.28267
395 0.0175054 0.0680208 3.64855
396 0.00202008 0.0813282 4.04921
397 0.017734 0.0670119 3.54595
398 0.0179675 0.0659542 3.45003
399 0.0182077 0.0648858 3.36953
400 0.0184634 0.0638113 3.30862
401 0.0187471 0.0627378 3.28125
402 0.019053 0.0616666 3.27045
403 0.0193816 0.0606026 3.27115
404 0.00185231 0.0801621 3.00269
405 0.019747 0.0595521 3.30427
406 0.00185423 0.0790303 2.17128
407 0.0201366 0.0585044 3.3417
408 0.0018559 0.0779283 1.51581
409 0.0205403 0.0574658 3.36822
410 0.00185728 0.0768459 1.01427
411 0.0209784 0.0564464 3.42199
412 0.00183791 0.0757636 0.643119
413 0.0214315 0.0554473 3.47579
414 0.00183807 0.0746965 0.389187
415 0.0218881 0.0544393 3.49797
416 0.00183824 0.0736294 0.224361
417 0.0223811 0.0534394 3.54893
418 0.00183841 0.0725623 0.124472
419 0.0228596 0.0524802 3.58474
420 0.00183857 0.0714952 0.0672908
421 0.0233417 0.0515067 3.59746
422 0.00183874 0.0704281 0.0358377
423 0.0238446 0.0505433 3.63389
424 0.00183891 0.069361 0.0189468
425 0.0243387 0.0495915 3.65828
426 0.00183907 0.068294 0.0099891
427 0.0248302 0.0486494 3.68395
428 0.00183924 0.0672269 0.00526485
429 0.025308 0.0477013 3.68922
430 0.00183941 0.0661598 0.00277747
431 0.0257907 0.0467452 3.70425
432 0.00183958 0.0650927 0.00146745
433 0.0262591 0.0458147 3.7301
434 0.00183974 0.0640256 0.000776648
435 0.0266986 0.0448754 3.72791
436 0.00183991 0.0629585 0.000411781
437 0.0271434 0.0439047 3.73641
438 0.00184008 0.0618914 0.000218724
439 0.02755 0.0429707 3.74289
440 0.00184024 0.0608243 0.00011639
441 0.02794 0.0420285 3.75204
442 0.00184041 0.0597573 6.20498e-05
443 0.0283048 0.0410649 3.74997
444 0.00184058 0.0586902 3.31432e-05
445 0.028646 0.0401008 3.7548
446 0.00184074 0.0576231 1.77389e-05
447 0.0289585 0.0391337 3.76084
448 0.00184091 0.056556 9.51507e-06
449 0.0292372 0.0381623 3.76249
450 0.00184108 0.0554889 5.11633e-06
451 0.029489 0.0371856 3.77279
452 0.00184124 0.0544218 2.75878e-06
453 0.0297018 0.0362029 3.7743
454 0.00184141 0.0533547 1.49243e-06
455 0.0298806 0.0352188 3.77851
456 0.00184158 0.0522876 8.10504e-07
457 0.0300201 0.0342293 3.77641
458 0.00184174 0.0512205 4.42231e-07
459 0.0301229 0.0332341 3.77333
460 0.00184191 0.0501535 2.4267e-07
461 0.0301916 0.0322356 3.77484
462 0.00184208 0.0490864 1.34095e-07
463 0.030219 0.0312357 3.76913
464 0.00184224 0.0480193 7.47436e-08
465 0.0302141 0.0302356 3.77136
466 0.00184241 0.0469522 4.21301e-08
467 0.0301662 0.0292325 3.76325
468 0.00184258 0.0458851 2.41283e-08
469 0.0300887 0.0282294 3.76695
470 0.00184275 0.044818 1.41995e-08
471 0.0299712 0.0272295 3.76424
472 0.00184291 0.0437509 8.84413e-09
473 0.029823 0.026233 3.76995
474 0.00184308 0.0426838 6.25598e-09
475 0.029642 0.0252408 3.7801
476 0.00184325 0.0416167 5.63904e-09
477 0.029423 0.0242566 3.78496
478 0.00184341 0.0405497 6.91916e-09
479 0.0291769 0.0232823 3.80013
480 0.00184358 0.0394826 1.07371e-08
481 0.0288981 0.0223136 3.8203
482 0.00184375 0.0384155 1.87237e-08
483 0.0285819 0.0213585 3.83502
484 0.00184391 0.0373484 3.41697e-08
485 0.0282391 0.0204158 3.86132
486 0.00184408 0.0362813 6.3364e-08
487 0.0278616 0.0194872 3.88874
488 0.00184425 0.0352142 1.18141e-07
489 0.0274465 0.0185801 3.90985
490 0.00184441 0.0341471 2.20671e-07
491 0.0270006 0.0176922 3.93643
492 0.00184458 0.03308 4.12438e-07
493 0.0265201 0.016834 3.95805
494 0.00184475 0.0320129 7.71051e-07
495 0.0260088 0.0159917 3.9902
496 0.00184491 0.0309459 1.44173e-06
497 0.0254684 0.015178 4.02517
498 0.00184508 0.0298788 2.69635e-06
499 0.0248802 0.0143849 4.04978
500 0.00184525 0.0288117 5.04411e-06
501 0.0242484 0.0136242 4.0615
502 0.00184542 0.0277446 9.4394e-06
503 0.0235843 0.0129122 4.06019
504 0.00184558 0.0266775 1.76723e-05
505 0.0228849 0.0122236 4.0602
506 0.00184575 0.0256104 3.31036e-05
507 0.0221537 0.0115531 4.07088
508 0.00184592 0.0245433 6.20483e-05
509 0.0213937 0.0109158 4.08036
510 0.00184608 0.0234762 0.000116388
511 0.0206178 0.0103129 4.09461
512 0.00184625 0.0224091 0.000218502
513 0.0198089 0.00975008 4.08982
514 0.00184642 0.0213421 0.000410606
515 0.0189525 0.00919657 4.08537
516 0.00184658 0.020275 0.000772448
517 0.0180707 0.00865071 4.09712
518 0.00184675 0.0192079 0.00145487
519 0.0171947 0.00814395 4.11049
520 0.00184692 0.0181408 0.00274346
521 0.016314 0.00765388 4.13952
522 0.00184708 0.0170737 0.00517889
523 0.0154259 0.00721587 4.14213
524 0.00184725 0.0160066 0.00978222
525 0.0144942 0.00679474 4.12984
526 0.00184742 0.0149395 0.0184683
527 0.0135411 0.00638741 4.11453
528 0.00184758 0.0138724 0.0347712
529 0.0125529 0.00597369 4.11582
530 0.00184775 0.0128054 0.0650089
531 0.0115646 0.00555991 4.14163
532 0.00184792 0.0117383 0.119835
533 0.0106071 0.00517754 4.16546
534 0.00184808 0.0106712 0.215549
535 0.00965035 0.00481156 4.19175
536 0.00184825 0.00960409 0.373766
537 0.0086848 0.00448511 4.19467
538 0.00184842 0.008537 0.618469
539 0.00769814 0.00417633 4.18966
540 0.00187233 0.0074444 0.981815
541 0.00667141 0.00389417 4.15638
542 0.00188402 0.00636121 1.47277
543 0.00562444 0.00361235 4.13289
544 0.00187876 0.00527598 2.10692
545 0.0046008 0.0033036 4.16831
546 0.00186503 0.00415714 2.91642
547 0.00362161 0.00296704 4.27214
548 0.00185795 0.00297586 3.94545
549 0.0130371 0.0751532 3.15019
550 0.0123056 0.0757864 3.14438
551 0.0115696 0.0763467 3.14166
552 0.0107865 0.0768798 3.14286
553 0.0199691 0.0317412 0.000444628
554 0.00997638 0.0773935 3.16192
555 0.0163593 0.0309355 3.82554e-05
556 0.0091251 0.0778689 3.17262
557 0.014513 0.0734486 3.10332
558 0.00826105 0.078313 3.19043
559 0.0151242 0.0727898 3.25536
560 0.00739197 0.0787216 3.21087
561 0.0153499 0.0719171 2.95025
562 0.00649246 0.0790863 3.21025
563 0.0156519 0.0710841 2.80232
564 0.00555163 0.0794223 3.19822
565 0.0159572 0.0701923 2.67971
566 0.00460743 0.0797802 3.23526
567 0.016231 0.0692628 2.55344
568 0.00368525 0.0801946 3.36209
569 0.0164808 0.0682958 2.42706
570 0.0167134 0.0673039 2.3066
571 0.0169388 0.0662817 2.19416
572 0.01718 0.0652212 2.10655
573 0.017415 0.0641304 2.01346
574 0.0176906 0.0630313 1.96714
575 0.0179951 0.0619397 1.95147
576 0.0183067 0.06085 1.93377
577 0.0186572 0.0597699 1.94647
578 0.00277833 0.0796267 2.71054
579 0.0190516 0.058696 1.99127
580 0.00279357 0.0784988 1.9288
581 0.019451 0.0576281 2.02003
582 0.00281386 0.0774038 1.32432
583 0.0198821 0.0565806 2.06669
584 0.00279672 0.0763117 0.862187
585 0.0203342 0.0555614 2.12481
586 0.00276362 0.0752302 0.53317
587 0.0208022 0.0545423 2.17669
588 0.00276378 0.0741631 0.315374
589 0.0212768 0.0535316 2.21531
590 0.00276395 0.073096 0.178215
591 0.0217898 0.0525454 2.28849
592 0.00276412 0.0720289 0.0973234
593 0.0222622 0.0515783 2.30946
594 0.00276428 0.0709618 0.052005
595 0.0227635 0.0505919 2.33833
596 0.00276445 0.0698947 0.0274606
597 0.0232677 0.0496397 2.37905
598 0.00276462 0.0688276 0.0144222
599 0.0237658 0.0486934 2.41002
600 0.00276479 0.0677606 0.00756224
601 0.024245 0.0477601 2.42645
602 0.00276495 0.0666935 0.00396704
603 0.0247212 0.0468051 2.4298
604 0.00276512 0.0656264 0.00208421
605 0.0251897 0.0458792 2.44749
606 0.00276529 0.0645593 0.00109725
607 0.0256453 0.044955 2.46239
608 0.00276545 0.0634922 0.000578987
609 0.0260792 0.0440043 2.45394
610 0.00276562 0.0624251 0.000306261
611 0.0264957 0.0430708 2.45407
612 0.00276579 0.061358 0.00016241
613 0.0268804 0.0421445 2.44424
614 0.00276595 0.0602909 8.63532e-05
615 0.0272571 0.0412095 2.44726
616 0.00276612 0.0592239 4.60413e-05
617 0.0275985 0.040272 2.43815
618 0.00276629 0.0581568 2.46212e-05
619 0.027915 0.0393343 2.4329
620 0.00276645 0.0570897 1.32097e-05
621 0.0282012 0.0383932 2.42645
622 0.00276662 0.0560226 7.11345e-06
623 0.0284581 0.0374472 2.42132
624 0.00276679 0.0549555 3.84696e-06
625 0.028682 0.0364987 2.41634
626 0.00276695 0.0538884 2.0909e-06
627 0.0288715 0.0355491 2.41146
628 0.00276712 0.0528213 1.14327e-06
629 0.0290273 0.0345938 2.40753
630 0.00276729 0.0517542 6.2962e-07
631 0.0291418 0.0336344 2.39654
632 0.00276746 0.0506871 3.49744e-07
633 0.0292268 0.0326724 2.39443
634 0.00276762 0.0496201 1.96282e-07
635 0.0292696 0.031708 2.38553
636 0.00276779 0.048553 1.11501e-07
637 0.0292817 0.0307407 2.38496
638 0.00276796 0.0474859 6.42498e-08
639 0.0292546 0.0297733 2.38166
640 0.00276812 0.0464188 3.76622e-08
641 0.0291938 0.0288046 2.38314
642 0.00276829 0.0453517 2.25749e-08
643 0.0291038 0.0278376 2.39458
644 0.00276846 0.0442846 1.40084e-08
645 0.0289757 0.0268707 2.40478
646 0.00276862 0.0432175 9.28829e-09
647 0.0288135 0.0259083 2.41793
648 0.00276879 0.0421504 7.06125e-09
649 0.0286214 0.0249509 2.43897
650 0.00276896 0.0410833 6.81784e-09
651 0.0283987 0.0239974 2.46752
652 0.00276912 0.0400163 8.73632e-09
653 0.0281402 0.0230561 2.49493
654 0.00276929 0.0389492 1.37912e-08
655 0.0278511 0.0221269 2.52698
656 0.00276946 0.0378821 2.41748e-08
657 0.027534 0.0212074 2.56851
658 0.00276962 0.036815 4.42073e-08
659 0.0271851 0.0203042 2.61282
660 0.00276979 0.0357479 8.21078e-08
661 0.0268027 0.0194216 2.65587
662 0.00276996 0.0346808 1.53354e-07
663 0.0263889 0.0185555 2.70291
664 0.00277012 0.0336137 2.87002e-07
665 0.0259376 0.0177189 2.74143
666 0.00277029 0.0325466 5.37569e-07
667 0.0254641 0.0169017 2.79269
668 0.00277046 0.0314795 1.00736e-06
669 0.0249687 0.0161088 2.85287
670 0.00277063 0.0304125 1.88846e-06
671 0.0244643 0.0153533 2.92585
672 0.00277079 0.0293454 3.54179e-06
673 0.0238713 0.0145693 2.98197
674 0.00277096 0.0282783 6.64613e-06
675 0.0232286 0.0139034 2.96331
676 0.00277113 0.0272112 1.24793e-05
677 0.0225746 0.0132364 2.97944
678 0.00277129 0.0261441 2.34497e-05
679 0.0218929 0.0125772 3.01302
680 0.00277146 0.025077 4.41025e-05
681 0.0211721 0.0119456 3.0388
682 0.00277163 0.0240099 8.30282e-05
683 0.0204283 0.0113553 3.0556
684 0.00277179 0.0229428 0.000156488
685 0.019668 0.0107986 3.06983
686 0.00277196 0.0218758 0.000295316
687 0.0188703 0.0102539 3.08591
688 0.00277213 0.0208087 0.00055808
689 0.0180267 0.00972022 3.10039
690 0.00277229 0.0197416 0.00105621
691 0.017168 0.00920918 3.11861
692 0.00277246 0.0186745 0.00200196
693 0.0163083 0.00872289 3.14387
694 0.00277263 0.0176074 0.00379986
695 0.015452 0.00827049 3.16633
696 0.00277279 0.0165403 0.00721976
697 0.0145743 0.00785374 3.16931
698 0.00277296 0.0154732 0.0137194
699 0.0136459 0.00744199 3.16642
700 0.00277313 0.0144061 0.0260265
701 0.0126887 0.00703641 3.16748
702 0.0027733 0.013339 0.0491221
703 0.0117004 0.0066227 3.18473
704 0.00277346 0.012272 0.0916921
705 0.0107465 0.00624351 3.2009
706 0.00277363 0.0112049 0.167721
707 0.00979704 0.00587398 3.22597
708 0.0027738 0.0101378 0.297099
709 0.00885909 0.00553517 3.24383
710 0.00277396 0.00907069 0.503738
711 0.00790944 0.00522032 3.25246
712 0.00280483 0.00796606 0.825403
713 0.00692188 0.00491837 3.25208
714 0.00283791 0.00687 1.27516
715 0.00584549 0.00467971 3.18394
716 0.00285489 0.00576511 1.87564
717 0.00477726 0.00440277 3.17726
718 0.00282647 0.00467634 2.61689
719 0.00374562 0.00402823 3.29257
720 0.00276233 0.00362706 3.4737
721 0.00274463 0.00266139 4.40029
722 0.012081 0.0747425 2.28478
723 0.012776 0.074069 2.25537
724 0.0113697 0.0752984 2.282
725 0.0106496 0.0758289 2.30172
726 0.00989062 0.0763446 2.33348
727 0.0134264 0.0732789 2.1882
728 0.00908983 0.0768315 2.36199
729 0.00825916 0.0772643 2.3723
730 0.0141801 0.0723132 2.16705
731 0.00742651 0.0776639 2.38808
732 0.00659544 0.0780604 2.42925
733 0.0145734 0.0712659 1.94931
734 0.00565409 0.078372 2.39501
735 0.0149049 0.07036 1.8051
736 0.00469521 0.0786711 2.37603
737 0.0151945 0.0694727 1.67986
738 0.00372405 0.0791044 2.48829
739 0.0154505 0.0685448 1.55164
740 0.0156893 0.0675913 1.43544
741 0.0159189 0.0665803 1.32407
742 0.0161398 0.0655161 1.21586
743 0.0163708 0.0644454 1.13297
744 0.0166272 0.0633344 1.07119
745 0.0169163 0.0622251 1.03935
746 0.017226 0.061108 1.02061
747 0.0175505 0.0600029 1.00922
748 0.0179442 0.058911 1.04191
749 0.0183462 0.057814 1.07006
750 0.00378742 0.0779916 1.76207
751 0.0187595 0.0567506 1.09786
752 0.0037911 0.0768666 1.1763
753 0.0192224 0.0556947 1.15119
754 0.00372356 0.0757605 0.744444
755 0.019704 0.0546618 1.21039
756 0.00368933 0.0746968 0.455201
757 0.0201727 0.0536295 1.244
758 0.0036895 0.0736297 0.265103
759 0.0206812 0.0526274 1.30052
760 0.00368966 0.0725626 0.14777
761 0.0211755 0.0516405 1.34086
762 0.00368983 0.0714955 0.0799456
763 0.0216751 0.0506581 1.37405
764 0.00369 0.0704284 0.0424737
765 0.0221928 0.0496801 1.413
766 0.00369016 0.0693613 0.0223536
767 0.0226967 0.0487348 1.44751
768 0.00369033 0.0682942 0.0117186
769 0.0231903 0.0478083 1.47668
770 0.0036905 0.0672272 0.00613875
771 0.0236548 0.0468695 1.47736
772 0.00369066 0.0661601 0.00321893
773 0.0241309 0.0459355 1.49097
774 0.00369083 0.065093 0.00169112
775 0.0245861 0.0450146 1.49798
776 0.003691 0.0640259 0.000890627
777 0.0250192 0.044096 1.49584
778 0.00369116 0.0629588 0.000470354
779 0.0254309 0.0431716 1.48485
780 0.00369133 0.0618917 0.00024916
781 0.025825 0.0422504 1.47462
782 0.0036915 0.0608246 0.000132424
783 0.0262022 0.041332 1.46718
784 0.00369166 0.0597575 7.0637e-05
785 0.0265517 0.0404184 1.458
786 0.00369183 0.0586905 3.78308e-05
787 0.026872 0.0395056 1.44587
788 0.003692 0.0576234 2.03536e-05
789 0.0271666 0.0385921 1.4354
790 0.00369216 0.0565563 1.10086e-05
791 0.0274262 0.0376777 1.42068
792 0.00369233 0.0554892 5.99131e-06
793 0.0276573 0.0367594 1.40803
794 0.0036925 0.0544221 3.28491e-06
795 0.0278577 0.0358429 1.39824
796 0.00369267 0.053355 1.81702e-06
797 0.0280256 0.0349228 1.38973
798 0.00369283 0.0522879 1.01568e-06
799 0.0281536 0.0339993 1.37707
800 0.003693 0.0512208 5.74785e-07
801 0.0282519 0.0330734 1.37018
802 0.00369317 0.0501537 3.29927e-07
803 0.0283105 0.0321451 1.36076
804 0.00369333 0.0490867 1.92422e-07
805 0.0283392 0.0312135 1.35819
806 0.0036935 0.0480196 1.14201e-07
807 0.0283285 0.0302798 1.35428
808 0.00369367 0.0469525 6.90598e-08
809 0.0282861 0.0293462 1.35614
810 0.00369383 0.0458854 4.26187e-08
811 0.0282147 0.0284113 1.36637
812 0.003694 0.0448183 2.6938e-08
813 0.0281142 0.0274781 1.38475
814 0.00369417 0.0437512 1.76242e-08
815 0.0279747 0.0265438 1.40272
816 0.00369433 0.0426841 1.22847e-08
817 0.0278035 0.0256132 1.42622
818 0.0036945 0.041617 9.72783e-09
819 0.0275993 0.0246901 1.45338
820 0.00369467 0.0405499 9.60174e-09
821 0.0273666 0.0237734 1.48827
822 0.00369483 0.0394829 1.23395e-08
823 0.0271039 0.0228677 1.52856
824 0.003695 0.0384158 1.93996e-08
825 0.0268107 0.0219746 1.57327
826 0.00369517 0.0373487 3.39075e-08
827 0.026489 0.0210957 1.62361
828 0.00369534 0.0362816 6.19689e-08
829 0.0261407 0.0202346 1.67988
830 0.0036955 0.0352145 1.15197e-07
831 0.0257571 0.0193948 1.73337
832 0.00369567 0.0341474 2.15503e-07
833 0.0253329 0.0185773 1.77937
834 0.00369584 0.0330803 4.04126e-07
835 0.0248822 0.0177837 1.83024
836 0.003696 0.0320132 7.58662e-07
837 0.02442 0.0170073 1.89798
838 0.00369617 0.0309461 1.42517e-06
839 0.0239205 0.0162629 1.95745
840 0.00369634 0.0298791 2.67876e-06
841 0.0235614 0.0154352 2.19355
842 0.0036965 0.028812 5.03815e-06
843 0.0228422 0.0148772 2.05756
844 0.00369667 0.0277449 9.48239e-06
845 0.0222257 0.0142306 2.08262
846 0.00369684 0.0266778 1.78616e-05
847 0.0215854 0.0135917 2.12174
848 0.003697 0.0256107 3.36768e-05
849 0.0209366 0.012948 2.18995
850 0.00369717 0.0245436 6.35625e-05
851 0.0202058 0.0123719 2.19693
852 0.00369734 0.0234765 0.000120111
853 0.0194837 0.0118412 2.20712
854 0.0036975 0.0224094 0.000227264
855 0.0187323 0.0113033 2.23445
856 0.00369767 0.0213424 0.000430613
857 0.0179383 0.0107736 2.26196
858 0.00369784 0.0202753 0.000817123
859 0.0171194 0.0102662 2.28715
860 0.003698 0.0192082 0.00155289
861 0.0162819 0.00978847 2.30653
862 0.00369817 0.0181411 0.00295534
863 0.0154447 0.00933457 2.32937
864 0.00369834 0.017074 0.00563067
865 0.0145989 0.00890973 2.34549
866 0.00369851 0.0160069 0.0107323
867 0.0137169 0.00850257 2.35196
868 0.00369867 0.0149398 0.0204354
869 0.0127838 0.00809092 2.3616
870 0.00369884 0.0138727 0.0387649
871 0.0118363 0.00768545 2.37855
872 0.00369901 0.0128056 0.0729001
873 0.0108771 0.00730079 2.39221
874 0.00369917 0.0117386 0.134827
875 0.0099278 0.00692911 2.41239
876 0.00369934 0.0106715 0.242506
877 0.00900098 0.0065951 2.42386
878 0.00369951 0.00960438 0.419209
879 0.00808516 0.00627621 2.43964
880 0.00372565 0.00849139 0.704591
881 0.0071572 0.00595541 2.46538
882 0.00376614 0.00737209 1.12197
883 0.00617824 0.00564603 2.48353
884 0.00384148 0.00624062 1.70052
885 0.00497408 0.00558628 2.28538
886 0.00384823 0.00512738 2.42976
887 0.011127 0.0742737 1.58159
888 0.0118397 0.0738235 1.64897
889 0.0104476 0.0747839 1.59896
890 0.00974182 0.0753002 1.63883
891 0.00903508 0.0758117 1.70247
892 0.0129231 0.0722312 1.38992
893 0.00823764 0.0762599 1.72288
894 0.00741449 0.0766019 1.6977
895 0.0134683 0.0713859 1.31812
896 0.00662272 0.0770027 1.74043
897 0.00588167 0.0774782 1.85978
898 0.0138658 0.070488 1.19752
899 0.00486781 0.0774704 1.63706
900 0.0141445 0.069627 1.06398
901 0.0144129 0.0687531 0.954347
902 0.014664 0.0678319 0.852906
903 0.0148977 0.0668531 0.756506
904 0.0151117 0.0658367 0.667184
905 0.0153222 0.064751 0.584752
906 0.0155545 0.0636543 0.526425
907 0.0158326 0.0625304 0.493647
908 0.016139 0.0613985 0.476176
909 0.0164282 0.0602475 0.450023
910 0.0167994 0.0591414 0.458143
911 0.0172603 0.0580225 0.500893
912 0.0176067 0.0568831 0.485086
913 0.0180599 0.055829 0.514896
914 0.00471079 0.0762327 1.019
915 0.018591 0.0547648 0.579234
916 0.00461191 0.0751854 0.64634
917 0.0190716 0.0537093 0.60928
918 0.00458154 0.0741411 0.39342
919 0.0195443 0.0527022 0.634377
920 0.00461366 0.0731085 0.230396
921 0.0200727 0.0517127 0.6835
922 0.00461537 0.0720292 0.126546
923 0.0205868 0.0507195 0.718205
924 0.00461554 0.0709621 0.0681476
925 0.0211014 0.0497347 0.747231
926 0.00461571 0.069895 0.0361365
927 0.021626 0.0487711 0.780743
928 0.00461587 0.0688279 0.0190185
929 0.0221122 0.0478497 0.801281
930 0.00461604 0.0677609 0.00998208
931 0.0225935 0.0469204 0.815697
932 0.00461621 0.0666938 0.0052393
933 0.0230714 0.0459836 0.82468
934 0.00461637 0.0656267 0.00275418
935 0.0235313 0.045061 0.829214
936 0.00461654 0.0645596 0.00145138
937 0.0239614 0.0441603 0.827095
938 0.00461671 0.0634925 0.000767236
939 0.0243773 0.0432539 0.821239
940 0.00461687 0.0624254 0.000407064
941 0.0247719 0.0423445 0.809869
942 0.00461704 0.0613583 0.000216868
943 0.0251468 0.0414408 0.798272
944 0.00461721 0.0602912 0.00011608
945 0.0255043 0.0405411 0.788623
946 0.00461738 0.0592241 6.24659e-05
947 0.025828 0.0396499 0.775105
948 0.00461754 0.0581571 3.38243e-05
949 0.0261261 0.038764 0.762478
950 0.00461771 0.05709 1.84502e-05
951 0.0263953 0.0378778 0.749253
952 0.00461788 0.0560229 1.01524e-05
953 0.02663 0.03699 0.733255
954 0.00461804 0.0549558 5.64482e-06
955 0.0268354 0.0361018 0.718875
956 0.00461821 0.0538887 3.17743e-06
957 0.0270153 0.0352172 0.709489
958 0.00461838 0.0528216 1.8143e-06
959 0.0271595 0.034329 0.699575
960 0.00461854 0.0517545 1.05288e-06
961 0.0272675 0.0334391 0.68948
962 0.00461871 0.0506874 6.21961e-07
963 0.0273404 0.0325473 0.680433
964 0.00461888 0.0496203 3.74379e-07
965 0.027384 0.0316529 0.676187
966 0.00461904 0.0485533 2.29705e-07
967 0.0273903 0.0307541 0.672715
968 0.00461921 0.0474862 1.4361e-07
969 0.0273647 0.0298536 0.673422
970 0.00461938 0.0464191 9.14172e-08
971 0.0273105 0.0289515 0.680428
972 0.00461954 0.045352 5.92258e-08
973 0.0272288 0.0280493 0.694486
974 0.00461971 0.0442849 3.91206e-08
975 0.0271177 0.0271503 0.71422
976 0.00461988 0.0432178 2.65707e-08
977 0.0269693 0.0262495 0.735782
978 0.00462004 0.0421507 1.90328e-08
979 0.0267873 0.0253524 0.760757
980 0.00462021 0.0410836 1.52361e-08
981 0.0265723 0.0244645 0.788969
982 0.00462038 0.0400165 1.48939e-08
983 0.0263332 0.0235846 0.825339
984 0.00462055 0.0389495 1.87514e-08
985 0.026067 0.0227149 0.868051
986 0.00462071 0.0378824 2.90103e-08
987 0.0257697 0.0218612 0.913158
988 0.00462088 0.0368153 5.03186e-08
989 0.0254463 0.0210258 0.963028
990 0.00462105 0.0357482 9.17472e-08
991 0.0251135 0.0202015 1.02914
992 0.00462121 0.0346811 1.70578e-07
993 0.0247193 0.0194087 1.07345
994 0.00462138 0.033614 3.19487e-07
995 0.02427 0.0186566 1.10272
996 0.00462155 0.0325469 6.00116e-07
997 0.0238156 0.0178735 1.16349
998 0.00462171 0.0314798 1.12872e-06
999 0.0233215 0.0170575 1.24334
1000 0.00462188 0.0304127 2.12467e-06
1001 0.00277837 0.0807748 3.67956
1002 0.00462205 0.0293457 4.00221e-06
1003 0.0164015 0.0351348 4.46959e-05
1004 0.00462221 0.0282786 7.54443e-06
1005 0.0219331 0.0152961 1.37488
1006 0.00462238 0.0272115 1.42333e-05
1007 0.021243 0.0146066 1.40544
1008 0.00462255 0.0261444 2.68773e-05
1009 0.0206109 0.0139462 1.47236
1010 0.00462271 0.0250773 5.08055e-05
1011 0.0200706 0.0132526 1.62031
1012 0.00462288 0.0240102 9.6146e-05
1013 0.0192672 0.0128721 1.51076
1014 0.00462305 0.0229431 0.000182177
1015 0.0185665 0.0123598 1.53682
1016 0.00462321 0.021876 0.000345653
1017 0.0178245 0.0118215 1.58016
1018 0.00462338 0.020809 0.000656754
1019 0.0170406 0.0113079 1.61315
1020 0.00462355 0.0197419 0.00124967
1021 0.0162286 0.0108333 1.63154
1022 0.00462372 0.0186748 0.00238116
1023 0.0154121 0.0103938 1.6453
1024 0.00462388 0.0176077 0.00454238
1025 0.0145922 0.00996953 1.66284
1026 0.00462405 0.0165406 0.00867043
1027 0.0137579 0.00955645 1.68214
1028 0.00462422 0.0154735 0.0165407
1029 0.0128731 0.00914983 1.69694
1030 0.00462438 0.0144064 0.0314662
1031 0.0119436 0.00873986 1.71557
1032 0.00462455 0.0133393 0.0594465
1033 0.0110011 0.00835448 1.72863
1034 0.00462472 0.0122722 0.110811
1035 0.0100532 0.00798954 1.73958
1036 0.00462488 0.0112052 0.201722
1037 0.00911759 0.00765444 1.74564
1038 0.00463632 0.0101149 0.358535
1039 0.00820674 0.00735237 1.74677
1040 0.00464591 0.00901052 0.60997
1041 0.00733344 0.00702744 1.77868
1042 0.00466714 0.0079085 0.981726
1043 0.0064571 0.00668237 1.83202
1044 0.00472832 0.00674993 1.52958
1045 0.00558661 0.00639367 1.86399
1046 0.0111166 0.0731222 1.06049
1047 0.0102638 0.0737281 1.05929
1048 0.00951852 0.0742591 1.08028
1049 0.00885665 0.0747768 1.14011
1050 0.00826348 0.075367 1.27088
1051 0.0123287 0.0712538 0.80734
1052 0.00741197 0.0755299 1.15113
1053 0.00653867 0.0759055 1.15747
1054 0.0129404 0.0705831 0.828901
1055 0.00567714 0.076544 1.30261
1056 0.0131028 0.0697319 0.662558
1057 0.0133606 0.0689147 0.568276
1058 0.0136289 0.0680518 0.492497
1059 0.0138755 0.0671224 0.421118
1060 0.0140942 0.06612 0.352442
1061 0.0142869 0.0650828 0.291478
1062 0.0144641 0.0639713 0.236181
1063 0.0147229 0.0628502 0.209567
1064 0.0150538 0.0617132 0.20264
1065 0.0153452 0.0605675 0.18935
1066 0.0155431 0.0593271 0.154842
1067 0.0161463 0.058223 0.201869
1068 0.0165361 0.0571216 0.207552
1069 0.0167311 0.0558771 0.161828
1070 0.0175095 0.0548461 0.246158
1071 0.0179608 0.0538022 0.258395
1072 0.0053867 0.0746109 0.561858
1073 0.0183719 0.0527715 0.25746
1074 0.00555272 0.0737026 0.368496
1075 0.0189254 0.0517676 0.291429
1076 0.00552972 0.0726031 0.206561
1077 0.0194898 0.0507818 0.327861
1078 0.00552819 0.0715054 0.111993
1079 0.0200054 0.0497876 0.346638
1080 0.00554125 0.0704287 0.0600756
1081 0.0205288 0.0488198 0.367946
1082 0.00554142 0.0693616 0.0318956
1083 0.0210349 0.0478864 0.386756
1084 0.00554158 0.0682945 0.0168294
1085 0.0215268 0.0469633 0.40065
1086 0.00554175 0.0672275 0.00886584
1087 0.0220016 0.0460444 0.408921
1088 0.00554192 0.0661604 0.00467357
1089 0.0224599 0.0451227 0.411355
1090 0.00554208 0.0650933 0.00246938
1091 0.022905 0.0442129 0.412196
1092 0.00554225 0.0640262 0.00130957
1093 0.023327 0.0433164 0.409497
1094 0.00554242 0.0629591 0.000697714
1095 0.0237196 0.0424262 0.401645
1096 0.00554259 0.061892 0.000373717
1097 0.0240939 0.0415362 0.392077
1098 0.00554275 0.0608249 0.000201393
1099 0.0244455 0.0406527 0.381552
1100 0.00554292 0.0597578 0.000109295
1101 0.0247797 0.0397734 0.37233
1102 0.00554309 0.0586907 5.98101e-05
1103 0.0250821 0.0389078 0.361885
1104 0.00554325 0.0576237 3.30575e-05
1105 0.0253607 0.0380507 0.352767
1106 0.00554342 0.0565566 1.84882e-05
1107 0.025604 0.0371921 0.341415
1108 0.00554359 0.0554895 1.04846e-05
1109 0.0258085 0.0363282 0.327018
1110 0.00554375 0.0544224 6.04189e-06
1111 0.0259905 0.0354732 0.3165
1112 0.00554392 0.0533553 3.54481e-06
1113 0.0261636 0.0346256 0.314018
1114 0.00554409 0.0522882 2.12036e-06
1115 0.0262816 0.0337684 0.305719
1116 0.00554425 0.0512211 1.29384e-06
1117 0.0263613 0.0329142 0.296649
1118 0.00554442 0.050154 8.0514e-07
1119 0.0264223 0.0320565 0.293751
1120 0.00554459 0.0490869 5.10384e-07
1121 0.0264449 0.0311944 0.290878
1122 0.00554475 0.0480199 3.28996e-07
1123 0.0264304 0.0303296 0.288964
1124 0.00554492 0.0469528 2.15197e-07
1125 0.0263946 0.0294591 0.293067
1126 0.00554509 0.0458857 1.42547e-07
1127 0.0263291 0.0285872 0.300915
1128 0.00554526 0.0448186 9.55071e-08
1129 0.0262366 0.0277186 0.313255
1130 0.00554542 0.0437515 6.48033e-08
1131 0.0261219 0.0268565 0.331588
1132 0.00554559 0.0426844 4.48624e-08
1133 0.0259657 0.0259864 0.350478
1134 0.00554576 0.0416173 3.24099e-08
1135 0.0257621 0.0251287 0.367435
1136 0.00554592 0.0405502 2.57542e-08
1137 0.0255401 0.024275 0.391922
1138 0.00554609 0.0394831 2.4539e-08
1139 0.0252971 0.0234282 0.423301
1140 0.00554626 0.0384161 2.99157e-08
1141 0.0250412 0.0225937 0.464179
1142 0.00554642 0.037349 4.52445e-08
1143 0.0247282 0.0217803 0.497058
1144 0.00554659 0.0362819 7.76441e-08
1145 0.0244005 0.0209891 0.53787
1146 0.00554676 0.0352148 1.41055e-07
1147 0.024219 0.0201655 0.654326
1148 0.00554692 0.0341477 2.62103e-07
1149 0.023645 0.0195473 0.599392
1150 0.00554709 0.0330806 4.91235e-07
1151 0.0232242 0.0187803 0.649526
1152 0.00554726 0.0320135 9.23795e-07
1153 0.0227636 0.0179862 0.712631
1154 0.00554742 0.0309464 1.73992e-06
1155 0.0222613 0.0171593 0.792365
1156 0.00554759 0.0298793 3.2801e-06
1157 0.0216357 0.0163545 0.849034
1158 0.00554776 0.0288123 6.18853e-06
1159 0.00554792 0.0277452 1.16853e-05
1160 0.0208953 0.015621 0.873109
1161 0.00554809 0.0266781 2.20837e-05
1162 0.0201841 0.0149012 0.921341
1163 0.00554826 0.025611 4.17763e-05
1164 0.0130417 0.0621055 0.0374139
1165 0.00554843 0.0245439 7.91152e-05
1166 0.0109842 0.015731 0.0461052
1167 0.00554859 0.0234768 0.000150005
1168 0.0184411 0.0134404 1.0071
1169 0.00554876 0.0224097 0.000284781
1170 0.0176705 0.0128817 1.03803
1171 0.00554893 0.0213426 0.000541388
1172 0.0169442 0.0123361 1.09022
1173 0.00554909 0.0202756 0.00103066
1174 0.0161632 0.0118629 1.10791
1175 0.00554926 0.0192085 0.00196482
1176 0.0153647 0.0114478 1.10995
1177 0.00554943 0.0181414 0.0037502
1178 0.014566 0.0110299 1.12386
1179 0.00554959 0.0170743 0.00716345
1180 0.0137591 0.0106191 1.14235
1181 0.00554976 0.0160072 0.013681
1182 0.0129167 0.0102062 1.16364
1183 0.00554993 0.0149401 0.0260757
1184 0.0120266 0.0098002 1.18196
1185 0.00555009 0.013873 0.0494253
1186 0.011112 0.0094003 1.20242
1187 0.00556393 0.0127912 0.093531
1188 0.0101822 0.00903608 1.21281
1189 0.00558116 0.0117066 0.173528
1190 0.00924128 0.00871284 1.20975
1191 0.00559161 0.0106029 0.314025
1192 0.00831297 0.00843491 1.19507
1193 0.00558193 0.0095101 0.537848
1194 0.00738766 0.00813559 1.19997
1195 0.0055761 0.0084254 0.869811
1196 0.006486 0.00777443 1.24517
1197 0.00559998 0.0073741 1.32061
1198 0.0117339 0.0721134 0.890933
1199 0.00562103 0.0754826 0.849785
1200 0.0100393 0.0727041 0.662302
1201 0.0092902 0.0732843 0.690435
1202 0.00849898 0.073865 0.731879
1203 0.00775366 0.0745041 0.819147
1204 0.0119833 0.0701013 0.446684
1205 0.0064917 0.074565 0.652228
1206 0.0122815 0.0691022 0.342349
1207 0.0125828 0.0682381 0.283407
1208 0.0128462 0.0673433 0.23226
1209 0.0130875 0.0664196 0.190416
1210 0.0132841 0.0654238 0.150939
1211 0.0134223 0.0643485 0.112816
1212 0.0135004 0.0631565 0.0767954
1213 0.0139779 0.0619922 0.0831688
1214 0.0142588 0.0609221 0.0764547
1215 0.0144667 0.0598977 0.0678044
1216 0.0150206 0.0581658 0.065544
1217 0.0155863 0.0573986 0.0956087
1218 0.01562 0.0564319 0.0711673
1219 0.0163738 0.0547189 0.0804104
1220 0.0170143 0.05399 0.121928
1221 0.0171044 0.0528856 0.0848813
1222 0.0177517 0.0518064 0.106492
1223 0.00643668 0.0732129 0.342092
1224 0.0183479 0.0508137 0.126659
1225 0.00642492 0.07205 0.18532
1226 0.0188897 0.0498318 0.141424
1227 0.00644267 0.0709512 0.100584
1228 0.0194219 0.0488583 0.152975
1229 0.0064571 0.0698851 0.0543684
1230 0.019934 0.0479189 0.163763
1231 0.00646713 0.0688282 0.0292227
1232 0.0204468 0.047 0.175441
1233 0.0064673 0.0677611 0.0155195
1234 0.0209383 0.0460799 0.182888
1235 0.00646746 0.0666941 0.00821987
1236 0.0214006 0.0451705 0.185991
1237 0.00646763 0.065627 0.00436011
1238 0.0218459 0.0442603 0.186306
1239 0.0064678 0.0645599 0.00232517
1240 0.022273 0.0433681 0.185464
1241 0.00646796 0.0634928 0.00124814
1242 0.0226715 0.0424906 0.182207
1243 0.00646813 0.0624257 0.000674621
1244 0.0230427 0.0416176 0.176466
1245 0.0064683 0.0613586 0.000367395
1246 0.0233976 0.0407466 0.170347
1247 0.00646846 0.0602915 0.000201854
1248 0.0237291 0.0398814 0.16356
1249 0.00646863 0.0592244 0.000112114
1250 0.0240346 0.039027 0.156685
1251 0.0064688 0.0581573 6.30939e-05
1252 0.0243148 0.038193 0.150659
1253 0.00646896 0.0570903 3.60531e-05
1254 0.0245885 0.0373705 0.147773
1255 0.00646913 0.0560232 2.09627e-05
1256 0.0247956 0.0365298 0.138729
1257 0.0064693 0.0549561 1.24272e-05
1258 0.0249615 0.0356883 0.128052
1259 0.00646946 0.053889 7.52148e-06
1260 0.0251318 0.0348663 0.123859
1261 0.00646963 0.0528219 4.64838e-06
1262 0.0254516 0.0340865 0.147805
1263 0.0064698 0.0517548 2.93055e-06
1264 0.0253764 0.0332553 0.117146
1265 0.00646996 0.0506877 1.8813e-06
1266 0.0254518 0.0324176 0.11464
1267 0.00647013 0.0496206 1.22691e-06
1268 0.0256673 0.0316076 0.138645
1269 0.0064703 0.0485535 8.10786e-07
1270 0.0254857 0.0307729 0.111243
1271 0.00647047 0.0474865 5.41551e-07
1272 0.02547 0.0299371 0.113039
1273 0.00647063 0.0464194 3.64761e-07
1274 0.025423 0.0290936 0.117046
1275 0.0064708 0.0453523 2.47298e-07
1276 0.0253462 0.0282513 0.123053
1277 0.00647097 0.0442852 1.68623e-07
1278 0.025237 0.0274105 0.131236
1279 0.00647113 0.0432181 1.15801e-07
1280 0.0252886 0.0265543 0.171624
1281 0.0064713 0.042151 8.06509e-08
1282 0.0249421 0.025768 0.153826
1283 0.00647147 0.0410839 5.81263e-08
1284 0.0247335 0.0249417 0.166601
1285 0.00647163 0.0400168 4.54765e-08
1286 0.0245132 0.0241124 0.185912
1287 0.0064718 0.0389497 4.19934e-08
1288 0.0242599 0.023298 0.207631
1289 0.00647197 0.0378827 4.93436e-08
1290 0.0241595 0.02245 0.270011
1291 0.00647213 0.0368156 7.26994e-08
1292 0.0236643 0.0217158 0.256405
1293 0.0064723 0.0357485 1.23195e-07
1294 0.0246053 0.0315841 0.0433042
1295 0.00647247 0.0346814 2.22769e-07
1296 0.0145169 0.0405437 6.86787e-05
1297 0.00647263 0.0336143 4.13458e-07
1298 0.0226868 0.0197301 0.336163
1299 0.0064728 0.0325472 7.7505e-07
1300 0.0222014 0.0189257 0.373118
1301 0.00647297 0.0314801 1.45856e-06
1302 0.0217443 0.0181245 0.429613
1303 0.00647313 0.030413 2.74968e-06
1304 0.0212007 0.017353 0.476545
1305 0.0064733 0.0293459 5.18915e-06
1306 0.0205412 0.0166409 0.503184
1307 0.00647347 0.0282789 9.80137e-06
1308 0.00647364 0.0272118 1.85291e-05
1309 0.0198293 0.01592 0.537109
1310 0.0064738 0.0261447 3.50615e-05
1311 0.0190872 0.0151883 0.581862
1312 0.00647397 0.0250776 6.64135e-05
1313 0.00647414 0.0240105 0.000125943
1314 0.0182848 0.0145138 0.616201
1315 0.0064743 0.0229434 0.000239129
1316 0.0174667 0.0139223 0.640135
1317 0.00647447 0.0218763 0.000454634
1318 0.0167429 0.0133814 0.675482
1319 0.00647464 0.0208092 0.000865548
1320 0.0161442 0.0127681 0.767383
1321 0.0064748 0.0197422 0.00165012
1322 0.0153187 0.0125443 0.697814
1323 0.00647497 0.0186751 0.00314981
1324 0.0145376 0.0120964 0.720256
1325 0.00647514 0.017608 0.00601799
1326 0.0137315 0.0116799 0.735387
1327 0.0064753 0.0165409 0.0114999
1328 0.0129021 0.0112687 0.75149
1329 0.00647547 0.0154738 0.0219441
1330 0.0120587 0.0108617 0.770513
1331 0.00647564 0.0144067 0.0417064
1332 0.0111821 0.0104575 0.791215
1333 0.00649638 0.0133209 0.0794899
1334 0.0102903 0.0100708 0.810591
1335 0.00651798 0.0122325 0.148948
1336 0.00938502 0.009723 0.822472
1337 0.00655921 0.0111025 0.27686
1338 0.00841157 0.00947912 0.792509
1339 0.00654571 0.0099711 0.48964
1340 0.0117823 0.0560441 0.00138623
1341 0.00650155 0.00886785 0.802612
1342 0.0108002 0.0721229 0.659891
1343 0.0111095 0.0710641 0.464853
1344 0.014483 0.0589667 0.0507182
1345 0.0154956 0.055368 0.0417742
1346 0.00915424 0.0722673 0.422202
1347 0.00828198 0.072905 0.450848
1348 0.00733244 0.0725243 0.294795
1349 0.0111911 0.0692137 0.207848
1350 0.0114905 0.06835 0.160981
1351 0.0117992 0.0675345 0.131858
1352 0.0120937 0.0666511 0.106593
1353 0.0122775 0.0657378 0.081206
1354 0.0124596 0.0647883 0.0629244
1355 0.0124803 0.0637067 0.0408404
1356 0.0123228 0.0626549 0.0227952
1357 0.0131701 0.0611432 0.0292597
1358 0.0133971 0.060179 0.0263167
1359 0.0146157 0.0570618 0.0326421
1360 0.0161249 0.0536155 0.0454551
1361 0.0165647 0.0517118 0.0333898
1362 0.0172136 0.0508027 0.044549
1363 0.0177941 0.0498547 0.053811
1364 0.00734788 0.0714374 0.166347
1365 0.0182699 0.0488911 0.0562956
1366 0.0073615 0.0703847 0.0927065
1367 0.0188127 0.0479374 0.0626463
1368 0.00738114 0.0693448 0.0512402
1369 0.0193525 0.0470143 0.069593
1370 0.00741244 0.0683004 0.0282011
1371 0.0198631 0.0461111 0.0752176
1372 0.00743994 0.0672498 0.0153495
1373 0.0203331 0.0452094 0.0778616
1374 0.00743152 0.066179 0.00816136
1375 0.0207852 0.0443093 0.0789819
1376 0.00740513 0.0651006 0.00432892
1377 0.0212101 0.0434204 0.0785088
1378 0.00739351 0.0640265 0.00233255
1379 0.0216179 0.0425419 0.0773851
1380 0.00739367 0.0629594 0.00127876
1381 0.0219956 0.041681 0.0751572
1382 0.00739384 0.0618923 0.000706562
1383 0.0223468 0.0408279 0.0720025
1384 0.00739401 0.0608252 0.000394118
1385 0.02268 0.0399747 0.0685553
1386 0.00739417 0.0597581 0.000222925
1387 0.0229861 0.039127 0.064614
1388 0.00739434 0.058691 0.000128341
1389 0.0232682 0.0382922 0.060818
1390 0.00739451 0.0576239 7.52808e-05
1391 0.0235324 0.0374981 0.0584146
1392 0.00739467 0.0565569 4.50388e-05
1393 0.0239332 0.0367556 0.0677283
1394 0.00739484 0.0554898 2.75336e-05
1395 0.0239474 0.035916 0.0515661
1396 0.00739501 0.0544227 1.72126e-05
1397 0.024116 0.0349996 0.0465158
1398 0.00739518 0.0533556 1.09827e-05
1399 0.0203115 0.0334178 0.000782887
1400 0.00739534 0.0522885 7.1324e-06
1401 0.0235237 0.0308471 0.0140569
1402 0.00739551 0.0512214 4.70015e-06
1403 0.0244497 0.0327429 0.0411265
1404 0.00739568 0.0501543 3.13393e-06
1405 0.0224099 0.0237664 0.0436302
1406 0.00739584 0.0490872 2.10901e-06
1407 0.0020361 0.0824673 5.23009
1408 0.00739601 0.0480201 1.42924e-06
1409 0.0245524 0.0304837 0.0419725
1410 0.00739618 0.0469531 9.73413e-07
1411 0.0245048 0.029566 0.0432462
1412 0.00739634 0.045886 6.65191e-07
1413 0.0244589 0.0287424 0.0465617
1414 0.00739651 0.0448189 4.55565e-07
1415 0.0243691 0.0278265 0.0513485
1416 0.00739668 0.0437518 3.12593e-07
1417 0.00744339 0.00924662 0.76632
1418 0.00739684 0.0426847 2.15257e-07
1419 0.0138925 0.0744139 3.23858
1420 0.00739701 0.0416176 1.49721e-07
1421 0.0239428 0.0257122 0.064839
1422 0.00739718 0.0405505 1.07109e-07
1423 0.0237402 0.0247935 0.0775049
1424 0.00739734 0.0394834 8.23134e-08
1425 0.0234815 0.0238779 0.091365
1426 0.00739751 0.0384163 7.36426e-08
1427 0.0243933 0.0339323 0.0470904
1428 0.00739768 0.0373493 8.33555e-08
1429 0.0229132 0.0364833 0.0227501
1430 0.00739784 0.0362822 1.19464e-07
1431 0.0226477 0.021722 0.132845
1432 0.00739801 0.0352151 1.99666e-07
1433 0.0221412 0.02074 0.155641
1434 0.00739818 0.034148 3.59127e-07
1435 0.00739835 0.0330809 6.65452e-07
1436 0.0216239 0.0198587 0.179967
1437 0.00739851 0.0320138 1.24719e-06
1438 0.0211478 0.0190536 0.210866
1439 0.00739868 0.0309467 2.34791e-06
1440 0.0208381 0.0182442 0.272783
1441 0.00739885 0.0298796 4.42891e-06
1442 0.0201627 0.0176997 0.263308
1443 0.00739901 0.0288126 8.36414e-06
1444 0.0194891 0.0169518 0.292277
1445 0.00739918 0.0277455 1.58109e-05
1446 0.00739935 0.0266784 2.99157e-05
1447 0.0187804 0.0162449 0.32091
1448 0.00739951 0.0256113 5.66597e-05
1449 0.0180289 0.0155696 0.348599
1450 0.00739968 0.0245442 0.000107429
1451 0.00739985 0.0234771 0.000203933
1452 0.0172353 0.0149439 0.372366
1453 0.00740001 0.02241 0.00038762
1454 0.0164398 0.0143504 0.398185
1455 0.00740018 0.0213429 0.000737754
1456 0.0155838 0.0136558 0.444169
1457 0.00740035 0.0202758 0.0014061
1458 0.00740051 0.0192088 0.00268341
1459 0.0145717 0.013192 0.439522
1460 0.00740068 0.0181417 0.00512575
1461 0.0137174 0.0127428 0.450313
1462 0.00740085 0.0170746 0.00979464
1463 0.0128926 0.0123294 0.461448
1464 0.00740101 0.0160075 0.0187054
1465 0.012064 0.0119243 0.474944
1466 0.00740657 0.0149256 0.0359242
1467 0.0112173 0.0115176 0.491686
1468 0.00742012 0.0138555 0.0680879
1469 0.0103637 0.0111183 0.511149
1470 0.00745019 0.0127752 0.128119
1471 0.0094882 0.0107385 0.528829
1472 0.00749735 0.0116545 0.239751
1473 0.0086501 0.0103625 0.556447
1474 0.00759206 0.0103659 0.465355
1475 0.0100093 0.0716269 0.409275
1476 0.0108874 0.0700793 0.274447
1477 0.0135858 0.0591765 0.0224264
1478 0.0137888 0.0579833 0.017769
1479 0.0145148 0.0560035 0.0200954
1480 0.015268 0.0543061 0.0233336
1481 0.00825011 0.0718683 0.26777
1482 0.0103666 0.0683952 0.0926234
1483 0.010745 0.0675689 0.0734837
1484 0.011223 0.0668741 0.0695072
1485 0.0112682 0.0660269 0.046954
1486 0.0114465 0.0650951 0.0342453
1487 0.0117083 0.0642104 0.0285235
1488 0.011371 0.0632348 0.0136076
1489 0.0121965 0.0602536 0.00848057
1490 0.016042 0.0506075 0.0134762
1491 0.0168007 0.0498939 0.0219695
1492 0.0170938 0.0489412 0.0193939
1493 0.00827784 0.0708287 0.155861
1494 0.0176305 0.0479474 0.0213535
1495 0.008282 0.0698541 0.0906524
1496 0.0182376 0.0470134 0.0258093
1497 0.00831838 0.0688285 0.0519174
1498 0.018783 0.0461139 0.0291873
1499 0.008412 0.0678294 0.0302842
1500 0.0192749 0.0452289 0.031323
1501 0.00843505 0.0667511 0.0163277
1502 0.0197309 0.0443459 0.0322895
1503 0.00836121 0.0656382 0.00846254
1504 0.0201578 0.0434634 0.0323224
1505 0.00830958 0.0645541 0.00452672
1506 0.0205575 0.0425925 0.0317082
1507 0.00830846 0.0634853 0.00252896
1508 0.0209411 0.0417324 0.0308891
1509 0.00833413 0.0624323 0.00145034
1510 0.021297 0.0408901 0.029681
1511 0.00834228 0.0613746 0.000830946
1512 0.0216332 0.0400563 0.0282927
1513 0.00833123 0.0603033 0.000476573
1514 0.021945 0.0392202 0.0266014
1515 0.00831988 0.0592247 0.000278246
1516 0.0222322 0.0383761 0.0246441
1517 0.00832005 0.0581576 0.00016837
1518 0.0225285 0.0375062 0.0231766
1519 0.00832022 0.0570905 0.000103715
1520 0.0192979 0.0383028 0.00174028
1521 0.00832039 0.0560235 6.52229e-05
1522 0.0231669 0.0228311 0.112626
1523 0.00832055 0.0549564 4.21043e-05
1524 0.0230426 0.0353555 0.017948
1525 0.00832072 0.0538893 2.76602e-05
1526 0.023235 0.0343033 0.016158
1527 0.00832089 0.0528222 1.84103e-05
1528 0.0233691 0.0331978 0.014504
1529 0.00832105 0.0517551 1.23755e-05
1530 0.00832122 0.050688 8.37954e-06
1531 0.00832139 0.0496209 5.70582e-06
1532 0.0234635 0.0320293 0.0136464
1533 0.00832155 0.0485538 3.90181e-06
1534 0.0237409 0.0299774 0.0192676
1535 0.00832172 0.0474867 2.67489e-06
1536 0.00832189 0.0464197 1.83609e-06
1537 0.0235277 0.0292211 0.0167476
1538 0.00832205 0.0453526 1.26065e-06
1539 0.0236311 0.0283894 0.0224743
1540 0.00832222 0.0442855 8.65133e-07
1541 0.0233225 0.0275774 0.0201218
1542 0.00832239 0.0432184 5.93454e-07
1543 0.0231136 0.0265063 0.0237783
1544 0.00832255 0.0421513 4.07693e-07
1545 0.00832272 0.0410842 2.82193e-07
1546 0.0229026 0.0254617 0.0300869
1547 0.00832289 0.0400171 2.00041e-07
1548 0.0228469 0.0245801 0.0425576
1549 0.00832305 0.03895 1.51094e-07
1550 0.00832322 0.0378829 1.31283e-07
1551 0.0219962 0.0227468 0.0536833
1552 0.00832339 0.0368159 1.43394e-07
1553 0.00832356 0.0357488 1.99914e-07
1554 0.021525 0.0217319 0.0666224
1555 0.00832372 0.0346817 3.29374e-07
1556 0.0210302 0.020791 0.0817767
1557 0.00832389 0.0336146 5.89021e-07
1558 0.00832406 0.0325475 1.08931e-06
1559 0.0205162 0.0198709 0.101412
1560 0.00832422 0.0314804 2.04059e-06
1561 0.0199921 0.0188602 0.134362
1562 0.00832439 0.0304133 3.8419e-06
1563 0.00832456 0.0293462 7.24951e-06
1564 0.019187 0.018041 0.148749
1565 0.00832472 0.0282792 1.36974e-05
1566 0.0184855 0.0172937 0.168624
1567 0.00832489 0.0272121 2.5907e-05
1568 0.00832506 0.026145 4.90496e-05
1569 0.0177666 0.0166109 0.18753
1570 0.00832522 0.0250779 9.29639e-05
1571 0.0170148 0.0159878 0.203955
1572 0.00832539 0.0240108 0.000176396
1573 0.00832556 0.0229437 0.000335116
1574 0.0162396 0.0154112 0.218817
1575 0.00832572 0.0218766 0.00063747
1576 0.0154419 0.0148307 0.237274
1577 0.00832589 0.0208095 0.00121421
1578 0.0145796 0.0142932 0.250868
1579 0.00832606 0.0197424 0.00231567
1580 0.00832623 0.0186754 0.00442494
1581 0.0136963 0.0138336 0.258198
1582 0.00832515 0.0176033 0.00847373
1583 0.0128516 0.0133971 0.26705
1584 0.00831821 0.0165146 0.0163443
1585 0.012017 0.0129795 0.276675
1586 0.00832452 0.0154421 0.0312373
1587 0.0111761 0.0125702 0.288048
1588 0.00834405 0.01437 0.0594467
1589 0.010303 0.0121518 0.30233
1590 0.00837894 0.0133113 0.110989
1591 0.0094291 0.0117319 0.320347
1592 0.00843063 0.012272 0.200849
1593 0.00847123 0.0112622 0.345928
1594 0.0100833 0.0706048 0.255197
1595 0.010059 0.0694142 0.13746
1596 0.0121716 0.0615002 0.0133897
1597 0.0112733 0.0620458 0.00765152
1598 0.0127436 0.0594686 0.0117129
1599 0.0136118 0.0567216 0.0103298
1600 0.0149138 0.0524053 0.00837325
1601 0.0150844 0.0533137 0.0137061
1602 0.0153009 0.0515197 0.00860039
1603 0.0126793 0.0584631 0.00742495
1604 0.0143458 0.0549194 0.0113773
1605 0.00951187 0.0674362 0.0371005
1606 0.0103123 0.0665658 0.0354996
1607 0.0103723 0.0653804 0.019714
1608 0.0107923 0.064263 0.015022
1609 0.0158722 0.0493116 0.0068792
1610 0.0163109 0.0479627 0.00618416
1611 0.0170926 0.0469723 0.0089775
1612 0.00905685 0.0693575 0.0914446
1613 0.0176964 0.0460827 0.0108844
1614 0.0182147 0.0452198 0.0121873
1615 0.0186764 0.0443573 0.012827
1616 0.00936036 0.0661506 0.0176429
1617 0.0191019 0.0434965 0.0130131
1618 0.00924113 0.0650603 0.00914713
1619 0.0195047 0.0426339 0.012881
1620 0.00918118 0.063994 0.00513224
1621 0.0198838 0.0417817 0.0125198
1622 0.00926169 0.0629717 0.00314295
1623 0.0202424 0.0409398 0.0120395
1624 0.00930564 0.0619345 0.00188917
1625 0.0205801 0.0401169 0.0114974
1626 0.00928324 0.0608586 0.00109916
1627 0.0209081 0.0393132 0.0110497
1628 0.00925174 0.0597791 0.000647639
1629 0.0211877 0.0384916 0.0101581
1630 0.0092456 0.0586913 0.000399567
1631 0.0214584 0.0376467 0.00923376
1632 0.00927699 0.0576438 0.000262019
1633 0.0217548 0.0367316 0.00853955
1634 0.00927457 0.0565818 0.000168807
1635 0.0219889 0.0357531 0.00752259
1636 0.0092461 0.0554901 0.000109114
1637 0.00924626 0.054423 7.35464e-05
1638 0.00924643 0.0533559 4.98167e-05
1639 0.0222862 0.0336279 0.0053955
1640 0.0092466 0.0522888 3.39301e-05
1641 0.0223514 0.0324652 0.00459371
1642 0.00924676 0.0512217 2.31829e-05
1643 0.00924693 0.0501546 1.5872e-05
1644 0.0092471 0.0490875 1.09131e-05
1645 0.00924726 0.0480204 7.50608e-06
1646 0.0226727 0.0299579 0.00618885
1647 0.00924743 0.0469533 5.16145e-06
1648 0.0092476 0.0458863 3.54714e-06
1649 0.022587 0.0285863 0.00752223
1650 0.00924776 0.0448192 2.43346e-06
1651 0.00924793 0.0437521 1.66536e-06
1652 0.0222558 0.027348 0.00843026
1653 0.0092481 0.042685 1.1379e-06
1654 0.022043 0.026148 0.0114381
1655 0.00924827 0.0416179 7.77946e-07
1656 0.00924843 0.0405508 5.35124e-07
1657 0.0218722 0.0248821 0.017581
1658 0.0092486 0.0394837 3.75947e-07
1659 0.00924877 0.0384166 2.79647e-07
1660 0.00924893 0.0373495 2.3679e-07
1661 0.0208735 0.0227089 0.0275133
1662 0.0092491 0.0362825 2.50313e-07
1663 0.00924927 0.0352154 3.39874e-07
1664 0.0204236 0.0217269 0.0360423
1665 0.00924943 0.0341483 5.521e-07
1666 0.0199369 0.0208045 0.0463393
1667 0.0092496 0.0330812 9.81524e-07
1668 0.00924977 0.0320141 1.81124e-06
1669 0.0194012 0.0199106 0.0589411
1670 0.00924993 0.030947 3.39054e-06
1671 0.0187924 0.0190801 0.0714778
1672 0.0092501 0.0298799 6.38258e-06
1673 0.00925027 0.0288128 1.20451e-05
1674 0.0181595 0.0183126 0.0854821
1675 0.00925043 0.0277458 2.27646e-05
1676 0.0174951 0.0176124 0.09871
1677 0.0092506 0.0266787 4.30734e-05
1678 0.00925077 0.0256116 8.159e-05
1679 0.0167865 0.0170277 0.107327
1680 0.00925093 0.0245445 0.000154725
1681 0.0160436 0.0164713 0.115406
1682 0.0092511 0.0234774 0.000293771
1683 0.00925127 0.0224103 0.000558476
1684 0.0152699 0.0159255 0.124358
1685 0.00925144 0.0213432 0.00106306
1686 0.0144708 0.0153906 0.134049
1687 0.0092516 0.0202761 0.00202606
1688 0.0136382 0.0149035 0.141831
1689 0.00926945 0.019184 0.00393485
1690 0.0092567 0.0181087 0.0075415
1691 0.0127969 0.0144568 0.148106
1692 0.00923218 0.0170188 0.0145009
1693 0.0119739 0.0140353 0.154631
1694 0.00922673 0.0159334 0.0278417
1695 0.011117 0.0136231 0.161101
1696 0.00925321 0.0148572 0.0532951
1697 0.0102464 0.0132009 0.169995
1698 0.00929419 0.0138006 0.0999119
1699 0.0093493 0.0127572 0.182396
1700 0.0126893 0.0574305 0.00523109
1701 0.0134113 0.0555427 0.00551859
1702 0.0141831 0.0538657 0.00661385
1703 0.00933149 0.0684825 0.0621789
1704 0.0103069 0.0625672 0.00479757
1705 0.0112071 0.0608781 0.00459402
1706 0.0118495 0.0590764 0.00435734
1707 0.0150492 0.0502616 0.00446507
1708 0.0221499 0.0346937 0.00624956
1709 0.0224429 0.0312613 0.00459143
1710 0.0213225 0.0237519 0.0211966
1711 0.0140893 0.0528397 0.00414721
1712 0.0141752 0.0518173 0.00322078
1713 0.00989699 0.0644572 0.00973826
1714 0.0151007 0.0483096 0.00236992
1715 0.0160173 0.0467536 0.00291559
1716 0.016615 0.0459811 0.0038277
1717 0.0171743 0.0451705 0.00469479
1718 0.0176199 0.0443451 0.00497301
1719 0.0180495 0.0435097 0.00516181
1720 0.01845 0.0426672 0.00517134
1721 0.0188288 0.0418226 0.00505987
1722 0.010185 0.063522 0.00713393
1723 0.0191933 0.0409785 0.00487664
1724 0.0195306 0.0401498 0.00462501
1725 0.0102667 0.061435 0.00278465
1726 0.0198522 0.0393569 0.00441912
1727 0.0102078 0.0603354 0.00164224
1728 0.0203092 0.0386419 0.00504215
1729 0.0101401 0.0592537 0.000981858
1730 0.0203865 0.0377963 0.00376158
1731 0.0102351 0.0581956 0.000705507
1732 0.0206535 0.0369491 0.00342095
1733 0.0102708 0.0571719 0.000476337
1734 0.0209105 0.0360138 0.00305387
1735 0.0101833 0.0560532 0.000301863
1736 0.0101915 0.054964 0.000208816
1737 0.0101994 0.0538956 0.000142964
1738 0.0102002 0.0528207 9.79427e-05
1739 0.0213409 0.0329699 0.00190262
1740 0.0101998 0.0517473 6.70821e-05
1741 0.0101929 0.0506828 4.58981e-05
1742 0.0101726 0.0496212 3.10941e-05
1743 0.0101728 0.0485541 2.14064e-05
1744 0.010173 0.047487 1.47015e-05
1745 0.0215528 0.0292924 0.00255009
1746 0.0101731 0.0464199 1.01031e-05
1747 0.0101733 0.0453529 6.93071e-06
1748 0.0213928 0.0281263 0.00313847
1749 0.0101735 0.0442858 4.72919e-06
1750 0.0101736 0.0432187 3.21742e-06
1751 0.0211987 0.0269484 0.00430578
1752 0.0101738 0.0421516 2.18741e-06
1753 0.0209777 0.0257896 0.00625888
1754 0.010174 0.0410845 1.48652e-06
1755 0.0101741 0.0400174 1.01633e-06
1756 0.0101743 0.0389503 7.08857e-07
1757 0.0101745 0.0378832 5.2048e-07
1758 0.0101746 0.0368161 4.30782e-07
1759 0.0197585 0.022648 0.0154391
1760 0.0101748 0.0357491 4.42232e-07
1761 0.010175 0.034682 5.86256e-07
1762 0.0193603 0.0217172 0.0212377
1763 0.0101751 0.0336149 9.39901e-07
1764 0.0188634 0.0208511 0.0274881
1765 0.0101753 0.0325478 1.66144e-06
1766 0.0101755 0.0314807 3.05879e-06
1767 0.018271 0.0200649 0.0330984
1768 0.0101756 0.0304136 5.72031e-06
1769 0.0176634 0.0192836 0.0406234
1770 0.0101758 0.0293465 1.07639e-05
1771 0.010176 0.0282794 2.0311e-05
1772 0.0172379 0.018507 0.054421
1773 0.0101761 0.0272124 3.8389e-05
1774 0.0165312 0.0180288 0.0557086
1775 0.0101763 0.0261453 7.2652e-05
1776 0.0101765 0.0250782 0.000137664
1777 0.0158502 0.0175046 0.0601231
1778 0.0101766 0.0240111 0.000261176
1779 0.0151014 0.0170016 0.0638093
1780 0.0101768 0.022944 0.000496152
1781 0.010177 0.0218769 0.000943788
1782 0.0143276 0.0164737 0.0693119
1783 0.0101771 0.0208098 0.00179754
1784 0.0135317 0.0159705 0.074951
1785 0.0102061 0.0197068 0.00351346
1786 0.0127165 0.0155014 0.079943
1787 0.0102262 0.0185947 0.00690738
1788 0.0101614 0.0174974 0.0133009
1789 0.011892 0.0150821 0.0835148
1790 0.0100971 0.0164128 0.0250951
1791 0.0110599 0.0146769 0.087227
1792 0.0101387 0.0153153 0.0488806
1793 0.010189 0.0142535 0.0923258
1794 0.0126536 0.0562585 0.0034404
1795 0.0143168 0.0509127 0.00276206
1796 0.0114531 0.0578244 0.00175174
1797 0.0132341 0.0544624 0.00315594
1798 0.0145456 0.0492592 0.00183467
1799 0.0210952 0.0350491 0.00259136
1800 0.021231 0.0340347 0.00217296
1801 0.0212118 0.0317601 0.00137496
1802 0.0214933 0.0305044 0.00191855
1803 0.0206181 0.0246959 0.00849575
1804 0.0201748 0.0236519 0.011233
1805 0.0110969 0.0597835 0.00270459
1806 0.0131587 0.0522486 0.00135268
1807 0.0155122 0.0456866 0.00118235
1808 0.0162297 0.045113 0.00194134
1809 0.0165615 0.0442951 0.00185188
1810 0.0169918 0.0435017 0.00198735
1811 0.0173985 0.0426861 0.00205479
1812 0.0177819 0.0418546 0.00204524
1813 0.0181376 0.0410206 0.00197234
1814 0.0184945 0.0401708 0.00189021
1815 0.018848 0.0393014 0.00179046
1816 0.0232915 0.0206321 0.317027
1817 0.0242416 0.026745 0.059786
1818 0.0195579 0.0372185 0.00141814
1819 0.0198582 0.0362821 0.00130274
1820 0.0110689 0.0566065 0.000851915
1821 0.0110905 0.055488 0.000585532
1822 0.0111871 0.0544604 0.000438963
1823 0.011161 0.0533582 0.000290143
1824 0.0111742 0.0522628 0.000200938
1825 0.0111655 0.051196 0.00013615
1826 0.0111597 0.0501327 9.32564e-05
1827 0.0111587 0.0490739 6.47778e-05
1828 0.0111521 0.0480169 4.41478e-05
1829 0.0111386 0.0469488 2.99887e-05
1830 0.0203969 0.0288301 0.00111951
1831 0.011129 0.0458812 2.04409e-05
1832 0.0111239 0.0448192 1.38919e-05
1833 0.0203123 0.0276949 0.00165646
1834 0.0111102 0.0437565 9.29515e-06
1835 0.0110994 0.0426853 6.22311e-06
1836 0.0201849 0.0265985 0.0025324
1837 0.0110995 0.0416182 4.19875e-06
1838 0.0110997 0.0405511 2.83201e-06
1839 0.0110999 0.039484 1.93417e-06
1840 0.0111 0.0384169 1.34126e-06
1841 0.0111002 0.0373498 9.72947e-07
1842 0.0111004 0.0362827 7.86994e-07
1843 0.0186534 0.0225441 0.00959477
1844 0.0111005 0.0352157 7.88874e-07
1845 0.0111007 0.0341486 1.02557e-06
1846 0.0184294 0.0216713 0.0143462
1847 0.0111009 0.0330815 1.62591e-06
1848 0.0177924 0.0210464 0.0154621
1849 0.011101 0.0320144 2.85895e-06
1850 0.0111012 0.0309473 5.25038e-06
1851 0.0171308 0.0202018 0.019436
1852 0.0111014 0.0298802 9.80599e-06
1853 0.0164056 0.0192439 0.0261882
1854 0.0111015 0.0288131 1.84378e-05
1855 0.0111017 0.027746 3.4775e-05
1856 0.0111019 0.026679 6.57108e-05
1857 0.011102 0.0256119 0.000124357
1858 0.0111022 0.0245448 0.000235653
1859 0.0149483 0.0181063 0.0317429
1860 0.0111024 0.0234777 0.000447153
1861 0.0141742 0.0175612 0.0349718
1862 0.0111025 0.0224106 0.000849745
1863 0.0111027 0.0213435 0.0016174
1864 0.0133827 0.0170372 0.0383884
1865 0.0111235 0.0202549 0.0031336
1866 0.0126179 0.0165259 0.0428193
1867 0.0111787 0.0191262 0.00626356
1868 0.0117998 0.0160988 0.044918
1869 0.0112393 0.0179338 0.0129572
1870 0.0108978 0.0168117 0.0235938
1871 0.0119307 0.0568635 0.00216884
1872 0.012219 0.055148 0.00144929
1873 0.0131443 0.0533537 0.00195204
1874 0.0109328 0.0587953 0.00164815
1875 0.01389 0.050058 0.00128209
1876 0.0132485 0.0510757 0.000965746
1877 0.0140549 0.0484122 0.000886719
1878 0.0148726 0.0464845 0.000913773
1879 0.0200718 0.0353312 0.00111798
1880 0.0204694 0.0325262 0.000789754
1881 0.0201751 0.0343612 0.000884704
1882 0.0206413 0.0298231 0.00104734
1883 0.0198625 0.0255493 0.00351072
1884 0.0190338 0.0235218 0.00663126
1885 0.0157406 0.0184706 0.033341
1886 0.0203302 0.0307786 0.000653442
1887 0.0194273 0.0245574 0.00459795
1888 0.0153387 0.0444506 0.000621782
1889 0.0158577 0.0435073 0.000711911
1890 0.0163407 0.0427032 0.00080677
1891 0.0167401 0.0418769 0.00082769
1892 0.0170788 0.0410652 0.000794622
1893 0.0174356 0.0402351 0.000770985
1894 0.0177795 0.0393703 0.000726334
1895 0.0181313 0.0384557 0.00067393
1896 0.0184597 0.0374883 0.000604594
1897 0.0187641 0.0364382 0.000519133
1898 0.012181 0.0539373 0.000927774
1899 0.0121626 0.0528038 0.000622271
1900 0.0121761 0.0516663 0.000427583
1901 0.012126 0.0506533 0.000274238
1902 0.012138 0.049575 0.000196903
1903 0.0121708 0.0485437 0.000139304
1904 0.0121149 0.0474751 9.09489e-05
1905 0.0120925 0.0464043 6.12397e-05
1906 0.0193777 0.028417 0.000640048
1907 0.0120888 0.0453376 4.19589e-05
1908 0.0120686 0.0442957 2.74688e-05
1909 0.0193227 0.0272603 0.00107467
1910 0.0120463 0.0432332 1.81743e-05
1911 0.0120455 0.0421689 1.23132e-05
1912 0.0120388 0.0411086 8.14338e-06
1913 0.0120203 0.0400287 5.41168e-06
1914 0.012032 0.0389518 3.73577e-06
1915 0.0120257 0.0378835 2.5441e-06
1916 0.0120426 0.03682 1.83175e-06
1917 0.0120261 0.0357493 1.43893e-06
1918 0.0175075 0.0222185 0.00698838
1919 0.0120262 0.0346823 1.42028e-06
1920 0.0120264 0.0336152 1.82121e-06
1921 0.0120266 0.0325481 2.8622e-06
1922 0.016734 0.0212726 0.00897471
1923 0.0120267 0.031481 5.00886e-06
1924 0.0120269 0.0304139 9.17328e-06
1925 0.0159908 0.0203027 0.0122064
1926 0.0120271 0.0293468 1.71022e-05
1927 0.0120272 0.0282797 3.21168e-05
1928 0.0120274 0.0272126 6.0516e-05
1929 0.0120276 0.0261456 0.000114239
1930 0.0120277 0.0250785 0.000216265
1931 0.0120279 0.0240114 0.000409558
1932 0.0140859 0.0186468 0.0179173
1933 0.0120281 0.0229443 0.000776601
1934 0.0132219 0.0181098 0.0193917
1935 0.0120282 0.0218772 0.00147451
1936 0.0120526 0.0208017 0.00283125
1937 0.0124013 0.0175681 0.0216562
1938 0.0121016 0.0197093 0.00552962
1939 0.0121917 0.0186091 0.0109706
1940 0.0132909 0.049104 0.000479304
1941 0.0142586 0.0453916 0.000332561
1942 0.0191917 0.0356141 0.000572921
1943 0.0194936 0.0297555 0.000409317
1944 0.0192863 0.026303 0.00173664
1945 0.0178976 0.0233512 0.00428674
1946 0.0151164 0.0193013 0.0164333
1947 0.012926 0.0501043 0.000513966
1948 0.0191529 0.0346938 0.000389724
1949 0.0182707 0.0243407 0.00291327
1950 0.01473 0.0433974 0.000245131
1951 0.0152381 0.0426135 0.000283899
1952 0.0158324 0.0419443 0.00038795
1953 0.0159866 0.0411098 0.000310354
1954 0.0163778 0.0403056 0.000316843
1955 0.0167084 0.0394817 0.000301302
1956 0.01704 0.0386142 0.000281195
1957 0.0173133 0.0376813 0.00024184
1958 0.0176843 0.036615 0.000217973
1959 0.0131384 0.0479791 0.000298574
1960 0.013072 0.0469411 0.00018688
1961 0.0130552 0.0458214 0.000127562
1962 0.0184066 0.0278208 0.000479018
1963 0.0130993 0.0448155 8.79477e-05
1964 0.0129873 0.0437823 5.25666e-05
1965 0.0129739 0.0427109 3.58388e-05
1966 0.0130244 0.0416765 2.47402e-05
1967 0.0129295 0.0405862 1.52141e-05
1968 0.0129341 0.0394976 1.0395e-05
1969 0.013001 0.0384177 7.42217e-06
1970 0.0130129 0.0373557 5.00011e-06
1971 0.0129751 0.0362894 3.38698e-06
1972 0.0129518 0.035216 2.64316e-06
1973 0.0162698 0.022366 0.00399802
1974 0.0129519 0.0341489 2.58682e-06
1975 0.0129521 0.0330818 3.29018e-06
1976 0.0129523 0.0320147 5.13942e-06
1977 0.0156457 0.0214053 0.00566782
1978 0.0129524 0.0309476 8.95576e-06
1979 0.0129526 0.0298805 1.63467e-05
1980 0.0129528 0.0288134 3.04013e-05
1981 0.0129529 0.0277463 5.70111e-05
1982 0.0129531 0.0266792 0.00010736
1983 0.0129831 0.0256003 0.000205476
1984 0.0129842 0.0245396 0.000387413
1985 0.012983 0.0234815 0.000727133
1986 0.0130948 0.0191917 0.00979782
1987 0.0129752 0.0224243 0.00136682
1988 0.0129802 0.0213568 0.00259143
1989 0.0130172 0.020271 0.00500863
1990 0.0138864 0.0464133 0.000359993
1991 0.0189681 0.0318998 0.000193212
1992 0.0192281 0.0336104 0.000297484
1993 0.0186701 0.025484 0.00185383
1994 0.0191879 0.0309432 0.00024392
1995 0.0140424 0.0442261 0.000168977
1996 0.0181446 0.0353765 0.000201346
1997 0.0184239 0.0290283 0.000270649
1998 0.0184144 0.0266467 0.000890143
1999 0.0169081 0.0231545 0.00325467
2000 0.0149283 0.0205009 0.00769599
2001 0.0140255 0.0197758 0.00895461
2002 0.0170295 0.0242653 0.00176293
2003 0.0140965 0.0423295 8.73216e-05
2004 0.022752 0.016075 1.38681
2005 0.0194002 0.0140689 1.00968
2006 0.0153686 0.0404408 0.000137043
2007 0.0156585 0.0395371 0.000122744
2008 0.016113 0.0388147 0.000139065
2009 0.0161598 0.0379299 9.84155e-05
2010 0.0164595 0.0369193 8.48928e-05
2011 0.0137517 0.0432935 9.32944e-05
2012 0.0138585 0.0411319 4.44162e-05
2013 0.0137552 0.0400765 2.77554e-05
2014 0.0139275 0.0389744 2.12471e-05
2015 0.0140528 0.037884 1.54642e-05
2016 0.0139716 0.0368166 9.27747e-06
2017 0.0138629 0.0357479 6.129e-06
2018 0.0138689 0.0346931 4.86148e-06
2019 0.0150467 0.0224651 0.00247903
2020 0.0138777 0.0336155 4.77968e-06
2021 0.0138778 0.0325484 6.0613e-06
2022 0.0138779 0.031492 9.38879e-06
2023 0.0138642 0.0304224 1.62294e-05
2024 0.0138623 0.0293504 2.96043e-05
2025 0.0138785 0.02828 5.53034e-05
2026 0.0138932 0.0271972 0.000104748
2027 0.0139248 0.0261184 0.000199753
2028 0.0139675 0.025045 0.000382925
2029 0.0139386 0.0240154 0.00070688
2030 0.0139405 0.0229545 0.00131368
2031 0.0139261 0.0219353 0.0024258
2032 0.0138851 0.020823 0.00460525
2033 0.0183281 0.0302347 0.000155312
2034 0.0181441 0.0340604 0.000128466
2035 0.017701 0.0251222 0.00147683
2036 0.016982 0.0358279 8.91597e-05
2037 0.0174974 0.0272301 0.000410579
2038 0.0174582 0.0283711 0.0002194
2039 0.0159124 0.0235446 0.00175732
2040 0.0147095 0.0214416 0.00414814
2041 0.0181058 0.0314478 9.73026e-05
2042 0.0146928 0.039594 5.38014e-05
2043 0.0150947 0.038532 4.92029e-05
2044 0.0151665 0.0372022 3.04312e-05
2045 0.0147173 0.0362201 1.51963e-05
2046 0.0147865 0.0352697 1.14e-05
2047 0.0147763 0.0341681 8.94688e-06
2048 0.0147735 0.0234969 0.00126402
2049 0.014829 0.0330941 9.09626e-06
2050 0.0148288 0.0320465 1.14233e-05
2051 0.0147752 0.0309716 1.73452e-05
2052 0.014759 0.0298929 2.99972e-05
2053 0.0147736 0.0288166 5.50212e-05
2054 0.0148005 0.0277356 0.000103478
2055 0.0148462 0.026638 0.000199039
2056 0.0149197 0.0255362 0.000388951
2057 0.0150258 0.024473 0.000755674
2058 0.0182233 0.0327328 0.000100954
2059 0.0172271 0.0346601 7.4017e-05
2060 0.0174261 0.0295298 0.000121479
2061 0.0159295 0.0248735 0.000813669
2062 0.0157323 0.0360172 3.203e-05
2063 0.0172894 0.0307231 6.88982e-05
2064 0.0165968 0.0277566 0.000205652
2065 0.0155918 0.0347599 1.94191e-05
2066 0.0157289 0.0336158 1.71055e-05
2067 0.0158636 0.0326088 1.84544e-05
2068 0.015712 0.0315305 2.14716e-05
2069 0.0156087 0.0304447 3.20871e-05
2070 0.0156437 0.0293718 5.66411e-05
2071 0.0156839 0.0282855 0.000104925
2072 0.0157333 0.0271798 0.000200608
2073 0.0158137 0.0260461 0.000396756
2074 0.0169441 0.0334026 4.12728e-05
2075 0.0166696 0.0266254 0.000400138
2076 0.0165406 0.0288612 0.000109861
2077 0.0169016 0.0319941 3.85412e-05
2078 0.0164967 0.0299428 6.21963e-05
2079 0.0167893 0.0254531 0.000821215
2080 0.0176317 0.0260987 0.000807934
2081 0.00925836 0.0702153 0.154852
2082 0.00736159 0.073623 0.508757
2083 0.016354 0.0342497 3.24837e-05
2084 0.0158948 0.052574 0.0239758
2085 0.0194719 0.0326808 0.000309195
