1 6.12323e-19 -0.01 0.303652
2 4.08216e-19 0.00533333 0.466724
3 6.12323e-19 0.01 0.413924
4 4.08216e-19 0.0186667 0.245984
5 0.0058742 0.0151525 0.188284
6 0.00956943 -0.00290274 0.189083
7 0.00555552 0.00831481 0.289694
8 0 0.00492982 0.469756
9 0 0.00452632 0.4726
10 0 0.00412281 0.475133
11 0 0.0037193 0.477334
12 0 0.00331579 0.479195
13 0 0.00291228 0.480713
14 0 0.00250877 0.481878
15 0 0.00210526 0.482679
16 0 0.00170175 0.483107
17 0 0.00129825 0.48315
18 0 0.000894737 0.482801
19 0 0.000491228 0.482049
20 0 8.77193e-05 0.480888
21 0 -0.000315789 0.47931
22 0 -0.000719298 0.477308
23 0 -0.00112281 0.474874
24 0 -0.00152632 0.472005
25 0 -0.00192982 0.468692
26 0 -0.00233333 0.464933
27 0 -0.00273684 0.460721
28 0 -0.00314035 0.456052
29 0 -0.00354386 0.450923
30 0 -0.00394737 0.445328
31 0 -0.00435088 0.439265
32 0 -0.00475439 0.432731
33 0 -0.00515789 0.425721
34 0 -0.0055614 0.418233
35 0 -0.00596491 0.410264
36 0 -0.00636842 0.401811
37 0 -0.00677193 0.392872
38 0 -0.00717544 0.383445
39 0 -0.00757895 0.373527
40 0 -0.00798246 0.363118
41 0 -0.00838596 0.352222
42 0 -0.00878947 0.340841
43 0 -0.00919298 0.32898
44 0 -0.00959649 0.316748
45 0.00968083 -0.00250631 0.186461
46 0.00977579 -0.0021057 0.184217
47 0.00985419 -0.00170144 0.182357
48 0.00991587 -0.00129445 0.180902
49 0.00996075 -0.000885112 0.179863
50 0.00998874 -0.000474477 0.179252
51 0.0099998 -6.28386e-05 0.179065
52 0.00999392 0.00034866 0.179316
53 0.00997109 0.000759814 0.180003
54 0.00993139 0.0011694 0.181122
55 0.00987483 0.00157728 0.182667
56 0.00980158 0.00198219 0.184639
57 0.00971166 0.00238404 0.187034
58 0.00960536 0.00278154 0.189824
59 0.00948271 0.00317463 0.193008
60 0.00934408 0.00356204 0.196577
61 0.00918951 0.00394371 0.200519
62 0.0090195 0.00431841 0.204803
63 0.00883406 0.00468608 0.209431
64 0.0086338 0.00504554 0.214384
65 0.00841876 0.00539672 0.219659
66 0.0081896 0.00573851 0.225232
67 0.0079464 0.00607081 0.23112
68 0.00768988 0.00639263 0.23732
69 0.00742018 0.0067038 0.243864
70 0.00713803 0.00700346 0.250788
71 0.00684365 0.0072914 0.258203
72 0.00653777 0.00756688 0.266296
73 0.0062207 0.00782962 0.275573
74 0.00589314 0.00807904 0.289775
75 0.00531816 0.00797984 0.312118
76 0.00506082 0.00766035 0.330889
77 0.00478432 0.00735729 0.348323
78 0.00448947 0.00707161 0.364675
79 0.0041776 0.00680461 0.379965
80 0.00385014 0.0065575 0.394166
81 0.0035081 0.00633099 0.407244
82 0.0031525 0.0061258 0.419153
83 0.00278495 0.0059429 0.429829
84 0.00240712 0.00578307 0.439209
85 0.00202018 0.00564679 0.447252
86 0.00162529 0.00553449 0.453924
87 0.00122424 0.0054467 0.459194
88 0.000818846 0.00538381 0.46302
89 0.000410354 0.00534597 0.465448
90 0.0004117 -0.00999152 0.302973
91 0.000822629 -0.00996611 0.302203
92 0.00123224 -0.00992379 0.301088
93 0.00163961 -0.00986467 0.299591
94 0.00204435 -0.0097888 0.297702
95 0.00244543 -0.00969639 0.295431
96 0.00284255 -0.00958749 0.292801
97 0.00323463 -0.00946241 0.289816
98 0.00362145 -0.00932122 0.286498
99 0.00400188 -0.00916433 0.282875
100 0.00437578 -0.0089918 0.278967
101 0.00474199 -0.00880418 0.274801
102 0.00510044 -0.00860148 0.2704
103 0.00544997 -0.00838438 0.265807
104 0.00579053 -0.0081529 0.261039
105 0.00612102 -0.00790779 0.256136
106 0.00644139 -0.00764908 0.251129
107 0.00675061 -0.00737762 0.246057
108 0.00704862 -0.00709345 0.240943
109 0.00733447 -0.00679747 0.23583
110 0.0076081 -0.00648974 0.230755
111 0.00786866 -0.00617124 0.22575
112 0.00811606 -0.00584205 0.220842
113 0.00834956 -0.00550317 0.216071
114 0.00856905 -0.00515475 0.211475
115 0.00877391 -0.00479777 0.207077
116 0.00896399 -0.00443248 0.202907
117 0.00913882 -0.0040598 0.198994
118 0.00929821 -0.00368012 0.195376
119 0.00944182 -0.00329426 0.192062
120 0 0.00961111 0.419184
121 0 0.00922222 0.424313
122 0 0.00883333 0.429376
123 0 0.00844444 0.434273
124 0 0.00805556 0.438992
125 0 0.00766667 0.44355
126 0 0.00727778 0.447929
127 0 0.00688889 0.452116
128 0 0.0065 0.45609
129 0 0.00611111 0.45987
130 0 0.00572222 0.463596
131 0.00522479 0.00852652 0.305121
132 0.00488601 0.00872507 0.318651
133 0.0045397 0.00891017 0.332157
134 0.00418641 0.00908152 0.344794
135 0.00382666 0.00923887 0.35641
136 0.00346102 0.00938197 0.366985
137 0.00309005 0.0095106 0.376501
138 0.00271432 0.00962458 0.384946
139 0.0023344 0.00972371 0.392308
140 0.00195088 0.00980786 0.398575
141 0.00156434 0.00987688 0.403733
142 0.00117539 0.00993068 0.407779
143 0.000784612 0.00996917 0.410742
144 0.000392616 0.00999229 0.412738
145 0.00567486 0.0154986 0.191845
146 0.00545538 0.0158319 0.195704
147 0.00521611 0.0161517 0.199811
148 0.00495812 0.0164566 0.204084
149 0.00468261 0.0167453 0.208446
150 0.00439003 0.0170172 0.212838
151 0.00408169 0.0172711 0.217183
152 0.00375903 0.0175058 0.221406
153 0.00342255 0.0177211 0.225455
154 0.0030738 0.0179158 0.229262
155 0.00271437 0.0180891 0.232766
156 0.00234484 0.0182407 0.235926
157 0.0019669 0.0183699 0.238692
158 0.00158229 0.0184762 0.24102
159 0.00119161 0.0185593 0.2429
160 0.000796658 0.0186189 0.244285
161 0.000399245 0.0186547 0.24522
162 0.00576625 0.00865413 0.257872
163 0.00595609 0.0090051 0.236581
164 0.00612476 0.00936717 0.221611
165 0.00627143 0.00973868 0.210325
166 0.00639549 0.0101179 0.201429
167 0.00649672 0.0105043 0.194345
168 0.00657463 0.0108961 0.188746
169 0.0066289 0.0112914 0.184414
170 0.00665944 0.0116896 0.181192
171 0.00666607 0.012089 0.178973
172 0.00664881 0.0124877 0.177665
173 0.00660767 0.012885 0.177197
174 0.00654281 0.0132791 0.177497
175 0.00645457 0.0136682 0.178498
176 0.00634308 0.0140518 0.180144
177 0.00620882 0.014428 0.182368
178 0.00605245 0.0147951 0.185101
179 0 0.018254 0.256874
180 0 0.0178413 0.267071
181 0 0.0174286 0.27711
182 0 0.0170159 0.286847
183 0 0.0166032 0.296268
184 0 0.0161905 0.305387
185 0 0.0157778 0.314216
186 0 0.0153651 0.322768
187 0 0.0149524 0.331054
188 0 0.0145397 0.339088
189 0 0.014127 0.346881
190 0 0.0137143 0.354445
191 0 0.0133016 0.361793
192 0 0.0128889 0.368935
193 0 0.0124762 0.375882
194 0 0.0120635 0.382643
195 0 0.0116508 0.389228
196 0 0.0112381 0.395642
197 0 0.0108254 0.40187
198 0 0.0104127 0.407997
199 0.00586004 0.00734383 0.303385
200 0.00220208 0.00358546 0.459818
201 0.00276524 -0.00627455 0.380715
202 0.00535787 0.00490512 0.363561
203 0.00522352 0.000716543 0.394876
204 0.00139179 -0.00953258 0.312279
205 0.0017761 -0.00945541 0.311134
206 0.000983889 -0.00956519 0.314117
207 0.00216157 -0.00936689 0.309459
208 0.000542262 -0.0096027 0.315011
209 0.00256083 -0.00926958 0.306968
210 0.00292876 -0.00916409 0.304314
211 0.00329895 -0.00903511 0.301496
212 0.00366832 -0.0088851 0.298467
213 0.000363928 -0.0089623 0.335021
214 0.00404705 -0.00872561 0.294632
215 0.000353347 -0.00857783 0.346118
216 0.00439336 -0.00856129 0.290851
217 0.000349449 -0.00818421 0.356992
218 0.00472724 -0.00838079 0.287077
219 0.000349449 -0.0077807 0.367649
220 0.00507571 -0.00816298 0.283124
221 0.000349449 -0.00737719 0.377813
222 0.0054243 -0.00794535 0.278311
223 0.000349449 -0.00697368 0.387486
224 0.0057371 -0.00772805 0.273826
225 0.000349449 -0.00657018 0.396668
226 0.00603632 -0.00749044 0.269596
227 0.000349449 -0.00616667 0.405362
228 0.00634576 -0.00722003 0.26507
229 0.000349449 -0.00576316 0.413571
230 0.00664109 -0.00695557 0.260161
231 0.000349449 -0.00535965 0.421297
232 0.00692377 -0.00668015 0.255268
233 0.000349449 -0.00495614 0.428544
234 0.00718161 -0.00639785 0.250842
235 0.000349449 -0.00455263 0.435314
236 0.00744417 -0.00608172 0.246249
237 0.000349449 -0.00414912 0.441611
238 0.00769242 -0.0057748 0.241394
239 0.000349449 -0.00374561 0.447437
240 0.00792511 -0.00545601 0.236804
241 0.000349449 -0.00334211 0.452796
242 0.00813225 -0.00513259 0.232848
243 0.000349449 -0.0029386 0.457692
244 0.00834127 -0.00477878 0.228693
245 0.000349449 -0.00253509 0.462128
246 0.00853533 -0.00443754 0.224434
247 0.000349449 -0.00213158 0.46611
248 0.00871285 -0.00408726 0.220533
249 0.000349449 -0.00172807 0.469642
250 0.00886253 -0.00372788 0.217588
251 0.000349449 -0.00132456 0.472728
252 0.00901354 -0.00334564 0.214279
253 0.000349449 -0.000921053 0.475375
254 0.00914855 -0.00298383 0.211007
255 0.000349449 -0.000517544 0.477587
256 0.00926005 -0.00260637 0.208601
257 0.000349449 -0.000114035 0.479372
258 0.0093519 -0.00222136 0.206777
259 0.000349449 0.000289474 0.480735
260 0.00943928 -0.00181711 0.204787
261 0.000349449 0.000692982 0.481684
262 0.00951204 -0.00143161 0.202935
263 0.000349449 0.00109649 0.482227
264 0.00956348 -0.00103982 0.201775
265 0.000349449 0.0015 0.482371
266 0.00959104 -0.000650467 0.201426
267 0.000349449 0.00190351 0.482127
268 0.0096138 -0.000240156 0.200872
269 0.000349449 0.00230702 0.481504
270 0.00962047 0.000142342 0.200676
271 0.000349449 0.00271053 0.480511
272 0.009603 0.000536384 0.201341
273 0.000349449 0.00311404 0.479159
274 0.00956736 0.000931254 0.202517
275 0.000349449 0.00351754 0.47746
276 0.00952467 0.00133997 0.203523
277 0.000360968 0.00392235 0.475368
278 0.00946805 0.00171912 0.204913
279 0.000357903 0.00432303 0.47302
280 0.00939214 0.00209097 0.206934
281 0.000340613 0.00472175 0.470426
282 0.00928486 0.00248766 0.210014
283 0.000291253 0.00506465 0.468055
284 0.00917779 0.00288441 0.212525
285 0.0090577 0.00324532 0.215546
286 0.000670873 0.00499327 0.467053
287 0.00892012 0.00360213 0.219061
288 0.00110517 0.00509149 0.46321
289 0.00875117 0.00397674 0.22351
290 0.0015059 0.00516198 0.458566
291 0.00858382 0.00433613 0.227516
292 0.00191599 0.00526892 0.452247
293 0.00840231 0.00468658 0.231848
294 0.00232678 0.00539606 0.444382
295 0.00820702 0.00501526 0.236696
296 0.00272462 0.00555252 0.435108
297 0.00798072 0.00535828 0.242351
298 0.00311569 0.00572703 0.424431
299 0.0077574 0.00568571 0.247591
300 0.00349507 0.00592918 0.412367
301 0.00752003 0.00600073 0.253248
302 0.00386026 0.00615976 0.398977
303 0.00727219 0.00629224 0.259412
304 0.00421552 0.00640882 0.38425
305 0.00699428 0.00659497 0.266373
306 0.00455409 0.00668267 0.368313
307 0.00672262 0.00688225 0.273038
308 0.0048781 0.00697585 0.351167
309 0.00643488 0.0071518 0.280702
310 0.00519889 0.0073039 0.332045
311 0.00617919 0.00741044 0.28722
312 0.00556344 0.00772509 0.307464
313 0.000319351 -0.0092969 0.325144
314 0.00593638 0.00768402 0.293703
315 0.00151929 -0.00914362 0.323071
316 0.00116839 -0.00924803 0.322669
317 0.00188577 -0.00906095 0.32191
318 0.000776274 -0.00917193 0.32729
319 0.00226361 -0.00897105 0.320016
320 0.0026409 -0.00887698 0.317412
321 0.00299481 -0.00876316 0.314934
322 0.00335578 -0.00862717 0.312184
323 0.00372031 -0.00847914 0.308883
324 0.000723051 -0.00876866 0.339385
325 0.00405961 -0.00832523 0.305503
326 0.000686734 -0.00837161 0.350729
327 0.00439125 -0.00815423 0.302033
328 0.000699554 -0.00798246 0.361185
329 0.00471387 -0.00797173 0.29838
330 0.000699554 -0.00757895 0.3716
331 0.00506256 -0.00775391 0.29416
332 0.000699554 -0.00717544 0.381518
333 0.00536931 -0.00754813 0.290093
334 0.000699554 -0.00677193 0.390942
335 0.00566893 -0.00732456 0.286008
336 0.000699554 -0.00636842 0.399876
337 0.00595813 -0.0070887 0.281888
338 0.000699554 -0.00596491 0.408324
339 0.00625505 -0.00682686 0.27741
340 0.000699554 -0.0055614 0.416288
341 0.00653471 -0.00656385 0.272878
342 0.000699554 -0.00515789 0.423771
343 0.00679403 -0.00629559 0.268577
344 0.000699554 -0.00475439 0.430775
345 0.0070406 -0.00601363 0.264445
346 0.000699554 -0.00435088 0.437303
347 0.00729106 -0.00570948 0.259957
348 0.000699554 -0.00394737 0.443359
349 0.00752195 -0.0054089 0.255593
350 0.000699554 -0.00354386 0.448945
351 0.0077322 -0.00509885 0.25171
352 0.000699554 -0.00314035 0.454066
353 0.00793201 -0.00477565 0.247946
354 0.000699554 -0.00273684 0.458725
355 0.00812765 -0.00443844 0.244011
356 0.000699554 -0.00233333 0.462927
357 0.0083048 -0.0041045 0.240329
358 0.000699554 -0.00192982 0.466675
359 0.0084613 -0.00376084 0.237236
360 0.000699554 -0.00152632 0.469975
361 0.00860881 -0.0034067 0.234185
362 0.000699554 -0.00112281 0.472832
363 0.00874667 -0.00304629 0.231149
364 0.000699554 -0.000719298 0.47525
365 0.00885961 -0.00269805 0.228751
366 0.000699554 -0.000315789 0.477237
367 0.00896135 -0.00232727 0.226643
368 0.000699554 8.77193e-05 0.478798
369 0.00904828 -0.00194416 0.224889
370 0.000699554 0.000491228 0.47994
371 0.0091248 -0.0015647 0.223144
372 0.000699554 0.000894737 0.480671
373 0.00918493 -0.00119191 0.221743
374 0.000699554 0.00129825 0.480998
375 0.00922421 -0.000816783 0.220997
376 0.000699554 0.00170175 0.480931
377 0.00924804 -0.00043199 0.220635
378 0.000699554 0.00210526 0.480478
379 0.00926212 -4.91746e-05 0.220314
380 0.000699554 0.00250877 0.47965
381 0.0092582 0.000320962 0.2205
382 0.000699554 0.00291228 0.478457
383 0.00923238 0.00070477 0.221403
384 0.000699554 0.00331579 0.476911
385 0.00919397 0.00109885 0.222478
386 0.000721331 0.00372079 0.474889
387 0.009146 0.0014686 0.223666
388 0.000734261 0.00412701 0.472567
389 0.00907753 0.00183476 0.225523
390 0.000705374 0.00452863 0.47018
391 0.00899681 0.00219691 0.227609
392 0.00888959 0.00259382 0.230369
393 0.00878172 0.0029471 0.233012
394 0.00865803 0.0032966 0.236065
395 0.00851298 0.00364392 0.239784
396 0.00136894 0.00476782 0.463154
397 0.0083486 0.00400408 0.243849
398 0.00179064 0.00486936 0.45732
399 0.00817809 0.00434805 0.247926
400 0.00222489 0.0049899 0.449722
401 0.00799663 0.00467407 0.25232
402 0.00265167 0.00513656 0.440534
403 0.00779841 0.00499185 0.257204
404 0.00306762 0.00530904 0.429837
405 0.00757828 0.00532103 0.2625
406 0.00347354 0.0055036 0.417676
407 0.00735351 0.00563133 0.267872
408 0.00386608 0.00573317 0.403996
409 0.00711998 0.00592138 0.273606
410 0.00424419 0.00598801 0.388944
411 0.00685871 0.00620988 0.280295
412 0.00461036 0.00625866 0.372578
413 0.00660106 0.00649348 0.286604
414 0.00495422 0.00654949 0.355265
415 0.00633707 0.00676732 0.293192
416 0.00526921 0.00686315 0.33734
417 0.00600342 0.0070199 0.303359
418 0.00556992 0.00717556 0.3189
419 0.00116137 -0.00886844 0.334042
420 0.00159748 -0.0087565 0.333732
421 0.00197986 -0.00866412 0.332384
422 0.00235703 -0.0085812 0.329979
423 0.00270468 -0.0084817 0.32767
424 0.00304959 -0.00836349 0.325194
425 0.00339526 -0.00823024 0.322381
426 0.00373776 -0.00808335 0.319254
427 0.00406244 -0.00792644 0.316062
428 0.00104086 -0.0081878 0.353896
429 0.00438152 -0.00775063 0.312806
430 0.00105656 -0.00779144 0.364284
431 0.00470063 -0.00756254 0.309165
432 0.0010565 -0.00738485 0.374537
433 0.00501317 -0.00735994 0.305366
434 0.00104966 -0.00697368 0.384434
435 0.00530989 -0.00715343 0.301447
436 0.00104966 -0.00657018 0.393608
437 0.00559491 -0.00692896 0.297672
438 0.00104966 -0.00616667 0.402294
439 0.00588005 -0.00668681 0.293649
440 0.00104966 -0.00576316 0.410494
441 0.00615162 -0.00643765 0.289598
442 0.00104966 -0.00535965 0.418211
443 0.00640852 -0.00618724 0.285487
444 0.00104966 -0.00495614 0.425448
445 0.0066556 -0.00591792 0.281541
446 0.00104966 -0.00455263 0.432206
447 0.00689966 -0.00562927 0.277485
448 0.00104966 -0.00414912 0.43849
449 0.00712682 -0.00534151 0.273497
450 0.00104966 -0.00374561 0.444302
451 0.00733564 -0.00505503 0.269695
452 0.00104966 -0.00334211 0.449646
453 0.00753547 -0.00474778 0.266096
454 0.00104966 -0.0029386 0.454526
455 0.00772539 -0.0044286 0.262576
456 0.00104966 -0.00253509 0.458945
457 0.00790229 -0.00410457 0.259178
458 0.00104966 -0.00213158 0.462907
459 0.00805975 -0.00378763 0.256075
460 0.00104966 -0.00172807 0.466417
461 0.00820908 -0.00345204 0.253104
462 0.00104966 -0.00132456 0.46948
463 0.00834652 -0.00310526 0.25033
464 0.00104966 -0.000921053 0.472102
465 0.00846222 -0.00276066 0.2481
466 0.00104966 -0.000517544 0.474286
467 0.00856786 -0.00241804 0.245892
468 0.00104966 -0.000114035 0.476041
469 0.00865973 -0.00205666 0.244063
470 0.00104966 0.000289474 0.477371
471 0.0087397 -0.00168844 0.242404
472 0.00104966 0.000692982 0.478285
473 0.00880406 -0.00131916 0.241072
474 0.00104966 0.00109649 0.47879
475 0.0088504 -0.000967013 0.240144
476 0.00104966 0.0015 0.478893
477 0.00888078 -0.000599051 0.239665
478 0.00104966 0.00190351 0.478605
479 0.00890342 -0.000231692 0.239146
480 0.00104966 0.00230702 0.477933
481 0.00890518 0.000130355 0.239274
482 0.00104966 0.00271053 0.47689
483 0.00888817 0.000492003 0.239961
484 0.00104966 0.00311404 0.475486
485 0.00886324 0.000857546 0.240632
486 0.00107535 0.00351268 0.473553
487 0.0088206 0.00123065 0.241764
488 0.00111067 0.003919 0.471158
489 0.00876293 0.00158427 0.243314
490 0.00115505 0.00435267 0.46817
491 0.00868862 0.00194256 0.245283
492 0.00860139 0.00230303 0.247469
493 0.00849826 0.0026609 0.250034
494 0.00838676 0.00300479 0.252702
495 0.00825259 0.00334316 0.256135
496 0.00810573 0.00368586 0.259714
497 0.00164336 0.00445549 0.462309
498 0.00794609 0.00401814 0.263592
499 0.00210753 0.00457621 0.454923
500 0.00778108 0.00433665 0.267475
501 0.00256234 0.00471699 0.445888
502 0.00759494 0.00465121 0.27201
503 0.00300622 0.00488208 0.435235
504 0.00738969 0.00496855 0.276986
505 0.0034469 0.00506343 0.422885
506 0.00717769 0.00527136 0.282084
507 0.00386146 0.00528481 0.409215
508 0.00695785 0.00555776 0.287435
509 0.00425763 0.00555408 0.393977
510 0.00671055 0.00583826 0.2938
511 0.00465453 0.00582563 0.377093
512 0.00645238 0.0061139 0.300443
513 0.0050387 0.00611192 0.358899
514 0.00621527 0.00638642 0.305959
515 0.00536702 0.00642126 0.341076
516 0.00599742 0.00664845 0.310645
517 0.00566036 0.00674613 0.323262
518 0.000993398 -0.00853248 0.344662
519 0.00134947 -0.00845559 0.344367
520 0.0017059 -0.00833833 0.344434
521 0.00207097 -0.00826062 0.342534
522 0.00243174 -0.00819166 0.339677
523 0.00276318 -0.00808431 0.337561
524 0.00309126 -0.00796546 0.335136
525 0.00342508 -0.0078344 0.332245
526 0.00374681 -0.00768284 0.329442
527 0.00405135 -0.00752464 0.326534
528 0.00140448 -0.00803478 0.355381
529 0.00436334 -0.00735088 0.323197
530 0.00142295 -0.00760786 0.366292
531 0.0046677 -0.00716319 0.319734
532 0.00139976 -0.00717544 0.377121
533 0.00495576 -0.00696502 0.316334
534 0.00139976 -0.00677193 0.386533
535 0.00523057 -0.006763 0.312811
536 0.00139976 -0.00636842 0.395455
537 0.00551164 -0.00654046 0.308967
538 0.00139976 -0.00596491 0.40389
539 0.00577855 -0.00630198 0.305311
540 0.00139976 -0.0055614 0.41184
541 0.00603024 -0.00605581 0.301744
542 0.00139976 -0.00515789 0.419308
543 0.00626875 -0.00581263 0.298032
544 0.00139976 -0.00475439 0.426296
545 0.00650978 -0.00554821 0.294097
546 0.00139976 -0.00435088 0.432807
547 0.00673118 -0.00527019 0.290601
548 0.00139976 -0.00394737 0.438844
549 0.00694223 -0.00498598 0.28709
550 0.00139976 -0.00354386 0.444409
551 0.00713575 -0.00470832 0.28368
552 0.00139976 -0.00314035 0.449507
553 0.00732714 -0.00441104 0.28018
554 0.00139976 -0.00273684 0.454141
555 0.00749933 -0.00409986 0.277206
556 0.00139976 -0.00233333 0.458315
557 0.00765937 -0.00378672 0.274311
558 0.00139976 -0.00192982 0.462033
559 0.00780965 -0.00347488 0.271376
560 0.00139976 -0.00152632 0.465301
561 0.00794726 -0.00314804 0.268735
562 0.00139976 -0.00112281 0.468122
563 0.0080693 -0.00281254 0.266449
564 0.00139976 -0.000719298 0.470501
565 0.00817069 -0.00248456 0.26463
566 0.00139976 -0.000315789 0.472446
567 0.0082668 -0.00214353 0.262753
568 0.00139976 8.77193e-05 0.473961
569 0.00835646 -0.00179522 0.260802
570 0.00139976 0.000491228 0.475054
571 0.00842206 -0.0014406 0.259625
572 0.00139976 0.000894737 0.47573
573 0.00846876 -0.00109557 0.258912
574 0.00139976 0.00129825 0.475999
575 0.00850915 -0.00075193 0.258112
576 0.00139976 0.00170175 0.475869
577 0.00853799 -0.000400141 0.257511
578 0.00139976 0.00210526 0.475348
579 0.00854579 -4.72343e-05 0.257561
580 0.00139976 0.00250877 0.474446
581 0.00853945 0.000298699 0.257926
582 0.00139976 0.00291228 0.473174
583 0.00852158 0.000648441 0.258479
584 0.00142515 0.00330096 0.471352
585 0.00849276 0.00100408 0.259177
586 0.00147252 0.00368668 0.468977
587 0.00843966 0.0013555 0.260697
588 0.00837649 0.00169266 0.262387
589 0.00830093 0.00204167 0.264245
590 0.00820974 0.00238745 0.26649
591 0.00810372 0.0027205 0.269153
592 0.00799011 0.00304212 0.271897
593 0.00785875 0.00337577 0.275
594 0.00770794 0.00370055 0.278719
595 0.00199217 0.00419766 0.459344
596 0.00754538 0.00401306 0.28273
597 0.00245399 0.00430337 0.451069
598 0.00738203 0.00431162 0.286575
599 0.00292062 0.00443955 0.440833
600 0.00719842 0.00461882 0.290876
601 0.00338301 0.00462985 0.428542
602 0.0069929 0.00491246 0.295995
603 0.00386284 0.00479165 0.414291
604 0.00678209 0.00519971 0.301091
605 0.0042633 0.00510271 0.399048
606 0.00655223 0.00547683 0.306865
607 0.00465985 0.00538397 0.382686
608 0.00630806 0.00574892 0.313048
609 0.00510357 0.00566486 0.363035
610 0.00600631 0.00602311 0.321393
611 0.00551898 0.00597182 0.342346
612 0.00577809 0.00632377 0.325864
613 0.00181167 -0.007874 0.355799
614 0.00218249 -0.00791329 0.35039
615 0.00248798 -0.00780035 0.349195
616 0.00279948 -0.00768206 0.347436
617 0.0031207 -0.00757383 0.344639
618 0.00344004 -0.00743546 0.341994
619 0.00373587 -0.0072813 0.339598
620 0.0040303 -0.00712066 0.336794
621 0.00432709 -0.00696355 0.333261
622 0.00177677 -0.00740067 0.368131
623 0.0046121 -0.00677017 0.330273
624 0.00174987 -0.00697368 0.378641
625 0.00488061 -0.00657272 0.327254
626 0.00174987 -0.00657018 0.3878
627 0.00514985 -0.006376 0.323644
628 0.00174987 -0.00616667 0.396467
629 0.00541854 -0.00616409 0.319822
630 0.00174987 -0.00576316 0.40465
631 0.00565404 -0.00592275 0.317117
632 0.00174987 -0.00535965 0.41235
633 0.00588879 -0.00568239 0.313897
634 0.00174987 -0.00495614 0.419567
635 0.00612189 -0.00544425 0.310182
636 0.00174987 -0.00455263 0.426304
637 0.00635463 -0.00519239 0.306221
638 0.00174987 -0.00414912 0.432564
639 0.00654805 -0.00491643 0.303649
640 0.00174987 -0.00374561 0.43835
641 0.00674046 -0.00464157 0.300622
642 0.00174987 -0.00334211 0.443665
643 0.00692892 -0.00437095 0.297227
644 0.00174987 -0.0029386 0.448513
645 0.00711468 -0.00408124 0.293756
646 0.00174987 -0.00253509 0.452897
647 0.00726084 -0.00377835 0.291674
648 0.00174987 -0.00213158 0.456822
649 0.00740812 -0.00347717 0.28909
650 0.00174987 -0.00172807 0.460291
651 0.00755444 -0.00318049 0.286074
652 0.00174987 -0.00132456 0.46331
653 0.00768378 -0.00285968 0.28364
654 0.00174987 -0.000921053 0.465882
655 0.00777871 -0.00253638 0.28237
656 0.00174987 -0.000517544 0.468014
657 0.00786969 -0.00221193 0.280894
658 0.00174987 -0.000114035 0.469711
659 0.00797041 -0.00189042 0.278553
660 0.00174987 0.000289474 0.470979
661 0.00804694 -0.00155036 0.277053
662 0.00174987 0.000692982 0.471825
663 0.00808778 -0.00121669 0.276818
664 0.00174987 0.00109649 0.472256
665 0.00812906 -0.000881805 0.276193
666 0.00174987 0.0015 0.472279
667 0.00817419 -0.000551739 0.274999
668 0.00174987 0.00190351 0.471903
669 0.00818997 -0.000206871 0.274873
670 0.00174987 0.00230702 0.471137
671 0.00818108 0.00012318 0.275558
672 0.00174987 0.00271053 0.469993
673 0.0081682 0.000456977 0.276084
674 0.00177236 0.00308216 0.46833
675 0.00815826 0.000789627 0.276112
676 0.00181377 0.00345627 0.466096
677 0.00811387 0.0011336 0.277419
678 0.00805167 0.00146129 0.27927
679 0.00798371 0.00178983 0.28104
680 0.00792008 0.00211945 0.282238
681 0.00781745 0.00244831 0.284937
682 0.00770645 0.00276189 0.287778
683 0.00759634 0.00307732 0.290212
684 0.00747155 0.00339596 0.292948
685 0.00730883 0.00369164 0.2973
686 0.00232575 0.00393236 0.455797
687 0.00714642 0.00398738 0.301288
688 0.00280125 0.00396935 0.446782
689 0.00698687 0.00427797 0.304873
690 0.00326858 0.00416985 0.43508
691 0.00681123 0.00457248 0.308808
692 0.00369421 0.00433636 0.423024
693 0.00659431 0.00484028 0.314584
694 0.00433523 0.00468373 0.40125
695 0.00638082 0.00511629 0.319779
696 0.00466514 0.00493085 0.387884
697 0.00615562 0.00539874 0.32508
698 0.00499581 0.00515441 0.373715
699 0.00588341 0.00568603 0.331979
700 0.00552938 0.00558213 0.347804
701 0.00406908 0.00441191 0.411874
702 0.00214005 -0.00755793 0.360059
703 0.00249214 -0.00739826 0.359265
704 0.00284123 -0.00727418 0.356852
705 0.00316628 -0.00723619 0.352062
706 0.00342439 -0.00703742 0.35186
707 0.00371343 -0.0068782 0.349549
708 0.00400053 -0.00670796 0.346956
709 0.00431028 -0.00661627 0.341477
710 0.00213998 -0.00716422 0.369706
711 0.00453137 -0.00637998 0.340948
712 0.00212372 -0.00675436 0.379434
713 0.00479949 -0.00618265 0.337802
714 0.00209773 -0.0063455 0.388745
715 0.00508563 -0.00604564 0.332342
716 0.00209693 -0.00595105 0.39696
717 0.00527975 -0.00579372 0.331512
718 0.00209997 -0.0055614 0.404573
719 0.00550884 -0.00554695 0.329009
720 0.00209997 -0.00515789 0.412019
721 0.00574674 -0.00531108 0.325505
722 0.00209997 -0.00475439 0.418982
723 0.00600785 -0.0051286 0.319738
724 0.00209997 -0.00435088 0.425465
725 0.00615819 -0.00484733 0.319165
726 0.00209997 -0.00394737 0.43147
727 0.00634453 -0.00456943 0.316795
728 0.00209997 -0.00354386 0.437001
729 0.00653738 -0.00430043 0.313583
730 0.00209997 -0.00314035 0.442062
731 0.00676823 -0.00407607 0.307785
732 0.00209997 -0.00273684 0.446655
733 0.00685886 -0.00377402 0.30824
734 0.00209997 -0.00233333 0.450785
735 0.00700586 -0.00347112 0.306041
736 0.00209997 -0.00192982 0.454456
737 0.00715653 -0.00317064 0.303228
738 0.00209997 -0.00152632 0.45767
739 0.00734318 -0.00290835 0.298044
740 0.00209997 -0.00112281 0.460434
741 0.00738503 -0.00258906 0.299315
742 0.00209997 -0.000719298 0.462752
743 0.00747286 -0.00226599 0.29825
744 0.00209997 -0.000315789 0.464629
745 0.00756024 -0.00193682 0.296853
746 0.00209997 8.77193e-05 0.46607
747 0.00771666 -0.00165459 0.291648
748 0.00209997 0.000491228 0.467083
749 0.00770934 -0.0013303 0.293789
750 0.00209997 0.000894737 0.467673
751 0.00774583 -0.00100086 0.293606
752 0.00209997 0.00129825 0.467847
753 0.0077795 -0.000665718 0.293202
754 0.00209997 0.00170175 0.467614
755 0.00788895 -0.000363293 0.288838
756 0.00209997 0.00210526 0.466982
757 0.00782501 -4.8815e-05 0.292266
758 0.00210268 0.0024916 0.465972
759 0.00780862 0.000281495 0.293155
760 0.00211435 0.00287364 0.464493
761 0.00778632 0.000614025 0.29396
762 0.00214353 0.00323705 0.462499
763 0.00784344 0.00093153 0.290737
764 0.00772843 0.00123416 0.295292
765 0.00765804 0.00155609 0.297367
766 0.00758039 0.00188113 0.299412
767 0.00758393 0.00220471 0.29739
768 0.00742062 0.00248432 0.303009
769 0.00730962 0.00279817 0.305658
770 0.00726157 0.00311177 0.305137
771 0.00707684 0.00337065 0.310961
772 0.00690672 0.00366273 0.315469
773 0.00675053 0.00395764 0.319004
774 0.00322776 0.00373421 0.439127
775 0.00665165 0.00426041 0.319668
776 0.0036276 0.00390101 0.428242
777 0.00642025 0.00447582 0.326834
778 0.00618927 0.00475063 0.332889
779 0.00472976 0.00448638 0.390549
780 0.00600271 0.00503197 0.33671
781 0.00503156 0.00471318 0.377725
782 0.00577153 0.00533833 0.341743
783 0.00286188 0.00352607 0.4483
784 0.00402692 0.00402856 0.416453
785 0.00440974 0.00423087 0.403334
786 0.00566941 0.00503859 0.34991
787 0.00254541 -0.00694078 0.369435
788 0.00301911 -0.00688272 0.363073
789 0.00338595 -0.00666238 0.361175
790 0.00370898 -0.00646693 0.358796
791 0.00409922 -0.00627925 0.353955
792 0.00445081 -0.0059897 0.351121
793 0.00244064 -0.00650052 0.380821
794 0.00483258 -0.0057353 0.345823
795 0.00244002 -0.00612285 0.388864
796 0.00245369 -0.00574611 0.396257
797 0.00246096 -0.00535903 0.403508
798 0.00538681 -0.00515216 0.339958
799 0.00245008 -0.00495614 0.410844
800 0.00570805 -0.00486298 0.334486
801 0.00245008 -0.00455263 0.417548
802 0.00245008 -0.00414912 0.423772
803 0.00593649 -0.0045203 0.332133
804 0.00245008 -0.00374561 0.429519
805 0.00616241 -0.00420136 0.32888
806 0.00245008 -0.00334211 0.434792
807 0.00642849 -0.00386788 0.32372
808 0.00245008 -0.0029386 0.439594
809 0.00245008 -0.00253509 0.443929
810 0.00659495 -0.0034868 0.322159
811 0.00245008 -0.00213158 0.4478
812 0.0067646 -0.00313619 0.319535
813 0.00245008 -0.00172807 0.45121
814 0.00696658 -0.00276028 0.315304
815 0.00245008 -0.00132456 0.454164
816 0.00245008 -0.000921053 0.456667
817 0.00707332 -0.00234931 0.314579
818 0.00245008 -0.000517544 0.458723
819 0.00718259 -0.00197558 0.3129
820 0.00245008 -0.000114035 0.460337
821 0.00732393 -0.00157055 0.309536
822 0.00245008 0.000289474 0.461514
823 0.00245008 0.000692982 0.462262
824 0.00736463 -0.00114628 0.30994
825 0.00245008 0.00109649 0.462586
826 0.00741537 -0.000762977 0.309217
827 0.00245008 0.0015 0.462494
828 0.00749872 -0.000340634 0.30667
829 0.00245008 0.00190351 0.461993
830 0.00245054 0.00228858 0.461135
831 0.00745785 7.8242e-05 0.308991
832 0.00246052 0.00266696 0.459783
833 0.00744464 0.000464675 0.309582
834 0.00247741 0.00302115 0.458078
835 0.0074549 0.000890299 0.308613
836 0.00734723 0.00129988 0.312319
837 0.00726895 0.00167721 0.314353
838 0.00720573 0.00210453 0.315016
839 0.00702376 0.00252051 0.320303
840 0.00689113 0.0029597 0.322719
841 0.00649222 0.00366258 0.333062
842 0.00630975 0.00404988 0.336488
843 0.00359122 0.0034915 0.432006
844 0.0060131 0.00437545 0.344714
845 0.00573988 0.00470306 0.351524
846 0.0051327 0.00427151 0.378993
847 0.00511406 -0.00542919 0.34337
848 0.00668221 0.0033182 0.328448
849 0.00323144 0.00332475 0.441565
850 0.00397925 0.00363368 0.420834
851 0.00474807 0.00404854 0.394229
852 0.00536657 0.00456971 0.367247
853 0.00442207 0.0037422 0.407187
854 0.00276269 -0.00660083 0.373681
855 0.00338454 -0.00624227 0.370269
856 0.00367644 -0.00603112 0.368643
857 0.00403514 -0.00581023 0.364965
858 0.00438837 -0.00556239 0.361025
859 0.002798 -0.00592791 0.387342
860 0.00283457 -0.00556965 0.39375
861 0.00282475 -0.00516615 0.401336
862 0.00527367 -0.00475474 0.350134
863 0.00281196 -0.00475942 0.408536
864 0.00552632 -0.00445618 0.346839
865 0.00280018 -0.00435088 0.415258
866 0.00280018 -0.00394737 0.421221
867 0.00575285 -0.00414243 0.343971
868 0.00280018 -0.00354386 0.426706
869 0.00597735 -0.00382508 0.340613
870 0.00280018 -0.00314035 0.431717
871 0.00617862 -0.00349024 0.337674
872 0.00280018 -0.00273684 0.436257
873 0.00280018 -0.00233333 0.440329
874 0.00635096 -0.00314514 0.335323
875 0.00280018 -0.00192982 0.443935
876 0.00652099 -0.0027942 0.332563
877 0.00280018 -0.00152632 0.44708
878 0.00666486 -0.00243057 0.33036
879 0.00280018 -0.00112281 0.449768
880 0.00280018 -0.000719298 0.452002
881 0.00677908 -0.00205688 0.328866
882 0.00280018 -0.000315789 0.453788
883 0.00688988 -0.00167891 0.327018
884 0.00280018 8.77193e-05 0.455131
885 0.00697488 -0.0012926 0.325735
886 0.00280018 0.000491228 0.456037
887 0.00280018 0.000894737 0.45651
888 0.00702821 -0.000907415 0.325243
889 0.00280018 0.00129825 0.456558
890 0.00708014 -0.000520775 0.32433
891 0.00280018 0.00170175 0.456188
892 0.00709833 -0.000129894 0.324351
893 0.00279891 0.00208923 0.455469
894 0.00280489 0.00246386 0.454285
895 0.00708476 0.000257719 0.325236
896 0.00282083 0.00282209 0.45264
897 0.0070723 0.000648039 0.32561
898 0.00702889 0.00103187 0.326837
899 0.00695425 0.00141303 0.328935
900 0.00687266 0.00179438 0.330875
901 0.00674292 0.00219465 0.334264
902 0.0065992 0.00259283 0.337712
903 0.00606938 0.0036639 0.350135
904 0.00584811 0.00399261 0.355453
905 0.00558102 0.0042907 0.362436
906 0.00307398 -0.00647356 0.371188
907 0.0047073 -0.00530435 0.35728
908 0.00499354 -0.00503366 0.353897
909 0.00644173 0.0029739 0.341333
910 0.00626358 0.00332031 0.345609
911 0.00390028 0.00328716 0.425265
912 0.00361269 0.00305665 0.43407
913 0.00542736 0.00394734 0.371679
914 0.00425736 0.00331521 0.415166
915 0.0048568 0.00363314 0.394275
916 0.0032269 -0.00583618 0.381638
917 0.00361407 -0.00560364 0.378368
918 0.0039786 -0.00537472 0.37452
919 0.00320937 -0.00538928 0.390475
920 0.00318273 -0.00496724 0.398474
921 0.00511902 -0.00436789 0.360853
922 0.00316041 -0.00455653 0.40568
923 0.00534939 -0.00407684 0.358011
924 0.00315029 -0.00414912 0.412109
925 0.00315029 -0.00374561 0.417808
926 0.00556016 -0.00377404 0.35538
927 0.00315029 -0.00334211 0.42303
928 0.0057567 -0.0034629 0.35277
929 0.00315029 -0.0029386 0.427775
930 0.00593892 -0.0031421 0.350222
931 0.00315029 -0.00253509 0.432048
932 0.00315029 -0.00213158 0.435852
933 0.00610394 -0.00281868 0.34779
934 0.00315029 -0.00172807 0.439188
935 0.0062491 -0.0024784 0.345737
936 0.00315029 -0.00132456 0.442062
937 0.0063794 -0.00213013 0.343804
938 0.00315029 -0.000921053 0.444476
939 0.00315029 -0.000517544 0.446435
940 0.00648296 -0.00177387 0.342465
941 0.00315029 -0.000114035 0.447944
942 0.00656902 -0.00141161 0.341366
943 0.00315029 0.000289474 0.449008
944 0.00664105 -0.00104532 0.340369
945 0.00315029 0.000692982 0.449631
946 0.00315029 0.00109649 0.44982
947 0.0066904 -0.000676673 0.339829
948 0.00315029 0.0015 0.449581
949 0.00671831 -0.000309925 0.339699
950 0.00315109 0.00188929 0.448932
951 0.00672239 5.92008e-05 0.340106
952 0.00315083 0.00226769 0.447952
953 0.00315168 0.00262037 0.446692
954 0.00671182 0.000427922 0.340682
955 0.0066814 0.000790755 0.34165
956 0.00663826 0.00115376 0.342726
957 0.00656509 0.0015222 0.344599
958 0.00644835 0.00188252 0.347841
959 0.00631392 0.00225939 0.351263
960 0.00564968 0.00362252 0.366582
961 0.0050808 0.00389913 0.384387
962 0.00466012 0.00328761 0.403228
963 0.00430211 -0.00513872 0.370885
964 0.0048776 -0.00464832 0.363583
965 0.00617369 0.00263221 0.354475
966 0.00585641 0.0033086 0.361568
967 0.00459955 -0.00490728 0.367078
968 0.00603279 0.00297978 0.357451
969 0.00405724 0.002944 0.423078
970 0.00525539 0.00358945 0.381111
971 0.00357499 -0.00517708 0.387018
972 0.0035311 -0.00475427 0.395157
973 0.0049585 -0.00400478 0.370849
974 0.00351226 -0.00434692 0.402003
975 0.00516315 -0.00371434 0.368663
976 0.00350039 -0.00394737 0.408102
977 0.00350039 -0.00354386 0.413533
978 0.00534724 -0.00341785 0.366685
979 0.00350601 -0.00313799 0.418396
980 0.00552738 -0.00311871 0.364376
981 0.00350039 -0.00273684 0.422964
982 0.00569745 -0.00281903 0.361924
983 0.00350039 -0.00233333 0.426967
984 0.00350039 -0.00192982 0.430496
985 0.0058563 -0.00251718 0.359416
986 0.00350039 -0.00152632 0.433557
987 0.00599051 -0.00218427 0.357588
988 0.00350039 -0.00112281 0.436152
989 0.00608798 -0.00185066 0.356642
990 0.00350039 -0.000719298 0.438286
991 0.00350039 -0.000315789 0.439963
992 0.00617786 -0.00151101 0.355591
993 0.00350039 8.77193e-05 0.441187
994 0.00625803 -0.00116455 0.354514
995 0.00350039 0.000491228 0.441962
996 0.00631198 -0.000815419 0.354016
997 0.00350039 0.000894737 0.442294
998 0.00350039 0.00129825 0.442187
999 0.00634483 -0.00046548 0.353924
1000 0.00350039 0.00170175 0.441648
1001 0.00636102 -0.000115604 0.35408
1002 0.0035071 0.00208133 0.440597
1003 0.00634861 0.000238227 0.354958
1004 0.00349541 0.00243762 0.439684
1005 0.00633143 0.000587962 0.355638
1006 0.00629568 0.000942218 0.356652
1007 0.00631033 0.00127331 0.355384
1008 0.00616112 0.00156707 0.360275
1009 0.00603499 0.0019424 0.363599
1010 0.00446425 0.00292004 0.411588
1011 0.00507615 0.00323386 0.390098
1012 0.00391494 -0.00494921 0.383487
1013 0.00472856 -0.00427505 0.373521
1014 0.00589626 0.00231468 0.366957
1015 0.0054552 0.00324747 0.376846
1016 0.0042297 -0.00471528 0.379826
1017 0.00453857 -0.00456411 0.374245
1018 0.00574765 0.00267295 0.37033
1019 0.00568129 0.00300501 0.370459
1020 0.00388766 -0.00452702 0.391017
1021 0.0047834 -0.00366368 0.380446
1022 0.00386788 -0.00413074 0.397461
1023 0.00494104 -0.00336503 0.379651
1024 0.00384847 -0.00372459 0.403558
1025 0.00385736 -0.00333061 0.408377
1026 0.00511383 -0.00308247 0.377779
1027 0.00387442 -0.0029405 0.412503
1028 0.00529491 -0.0027928 0.37527
1029 0.00388067 -0.00254241 0.416511
1030 0.00545016 -0.00249913 0.373186
1031 0.00387452 -0.00213768 0.420395
1032 0.00386728 -0.00173254 0.423831
1033 0.00564378 -0.00224017 0.369063
1034 0.0038505 -0.00132456 0.427038
1035 0.00569063 -0.00191168 0.370114
1036 0.00385797 -0.000924092 0.429156
1037 0.00578161 -0.00159192 0.369208
1038 0.0038505 -0.000517544 0.431196
1039 0.0038505 -0.000114035 0.432582
1040 0.00588195 -0.0012697 0.367602
1041 0.0038505 0.000289474 0.433513
1042 0.00594347 -0.000935454 0.36704
1043 0.0038505 0.000692982 0.433993
1044 0.005971 -0.000607015 0.367321
1045 0.0038505 0.00109649 0.434023
1046 0.0038505 0.0015 0.433608
1047 0.00598943 -0.000275891 0.367595
1048 0.0038571 0.00189373 0.432616
1049 0.00599065 6.04958e-05 0.368161
1050 0.00387373 0.00228502 0.430967
1051 0.00597456 0.000410101 0.36902
1052 0.00594899 0.000773835 0.369852
1053 0.00591442 0.0011957 0.370525
1054 0.00576543 0.00161963 0.374774
1055 0.00420227 0.00209952 0.422884
1056 0.00424946 0.00253797 0.419842
1057 0.00456736 -0.00396977 0.382306
1058 0.00380653 0.00266943 0.431095
1059 0.00562296 0.00200593 0.378404
1060 0.00488792 0.00288477 0.39867
1061 0.00533612 0.00282766 0.38406
1062 0.0042817 -0.00428935 0.385192
1063 0.00548503 0.00239874 0.381381
1064 0.00455897 -0.00335115 0.390568
1065 0.00466725 -0.00300932 0.391584
1066 0.00419292 -0.00350208 0.398214
1067 0.00424451 -0.00313686 0.401332
1068 0.00492828 -0.0027799 0.386495
1069 0.00426268 -0.00276658 0.404931
1070 0.00503826 -0.00246055 0.386374
1071 0.00426206 -0.0023445 0.409072
1072 0.00525094 -0.00208542 0.383158
1073 0.00424175 -0.00194211 0.413028
1074 0.00422771 -0.0015315 0.416408
1075 0.00422802 -0.00113539 0.418855
1076 0.0053697 -0.0016777 0.382375
1077 0.00420819 -0.000721235 0.421444
1078 0.0054871 -0.0013331 0.380696
1079 0.0042006 -0.000315789 0.423203
1080 0.0042006 8.77193e-05 0.424292
1081 0.0056254 -0.0010492 0.37754
1082 0.0042006 0.000491228 0.424923
1083 0.00559187 -0.000740583 0.380042
1084 0.00420647 0.000907326 0.424941
1085 0.00562512 -0.000426958 0.379994
1086 0.00421216 0.00131164 0.424489
1087 0.00420837 0.00170217 0.423871
1088 0.00563082 -0.000108104 0.380584
1089 0.00561397 0.000225145 0.381662
1090 0.00559677 0.000575006 0.382423
1091 0.00557129 0.000936678 0.383097
1092 0.00546589 0.00132159 0.386101
1093 0.00468246 0.00254983 0.407008
1094 0.00418553 -0.00389366 0.393237
1095 0.00533414 0.00169223 0.389581
1096 0.00451247 0.00225439 0.413436
1097 0.00522279 0.00209078 0.391832
1098 0.00508347 0.00249211 0.394545
1099 0.00462784 -0.00257643 0.397141
1100 0.00469533 -0.00212689 0.399369
1101 0.00494232 -0.00172728 0.395237
1102 0.00455071 -0.00172807 0.406421
1103 0.00464449 -0.00136311 0.406297
1104 0.00455609 -0.000923797 0.411154
1105 0.00509019 -0.00137216 0.393098
1106 0.00456545 -0.00051132 0.412663
1107 0.00525551 -0.000986147 0.390024
1108 0.00456206 -0.000100495 0.414023
1109 0.00454635 0.000305974 0.415239
1110 0.00454701 0.000713022 0.415527
1111 0.0053184 -0.000288239 0.390547
1112 0.00457118 0.00113626 0.414662
1113 0.00458255 0.00152739 0.413699
1114 0.00524244 0.000378944 0.394184
1115 0.00522313 0.00105353 0.394616
1116 0.00524115 3.89222e-05 0.393799
1117 0.00499875 0.00136352 0.401401
1118 0.00485781 0.00217973 0.403269
1119 0.00492566 0.00178316 0.402603
1120 0.00488978 -0.00107555 0.400768
1121 0.00495008 -0.000291107 0.402169
1122 0.00489788 0.000136344 0.404686
1123 0.00488719 0.000528777 0.405421
1124 0.00490853 -0.000729956 0.40185
1125 0.0048824 0.000935923 0.405531
1126 0.0025089 0.00334763 0.455954
1127 0.0028416 0.00316803 0.450646
1128 0.00319194 0.00297161 0.444297
1129 0.00306688 -0.0061355 0.378455
1130 0.00153773 0.00407545 0.46604
1131 0.00346443 0.00274974 0.439097
1132 0.00188842 0.00382837 0.463102
1133 0.00523743 -0.000618136 0.392136
1134 0.00454689 0.00189305 0.413764
1135 0.00254707 0.00365161 0.453561
1136 0.00536792 0.00528343 0.358284
1137 0.0010083 0.00474384 0.466604
1138 0.00445767 -0.00367472 0.389177
1139 0.00206734 0.0076315 0.425017
1140 0.0021021 0.00798492 0.420019
1141 0.00174516 0.0079445 0.426516
1142 0.00174778 0.00748676 0.431949
1143 0.00379454 0.00697532 0.390315
1144 0.00347235 0.00675533 0.402979
1145 0.00314348 0.00655366 0.414416
1146 0.00408014 0.00720872 0.377486
1147 0.0027991 0.0063694 0.424877
1148 0.00437023 0.00747459 0.362825
1149 0.00244437 0.00620433 0.43418
1150 0.00462366 0.00780403 0.347211
1151 0.00208374 0.00605836 0.442229
1152 0.00487379 0.00819219 0.329305
1153 0.00170652 0.00595555 0.448949
1154 0.00132482 0.00586664 0.45442
1155 0.000931245 0.00578438 0.458759
1156 0.000511173 0.0057159 0.461901
1157 0.00456448 0.00852326 0.337402
1158 0.00423203 0.00865067 0.349593
1159 0.00387851 0.00882472 0.36063
1160 0.00351624 0.00898994 0.370811
1161 0.000332342 0.00632939 0.456904
1162 0.00316289 0.0091205 0.379902
1163 0.000352573 0.00669367 0.453196
1164 0.00280158 0.00923753 0.388152
1165 0.000336788 0.00708333 0.449169
1166 0.00243607 0.00934093 0.395423
1167 0.000336788 0.00747222 0.444873
1168 0.00206978 0.00942863 0.401672
1169 0.000336788 0.00786111 0.44039
1170 0.00169422 0.00950377 0.407001
1171 0.000336788 0.00825 0.435737
1172 0.00129672 0.00955549 0.411626
1173 0.000359226 0.00864802 0.430719
1174 0.000875578 0.00961398 0.414994
1175 0.000340334 0.00902009 0.426032
1176 0.000383765 0.00968424 0.417089
1177 0.000296817 0.00601471 0.460005
1178 0.000289354 0.00932973 0.422142
1179 0.0037143 0.00736952 0.387445
1180 0.00342005 0.007157 0.399298
1181 0.0031126 0.00695914 0.410284
1182 0.00280009 0.00677385 0.420207
1183 0.00399418 0.00760276 0.374698
1184 0.00247635 0.00661311 0.429087
1185 0.00425509 0.00781865 0.361791
1186 0.00213814 0.00646954 0.437036
1187 0.00435352 0.00819958 0.351925
1188 0.00179335 0.00634178 0.443883
1189 0.00141392 0.00626368 0.449611
1190 0.00103867 0.00618915 0.454105
1191 0.000671315 0.0060987 0.457573
1192 0.0039385 0.00841166 0.364612
1193 0.00357101 0.00858613 0.374817
1194 0.0032182 0.00872675 0.383811
1195 0.000710034 0.00647284 0.453735
1196 0.0028742 0.00884292 0.391729
1197 0.000717325 0.00687026 0.449613
1198 0.00252437 0.00893638 0.398977
1199 0.000698972 0.00727329 0.445362
1200 0.00217139 0.00904423 0.404962
1201 0.000684238 0.00766667 0.440993
1202 0.00181325 0.00912261 0.41029
1203 0.000684238 0.00805556 0.436397
1204 0.00145453 0.00918341 0.414708
1205 0.000684238 0.00844444 0.431628
1206 0.00103554 0.00923866 0.418653
1207 0.000751598 0.00888336 0.425651
1208 0.000632981 0.00930625 0.420825
1209 0.00365465 0.00778116 0.38359
1210 0.00336795 0.00755655 0.395507
1211 0.00307491 0.00736211 0.406188
1212 0.00277176 0.00718391 0.415948
1213 0.00246931 0.00701513 0.424627
1214 0.00394792 0.00800951 0.370318
1215 0.00215221 0.00686735 0.432425
1216 0.00183543 0.00673412 0.439117
1217 0.001524 0.00659664 0.444865
1218 0.00112267 0.00662861 0.44899
1219 0.00361867 0.00818338 0.379033
1220 0.00328383 0.00833966 0.387263
1221 0.00294201 0.00844225 0.39542
1222 0.00260613 0.00852603 0.402616
1223 0.00106874 0.00707945 0.444674
1224 0.00225892 0.00863577 0.408677
1225 0.00104665 0.00747864 0.440412
1226 0.00190903 0.00872273 0.414003
1227 0.00103169 0.00786111 0.436083
1228 0.00156206 0.00880216 0.4183
1229 0.00103169 0.00825 0.431359
1230 0.0011858 0.00888377 0.421821
1231 0.00100462 0.0085946 0.42726
1232 0.00332351 0.00795168 0.391442
1233 0.00303021 0.00776661 0.402113
1234 0.00273191 0.00760123 0.411695
1235 0.00242933 0.00742106 0.420614
1236 0.00212233 0.00725462 0.428521
1237 0.00179992 0.00710298 0.435577
1238 0.00145113 0.00695411 0.441981
1239 0.0030541 0.00811541 0.396812
1240 0.00271116 0.00807135 0.406162
1241 0.00234934 0.00823862 0.412022
1242 0.00141607 0.00730809 0.438476
1243 0.00199492 0.00832561 0.417657
1244 0.00139515 0.00769263 0.434277
1245 0.00165983 0.00839378 0.422156
1246 0.00137454 0.00807812 0.429877
1247 0.00133792 0.00850294 0.424993
1248 0.00240526 0.00783139 0.416044
1249 0.00106246 0.0172531 0.276335
1250 0.0046468 0.0103442 0.305673
1251 0.00390788 0.0121284 0.312013
1252 0.00313711 0.0134472 0.31614
1253 0.00480232 0.0160724 0.217059
1254 0.00503388 0.0157741 0.213656
1255 0.0052462 0.0154596 0.210547
1256 0.0045486 0.0163515 0.220865
1257 0.0054502 0.0151425 0.207106
1258 0.00428312 0.0166178 0.224528
1259 0.00563055 0.0148131 0.204179
1260 0.00400096 0.0168635 0.228331
1261 0.00579068 0.0144684 0.201712
1262 0.00369885 0.0170935 0.232201
1263 0.00593176 0.0141155 0.199607
1264 0.00339005 0.0173082 0.235696
1265 0.00604761 0.0137595 0.198166
1266 0.00306792 0.0174998 0.239149
1267 0.00613847 0.0133944 0.197509
1268 0.0027303 0.0176719 0.24246
1269 0.00621428 0.0130227 0.197165
1270 0.00238578 0.0178273 0.245339
1271 0.00626464 0.0126517 0.197675
1272 0.00203775 0.0179556 0.247967
1273 0.00628879 0.0122764 0.199196
1274 0.0016828 0.0180659 0.250177
1275 0.00629697 0.011897 0.201245
1276 0.00129694 0.018133 0.252819
1277 0.00628026 0.0115231 0.204367
1278 0.000922543 0.0181893 0.254546
1279 0.00623713 0.0111494 0.208808
1280 0.000507964 0.0182642 0.254964
1281 0.00617299 0.01077 0.214444
1282 0.00608556 0.0104031 0.22158
1283 0.00597844 0.0100411 0.230321
1284 0.00586509 0.00967951 0.240179
1285 0.000339712 0.0176201 0.271631
1286 0.00569364 0.00932225 0.255694
1287 0.000357407 0.0172222 0.281093
1288 0.00549518 0.00895896 0.275569
1289 0.000357407 0.0168095 0.290661
1290 0.000357407 0.0163968 0.29992
1291 0.000357407 0.0159841 0.308883
1292 0.000357407 0.0155714 0.317563
1293 0.00485751 0.00913293 0.313016
1294 0.000357407 0.0151587 0.325971
1295 0.00450864 0.00931007 0.327256
1296 0.000357407 0.014746 0.334121
1297 0.00413805 0.00946865 0.340959
1298 0.000357407 0.0143333 0.342024
1299 0.00376655 0.00962169 0.353022
1300 0.000357407 0.0139206 0.349692
1301 0.00338402 0.00976332 0.364003
1302 0.000357407 0.0135079 0.357138
1303 0.00299876 0.0098878 0.373726
1304 0.000357407 0.0130952 0.364374
1305 0.00260932 0.00999827 0.382228
1306 0.000357407 0.0126825 0.37141
1307 0.00221251 0.010093 0.389619
1308 0.000357407 0.0122698 0.378257
1309 0.00181047 0.0101757 0.395777
1310 0.000357407 0.0118571 0.384922
1311 0.00139315 0.010245 0.400838
1312 0.000357407 0.0114444 0.391416
1313 0.000947623 0.0103012 0.404783
1314 0.000369289 0.0110098 0.398012
1315 0.000437132 0.0102939 0.408323
1316 0.00031841 0.0106466 0.403631
1317 0.000305419 0.0179578 0.263414
1318 0.00513328 0.00895287 0.300886
1319 0.00442769 0.0159794 0.232104
1320 0.00464133 0.0157035 0.229636
1321 0.00485085 0.0154134 0.226915
1322 0.00504629 0.0151115 0.22429
1323 0.00417131 0.0162482 0.235474
1324 0.00522605 0.0148054 0.221735
1325 0.0039097 0.0164763 0.239065
1326 0.00540195 0.0145006 0.218715
1327 0.00364847 0.0167042 0.241911
1328 0.00554724 0.0141598 0.216937
1329 0.0033466 0.0169244 0.245253
1330 0.00565437 0.01383 0.216247
1331 0.0030478 0.0171024 0.248607
1332 0.00576191 0.0134994 0.215071
1333 0.00274596 0.0172818 0.251184
1334 0.00584424 0.0131363 0.214983
1335 0.00241584 0.0174392 0.253985
1336 0.00589042 0.0127916 0.216127
1337 0.00208703 0.01756 0.256738
1338 0.0059371 0.0124469 0.216888
1339 0.00175715 0.0176766 0.258741
1340 0.0059532 0.0120749 0.219136
1341 0.00143098 0.0178021 0.259608
1342 0.00593707 0.0117273 0.222733
1343 0.00106486 0.0177332 0.264829
1344 0.00592112 0.0113809 0.226156
1345 0.000670814 0.0178659 0.264196
1346 0.0058659 0.0109994 0.231987
1347 0.0057782 0.0106576 0.239637
1348 0.00568896 0.0103131 0.247721
1349 0.00559301 0.00996888 0.256738
1350 0.0055132 0.00962448 0.265386
1351 0.000705119 0.0174522 0.274091
1352 0.00524856 0.00934422 0.286983
1353 0.000713231 0.0170258 0.284085
1354 0.000712275 0.0166032 0.293714
1355 0.000712275 0.0161905 0.302806
1356 0.000712275 0.0157778 0.311606
1357 0.000712275 0.0153651 0.320128
1358 0.0048565 0.00954937 0.306432
1359 0.000712275 0.0149524 0.328384
1360 0.00447489 0.0097174 0.322683
1361 0.000712275 0.0145397 0.336389
1362 0.00408234 0.00986813 0.337384
1363 0.000712275 0.014127 0.344153
1364 0.00369763 0.010023 0.349703
1365 0.000712275 0.0137143 0.351689
1366 0.00329926 0.0101594 0.360996
1367 0.000712275 0.0133016 0.35901
1368 0.00289977 0.0102805 0.370817
1369 0.000712275 0.0128889 0.366127
1370 0.00249275 0.0103884 0.379366
1371 0.000712275 0.0124762 0.373052
1372 0.00208432 0.0104749 0.386639
1373 0.000712275 0.0120635 0.379794
1374 0.00166059 0.0105534 0.392702
1375 0.000712275 0.0116508 0.386352
1376 0.00122008 0.0106238 0.397429
1377 0.000728967 0.0111997 0.393211
1378 0.000731092 0.010689 0.400877
1379 0.0040862 0.015911 0.244662
1380 0.00425138 0.0156148 0.244841
1381 0.0044622 0.0153515 0.242275
1382 0.00465579 0.015069 0.240053
1383 0.00482478 0.0147711 0.238477
1384 0.00379924 0.0160902 0.25007
1385 0.00499943 0.0144798 0.236003
1386 0.0035419 0.0163146 0.25293
1387 0.00520394 0.0142162 0.231255
1388 0.00332443 0.0165768 0.253208
1389 0.00525575 0.0138803 0.233682
1390 0.00300812 0.0167026 0.258273
1391 0.00536099 0.0135555 0.233195
1392 0.00271415 0.0168764 0.260958
1393 0.00551625 0.0132526 0.229629
1394 0.00245111 0.017091 0.261303
1395 0.00550718 0.0129121 0.233971
1396 0.00212241 0.017159 0.265522
1397 0.00555276 0.0125738 0.235366
1398 0.0017708 0.0172876 0.267795
1399 0.00565134 0.0122479 0.233606
1400 0.00140449 0.017437 0.268727
1401 0.00558153 0.0119143 0.24042
1402 0.00556603 0.0115732 0.244383
1403 0.00560482 0.011235 0.245239
1404 0.00547637 0.0109142 0.255344
1405 0.0053797 0.0105519 0.264341
1406 0.00527491 0.0101756 0.274446
1407 0.0052014 0.00979463 0.283407
1408 0.00107463 0.0168242 0.28614
1409 0.00107974 0.0164038 0.295486
1410 0.00106714 0.0159841 0.304665
1411 0.00106714 0.0155714 0.313293
1412 0.00106714 0.0151587 0.321647
1413 0.00483432 0.00999911 0.301164
1414 0.00106714 0.014746 0.329742
1415 0.00439505 0.0101022 0.32079
1416 0.00106714 0.0143333 0.337591
1417 0.00402406 0.0102773 0.333836
1418 0.00106714 0.0139206 0.345207
1419 0.00361632 0.0104279 0.346749
1420 0.00106714 0.0135079 0.352602
1421 0.00320319 0.0105619 0.358139
1422 0.00106714 0.0130952 0.359789
1423 0.00278604 0.0106817 0.368004
1424 0.00106714 0.0126825 0.36678
1425 0.00236254 0.0107812 0.376539
1426 0.00106714 0.0122698 0.373591
1427 0.00193906 0.01087 0.383496
1428 0.00109104 0.0118525 0.380071
1429 0.00152548 0.0109267 0.389147
1430 0.00108582 0.0114561 0.386319
1431 0.00110087 0.0110165 0.392859
1432 0.00378726 0.0156286 0.259367
1433 0.00405175 0.0152715 0.257624
1434 0.00430441 0.0150483 0.253007
1435 0.00441177 0.0147367 0.25451
1436 0.00460496 0.0144213 0.25243
1437 0.00343017 0.0159277 0.263726
1438 0.00482947 0.0140564 0.249196
1439 0.00308485 0.0162473 0.266117
1440 0.00496158 0.0136057 0.250058
1441 0.0026633 0.0164701 0.270848
1442 0.00511891 0.0131625 0.24907
1443 0.00226687 0.0167091 0.273265
1444 0.00516868 0.0126944 0.252486
1445 0.00182972 0.0168738 0.276493
1446 0.00524429 0.0122302 0.254236
1447 0.00142914 0.0170346 0.277874
1448 0.00520459 0.0117598 0.261289
1449 0.00520121 0.0112901 0.266523
1450 0.00507643 0.0108429 0.277889
1451 0.00498836 0.0104237 0.287442
1452 0.00145101 0.0166259 0.286873
1453 0.00145071 0.0162087 0.296003
1454 0.00143925 0.0157868 0.305058
1455 0.00142201 0.0153651 0.313891
1456 0.00142201 0.0149524 0.322067
1457 0.00142201 0.0145397 0.329991
1458 0.00432592 0.0105144 0.318027
1459 0.00142201 0.014127 0.337675
1460 0.00394496 0.0106909 0.331052
1461 0.00142201 0.0137143 0.345134
1462 0.00352578 0.0108427 0.343876
1463 0.00142201 0.0133016 0.352378
1464 0.00309688 0.0109721 0.35531
1465 0.00142201 0.0128889 0.359422
1466 0.00265925 0.0110908 0.365178
1467 0.0014151 0.0124827 0.36626
1468 0.00221267 0.0112003 0.373441
1469 0.00142201 0.0120635 0.372965
1470 0.00177349 0.011271 0.380264
1471 0.00151577 0.01164 0.378492
1472 0.0014013 0.0112631 0.385693
1473 0.00363911 0.0151748 0.272138
1474 0.00334521 0.0154914 0.27447
1475 0.00396856 0.0148269 0.268179
1476 0.00437841 0.0140756 0.266279
1477 0.00299887 0.0157796 0.277614
1478 0.00454116 0.0136896 0.265931
1479 0.00263612 0.0160299 0.280639
1480 0.00466478 0.0132786 0.266889
1481 0.00224034 0.0162464 0.283712
1482 0.00475604 0.0128645 0.268676
1483 0.00184524 0.0164443 0.285784
1484 0.00482302 0.0124367 0.271289
1485 0.00483731 0.0119977 0.276063
1486 0.00478038 0.0115516 0.284144
1487 0.00472234 0.0111304 0.292044
1488 0.00468914 0.0107092 0.29891
1489 0.00183471 0.0160159 0.295098
1490 0.00181113 0.015588 0.304286
1491 0.00179101 0.0151664 0.31301
1492 0.00177688 0.014746 0.321357
1493 0.00177688 0.0143333 0.3291
1494 0.00430852 0.010938 0.313013
1495 0.00177688 0.0139206 0.33661
1496 0.00388277 0.011115 0.327435
1497 0.00177688 0.0135079 0.343901
1498 0.00343059 0.0112581 0.341009
1499 0.00177688 0.0130952 0.350987
1500 0.00297932 0.0113925 0.352427
1501 0.00176437 0.0126967 0.357844
1502 0.00252439 0.0115161 0.362009
1503 0.00175416 0.0123042 0.364396
1504 0.002029 0.0116553 0.370099
1505 0.00418013 0.0144324 0.267681
1506 0.00176142 0.01195 0.369895
1507 0.00347936 0.0147423 0.284568
1508 0.00321417 0.0150579 0.286059
1509 0.00291816 0.0153582 0.287749
1510 0.00413337 0.0137466 0.280168
1511 0.00257626 0.0155942 0.290685
1512 0.00424412 0.0133732 0.281826
1513 0.00220919 0.0158111 0.293329
1514 0.00433836 0.0129881 0.283864
1515 0.00441685 0.0126092 0.28607
1516 0.00448242 0.0122177 0.288657
1517 0.00445194 0.0117949 0.295503
1518 0.00428258 0.011403 0.307882
1519 0.00217618 0.0153855 0.302478
1520 0.00214983 0.0149603 0.311232
1521 0.00215759 0.0145488 0.31886
1522 0.00215452 0.0141368 0.326453
1523 0.00213174 0.0137143 0.334365
1524 0.00378586 0.0115331 0.325058
1525 0.00213174 0.0133016 0.341479
1526 0.00331781 0.0116784 0.338396
1527 0.00212566 0.012893 0.348444
1528 0.00287118 0.0118288 0.348744
1529 0.00209808 0.0125045 0.355317
1530 0.00245133 0.011942 0.357092
1531 0.00374425 0.0144222 0.282182
1532 0.00396056 0.0141078 0.280404
1533 0.00208288 0.0121031 0.362024
1534 0.00299467 0.0146426 0.299314
1535 0.00284125 0.0149969 0.296372
1536 0.0025265 0.0151808 0.299796
1537 0.00384702 0.0134531 0.294561
1538 0.00391876 0.0130984 0.297558
1539 0.00399389 0.0127249 0.30044
1540 0.00409822 0.0123921 0.301384
1541 0.00420176 0.0120532 0.302071
1542 0.0025376 0.0147626 0.307512
1543 0.00255477 0.0143641 0.314456
1544 0.00251308 0.0139305 0.323047
1545 0.00248533 0.0134994 0.331075
1546 0.00362377 0.0119487 0.324588
1547 0.00248823 0.013071 0.338203
1548 0.00323274 0.0121294 0.334171
1549 0.00248661 0.0126825 0.344578
1550 0.00277131 0.0123124 0.343858
1551 0.00330974 0.0143225 0.296674
1552 0.00378908 0.0137911 0.29109
1553 0.00403889 0.0117919 0.312033
1554 0.00238231 0.0123165 0.352666
1555 0.00356605 0.014049 0.293881
1556 0.00291332 0.0141516 0.310002
1557 0.00351746 0.0132428 0.308417
1558 0.00357431 0.0128378 0.312929
1559 0.00365121 0.0124004 0.317054
1560 0.00283699 0.0136993 0.319642
1561 0.00281646 0.0132555 0.327568
1562 0.00285053 0.0127959 0.334183
1563 0.00319296 0.0125793 0.328435
1564 0.00345583 0.0136256 0.304146
1565 0.00319695 0.0138855 0.307225
1566 0.00318523 0.0130233 0.321667
