1 1.53081e-18 -0.025 0.384679
2 1.02054e-18 0.0133333 0.935293
3 1.53081e-18 0.025 0.803666
4 1.02054e-18 0.0466667 0.312141
5 0.0146855 0.0378813 0.151739
6 0.0239236 -0.00725686 0.144542
7 0.0138888 0.020787 0.440179
8 0 0.00186849 0.978242
9 0 -0.0115658 0.814448
10 0.0246938 0.00390109 0.157446
11 0.0205272 0.01427 0.30779
12 0.00788126 0.0153145 0.735235
13 0.0103188 -0.0227711 0.30251
14 0.0187954 -0.0164843 0.216374
15 0.00778709 0.0237563 0.638647
16 0.00855639 0.0443027 0.229301
17 0.0166459 0.0291675 0.147608
18 0 0.0364973 0.585476
19 0.013495 0.0147559 0.554179
20 0.0121686 -0.00663808 0.632949
21 0.0113779 0.00714751 0.704794
22 0.00763999 0.0329933 0.495781
