1 0 0 3.30608
2 -1.31814e-05 0.0843 2.75823
3 0.00180575 0.000476598 3.51524
4 0.00361149 0.000953196 3.60011
5 0.00541223 0.00144707 3.63133
6 0.00719307 0.00200963 3.64329
7 0.00897391 0.0025722 3.62007
8 0.0107403 0.00317618 3.5739
9 0.0124856 0.00384099 3.51347
10 0.0142125 0.00454948 3.43125
11 0.0159108 0.00532654 3.33753
12 0.0175898 0.00614232 3.21601
13 0.0192168 0.0070579 3.08918
14 0.020791 0.00806171 2.95342
15 0.0223077 0.00915007 2.80469
16 0.0237369 0.0103507 2.65747
17 0.025078 0.0116498 2.50672
18 0.0262937 0.0130663 2.37142
19 0.0273992 0.0145709 2.24214
20 0.0283687 0.0161663 2.13289
21 0.0292153 0.0178301 2.0395
22 0.0299473 0.0195475 1.95988
23 0.0305733 0.0213065 1.89115
24 0.0310975 0.0230985 1.83129
25 0.0315156 0.0249183 1.78277
26 0.0318266 0.0267594 1.74652
27 0.0320342 0.0286149 1.72048
28 0.0321332 0.0304794 1.70664
29 0.0320993 0.0323462 1.7166
30 0.0319454 0.0342068 1.74419
31 0.0316734 0.0360539 1.78916
32 0.0312838 0.0378799 1.8521
33 0.0307757 0.0396767 1.93502
34 0.0301753 0.0414447 2.02708
35 0.0294957 0.0431839 2.12516
36 0.0287499 0.044896 2.22641
37 0.0279523 0.0465846 2.32686
38 0.0271167 0.0482548 2.42354
39 0.0262619 0.0499153 2.51047
40 0.0254014 0.0515728 2.58527
41 0.0245495 0.0532348 2.64462
42 0.0237201 0.054908 2.6857
43 0.022928 0.0565992 2.70484
44 0.0221917 0.0583154 2.69708
45 0.0215252 0.0600598 2.66045
46 0.0209331 0.0618306 2.59805
47 0.0204178 0.0636255 2.51176
48 0.0199762 0.0654399 2.40544
49 0.0195829 0.0672656 2.29287
50 0.019193 0.0690919 2.19196
51 0.0187485 0.0709056 2.12016
52 0.0181722 0.0726806 2.09982
53 0.017385 0.0743734 2.14874
54 0.0163461 0.0759211 2.26255
55 0.0150989 0.0773095 2.40494
56 0.0136763 0.0785163 2.56065
57 0.0121235 0.0795539 2.71011
58 0.0105 0.0804767 2.83001
59 0.00881506 0.0812813 2.92811
60 0.0070772 0.0819634 3.00509
61 0.00533155 0.0826272 3.02912
62 0.00356673 0.0832343 3.015
63 0.00177677 0.0837672 2.95574
64 -1.28885e-05 0.0824267 3.35261
65 -1.25956e-05 0.0805533 3.9177
66 -1.23027e-05 0.07868 4.45513
67 -1.20098e-05 0.0768067 4.9641
68 -1.17168e-05 0.0749333 5.44481
69 -1.14239e-05 0.07306 5.90603
70 -1.1131e-05 0.0711867 6.35418
71 -1.08381e-05 0.0693133 6.78951
72 -1.05452e-05 0.06744 7.20906
73 -1.02522e-05 0.0655667 7.60965
74 -9.95932e-06 0.0636933 7.98927
75 -9.66639e-06 0.06182 8.34691
76 -9.37347e-06 0.0599467 8.68202
77 -9.08055e-06 0.0580733 8.99417
78 -8.78763e-06 0.0562 9.28292
79 -8.49471e-06 0.0543267 9.5477
80 -8.20179e-06 0.0524533 9.78782
81 -7.90887e-06 0.05058 10.0025
82 -7.61595e-06 0.0487067 10.1908
83 -7.32303e-06 0.0468333 10.3517
84 -7.03011e-06 0.04496 10.4843
85 -6.73718e-06 0.0430867 10.5874
86 -6.44426e-06 0.0412133 10.66
87 -6.15134e-06 0.03934 10.701
88 -5.85842e-06 0.0374667 10.7094
89 -5.5655e-06 0.0355933 10.6842
90 -5.27258e-06 0.03372 10.6243
91 -4.97966e-06 0.0318467 10.5288
92 -4.68674e-06 0.0299733 10.3968
93 -4.39382e-06 0.0281 10.2276
94 -4.10089e-06 0.0262267 10.0203
95 -3.80797e-06 0.0243533 9.77431
96 -3.51505e-06 0.02248 9.48911
97 -3.22213e-06 0.0206067 9.16437
98 -2.92921e-06 0.0187333 8.80021
99 -2.63629e-06 0.01686 8.39751
100 -2.34337e-06 0.0149867 7.95847
101 -2.05045e-06 0.0131133 7.48686
102 -1.75753e-06 0.01124 6.98676
103 -1.46461e-06 0.00936667 6.45993
104 -1.17168e-06 0.00749333 5.90329
105 -8.78763e-07 0.00562 5.31054
106 -5.85842e-07 0.00374667 4.67841
107 -2.92921e-07 0.00187333 4.00904
108 0.0160649 0.0264615 7.87444
109 0.0158035 0.0297037 8.19971
110 0.0111784 0.0605903 7.07632
111 0.00456453 0.0775323 4.61692
112 0.0159542 0.0281201 8.05028
113 0.0119083 0.0775922 3.30462
114 0.0132471 0.076627 3.17639
115 0.0144382 0.0754501 3.07785
116 0.0104227 0.0784787 3.42521
117 0.015427 0.074205 3.00203
118 0.00885865 0.0793187 3.511
119 0.0162805 0.072764 2.96067
120 0.00722972 0.0800243 3.5841
121 0.0168713 0.0711966 3.01279
122 0.00549848 0.0806353 3.63807
123 0.0173598 0.0695284 3.10077
124 0.00356339 0.0811687 3.67019
125 0.0177921 0.0677673 3.21594
126 0.00180077 0.0817633 3.58858
127 0.0182055 0.0660052 3.33499
128 0.0186321 0.0641655 3.46588
129 0.01913 0.0622883 3.57611
130 0.0197103 0.0604417 3.64854
131 0.0019845 0.0796923 4.19844
132 0.0203559 0.0586287 3.69206
133 0.00158033 0.0776754 4.75828
134 0.0210773 0.0568435 3.70069
135 0.00156318 0.0758169 5.23993
136 0.0218603 0.0550938 3.67727
137 0.00161078 0.0739969 5.68965
138 0.0226885 0.0533596 3.63071
139 0.00161108 0.0721236 6.14171
140 0.0235332 0.0516815 3.56162
141 0.00161137 0.0702503 6.58542
142 0.0243924 0.0500078 3.47748
143 0.00161166 0.0683769 7.01634
144 0.0252407 0.0483582 3.38195
145 0.00161196 0.0665036 7.42889
146 0.0260829 0.0466979 3.27466
147 0.00161225 0.0646303 7.82028
148 0.0268705 0.0450686 3.16753
149 0.00161254 0.0627569 8.18953
150 0.0276283 0.0433917 3.05756
151 0.00161283 0.0608836 8.53627
152 0.0282773 0.0417366 2.96893
153 0.00161313 0.0590103 8.86026
154 0.0288838 0.040055 2.87293
155 0.00161342 0.0571369 9.16115
156 0.0294025 0.0383552 2.788
157 0.00161371 0.0552636 9.43846
158 0.0298194 0.0366329 2.71887
159 0.00161401 0.0533903 9.69156
160 0.0301264 0.0348937 2.66724
161 0.0016143 0.0515169 9.91971
162 0.030337 0.0331524 2.62467
163 0.00161459 0.0496436 10.122
164 0.0304478 0.0314023 2.59277
165 0.00161488 0.0477703 10.2975
166 0.0304327 0.0296345 2.58386
167 0.00161518 0.0458969 10.4452
168 0.0302864 0.0278757 2.60003
169 0.00161547 0.0440236 10.564
170 0.0300217 0.0261344 2.63531
171 0.00161576 0.0421503 10.6528
172 0.0296717 0.0244014 2.67255
173 0.00161606 0.0402769 10.7106
174 0.0292243 0.0226947 2.71832
175 0.00161635 0.0384036 10.7363
176 0.0286818 0.0210198 2.77146
177 0.00161664 0.0365303 10.7287
178 0.0280607 0.0193846 2.82446
179 0.00161694 0.0346569 10.687
180 0.0273225 0.0177997 2.89491
181 0.00161723 0.0327836 10.6101
182 0.0264578 0.016283 2.98664
183 0.00161752 0.0309103 10.4971
184 0.0254849 0.0148721 3.09623
185 0.00161781 0.0290369 10.3472
186 0.0244096 0.013512 3.20819
187 0.00161811 0.0271636 10.1596
188 0.0232333 0.0122437 3.32803
189 0.0016184 0.0252903 9.93351
190 0.0219351 0.0110618 3.46019
191 0.00161869 0.0234169 9.66831
192 0.0205577 0.00999029 3.59617
193 0.00161899 0.0215436 9.36346
194 0.0190889 0.00901423 3.73701
195 0.00161928 0.0196703 9.01863
196 0.0175654 0.00809653 3.86247
197 0.00161957 0.0177969 8.63388
198 0.0159873 0.00726315 3.98075
199 0.00161986 0.0159236 8.21022
200 0.0143615 0.00650648 4.09069
201 0.00162016 0.0140503 7.75067
202 0.0127088 0.00577929 4.1742
203 0.00162045 0.0121769 7.26155
204 0.0110052 0.00511702 4.24822
205 0.00166324 0.0102635 6.73793
206 0.00931912 0.00448259 4.28835
207 0.00166159 0.00833802 6.18617
208 0.00763455 0.00389931 4.30711
209 0.00167535 0.006373 5.58754
210 0.00583639 0.00337866 4.32201
211 0.00185111 0.00433098 4.91818
212 0.00376714 0.00319825 4.43656
213 0.00184529 0.00245894 4.2583
214 0.0116181 0.0757519 3.8445
215 0.0103723 0.0766401 3.92308
216 0.0128796 0.075029 3.66675
217 0.0135911 0.0737755 3.73743
218 0.00891353 0.0774557 4.01436
219 0.0146566 0.0728236 3.57761
220 0.00740932 0.0781101 4.10104
221 0.015049 0.0714021 3.72901
222 0.00583208 0.0786422 4.17651
223 0.0155344 0.0698664 3.84192
224 0.00405107 0.0795209 4.11617
225 0.0159887 0.0682067 3.9713
226 0.0164109 0.0664848 4.11273
227 0.0168302 0.064717 4.25684
228 0.0172895 0.0627887 4.41046
229 0.0178512 0.0608699 4.51467
230 0.0184824 0.0589822 4.58152
231 0.0191878 0.0571259 4.60857
232 0.00311698 0.0765969 4.97533
233 0.0199641 0.055308 4.59489
234 0.00312163 0.0748443 5.4151
235 0.0207948 0.0535289 4.54653
236 0.00315252 0.0730369 5.85231
237 0.0216587 0.0517895 4.47059
238 0.00324663 0.0712313 6.27609
239 0.0225153 0.0501015 4.38119
240 0.00326818 0.0693586 6.71152
241 0.0233818 0.0484452 4.27056
242 0.00323474 0.0674405 7.14538
243 0.0242198 0.0467966 4.15767
244 0.00323503 0.0655672 7.54676
245 0.0250276 0.0451828 4.03543
246 0.00323533 0.0636938 7.92669
247 0.025741 0.0435776 3.93493
248 0.00323562 0.0618205 8.28464
249 0.0264246 0.0419633 3.82579
250 0.00323591 0.0599472 8.62033
251 0.0270389 0.0403554 3.72198
252 0.00323621 0.0580738 8.93344
253 0.0275812 0.0387423 3.6242
254 0.0032365 0.0562005 9.22354
255 0.028025 0.0371142 3.54406
256 0.00323679 0.0543272 9.49004
257 0.0283535 0.0354697 3.48728
258 0.00323708 0.0524538 9.7322
259 0.0285862 0.033833 3.44245
260 0.00323738 0.0505805 9.94915
261 0.0287604 0.0321904 3.39267
262 0.00323767 0.0487072 10.1399
263 0.0288694 0.0305511 3.34057
264 0.00323796 0.0468338 10.3035
265 0.0287776 0.0288635 3.34674
266 0.00323826 0.0449605 10.4388
267 0.0285355 0.0272381 3.38881
268 0.00323855 0.0430872 10.5446
269 0.0282543 0.0255932 3.41372
270 0.00323884 0.0412138 10.62
271 0.0278665 0.0239579 3.45162
272 0.00323913 0.0393405 10.6637
273 0.0273874 0.022362 3.49753
274 0.00323943 0.0374672 10.6747
275 0.0268489 0.0208054 3.5375
276 0.00323972 0.0355938 10.6519
277 0.0262682 0.0192897 3.56479
278 0.00324001 0.0337205 10.5943
279 0.0255107 0.0178288 3.63485
280 0.00324031 0.0318472 10.5011
281 0.024621 0.0165239 3.74392
282 0.0032406 0.0299738 10.3712
283 0.0236591 0.0152385 3.84456
284 0.00324089 0.0281005 10.2039
285 0.0226184 0.0140008 3.94161
286 0.00324118 0.0262272 9.9984
287 0.0215233 0.0128297 4.02995
288 0.00324148 0.0243538 9.75395
289 0.0202472 0.011763 4.1576
290 0.00324177 0.0224805 9.46997
291 0.0189034 0.010846 4.30088
292 0.00324206 0.0206072 9.14602
293 0.017499 0.00992605 4.41827
294 0.00324236 0.0187338 8.78189
295 0.0160029 0.00911594 4.54729
296 0.00324265 0.0168605 8.37798
297 0.0144644 0.00836454 4.66246
298 0.00324294 0.0149872 7.93606
299 0.0128733 0.00765355 4.76079
300 0.00329162 0.0130761 7.4487
301 0.0112168 0.00698314 4.84354
302 0.00332792 0.0111765 6.9383
303 0.00955714 0.0063622 4.90202
304 0.00332341 0.009231 6.3937
305 0.00793646 0.00573654 4.91373
306 0.003279 0.00728147 5.81803
307 0.00629235 0.00517419 4.91046
308 0.00324601 0.00520883 5.15893
309 0.00305488 0.0782782 4.53294
310 0.0101333 0.0747708 4.43451
311 0.0115337 0.0736263 4.36446
312 0.00909308 0.0758229 4.39512
313 0.0130062 0.0719337 4.31606
314 0.0076627 0.0759854 4.61464
315 0.00620968 0.0763637 4.735
316 0.0136909 0.0702002 4.44477
317 0.0141847 0.0686052 4.58704
318 0.0146119 0.0669381 4.74921
319 0.015004 0.0651677 4.9323
320 0.0154325 0.0632871 5.11297
321 0.0159678 0.0613382 5.25504
322 0.0165789 0.0593926 5.35701
323 0.0172685 0.0574594 5.4162
324 0.0180269 0.0555692 5.4304
325 0.00479539 0.0755504 5.10362
326 0.0188514 0.0537324 5.39806
327 0.00449376 0.0739451 5.52433
328 0.0197353 0.0519367 5.32332
329 0.0048811 0.0723208 5.87317
330 0.0206307 0.0502065 5.2216
331 0.00492952 0.0704071 6.31581
332 0.0215124 0.048522 5.10614
333 0.00492999 0.0684603 6.75961
334 0.0223652 0.0468912 4.98075
335 0.00485782 0.0665041 7.19593
336 0.0231419 0.0453011 4.86647
337 0.00485811 0.0646308 7.5855
338 0.023896 0.0437087 4.74401
339 0.0048584 0.0627574 7.95404
340 0.0245642 0.0421403 4.63549
341 0.0048587 0.0608841 8.30116
342 0.0251907 0.0405749 4.52259
343 0.00485899 0.0590108 8.62642
344 0.0257456 0.0390355 4.41499
345 0.00485928 0.0571374 8.92942
346 0.0262616 0.037523 4.2984
347 0.00485958 0.0552641 9.20967
348 0.0266167 0.035956 4.2311
349 0.00485987 0.0533908 9.46634
350 0.02682 0.0344112 4.20186
351 0.00486016 0.0515174 9.69857
352 0.0270451 0.0328603 4.13713
353 0.00486045 0.0496441 9.90538
354 0.0271812 0.0313146 4.08371
355 0.00486075 0.0477708 10.0857
356 0.0274423 0.029775 3.9495
357 0.00486104 0.0458974 10.2384
358 0.0269829 0.0282763 4.09735
359 0.00486133 0.0440241 10.3622
360 0.0268046 0.0267083 4.09391
361 0.00486163 0.0421508 10.4561
362 0.0264998 0.0251279 4.11259
363 0.00486192 0.0402774 10.5189
364 0.0260599 0.0236129 4.16045
365 0.00486221 0.0384041 10.5494
366 0.0255565 0.0221072 4.2033
367 0.00486251 0.0365308 10.5465
368 0.0250403 0.0206769 4.22849
369 0.0048628 0.0346574 10.5093
370 0.0246699 0.0191991 4.16099
371 0.00486309 0.0327841 10.4366
372 0.0236955 0.0181047 4.34546
373 0.00486338 0.0309108 10.3277
374 0.0228591 0.0169068 4.43108
375 0.00486368 0.0290374 10.1815
376 0.0219021 0.0156839 4.51891
377 0.00486397 0.0271641 9.99729
378 0.0208809 0.0145714 4.61378
379 0.00486426 0.0252908 9.7743
380 0.019998 0.0133386 4.60437
381 0.00486456 0.0234174 9.51187
382 0.0186261 0.0126646 4.83229
383 0.00486485 0.0215441 9.20946
384 0.0173564 0.0117671 4.94193
385 0.00486514 0.0196708 8.86668
386 0.0159492 0.0109225 5.06169
387 0.00486543 0.0177974 8.48361
388 0.0144955 0.0102033 5.18787
389 0.00486573 0.0159241 8.06126
390 0.0129858 0.00950076 5.29289
391 0.00492442 0.0139922 7.5837
392 0.0113942 0.00885407 5.39075
393 0.004987 0.0120748 7.07874
394 0.00975571 0.00825857 5.47169
395 0.00502877 0.01013 6.54371
396 0.00811033 0.00765383 5.50998
397 0.00495882 0.00818087 5.98621
398 0.00648073 0.00700213 5.49044
399 0.00481249 0.00634209 5.42844
400 0.00478238 0.00464861 4.8668
401 0.00839362 0.0742817 4.90226
402 0.00956765 0.0727619 5.01782
403 0.010791 0.0715141 5.01115
404 0.0119766 0.0703276 4.94005
405 0.0123653 0.0689306 5.11136
406 0.0128601 0.0673871 5.26045
407 0.0131786 0.0656815 5.48661
408 0.0135238 0.0637771 5.73116
409 0.0140375 0.0618432 5.90945
410 0.0146705 0.0598611 6.03508
411 0.0153246 0.0578515 6.14275
412 0.0160533 0.0558763 6.19981
413 0.0168731 0.0539555 6.19582
414 0.0177676 0.0521011 6.13473
415 0.00638673 0.0740056 5.29281
416 0.0187282 0.0502977 6.02234
417 0.00654816 0.0716309 5.8222
418 0.0196209 0.0486049 5.9057
419 0.00667497 0.0695575 6.27429
420 0.0204673 0.0469943 5.7809
421 0.00658097 0.0675151 6.74129
422 0.0212949 0.0453898 5.64688
423 0.00652961 0.0655559 7.16497
424 0.022028 0.0438288 5.52935
425 0.00652133 0.0636705 7.54633
426 0.0227135 0.0422745 5.41205
427 0.00648148 0.061821 7.90577
428 0.0233353 0.0407378 5.29914
429 0.00648178 0.0599477 8.24279
430 0.023905 0.0392196 5.18496
431 0.00650674 0.0580516 8.55841
432 0.0244241 0.0377705 5.06519
433 0.00648236 0.056201 8.85275
434 0.0251006 0.0364498 4.85033
435 0.00648265 0.0543277 9.12432
436 0.0249982 0.034975 4.95292
437 0.00648295 0.0524543 9.37234
438 0.0252193 0.0333843 4.89614
439 0.00648324 0.050581 9.59595
440 0.0254093 0.031729 4.82402
441 0.00648353 0.0487077 9.79392
442 0.0158442 0.0248254 7.75743
443 0.00648383 0.0468343 9.96498
444 0.00669925 0.0109704 6.62712
445 0.00648412 0.044961 10.1079
446 0.0252394 0.0277742 4.78201
447 0.00648441 0.0430877 10.2215
448 0.0253097 0.0262014 4.65887
449 0.0064847 0.0412143 10.3043
450 0.0246977 0.0248008 4.79213
451 0.006485 0.039341 10.3554
452 0.0242594 0.0233499 4.82254
453 0.00648529 0.0374677 10.3736
454 0.0236852 0.0217985 4.8621
455 0.00648558 0.0355943 10.3576
456 0.02298 0.0200729 4.88951
457 0.00648588 0.033721 10.3067
458 0.00648617 0.0318477 10.2196
459 0.0213135 0.0172079 4.98381
460 0.00648646 0.0299743 10.0955
461 0.00648675 0.028101 9.93346
462 0.00648705 0.0262277 9.73278
463 0.0187981 0.0147567 5.25569
464 0.00648734 0.0243543 9.4927
465 0.00648763 0.022481 9.21261
466 0.0170759 0.0136711 5.46748
467 0.00648793 0.0206077 8.89201
468 0.0159736 0.0125325 5.46309
469 0.00648822 0.0187343 8.53071
470 0.014475 0.0120368 5.67455
471 0.00648851 0.016861 8.12926
472 0.0130452 0.0113515 5.78759
473 0.00653324 0.0149293 7.67125
474 0.0115458 0.0106622 5.8757
475 0.00665237 0.0129516 7.15972
476 0.00989764 0.0101442 5.99683
477 0.0201654 0.0316448 6.88476
478 0.00826796 0.00962976 6.07556
479 0.00662448 0.00893631 6.0617
480 0.0200982 0.0162957 5.19057
481 0.00789275 0.0726654 5.36391
482 0.0103329 0.0693238 5.58647
483 0.0112797 0.0678514 5.63659
484 0.0113729 0.0663241 5.92064
485 0.0116588 0.064492 6.20055
486 0.0119269 0.062317 6.53885
487 0.0128228 0.0603699 6.60441
488 0.0133793 0.0583128 6.78299
489 0.0140526 0.0562603 6.89843
490 0.0148375 0.0542211 6.94864
491 0.0157181 0.0522922 6.92415
492 0.0167063 0.0504555 6.82099
493 0.0176552 0.0487099 6.69928
494 0.00859538 0.0707834 5.65972
495 0.018577 0.047063 6.5553
496 0.00832895 0.0684824 6.21558
497 0.0194343 0.0454719 6.41179
498 0.0081617 0.0664584 6.68098
499 0.0201925 0.0439219 6.28544
500 0.00822044 0.0645388 7.06248
501 0.020872 0.042386 6.17119
502 0.00821783 0.0626735 7.42745
503 0.0214854 0.0408656 6.06275
504 0.00815087 0.0608308 7.7829
505 0.0220568 0.0393542 5.94987
506 0.00816645 0.0589219 8.11356
507 0.0226253 0.0378039 5.81828
508 0.00817384 0.0570758 8.41488
509 0.0219753 0.0186971 5.02224
510 0.00811613 0.055245 8.70635
511 0.016532 0.0325045 8.10888
512 0.00810687 0.0533608 8.97363
513 0.0234161 0.0340798 5.63548
514 0.00813505 0.0515014 9.2073
515 0.0235595 0.0323338 5.58963
516 0.00810632 0.0496446 9.42735
517 0.0237428 0.0306189 5.49267
518 0.00810661 0.0477713 9.61788
519 0.0081069 0.0458979 9.78103
520 0.0237234 0.0287 5.43468
521 0.0081072 0.0440246 9.91546
522 0.0204867 0.0295655 6.69886
523 0.00810749 0.0421513 10.0198
524 0.0233306 0.0360591 5.61438
525 0.00810778 0.0402779 10.0926
526 0.022852 0.0246492 5.47751
527 0.00810808 0.0384046 10.1328
528 0.0226546 0.0230833 5.38261
529 0.00810837 0.0365313 10.1394
530 0.0217177 0.0217991 5.55738
531 0.00810866 0.0346579 10.1112
532 0.00810895 0.0327846 10.0471
533 0.00810925 0.0309113 9.94616
534 0.00810954 0.0290379 9.80738
535 0.00810983 0.0271646 9.62998
536 0.00811013 0.0252913 9.41318
537 0.016734 0.0155399 5.96201
538 0.00811042 0.0234179 9.15633
539 0.00811071 0.0215446 8.85884
540 0.0150391 0.0140973 6.04895
541 0.008111 0.0196713 8.52042
542 0.0081113 0.0177979 8.14114
543 0.0131599 0.0132552 6.24536
544 0.00811159 0.0159246 7.72278
545 0.0115814 0.012479 6.34565
546 0.00817636 0.0139616 7.23924
547 0.0102237 0.0117637 6.38333
548 0.00847588 0.0117871 6.64138
549 0.020811 0.020169 5.63006
550 0.0198507 0.01831 5.63078
551 0.0182935 0.0168167 5.80764
552 0.0097655 0.0672665 6.15364
553 0.00986472 0.0653918 6.51549
554 0.00999516 0.0635088 6.85629
555 0.00990635 0.0616532 7.23112
556 0.0115137 0.0588845 7.28358
557 0.011964 0.0567103 7.5194
558 0.0128659 0.0546572 7.56181
559 0.0134909 0.0524435 7.69576
560 0.0147276 0.050565 7.53916
561 0.0156519 0.0487478 7.45779
562 0.0166451 0.0470789 7.30524
563 0.0175506 0.0455181 7.15073
564 0.0183716 0.0439976 7.00367
565 0.0190596 0.0424792 6.88897
566 0.0196401 0.0409828 6.79496
567 0.0201708 0.039502 6.69912
568 0.00974236 0.0597637 7.6124
569 0.0207053 0.0379939 6.58243
570 0.00994164 0.0578913 7.88339
571 0.0212371 0.0364714 6.4445
572 0.00984492 0.0560971 8.19643
573 0.0215933 0.0347158 6.356
574 0.00968072 0.0542307 8.51378
575 0.0097844 0.0524103 8.74101
576 0.00982815 0.050574 8.96284
577 0.0218162 0.0312779 6.26511
578 0.00982043 0.0487158 9.1746
579 0.0223171 0.0296366 6.02115
580 0.00980086 0.0468529 9.36328
581 0.00980501 0.0449857 9.51916
582 0.0218714 0.0279446 6.1056
583 0.00977881 0.0431078 9.65282
584 0.0213901 0.0259759 6.13464
585 0.00973057 0.0412149 9.7598
586 0.00973086 0.0393415 9.8234
587 0.00973115 0.0374682 9.85374
588 0.0208823 0.0238074 6.09554
589 0.00973145 0.0355949 9.84969
590 0.00973174 0.0337215 9.80986
591 0.00973203 0.0318482 9.73321
592 0.00973232 0.0299749 9.6188
593 0.00973262 0.0281015 9.4657
594 0.00973291 0.0262282 9.2732
595 0.0097332 0.0243549 9.04057
596 0.0148841 0.016265 6.56288
597 0.0097335 0.0224815 8.76727
598 0.00974517 0.0206324 8.45532
599 0.0132169 0.0151734 6.68521
600 0.00973408 0.0187349 8.09722
601 0.00976072 0.0169094 7.70792
602 0.0115285 0.0142718 6.79786
603 0.00980002 0.0150848 7.28234
604 0.00984104 0.0133377 6.84766
605 0.0217757 0.0329628 6.30037
606 0.019673 0.0219247 6.25437
607 0.0164044 0.017587 6.46224
608 0.0186531 0.0201062 6.29295
609 0.0178914 0.0185028 6.23372
610 0.0111521 0.0549917 8.02067
611 0.0114324 0.0532774 8.19901
612 0.0129591 0.0505654 8.11961
613 0.0134742 0.0487403 8.19327
614 0.0147465 0.0469597 7.98705
615 0.0156075 0.0454435 7.86163
616 0.0165811 0.0440377 7.66184
617 0.0173291 0.0425417 7.5308
618 0.0178285 0.041093 7.46714
619 0.0182927 0.039631 7.39811
620 0.0187871 0.0381873 7.29712
621 0.0193075 0.0366777 7.16823
622 0.0197263 0.0350928 7.05458
623 0.0115511 0.0515616 8.40294
624 0.0115636 0.0496088 8.64346
625 0.0234792 0.0265295 5.40187
626 0.011523 0.0478289 8.85393
627 0.0255466 0.0299015 4.74014
628 0.0115103 0.0459433 9.03967
629 0.0115152 0.0440917 9.19106
630 0.0199016 0.0274238 6.77166
631 0.0113872 0.0421551 9.34755
632 0.0193667 0.0255881 6.79146
633 0.0113739 0.040257 9.44039
634 0.0114365 0.0384056 9.48113
635 0.011472 0.0365751 9.49501
636 0.0114383 0.0347082 9.4898
637 0.0114045 0.0328303 9.44694
638 0.0113754 0.0309397 9.36436
639 0.0113554 0.0290384 9.23944
640 0.0113557 0.0271651 9.07232
641 0.011356 0.0252918 8.86506
642 0.0113803 0.0234456 8.61625
643 0.0131034 0.0170923 7.13182
644 0.0113983 0.0216127 8.33082
645 0.0113769 0.019762 8.00988
646 0.0114712 0.0160696 7.22789
647 0.0113731 0.0178879 7.64067
648 0.0200141 0.033439 6.96165
649 0.0186024 0.0235959 6.81276
650 0.0147407 0.018248 7.00318
651 0.0174581 0.0217123 6.89565
652 0.0163811 0.0197435 6.87249
653 0.012954 0.0469219 8.54873
654 0.0134614 0.0451775 8.5738
655 0.0147701 0.043818 8.2886
656 0.0158077 0.0427134 8.04046
657 0.0160512 0.0412265 8.07079
658 0.0164433 0.0397863 8.02914
659 0.0168314 0.0382916 7.97134
660 0.0173801 0.0368782 7.83584
661 0.0179335 0.0353647 7.67903
662 0.0186189 0.030357 7.37354
663 0.0187368 0.0286797 7.24406
664 0.0130239 0.0430777 8.86572
665 0.0177947 0.0271977 7.43761
666 0.0129443 0.0411478 9.00552
667 0.0130844 0.03933 9.04833
668 0.0132367 0.0375358 9.05653
669 0.0132305 0.0357389 9.07452
670 0.0130765 0.0338227 9.09103
671 0.0130645 0.0319375 9.03429
672 0.0129872 0.0300489 8.95323
673 0.0129047 0.0281496 8.83054
674 0.012916 0.0262735 8.64778
675 0.012967 0.024428 8.41931
676 0.0131 0.0225786 8.13241
677 0.0129657 0.0189329 7.53401
678 0.0130639 0.0207844 7.85171
679 0.0181959 0.0337618 7.59701
680 0.0174647 0.0252048 7.3439
681 0.016573 0.0233923 7.38158
682 0.0144473 0.0199072 7.38209
683 0.0150312 0.0216637 7.54016
684 0.0146466 0.0402062 8.57104
685 0.014907 0.0385118 8.56641
686 0.0152532 0.0368238 8.5099
687 0.0163359 0.0356176 8.19173
688 0.0172292 0.0291353 7.74914
689 0.0143472 0.0419735 8.55688
690 0.014792 0.0348506 8.65124
691 0.0147759 0.0330364 8.62932
692 0.0147951 0.0310495 8.55445
693 0.0144174 0.0290931 8.53558
694 0.0144492 0.0272573 8.37841
695 0.0144537 0.0254902 8.19678
696 0.0146407 0.0236238 7.91996
697 0.0184445 0.0320852 7.48977
698 0.0164925 0.0341535 8.14658
699 0.0168284 0.0308997 7.96367
