1 6.12323e-19 -0.01 0.31506
2 4.08216e-19 0.00533333 0.492858
3 6.12323e-19 0.01 0.441828
4 4.08216e-19 0.0186667 0.261848
5 0.0058742 0.0151525 0.193184
6 0.00956943 -0.00290274 0.191804
7 0.00555552 0.00831481 0.314471
8 0 0.00362963 0.502549
9 0 0.00192593 0.507151
10 0 0.000222222 0.504062
11 0 -0.00148148 0.493495
12 0 -0.00318519 0.475115
13 0 -0.00488889 0.44885
14 0 -0.00659259 0.414523
15 0 -0.0082963 0.370132
16 0.00990904 -0.00134569 0.183749
17 0.00999698 0.000245546 0.182329
18 0.00983103 0.00183054 0.187602
19 0.00941539 0.00336905 0.199871
20 0.00876062 0.00482199 0.219338
21 0.00788335 0.00615246 0.247998
22 0.00680586 0.00732668 0.29499
23 0.00448947 0.00707161 0.385417
24 0.0031525 0.0061258 0.438407
25 0.00162529 0.00553449 0.473623
26 0.00158859 -0.00987301 0.306056
27 0.00313684 -0.00949527 0.295529
28 0.00460542 -0.00887638 0.280492
29 0.00595704 -0.00803204 0.262134
30 0.00715735 -0.00698371 0.242103
31 0.00817589 -0.00575802 0.222311
32 0.00898679 -0.00438608 0.204783
33 0 0.00844444 0.462376
34 0 0.00688889 0.480064
35 0.00427541 0.00903996 0.364123
36 0.00290274 0.00956943 0.400572
37 0.00146725 0.00989177 0.424833
38 0.00482253 0.016603 0.212317
39 0.00342255 0.0177211 0.232354
40 0.00177539 0.0184259 0.24801
41 0.0063363 0.00992738 0.222874
42 0.00665944 0.0116896 0.189195
43 0.0065016 0.0134743 0.183222
44 0 0.0169333 0.308442
45 0 0.0152 0.348359
46 0 0.0134667 0.383885
47 0 0.0117333 0.414913
48 0.00466288 -0.00222002 0.409149
49 0.00481561 -0.000443667 0.416659
50 0.00464827 0.00147211 0.425489
51 0.00596834 0.000592248 0.379084
52 0.0018203 -0.00786375 0.364085
53 0.00334097 -0.00791226 0.33725
54 0.00448134 -0.00723879 0.328044
55 0.00562354 -0.0064169 0.312603
56 0.00661274 -0.00545017 0.29622
57 0.00153076 -0.00584712 0.415609
58 0.00752936 -0.00443133 0.274712
59 0.00147545 -0.00403704 0.449273
60 0.00781455 -0.00305334 0.280423
61 0.00147545 -0.00233333 0.471714
62 0.00855189 -0.00184584 0.254658
63 0.00147545 -0.00062963 0.485998
64 0.00850997 -0.000458946 0.263886
65 0.00147545 0.00107407 0.492436
66 0.00879866 0.000912947 0.248736
67 0.00156336 0.00294719 0.489384
68 0.00824334 0.00217829 0.273768
69 0.00120554 0.00436088 0.487406
70 0.00800485 0.00351106 0.275838
71 0.00709582 0.00466071 0.310008
72 0.00284814 0.00428051 0.461944
73 0.00595512 0.0063176 0.343623
74 0.00442229 0.00528056 0.411119
75 0.00302771 -0.00651837 0.378356
76 0.00421635 -0.00567876 0.36971
77 0.00608747 -0.00359826 0.346261
78 0.00293799 -0.00488889 0.413156
79 0.00299099 -0.00312217 0.43933
80 0.00679882 -0.00138764 0.340639
81 0.0030771 -0.00140128 0.455204
82 0.00307262 0.00034835 0.464623
83 0.00312302 0.00224358 0.464408
84 0.00739685 0.000744396 0.319403
85 0.00643402 0.00270221 0.357348
86 0.00567098 0.00447366 0.374475
87 0.00453916 0.00347789 0.422121
88 0.00527307 -0.00496749 0.352108
89 0.00428648 -0.00400656 0.397352
90 0.00133039 0.00887611 0.441983
91 0.00295274 0.00800245 0.421288
92 0.00150804 0.00730382 0.458482
93 0.00330142 0.0115186 0.356336
94 0.00308299 0.01416 0.317078
95 0.00353083 0.0129125 0.325344
96 0.00165599 0.0164679 0.299192
97 0.00433212 0.0151252 0.25862
98 0.00311656 0.015827 0.283082
99 0.00473995 0.0138584 0.265441
100 0.00491494 0.0123704 0.279984
101 0.0046027 0.0108357 0.317538
102 0.00160053 0.0146405 0.339839
103 0.0017764 0.0127232 0.373729
104 0.00162623 0.0109858 0.405773
