1 6.12323e-19 -0.01 0.303758
2 4.08216e-19 0.00533333 0.467042
3 6.12323e-19 0.01 0.414132
4 4.08216e-19 0.0186667 0.246148
5 0.0058742 0.0151525 0.188367
6 0.00956943 -0.00290274 0.189113
7 0.00555552 0.00831481 0.289898
8 0 0.00490741 0.470215
9 0 0.00448148 0.473175
10 0 0.00405556 0.475791
11 0 0.00362963 0.478043
12 0 0.0032037 0.479921
13 0 0.00277778 0.481412
14 0 0.00235185 0.482503
15 0 0.00192593 0.483183
16 0 0.0015 0.48344
17 0 0.00107407 0.483264
18 0 0.000648148 0.482644
19 0 0.000222222 0.48157
20 0 -0.000203704 0.480034
21 0 -0.00062963 0.478027
22 0 -0.00105556 0.475542
23 0 -0.00148148 0.472571
24 0 -0.00190741 0.469109
25 0 -0.00233333 0.465148
26 0 -0.00275926 0.460683
27 0 -0.00318519 0.455709
28 0 -0.00361111 0.450222
29 0 -0.00403704 0.444215
30 0 -0.00446296 0.437686
31 0 -0.00488889 0.43063
32 0 -0.00531481 0.423043
33 0 -0.00574074 0.414922
34 0 -0.00616667 0.406264
35 0 -0.00659259 0.397065
36 0 -0.00701852 0.387322
37 0 -0.00744444 0.377034
38 0 -0.00787037 0.3662
39 0 -0.0082963 0.354822
40 0 -0.00872222 0.342902
41 0 -0.00914815 0.330449
42 0 -0.00957407 0.31758
43 0.00968426 -0.00249302 0.18641
44 0.00978152 -0.00207892 0.184111
45 0.0098611 -0.00166091 0.182222
46 0.0099228 -0.00124015 0.180771
47 0.00996658 -0.000816895 0.179765
48 0.0099923 -0.000392476 0.179214
49 0.00999995 3.2969e-05 0.179117
50 0.00998951 0.000458015 0.179489
51 0.00996098 0.000882571 0.18033
52 0.00991445 0.00130522 0.181626
53 0.00984995 0.00172581 0.183381
54 0.00976767 0.00214304 0.185585
55 0.00966766 0.00255663 0.188235
56 0.00955019 0.00296545 0.191304
57 0.00941539 0.00336905 0.194796
58 0.00926354 0.00376655 0.198689
59 0.00909498 0.00415709 0.202963
60 0.00890989 0.00454024 0.207605
61 0.0087088 0.00491495 0.212604
62 0.00849183 0.00528099 0.217948
63 0.00825966 0.0056372 0.223618
64 0.00801236 0.00598348 0.229622
65 0.00775078 0.00631866 0.235961
66 0.00747495 0.00664267 0.242666
67 0.00718581 0.00695443 0.24977
68 0.00688345 0.00725383 0.257397
69 0.00656882 0.00753993 0.265812
70 0.00624212 0.00781255 0.275906
71 0.00590422 0.00807095 0.2892
72 0.00530159 0.00795802 0.313647
73 0.00502496 0.00761888 0.333635
74 0.00472675 0.00729869 0.351978
75 0.00440809 0.00699869 0.369128
76 0.00407023 0.00672007 0.385081
77 0.0037148 0.00646423 0.39979
78 0.00334358 0.00623242 0.413193
79 0.00295803 0.00602551 0.425231
80 0.00255966 0.0058443 0.435837
81 0.00214999 0.00568953 0.444957
82 0.00173104 0.00556199 0.452531
83 0.0013049 0.00546229 0.4585
84 0.000873222 0.00539077 0.462844
85 0.000437693 0.00534772 0.465596
86 0.000425417 -0.00999095 0.303034
87 0.00084992 -0.00996382 0.302215
88 0.00127303 -0.00991864 0.301023
89 0.00169358 -0.00985555 0.299429
90 0.00211132 -0.00977458 0.297415
91 0.00252493 -0.00967599 0.294995
92 0.00293428 -0.00955981 0.292195
93 0.00333799 -0.00942644 0.289023
94 0.00373599 -0.0092759 0.285497
95 0.00412693 -0.0091087 0.281659
96 0.00451069 -0.00892489 0.27752
97 0.00488607 -0.00872504 0.273118
98 0.00525282 -0.00850928 0.26848
99 0.00560995 -0.00827819 0.263646
100 0.00595704 -0.00803204 0.258645
101 0.00629334 -0.00777135 0.253515
102 0.00661814 -0.00749668 0.248299
103 0.00693107 -0.00720835 0.243023
104 0.00723127 -0.00690715 0.237737
105 0.00751857 -0.00659326 0.232471
106 0.00779205 -0.00626769 0.227275
107 0.00805164 -0.00593053 0.222165
108 0.00829645 -0.00558291 0.2172
109 0.00852645 -0.00522491 0.212408
110 0.00874085 -0.00485772 0.207824
111 0.0089396 -0.00448148 0.203477
112 0.00912205 -0.00409734 0.199403
113 0.0092881 -0.00370557 0.195637
114 0.00943728 -0.00330722 0.192196
115 0 0.00957576 0.419966
116 0 0.00915152 0.425563
117 0 0.00872727 0.431029
118 0 0.00830303 0.436323
119 0 0.00787879 0.441415
120 0 0.00745455 0.446297
121 0 0.0070303 0.450953
122 0 0.00660606 0.455359
123 0 0.00618182 0.459534
124 0 0.00575758 0.463636
125 0.00520086 0.00854114 0.306506
126 0.00483701 0.00875233 0.320979
127 0.00446461 0.00894803 0.335214
128 0.00408431 0.00912789 0.348465
129 0.00369678 0.0092916 0.360543
130 0.0033027 0.00943887 0.371419
131 0.00290274 0.00956943 0.381083
132 0.00249765 0.00968306 0.389507
133 0.00208817 0.00977955 0.396689
134 0.00167499 0.00985872 0.402602
135 0.00125886 0.00992045 0.407245
136 0.000840497 0.00996462 0.410632
137 0.000420632 0.00999115 0.412859
138 0.00566246 0.0155187 0.192148
139 0.00542817 0.0158703 0.196263
140 0.00517197 0.0162066 0.20064
141 0.00489481 0.0165261 0.20519
142 0.00459817 0.0168271 0.209825
143 0.0042831 0.0171088 0.214466
144 0.00395052 0.0173701 0.21903
145 0.00360214 0.0176097 0.223433
146 0.00323953 0.0178267 0.227597
147 0.00286364 0.0180203 0.231458
148 0.00247611 0.0181898 0.234951
149 0.00207897 0.0183342 0.238016
150 0.00167342 0.0184532 0.240609
151 0.00126083 0.0185464 0.242705
152 0.000843401 0.0186131 0.244258
153 0.000422757 0.0186532 0.245307
154 0.00577803 0.00867453 0.256904
155 0.0059771 0.00904725 0.234962
156 0.00615222 0.00943201 0.219671
157 0.00630269 0.00982731 0.208242
158 0.0064277 0.0102311 0.199339
159 0.00652686 0.0106418 0.192355
160 0.00659985 0.0110585 0.186942
161 0.00664626 0.0114788 0.18288
162 0.00666593 0.0119008 0.180007
163 0.00665881 0.0123236 0.178195
164 0.00662488 0.0127452 0.177362
165 0.00656436 0.0131635 0.177421
166 0.00647744 0.0135771 0.178292
167 0.0063644 0.0139847 0.179896
168 0.00622582 0.014384 0.182161
169 0.00606228 0.0147737 0.185009
170 0 0.0182333 0.257583
171 0 0.0178 0.268253
172 0 0.0173667 0.278761
173 0 0.0169333 0.288939
174 0 0.0165 0.298771
175 0 0.0160667 0.30827
176 0 0.0156333 0.317454
177 0 0.0152 0.326336
178 0 0.0147667 0.334931
179 0 0.0143333 0.343252
180 0 0.0139 0.351315
181 0 0.0134667 0.359132
182 0 0.0130333 0.366717
183 0 0.0126 0.374082
184 0 0.0121667 0.381241
185 0 0.0117333 0.388204
186 0 0.0113 0.394971
187 0 0.0108667 0.401532
188 0 0.0104333 0.40796
189 0.00547829 0.00697844 0.326841
190 0.00191129 0.00377762 0.463259
191 0.00527208 -0.000518354 0.391478
192 0.00143003 0.00443443 0.465093
193 0.00552214 0.006572 0.332375
194 0.0018334 -0.00942779 0.311454
195 0.00223195 -0.00933751 0.309527
196 0.00144128 -0.00950759 0.312716
197 0.00264452 -0.00923697 0.306756
198 0.00101589 -0.00954722 0.314563
199 0.00301993 -0.00912038 0.304112
200 0.000563311 -0.00958247 0.315653
201 0.00339236 -0.00898865 0.301121
202 0.00378363 -0.00882363 0.297824
203 0.00415682 -0.00865675 0.294047
204 0.00452173 -0.00847522 0.290001
205 0.000380226 -0.00890816 0.336663
206 0.00486616 -0.00827999 0.28603
207 0.000368863 -0.00850926 0.348107
208 0.00522627 -0.00805495 0.281567
209 0.000368863 -0.00808333 0.359755
210 0.00555974 -0.00783543 0.276909
211 0.000368863 -0.00765741 0.370866
212 0.00588658 -0.0075918 0.272281
213 0.000368863 -0.00723148 0.381429
214 0.00619868 -0.00733274 0.267743
215 0.000368863 -0.00680556 0.391444
216 0.00651857 -0.00705348 0.2626
217 0.000368863 -0.00637963 0.400913
218 0.00680563 -0.00677952 0.257789
219 0.000368863 -0.0059537 0.40984
220 0.00708529 -0.00648265 0.25305
221 0.000368863 -0.00552778 0.418227
222 0.00735188 -0.00617423 0.248361
223 0.000368863 -0.00510185 0.426079
224 0.00762336 -0.00584771 0.243087
225 0.000368863 -0.00467593 0.433397
226 0.00785662 -0.00553054 0.238611
227 0.000368863 -0.00425 0.440187
228 0.00807676 -0.00520322 0.234276
229 0.000368863 -0.00382407 0.446452
230 0.00829273 -0.0048376 0.230125
231 0.000368863 -0.00339815 0.452195
232 0.0084932 -0.0044811 0.225896
233 0.000368863 -0.00297222 0.457422
234 0.00867844 -0.00411779 0.221878
235 0.000368863 -0.0025463 0.462137
236 0.00883897 -0.00375548 0.218482
237 0.000368863 -0.00212037 0.466345
238 0.00899494 -0.00336042 0.215114
239 0.000368863 -0.00169444 0.470052
240 0.00913104 -0.0029864 0.211938
241 0.000368863 -0.00126852 0.473263
242 0.00924889 -0.00259876 0.209296
243 0.000368863 -0.000842593 0.475985
244 0.0093446 -0.00219859 0.207374
245 0.000368863 -0.000416667 0.478224
246 0.00943502 -0.00178085 0.205275
247 0.000368863 9.25926e-06 0.479989
248 0.00950399 -0.00138826 0.203624
249 0.000368863 0.000435185 0.481286
250 0.00955233 -0.000982001 0.202635
251 0.000368863 0.000861111 0.482125
252 0.00958335 -0.000574587 0.202063
253 0.000368863 0.00128704 0.482514
254 0.0096069 -0.000150601 0.201377
255 0.000368863 0.00171296 0.482464
256 0.00960483 0.000242824 0.201558
257 0.000368863 0.00213889 0.481985
258 0.00958634 0.000637124 0.202151
259 0.000368863 0.00256481 0.481089
260 0.00954201 0.00105944 0.203599
261 0.000368863 0.00299074 0.479786
262 0.00949065 0.00146502 0.204929
263 0.000368863 0.00341667 0.47809
264 0.00942284 0.00186691 0.206648
265 0.000368863 0.00384259 0.476012
266 0.009336 0.00225317 0.208982
267 0.000372248 0.00426804 0.473557
268 0.00922518 0.0026631 0.211915
269 0.000360997 0.00468813 0.470847
270 0.00911192 0.00304593 0.214645
271 0.000308756 0.00504819 0.468397
272 0.00897661 0.00342701 0.218043
273 0.00881634 0.00380327 0.222271
274 0.000721016 0.00497235 0.467183
275 0.00864195 0.00419046 0.226528
276 0.00117966 0.00507774 0.462908
277 0.00846318 0.00454479 0.230878
278 0.00161767 0.00517691 0.457338
279 0.008263 0.00489694 0.235813
280 0.00204425 0.00527839 0.450434
281 0.00804245 0.00524311 0.241314
282 0.0024775 0.00542467 0.441545
283 0.00780879 0.00559769 0.24676
284 0.00290323 0.00560525 0.430904
285 0.00757136 0.00591371 0.252539
286 0.00331736 0.00580869 0.418706
287 0.00732367 0.00621864 0.25856
288 0.00371677 0.00604062 0.404987
289 0.00703648 0.00653144 0.26587
290 0.00410313 0.00629186 0.389819
291 0.0067487 0.00682873 0.273168
292 0.004457 0.00656385 0.373884
293 0.00646927 0.00712063 0.279995
294 0.00478151 0.00685801 0.357198
295 0.00612388 0.00741074 0.290097
296 0.00509199 0.00715897 0.339524
297 0.00569937 0.00777244 0.301905
298 0.000340214 -0.00925408 0.326482
299 0.00539263 0.0074699 0.320805
300 0.00194045 -0.00901834 0.322635
301 0.00156521 -0.0091026 0.323956
302 0.0023295 -0.00892166 0.320655
303 0.00121014 -0.00921839 0.323341
304 0.00271433 -0.008819 0.318018
305 0.000813739 -0.0091384 0.328197
306 0.00308118 -0.00869769 0.31535
307 0.00344456 -0.00856604 0.312221
308 0.00381813 -0.00840281 0.308925
309 0.0041746 -0.00823238 0.305345
310 0.00451331 -0.00805118 0.301687
311 0.000741674 -0.00871469 0.340938
312 0.00485214 -0.0078486 0.297807
313 0.000715117 -0.00828294 0.353132
314 0.0051857 -0.0076357 0.293552
315 0.00073864 -0.00787037 0.364046
316 0.00550364 -0.00741356 0.28923
317 0.00073864 -0.00744444 0.374885
318 0.00580842 -0.00717623 0.284966
319 0.00073864 -0.00701852 0.385173
320 0.00611588 -0.00691505 0.280432
321 0.00073864 -0.00659259 0.394911
322 0.00640322 -0.00664784 0.276007
323 0.00073864 -0.00616667 0.404105
324 0.00667769 -0.00637456 0.271496
325 0.00073864 -0.00574074 0.412758
326 0.00694079 -0.00608487 0.267095
327 0.00073864 -0.00531481 0.420872
328 0.0072038 -0.00577499 0.26241
329 0.00073864 -0.00488889 0.428452
330 0.00743391 -0.00547049 0.258329
331 0.00073864 -0.00446296 0.4355
332 0.00765534 -0.00515407 0.25423
333 0.00073864 -0.00403704 0.442021
334 0.00786694 -0.00483269 0.250047
335 0.00073864 -0.00361111 0.448018
336 0.00806992 -0.00447889 0.246151
337 0.00073864 -0.00318519 0.453496
338 0.00825485 -0.00412942 0.242416
339 0.00073864 -0.00275926 0.458459
340 0.00841936 -0.00378182 0.239056
341 0.00073864 -0.00233333 0.462911
342 0.00857117 -0.00341791 0.235963
343 0.00073864 -0.00190741 0.466859
344 0.00871222 -0.00304871 0.232899
345 0.00073864 -0.00148148 0.470307
346 0.00883166 -0.0026848 0.230337
347 0.00073864 -0.00105556 0.473261
348 0.00893304 -0.00230209 0.228344
349 0.00073864 -0.00062963 0.475729
350 0.00902764 -0.00191133 0.226224
351 0.00073864 -0.000203704 0.477717
352 0.0091003 -0.00152424 0.224693
353 0.00073864 0.000222222 0.479232
354 0.00915992 -0.00113929 0.223331
355 0.00073864 0.000648148 0.480284
356 0.00919911 -0.00074835 0.222578
357 0.00073864 0.00107407 0.48088
358 0.00922658 -0.000342124 0.221975
359 0.00073864 0.0015 0.48103
360 0.00922941 3.90481e-05 0.222154
361 0.00073864 0.00192593 0.480745
362 0.00921869 0.000425175 0.222589
363 0.00073864 0.00235185 0.480036
364 0.00919708 0.000809745 0.223135
365 0.00073864 0.00277778 0.478913
366 0.00914936 0.00121466 0.224533
367 0.00073864 0.0032037 0.47739
368 0.00908969 0.00160524 0.226106
369 0.00074954 0.00362732 0.475422
370 0.00901459 0.00198197 0.228079
371 0.000746476 0.00404868 0.473175
372 0.0089191 0.002365 0.230608
373 0.000737861 0.00448652 0.470504
374 0.0088122 0.00274598 0.233241
375 0.00869192 0.00311471 0.236176
376 0.00854999 0.00347659 0.239805
377 0.0083926 0.00384529 0.243639
378 0.00822036 0.00419818 0.247893
379 0.00150975 0.0047812 0.461753
380 0.00803858 0.0045401 0.252267
381 0.00194305 0.00486702 0.455398
382 0.00783472 0.00487654 0.257313
383 0.00239144 0.00498846 0.447037
384 0.00761742 0.0052173 0.262444
385 0.00283849 0.00515889 0.436649
386 0.00738835 0.00552961 0.268118
387 0.00328012 0.00535984 0.424401
388 0.00714633 0.00583543 0.274085
389 0.0037078 0.00558766 0.410516
390 0.00688631 0.00613056 0.280696
391 0.0041188 0.00584483 0.395073
392 0.00660855 0.00642706 0.287764
393 0.00452296 0.00611387 0.37799
394 0.00633171 0.00670609 0.294894
395 0.004868 0.00640639 0.361086
396 0.00612116 0.007012 0.298344
397 0.00516837 0.00670581 0.344465
398 0.00577833 0.00719687 0.309952
399 0.00203855 -0.00859737 0.333664
400 0.00165017 -0.00869124 0.335178
401 0.00119171 -0.00879704 0.335984
402 0.00241801 -0.00850456 0.331356
403 0.00277601 -0.00839972 0.328875
404 0.00313457 -0.00827834 0.326063
405 0.00349385 -0.00814107 0.322875
406 0.00383663 -0.00797965 0.319889
407 0.00416687 -0.00780944 0.316664
408 0.00449408 -0.00762991 0.313027
409 0.00481974 -0.0074289 0.309237
410 0.00108263 -0.00808553 0.356468
411 0.00512792 -0.00721594 0.305509
412 0.00110519 -0.00766856 0.367212
413 0.00542269 -0.00699884 0.301601
414 0.00111074 -0.00723838 0.37785
415 0.00571994 -0.00676121 0.297417
416 0.00110842 -0.00680556 0.388039
417 0.00600494 -0.0065108 0.293237
418 0.00110842 -0.00637963 0.397498
419 0.00627653 -0.00624491 0.289192
420 0.00110842 -0.0059537 0.406415
421 0.00653053 -0.00597968 0.285141
422 0.00110842 -0.00552778 0.414791
423 0.00678368 -0.00570096 0.280776
424 0.00110842 -0.00510185 0.42263
425 0.00701915 -0.00539745 0.276947
426 0.00110842 -0.00467593 0.429935
427 0.00723752 -0.00509389 0.27322
428 0.00110842 -0.00425 0.43671
429 0.007448 -0.00478518 0.269338
430 0.00110842 -0.00382407 0.442959
431 0.00765373 -0.00446186 0.265314
432 0.00110842 -0.00339815 0.448685
433 0.0078328 -0.00412793 0.262062
434 0.00110842 -0.00297222 0.453892
435 0.0079969 -0.00379408 0.258955
436 0.00110842 -0.0025463 0.458586
437 0.00815365 -0.00345487 0.255739
438 0.00110842 -0.00212037 0.462771
439 0.00829447 -0.00310168 0.252917
440 0.00110842 -0.00169444 0.466453
441 0.0084148 -0.0027472 0.250586
442 0.00110842 -0.00126852 0.469636
443 0.00852012 -0.00239592 0.248482
444 0.00110842 -0.000842593 0.472328
445 0.00861578 -0.00202746 0.246515
446 0.00110842 -0.000416667 0.474535
447 0.00869678 -0.00165124 0.244837
448 0.00110842 9.25926e-06 0.476263
449 0.00875816 -0.00127952 0.243644
450 0.00110842 0.000435185 0.477522
451 0.008807 -0.00090952 0.242619
452 0.00110842 0.000861111 0.478318
453 0.00884334 -0.000532105 0.241797
454 0.00110842 0.00128704 0.478662
455 0.00885201 -0.000149417 0.241943
456 0.00110842 0.00171296 0.478563
457 0.00884707 0.00022425 0.242328
458 0.00110842 0.00213889 0.478032
459 0.0088323 0.000597777 0.242775
460 0.00110842 0.00256481 0.477081
461 0.00880487 0.000980398 0.243406
462 0.00110842 0.00299074 0.475721
463 0.00874982 0.0013552 0.245023
464 0.00112841 0.00341407 0.473808
465 0.00868265 0.00172073 0.246848
466 0.00114009 0.00383613 0.471591
467 0.00860583 0.0020859 0.248727
468 0.00111765 0.00423435 0.469435
469 0.00850807 0.00245582 0.251187
470 0.00839375 0.00281253 0.25412
471 0.00827156 0.00315762 0.257104
472 0.00812974 0.00351134 0.260531
473 0.00797385 0.00385692 0.264273
474 0.00779784 0.00419515 0.268616
475 0.00181072 0.00446027 0.460302
476 0.00761813 0.00451382 0.272945
477 0.00227714 0.00454244 0.452611
478 0.00742456 0.00483685 0.277444
479 0.00274967 0.00468343 0.442675
480 0.00720141 0.00515164 0.283018
481 0.0032192 0.00490046 0.430336
482 0.00697126 0.00545199 0.288732
483 0.00368589 0.00511711 0.416178
484 0.0067291 0.00574215 0.294799
485 0.00412897 0.0053832 0.400294
486 0.00645432 0.0060346 0.301962
487 0.00457242 0.00565649 0.382433
488 0.00616812 0.00633983 0.309096
489 0.00498486 0.00594746 0.363617
490 0.00587907 0.00671008 0.314891
491 0.00529351 0.00626882 0.346774
492 0.00103141 -0.00844516 0.346959
493 0.00212409 -0.00816861 0.344453
494 0.00175978 -0.0082498 0.346387
495 0.00249166 -0.00809406 0.341511
496 0.00283332 -0.0079779 0.339306
497 0.00317375 -0.00786646 0.33628
498 0.00351357 -0.00772219 0.333409
499 0.00382843 -0.00755582 0.330914
500 0.00414389 -0.00738392 0.327863
501 0.00446011 -0.00721535 0.324038
502 0.00476189 -0.00701313 0.32073
503 0.00145822 -0.00793064 0.35776
504 0.00504864 -0.00680142 0.317421
505 0.0014821 -0.00747899 0.369103
506 0.00533549 -0.00659037 0.313463
507 0.00147907 -0.00703035 0.379979
508 0.00562323 -0.00636486 0.309167
509 0.00147819 -0.00659259 0.389988
510 0.00587574 -0.00610702 0.306095
511 0.00147819 -0.00616667 0.399169
512 0.0061264 -0.00585095 0.302456
513 0.00147819 -0.00574074 0.407806
514 0.00637582 -0.00559694 0.298242
515 0.00147819 -0.00531481 0.415904
516 0.00661618 -0.005317 0.294265
517 0.00147819 -0.00488889 0.423464
518 0.00682262 -0.00502129 0.291323
519 0.00147819 -0.00446296 0.430492
520 0.00702595 -0.0047238 0.287993
521 0.00147819 -0.00403704 0.43699
522 0.00723421 -0.00443267 0.283829
523 0.00147819 -0.00361111 0.442963
524 0.00741978 -0.0041137 0.280497
525 0.00147819 -0.00318519 0.448413
526 0.0075741 -0.00379241 0.278055
527 0.00147819 -0.00275926 0.453347
528 0.00772454 -0.0034658 0.275365
529 0.00147819 -0.00233333 0.457767
530 0.00787568 -0.00314386 0.272114
531 0.00147819 -0.00190741 0.461679
532 0.00800023 -0.00280157 0.269817
533 0.00147819 -0.00148148 0.465088
534 0.00810373 -0.00246156 0.268038
535 0.00147819 -0.00105556 0.468001
536 0.0082036 -0.00211757 0.266019
537 0.00147819 -0.00062963 0.470422
538 0.00829147 -0.00176006 0.26422
539 0.00147819 -0.000203704 0.47236
540 0.00835266 -0.00140168 0.263268
541 0.00147819 0.000222222 0.473821
542 0.00840684 -0.00104495 0.262213
543 0.00147819 0.000648148 0.474812
544 0.00845528 -0.000691117 0.261004
545 0.00147819 0.00107407 0.475343
546 0.00847805 -0.000324616 0.260672
547 0.00147819 0.0015 0.475423
548 0.00846909 3.51995e-05 0.261489
549 0.00147819 0.00192593 0.475062
550 0.00845673 0.000395317 0.262061
551 0.00147819 0.00235185 0.474272
552 0.00845035 0.000752889 0.261919
553 0.00149048 0.00277893 0.472931
554 0.00840959 0.00112073 0.263054
555 0.00151017 0.00320354 0.47111
556 0.00834212 0.00147051 0.265155
557 0.00153023 0.00361646 0.468934
558 0.00826836 0.00182279 0.267148
559 0.00157748 0.00406487 0.465919
560 0.00819934 0.00217364 0.268502
561 0.00809342 0.00252112 0.271278
562 0.00797407 0.00285698 0.274381
563 0.00785536 0.00319274 0.277047
564 0.00772309 0.00353356 0.279907
565 0.00755149 0.00385079 0.284463
566 0.00737868 0.00416495 0.288706
567 0.00210618 0.00412117 0.458368
568 0.0072067 0.00447665 0.292549
569 0.00265565 0.00416768 0.448531
570 0.00700858 0.00478793 0.297219
571 0.00315248 0.00442272 0.436034
572 0.00678456 0.00507316 0.30305
573 0.00364482 0.00463724 0.421937
574 0.00655883 0.00536045 0.30858
575 0.00411115 0.00488665 0.406272
576 0.00630156 0.00564458 0.315224
577 0.00456326 0.00517488 0.38872
578 0.00599741 0.00591898 0.323731
579 0.00505223 0.00543109 0.368383
580 0.00574585 0.00623675 0.328943
581 0.00548592 0.00581046 0.346416
582 0.0014099 -0.0083727 0.34625
583 0.00186597 -0.00776828 0.358035
584 0.00223186 -0.00780957 0.352527
585 0.00254277 -0.00767803 0.351602
586 0.00288467 -0.00754369 0.349583
587 0.00321866 -0.00750059 0.344702
588 0.00349679 -0.0073009 0.344222
589 0.00380243 -0.00713086 0.341815
590 0.00411324 -0.00694859 0.338916
591 0.00444383 -0.00685177 0.332886
592 0.00467855 -0.00659977 0.33234
593 0.00496314 -0.00638851 0.328925
594 0.00184403 -0.00725975 0.37094
595 0.00527161 -0.00623984 0.322845
596 0.00184797 -0.00680556 0.381569
597 0.00548017 -0.00596844 0.321893
598 0.00184797 -0.00637963 0.391014
599 0.00572613 -0.00570771 0.318966
600 0.00184797 -0.0059537 0.399912
601 0.00597855 -0.0054564 0.315062
602 0.00184797 -0.00552778 0.408266
603 0.00625753 -0.00525667 0.308682
604 0.00184797 -0.00510185 0.416082
605 0.00640785 -0.00494989 0.30843
606 0.00184797 -0.00467593 0.423361
607 0.00660762 -0.00465337 0.305652
608 0.00184797 -0.00425 0.430108
609 0.00681044 -0.00434483 0.302401
610 0.00184797 -0.00382407 0.436325
611 0.00705707 -0.00411258 0.295723
612 0.00184797 -0.00339815 0.442018
613 0.00715569 -0.00378497 0.296055
614 0.00184797 -0.00297222 0.447188
615 0.00730143 -0.00346674 0.293841
616 0.00184797 -0.0025463 0.451842
617 0.00744153 -0.00313479 0.291553
618 0.00184797 -0.00212037 0.455983
619 0.00764824 -0.00286157 0.28523
620 0.00184797 -0.00169444 0.459616
621 0.00768626 -0.00252024 0.28673
622 0.00184797 -0.00126852 0.462747
623 0.00778943 -0.00219148 0.284771
624 0.00184797 -0.000842593 0.465381
625 0.00788487 -0.00185418 0.282801
626 0.00184797 -0.000416667 0.467524
627 0.00794689 -0.00151179 0.282005
628 0.00184797 9.25926e-06 0.469184
629 0.00800346 -0.00116441 0.28108
630 0.00184797 0.000435185 0.470367
631 0.00805308 -0.000817901 0.280064
632 0.00184797 0.000861111 0.471082
633 0.00815211 -0.000489043 0.276228
634 0.00184797 0.00128704 0.471336
635 0.00809355 -0.00015063 0.279623
636 0.00184797 0.00171296 0.47114
637 0.00807794 0.000203353 0.28058
638 0.00184797 0.00213889 0.470502
639 0.00805785 0.000571328 0.281328
640 0.00185381 0.00256453 0.469361
641 0.00811816 0.000904681 0.277847
642 0.00188402 0.00298984 0.467481
643 0.00800158 0.00122697 0.282581
644 0.00194328 0.00341216 0.464792
645 0.00792921 0.0015692 0.284739
646 0.00784338 0.00191914 0.287099
647 0.00784669 0.0022636 0.284868
648 0.00767367 0.00256136 0.290948
649 0.00755412 0.00289502 0.293853
650 0.00750139 0.00323337 0.293231
651 0.00730222 0.00351173 0.29961
652 0.00713066 0.00382465 0.303975
653 0.00695689 0.00413728 0.308057
654 0.00238467 0.00369252 0.456463
655 0.00684732 0.00446258 0.30878
656 0.00313813 0.00396428 0.439805
657 0.0065968 0.00469513 0.316621
658 0.00358861 0.00416479 0.427446
659 0.00637493 0.00497775 0.322187
660 0.00409896 0.00434808 0.411883
661 0.00617197 0.00527097 0.326484
662 0.00453571 0.00467236 0.395207
663 0.00588243 0.00554366 0.334415
664 0.00495077 0.00493362 0.378215
665 0.0055223 0.00535409 0.351588
666 0.00280284 0.00373987 0.448375
667 0.00530689 0.00507702 0.36349
668 0.00220023 -0.0074259 0.362663
669 0.00259463 -0.00725931 0.361217
670 0.00304302 -0.0071019 0.35764
671 0.00344158 -0.00688694 0.355089
672 0.0037962 -0.00670583 0.351729
673 0.00422182 -0.00650053 0.346347
674 0.00459172 -0.00618461 0.34352
675 0.0050037 -0.00591053 0.337587
676 0.00221775 -0.00701852 0.372242
677 0.00223324 -0.00660062 0.381567
678 0.00530935 -0.0055854 0.334629
679 0.00223158 -0.00617474 0.390754
680 0.00560058 -0.00529186 0.330737
681 0.00221775 -0.00574074 0.399717
682 0.00593426 -0.00498375 0.324891
683 0.00221775 -0.00531481 0.407787
684 0.00221775 -0.00488889 0.415317
685 0.0061752 -0.00460776 0.322431
686 0.00221775 -0.00446296 0.422311
687 0.00640786 -0.00427628 0.318878
688 0.00221775 -0.00403704 0.428773
689 0.00669254 -0.00390024 0.31326
690 0.00221775 -0.00361111 0.434706
691 0.00221775 -0.00318519 0.440114
692 0.00687053 -0.00349093 0.31134
693 0.00221775 -0.00275926 0.445
694 0.00704495 -0.00312646 0.308391
695 0.00221775 -0.00233333 0.449369
696 0.00726336 -0.0027093 0.303511
697 0.00221775 -0.00190741 0.453224
698 0.00221775 -0.00148148 0.456572
699 0.00735557 -0.0022632 0.30342
700 0.00221775 -0.00105556 0.459417
701 0.00752481 -0.00195414 0.298321
702 0.00221775 -0.00062963 0.461764
703 0.00753258 -0.00161633 0.300193
704 0.00221775 -0.000203704 0.463621
705 0.00759759 -0.00127239 0.299158
706 0.00221775 0.000222222 0.464994
707 0.00765921 -0.000894995 0.297985
708 0.00221775 0.000648148 0.46589
709 0.00772022 -0.000463163 0.296528
710 0.00221775 0.00107407 0.466316
711 0.00221775 0.0015 0.466281
712 0.00770167 -2.00398e-05 0.298036
713 0.00221775 0.00192593 0.465794
714 0.00769358 0.000385697 0.298491
715 0.00221775 0.00235185 0.464862
716 0.00770011 0.000856378 0.297666
717 0.00223634 0.00277124 0.46324
718 0.00229281 0.00320232 0.460542
719 0.00759747 0.00129382 0.301196
720 0.00752122 0.00168859 0.303129
721 0.00744718 0.00215522 0.30407
722 0.00725118 0.00259878 0.309891
723 0.00710849 0.00307258 0.312445
724 0.00688139 0.00348451 0.318498
725 0.00668972 0.0038292 0.32316
726 0.00649386 0.00423321 0.326887
727 0.00352495 0.00368483 0.432576
728 0.00620211 0.00457836 0.33475
729 0.00393463 0.00386602 0.42051
730 0.00599181 0.00490463 0.339066
731 0.00459333 0.00422359 0.397802
732 0.00583831 0.00520655 0.341099
733 0.00495527 0.00446411 0.383321
734 0.00269897 0.00334804 0.452689
735 0.00312334 0.00350246 0.443139
736 0.00431419 0.00394837 0.408883
737 0.00531673 0.00469223 0.367872
738 0.0056189 0.00494918 0.353274
739 0.00262692 -0.00683563 0.370681
740 0.00303371 -0.00664532 0.368251
741 0.00341696 -0.00644822 0.365349
742 0.00379005 -0.00625841 0.361554
743 0.00416686 -0.00600327 0.358057
744 0.00453539 -0.00572981 0.35409
745 0.00488695 -0.00545017 0.349681
746 0.00262236 -0.00640157 0.380381
747 0.00518327 -0.00516368 0.346095
748 0.00261152 -0.00597085 0.389541
749 0.00547107 -0.00486136 0.342279
750 0.00259999 -0.00553672 0.398217
751 0.00574036 -0.00454285 0.338546
752 0.00258753 -0.00510185 0.40636
753 0.00258753 -0.00467593 0.413602
754 0.00597672 -0.00421059 0.335401
755 0.00258753 -0.00425 0.420309
756 0.00621423 -0.00387039 0.331643
757 0.00258753 -0.00382407 0.426483
758 0.00642782 -0.00351084 0.328301
759 0.00258753 -0.00339815 0.432128
760 0.00258753 -0.00297222 0.437247
761 0.00661208 -0.00313562 0.325575
762 0.00258753 -0.0025463 0.441842
763 0.00678729 -0.00274776 0.32269
764 0.00258753 -0.00212037 0.44592
765 0.00692917 -0.00232528 0.320776
766 0.00258753 -0.00169444 0.449484
767 0.00258753 -0.00126852 0.452539
768 0.00710641 -0.00184829 0.317093
769 0.00258753 -0.000842593 0.45509
770 0.00258753 -0.000416667 0.457143
771 0.00715532 -0.00138568 0.317798
772 0.00258753 9.25926e-06 0.458704
773 0.00730439 -0.0010418 0.313032
774 0.00258753 0.000435185 0.459779
775 0.00727355 -0.0006675 0.31576
776 0.00258753 0.000861111 0.460377
777 0.00730227 -0.000252448 0.315509
778 0.00258753 0.00128704 0.460503
779 0.00258753 0.00171296 0.460168
780 0.0073045 0.000170834 0.315856
781 0.00259251 0.00213939 0.459286
782 0.00729794 0.000594266 0.316032
783 0.00258564 0.00254878 0.45822
784 0.00725663 0.00101336 0.317169
785 0.00262339 0.00295737 0.455979
786 0.00718256 0.00141904 0.319231
787 0.00709399 0.00182415 0.321415
788 0.00695452 0.00225219 0.325123
789 0.00679775 0.0026854 0.328912
790 0.00662777 0.00310437 0.332748
791 0.00644087 0.00346553 0.337241
792 0.00625291 0.00383015 0.34129
793 0.00603615 0.00418258 0.346173
794 0.00387648 0.00338965 0.425474
795 0.00500578 0.00399688 0.386267
796 0.00346967 0.00320211 0.436917
797 0.005732 0.00451998 0.354252
798 0.00427544 0.00355811 0.413128
799 0.00466445 0.00375541 0.399677
800 0.00534047 0.00427126 0.37172
801 0.00305228 0.00307538 0.446997
802 0.00301668 -0.00620458 0.378049
803 0.00339497 -0.00600605 0.375039
804 0.00375082 -0.00579126 0.371878
805 0.00411384 -0.00554278 0.368286
806 0.00445729 -0.00527716 0.364537
807 0.0047699 -0.00503346 0.360349
808 0.00505281 -0.00475473 0.356861
809 0.00298957 -0.00576591 0.387403
810 0.00529977 -0.00445108 0.354164
811 0.00296889 -0.00532851 0.396039
812 0.00554545 -0.00414554 0.350862
813 0.0029573 -0.00488889 0.403983
814 0.0029573 -0.00446296 0.410935
815 0.00577187 -0.00382314 0.34778
816 0.0029573 -0.00403704 0.417352
817 0.00598116 -0.00348821 0.344808
818 0.0029573 -0.00361111 0.423235
819 0.00618418 -0.00315164 0.341452
820 0.0029573 -0.00318519 0.428587
821 0.0029573 -0.00275926 0.43341
822 0.00634928 -0.00278625 0.33919
823 0.0029573 -0.00233333 0.43771
824 0.00647656 -0.00239472 0.338028
825 0.0029573 -0.00190741 0.44149
826 0.00661538 -0.0019596 0.336139
827 0.0029573 -0.00148148 0.444755
828 0.0029573 -0.00105556 0.44751
829 0.00673904 -0.00148909 0.334315
830 0.0029573 -0.00062963 0.449759
831 0.0029573 -0.000203704 0.451509
832 0.00687741 -0.000984125 0.331273
833 0.0029573 0.000222222 0.452764
834 0.0029573 0.000648148 0.453533
835 0.00688825 -0.000483007 0.33249
836 0.0029573 0.00107407 0.45382
837 0.00691616 -4.79372e-05 0.332163
838 0.0029573 0.0015 0.453636
839 0.00296723 0.00193793 0.452762
840 0.00691333 0.000365233 0.332521
841 0.002972 0.00236672 0.451528
842 0.00688782 0.000765828 0.333312
843 0.00291877 0.00273036 0.451248
844 0.00684943 0.00115323 0.334173
845 0.00676946 0.00154007 0.336307
846 0.00664491 0.00192103 0.339842
847 0.00649209 0.00232543 0.343902
848 0.00633885 0.00274059 0.347356
849 0.00617705 0.00311067 0.35096
850 0.00600837 0.00345738 0.354597
851 0.00582862 0.00379598 0.358342
852 0.00566434 0.00411573 0.36131
853 0.00381113 0.00291407 0.429989
854 0.0042403 0.00311263 0.417161
855 0.00539851 0.00383705 0.373959
856 0.0050849 0.00350874 0.387883
857 0.00333952 0.00269907 0.442477
858 0.00465242 0.00330139 0.403561
859 0.00335818 -0.00556125 0.384473
860 0.0037149 -0.0053395 0.381187
861 0.00406052 -0.00509338 0.37768
862 0.00437565 -0.00482828 0.374372
863 0.00468382 -0.00466231 0.368833
864 0.0048697 -0.0043633 0.368315
865 0.00511003 -0.00407548 0.365467
866 0.00333058 -0.00511747 0.393112
867 0.0053466 -0.00377055 0.362344
868 0.00332708 -0.00467593 0.400653
869 0.00332708 -0.00425 0.407314
870 0.0055567 -0.00344469 0.359721
871 0.00333372 -0.00382526 0.41329
872 0.00575418 -0.00311751 0.356935
873 0.00333899 -0.00340196 0.418741
874 0.00597605 -0.00283349 0.352234
875 0.00332708 -0.00297222 0.424079
876 0.00332708 -0.0025463 0.428601
877 0.00603018 -0.00247219 0.353812
878 0.00332708 -0.00212037 0.432599
879 0.00615365 -0.00204443 0.352931
880 0.00332708 -0.00169444 0.436076
881 0.00629372 -0.00161524 0.350757
882 0.00332708 -0.00126852 0.439035
883 0.00332708 -0.000842593 0.441482
884 0.00639472 -0.00114565 0.349557
885 0.00332708 -0.000416667 0.443421
886 0.00332708 9.25926e-06 0.444857
887 0.00645415 -0.000688083 0.349166
888 0.00332708 0.000435185 0.445797
889 0.00332708 0.000861111 0.446246
890 0.00651784 -0.00024773 0.347864
891 0.00332708 0.00128704 0.446212
892 0.00654832 0.000161755 0.347222
893 0.00334138 0.00173154 0.445355
894 0.00335364 0.00218901 0.443986
895 0.00651284 0.000545911 0.348688
896 0.00648303 0.000928681 0.349477
897 0.00649935 0.00127752 0.34806
898 0.00634278 0.0015916 0.353291
899 0.00619743 0.00198707 0.357326
900 0.00603821 0.00238575 0.361355
901 0.00588588 0.00277241 0.364681
902 0.00574012 0.00313197 0.367501
903 0.00556337 0.00348354 0.371157
904 0.00375887 0.00243753 0.433501
905 0.0041964 0.00266093 0.420901
906 0.00462457 0.00284047 0.407387
907 0.00535193 0.00318348 0.381111
908 0.00368917 -0.00490439 0.389374
909 0.00402992 -0.00465652 0.385717
910 0.00437121 -0.00435632 0.381996
911 0.00465847 -0.00400557 0.379434
912 0.00492514 -0.00371985 0.375747
913 0.00514964 -0.00340654 0.373004
914 0.00367018 -0.00446808 0.396866
915 0.00370034 -0.00403899 0.402639
916 0.00534118 -0.00306045 0.371081
917 0.00372908 -0.00362646 0.407659
918 0.00558419 -0.00265262 0.367492
919 0.00371846 -0.00319106 0.413304
920 0.00370867 -0.00276057 0.418322
921 0.00369686 -0.00233333 0.422817
922 0.00369686 -0.00190741 0.426506
923 0.00582304 -0.00169157 0.367226
924 0.003705 -0.00148202 0.429483
925 0.00602108 -0.00131176 0.36249
926 0.00369686 -0.00105556 0.432318
927 0.00369686 -0.00062963 0.43445
928 0.00596271 -0.000861134 0.36682
929 0.00369686 -0.000203704 0.43607
930 0.00369686 0.000222222 0.437183
931 0.00608546 -0.000367513 0.363977
932 0.00369686 0.000648148 0.437796
933 0.00369686 0.00107407 0.437915
934 0.0062088 -2.09875e-05 0.360063
935 0.00371341 0.00150807 0.437138
936 0.00613764 0.000326067 0.363084
937 0.00373988 0.00196483 0.435542
938 0.00611056 0.000727292 0.364035
939 0.00607996 0.00119561 0.364518
940 0.00591489 0.00163908 0.369386
941 0.00575137 0.00205106 0.373727
942 0.00556448 0.00245533 0.378408
943 0.00568922 -0.00214282 0.368487
944 0.00415611 0.00218333 0.424046
945 0.00457228 0.00240819 0.411221
946 0.003991 -0.00427385 0.392548
947 0.00416897 -0.00388909 0.393866
948 0.00450876 -0.00360866 0.388807
949 0.00478595 -0.00339277 0.383827
950 0.00489657 -0.00306208 0.384537
951 0.00506885 -0.00267626 0.383525
952 0.00410896 -0.0034148 0.401497
953 0.00410364 -0.00296997 0.406832
954 0.00409097 -0.00255291 0.411483
955 0.00408702 -0.00211687 0.41558
956 0.00409655 -0.00169536 0.418682
957 0.00562872 -0.00125526 0.37652
958 0.00407719 -0.00126501 0.422034
959 0.00406664 -0.000842593 0.424603
960 0.00407543 -0.000410745 0.426212
961 0.00565697 -0.000431693 0.379003
962 0.00408444 1.29041e-05 0.427261
963 0.00408123 0.000433019 0.428108
964 0.0057665 2.53967e-05 0.376268
965 0.00407718 0.000853094 0.428487
966 0.00408247 0.00127591 0.428136
967 0.00411354 0.00172297 0.426563
968 0.00572356 0.000477261 0.378138
969 0.00569589 0.000894435 0.378933
970 0.00561123 0.00131541 0.381207
971 0.00547069 0.00172722 0.384928
972 0.00529911 0.00213768 0.38919
973 0.00505434 0.00255455 0.395362
974 0.00525616 -0.00225041 0.381687
975 0.00535985 -0.0017303 0.382469
976 0.0045707 0.00190917 0.413211
977 0.00446526 -0.00318414 0.395159
978 0.00454743 -0.00274399 0.397803
979 0.00440993 -0.00233498 0.405362
980 0.00453008 -0.00192473 0.405661
981 0.00447355 -0.00146002 0.410495
982 0.00443528 -0.00103915 0.413996
983 0.00444208 -0.000612656 0.415807
984 0.00447488 -0.000194163 0.416345
985 0.00527678 -0.000151174 0.392415
986 0.00447356 0.000233341 0.417315
987 0.00447138 0.000634234 0.417782
988 0.00532562 0.000248764 0.391497
989 0.00445652 0.0010391 0.418149
990 0.0044607 0.00145544 0.417498
991 0.00529899 0.000646032 0.392568
992 0.00524874 0.00103527 0.393967
993 0.00517622 0.00142388 0.395656
994 0.00503231 0.00182467 0.399205
995 0.00490172 0.00216919 0.402053
996 0.00479551 -0.00232853 0.39481
997 0.00484674 -0.00118632 0.401581
998 0.0050909 -0.000823031 0.396019
999 0.00480426 0.00155738 0.407085
1000 0.00489856 -0.00158557 0.397628
1001 0.00474237 -0.000818503 0.406434
1002 0.00487627 -0.000422919 0.404111
1003 0.00488353 5.85486e-05 0.405126
1004 0.00486303 0.000822269 0.406328
1005 0.0048139 0.0012036 0.407487
1006 0.00496042 -0.00197273 0.39295
1007 0.00488853 0.000440162 0.405474
1008 0.00542326 0.00281965 0.381188
1009 0.00522154 -0.00124659 0.38985
1010 0.00548762 -0.000854416 0.383189
1011 0.00500896 0.00302869 0.39395
1012 0.00110585 0.00466947 0.466615
1013 0.00217379 0.00782468 0.420942
1014 0.00186127 0.00799344 0.424279
1015 0.00181787 0.00762953 0.429425
1016 0.00139156 0.00841363 0.425723
1017 0.00365289 0.00691708 0.395781
1018 0.00330948 0.00669324 0.408566
1019 0.00295634 0.00648498 0.420119
1020 0.00398936 0.0071717 0.381426
1021 0.00259768 0.0062968 0.430305
1022 0.00430856 0.00747087 0.365521
1023 0.00220781 0.00613536 0.439552
1024 0.00460992 0.00771972 0.349499
1025 0.00181131 0.00600708 0.447218
1026 0.00482365 0.00817452 0.332293
1027 0.00141048 0.00591332 0.453289
1028 0.00100021 0.00582364 0.45811
1029 0.000545565 0.00574987 0.461711
1030 0.00444741 0.00846193 0.343878
1031 0.00409868 0.00870345 0.354358
1032 0.00374469 0.00887123 0.365001
1033 0.000363956 0.00641604 0.45622
1034 0.00337272 0.00901874 0.375233
1035 0.000381016 0.0068147 0.45212
1036 0.00298267 0.00915677 0.384714
1037 0.000367405 0.00724242 0.447607
1038 0.0026061 0.00927098 0.392724
1039 0.000367405 0.00766667 0.442822
1040 0.00220512 0.00937284 0.400055
1041 0.000367405 0.00809091 0.43782
1042 0.00181381 0.00945681 0.405984
1043 0.000364593 0.00853871 0.432327
1044 0.00140079 0.00949506 0.411418
1045 0.00036213 0.0089798 0.426704
1046 0.00102151 0.00956262 0.414631
1047 0.000358939 0.00944159 0.420608
1048 0.00032131 0.00607116 0.459683
1049 0.000693615 0.0096484 0.416031
1050 0.00327591 0.00713767 0.403885
1051 0.00360633 0.00735808 0.391272
1052 0.0029381 0.00693472 0.415235
1053 0.0026006 0.0067336 0.425365
1054 0.00393649 0.00762202 0.37672
1055 0.00224801 0.00655404 0.434393
1056 0.00429871 0.00797532 0.358053
1057 0.0018865 0.00642213 0.441895
1058 0.00149677 0.00633468 0.44816
1059 0.00111057 0.00626089 0.453017
1060 0.000721649 0.00616784 0.456872
1061 0.00407918 0.00832785 0.360868
1062 0.00376649 0.00845857 0.370303
1063 0.00342115 0.00859482 0.379744
1064 0.000764952 0.00657248 0.45264
1065 0.0030534 0.00871555 0.388902
1066 0.000770002 0.00700464 0.448102
1067 0.00268629 0.00883545 0.39678
1068 0.000736304 0.00745455 0.443363
1069 0.00231262 0.00895139 0.403599
1070 0.000736304 0.00787879 0.438443
1071 0.00193178 0.00905282 0.409469
1072 0.000725105 0.00833673 0.432971
1073 0.00155315 0.00912102 0.414453
1074 0.000726775 0.00879142 0.427233
1075 0.0011113 0.00908919 0.420175
1076 0.000717135 0.00923819 0.421448
1077 0.002897 0.00739093 0.410607
1078 0.00321768 0.00756803 0.399887
1079 0.00355693 0.00777406 0.387056
1080 0.00257958 0.00717519 0.420634
1081 0.00226493 0.00698035 0.429306
1082 0.0038402 0.00803605 0.373978
1083 0.00193094 0.00684045 0.4367
1084 0.00160989 0.00669433 0.44296
1085 0.00120101 0.00672413 0.447483
1086 0.00349132 0.00818608 0.38333
1087 0.00311416 0.00829351 0.393016
1088 0.0027529 0.00838724 0.4012
1089 0.00113642 0.00722442 0.442688
1090 0.00239939 0.00852527 0.407458
1091 0.0011052 0.00766667 0.437949
1092 0.00204014 0.00864425 0.412956
1093 0.00108356 0.00813929 0.432503
1094 0.00167908 0.0087281 0.4178
1095 0.0010578 0.00860563 0.426919
1096 0.00136879 0.00881641 0.420801
1097 0.00253275 0.00762568 0.416143
1098 0.00285931 0.0078906 0.405151
1099 0.00220916 0.00741001 0.425327
1100 0.0018754 0.00722859 0.43322
1101 0.00153444 0.00707358 0.439863
1102 0.00247387 0.0080788 0.411684
1103 0.00148031 0.00746245 0.436155
1104 0.00211951 0.0082362 0.416783
1105 0.00148055 0.00794676 0.430426
1106 0.00173802 0.00833128 0.422015
1107 0.00323887 0.00793944 0.394285
1108 0.00187596 0.0119327 0.368592
1109 0.00220977 0.0121916 0.358401
1110 0.00252769 0.0123893 0.348513
1111 0.00399497 0.0116521 0.315841
1112 0.00498254 0.0158082 0.215133
1113 0.00473226 0.0161152 0.218919
1114 0.00521649 0.0154819 0.211475
1115 0.00446311 0.0164066 0.222823
1116 0.00543278 0.0151396 0.207983
1117 0.00417438 0.016681 0.22683
1118 0.00562188 0.0147905 0.204985
1119 0.0038682 0.016931 0.230951
1120 0.00578579 0.0144281 0.202574
1121 0.00354573 0.0171641 0.234935
1122 0.00592779 0.0140578 0.200604
1123 0.00321153 0.017378 0.238649
1124 0.00604346 0.0136814 0.199343
1125 0.00286491 0.0175709 0.242113
1126 0.00613869 0.0132919 0.198631
1127 0.00250288 0.0177434 0.245315
1128 0.00620701 0.0128991 0.198763
1129 0.00213711 0.0178925 0.248062
1130 0.00624837 0.0125044 0.199833
1131 0.00176335 0.0180185 0.250417
1132 0.0062642 0.0121092 0.201848
1133 0.00136 0.0180958 0.253226
1134 0.00626448 0.0117161 0.204334
1135 0.000963396 0.0181625 0.255046
1136 0.00623331 0.0113162 0.208363
1137 0.000529408 0.0182496 0.255382
1138 0.0061744 0.0109197 0.213855
1139 0.00609175 0.0105304 0.220814
1140 0.00598923 0.0101472 0.229299
1141 0.00587172 0.00976478 0.239443
1142 0.000348526 0.0175712 0.272937
1143 0.00569262 0.00938618 0.255437
1144 0.000368523 0.0171531 0.282834
1145 0.00548808 0.00900053 0.275676
1146 0.000375278 0.0167167 0.292866
1147 0.000375278 0.0162833 0.302518
1148 0.000375278 0.01585 0.311847
1149 0.000375278 0.0154167 0.320867
1150 0.00480397 0.00918671 0.315201
1151 0.000375278 0.0149833 0.329593
1152 0.00442708 0.0093747 0.330242
1153 0.000375278 0.01455 0.338039
1154 0.00403165 0.00954067 0.344414
1155 0.000375278 0.0141167 0.346219
1156 0.00362214 0.00970284 0.357193
1157 0.000375278 0.0136833 0.354147
1158 0.00321423 0.00984794 0.368274
1159 0.000375278 0.01325 0.361837
1160 0.00279905 0.00997386 0.378074
1161 0.000375278 0.0128167 0.369301
1162 0.00237766 0.0100803 0.386568
1163 0.000375278 0.0123833 0.376553
1164 0.00194273 0.0101781 0.393726
1165 0.000375278 0.01195 0.383603
1166 0.00149397 0.0102567 0.399591
1167 0.000381341 0.0115043 0.390626
1168 0.00101417 0.0103165 0.404208
1169 0.000389152 0.0110596 0.397426
1170 0.000466923 0.010308 0.408237
1171 0.000336944 0.0106802 0.403319
1172 0.000311365 0.0179258 0.264338
1173 0.0051045 0.00899169 0.302181
1174 0.00480475 0.0154389 0.228323
1175 0.00456265 0.0157245 0.232185
1176 0.004335 0.0160106 0.234758
1177 0.0050229 0.0151098 0.225337
1178 0.00407074 0.0162847 0.238049
1179 0.00519939 0.0147881 0.223212
1180 0.00378462 0.0165177 0.242009
1181 0.00537366 0.0144655 0.220555
1182 0.00348844 0.016748 0.245451
1183 0.00552207 0.0141109 0.218834
1184 0.00317616 0.0169558 0.248909
1185 0.005629 0.0137594 0.218417
1186 0.00285519 0.0171461 0.252047
1187 0.00573751 0.0134096 0.21739
1188 0.00252395 0.0173269 0.254681
1189 0.00581694 0.0130317 0.217556
1190 0.00217028 0.0174741 0.257534
1191 0.00585686 0.0126615 0.219225
1192 0.00182843 0.0176039 0.25962
1193 0.00588323 0.0122883 0.221251
1194 0.00148934 0.0177375 0.26064
1195 0.00588958 0.0119156 0.224034
1196 0.00110214 0.0176823 0.265882
1197 0.00588837 0.0115479 0.226968
1198 0.000677284 0.0178338 0.265091
1199 0.00584753 0.0111611 0.232108
1200 0.00576047 0.0107918 0.239928
1201 0.005679 0.0104312 0.247628
1202 0.00558378 0.0100705 0.256645
1203 0.00549914 0.00970538 0.265696
1204 0.000731664 0.0173989 0.275343
1205 0.00522156 0.00941275 0.287922
1206 0.000744267 0.0169442 0.285924
1207 0.0007489 0.0165 0.295941
1208 0.0007489 0.0160667 0.305409
1209 0.0007489 0.0156333 0.314559
1210 0.0007489 0.0152 0.323406
1211 0.00479384 0.00963065 0.308767
1212 0.0007489 0.0147667 0.331966
1213 0.00438433 0.00980847 0.325699
1214 0.0007489 0.0143333 0.340254
1215 0.00396581 0.00997254 0.340716
1216 0.0007489 0.0139 0.348284
1217 0.00354463 0.0101233 0.353786
1218 0.0007489 0.0134667 0.356069
1219 0.00311495 0.0102715 0.365141
1220 0.0007489 0.0130333 0.363624
1221 0.00267569 0.0103869 0.375268
1222 0.0007489 0.0126 0.37096
1223 0.00223626 0.010502 0.383481
1224 0.0007489 0.0121667 0.378088
1225 0.00178369 0.0105924 0.390447
1226 0.00075158 0.0117221 0.385178
1227 0.00130676 0.0106629 0.396097
1228 0.00076759 0.011258 0.392279
1229 0.000774277 0.0107298 0.400219
1230 0.00438636 0.0153475 0.245121
1231 0.00465425 0.0151022 0.239626
1232 0.00413704 0.0156237 0.248568
1233 0.00397594 0.0159308 0.247866
1234 0.00477482 0.0147635 0.240659
1235 0.0036786 0.016113 0.253237
1236 0.0049461 0.0144479 0.23877
1237 0.00341482 0.0163331 0.256059
1238 0.00516004 0.0141673 0.233933
1239 0.00312337 0.0165438 0.259037
1240 0.00521287 0.0138142 0.236571
1241 0.00281941 0.0167213 0.262208
1242 0.00531948 0.0134759 0.236205
1243 0.00251412 0.0169034 0.264457
1244 0.00547422 0.0131545 0.232886
1245 0.00218259 0.0170687 0.266698
1246 0.00545991 0.012797 0.237667
1247 0.00183252 0.0172053 0.268951
1248 0.00550333 0.0124474 0.239304
1249 0.00145766 0.0173573 0.27014
1250 0.00551901 0.0120917 0.242091
1251 0.00550271 0.0117408 0.246344
1252 0.00555696 0.0113865 0.246716
1253 0.00543209 0.0110395 0.256833
1254 0.00533794 0.0106702 0.26574
1255 0.00523159 0.0102827 0.275974
1256 0.00515054 0.0098926 0.285381
1257 0.00112285 0.0167205 0.288204
1258 0.00112252 0.0162833 0.297893
1259 0.00113141 0.0158531 0.307012
1260 0.00112252 0.0154167 0.316118
1261 0.00112252 0.0149833 0.32478
1262 0.00476311 0.0101128 0.303495
1263 0.00112252 0.01455 0.333163
1264 0.00429387 0.0102246 0.323734
1265 0.00112252 0.0141167 0.341283
1266 0.00388357 0.0104065 0.337638
1267 0.00112252 0.0136833 0.349152
1268 0.00344567 0.0105663 0.350696
1269 0.00112252 0.01325 0.356786
1270 0.0029977 0.0107002 0.362278
1271 0.00112252 0.0128167 0.364198
1272 0.00254266 0.0108254 0.372074
1273 0.00112252 0.0123833 0.3714
1274 0.00208594 0.0109434 0.379954
1275 0.00112252 0.01195 0.378403
1276 0.00164446 0.0110021 0.386542
1277 0.00112252 0.0115167 0.38521
1278 0.00117474 0.0110728 0.391473
1279 0.00396476 0.0152326 0.261239
1280 0.00429659 0.0148646 0.256618
1281 0.00367623 0.0156347 0.262644
1282 0.00452146 0.0144227 0.255672
1283 0.00330344 0.0159075 0.267599
1284 0.00476099 0.0139993 0.252915
1285 0.00308286 0.0161784 0.267585
1286 0.00276903 0.0162915 0.272472
1287 0.00490147 0.0135301 0.253763
1288 0.00246145 0.0164659 0.275057
1289 0.00504978 0.0130677 0.253483
1290 0.00220431 0.016695 0.27467
1291 0.00186189 0.0167767 0.278283
1292 0.00508777 0.012604 0.257438
1293 0.00148286 0.016947 0.279386
1294 0.00519009 0.0122637 0.256562
1295 0.00512663 0.0119133 0.263598
1296 0.00228029 0.0117316 0.364186
1297 0.00356304 0.0125068 0.31841
1298 0.00501542 0.0109814 0.279653
1299 0.004921 0.010554 0.289572
1300 0.00153015 0.0165059 0.28874
1301 0.00154663 0.0160743 0.297873
1302 0.00151872 0.0156342 0.307415
1303 0.00150721 0.0152018 0.316289
1304 0.00149615 0.0147667 0.324928
1305 0.00149615 0.0143333 0.333124
1306 0.00421494 0.0106666 0.320846
1307 0.00149615 0.0139 0.341065
1308 0.00380019 0.0108601 0.334266
1309 0.00149615 0.0134667 0.348765
1310 0.0033366 0.0110079 0.347797
1311 0.00149615 0.0130333 0.356238
1312 0.00286607 0.0111341 0.359489
1313 0.00149615 0.0126 0.3635
1314 0.00239714 0.0112744 0.368694
1315 0.001494 0.012166 0.370605
1316 0.00190402 0.0114288 0.375971
1317 0.00150826 0.0117278 0.377357
1318 0.00147303 0.0113482 0.383668
1319 0.00380492 0.0148088 0.273781
1320 0.003516 0.0151642 0.276006
1321 0.00405974 0.0144331 0.271906
1322 0.00319201 0.0154846 0.278744
1323 0.00427445 0.0140324 0.270874
1324 0.00280867 0.0158217 0.281316
1325 0.00444653 0.0136262 0.270653
1326 0.00512689 0.0114378 0.268897
1327 0.00458665 0.0131913 0.271393
1328 0.002001 0.0163006 0.286689
1329 0.00466837 0.0127406 0.274131
1330 0.00476251 0.0122478 0.2765
1331 0.00474273 0.0117517 0.283568
1332 0.00467995 0.0112939 0.292141
1333 0.00460411 0.0108673 0.301066
1334 0.00194593 0.0158496 0.297036
1335 0.00191169 0.0154124 0.306464
1336 0.00188533 0.0149788 0.315403
1337 0.00186977 0.01455 0.323813
1338 0.00186977 0.0141167 0.331813
1339 0.00419396 0.0111768 0.314756
1340 0.00186977 0.0136833 0.339564
1341 0.00369338 0.0113198 0.331531
1342 0.00186977 0.01325 0.347086
1343 0.0032058 0.0114529 0.345259
1344 0.00186843 0.0128223 0.354314
1345 0.00273074 0.0115804 0.356277
1346 0.00185895 0.0123886 0.361585
1347 0.00238309 0.0160503 0.28535
1348 0.00456018 0.0104823 0.308125
1349 0.00335664 0.0147421 0.288107
1350 0.00361137 0.0144023 0.286704
1351 0.00306672 0.01506 0.289935
1352 0.003824 0.0140426 0.286087
1353 0.00272487 0.0153532 0.292397
1354 0.00400104 0.0136754 0.286047
1355 0.0023448 0.0156143 0.294991
1356 0.00415624 0.0132977 0.286326
1357 0.00425983 0.0128848 0.288473
1358 0.00429791 0.0124376 0.29331
1359 0.00433684 0.0119849 0.297926
1360 0.0043911 0.0115718 0.301154
1361 0.00228705 0.0151778 0.304691
1362 0.00224371 0.014751 0.313652
1363 0.00223215 0.0143243 0.321777
1364 0.00225724 0.0138941 0.329042
1365 0.00226322 0.0134719 0.336272
1366 0.00353282 0.0117804 0.330236
1367 0.00226048 0.013028 0.343832
1368 0.00306123 0.0118942 0.34279
1369 0.0022331 0.0126174 0.351117
1370 0.00260786 0.0120156 0.352569
1371 0.00295529 0.0146645 0.299944
1372 0.00320795 0.0143482 0.299093
1373 0.00339659 0.0140312 0.299314
1374 0.0026407 0.0149285 0.302328
1375 0.00357108 0.0136914 0.299751
1376 0.00372759 0.0133493 0.300251
1377 0.00390357 0.0130214 0.299348
1378 0.00389869 0.0126485 0.305102
1379 0.00387841 0.0121496 0.313105
1380 0.00257925 0.014518 0.311248
1381 0.00259567 0.0141169 0.31812
1382 0.00269813 0.013693 0.323246
1383 0.00261701 0.01325 0.332542
1384 0.00337332 0.0122028 0.329017
1385 0.00267908 0.012761 0.339163
1386 0.00291022 0.0123429 0.339944
1387 0.00286387 0.0143295 0.308136
1388 0.00298502 0.0140035 0.310899
1389 0.00314971 0.0136969 0.311803
1390 0.00332412 0.0133423 0.312701
1391 0.00349615 0.012929 0.314152
1392 0.00300923 0.0130429 0.326277
1393 0.00294174 0.0134079 0.322023
1394 0.0011031 0.0171797 0.277835
1395 0.00316445 0.0126313 0.328536
