1 1.53081e-18 -0.025 8.85819
2 1.02054e-18 0.0133333 4.95494
3 1.53081e-18 0.025 5.68103
4 1.02054e-18 0.0466667 8.93228
5 0.0146855 0.0378813 9.15433
6 0.0239236 -0.00725686 9.1703
7 0.0138888 0.020787 8.29683
8 0 0.0105952 4.8838
9 0 0.00785714 4.83963
10 0 0.00511905 4.84057
11 0 0.00238095 4.89174
12 0 -0.000357143 4.99567
13 0 -0.00309524 5.15616
14 0 -0.00583333 5.37666
15 0 -0.00857143 5.66016
16 0 -0.0113095 6.00907
17 0 -0.0140476 6.42499
18 0 -0.0167857 6.90867
19 0 -0.0195238 7.46624
20 0 -0.0222619 8.11306
21 0.0245588 -0.00467603 9.18532
22 0.0249164 -0.00204289 9.19381
23 0.0249925 0.000613869 9.19568
24 0.0247861 0.00326369 9.19015
25 0.0242996 0.0058761 9.17799
26 0.0235385 0.00842262 9.15891
27 0.0225113 0.010874 9.13332
28 0.0212299 0.0132019 9.10205
29 0.0197084 0.0153812 9.06386
30 0.0179641 0.0173865 9.01366
31 0.0160172 0.0191951 8.63925
32 0.0121962 0.0186408 7.23474
33 0.0101756 0.0168002 6.44012
34 0.00788126 0.0153145 5.83526
35 0.00537497 0.0142238 5.39537
36 0.00272412 0.0135575 5.11279
37 0.0026541 -0.0248587 8.88521
38 0.00527766 -0.0244366 8.89801
39 0.00784211 -0.0237382 8.91605
40 0.0103179 -0.0227715 8.93895
41 0.0126767 -0.0215477 8.96626
42 0.0148926 -0.0200801 8.99698
43 0.0169402 -0.0183856 9.02962
44 0.018796 -0.0164836 9.06264
45 0.0204397 -0.014395 9.09444
46 0.0218525 -0.0121437 9.12383
47 0.023018 -0.00975567 9.1496
48 0 0.0220833 5.45575
49 0 0.0191667 5.25584
50 0 0.01625 5.08791
51 0.0117845 0.0220483 7.39011
52 0.00956683 0.0230971 6.77005
53 0.00725686 0.0239236 6.32805
54 0.00487701 0.0245197 6.01949
55 0.00245042 0.0248796 5.81287
56 0.0133019 0.0400418 9.11967
57 0.0116044 0.0419631 9.08275
58 0.00963179 0.0436017 9.04382
59 0.00743022 0.0449188 9.01017
60 0.00505362 0.045882 8.98305
61 0.00255794 0.0464692 8.96444
62 0.0151382 0.0230278 9.10974
63 0.0160285 0.0254321 9.1787
64 0.0165395 0.0279451 9.20152
65 0.0166589 0.0305077 9.20366
66 0.0163839 0.0330573 9.19901
67 0.0157211 0.035534 9.18261
68 0 0.0439583 8.32265
69 0 0.04125 7.79398
70 0 0.0385417 7.33326
71 0 0.0358333 6.92348
72 0 0.033125 6.55953
73 0 0.0304167 6.23611
74 0 0.0277083 5.93759
75 0.0120689 -0.00461719 6.35821
76 0.0122469 -0.00163628 6.23632
77 0.0119737 0.00112076 6.12285
78 0.0114031 0.00344124 6.01879
79 0.00600167 -0.021857 8.29747
80 0.00307986 -0.021561 8.05012
81 0.00806609 -0.0210757 8.28705
82 0.0104211 -0.0200559 8.31954
83 0.0124456 -0.0187778 8.3252
84 0.00268454 -0.0182913 7.30845
85 0.0143709 -0.0173975 8.36184
86 0.00238888 -0.0154129 6.74468
87 0.0161834 -0.0157284 8.39117
88 0.00237126 -0.0126786 6.29381
89 0.0176686 -0.0138798 8.39219
90 0.00237126 -0.00994048 5.91176
91 0.0191243 -0.012011 8.44814
92 0.00237126 -0.00720238 5.59721
93 0.0203422 -0.00987572 8.47936
94 0.00237126 -0.00446429 5.34769
95 0.0211696 -0.00764017 8.46936
96 0.00237126 -0.00172619 5.16039
97 0.0218102 -0.00532434 8.4685
98 0.00237126 0.0010119 5.032
99 0.0223612 -0.00303613 8.50837
100 0.00237126 0.00375 4.95882
101 0.0225545 -0.000589148 8.50991
102 0.00242038 0.00654135 4.93972
103 0.0224878 0.00173119 8.50334
104 0.00237126 0.00922619 4.96343
105 0.0221729 0.00416062 8.49332
106 0.0019573 0.011531 4.99521
107 0.0215885 0.00647265 8.46701
108 0.0208933 0.00869993 8.46514
109 0.00459603 0.011324 5.18244
110 0.0198055 0.0109533 8.42304
111 0.00766551 0.0125201 5.63526
112 0.018347 0.0129744 8.30844
113 0.0106986 0.013914 6.33339
114 0.0166538 0.0150192 8.16076
115 0.0122828 0.0162038 6.97984
116 0.0146432 0.0173904 7.89193
117 0.0056693 -0.0193006 7.68602
118 0.00831295 -0.018908 7.83711
119 0.0100639 -0.0174645 7.7398
120 0.0119675 -0.0160729 7.73648
121 0.00478773 -0.0165962 7.08418
122 0.0139424 -0.0151278 7.88724
123 0.00458028 -0.0139219 6.60172
124 0.0150049 -0.0132628 7.77739
125 0.00472176 -0.0113095 6.21726
126 0.0164165 -0.0114094 7.79299
127 0.00472176 -0.00857143 5.8728
128 0.0180201 -0.0099633 7.95966
129 0.00472176 -0.00583333 5.59572
130 0.0186193 -0.00789832 7.88457
131 0.00472176 -0.00309524 5.38359
132 0.0191819 -0.00578008 7.84983
133 0.00472176 -0.000357143 5.23339
134 0.0196622 -0.00355233 7.8434
135 0.00472176 0.00238095 5.14147
136 0.0204598 -0.0015829 7.98167
137 0.00472176 0.00511905 5.10368
138 0.0200247 0.000510455 7.85177
139 0.0049009 0.0081559 5.13907
140 0.0203598 0.00265889 7.96857
141 0.0195161 0.004657 7.82531
142 0.0189805 0.00693371 7.82527
143 0.0186613 0.00904454 7.9215
144 0.00727651 0.00969348 5.461
145 0.0171808 0.010692 7.71063
146 0.0100825 0.0107933 5.99766
147 0.0155642 0.0124395 7.48486
148 0.0138104 0.014412 7.22086
149 0.0127876 0.0117196 6.67715
150 0.00743153 -0.0169314 7.35373
151 0.00924079 -0.0146833 7.13667
152 0.0120743 -0.01313 7.2682
153 0.00696902 -0.0127153 6.59534
154 0.00707227 -0.00994048 6.22529
155 0.0157339 -0.0085797 7.33681
156 0.00707227 -0.00720238 5.92111
157 0.00707227 -0.00446429 5.68509
158 0.00707227 -0.00172619 5.51523
159 0.0168674 -0.00407991 7.23467
160 0.00707227 0.0010119 5.40802
161 0.017742 -0.00125136 7.32191
162 0.00707227 0.00375 5.35871
163 0.0072893 0.00666155 5.39373
164 0.0176235 0.00233574 7.28864
165 0.0165083 0.00794517 7.28847
166 0.00980925 0.0078862 5.81939
167 0.00654702 -0.0149855 6.92597
168 0.0138115 -0.0106905 7.21918
169 0.0168386 -0.00641705 7.3796
170 0.0168023 0.00525577 7.19299
171 0.0147383 0.00972207 6.99629
172 0.0122932 0.00881605 6.35941
173 0.0093443 -0.0116764 6.69509
174 0.00946415 -0.00880325 6.35437
175 0.00965679 -0.00602598 6.11019
176 0.00963645 -0.00314543 5.90494
177 0.00957585 -0.000373346 5.7728
178 0.0141791 0.00338613 6.54925
179 0.00940272 0.00227947 5.69049
180 0.0148096 0.000261302 6.66891
181 0.00947195 0.00501294 5.69879
182 0.0113109 -0.0103795 6.78911
183 0.0123941 -0.00783422 6.66798
184 0.0145 -0.00582049 6.86752
185 0.0147299 -0.0027783 6.73489
186 0.0143954 0.0067772 6.71776
187 0.0120365 0.00585806 6.1786
188 0.00252376 0.0206695 5.49375
189 0.00506826 0.019509 5.66344
190 0.00257949 0.0180371 5.32765
191 0.00230674 0.023122 5.6567
192 0.0075976 0.0182568 5.97385
193 0.00968318 0.0200023 6.56655
194 0.00521868 0.0168286 5.51404
195 0.00245041 0.0154833 5.17626
196 0.00741243 0.0211694 6.14655
197 0.00508334 0.0221604 5.85636
198 0.00742388 0.0312125 6.98939
199 0.00946961 0.0326215 7.51131
200 0.0100638 0.0300043 7.40261
201 0.0060268 0.0285342 6.52284
202 0.0118971 0.0376226 8.52718
203 0.0109532 0.0396493 8.6197
204 0.013412 0.0359351 8.67301
205 0.00916523 0.0409777 8.52457
206 0.0136245 0.0337944 8.53854
207 0.00723948 0.0422029 8.47547
208 0.0142393 0.0315222 8.56397
209 0.00537432 0.0433028 8.49015
210 0.0147462 0.0293538 8.6434
211 0.00292979 0.0432761 8.30921
212 0.0139705 0.0271741 8.38298
213 0.0132692 0.0242015 8.11939
214 0.0024274 0.0400421 7.69027
215 0.00234549 0.0371875 7.22715
216 0.00895109 0.0255557 6.80459
217 0.00234549 0.0344792 6.8431
218 0.00637654 0.0263028 6.36841
219 0.00225367 0.0318016 6.5013
220 0.00307161 0.0270506 6.04526
221 0.00193008 0.0294345 6.21538
222 0.0109473 0.0244793 7.26273
223 0.0108553 0.0348698 8.00553
224 0.00894422 0.0378377 8.01842
225 0.00488932 0.0410137 8.02652
226 0.012441 0.0295217 7.97603
227 0.00451997 0.0384784 7.57561
228 0.0046357 0.0357918 7.1884
229 0.00844234 0.0281916 6.89812
230 0.00468063 0.033125 6.84928
231 0.00445759 0.0300522 6.48282
232 0.00687259 0.039632 7.99942
233 0.0117919 0.0320869 7.96975
234 0.0113006 0.0270012 7.5099
235 0.00749328 0.0346491 7.38233
236 0.00637789 0.0372917 7.59072
