1 1.53081e-18 -0.025 8.838
2 1.02054e-18 0.0133333 4.86474
3 1.53081e-18 0.025 5.56788
4 1.02054e-18 0.0466667 8.90172
5 0.0146855 0.0378813 9.15552
6 0.0239236 -0.00725686 9.17115
7 0.0138888 0.020787 8.32748
8 0 0.00907407 4.75767
9 0 0.00481481 4.73316
10 0 0.000555556 4.84192
11 0 -0.0037037 5.08718
12 0 -0.00796296 5.48141
13 0 -0.0122222 6.0329
14 0 -0.0164815 6.75303
15 0 -0.0207407 7.67849
16 0.0247726 -0.00336422 9.19173
17 0.0249925 0.000613864 9.19657
18 0.0245776 0.00457636 9.18678
19 0.0235385 0.00842262 9.15948
20 0.0219015 0.012055 9.11956
21 0.0197084 0.0153812 9.08294
22 0.0170147 0.0183167 8.68377
23 0.0112237 0.017679 6.82993
24 0.00788126 0.0153145 5.82631
25 0.00406323 0.0138362 5.20357
26 0.00397149 -0.0246825 8.88928
27 0.00784211 -0.0237382 8.914
28 0.0115136 -0.0221909 8.95167
29 0.0148926 -0.0200801 8.99683
30 0.0178934 -0.0174593 9.04586
31 0.0204397 -0.014395 9.09547
32 0.022467 -0.0109652 9.13831
33 0 0.0211111 5.27191
34 0 0.0172222 5.03003
35 0.0106885 0.0225999 7.06608
36 0.00725686 0.0239236 6.3089
37 0.00366813 0.0247294 5.86367
38 0.0120563 0.0415075 9.09145
39 0.00855639 0.0443027 9.02492
40 0.00443848 0.0460648 8.97906
41 0.0158407 0.0248184 9.22117
42 0.0166486 0.0292241 9.22318
43 0.016254 0.0336858 9.20118
44 0 0.0423333 7.92371
45 0 0.038 7.13911
46 0 0.0336667 6.49582
47 0 0.0293333 5.98161
48 0.0116572 -0.00555005 6.33996
49 0.012039 -0.00110917 6.1679
50 0.0116207 0.00368026 6.0289
51 0.0149208 0.00148062 6.6825
52 0.00455075 -0.0196594 7.67048
53 0.00835242 -0.0197807 8.02517
54 0.0112034 -0.018097 8.0079
55 0.0140589 -0.0160423 8.05933
56 0.0165319 -0.0136254 8.12024
57 0.0038269 -0.0146178 6.63507
58 0.0188234 -0.0110783 8.26727
59 0.00368863 -0.0100926 5.94435
60 0.0195364 -0.00763334 8.06706
61 0.00368863 -0.00583333 5.47541
62 0.0213797 -0.0046146 8.32494
63 0.00368863 -0.00157407 5.16577
64 0.0212749 -0.00114736 8.1756
65 0.00368863 0.00268519 5.00403
66 0.0219967 0.00228237 8.3881
67 0.00390841 0.00736798 5.00683
68 0.0206083 0.00544571 8.14213
69 0.00301384 0.0109022 4.99931
70 0.0200121 0.00877764 8.23821
71 0.0177395 0.0116518 7.95016
72 0.00712034 0.0107013 5.44947
73 0.0148878 0.015794 7.68128
74 0.0110557 0.0132014 6.35224
75 0.00756927 -0.0162959 7.234
76 0.0105409 -0.0141969 7.21366
77 0.0152187 -0.00899566 7.26866
78 0.00734497 -0.0122222 6.53534
79 0.00747748 -0.00780543 5.99365
80 0.016997 -0.00346911 7.20722
81 0.00769276 -0.0035032 5.65438
82 0.00768156 0.000870876 5.45306
83 0.00780754 0.00560894 5.4281
84 0.0184921 0.00186099 7.47802
85 0.016085 0.00675553 7.07744
86 0.0141775 0.0111841 6.96284
87 0.0113479 0.00869472 6.13509
88 0.0131827 -0.0124187 7.34328
89 0.0107162 -0.0100164 6.64431
90 0.00332598 0.0221903 5.61325
91 0.00738185 0.0200061 6.04186
92 0.00377011 0.0182595 5.39919
93 0.00825356 0.0287964 6.91536
94 0.00770747 0.0354 7.5045
95 0.00882706 0.0322813 7.34849
96 0.00413998 0.0411699 7.97532
97 0.0108303 0.037813 8.34904
98 0.00779139 0.0395674 8.1024
99 0.0118499 0.034646 8.18552
100 0.0122874 0.0309261 7.99508
101 0.0115068 0.0270894 7.58386
102 0.00400134 0.0366013 7.22013
103 0.00444099 0.0318079 6.63509
104 0.00406558 0.0274645 6.14489
