1 6.12323e-19 -0.01 0.305044
2 4.08216e-19 0.00533333 0.470323
3 6.12323e-19 0.01 0.417555
4 4.08216e-19 0.0186667 0.24832
5 0.0058742 0.0151525 0.18946
6 0.00956943 -0.00290274 0.189536
7 0.00555552 0.00831481 0.294521
8 0 0.00474359 0.474539
9 0 0.00415385 0.478313
10 0 0.0035641 0.481383
11 0 0.00297436 0.483712
12 0 0.00238462 0.485287
13 0 0.00179487 0.486073
14 0 0.00120513 0.48604
15 0 0.000615385 0.485162
16 0 2.5641e-05 0.483413
17 0 -0.000564103 0.480771
18 0 -0.00115385 0.477217
19 0 -0.00174359 0.472731
20 0 -0.00233333 0.467297
21 0 -0.00292308 0.460901
22 0 -0.00351282 0.453529
23 0 -0.00410256 0.445169
24 0 -0.00469231 0.435809
25 0 -0.00528205 0.42544
26 0 -0.00587179 0.414052
27 0 -0.00646154 0.40164
28 0 -0.00705128 0.388196
29 0 -0.00764103 0.373691
30 0 -0.00823077 0.35811
31 0 -0.00882051 0.341511
32 0 -0.00941026 0.324176
33 0.00972813 -0.00231592 0.185802
34 0.0098508 -0.00172095 0.182899
35 0.00993712 -0.00111966 0.180881
36 0.00998679 -0.000513899 0.179783
37 0.00999956 9.38715e-05 0.179623
38 0.0099754 0.000700932 0.180414
39 0.00991444 0.0013053 0.182159
40 0.00981685 0.0019051 0.184847
41 0.00968295 0.00249808 0.188454
42 0.00951336 0.00308154 0.192947
43 0.00930872 0.00365345 0.198298
44 0.00906965 0.00421205 0.204471
45 0.00879696 0.00475536 0.211422
46 0.00849187 0.00528092 0.21912
47 0.00815557 0.00578676 0.227558
48 0.00778911 0.00627134 0.236761
49 0.00739366 0.00673304 0.246862
50 0.00697096 0.00716977 0.25823
51 0.00652278 0.0075798 0.272193
52 0.00605049 0.00796188 0.29121
53 0.00520354 0.00783256 0.325155
54 0.00480992 0.00738382 0.350804
55 0.00437781 0.00697215 0.373971
56 0.00391067 0.00660082 0.395021
57 0.00341222 0.00627277 0.413786
58 0.00288646 0.00599061 0.430078
59 0.00233756 0.00575658 0.443745
60 0.0017699 0.00557257 0.454626
61 0.00118798 0.00544003 0.462587
62 0.000596445 0.00536007 0.46767
63 0.000607624 -0.00998152 0.303628
64 0.00121259 -0.00992621 0.301998
65 0.00181304 -0.00983427 0.299618
66 0.00240714 -0.00970596 0.296406
67 0.00299245 -0.00954176 0.292409
68 0.00356636 -0.00934244 0.287675
69 0.004127 -0.00910867 0.282263
70 0.00467266 -0.00884117 0.276245
71 0.00520123 -0.00854091 0.269712
72 0.00571035 -0.00820926 0.262762
73 0.00619823 -0.00784742 0.255505
74 0.00666339 -0.00745649 0.24804
75 0.00710415 -0.00703783 0.24048
76 0.00751852 -0.00659332 0.232934
77 0.00790496 -0.00612467 0.22552
78 0.0082623 -0.00563333 0.218344
79 0.00858933 -0.00512089 0.211514
80 0.00888456 -0.00458962 0.205113
81 0.00914684 -0.0040417 0.199267
82 0.00937537 -0.00347884 0.19405
83 0 0.00941667 0.425434
84 0 0.00883333 0.432942
85 0 0.00825 0.440263
86 0 0.00766667 0.447197
87 0 0.00708333 0.453676
88 0 0.0065 0.459749
89 0 0.00591667 0.465685
90 0.00505639 0.00862745 0.317085
91 0.00453976 0.00891014 0.336095
92 0.00400734 0.00916194 0.354113
93 0.00346107 0.00938195 0.370132
94 0.00290274 0.00956943 0.383856
95 0.00233435 0.00972372 0.395227
96 0.00175791 0.00984428 0.404187
97 0.00117532 0.00993069 0.410783
98 0.000588708 0.00998266 0.415069
99 0.00556761 0.0156669 0.194914
100 0.00521612 0.0161517 0.200979
101 0.00482253 0.016603 0.207431
102 0.00439003 0.0170172 0.214014
103 0.00392212 0.0173909 0.220509
104 0.00342255 0.0177211 0.2267
105 0.00289538 0.0180051 0.232353
106 0.00234484 0.0182407 0.237264
107 0.00177539 0.0184259 0.241318
108 0.00119161 0.0185593 0.244376
109 0.00059822 0.0186398 0.246472
110 0.0058638 0.0088282 0.251911
111 0.00612475 0.00936716 0.225409
112 0.0063363 0.00992738 0.208253
113 0.00649672 0.0105043 0.196405
114 0.00660472 0.0110933 0.188204
115 0.00665944 0.0116896 0.182798
116 0.00666042 0.0122885 0.17966
117 0.00660767 0.012885 0.178526
118 0.0065016 0.0134743 0.179141
119 0.00634308 0.0140518 0.1813
120 0.00613338 0.0146127 0.184821
121 0 0.0180476 0.264804
122 0 0.0174286 0.279726
123 0 0.0168095 0.294203
124 0 0.0161905 0.308042
125 0 0.0155714 0.321269
126 0 0.0149524 0.333912
127 0 0.0143333 0.345998
128 0 0.0137143 0.357563
129 0 0.0130952 0.368644
130 0 0.0124762 0.379277
131 0 0.0118571 0.389488
132 0 0.0112381 0.399201
133 0 0.010619 0.408457
134 0.00642302 0.00343176 0.340231
135 0.00527631 -0.00520869 0.343269
136 0.00546609 0.00608426 0.346317
137 0.00474104 0.00299327 0.40497
138 0.00140192 -0.00932007 0.319639
139 0.00196965 -0.00920177 0.317592
140 0.000765115 -0.00942171 0.320741
141 0.00254174 -0.009077 0.313798
142 0.00309855 -0.00891448 0.309478
143 0.00363865 -0.00871392 0.304737
144 0.00415461 -0.00847554 0.299823
145 0.000507731 -0.00848921 0.349373
146 0.00466501 -0.00820341 0.294245
147 0.000533714 -0.00793858 0.364281
148 0.00516858 -0.00790534 0.287801
149 0.000528187 -0.00735411 0.379221
150 0.00562675 -0.00757854 0.281809
151 0.000510733 -0.00675641 0.393472
152 0.00607226 -0.00723411 0.275123
153 0.000510733 -0.00616667 0.406397
154 0.00650596 -0.00684496 0.268362
155 0.000510733 -0.00557692 0.418292
156 0.00691528 -0.00643408 0.261465
157 0.000510733 -0.00498718 0.429165
158 0.00728897 -0.00600364 0.254946
159 0.000510733 -0.00439744 0.439023
160 0.00763487 -0.00555374 0.248601
161 0.000510733 -0.00380769 0.447875
162 0.00795652 -0.00509692 0.242136
163 0.000510733 -0.00321795 0.455733
164 0.00826517 -0.00457468 0.236019
165 0.000510733 -0.00262821 0.462606
166 0.00851661 -0.00407234 0.231024
167 0.000510733 -0.00203846 0.468509
168 0.008748 -0.00355687 0.226005
169 0.000510733 -0.00144872 0.473455
170 0.00894915 -0.00301944 0.221603
171 0.000510733 -0.000858974 0.477461
172 0.00911695 -0.00247372 0.217864
173 0.000510733 -0.000269231 0.480542
174 0.00924793 -0.00189619 0.215182
175 0.000510733 0.000320513 0.482719
176 0.00934457 -0.00133623 0.2131
177 0.000510733 0.000910256 0.484011
178 0.00941416 -0.000777881 0.211419
179 0.000510733 0.0015 0.484443
180 0.0094387 -0.000193653 0.211212
181 0.000510733 0.00208974 0.48404
182 0.00943603 0.000384975 0.211405
183 0.000510733 0.00267949 0.48283
184 0.00939493 0.000952551 0.21267
185 0.000510733 0.00326923 0.480847
186 0.00932078 0.00151804 0.214715
187 0.000516602 0.00386896 0.478043
188 0.00920744 0.00208531 0.217837
189 0.000510733 0.00444872 0.474684
190 0.00906527 0.00265131 0.221444
191 0.000425626 0.00494091 0.471676
192 0.00888899 0.00318463 0.226085
193 0.00868526 0.00371094 0.231213
194 0.00095602 0.00488887 0.469038
195 0.00843772 0.0042393 0.237534
196 0.00161224 0.00503143 0.461304
197 0.00816033 0.00474697 0.244571
198 0.00221972 0.00520189 0.450926
199 0.00786095 0.00523243 0.252005
200 0.00280865 0.00541391 0.437625
201 0.00752616 0.00569228 0.260646
202 0.00337902 0.00569014 0.421221
203 0.00718704 0.00613444 0.268979
204 0.00391442 0.00601477 0.402343
205 0.00680328 0.00657658 0.278831
206 0.00440228 0.00638626 0.381592
207 0.0063324 0.00701246 0.292844
208 0.00484103 0.00678227 0.359661
209 0.00574186 0.00755176 0.309769
210 0.000449664 -0.00897072 0.33571
211 0.00528983 0.00714974 0.335499
212 0.00155471 -0.00870715 0.336468
213 0.00101213 -0.00883827 0.336842
214 0.00210519 -0.00860894 0.333313
215 0.00266376 -0.00850361 0.328499
216 0.00317976 -0.00832273 0.324755
217 0.00367683 -0.00811033 0.320614
218 0.00415945 -0.00787235 0.315912
219 0.00107392 -0.00827781 0.352336
220 0.00463192 -0.00760611 0.310662
221 0.00108387 -0.00767157 0.368356
222 0.00508933 -0.00731001 0.305051
223 0.00105946 -0.00706288 0.383514
224 0.00552653 -0.00698773 0.299202
225 0.001025 -0.00646154 0.397468
226 0.00594326 -0.00664818 0.292996
227 0.001025 -0.00587179 0.409873
228 0.00633976 -0.00627522 0.286852
229 0.001025 -0.00528205 0.421247
230 0.00671045 -0.00587667 0.280858
231 0.001025 -0.00469231 0.431599
232 0.00704718 -0.00545623 0.275342
233 0.001025 -0.00410256 0.440939
234 0.00736157 -0.00501942 0.269816
235 0.001025 -0.00351282 0.449275
236 0.00765294 -0.00456142 0.264439
237 0.001025 -0.00292308 0.45662
238 0.0079163 -0.00408555 0.259411
239 0.001025 -0.00233333 0.462985
240 0.00815521 -0.00359646 0.254569
241 0.001025 -0.00174359 0.468383
242 0.00836092 -0.00309529 0.250354
243 0.001025 -0.00115385 0.47283
244 0.00853057 -0.00258578 0.246942
245 0.001025 -0.000564103 0.47634
246 0.00866939 -0.00205874 0.244204
247 0.001025 2.5641e-05 0.478932
248 0.00877847 -0.00152787 0.241988
249 0.001025 0.000615385 0.480625
250 0.00885508 -0.000989761 0.240497
251 0.001025 0.00120513 0.481442
252 0.00890029 -0.000450517 0.239676
253 0.001025 0.00179487 0.481404
254 0.00891586 8.78421e-05 0.239452
255 0.001025 0.00238462 0.480539
256 0.00889732 0.000628214 0.240078
257 0.001025 0.00297436 0.478875
258 0.0088413 0.00116961 0.241728
259 0.00102315 0.00357247 0.476428
260 0.00874805 0.00170382 0.244408
261 0.00103764 0.00420901 0.472872
262 0.00862839 0.00222728 0.247581
263 0.0084798 0.00274685 0.25134
264 0.00830171 0.00326054 0.255711
265 0.00808858 0.00376353 0.261019
266 0.00784033 0.0042413 0.267428
267 0.00211772 0.00463358 0.457174
268 0.00755967 0.0046997 0.274793
269 0.00272609 0.00482198 0.444652
270 0.00725377 0.00515319 0.282597
271 0.00333608 0.00506931 0.428581
272 0.00692806 0.005592 0.290789
273 0.0039255 0.00538902 0.409252
274 0.00659659 0.00600426 0.299077
275 0.00446963 0.00576598 0.387567
276 0.00630972 0.00643256 0.304581
277 0.00492713 0.00618691 0.365527
278 0.00579062 0.00669498 0.32304
279 0.00150144 0.00447762 0.466697
280 0.0052623 0.00658556 0.346367
281 0.00168507 -0.00806086 0.353191
282 0.00228023 -0.00811282 0.344694
283 0.00274142 -0.00792595 0.34294
284 0.00321086 -0.00773161 0.339848
285 0.00367418 -0.00751495 0.336039
286 0.00412964 -0.00727944 0.331472
287 0.00457648 -0.00701832 0.32635
288 0.00161749 -0.00736542 0.37166
289 0.0049958 -0.0067217 0.321445
290 0.00157999 -0.00675636 0.386457
291 0.00539545 -0.00641122 0.31614
292 0.00155882 -0.00616707 0.399566
293 0.00578727 -0.00609371 0.309995
294 0.00153927 -0.00557692 0.411639
295 0.006152 -0.00572663 0.30456
296 0.00153927 -0.00498718 0.422483
297 0.00647263 -0.0053377 0.300004
298 0.00153927 -0.00439744 0.432306
299 0.00677489 -0.00493189 0.295344
300 0.00153927 -0.00380769 0.441118
301 0.00706488 -0.0045108 0.290338
302 0.00153927 -0.00321795 0.448928
303 0.0073262 -0.00406735 0.285798
304 0.00153927 -0.00262821 0.455749
305 0.00755888 -0.00361082 0.28164
306 0.00153927 -0.00203846 0.461592
307 0.00777979 -0.00315791 0.27698
308 0.00153927 -0.00144872 0.46647
309 0.00794932 -0.00266959 0.274072
310 0.00153927 -0.000858974 0.4704
311 0.00808941 -0.00219022 0.271577
312 0.00153927 -0.000269231 0.473396
313 0.0082142 -0.00169244 0.269047
314 0.00153927 0.000320513 0.475478
315 0.00830296 -0.00118443 0.267424
316 0.00153927 0.000910256 0.476666
317 0.00835475 -0.000677393 0.266737
318 0.00153927 0.0015 0.47698
319 0.008383 -0.000168545 0.266368
320 0.00153927 0.00208974 0.476446
321 0.00839147 0.000337765 0.266146
322 0.00153927 0.00267949 0.475088
323 0.0083661 0.000850768 0.266772
324 0.00153491 0.00325032 0.47307
325 0.0082755 0.00134995 0.269852
326 0.00152671 0.0038485 0.470249
327 0.00817193 0.0018458 0.272771
328 0.00805205 0.00234241 0.275672
329 0.00789803 0.00283025 0.279474
330 0.00774274 0.0033092 0.282607
331 0.00749492 0.00377762 0.28947
332 0.00724915 0.00419572 0.296026
333 0.00263359 0.00422418 0.45106
334 0.00696145 0.00462201 0.303708
335 0.00324732 0.00441241 0.436486
336 0.00663904 0.00504932 0.312233
337 0.00390044 0.00472582 0.416767
338 0.00630895 0.00548944 0.320216
339 0.00452813 0.00509996 0.393626
340 0.00595702 0.00599186 0.327544
341 0.00505618 0.00555408 0.369638
342 0.00219203 -0.00758897 0.359577
343 0.00269204 -0.00735838 0.358147
344 0.00316977 -0.00713934 0.355255
345 0.00363839 -0.00692138 0.351046
346 0.00407942 -0.00670207 0.346088
347 0.00449323 -0.00643213 0.341668
348 0.00215747 -0.0070229 0.373853
349 0.0048664 -0.0061308 0.337832
350 0.00210453 -0.00645629 0.387394
351 0.00524225 -0.00584516 0.332455
352 0.00207797 -0.00587288 0.399963
353 0.00566273 -0.00560575 0.323605
354 0.00205354 -0.00528205 0.411628
355 0.00588911 -0.00519161 0.323577
356 0.00205354 -0.00469231 0.421931
357 0.00618119 -0.00481093 0.319734
358 0.00205354 -0.00410256 0.431213
359 0.00648551 -0.00443326 0.314374
360 0.00205354 -0.00351282 0.439486
361 0.00675234 -0.00402371 0.309936
362 0.00205354 -0.00292308 0.446758
363 0.00697261 -0.00358674 0.306806
364 0.00205354 -0.00233333 0.45304
365 0.00717492 -0.00314165 0.303588
366 0.00205354 -0.00174359 0.458346
367 0.00745491 -0.00275992 0.295427
368 0.00205354 -0.00115385 0.462687
369 0.00749756 -0.00229065 0.297791
370 0.00205354 -0.000564103 0.46608
371 0.00764807 -0.00182636 0.294536
372 0.00205354 2.5641e-05 0.468542
373 0.00775001 -0.00134656 0.292722
374 0.00205354 0.000615385 0.47009
375 0.00780459 -0.000870464 0.292302
376 0.00205354 0.00120513 0.470745
377 0.00784634 -0.000393889 0.291723
378 0.00205354 0.00179487 0.47053
379 0.00785362 8.3617e-05 0.292021
380 0.00205354 0.00238462 0.469469
381 0.00793633 0.00055383 0.287994
382 0.00205914 0.00294589 0.467608
383 0.00779865 0.0010109 0.293778
384 0.00204366 0.00349151 0.465415
385 0.00769499 0.00148429 0.297165
386 0.00760269 0.00196114 0.299267
387 0.0074754 0.00243714 0.302269
388 0.00733796 0.00290098 0.305089
389 0.00726485 0.00334846 0.304425
390 0.00694328 0.00368291 0.315564
391 0.00666781 0.00409697 0.323135
392 0.00310799 0.00370243 0.444816
393 0.00635079 0.00448793 0.332087
394 0.00383572 0.00402199 0.424641
395 0.00597583 0.00493241 0.342095
396 0.00452134 0.00438492 0.401304
397 0.00565949 0.00546861 0.347647
398 0.00522279 0.00482418 0.372705
399 0.00265581 -0.00677107 0.372608
400 0.00314457 -0.00653844 0.369493
401 0.00360978 -0.00631613 0.365083
402 0.00404549 -0.00618468 0.35801
403 0.00435815 -0.00584084 0.357385
404 0.00477323 -0.005502 0.352786
405 0.00263137 -0.00616266 0.386285
406 0.00259753 -0.00558672 0.398371
407 0.00554554 -0.0046959 0.343412
408 0.0025678 -0.00498718 0.409807
409 0.0025678 -0.00439744 0.419556
410 0.00589369 -0.00430363 0.337747
411 0.0025678 -0.00380769 0.428288
412 0.00623592 -0.00399608 0.329869
413 0.0025678 -0.00321795 0.43601
414 0.00639226 -0.00355465 0.329912
415 0.0025678 -0.00262821 0.442731
416 0.00661617 -0.00308373 0.326818
417 0.0025678 -0.00203846 0.44846
418 0.0069118 -0.00255422 0.320407
419 0.0025678 -0.00144872 0.45321
420 0.0025678 -0.000858974 0.456995
421 0.00727269 -0.00149297 0.313032
422 0.0025678 -0.000269231 0.45983
423 0.0025678 0.000320513 0.461732
424 0.00724502 -0.00104273 0.316537
425 0.0025678 0.000910256 0.462718
426 0.0073829 -0.00059936 0.312091
427 0.0025678 0.0015 0.462812
428 0.00729396 -0.000114115 0.317097
429 0.0025678 0.00208974 0.462038
430 0.0073437 0.000518162 0.315243
431 0.00259359 0.00266707 0.459991
432 0.00709331 0.00161422 0.32367
433 0.00709837 0.00209111 0.321179
434 0.00686541 0.00250467 0.328851
435 0.00680916 0.00307837 0.327008
436 0.00612775 0.00390309 0.347733
437 0.00375083 0.00333661 0.431573
438 0.0057193 0.00433552 0.359349
439 0.00449876 0.00359545 0.408688
440 0.00511316 0.00403998 0.384682
441 0.00259386 0.00321595 0.457727
442 0.00721236 0.00110333 0.320098
443 0.00313764 -0.00591881 0.382688
444 0.00371496 -0.00566861 0.376047
445 0.00425171 -0.00522602 0.371662
446 0.00313039 -0.00530752 0.394578
447 0.00526663 -0.0041849 0.360093
448 0.00308207 -0.00469231 0.406148
449 0.00308207 -0.00410256 0.415336
450 0.00572293 -0.00367156 0.352368
451 0.00308207 -0.00351282 0.423512
452 0.00308207 -0.00292308 0.430675
453 0.00308207 -0.00233333 0.436829
454 0.00625212 -0.00258335 0.345684
455 0.00308207 -0.00174359 0.441986
456 0.00308207 -0.00115385 0.446162
457 0.00308207 -0.000564103 0.44937
458 0.00669205 -0.00135591 0.338016
459 0.00308207 2.5641e-05 0.451623
460 0.00308207 0.000615385 0.452937
461 0.00679283 -0.000577659 0.337278
462 0.00308207 0.00120513 0.453328
463 0.00308207 0.00179487 0.452825
464 0.00674417 0.000134061 0.340606
465 0.00312048 0.0023875 0.450636
466 0.00651903 0.00195192 0.346428
467 0.0062724 0.00271062 0.352085
468 0.00562153 0.00377128 0.368625
469 0.00423482 0.00291562 0.420663
470 0.00521781 0.00330467 0.387184
471 0.0031376 0.00299239 0.447957
472 0.00483592 -0.00478347 0.363717
473 0.00599866 -0.00312747 0.349285
474 0.00644318 -0.00201701 0.343336
475 0.00671979 0.000728474 0.341559
476 0.00663328 0.00131223 0.34403
477 0.0058812 0.00328288 0.363066
478 0.00369134 0.00265597 0.436485
479 0.00364672 -0.00498663 0.38994
480 0.00506947 -0.00357914 0.374355
481 0.0035947 -0.00440197 0.400607
482 0.00357529 -0.00382355 0.409492
483 0.0036127 -0.00323685 0.416301
484 0.0036101 -0.00263971 0.423051
485 0.00359634 -0.00203846 0.429033
486 0.00359634 -0.00144872 0.433603
487 0.00359634 -0.000858974 0.437186
488 0.00359634 -0.000269231 0.439795
489 0.00614414 -0.000860801 0.361414
490 0.00359634 0.000320513 0.441442
491 0.00359634 0.000910256 0.44214
492 0.00616012 -0.000180832 0.362953
493 0.00358952 0.00148904 0.44206
494 0.00361651 0.00207777 0.44031
495 0.0058577 0.00209036 0.37146
496 0.00418427 -0.00461367 0.383707
497 0.00459706 -0.00406496 0.381365
498 0.00536145 -0.00307255 0.371355
499 0.00570507 -0.00266509 0.364232
500 0.00578012 -0.00212428 0.366618
501 0.00597907 -0.0015192 0.364012
502 0.00614935 0.000432276 0.364063
503 0.00603313 0.00145968 0.367173
504 0.00560647 0.00269489 0.377449
505 0.00423454 0.0022389 0.423712
506 0.00509843 0.00267279 0.395204
507 0.00623034 0.000959296 0.360627
508 0.00401513 -0.00410856 0.395457
509 0.00410724 -0.00361159 0.400147
510 0.00416488 -0.00296105 0.406666
511 0.00410409 -0.00232552 0.414602
512 0.00411061 -0.00174359 0.419337
513 0.00411061 -0.00115385 0.423299
514 0.00411061 -0.000564103 0.426272
515 0.00411061 2.5641e-05 0.428263
516 0.00562449 -0.000432931 0.381456
517 0.00411061 0.000615385 0.42928
518 0.0041279 0.00122987 0.42886
519 0.00405958 0.00174229 0.429842
520 0.00455345 -0.00343443 0.390837
521 0.00553949 -0.00106623 0.381742
522 0.00563773 0.000208261 0.382401
523 0.00522885 0.0021364 0.393502
524 0.00541764 0.00155596 0.389069
525 0.00515127 -0.0024325 0.384534
526 0.00526485 -0.00168391 0.387097
527 0.00564915 0.000886082 0.382193
528 0.00468615 0.00167498 0.412455
529 0.00463894 -0.00203117 0.403066
530 0.00463348 -0.00145479 0.407458
531 0.0045934 -0.000871019 0.411904
532 0.00461133 -0.00028974 0.413746
533 0.00461526 0.00030607 0.41503
534 0.00460665 0.000940064 0.415665
535 0.00481934 -0.00300172 0.38857
536 0.00469809 0.00241082 0.409411
537 0.00512375 -4.19747e-05 0.399
538 0.00510172 -0.000630189 0.397865
539 0.00512123 0.000568601 0.399894
540 0.00508912 0.00112866 0.400668
541 0.00457015 -0.00254982 0.400224
542 0.0050375 -0.001144 0.397379
543 0.00249765 0.00372229 0.45673
544 0.00202801 0.00406764 0.462421
545 0.00704216 -0.00196186 0.31983
546 0.00157044 0.00810961 0.430121
547 0.00328824 0.00796315 0.395562
548 0.00190037 0.00769561 0.43002
549 0.00144602 0.00743386 0.439697
550 0.00336922 0.00688034 0.407576
551 0.00381802 0.00723517 0.389389
552 0.00289103 0.00661807 0.423007
553 0.00426895 0.00754333 0.369175
554 0.00240684 0.00636391 0.436228
555 0.00455129 0.00812702 0.348967
556 0.00187221 0.00619052 0.447252
557 0.00133664 0.00606702 0.455431
558 0.000738661 0.00592243 0.461985
559 0.00404191 0.00854387 0.36223
560 0.00352769 0.00881588 0.376193
561 0.00300968 0.00897847 0.389328
562 0.000480931 0.00682863 0.454549
563 0.00248764 0.00915154 0.399872
564 0.000505181 0.007375 0.448527
565 0.00190797 0.00925847 0.409864
566 0.000505647 0.00796874 0.441668
567 0.0012927 0.00938041 0.417119
568 0.000487565 0.00852997 0.434895
569 0.000572294 0.00951991 0.421703
570 0.000448723 0.00635311 0.459482
571 0.000423516 0.00900428 0.429174
572 0.00285625 0.00722562 0.416576
573 0.00330069 0.00747933 0.401788
574 0.00384804 0.00788963 0.379223
575 0.00241872 0.00695109 0.429452
576 0.00200236 0.00669997 0.439802
577 0.0014935 0.00672178 0.447023
578 0.000965555 0.00649361 0.454781
579 0.00310272 0.00841697 0.394576
580 0.00260423 0.00852352 0.40577
581 0.0009862 0.00709609 0.448324
582 0.00204514 0.00864858 0.415618
583 0.00101135 0.0077328 0.440917
584 0.0014817 0.00877904 0.422725
585 0.00101654 0.00833758 0.433532
586 0.000921001 0.00894657 0.42657
587 0.0035631 0.00833355 0.381984
588 0.00277875 0.00787993 0.410194
589 0.00236423 0.00751199 0.423898
590 0.00190504 0.00718951 0.43597
591 0.00222192 0.00809635 0.419476
592 0.00497249 0.0124833 0.266087
593 0.00477349 0.0135728 0.260228
594 0.00475094 0.0109841 0.295256
595 0.00319052 0.0156055 0.277975
596 0.00461225 0.0160297 0.226019
597 0.00494415 0.015595 0.22156
598 0.0052522 0.0151459 0.21671
599 0.00421744 0.0164157 0.232002
600 0.00553981 0.0146794 0.211456
601 0.00382314 0.0167637 0.236997
602 0.00574519 0.0141543 0.209278
603 0.00337724 0.0171134 0.24168
604 0.00587514 0.0136332 0.209505
605 0.00291313 0.0173854 0.246627
606 0.00597972 0.0131008 0.210105
607 0.00239967 0.0176076 0.251766
608 0.00605454 0.0125489 0.211459
609 0.0018279 0.0178044 0.256207
610 0.00609172 0.0119971 0.213969
611 0.00135618 0.0180402 0.256035
612 0.00610267 0.0114575 0.21716
613 0.000792188 0.0180431 0.260783
614 0.00602367 0.0108835 0.225477
615 0.00588819 0.0103707 0.237337
616 0.00569589 0.00981491 0.254465
617 0.00545191 0.00926187 0.277737
618 0.000571602 0.017074 0.285726
619 0.000536111 0.0165 0.299044
620 0.000536111 0.015881 0.312553
621 0.000536111 0.0152619 0.325469
622 0.00446422 0.00949881 0.329993
623 0.000536111 0.0146429 0.337804
624 0.00391622 0.00973533 0.349007
625 0.000536111 0.0140238 0.349597
626 0.00334649 0.00995597 0.365445
627 0.000536111 0.0134048 0.360888
628 0.00274753 0.0101376 0.37974
629 0.000536111 0.0127857 0.371717
630 0.00214714 0.010278 0.391128
631 0.000536111 0.0121667 0.382124
632 0.00151815 0.0104345 0.399332
633 0.000576432 0.0115171 0.392302
634 0.00092821 0.0104588 0.405672
635 0.000536111 0.0109286 0.401594
636 0.000418301 0.0104039 0.409942
637 0.00051353 0.0175841 0.273855
638 0.00489522 0.00923662 0.313335
639 0.00410011 0.015903 0.245751
640 0.00436572 0.0154873 0.244701
641 0.00466127 0.0150756 0.241258
642 0.00495897 0.0146607 0.236399
643 0.00363447 0.0161342 0.255478
644 0.00525603 0.0142864 0.229495
645 0.00335472 0.0165881 0.253585
646 0.00528826 0.0137967 0.234964
647 0.00295554 0.0167785 0.259287
648 0.00537645 0.0133057 0.237322
649 0.00248554 0.0170125 0.263982
650 0.00546385 0.0127786 0.239407
651 0.00193437 0.017269 0.267503
652 0.00551894 0.0122445 0.242424
653 0.00122806 0.0174263 0.272581
654 0.00557093 0.0117242 0.244839
655 0.00564045 0.0112397 0.245424
656 0.00538442 0.0107788 0.264529
657 0.00537463 0.0102383 0.270631
658 0.00503882 0.00979437 0.296472
659 0.00110447 0.0167444 0.289498
660 0.0010727 0.0161509 0.302975
661 0.00106556 0.0155714 0.315349
662 0.00106556 0.0149524 0.327915
663 0.00440578 0.0100765 0.32391
664 0.00106556 0.0143333 0.33991
665 0.00380383 0.0103214 0.344621
666 0.00106556 0.0137143 0.35138
667 0.00319896 0.0105521 0.361267
668 0.00106556 0.0130952 0.362368
669 0.00257012 0.0107417 0.375256
670 0.00106556 0.0124762 0.372924
671 0.00190713 0.0109044 0.386387
672 0.00111761 0.0118213 0.383115
673 0.00118616 0.0110981 0.393744
674 0.00375032 0.0155002 0.264412
675 0.00404221 0.0150122 0.264144
676 0.00438525 0.0145521 0.260119
677 0.00476051 0.0141412 0.252349
678 0.00303585 0.0161884 0.270031
679 0.00487361 0.0130242 0.263537
680 0.00208953 0.0166717 0.278629
681 0.00316853 0.0130215 0.324348
682 0.00161195 0.0168886 0.280614
683 0.00514064 0.0113335 0.271435
684 0.00486679 0.0104213 0.296762
685 0.00160115 0.0158298 0.304059
686 0.00159501 0.0152619 0.315828
687 0.00159501 0.0146429 0.327989
688 0.00427459 0.0106616 0.321174
689 0.00159501 0.0140238 0.339604
690 0.0036741 0.0109303 0.340401
691 0.00159501 0.0134048 0.350718
692 0.00304323 0.0111752 0.356548
693 0.00157874 0.0127987 0.361385
694 0.00239283 0.0113683 0.369862
695 0.00161878 0.0121784 0.371122
696 0.00172266 0.0115489 0.379575
697 0.00159192 0.0163894 0.292124
698 0.00335914 0.0149297 0.286444
699 0.00381711 0.0145108 0.280058
700 0.00410093 0.0139563 0.280073
701 0.00416598 0.0112375 0.317503
702 0.00215429 0.0155232 0.301973
703 0.00216227 0.0149344 0.313497
704 0.00214421 0.014325 0.32534
705 0.0021184 0.0137081 0.336962
706 0.0035858 0.0116001 0.33363
707 0.00212176 0.0130884 0.347634
708 0.00287333 0.011851 0.350921
709 0.00204861 0.0125351 0.358162
710 0.00224044 0.0120071 0.363094
711 0.00273167 0.0152419 0.296116
712 0.00425164 0.0132631 0.285206
713 0.00438183 0.0126619 0.288875
714 0.00416987 0.0117493 0.310016
715 0.00333817 0.0141624 0.300756
716 0.00274259 0.0146034 0.307967
717 0.00264576 0.0140051 0.320973
718 0.00260023 0.0133381 0.333543
719 0.00334292 0.0123163 0.330423
720 0.00264639 0.0126006 0.344773
721 0.00362713 0.0134931 0.303084
722 0.00392103 0.0121963 0.313077
723 0.00464004 0.0115594 0.292816
724 0.00306193 0.0136198 0.317328
725 0.00377819 0.0128307 0.308575
726 0.00262847 0.0158302 0.28659
727 0.00211004 0.0161068 0.290602
728 0.00454637 0.0121372 0.289341
729 0.00255604 0.0164262 0.275534
730 0.00506375 0.0119139 0.268637
