1 6.12323e-19 -0.01 8.58987
2 4.08216e-19 0.00533333 6.97139
3 6.12323e-19 0.01 7.30683
4 4.08216e-19 0.0186667 8.675
5 0.0058742 0.0151525 8.86399
6 0.00956943 -0.00290274 8.88163
7 0.00555552 0.00831481 8.41525
8 0 0.00500709 6.95807
9 0 0.00468085 6.94568
10 0 0.00435461 6.93487
11 0 0.00402837 6.92577
12 0 0.00370213 6.91831
13 0 0.00337589 6.91248
14 0 0.00304965 6.90834
15 0 0.0027234 6.90594
16 0 0.00239716 6.90534
17 0 0.00207092 6.90659
18 0 0.00174468 6.90975
19 0 0.00141844 6.91486
20 0 0.0010922 6.92196
21 0 0.000765957 6.9311
22 0 0.000439716 6.94233
23 0 0.000113475 6.95569
24 0 -0.000212766 6.97122
25 0 -0.000539007 6.98895
26 0 -0.000865248 7.00893
27 0 -0.00119149 7.03119
28 0 -0.00151773 7.05576
29 0 -0.00184397 7.08268
30 0 -0.00217021 7.11198
31 0 -0.00249645 7.14368
32 0 -0.0028227 7.17783
33 0 -0.00314894 7.21443
34 0 -0.00347518 7.25353
35 0 -0.00380142 7.29514
36 0 -0.00412766 7.33929
37 0 -0.0044539 7.38599
38 0 -0.00478014 7.43528
39 0 -0.00510638 7.48717
40 0 -0.00543262 7.54169
41 0 -0.00575887 7.59884
42 0 -0.00608511 7.65864
43 0 -0.00641135 7.72113
44 0 -0.00673759 7.7863
45 0 -0.00706383 7.85418
46 0 -0.00739007 7.92477
47 0 -0.00771631 7.99811
48 0 -0.00804255 8.07419
49 0 -0.00836879 8.15303
50 0 -0.00869504 8.23464
51 0 -0.00902128 8.31912
52 0 -0.00934752 8.40642
53 0 -0.00967376 8.49598
54 0.0096593 -0.00258804 8.88698
55 0.00973879 -0.00227067 8.89171
56 0.00980788 -0.00195076 8.89586
57 0.00986645 -0.00162885 8.89941
58 0.00991446 -0.00130515 8.90231
59 0.00995186 -0.000980014 8.90457
60 0.0099786 -0.000653939 8.90615
61 0.00999465 -0.000327049 8.90707
62 0.01 1.40584e-07 8.90735
63 0.00999464 0.000327294 8.90692
64 0.00997858 0.000654183 8.90582
65 0.00995184 0.000980265 8.90403
66 0.00991443 0.0013054 8.90159
67 0.0098664 0.00162914 8.8985
68 0.00980783 0.00195103 8.89472
69 0.00973873 0.00227094 8.89026
70 0.00965922 0.00258833 8.88518
71 0.00956936 0.00290298 8.87948
72 0.00946924 0.00321458 8.87316
73 0.00935901 0.00352262 8.8662
74 0.00923873 0.003827 8.85863
75 0.00910857 0.00412723 8.85047
76 0.00896867 0.00442301 8.84172
77 0.00881912 0.00471413 8.83237
78 0.00866019 0.00500011 8.8224
79 0.00849193 0.00528083 8.8118
80 0.00831457 0.00555589 8.80052
81 0.00812837 0.00582491 8.78851
82 0.0079334 0.00608779 8.77568
83 0.00772999 0.00634407 8.76189
84 0.00751828 0.00659359 8.74693
85 0.00729848 0.00683609 8.73042
86 0.00707095 0.00707118 8.71183
87 0.00683577 0.00729879 8.69033
88 0.0065933 0.00751854 8.66435
89 0.0063438 0.00773021 8.63
90 0.00608744 0.00793367 8.57557
91 0.00582464 0.00812856 8.46793
92 0.00536729 0.00804568 8.24545
93 0.00516618 0.00778633 8.10834
94 0.00495239 0.00753701 7.98457
95 0.00472675 0.00729869 7.8701
96 0.00448947 0.00707161 7.76327
97 0.0042413 0.00685648 7.66352
98 0.00398304 0.00665399 7.57056
99 0.00371491 0.00646431 7.48415
100 0.00343798 0.00628819 7.40439
101 0.0031525 0.0061258 7.33115
102 0.00285937 0.00597767 7.26456
103 0.00255953 0.00584425 7.20472
104 0.00225325 0.00572566 7.15159
105 0.00194175 0.00562238 7.10541
106 0.00162529 0.00553449 7.066
107 0.00130489 0.00546229 7.03358
108 0.000981571 0.00540599 7.00821
109 0.000655626 0.00536565 6.98967
110 0.000328333 0.00534142 6.97788
111 0.00032724 -0.00999464 8.59202
112 0.000654023 -0.00997859 8.59347
113 0.000980212 -0.00995184 8.59537
114 0.00130527 -0.00991445 8.59788
115 0.00162896 -0.00986643 8.601
116 0.00195095 -0.00980784 8.60476
117 0.00227075 -0.00973877 8.60915
118 0.00258822 -0.00965925 8.61413
119 0.00290288 -0.00956939 8.61967
120 0.00321439 -0.0094693 8.62581
121 0.00352254 -0.00935904 8.63248
122 0.00382682 -0.0092388 8.63966
123 0.0041271 -0.00910862 8.6473
124 0.00442296 -0.00896869 8.65538
125 0.00471399 -0.0088192 8.66386
126 0.00500007 -0.00866022 8.67274
127 0.00528071 -0.008492 8.68192
128 0.00555573 -0.00831468 8.69138
129 0.00582485 -0.00812842 8.7011
130 0.00608763 -0.00793352 8.71102
131 0.00634399 -0.00773006 8.72111
132 0.00659351 -0.00751835 8.7313
133 0.00683595 -0.00729862 8.74157
134 0.00707113 -0.00707101 8.75188
135 0.00729866 -0.00683591 8.76217
136 0.00751844 -0.00659341 8.7724
137 0.00773018 -0.00634384 8.78252
138 0.00793357 -0.00608757 8.7925
139 0.00812853 -0.00582469 8.80231
140 0.00831474 -0.00555564 8.81189
141 0.00849206 -0.00528062 8.82118
142 0.00866031 -0.00499989 8.83017
143 0.00881924 -0.00471392 8.83882
144 0.00896877 -0.00442279 8.8471
145 0.00910868 -0.00412698 8.85498
146 0.00923882 -0.00382677 8.86237
147 0.0093591 -0.00352239 8.86929
148 0.00946932 -0.00321434 8.87573
149 0 0.00966667 7.27467
150 0 0.00933333 7.24422
151 0 0.009 7.21492
152 0 0.00866667 7.18676
153 0 0.00833333 7.15973
154 0 0.008 7.13385
155 0 0.00766667 7.10915
156 0 0.00733333 7.08564
157 0 0.007 7.06336
158 0 0.00666667 7.04233
159 0 0.00633333 7.02257
160 0 0.006 7.00398
161 0 0.00566667 6.98607
162 0.00528048 0.00849215 8.25368
163 0.0049998 0.00866037 8.13238
164 0.00471378 0.00881931 8.02222
165 0.00442273 0.00896881 7.92332
166 0.00412694 0.0091087 7.83418
167 0.00382673 0.00923884 7.75359
168 0.00352242 0.00935909 7.6808
169 0.00321431 0.00946933 7.61525
170 0.00290274 0.00956943 7.55654
171 0.00258807 0.00965929 7.50452
172 0.00227064 0.0097388 7.45888
173 0.0019508 0.00980787 7.41951
174 0.00162888 0.00986644 7.38628
175 0.00130523 0.00991445 7.35906
176 0.000980167 0.00995185 7.33782
177 0.000654048 0.00997859 7.32227
178 0.000327211 0.00999465 7.3123
179 0.00571266 0.0154366 8.85404
180 0.00553745 0.0157123 8.84351
181 0.00534896 0.0159791 8.83251
182 0.00514763 0.0162363 8.82115
183 0.00493389 0.0164834 8.80954
184 0.00470826 0.0167198 8.79781
185 0.00447136 0.0169448 8.78608
186 0.00422378 0.0171579 8.77445
187 0.00396607 0.0173586 8.76305
188 0.00369879 0.0175465 8.75198
189 0.00342255 0.0177211 8.74135
190 0.00313809 0.0178819 8.73126
191 0.00284618 0.0180286 8.72182
192 0.00254747 0.0181607 8.71311
193 0.00224264 0.0182781 8.7052
194 0.00193235 0.0183805 8.69819
195 0.00161736 0.0184675 8.69212
196 0.00129855 0.018539 8.68704
197 0.000976685 0.0185947 8.68297
198 0.000652492 0.0186347 8.67993
199 0.000326689 0.0186587 8.67771
200 0.00572944 0.00859148 8.61446
201 0.00588953 0.00887625 8.71671
202 0.00603547 0.00916848 8.77399
203 0.00616693 0.00946752 8.81074
204 0.0062836 0.0097727 8.83766
205 0.00638519 0.0100833 8.85795
206 0.00647143 0.0103984 8.87357
207 0.00654212 0.0107174 8.88565
208 0.00659709 0.0110393 8.89497
209 0.00663623 0.0113637 8.90186
210 0.00665944 0.0116896 8.90666
211 0.00666665 0.0120163 8.9096
212 0.00665784 0.0123429 8.91085
213 0.00663305 0.0126686 8.91056
214 0.00659234 0.0129927 8.90881
215 0.00653578 0.0133145 8.90572
216 0.00646352 0.0136332 8.90138
217 0.00637574 0.0139479 8.89587
218 0.00627266 0.0142579 8.88927
219 0.00615454 0.0145624 8.88171
220 0.00602162 0.0148609 8.87325
221 0 0.0183457 8.59984
222 0 0.0180247 8.52835
223 0 0.0177037 8.4584
224 0 0.0173827 8.3905
225 0 0.0170617 8.32479
226 0 0.0167407 8.26115
227 0 0.0164198 8.19943
228 0 0.0160988 8.13961
229 0 0.0157778 8.08165
230 0 0.0154568 8.02552
231 0 0.0151358 7.97117
232 0 0.0148148 7.91856
233 0 0.0144938 7.86765
234 0 0.0141728 7.81838
235 0 0.0138519 7.77071
236 0 0.0135309 7.72458
237 0 0.0132099 7.67995
238 0 0.0128889 7.63678
239 0 0.0125679 7.59501
240 0 0.0122469 7.55461
241 0 0.0119259 7.51552
242 0 0.0116049 7.47769
243 0 0.011284 7.44109
244 0 0.010963 7.40569
245 0 0.010642 7.37161
246 0 0.010321 7.33883
247 0.00676175 0.00230008 7.98033
248 0.00565974 0.00713168 8.21538
249 0.00282926 0.00428585 7.16734
250 0.00487301 0.00538785 7.70911
251 0.00116669 0.00434326 6.97791
252 0.00204587 -0.0094703 8.51749
253 0.00173191 -0.00953945 8.51545
254 0.0014193 -0.00959226 8.51256
255 0.00236313 -0.00939297 8.52119
256 0.00108905 -0.00962322 8.50637
257 0.00268041 -0.0093155 8.52856
258 0.000757821 -0.00965197 8.50333
259 0.00297298 -0.00923044 8.53502
260 0.000409977 -0.00968097 8.5038
261 0.00326769 -0.00912832 8.54045
262 0.00356081 -0.00900969 8.54475
263 0.00386173 -0.00888292 8.55147
264 0.00416268 -0.00875603 8.56179
265 0.000283768 -0.00917622 8.36357
266 0.00443761 -0.00862454 8.57052
267 0.000298575 -0.00886727 8.28246
268 0.00470338 -0.00848168 8.5781
269 0.000282533 -0.00853191 8.19685
270 0.00498043 -0.00830866 8.5835
271 0.000282533 -0.00820567 8.11662
272 0.00525738 -0.00813567 8.59245
273 0.000282533 -0.00787943 8.03916
274 0.00553436 -0.00796259 8.60491
275 0.000282533 -0.00755319 7.96446
276 0.00578152 -0.00778792 8.61449
277 0.000282533 -0.00722695 7.89251
278 0.00602086 -0.00760077 8.62268
279 0.000282533 -0.00690071 7.82328
280 0.0062669 -0.00738595 8.62949
281 0.000282533 -0.00657447 7.75677
282 0.00651283 -0.00717114 8.6397
283 0.000282533 -0.00624823 7.69296
284 0.00675882 -0.00695624 8.65333
285 0.000282533 -0.00592199 7.63183
286 0.00697195 -0.0067461 8.66326
287 0.000282533 -0.00559574 7.57336
288 0.00717715 -0.00651733 8.67056
289 0.000282533 -0.0052695 7.51755
290 0.00738595 -0.00626618 8.67772
291 0.000282533 -0.00494326 7.46437
292 0.0075946 -0.00601501 8.68817
293 0.000282533 -0.00461702 7.4138
294 0.00779085 -0.00577038 8.69962
295 0.000282533 -0.00429078 7.36582
296 0.00797577 -0.00551682 8.70955
297 0.000282533 -0.00396454 7.32041
298 0.00814148 -0.00526036 8.7166
299 0.000282533 -0.0036383 7.27756
300 0.00830772 -0.00497923 8.7231
301 0.000282533 -0.00331206 7.23723
302 0.00847381 -0.00469808 8.73278
303 0.000282533 -0.00298582 7.1994
304 0.00862745 -0.00442555 8.74301
305 0.000282533 -0.00265957 7.16406
306 0.00876769 -0.00414474 8.75108
307 0.000282533 -0.00233333 7.13116
308 0.00888808 -0.00386264 8.7558
309 0.000282533 -0.00200709 7.10069
310 0.00900778 -0.0035583 8.76079
311 0.000282533 -0.00168085 7.07261
312 0.00912769 -0.00325452 8.76905
313 0.000282533 -0.00135461 7.0469
314 0.00923363 -0.00296191 8.77688
315 0.000282533 -0.00102837 7.02352
316 0.00932544 -0.00266188 8.78238
317 0.000282533 -0.000702128 7.00244
318 0.00939647 -0.00236143 8.78391
319 0.000282533 -0.000375887 6.98363
320 0.00946597 -0.0020402 8.78645
321 0.000282533 -4.96454e-05 6.96704
322 0.00953599 -0.00171862 8.79227
323 0.000282533 0.000276596 6.95264
324 0.00959304 -0.00141323 8.79751
325 0.000282533 0.000602837 6.9404
326 0.00963486 -0.00110332 8.80027
327 0.000282533 0.000929078 6.93026
328 0.00965641 -0.000791201 8.79894
329 0.000282533 0.00125532 6.92219
330 0.0096745 -0.000465152 8.79904
331 0.000282533 0.00158156 6.91614
332 0.00969246 -0.000139054 8.80215
333 0.000282533 0.0019078 6.91206
334 0.00969624 0.000165961 8.80339
335 0.000282533 0.00223404 6.90991
336 0.00968277 0.000479529 8.80155
337 0.000282533 0.00256028 6.90964
338 0.00965537 0.000792209 8.79778
339 0.000282533 0.00288652 6.9112
340 0.00962142 0.00111697 8.79498
341 0.000282533 0.00321277 6.91453
342 0.00958734 0.0014418 8.7952
343 0.000282533 0.00353901 6.91959
344 0.00954133 0.00174307 8.79328
345 0.000282533 0.00386525 6.92633
346 0.00948176 0.00203885 8.78917
347 0.000294759 0.00420047 6.93522
348 0.00939661 0.00235419 8.78046
349 0.000310714 0.00453487 6.94588
350 0.00931146 0.00266943 8.77479
351 0.000282533 0.00484397 6.95626
352 0.00922623 0.00298474 8.77218
353 0.000234356 0.00511739 6.96626
354 0.00913083 0.00327196 8.76667
355 0.00902121 0.00355532 8.7588
356 0.000512409 0.00509093 6.97234
357 0.00888706 0.00385312 8.74731
358 0.000838245 0.00510198 6.98658
359 0.00875288 0.00415081 8.73884
360 0.00118476 0.00516542 7.01065
361 0.00861864 0.00444859 8.73343
362 0.00151825 0.00523847 7.0413
363 0.0084794 0.00471355 8.72499
364 0.00184607 0.00532065 7.07873
365 0.00832006 0.00497631 8.71253
366 0.00218136 0.00541656 7.12483
367 0.00814033 0.00524902 8.69793
368 0.00250078 0.00553443 7.17728
369 0.00796054 0.0055216 8.68612
370 0.00281173 0.00566807 7.2365
371 0.00778342 0.00578041 8.67556
372 0.00312807 0.00580689 7.30454
373 0.00759442 0.00603097 8.66239
374 0.0034274 0.00596706 7.37838
375 0.00739713 0.00626399 8.6456
376 0.00371616 0.00615277 7.45957
377 0.00717636 0.00650467 8.62484
378 0.00399993 0.00633797 7.54772
379 0.00695553 0.00674523 8.60533
380 0.00427584 0.00653904 7.64377
381 0.00673569 0.00697501 8.58434
382 0.0045402 0.00676449 7.74805
383 0.0065044 0.00718849 8.5547
384 0.00479047 0.00698938 7.85772
385 0.0062462 0.00739487 8.50864
386 0.00502955 0.00722187 7.97507
387 0.00596682 0.00761127 8.44262
388 0.00525546 0.00747756 8.10259
389 0.00566915 0.00790159 8.36029
390 0.000239782 -0.00943365 8.43271
391 0.00541569 0.0077162 8.21113
392 0.00182661 -0.00922663 8.43642
393 0.00213757 -0.00915703 8.4398
394 0.00151572 -0.00928625 8.4339
395 0.00120329 -0.00932912 8.43028
396 0.00245472 -0.00907964 8.44524
397 0.000865501 -0.00935086 8.42351
398 0.00274314 -0.00899975 8.45091
399 0.000542252 -0.00938669 8.42484
400 0.00302847 -0.00891027 8.45692
401 0.0033125 -0.00880296 8.46132
402 0.00360155 -0.00868584 8.4671
403 0.00390238 -0.00855901 8.47544
404 0.0041713 -0.00843466 8.48329
405 0.000623162 -0.00906166 8.33925
406 0.00443556 -0.00829875 8.49064
407 0.000568082 -0.00870521 8.24564
408 0.00469216 -0.0081554 8.49795
409 0.000565013 -0.00836879 8.16135
410 0.00496917 -0.00798245 8.50491
411 0.000565013 -0.00804255 8.08249
412 0.00524607 -0.00780941 8.51539
413 0.000565013 -0.00771631 8.00643
414 0.00548826 -0.00764472 8.52452
415 0.000565013 -0.00739007 7.93314
416 0.00572647 -0.00746666 8.53281
417 0.000565013 -0.00706383 7.86258
418 0.00595796 -0.00728042 8.54086
419 0.000565013 -0.00673759 7.79474
420 0.00620393 -0.00706568 8.54913
421 0.000565013 -0.00641135 7.72961
422 0.00644985 -0.0068508 8.5608
423 0.000565013 -0.00608511 7.66717
424 0.00665921 -0.00664989 8.57
425 0.000565013 -0.00575887 7.6074
426 0.00686493 -0.00643768 8.57892
427 0.000565013 -0.00543262 7.5503
428 0.00706418 -0.00621105 8.58641
429 0.000565013 -0.00510638 7.49584
430 0.00727287 -0.00595999 8.59498
431 0.000565013 -0.00478014 7.444
432 0.0074706 -0.0057179 8.60547
433 0.000565013 -0.0044539 7.39477
434 0.00765298 -0.00547839 8.61528
435 0.000565013 -0.00412766 7.34813
436 0.00782096 -0.00523158 8.62285
437 0.000565013 -0.00380142 7.30405
438 0.00798129 -0.00497592 8.62973
439 0.000565013 -0.00347518 7.26251
440 0.00814742 -0.0046949 8.6376
441 0.000565013 -0.00314894 7.22348
442 0.0083029 -0.00442504 8.64701
443 0.000565013 -0.0028227 7.18696
444 0.00844234 -0.00416051 8.65524
445 0.000565013 -0.00249645 7.1529
446 0.00856753 -0.00388904 8.6611
447 0.000565013 -0.00217021 7.12128
448 0.00868466 -0.00360693 8.66604
449 0.000565013 -0.00184397 7.09207
450 0.00880482 -0.00330262 8.67256
451 0.000565013 -0.00151773 7.06525
452 0.00891239 -0.00301488 8.67974
453 0.000565013 -0.00119149 7.04078
454 0.00900508 -0.00273117 8.68532
455 0.000565013 -0.000865248 7.01863
456 0.00908458 -0.00244443 8.68908
457 0.000565013 -0.000539007 6.99877
458 0.0091539 -0.00214082 8.6911
459 0.000565013 -0.000212766 6.98116
460 0.00922351 -0.001819 8.69506
461 0.000565013 0.000113475 6.96576
462 0.00928334 -0.00151916 8.69993
463 0.000565013 0.000439716 6.95253
464 0.00933194 -0.00122338 8.70397
465 0.000565013 0.000765957 6.94144
466 0.00936129 -0.000921984 8.70412
467 0.000565013 0.0010922 6.93244
468 0.00938325 -0.000612517 8.70431
469 0.000565013 0.00141844 6.92549
470 0.00940124 -0.000286558 8.70579
471 0.000565013 0.00174468 6.92054
472 0.00940915 1.40827e-05 8.70699
473 0.000565013 0.00207092 6.91754
474 0.00940614 0.000312658 8.70714
475 0.000565013 0.00239716 6.91646
476 0.00938717 0.000613632 8.7046
477 0.000565013 0.0027234 6.91723
478 0.00935729 0.000925205 8.70132
479 0.000565013 0.00304965 6.9198
480 0.00932325 0.00124989 8.69992
481 0.000565013 0.00337589 6.92413
482 0.00928226 0.00154342 8.69791
483 0.000573498 0.00370582 6.93056
484 0.00922902 0.00183574 8.69434
485 0.000577984 0.00403346 6.93849
486 0.00916627 0.00212283 8.68988
487 0.000602666 0.00437646 6.94924
488 0.00908118 0.00243812 8.68256
489 0.000647235 0.00475992 6.96393
490 0.00899596 0.00275332 8.67825
491 0.00890867 0.00303289 8.67322
492 0.00880742 0.00331253 8.6662
493 0.0086964 0.00358811 8.65818
494 0.0085623 0.00388583 8.64788
495 0.00104258 0.00484934 6.98777
496 0.00842805 0.00418353 8.64052
497 0.00140493 0.00492274 7.01731
498 0.00829647 0.00444226 8.63194
499 0.00175495 0.00500174 7.05382
500 0.00815314 0.00470071 8.62203
501 0.00210113 0.00508868 7.09794
502 0.00799418 0.00495711 8.6094
503 0.0024418 0.00519968 7.15018
504 0.00781451 0.00522969 8.59528
505 0.00277121 0.00533469 7.20983
506 0.00764026 0.00548918 8.58329
507 0.00309682 0.00547722 7.27728
508 0.00746402 0.00573324 8.57036
509 0.00341901 0.0056211 7.3523
510 0.00727639 0.00596563 8.55373
511 0.00371825 0.0058101 7.43368
512 0.00707844 0.00619326 8.53446
513 0.00401377 0.00600487 7.52317
514 0.00685774 0.00643381 8.51138
515 0.00431367 0.00620288 7.62338
516 0.00664469 0.00665937 8.48771
517 0.00459357 0.00642343 7.72964
518 0.00642059 0.00687422 8.45656
519 0.00486128 0.0066595 7.84408
520 0.00617943 0.00707474 8.41183
521 0.00512619 0.0069022 7.96979
522 0.00592645 0.00727441 8.35358
523 0.00536449 0.00717334 8.10145
524 0.00561716 0.00747657 8.25815
525 0.00161504 -0.00897867 8.35785
526 0.00191216 -0.00892103 8.36158
527 0.00221697 -0.00884415 8.36419
528 0.00131118 -0.00903049 8.35546
529 0.000985503 -0.00908583 8.35654
530 0.00251676 -0.00876655 8.36962
531 0.00279465 -0.00868459 8.37512
532 0.00306831 -0.00858975 8.37989
533 0.00334135 -0.00848869 8.38595
534 0.00364218 -0.00836202 8.39233
535 0.0039126 -0.00824007 8.39924
536 0.00417476 -0.00811299 8.40675
537 0.000832634 -0.00883207 8.2853
538 0.00442724 -0.00797502 8.4131
539 0.000851104 -0.00853594 8.21048
540 0.00468098 -0.00782917 8.42067
541 0.00086939 -0.00822009 8.1333
542 0.00495784 -0.00765626 8.42917
543 0.000857593 -0.00788572 8.05351
544 0.00520334 -0.00749314 8.43756
545 0.000847492 -0.00755319 7.97708
546 0.00543659 -0.00732881 8.44624
547 0.000847492 -0.00722695 7.90519
548 0.00566679 -0.00714912 8.4538
549 0.000847492 -0.00690071 7.83603
550 0.00589507 -0.00696015 8.4619
551 0.000847492 -0.00657447 7.76959
552 0.00614091 -0.0067454 8.47161
553 0.000847492 -0.00624823 7.70585
554 0.00635343 -0.00654592 8.48017
555 0.000847492 -0.00592199 7.6448
556 0.00655748 -0.00634493 8.48922
557 0.000847492 -0.00559574 7.58643
558 0.00675464 -0.00613143 8.49703
559 0.000847492 -0.0052695 7.5307
560 0.0069512 -0.00590488 8.50514
561 0.000847492 -0.00494326 7.47762
562 0.00715974 -0.00565378 8.51508
563 0.000847492 -0.00461702 7.42715
564 0.00733436 -0.00542438 8.52296
565 0.000847492 -0.00429078 7.37928
566 0.00750243 -0.00519447 8.53162
567 0.000847492 -0.00396454 7.33399
568 0.00766341 -0.0049493 8.53868
569 0.000847492 -0.0036383 7.29126
570 0.00782109 -0.00469161 8.54577
571 0.000847492 -0.00331206 7.25106
572 0.00797498 -0.00442302 8.55317
573 0.000847492 -0.00298582 7.21338
574 0.00811852 -0.00415793 8.56095
575 0.000847492 -0.00265957 7.17818
576 0.00824553 -0.00390558 8.56809
577 0.000847492 -0.00233333 7.14544
578 0.00836627 -0.0036374 8.5741
579 0.000847492 -0.00200709 7.11514
580 0.00848155 -0.00335085 8.57928
581 0.000847492 -0.00168085 7.08723
582 0.0085928 -0.00306117 8.58578
583 0.000847492 -0.00135461 7.06171
584 0.00868698 -0.00278026 8.59062
585 0.000847492 -0.00102837 7.03852
586 0.00876603 -0.00251214 8.59428
587 0.000847492 -0.000702128 7.01765
588 0.00884146 -0.00222137 8.59763
589 0.000847492 -0.000375887 6.99904
590 0.00891108 -0.00191986 8.60117
591 0.000847492 -4.96454e-05 6.98268
592 0.00897381 -0.0016188 8.60535
593 0.000847492 0.000276596 6.96852
594 0.00902598 -0.00132588 8.60922
595 0.000847492 0.000602837 6.95652
596 0.00906157 -0.00104533 8.61072
597 0.000847492 0.000929078 6.94664
598 0.00908839 -0.000743018 8.61122
599 0.000847492 0.00125532 6.93883
600 0.00911008 -0.000433958 8.61261
601 0.000847492 0.00158156 6.93306
602 0.00912134 -0.000134281 8.61345
603 0.000847492 0.0019078 6.92927
604 0.00912315 0.000159133 8.61378
605 0.000847492 0.00223404 6.92742
606 0.00911065 0.000444462 8.61186
607 0.000847492 0.00256028 6.92746
608 0.00909311 0.000733437 8.61072
609 0.000847492 0.00288652 6.92933
610 0.00905922 0.00105808 8.60771
611 0.000847492 0.00321277 6.93299
612 0.00902094 0.00135244 8.60519
613 0.000857626 0.00354448 6.93899
614 0.00897528 0.00164037 8.60252
615 0.000871897 0.00387269 6.9469
616 0.00891717 0.00192189 8.59793
617 0.000880317 0.00418971 6.95593
618 0.00885084 0.00220682 8.59329
619 0.000928697 0.00453128 6.96938
620 0.00876574 0.00252196 8.58728
621 0.00868092 0.00280425 8.58175
622 0.00859137 0.00307515 8.5762
623 0.00848623 0.0033476 8.56823
624 0.00837166 0.0036209 8.5598
625 0.00823751 0.00391848 8.5505
626 0.00128242 0.00461247 6.99535
627 0.00810814 0.00417998 8.5412
628 0.00163829 0.00467072 7.02815
629 0.00797481 0.00443367 8.53197
630 0.00200155 0.00475753 7.07069
631 0.00782806 0.00468419 8.52038
632 0.0023711 0.00485014 7.12274
633 0.00766839 0.00493787 8.50743
634 0.00271651 0.00498358 7.18168
635 0.00748863 0.00521031 8.49333
636 0.00305108 0.00514096 7.2485
637 0.00731986 0.00544402 8.47865
638 0.00339257 0.00528057 7.32423
639 0.00714876 0.00567162 8.46372
640 0.00371939 0.00545552 7.40789
641 0.00695986 0.00589683 8.44405
642 0.00402359 0.00566728 7.49809
643 0.00675987 0.00612249 8.42156
644 0.00433993 0.00585638 7.59919
645 0.00654707 0.00635141 8.39525
646 0.00464731 0.00607087 7.71001
647 0.00634072 0.00657136 8.36784
648 0.00492506 0.00631271 7.82518
649 0.00611376 0.00676582 8.32479
650 0.0052011 0.0065634 7.95187
651 0.00586796 0.006934 8.26334
652 0.00549942 0.00681911 8.09995
653 0.00140146 -0.00872401 8.28057
654 0.00170613 -0.00867433 8.28501
655 0.00199642 -0.0086035 8.28642
656 0.00228747 -0.00852993 8.29036
657 0.00111436 -0.0087672 8.27854
658 0.00257126 -0.00845117 8.29552
659 0.00283681 -0.00836531 8.30014
660 0.00310766 -0.00826885 8.30552
661 0.00338339 -0.00816152 8.31179
662 0.00365745 -0.00804348 8.31835
663 0.00391539 -0.00791932 8.32433
664 0.0041619 -0.00779215 8.33073
665 0.0044143 -0.00765301 8.33801
666 0.00119336 -0.00843454 8.19797
667 0.00466972 -0.00750304 8.34625
668 0.00115534 -0.00805677 8.10486
669 0.00491983 -0.00733994 8.3537
670 0.00113965 -0.00771857 8.02537
671 0.00515727 -0.00717385 8.3612
672 0.00112997 -0.00739007 7.95124
673 0.00537594 -0.0070126 8.36889
674 0.00112997 -0.00706383 7.88078
675 0.00560384 -0.00683327 8.37726
676 0.00112997 -0.00673759 7.81303
677 0.00583209 -0.00663996 8.38577
678 0.00112997 -0.00641135 7.74801
679 0.00605066 -0.00644005 8.39387
680 0.00112997 -0.00608511 7.68568
681 0.0062539 -0.0062402 8.40142
682 0.00112997 -0.00575887 7.62604
683 0.00644476 -0.00604342 8.40929
684 0.00112997 -0.00543262 7.56906
685 0.00664189 -0.00582536 8.41743
686 0.00112997 -0.00510638 7.51474
687 0.00683809 -0.0055988 8.42669
688 0.00112997 -0.00478014 7.46305
689 0.00701706 -0.00536825 8.4339
690 0.00112997 -0.0044539 7.41398
691 0.0071859 -0.00513931 8.44142
692 0.00112997 -0.00412766 7.3675
693 0.00734264 -0.00491522 8.449
694 0.00112997 -0.00380142 7.3236
695 0.00750266 -0.00467136 8.45707
696 0.00112997 -0.00347518 7.28224
697 0.00765198 -0.0044139 8.46311
698 0.00112997 -0.00314894 7.24342
699 0.00779567 -0.00415343 8.46993
700 0.00112997 -0.0028227 7.20711
701 0.00792368 -0.00390157 8.47602
702 0.00112997 -0.00249645 7.17327
703 0.00804346 -0.0036533 8.48254
704 0.00112997 -0.00217021 7.14189
705 0.00816206 -0.00338012 8.48853
706 0.00112997 -0.00184397 7.11293
707 0.00826865 -0.00310717 8.49368
708 0.00112997 -0.00151773 7.08638
709 0.00836636 -0.00282964 8.49838
710 0.00112997 -0.00119149 7.06219
711 0.00844917 -0.00256314 8.50199
712 0.00112997 -0.000865248 7.04033
713 0.0085254 -0.00229387 8.50571
714 0.00112997 -0.000539007 7.02078
715 0.00859789 -0.00200434 8.50938
716 0.00112997 -0.000212766 7.00349
717 0.00866436 -0.00171422 8.51378
718 0.00112997 0.000113475 6.98843
719 0.00871619 -0.00142171 8.51612
720 0.00112997 0.000439716 6.97556
721 0.00875586 -0.00114939 8.51794
722 0.00112997 0.000765957 6.96484
723 0.00878902 -0.000866719 8.51963
724 0.00112997 0.0010922 6.95623
725 0.00881897 -0.000581158 8.52261
726 0.00112997 0.00141844 6.94968
727 0.00883267 -0.000276707 8.52267
728 0.00112997 0.00174468 6.94515
729 0.00883473 1.07613e-05 8.52173
730 0.00112997 0.00207092 6.94259
731 0.00882854 0.000287999 8.52051
732 0.00112997 0.00239716 6.94195
733 0.0088148 0.000574096 8.51922
734 0.00112997 0.0027234 6.94318
735 0.0087922 0.000868739 8.51768
736 0.00112997 0.00304965 6.94623
737 0.00875882 0.00116516 8.5153
738 0.00114144 0.00338327 6.95189
739 0.00871473 0.00144858 8.51157
740 0.00116101 0.00371773 6.95995
741 0.00866486 0.00172248 8.50791
742 0.0011979 0.00405311 6.97107
743 0.00860639 0.00200183 8.50407
744 0.00853549 0.00229072 8.49926
745 0.00845205 0.00257746 8.49293
746 0.00836201 0.00285286 8.48613
747 0.00827116 0.00310889 8.4797
748 0.00816571 0.00337903 8.4722
749 0.00804698 0.00365357 8.46341
750 0.00791898 0.00392091 8.4534
751 0.00150829 0.00430211 7.00266
752 0.00778642 0.00417407 8.44258
753 0.00189206 0.00441826 7.0446
754 0.007654 0.00441349 8.43209
755 0.00227486 0.00450416 7.09433
756 0.00750249 0.0046651 8.41929
757 0.00267799 0.00459247 7.15632
758 0.00734266 0.00491848 8.40615
759 0.00301195 0.0048047 7.22295
760 0.00717407 0.00515668 8.38987
761 0.00334271 0.0049407 7.29322
762 0.00700404 0.00538472 8.37295
763 0.00372456 0.00505339 7.38128
764 0.0068357 0.00559976 8.3554
765 0.00402727 0.00530563 7.47092
766 0.00664367 0.00582449 8.33247
767 0.00431998 0.00551017 7.56324
768 0.00644127 0.00604462 8.3051
769 0.00469216 0.00567509 7.68367
770 0.00623461 0.0062633 8.27462
771 0.0049934 0.00595118 7.80599
772 0.00606754 0.00649138 8.25701
773 0.00525419 0.00620319 7.92313
774 0.00581121 0.00661495 8.18522
775 0.00553002 0.00643898 8.05365
776 0.00149972 -0.00846425 8.22055
777 0.00175735 -0.00835577 8.20886
778 0.00204716 -0.00828315 8.21102
779 0.00234271 -0.00821757 8.21851
780 0.00261335 -0.00813337 8.22244
781 0.0028769 -0.00804369 8.22718
782 0.00313976 -0.00794992 8.23361
783 0.00340666 -0.00784438 8.24055
784 0.00366298 -0.00772268 8.2453
785 0.00390616 -0.00759758 8.25024
786 0.00414889 -0.00747154 8.25748
787 0.0043966 -0.0073346 8.26572
788 0.00145785 -0.00819203 8.15163
789 0.00464153 -0.00718405 8.27334
790 0.00144169 -0.00787387 8.07546
791 0.00487316 -0.00702124 8.27892
792 0.00141588 -0.00754471 7.99902
793 0.00509531 -0.00685655 8.28508
794 0.00141245 -0.00722695 7.92898
795 0.00531355 -0.00669141 8.29298
796 0.00141245 -0.00690071 7.85995
797 0.00553723 -0.00652663 8.30451
798 0.00141245 -0.00657447 7.79364
799 0.00575977 -0.00632889 8.31224
800 0.00141245 -0.00624823 7.73005
801 0.00595059 -0.00613408 8.3166
802 0.00141245 -0.00592199 7.66915
803 0.00614037 -0.00593925 8.32316
804 0.00141245 -0.00559574 7.61094
805 0.00633068 -0.00574384 8.33212
806 0.00141245 -0.0052695 7.55539
807 0.00652441 -0.00553175 8.34155
808 0.00141245 -0.00494326 7.50249
809 0.00670365 -0.00530848 8.34842
810 0.00141245 -0.00461702 7.45223
811 0.00687009 -0.00508188 8.35425
812 0.00141245 -0.00429078 7.40457
813 0.00702631 -0.00486017 8.36068
814 0.00141245 -0.00396454 7.35951
815 0.00718118 -0.00463721 8.36889
816 0.00141245 -0.0036383 7.31702
817 0.00733636 -0.00439276 8.37669
818 0.00141245 -0.00331206 7.27708
819 0.00747584 -0.00414571 8.38257
820 0.00141245 -0.00298582 7.23967
821 0.00760244 -0.00389648 8.38718
822 0.00141245 -0.00265957 7.20475
823 0.00772181 -0.00365104 8.39257
824 0.00141245 -0.00233333 7.17232
825 0.00783917 -0.00340355 8.39943
826 0.00141245 -0.00200709 7.14233
827 0.00795345 -0.0031438 8.40655
828 0.00141245 -0.00168085 7.11477
829 0.0080482 -0.00287417 8.40965
830 0.00141245 -0.00135461 7.0896
831 0.00813109 -0.00261042 8.41219
832 0.00141245 -0.00102837 7.0668
833 0.00820872 -0.00234588 8.41538
834 0.00141245 -0.000702128 7.04632
835 0.00828451 -0.002079 8.42012
836 0.00141245 -0.000375887 7.02814
837 0.00835455 -0.001798 8.42464
838 0.00141245 -4.96454e-05 7.01222
839 0.00840783 -0.0015142 8.42647
840 0.00141245 0.000276596 6.99852
841 0.00844854 -0.00124334 8.42741
842 0.00141245 0.000602837 6.987
843 0.00848553 -0.000973283 8.42941
844 0.00141245 0.000929078 6.97762
845 0.00851789 -0.000696565 8.43201
846 0.00141245 0.00125532 6.97034
847 0.00854243 -0.00041276 8.43435
848 0.00141245 0.00158156 6.96512
849 0.00854569 -0.000130996 8.43253
850 0.00141245 0.0019078 6.96189
851 0.00854116 0.000145336 8.43056
852 0.00141245 0.00223404 6.96063
853 0.00853196 0.000418917 8.42932
854 0.00141245 0.00256028 6.96127
855 0.00851898 0.000696838 8.42913
856 0.00141245 0.00288652 6.96376
857 0.00849549 0.00098296 8.42813
858 0.00141245 0.00321277 6.96805
859 0.00845343 0.00126357 8.42359
860 0.00143891 0.00355434 6.97651
861 0.00840368 0.00153283 8.41848
862 0.00147749 0.00390951 6.98828
863 0.0083539 0.00180138 8.41544
864 0.00829313 0.00207995 8.41172
865 0.00822213 0.00235648 8.40704
866 0.00813357 0.00262543 8.39874
867 0.00804036 0.00288562 8.39051
868 0.00794569 0.0031424 8.38359
869 0.00785294 0.0034043 8.37976
870 0.00772831 0.00367466 8.36935
871 0.00759718 0.00391348 8.35567
872 0.00180348 0.00406771 7.02326
873 0.00746591 0.00415222 8.34368
874 0.00216289 0.00416939 7.0673
875 0.00733422 0.00439091 8.33323
876 0.00252749 0.00422974 7.11864
877 0.00718745 0.00463778 8.32095
878 0.00304092 0.00447314 7.21161
879 0.00702585 0.00487413 8.30434
880 0.00327579 0.00463933 7.26352
881 0.00685753 0.00509921 8.28524
882 0.00358025 0.00467504 7.32675
883 0.00669088 0.00531318 8.26575
884 0.00412168 0.00496423 7.46894
885 0.0065168 0.00553169 8.24496
886 0.00431618 0.00519636 7.53654
887 0.00631762 0.00575613 8.21684
888 0.00459754 0.00529948 7.62169
889 0.00609992 0.00598176 8.18145
890 0.00507181 0.00560105 7.79152
891 0.00586175 0.00625096 8.1434
892 0.00538069 0.00583524 7.91845
893 0.00555535 0.00612542 8.01687
894 0.00390888 0.00470046 7.40041
895 0.00178298 -0.00802267 8.13026
896 0.00212365 -0.00798778 8.14628
897 0.00239623 -0.0079034 8.1488
898 0.00265462 -0.00781298 8.15143
899 0.00291103 -0.0077207 8.15609
900 0.00316391 -0.00763478 8.1644
901 0.00341376 -0.00752522 8.16958
902 0.00365375 -0.00740147 8.17293
903 0.00389371 -0.0072769 8.17866
904 0.00413306 -0.00715176 8.18672
905 0.00437309 -0.00702296 8.1966
906 0.00459357 -0.00686676 8.20021
907 0.00170118 -0.00768336 8.04661
908 0.00481386 -0.00670394 8.20495
909 0.00168981 -0.00736916 7.97576
910 0.00503201 -0.00653706 8.21104
911 0.00168925 -0.00705574 7.90827
912 0.00524703 -0.00636446 8.21801
913 0.00169493 -0.00673759 7.84275
914 0.00549192 -0.00625101 8.24428
915 0.00169493 -0.00641135 7.77789
916 0.00564636 -0.00602794 8.23478
917 0.00169493 -0.00608511 7.71575
918 0.00583707 -0.00583397 8.24023
919 0.00169493 -0.00575887 7.65631
920 0.00602523 -0.00563996 8.24755
921 0.00169493 -0.00543262 7.59955
922 0.00621576 -0.00544751 8.258
923 0.00169493 -0.00510638 7.54545
924 0.00639917 -0.0052456 8.2677
925 0.00169493 -0.00478014 7.49401
926 0.00655475 -0.00502461 8.2704
927 0.00169493 -0.0044539 7.44519
928 0.00671008 -0.00480291 8.27524
929 0.00169493 -0.00412766 7.39898
930 0.00686404 -0.00458325 8.28232
931 0.00169493 -0.00380142 7.35537
932 0.0070165 -0.00436423 8.29136
933 0.00169493 -0.00347518 7.31432
934 0.00716387 -0.00413368 8.29989
935 0.00169493 -0.00314894 7.27582
936 0.0072812 -0.00389057 8.30142
937 0.00169493 -0.0028227 7.23985
938 0.0073997 -0.00364819 8.30557
939 0.00169493 -0.00249645 7.20638
940 0.00751763 -0.00340566 8.31177
941 0.00169493 -0.00217021 7.17539
942 0.0076344 -0.00316368 8.31991
943 0.00169493 -0.00184397 7.14684
944 0.00773701 -0.00290844 8.32515
945 0.00169493 -0.00151773 7.12072
946 0.00781561 -0.00265207 8.32581
947 0.00169493 -0.00119149 7.09698
948 0.00789142 -0.00239385 8.3277
949 0.00169493 -0.000865248 7.07561
950 0.00796584 -0.00213248 8.33112
951 0.00169493 -0.000539007 7.05657
952 0.00804459 -0.00187297 8.33808
953 0.00169493 -0.000212766 7.03981
954 0.00810459 -0.00159626 8.34091
955 0.00169493 0.000113475 7.02532
956 0.00814308 -0.00133195 8.34026
957 0.00169493 0.000439716 7.01304
958 0.0081788 -0.0010667 8.34084
959 0.00169493 0.000765957 7.00293
960 0.00821171 -0.00080089 8.34267
961 0.00169493 0.0010922 6.99497
962 0.00824725 -0.000536745 8.34738
963 0.00169493 0.00141844 6.98909
964 0.00825891 -0.000260772 8.34691
965 0.00169493 0.00174468 6.98525
966 0.00825347 5.14538e-06 8.3435
967 0.00169493 0.00207092 6.98342
968 0.00824512 0.000273857 8.34126
969 0.00169493 0.00239716 6.98352
970 0.00823305 0.000544561 8.33999
971 0.00169493 0.0027234 6.98552
972 0.00822462 0.000811189 8.34184
973 0.00169493 0.00304965 6.98936
974 0.00819214 0.0010824 8.33863
975 0.00171252 0.00337755 6.99663
976 0.00814165 0.00134788 8.33189
977 0.00174735 0.00371855 7.00771
978 0.00809261 0.00161372 8.32763
979 0.00804355 0.00187913 8.3254
980 0.00798995 0.0021463 8.32398
981 0.0079048 0.00240353 8.31451
982 0.00781258 0.00266055 8.3049
983 0.00771625 0.00291774 8.29604
984 0.00761351 0.00317367 8.28715
985 0.00757603 0.00344095 8.30066
986 0.00740739 0.00365348 8.27163
987 0.00727716 0.00389229 8.25819
988 0.00207859 0.00384109 7.04655
989 0.00714621 0.00412917 8.24591
990 0.00243318 0.00391992 7.09394
991 0.00701724 0.00436686 8.23576
992 0.00687726 0.00460098 8.22329
993 0.00339131 0.00431487 7.2688
994 0.00671083 0.00481435 8.20118
995 0.0065439 0.00502777 8.17946
996 0.00637652 0.0052421 8.15798
997 0.00452588 0.00491857 7.56904
998 0.00620665 0.00546222 8.1364
999 0.00599917 0.00568343 8.10205
1000 0.00575616 0.00588876 8.05148
1001 0.00541036 0.00545484 7.88119
1002 0.00283444 0.00394839 7.15422
1003 0.00374958 0.0043582 7.34446
1004 0.00427894 0.00463546 7.48424
1005 0.0051392 0.00526213 7.77538
1006 0.00195373 -0.00777476 8.08444
1007 0.00219232 -0.00768075 8.08081
1008 0.00244021 -0.00758725 8.08051
1009 0.00269267 -0.00748846 8.08197
1010 0.00294236 -0.00739107 8.08605
1011 0.00319788 -0.00736058 8.1079
1012 0.00340041 -0.00720477 8.09844
1013 0.00364045 -0.00708093 8.10286
1014 0.00387861 -0.00695658 8.10948
1015 0.00413254 -0.0068821 8.13113
1016 0.00431762 -0.00670752 8.12426
1017 0.00453371 -0.00655645 8.12918
1018 0.00475148 -0.00638335 8.13255
1019 0.00196343 -0.00720834 7.95917
1020 0.00499072 -0.00620251 8.14094
1021 0.00196933 -0.00689718 7.894
1022 0.00528156 -0.00601111 8.16013
1023 0.00197741 -0.00657447 7.8292
1024 0.00197741 -0.00624823 7.76582
1025 0.00551144 -0.00575033 8.1597
1026 0.00197741 -0.00592199 7.70515
1027 0.00571737 -0.00553556 8.16556
1028 0.00197741 -0.00559574 7.64719
1029 0.00591257 -0.00533982 8.17501
1030 0.00197741 -0.0052695 7.5919
1031 0.00612023 -0.00519358 8.19733
1032 0.00197741 -0.00494326 7.53928
1033 0.00623909 -0.00496897 8.18991
1034 0.00197741 -0.00461702 7.48931
1035 0.00639479 -0.00474619 8.19327
1036 0.00197741 -0.00429078 7.44197
1037 0.00654927 -0.00452327 8.19866
1038 0.00197741 -0.00396454 7.39724
1039 0.00670074 -0.00430941 8.20679
1040 0.00197741 -0.0036383 7.3551
1041 0.00688517 -0.00412924 8.22942
1042 0.00197741 -0.00331206 7.31553
1043 0.00695694 -0.00388768 8.21845
1044 0.00197741 -0.00298582 7.27852
1045 0.00707657 -0.00364405 8.22136
1046 0.00197741 -0.00265957 7.24402
1047 0.00719706 -0.00340056 8.22676
1048 0.00197741 -0.00233333 7.21204
1049 0.0073138 -0.00315834 8.23356
1050 0.00197741 -0.00200709 7.18252
1051 0.00746349 -0.0029489 8.25435
1052 0.00197741 -0.00168085 7.15546
1053 0.00749805 -0.00269484 8.24205
1054 0.00197741 -0.00135461 7.13082
1055 0.00757633 -0.00243958 8.24355
1056 0.00197741 -0.00102837 7.10858
1057 0.00764901 -0.00217783 8.2452
1058 0.00197741 -0.000702128 7.08869
1059 0.00771518 -0.00191519 8.24719
1060 0.00197741 -0.000375887 7.07113
1061 0.00784411 -0.00168615 8.27088
1062 0.00197741 -4.96454e-05 7.05587
1063 0.00783588 -0.00142148 8.25568
1064 0.00197741 0.000276596 7.04286
1065 0.00787374 -0.00115845 8.25572
1066 0.00197741 0.000602837 7.03206
1067 0.00790409 -0.000890952 8.25554
1068 0.00197741 0.000929078 7.02344
1069 0.00792847 -0.000625388 8.2558
1070 0.00197741 0.00125532 7.01695
1071 0.00801648 -0.000384016 8.27707
1072 0.00197741 0.00158156 7.01255
1073 0.00796567 -0.00013172 8.25935
1074 0.00197741 0.0019078 7.01019
1075 0.00795798 0.000130811 8.25607
1076 0.00197741 0.00223404 7.00981
1077 0.00794693 0.000402792 8.25386
1078 0.00197741 0.00256028 7.01137
1079 0.00792693 0.000670229 8.25109
1080 0.00198345 0.00287639 7.01532
1081 0.00797238 0.000922922 8.26933
1082 0.00199081 0.00319284 7.02115
1083 0.00788161 0.00116264 8.24876
1084 0.00201752 0.00351294 7.03087
1085 0.00782711 0.00142958 8.24159
1086 0.00778292 0.0016923 8.23934
1087 0.00778535 0.00195691 8.25292
1088 0.00767201 0.00218469 8.23216
1089 0.00759027 0.0024345 8.22372
1090 0.00748761 0.00269297 8.21157
1091 0.00738406 0.00297495 8.20299
1092 0.00728539 0.00330928 8.20268
1093 0.00710363 0.0036047 8.17752
1094 0.00695805 0.0038636 8.16134
1095 0.00682617 0.00410798 8.14918
1096 0.00674651 0.00434915 8.15337
1097 0.00656607 0.00452809 8.12127
1098 0.00639842 0.00474078 8.09743
1099 0.00623095 0.00495508 8.07407
1100 0.00606476 0.00516663 8.05063
1101 0.00592692 0.00540923 8.03988
1102 0.00408342 0.00434762 7.41837
1103 0.0023283 0.00361942 7.07088
1104 0.00266432 0.00366231 7.11848
1105 0.00359666 0.0040026 7.29414
1106 0.00463011 0.00455261 7.56749
1107 0.00568379 0.00557577 7.98417
1108 0.00569204 0.00518481 7.93686
1109 0.00247759 -0.00726718 8.01348
1110 0.00275316 -0.00715945 8.01659
1111 0.00307994 -0.00706954 8.03213
1112 0.00338704 -0.00688431 8.02996
1113 0.00366111 -0.00673632 8.03512
1114 0.00398303 -0.00658546 8.04989
1115 0.00444542 -0.00624438 8.05575
1116 0.00469217 -0.00606406 8.06368
1117 0.00223496 -0.0070665 7.94984
1118 0.00494375 -0.00587079 8.07331
1119 0.00225303 -0.0067444 7.88477
1120 0.00518624 -0.00565729 8.08124
1121 0.00225989 -0.00641135 7.81934
1122 0.00225989 -0.00608511 7.75744
1123 0.00540604 -0.00543415 8.08666
1124 0.00225989 -0.00575887 7.69827
1125 0.00562777 -0.00521318 8.09596
1126 0.00225989 -0.00543262 7.6418
1127 0.00587851 -0.0049811 8.11285
1128 0.00225989 -0.00510638 7.58802
1129 0.00225989 -0.00478014 7.5369
1130 0.0060636 -0.00470759 8.11354
1131 0.00225989 -0.0044539 7.48843
1132 0.00623478 -0.00446849 8.11895
1133 0.00225989 -0.00412766 7.4426
1134 0.00640412 -0.00422634 8.12623
1135 0.00225989 -0.00380142 7.39937
1136 0.00661197 -0.00396265 8.14277
1137 0.00225989 -0.00347518 7.35875
1138 0.00225989 -0.00314894 7.32069
1139 0.00674525 -0.00365912 8.14048
1140 0.00225989 -0.0028227 7.28519
1141 0.00687597 -0.00339328 8.14458
1142 0.00225989 -0.00249645 7.25222
1143 0.00700438 -0.00312653 8.15064
1144 0.00225989 -0.00217021 7.22175
1145 0.00716123 -0.00282939 8.16402
1146 0.00225989 -0.00184397 7.19377
1147 0.00225989 -0.00151773 7.16824
1148 0.007249 -0.00250833 8.16104
1149 0.00225989 -0.00119149 7.14514
1150 0.00733508 -0.00222878 8.16358
1151 0.00225989 -0.000865248 7.12443
1152 0.00741579 -0.00193975 8.1666
1153 0.00225989 -0.000539007 7.10609
1154 0.00753411 -0.0016176 8.18075
1155 0.00225989 -0.000212766 7.09007
1156 0.00225989 0.000113475 7.07636
1157 0.00756239 -0.00128053 8.17312
1158 0.00225989 0.000439716 7.0649
1159 0.00760131 -0.0009881 8.17306
1160 0.00225989 0.000765957 7.05566
1161 0.00763843 -0.000696681 8.17501
1162 0.00225989 0.0010922 7.0486
1163 0.00770277 -0.000365306 8.18641
1164 0.00225989 0.00141844 7.04367
1165 0.00225989 0.00174468 7.04083
1166 0.00767461 -3.48158e-05 8.17508
1167 0.00225989 0.00207092 7.04001
1168 0.00766661 0.000258819 8.17233
1169 0.00225989 0.00239716 7.04118
1170 0.00765429 0.000553463 8.17078
1171 0.00226873 0.00271429 7.04521
1172 0.00766443 0.000892898 8.17891
1173 0.00227814 0.00301659 7.0509
1174 0.00228374 0.00330461 7.0574
1175 0.00757308 0.00122698 8.16126
1176 0.00751111 0.00154455 8.15444
1177 0.00745809 0.00189994 8.15475
1178 0.00726615 0.00243805 8.13017
1179 0.0071651 0.00272908 8.12099
1180 0.00705342 0.00302713 8.11161
1181 0.00691909 0.0033215 8.09781
1182 0.00677478 0.00359646 8.08144
1183 0.00662356 0.0038712 8.06479
1184 0.00647301 0.00417952 8.05349
1185 0.00626475 0.00443786 8.02117
1186 0.00609195 0.00467475 7.99727
1187 0.00589862 0.00490951 7.96688
1188 0.00324348 0.00394679 7.22395
1189 0.00490277 0.00474579 7.65709
1190 0.00304811 0.00365203 7.17846
1191 0.00394116 0.00405201 7.36907
1192 0.00442312 0.00430117 7.49664
1193 0.00221815 -0.00737561 8.01489
1194 0.00425953 -0.00644144 8.06365
1195 0.00740199 0.0022045 8.15505
1196 0.00253681 0.0034176 7.09347
1197 0.00555315 0.00481724 7.85202
1198 0.00251478 -0.00693792 7.94726
1199 0.00280076 -0.00682251 7.95131
1200 0.00309435 -0.00669293 7.95677
1201 0.00339113 -0.00653326 7.96038
1202 0.00370363 -0.00636942 7.96925
1203 0.00439052 -0.00594318 7.99232
1204 0.00462403 -0.00574466 7.99602
1205 0.00486416 -0.00554314 8.00351
1206 0.00253531 -0.00660136 7.88093
1207 0.0050891 -0.0053326 8.01003
1208 0.0025418 -0.0062666 7.81659
1209 0.00254367 -0.00593399 7.7551
1210 0.00530884 -0.00511485 8.01759
1211 0.00254237 -0.00559574 7.69514
1212 0.00552756 -0.00489548 8.02781
1213 0.00254237 -0.0052695 7.64019
1214 0.00572896 -0.00466005 8.03533
1215 0.00254237 -0.00494326 7.58793
1216 0.00254237 -0.00461702 7.53834
1217 0.00590715 -0.00441922 8.04027
1218 0.00254237 -0.00429078 7.4914
1219 0.00607947 -0.00417658 8.04651
1220 0.00254237 -0.00396454 7.44709
1221 0.00625172 -0.00392935 8.05495
1222 0.00254237 -0.0036383 7.40541
1223 0.00641278 -0.00366076 8.06129
1224 0.00254237 -0.00331206 7.36633
1225 0.00254237 -0.00298582 7.32982
1226 0.00654597 -0.00339707 8.06456
1227 0.00254237 -0.00265957 7.29588
1228 0.00667576 -0.00313083 8.06941
1229 0.00254237 -0.00233333 7.26447
1230 0.00680555 -0.00285587 8.07615
1231 0.00254237 -0.00200709 7.23557
1232 0.00691886 -0.00256587 8.08038
1233 0.00254237 -0.00168085 7.20916
1234 0.00254237 -0.00135461 7.18521
1235 0.0070088 -0.00228375 8.08212
1236 0.00254237 -0.00102837 7.16369
1237 0.0070938 -0.00199849 8.08496
1238 0.00254237 -0.000702128 7.14458
1239 0.00718079 -0.00170164 8.09029
1240 0.00254237 -0.000375887 7.12784
1241 0.00724711 -0.00139548 8.09256
1242 0.00254237 -4.96454e-05 7.11344
1243 0.00254237 0.000276596 7.10134
1244 0.00729008 -0.0010994 8.09182
1245 0.00254237 0.000602837 7.09151
1246 0.00732888 -0.000805095 8.09257
1247 0.00254237 0.000929078 7.0839
1248 0.00736591 -0.000506552 8.09528
1249 0.00254237 0.00125532 7.07848
1250 0.00738351 -0.000193791 8.09513
1251 0.00254237 0.00158156 7.07519
1252 0.00254237 0.0019078 7.07399
1253 0.00737604 0.000102922 8.09091
1254 0.00254237 0.00223404 7.07483
1255 0.00736634 0.000398557 8.08852
1256 0.00255128 0.00255098 7.07869
1257 0.00735575 0.000696927 8.08835
1258 0.00257751 0.00286328 7.08665
1259 0.00731643 0.00101475 8.08314
1260 0.00725328 0.00133813 8.07424
1261 0.00717992 0.00169246 8.06657
1262 0.00696228 0.00247428 8.04635
1263 0.00684003 0.00276013 8.03102
1264 0.00671694 0.00304539 8.01748
1265 0.00658209 0.00332173 8.00183
1266 0.00643711 0.00359745 7.98493
1267 0.00628443 0.00387504 7.9675
1268 0.00611534 0.00413931 7.94524
1269 0.00594091 0.0043831 7.91999
1270 0.00580642 0.00463126 7.90725
1271 0.0030859 0.00417963 7.20621
1272 0.00486341 0.00507957 7.67636
1273 0.00520065 0.00492391 7.75896
1274 0.00283038 0.00336976 7.13478
1275 0.00382674 0.00372346 7.328
1276 0.0034493 0.00363164 7.24892
1277 0.0049758 0.00441883 7.64899
1278 0.00474488 0.00420638 7.5712
1279 0.00406067 -0.00616074 7.98058
1280 0.00257857 0.00314095 7.09237
1281 0.00707382 0.00209369 8.0555
1282 0.00427002 0.00401605 7.44167
1283 0.00557461 0.00442267 7.81763
1284 0.00281855 -0.00647066 7.88313
1285 0.00310173 -0.00633777 7.88833
1286 0.00339607 -0.0061857 7.89481
1287 0.00433773 -0.00561096 7.92644
1288 0.00455495 -0.00542117 7.93029
1289 0.00477806 -0.00521981 7.93616
1290 0.00499478 -0.00501296 7.94303
1291 0.00282559 -0.00611979 7.81722
1292 0.00282795 -0.00577964 7.75588
1293 0.00520013 -0.00480219 7.95013
1294 0.00282702 -0.00544435 7.69797
1295 0.00540208 -0.00458629 7.9587
1296 0.00282485 -0.00510638 7.64236
1297 0.00558371 -0.00435949 7.96453
1298 0.00282485 -0.00478014 7.59164
1299 0.00282485 -0.0044539 7.5436
1300 0.00575432 -0.00412818 7.97019
1301 0.00282485 -0.00412766 7.49822
1302 0.00592029 -0.00389092 7.97676
1303 0.00282485 -0.00380142 7.45548
1304 0.00607731 -0.00364412 7.98293
1305 0.00282485 -0.00347518 7.41537
1306 0.00622086 -0.00338639 7.98758
1307 0.00282485 -0.00314894 7.37786
1308 0.00282485 -0.0028227 7.34294
1309 0.00634815 -0.00313665 7.9919
1310 0.00282485 -0.00249645 7.31059
1311 0.00647135 -0.00287835 7.9969
1312 0.00282485 -0.00217021 7.28079
1313 0.00658595 -0.00260569 8.00117
1314 0.00282485 -0.00184397 7.2535
1315 0.00668567 -0.00232838 8.00408
1316 0.00282485 -0.00151773 7.22871
1317 0.00282485 -0.00119149 7.2064
1318 0.00677152 -0.00205655 8.00648
1319 0.00282485 -0.000865248 7.18653
1320 0.00685106 -0.00177561 8.00918
1321 0.00282485 -0.000539007 7.16907
1322 0.00691951 -0.00149148 8.0114
1323 0.00282485 -0.000212766 7.154
1324 0.00697898 -0.00119964 8.01351
1325 0.00282485 0.000113475 7.14127
1326 0.00282485 0.000439716 7.13086
1327 0.00702047 -0.000913614 8.01368
1328 0.00282485 0.000765957 7.12273
1329 0.00705469 -0.000629868 8.01441
1330 0.00282485 0.0010922 7.11684
1331 0.00707757 -0.000342117 8.01441
1332 0.00282485 0.00141844 7.11314
1333 0.0070851 -4.86685e-05 8.01265
1334 0.00282485 0.00174468 7.11159
1335 0.00282485 0.00207092 7.11214
1336 0.00707849 0.000240029 8.0095
1337 0.00282741 0.0023867 7.11501
1338 0.00706552 0.000529151 8.00694
1339 0.00284175 0.00270255 7.12148
1340 0.00703867 0.000827426 8.00309
1341 0.00699439 0.00113293 7.99712
1342 0.00693121 0.00144715 7.98881
1343 0.0066285 0.00252224 7.95657
1344 0.00650946 0.00278305 7.9406
1345 0.00638455 0.00305657 7.92554
1346 0.00625017 0.00332621 7.90915
1347 0.00610444 0.00359263 7.89071
1348 0.00594286 0.0038557 7.86863
1349 0.00576956 0.00412044 7.84417
1350 0.00526436 0.00462057 7.74767
1351 0.00317181 0.00334172 7.18907
1352 0.00412618 0.00377358 7.39526
1353 0.00455014 0.00400441 7.50828
1354 0.00369018 -0.00602156 7.90294
1355 0.00684757 0.00177344 7.97809
1356 0.00291989 0.00304108 7.13979
1357 0.00376215 0.00340835 7.3011
1358 0.00507515 0.00406577 7.64724
1359 0.00543644 0.00408512 7.74738
1360 0.00310955 -0.00598264 7.82322
1361 0.00424401 -0.00530886 7.86182
1362 0.00447092 -0.00510488 7.86601
1363 0.00468154 -0.00490161 7.87061
1364 0.00488395 -0.00469897 7.87668
1365 0.00311034 -0.0056278 7.76059
1366 0.00508 -0.00449689 7.88433
1367 0.00311017 -0.00528664 7.7033
1368 0.00526635 -0.00428576 7.89156
1369 0.00310733 -0.00494326 7.64832
1370 0.00543593 -0.00406811 7.89718
1371 0.00310733 -0.00461702 7.59916
1372 0.00310733 -0.00429078 7.5527
1373 0.00559748 -0.00384697 7.90317
1374 0.00310733 -0.00396454 7.50891
1375 0.00575383 -0.00361493 7.90925
1376 0.00310733 -0.0036383 7.46776
1377 0.00589535 -0.00337237 7.91348
1378 0.00310733 -0.00331206 7.42926
1379 0.00602428 -0.0031318 7.91756
1380 0.00310733 -0.00298582 7.39336
1381 0.00310733 -0.00265957 7.36007
1382 0.00614552 -0.00289186 7.92226
1383 0.00310733 -0.00233333 7.32936
1384 0.00626136 -0.00263129 7.92621
1385 0.00310733 -0.00200709 7.3012
1386 0.00636425 -0.00236607 7.92924
1387 0.00310733 -0.00168085 7.27557
1388 0.00645314 -0.002103 7.93149
1389 0.00310733 -0.00135461 7.25246
1390 0.00310733 -0.00102837 7.23183
1391 0.00653163 -0.00183768 7.93337
1392 0.00310733 -0.000702128 7.21366
1393 0.00660092 -0.00156886 7.93509
1394 0.00310733 -0.000375887 7.19792
1395 0.00666454 -0.00129261 7.93733
1396 0.00310733 -4.96454e-05 7.18458
1397 0.00671323 -0.00101379 7.93807
1398 0.00310733 0.000276596 7.1736
1399 0.00310733 0.000602837 7.16496
1400 0.00674734 -0.000739354 7.93755
1401 0.00310733 0.000929078 7.15861
1402 0.0067797 -0.000466461 7.9388
1403 0.00310733 0.00125532 7.15451
1404 0.00680061 -0.000181996 7.93912
1405 0.00310733 0.00158156 7.15262
1406 0.00679151 9.52062e-05 7.93391
1407 0.00310733 0.0019078 7.1529
1408 0.00310815 0.00222624 7.15534
1409 0.00677941 0.000367621 7.93003
1410 0.00310481 0.00253276 7.15892
1411 0.00675924 0.000650044 7.92616
1412 0.00672855 0.000937428 7.92176
1413 0.00668234 0.00124178 7.9159
1414 0.00631696 0.00251547 7.87133
1415 0.00618726 0.00279111 7.85324
1416 0.00605738 0.00306078 7.83625
1417 0.0059242 0.00332066 7.81901
1418 0.00577866 0.00357747 7.79924
1419 0.00561733 0.00383281 7.77586
1420 0.00410456 0.00349092 7.37615
1421 0.00348026 0.00330049 7.24276
1422 0.00526349 0.00432014 7.71993
1423 0.00478772 0.00386589 7.55799
1424 0.00391366 -0.00582825 7.89984
1425 0.00672706 0.00203876 7.95723
1426 0.00446213 0.00366213 7.4658
1427 0.003396 -0.00582926 7.83018
1428 0.00400769 -0.00551851 7.86022
1429 0.00310716 0.00280294 7.16446
1430 0.0066076 0.00154885 7.90499
1431 0.00645671 0.00221585 7.89256
1432 0.00530099 0.00379875 7.6872
1433 0.00418209 -0.00498127 7.8008
1434 0.00437836 -0.00478937 7.80316
1435 0.00456976 -0.00458323 7.80521
1436 0.00476315 -0.00439555 7.81278
1437 0.00339364 -0.00547486 7.76887
1438 0.00495887 -0.00420436 7.82274
1439 0.003395 -0.00513276 7.71318
1440 0.00512228 -0.00399646 7.82693
1441 0.00340514 -0.0047916 7.66174
1442 0.00527926 -0.00378687 7.83193
1443 0.00341 -0.00446053 7.61405
1444 0.00340163 -0.00413042 7.56755
1445 0.00543751 -0.00357988 7.83972
1446 0.0033992 -0.00380518 7.52517
1447 0.005584 -0.00335159 7.84499
1448 0.00338981 -0.00347518 7.48395
1449 0.00570457 -0.00311572 7.84629
1450 0.00338981 -0.00314894 7.44708
1451 0.00582405 -0.00288186 7.84974
1452 0.00338981 -0.0028227 7.41284
1453 0.00338981 -0.00249645 7.38121
1454 0.00593989 -0.00265024 7.85473
1455 0.00338981 -0.00217021 7.35218
1456 0.00605525 -0.00239974 7.86022
1457 0.00338981 -0.00184397 7.32571
1458 0.00613613 -0.00214349 7.85963
1459 0.00338981 -0.00151773 7.30179
1460 0.00621329 -0.00188858 7.86043
1461 0.00338981 -0.00119149 7.2804
1462 0.00338981 -0.000865248 7.26152
1463 0.00628644 -0.00163357 7.8624
1464 0.00338981 -0.000539007 7.24511
1465 0.00635448 -0.00137764 7.8652
1466 0.00338981 -0.000212766 7.23115
1467 0.00641303 -0.00110048 7.8669
1468 0.00338981 0.000113475 7.21961
1469 0.0064431 -0.000836693 7.86431
1470 0.00338981 0.000439716 7.21046
1471 0.00338981 0.000765957 7.20365
1472 0.00647151 -0.000573781 7.86341
1473 0.00338981 0.0010922 7.19917
1474 0.00655297 -0.000307532 7.87789
1475 0.00338981 0.00141844 7.19696
1476 0.00650388 -4.53091e-05 7.86133
1477 0.00338981 0.00174468 7.19697
1478 0.00649403 0.000220042 7.8566
1479 0.00338981 0.00207092 7.19917
1480 0.00338498 0.00239121 7.20257
1481 0.00647762 0.000484513 7.85214
1482 0.0064571 0.000760287 7.84862
1483 0.00642587 0.00104872 7.8446
1484 0.00599166 0.0025288 7.78561
1485 0.0058607 0.00279865 7.76664
1486 0.00573438 0.00305823 7.7496
1487 0.00560966 0.00330314 7.73311
1488 0.00546682 0.00355274 7.713
1489 0.00330803 0.00302827 7.20309
1490 0.00367564 -0.0056634 7.8378
1491 0.00650395 0.00185389 7.88873
1492 0.00401984 0.00316208 7.3439
1493 0.00368526 0.00309131 7.27419
1494 0.00394766 -0.00517462 7.79551
1495 0.00336345 0.00269491 7.2047
1496 0.00638819 0.0013321 7.84098
1497 0.00612229 0.00226093 7.80609
1498 0.00436765 0.00325918 7.42354
1499 0.00485717 0.00352618 7.55376
1500 0.00516219 0.00350077 7.6294
1501 0.00407629 -0.00468463 7.74028
1502 0.00426609 -0.00447947 7.74063
1503 0.00443916 -0.00424616 7.73691
1504 0.00467618 -0.00412159 7.76135
1505 0.00368351 -0.00532733 7.7826
1506 0.00482191 -0.00392354 7.76219
1507 0.00367235 -0.00498345 7.72652
1508 0.00496584 -0.00370958 7.76283
1509 0.00373115 -0.00463842 7.68284
1510 0.00512142 -0.00351108 7.76962
1511 0.0037032 -0.00429116 7.63004
1512 0.00370609 -0.00397538 7.58858
1513 0.00530759 -0.00333599 7.78718
1514 0.00368379 -0.00364489 7.54433
1515 0.00539109 -0.00309419 7.77897
1516 0.00367229 -0.00331206 7.50405
1517 0.00550406 -0.00285982 7.77964
1518 0.00367229 -0.00298582 7.46885
1519 0.00562268 -0.00263135 7.78415
1520 0.00367229 -0.00265957 7.43629
1521 0.00367229 -0.00233333 7.40637
1522 0.00578018 -0.00242902 7.8014
1523 0.00367229 -0.00200709 7.37905
1524 0.00582295 -0.00217545 7.79123
1525 0.00367229 -0.00168085 7.35432
1526 0.00589723 -0.00192893 7.79056
1527 0.00367229 -0.00135461 7.33216
1528 0.00596662 -0.00167714 7.79047
1529 0.00367229 -0.00102837 7.31255
1530 0.00367229 -0.000702128 7.29547
1531 0.00604021 -0.00142814 7.79355
1532 0.00367229 -0.000375887 7.28088
1533 0.00615044 -0.00118782 7.80777
1534 0.00367229 -4.96454e-05 7.26876
1535 0.00613336 -0.00093187 7.79295
1536 0.00367229 0.000276596 7.2591
1537 0.00616935 -0.000642562 7.79159
1538 0.00367229 0.000602837 7.25185
1539 0.00367229 0.000929078 7.24697
1540 0.00504859 0.000844269 7.51422
1541 0.00367229 0.00125532 7.24444
1542 0.00622735 -0.000292944 7.7966
1543 0.00367229 0.00158156 7.24422
1544 0.00621064 3.31933e-05 7.78741
1545 0.00367229 0.0019078 7.24625
1546 0.00619489 0.000317023 7.78135
1547 0.00366643 0.00224941 7.2497
1548 0.0061803 0.000595736 7.77766
1549 0.00616122 0.000877307 7.77494
1550 0.00566683 0.00253558 7.70184
1551 0.00553406 0.00280118 7.682
1552 0.00540669 0.00303817 7.66304
1553 0.00533016 0.00329683 7.65944
1554 0.00503732 0.00374692 7.61402
1555 0.0062823 0.00164844 7.82278
1556 0.00620737 0.00194696 7.81423
1557 0.00391993 -0.00488784 7.74719
1558 0.00366298 0.00258151 7.25569
1559 0.00613067 0.00115804 7.77143
1560 0.00579524 0.00226388 7.72165
1561 0.00392861 0.00281376 7.31286
1562 0.00428546 0.00293096 7.39132
1563 0.00502434 0.0031405 7.57243
1564 0.00396099 -0.00445011 7.68951
1565 0.00404998 -0.00417328 7.665
1566 0.00451467 -0.00391176 7.70679
1567 0.00464571 -0.00364326 7.69712
1568 0.00482131 -0.00340081 7.70114
1569 0.00502939 -0.00315594 7.71389
1570 0.0039849 -0.00381213 7.609
1571 0.00396017 -0.00348444 7.56615
1572 0.00518137 -0.00285065 7.71353
1573 0.00395477 -0.00314894 7.52806
1574 0.00531186 -0.00258752 7.71587
1575 0.00397348 -0.00283408 7.49857
1576 0.00548168 -0.0023023 7.72726
1577 0.00396794 -0.00250459 7.46652
1578 0.00396422 -0.00217686 7.43758
1579 0.00395477 -0.00184397 7.40998
1580 0.00556659 -0.00199727 7.72282
1581 0.00395477 -0.00151773 7.38703
1582 0.00564699 -0.00172021 7.72195
1583 0.00395477 -0.00119149 7.36668
1584 0.00572469 -0.00144259 7.72288
1585 0.00395477 -0.000865248 7.3489
1586 0.00395477 -0.000539007 7.33367
1587 0.00582784 -0.00112626 7.73013
1588 0.00395477 -0.000212766 7.32095
1589 0.00395477 0.000113475 7.31076
1590 0.00585264 -0.000786789 7.7221
1591 0.00395477 0.000439716 7.30305
1592 0.00590122 -0.000469832 7.72329
1593 0.00395477 0.000765957 7.29778
1594 0.00395477 0.0010922 7.29492
1595 0.00591514 -0.0001478 7.71921
1596 0.00395477 0.00141844 7.29443
1597 0.00395477 0.00174468 7.29631
1598 0.0059089 0.000157118 7.71334
1599 0.00394725 0.00209343 7.29941
1600 0.00589456 0.000438881 7.70802
1601 0.0058874 0.000726137 7.70653
1602 0.00534017 0.00253375 7.61979
1603 0.0051969 0.00281115 7.59777
1604 0.00359528 0.00283886 7.2498
1605 0.00612795 0.00144217 7.77714
1606 0.00593464 0.00201992 7.74696
1607 0.00464409 0.00302556 7.47567
1608 0.00393095 0.00245274 7.30351
1609 0.00588253 0.00101453 7.70779
1610 0.00547778 0.00225507 7.64168
1611 0.00593216 0.0017038 7.73491
1612 0.00422105 0.00259344 7.366
1613 0.00486919 0.00280294 7.5183
1614 0.00429133 -0.00363445 7.63584
1615 0.00448429 -0.00333057 7.63378
1616 0.00466222 -0.00310243 7.64071
1617 0.00483098 -0.00284141 7.64562
1618 0.0041934 -0.00332132 7.58448
1619 0.00496507 -0.00258546 7.64744
1620 0.00429405 -0.00303367 7.57011
1621 0.00511309 -0.002312 7.65321
1622 0.00426543 -0.00267928 7.53069
1623 0.0052285 -0.00204805 7.65611
1624 0.00426348 -0.00235074 7.50098
1625 0.00424875 -0.00201762 7.47146
1626 0.00424254 -0.00168847 7.44638
1627 0.00532717 -0.00177764 7.65772
1628 0.00423725 -0.00135461 7.42383
1629 0.00539749 -0.00149617 7.65514
1630 0.00423725 -0.00102837 7.40533
1631 0.00546738 -0.00120736 7.65453
1632 0.00424673 -0.000710074 7.39147
1633 0.00424329 -0.000383399 7.37747
1634 0.00552782 -0.000909333 7.6541
1635 0.00424733 -4.89644e-05 7.36714
1636 0.00425099 0.000278629 7.35962
1637 0.00557532 -0.000604704 7.65326
1638 0.00424468 0.000603117 7.35283
1639 0.0056085 -0.000298752 7.65189
1640 0.00423725 0.000929078 7.34823
1641 0.00423725 0.00125532 7.34748
1642 0.00560791 -8.99949e-07 7.64557
1643 0.00424566 0.00159054 7.35088
1644 0.00424348 0.00192091 7.35469
1645 0.00559986 0.000283418 7.63998
1646 0.00559955 0.000568872 7.63825
1647 0.00502669 0.00252415 7.54361
1648 0.00588573 0.00133986 7.71397
1649 0.00563263 0.00193967 7.66798
1650 0.00454025 0.00271947 7.43927
1651 0.00422609 0.00225358 7.35784
1652 0.0056114 0.000870278 7.64162
1653 0.00513753 0.00225113 7.55935
1654 0.0047514 0.00254279 7.48048
1655 0.00452621 -0.00283583 7.59028
1656 0.00459977 -0.00254546 7.57618
1657 0.00480705 -0.00233288 7.5962
1658 0.00486366 -0.00204031 7.58375
1659 0.00503504 -0.00181276 7.6011
1660 0.00454623 -0.00219087 7.53682
1661 0.0045347 -0.00186414 7.51
1662 0.00452254 -0.00152964 7.48521
1663 0.00508038 -0.00156022 7.59375
1664 0.00453246 -0.00120496 7.46777
1665 0.00513435 -0.00128441 7.58882
1666 0.0045501 -0.000887897 7.4548
1667 0.00518203 -0.000989254 7.58397
1668 0.00453779 -0.000565125 7.43856
1669 0.00452123 -0.000220299 7.42329
1670 0.00524598 -0.000706617 7.58557
1671 0.00455265 0.000123775 7.42009
1672 0.00455315 0.000442112 7.41438
1673 0.00530797 -0.000419467 7.58909
1674 0.00452171 0.00077574 7.40459
1675 0.0053235 -0.000142705 7.58513
1676 0.00451826 0.00110444 7.40291
1677 0.00452662 0.0014311 7.40616
1678 0.0052901 0.000144089 7.57233
1679 0.00454955 0.00176455 7.41509
1680 0.005299 0.000416424 7.57093
1681 0.0056271 0.00118127 7.64843
1682 0.00526616 0.00197853 7.58074
1683 0.00563775 0.00153853 7.6577
1684 0.00451956 0.00239627 7.42375
1685 0.00454166 0.00208907 7.42009
1686 0.00533171 0.00071648 7.57693
1687 0.00481789 0.00228129 7.48638
1688 0.00479354 -0.00170832 7.54717
1689 0.00481748 -0.00138876 7.53186
1690 0.00485098 -0.00107828 7.52155
1691 0.00488198 -0.000747292 7.51244
1692 0.00477815 -0.000411946 7.47945
1693 0.00480064 -5.54548e-05 7.47356
1694 0.00502984 -0.000513787 7.53378
1695 0.00493053 0.000285549 7.49302
1696 0.00480474 0.000640762 7.4631
1697 0.00503292 -0.000253502 7.52621
1698 0.00479321 0.000963815 7.45955
1699 0.00505247 -7.05485e-06 7.52427
1700 0.00480243 0.001281 7.46287
1701 0.00481825 0.00160551 7.47025
1702 0.00537242 0.00133059 7.5907
1703 0.0053622 0.00167754 7.59514
1704 0.00534368 0.00101408 7.58056
1705 0.00488906 0.00196067 7.49305
1706 0.00507529 0.000579336 7.52098
1707 0.00507598 0.00114731 7.52136
1708 0.00509717 0.00144531 7.52954
1709 0.00508726 0.00173528 7.53289
1710 0.00540033 0.00512656 7.84014
1711 0.00196525 -0.00749356 8.02165
1712 0.00467009 0.00332068 7.49668
1713 0.00425213 -0.0039529 7.66856
1714 0.0041638 -0.00580296 7.93245
1715 0.00179954 0.00802521 7.24718
1716 0.00166299 0.00733852 7.18048
1717 0.00206547 0.00776675 7.26177
1718 0.00137845 0.00725278 7.14615
1719 0.00368278 0.0068071 7.50412
1720 0.00340772 0.00662909 7.42347
1721 0.00314606 0.00646684 7.35412
1722 0.00392269 0.00699056 7.5834
1723 0.00286895 0.00631939 7.28911
1724 0.00415817 0.00718387 7.66916
1725 0.00258529 0.00618841 7.23046
1726 0.00439194 0.00741368 7.7655
1727 0.00228491 0.0060576 7.17564
1728 0.0046144 0.00764021 7.86626
1729 0.00199958 0.00595837 7.13123
1730 0.00481802 0.00788583 7.97085
1731 0.00169481 0.00587203 7.09107
1732 0.0049985 0.00821608 8.08469
1733 0.00139001 0.00579098 7.05738
1734 0.00108734 0.0057191 7.0303
1735 0.000765133 0.00568663 7.00989
1736 0.00042427 0.00566624 6.99563
1737 0.00471909 0.00846538 7.99141
1738 0.00443701 0.00863137 7.89866
1739 0.00415115 0.00877887 7.81344
1740 0.00386247 0.00890879 7.7355
1741 0.000291722 0.00618996 7.01965
1742 0.00356561 0.00903288 7.66373
1743 0.000288675 0.0065 7.03737
1744 0.0032741 0.00914212 7.60047
1745 0.000288675 0.00683333 7.05778
1746 0.0029648 0.00924849 7.54087
1747 0.000288675 0.00716667 7.07947
1748 0.00267191 0.00933731 7.49084
1749 0.000288675 0.0075 7.10239
1750 0.00235561 0.00942069 7.44335
1751 0.000288675 0.00783333 7.12653
1752 0.0020526 0.00949176 7.40418
1753 0.000288675 0.00816667 7.15184
1754 0.00173674 0.00955348 7.36936
1755 0.000288675 0.0085 7.17833
1756 0.0014246 0.00960579 7.34103
1757 0.000288675 0.00883333 7.20594
1758 0.00111425 0.00964654 7.31837
1759 0.00029172 0.00916876 7.23498
1760 0.000806851 0.00965933 7.29969
1761 0.000285324 0.00954556 7.26878
1762 0.000263099 0.00591359 7.0041
1763 0.000541256 0.00969481 7.29076
1764 0.00362822 0.00713449 7.51747
1765 0.00339138 0.00695585 7.44531
1766 0.00312905 0.00679015 7.37447
1767 0.00287121 0.0066432 7.31217
1768 0.00386111 0.00731958 7.59522
1769 0.00260571 0.00650981 7.25516
1770 0.00409027 0.00752765 7.68048
1771 0.00232203 0.00638265 7.2015
1772 0.0043038 0.00774252 7.76839
1773 0.0020447 0.00627911 7.15617
1774 0.00449569 0.00796607 7.85651
1775 0.00175714 0.00618849 7.11598
1776 0.0046932 0.0081646 7.95107
1777 0.00146652 0.00610859 7.08173
1778 0.00117651 0.00603215 7.05328
1779 0.000901372 0.00593971 7.03032
1780 0.000596355 0.00600174 7.01869
1781 0.0044405 0.00830177 7.86929
1782 0.00417842 0.00844156 7.79233
1783 0.00390247 0.00856699 7.71749
1784 0.00361379 0.00869845 7.64755
1785 0.000589284 0.00635583 7.03815
1786 0.00332092 0.00882348 7.58398
1787 0.000589554 0.0066781 7.05737
1788 0.00302745 0.00892777 7.52624
1789 0.000583349 0.00700464 7.07782
1790 0.00273658 0.00902326 7.47542
1791 0.000574823 0.00733333 7.09955
1792 0.00244164 0.00910542 7.42963
1793 0.000574823 0.00766667 7.12315
1794 0.00213972 0.00918173 7.38889
1795 0.000574823 0.008 7.14794
1796 0.00184094 0.00924764 7.35437
1797 0.000574823 0.00833333 7.17388
1798 0.00152617 0.00930091 7.32339
1799 0.000568289 0.00866037 7.20019
1800 0.00121426 0.00933907 7.29813
1801 0.000593483 0.00899036 7.22905
1802 0.000936838 0.00940346 7.28387
1803 0.000622438 0.00931957 7.25928
1804 0.00356862 0.00746371 7.52991
1805 0.00334093 0.00727904 7.45945
1806 0.00310451 0.00711431 7.394
1807 0.00285701 0.00696544 7.33288
1808 0.00261143 0.00683385 7.27864
1809 0.00379503 0.00765177 7.60601
1810 0.00235148 0.00670818 7.22754
1811 0.00402157 0.00786318 7.69038
1812 0.00208329 0.00659877 7.18159
1813 0.00423486 0.00808893 7.7785
1814 0.00180948 0.00649852 7.14084
1815 0.00150671 0.00642296 7.10401
1816 0.00119942 0.00634428 7.07273
1817 0.000888064 0.0062371 7.04571
1818 0.0039584 0.00821714 7.7032
1819 0.00366577 0.00835949 7.63219
1820 0.00337378 0.00848621 7.56785
1821 0.000897593 0.00653117 7.06337
1822 0.00308405 0.0085992 7.51034
1823 0.000892218 0.00684761 7.08269
1824 0.00279413 0.0087078 7.45945
1825 0.000864815 0.0071761 7.10275
1826 0.0025135 0.0087929 7.41491
1827 0.000857147 0.00750683 7.12528
1828 0.00222159 0.00887021 7.37404
1829 0.000860972 0.00783333 7.14932
1830 0.00192963 0.00893953 7.33875
1831 0.000860972 0.00816667 7.17478
1832 0.00163196 0.00900778 7.30885
1833 0.000863393 0.0085123 7.20255
1834 0.00130988 0.00904966 7.28052
1835 0.000823249 0.00880483 7.22463
1836 0.000947112 0.00909138 7.25641
1837 0.00349871 0.00780526 7.54102
1838 0.00327749 0.00760428 7.47112
1839 0.0030678 0.0074252 7.41052
1840 0.00283222 0.00728086 7.35182
1841 0.0025964 0.00715454 7.29919
1842 0.00236125 0.00702745 7.25121
1843 0.00372892 0.00800802 7.61887
1844 0.00210362 0.0069072 7.20502
1845 0.0018404 0.00682012 7.16532
1846 0.00158827 0.00669547 7.12918
1847 0.00125308 0.00670011 7.09844
1848 0.00342547 0.00815425 7.55228
1849 0.00313465 0.00827277 7.49398
1850 0.00285077 0.00837656 7.44277
1851 0.00117337 0.00704122 7.11432
1852 0.00257046 0.00847073 7.39775
1853 0.00113257 0.00736038 7.13314
1854 0.00229053 0.00855442 7.35801
1855 0.00114469 0.00768202 7.1571
1856 0.00200986 0.00862793 7.32308
1857 0.00115695 0.00801317 7.18293
1858 0.00172531 0.00869137 7.29248
1859 0.00114751 0.00835647 7.20914
1860 0.00144428 0.00879815 7.27161
1861 0.00114107 0.0087469 7.2407
1862 0.00319879 0.0079367 7.4804
1863 0.00298733 0.00773737 7.41832
1864 0.00282144 0.00754737 7.3704
1865 0.00257536 0.00747479 7.31947
1866 0.00234073 0.00734737 7.27102
1867 0.00213595 0.00717949 7.22864
1868 0.00186892 0.00713992 7.19052
1869 0.0015316 0.00699685 7.14289
1870 0.00290512 0.00804798 7.4266
1871 0.00262128 0.00814624 7.38015
1872 0.00234587 0.00824593 7.34139
1873 0.00141069 0.0075273 7.16838
1874 0.00204858 0.00831245 7.30246
1875 0.00145437 0.00784993 7.19634
1876 0.001755 0.00838291 7.27044
1877 0.00146448 0.0081782 7.2227
1878 0.00141475 0.00850664 7.2443
1879 0.00265671 0.00780268 7.35896
1880 0.00233423 0.00763503 7.29144
1881 0.00201468 0.00745541 7.23143
1882 0.00238366 0.00793265 7.32243
1883 0.00212989 0.00804493 7.29267
1884 0.00173574 0.00766373 7.21228
1885 0.000997629 0.0173917 8.42
1886 0.00243432 0.015652 8.21908
1887 0.00338553 0.0135218 8.06419
1888 0.00139136 0.0168127 8.32711
1889 0.00480575 0.0161647 8.73025
1890 0.00459405 0.0163949 8.71937
1891 0.00500328 0.0159243 8.74029
1892 0.00437485 0.0166164 8.7095
1893 0.00518806 0.0156704 8.74928
1894 0.00414669 0.016823 8.69928
1895 0.00536618 0.0154067 8.75927
1896 0.00390135 0.0170182 8.68779
1897 0.00552999 0.0151439 8.76961
1898 0.00364798 0.0172082 8.67814
1899 0.00567678 0.0148727 8.77815
1900 0.00339468 0.0173803 8.66932
1901 0.00580572 0.0145932 8.78453
1902 0.0031288 0.0175381 8.65982
1903 0.00592723 0.0142997 8.79115
1904 0.00285538 0.0176813 8.65055
1905 0.00603629 0.0140058 8.79788
1906 0.00256816 0.0178149 8.6418
1907 0.00612529 0.0137111 8.80218
1908 0.00227977 0.0179378 8.63514
1909 0.00619975 0.0134083 8.80503
1910 0.00198614 0.0180382 8.62751
1911 0.00626162 0.0131029 8.80736
1912 0.00168348 0.0181244 8.6204
1913 0.00631078 0.0127984 8.80919
1914 0.00137588 0.0182022 8.61562
1915 0.00633918 0.0124865 8.8074
1916 0.00106563 0.0182665 8.61225
1917 0.00635622 0.0121706 8.80517
1918 0.000749381 0.0183178 8.61023
1919 0.00635983 0.0118617 8.80186
1920 0.000406798 0.0183512 8.60807
1921 0.00634604 0.0115536 8.7956
1922 0.00631411 0.0112485 8.78572
1923 0.0062664 0.0109364 8.77273
1924 0.00621236 0.01063 8.75955
1925 0.000280259 0.0178415 8.49222
1926 0.00613632 0.0103283 8.73901
1927 0.0003094 0.0175513 8.4305
1928 0.00604487 0.0100303 8.71219
1929 0.000300471 0.0172328 8.36401
1930 0.00594017 0.00973067 8.67783
1931 0.000278781 0.0169018 8.29691
1932 0.00583216 0.00943962 8.63675
1933 0.000277983 0.0165802 8.2341
1934 0.00567489 0.00914894 8.55652
1935 0.000277983 0.0162593 8.17335
1936 0.00550621 0.00884684 8.44565
1937 0.000277983 0.0159383 8.1145
1938 0.000277983 0.0156173 8.0575
1939 0.000277983 0.0152963 8.00231
1940 0.000277983 0.0149753 7.94888
1941 0.00498017 0.00899758 8.15347
1942 0.000277983 0.0146543 7.89717
1943 0.00469344 0.00914746 8.0418
1944 0.000277983 0.0143333 7.84713
1945 0.00439316 0.00929081 7.93975
1946 0.000277983 0.0140123 7.79871
1947 0.00408566 0.00942947 7.84815
1948 0.000277983 0.0136914 7.75186
1949 0.00377904 0.00955746 7.76735
1950 0.000277983 0.0133704 7.70654
1951 0.0034584 0.00967785 7.69236
1952 0.000277983 0.0130494 7.66269
1953 0.0031416 0.0097866 7.62706
1954 0.000277983 0.0127284 7.62027
1955 0.00282203 0.00988341 7.56893
1956 0.000277983 0.0124074 7.57923
1957 0.0025 0.00996853 7.51765
1958 0.000277983 0.0120864 7.53953
1959 0.00216643 0.0100465 7.47202
1960 0.000277983 0.0117654 7.50113
1961 0.00184043 0.0101104 7.43417
1962 0.000277983 0.0114444 7.46397
1963 0.00150765 0.0101659 7.40233
1964 0.000282254 0.0111195 7.42767
1965 0.00117311 0.0102094 7.37673
1966 0.000298425 0.0107907 7.39249
1967 0.00082565 0.0102588 7.35843
1968 0.000271668 0.0104812 7.35952
1969 0.00049794 0.0102523 7.34291
1970 0.000224573 0.010216 7.33184
1971 0.000255457 0.0181013 8.54905
1972 0.0052075 0.00884296 8.25351
1973 0.00448794 0.016087 8.64744
1974 0.00468303 0.0158624 8.65659
1975 0.00428315 0.0163024 8.63844
1976 0.00486467 0.0156287 8.66499
1977 0.00406847 0.0165074 8.62943
1978 0.0050387 0.0153823 8.67344
1979 0.00384451 0.0166993 8.62013
1980 0.00520043 0.0151282 8.68152
1981 0.00360892 0.0168822 8.61091
1982 0.00534899 0.0148716 8.68948
1983 0.00336477 0.0170533 8.60195
1984 0.00548467 0.0146084 8.69674
1985 0.00311449 0.0172123 8.59365
1986 0.00560819 0.0143347 8.703
1987 0.00285421 0.0173586 8.58535
1988 0.00571573 0.0140555 8.70769
1989 0.00258691 0.0174937 8.57791
1990 0.00580628 0.0137754 8.71068
1991 0.0023141 0.0176141 8.57085
1992 0.00588489 0.0134891 8.71288
1993 0.00203833 0.0177189 8.56428
1994 0.00595071 0.0131983 8.71412
1995 0.00175063 0.0178094 8.55762
1996 0.00600346 0.0129065 8.71439
1997 0.00145366 0.0178874 8.5518
1998 0.00604305 0.0126157 8.71357
1999 0.00114426 0.0179512 8.54654
2000 0.00606718 0.0123167 8.71037
2001 0.000835058 0.0180104 8.54486
2002 0.00607345 0.0120169 8.70403
2003 0.000525442 0.0180638 8.54637
2004 0.00606548 0.0117213 8.69549
2005 0.00604337 0.0114252 8.6843
2006 0.00600766 0.0111292 8.67017
2007 0.00595696 0.0108363 8.65181
2008 0.00589513 0.0105475 8.6298
2009 0.000586432 0.017766 8.48293
2010 0.00581986 0.0102601 8.6019
2011 0.000637383 0.0174132 8.40962
2012 0.0057212 0.00996816 8.56152
2013 0.000557725 0.0170617 8.33539
2014 0.00561342 0.00968048 8.51186
2015 0.000557725 0.0167407 8.27179
2016 0.00553606 0.00940618 8.47139
2017 0.000557725 0.0164198 8.21015
2018 0.00530585 0.00917083 8.33229
2019 0.000557725 0.0160988 8.15043
2020 0.000557725 0.0157778 8.09259
2021 0.000557725 0.0154568 8.0366
2022 0.000557725 0.0151358 7.9824
2023 0.000557725 0.0148148 7.92994
2024 0.00498438 0.00932921 8.18071
2025 0.000557725 0.0144938 7.87918
2026 0.00467006 0.00947889 8.05813
2027 0.000557725 0.0141728 7.83006
2028 0.00436749 0.00963088 7.9582
2029 0.000557725 0.0138519 7.78254
2030 0.00404237 0.00975702 7.86195
2031 0.000557725 0.0135309 7.73657
2032 0.00372188 0.00988542 7.77971
2033 0.000557725 0.0132099 7.69209
2034 0.00339576 0.00999861 7.70532
2035 0.000557725 0.0128889 7.64907
2036 0.00306723 0.0101139 7.64054
2037 0.000557725 0.0125679 7.60745
2038 0.00273025 0.0102004 7.58079
2039 0.000557725 0.0122469 7.56718
2040 0.00239655 0.0102866 7.53062
2041 0.000557725 0.0119259 7.52823
2042 0.00205834 0.0103587 7.48681
2043 0.000557725 0.0116049 7.49056
2044 0.00172146 0.0104225 7.45064
2045 0.000551393 0.0112824 7.45372
2046 0.00137751 0.0104735 7.42038
2047 0.000576092 0.0109541 7.41854
2048 0.00101996 0.0105333 7.39802
2049 0.000629165 0.01059 7.38207
2050 0.00418177 0.0160011 8.56924
2051 0.00437181 0.0157901 8.57675
2052 0.00454924 0.0155694 8.58346
2053 0.00398016 0.0162012 8.56108
2054 0.00472 0.0153421 8.59107
2055 0.00377075 0.0163876 8.55256
2056 0.00488097 0.0151017 8.59797
2057 0.00355303 0.0165675 8.54489
2058 0.00502685 0.014856 8.60382
2059 0.00332331 0.0167375 8.53695
2060 0.00516133 0.014613 8.6103
2061 0.0030853 0.0168924 8.52853
2062 0.00529057 0.0143671 8.6182
2063 0.00284235 0.0170378 8.52123
2064 0.00540696 0.014093 8.62291
2065 0.00259298 0.0171756 8.51527
2066 0.00548938 0.0138272 8.6219
2067 0.00233596 0.0172968 8.5088
2068 0.00557269 0.0135577 8.62374
2069 0.002075 0.0174019 8.50235
2070 0.00564317 0.0132814 8.62421
2071 0.0018084 0.0174953 8.49662
2072 0.00569783 0.0130017 8.62248
2073 0.00152396 0.0175773 8.49089
2074 0.00574044 0.0127235 8.6198
2075 0.0012241 0.0176448 8.48524
2076 0.00578017 0.0124474 8.61896
2077 0.00090104 0.0176952 8.4793
2078 0.00579382 0.0121527 8.61141
2079 0.00578314 0.0118743 8.59815
2080 0.00576971 0.0115958 8.58577
2081 0.00574414 0.0113127 8.57052
2082 0.00570162 0.0110318 8.55002
2083 0.00564683 0.010755 8.52503
2084 0.00558601 0.0104781 8.49712
2085 0.00550199 0.0101943 8.4575
2086 0.00082812 0.01716 8.365
2087 0.00538941 0.0099039 8.40057
2088 0.000834475 0.0168839 8.30991
2089 0.00525939 0.00957375 8.32701
2090 0.000837467 0.0165802 8.25097
2091 0.000837467 0.0162593 8.19044
2092 0.000837467 0.0159383 8.13182
2093 0.000837467 0.0156173 8.07507
2094 0.000837467 0.0152963 8.02014
2095 0.000837467 0.0149753 7.96699
2096 0.000837467 0.0146543 7.91556
2097 0.00492911 0.00962297 8.17576
2098 0.000837467 0.0143333 7.8658
2099 0.00467874 0.00984613 8.08788
2100 0.000837467 0.0140123 7.81766
2101 0.00431709 0.00996386 7.96698
2102 0.000837467 0.0136914 7.7711
2103 0.00398881 0.0100951 7.87389
2104 0.000837467 0.0133704 7.72606
2105 0.00365467 0.01022 7.7907
2106 0.000837467 0.0130494 7.68248
2107 0.00331726 0.0103376 7.71723
2108 0.000837467 0.0127284 7.64034
2109 0.00298059 0.0104394 7.6527
2110 0.000837467 0.0124074 7.59956
2111 0.00263596 0.0105282 7.59491
2112 0.000837467 0.0120864 7.56012
2113 0.0022896 0.0106088 7.5453
2114 0.000840532 0.0117531 7.5207
2115 0.00194402 0.0106765 7.50328
2116 0.000841666 0.011424 7.48301
2117 0.00159253 0.0107383 7.46853
2118 0.00080024 0.0111381 7.44908
2119 0.00124728 0.0108105 7.44386
2120 0.000902352 0.0108556 7.42421
2121 0.00388073 0.0159068 8.49421
2122 0.00407228 0.015708 8.50132
2123 0.00423917 0.0154966 8.5046
2124 0.00440582 0.0152838 8.51072
2125 0.00368223 0.0160818 8.48508
2126 0.0045717 0.0150684 8.51945
2127 0.00348353 0.0162564 8.47901
2128 0.00471695 0.014824 8.52265
2129 0.0032738 0.0164305 8.47413
2130 0.00484187 0.0145866 8.52472
2131 0.00304601 0.0165763 8.46461
2132 0.00497096 0.0143519 8.53113
2133 0.00281498 0.0167168 8.45702
2134 0.00513121 0.014138 8.55125
2135 0.00258277 0.0168546 8.45213
2136 0.00517091 0.01387 8.53535
2137 0.00234725 0.0169881 8.44938
2138 0.00525374 0.0136118 8.53497
2139 0.00209498 0.0170907 8.44208
2140 0.00533761 0.0133533 8.5376
2141 0.00184836 0.0171779 8.43568
2142 0.00539868 0.0130845 8.53543
2143 0.00159975 0.0172686 8.43306
2144 0.00543172 0.0128134 8.5268
2145 0.00130455 0.0173454 8.4278
2146 0.0054714 0.0125478 8.52296
2147 0.00554818 0.0122873 8.53413
2148 0.005494 0.0120213 8.50299
2149 0.00548566 0.0117532 8.48857
2150 0.00547643 0.0114848 8.47516
2151 0.00544463 0.0112136 8.45457
2152 0.00538889 0.0109512 8.42511
2153 0.00533908 0.0106868 8.39738
2154 0.00529285 0.0104228 8.37041
2155 0.00519367 0.0101463 8.31838
2156 0.00112338 0.0170562 8.35827
2157 0.00505426 0.00988749 8.24553
2158 0.00110033 0.0167212 8.29113
2159 0.00110068 0.0164094 8.23168
2160 0.00111721 0.0160988 8.17522
2161 0.00111721 0.0157778 8.11776
2162 0.00111721 0.0154568 8.06217
2163 0.00111721 0.0151358 8.00838
2164 0.00111721 0.0148148 7.95633
2165 0.00111721 0.0144938 7.90599
2166 0.00111721 0.0141728 7.8573
2167 0.00456589 0.0101979 8.07137
2168 0.00111721 0.0138519 7.81021
2169 0.00425517 0.0103092 7.97386
2170 0.00111721 0.0135309 7.76466
2171 0.00392083 0.010438 7.8829
2172 0.00111721 0.0132099 7.7206
2173 0.00358283 0.0105585 7.80213
2174 0.00111721 0.0128889 7.67799
2175 0.00323768 0.0106784 7.73057
2176 0.00111721 0.0125679 7.63677
2177 0.00288446 0.0107705 7.66518
2178 0.00111721 0.0122469 7.59689
2179 0.00253093 0.0108567 7.6091
2180 0.00111861 0.0119102 7.55657
2181 0.00217597 0.0109346 7.56143
2182 0.0011204 0.0115621 7.51631
2183 0.00183131 0.0110016 7.52289
2184 0.00111716 0.011172 7.47239
2185 0.0014812 0.0110732 7.49256
2186 0.00140635 0.0170925 8.38348
2187 0.00487184 0.0101394 8.18352
2188 0.00358678 0.0157776 8.41827
2189 0.00380323 0.0156396 8.43745
2190 0.00393119 0.015417 8.42876
2191 0.00409161 0.0152091 8.43164
2192 0.00425967 0.0150047 8.43966
2193 0.00339086 0.0159499 8.4116
2194 0.00444438 0.0148208 8.45747
2195 0.00323532 0.0161532 8.42002
2196 0.00452166 0.0145718 8.44404
2197 0.00300467 0.0162629 8.40272
2198 0.00466097 0.0143046 8.44633
2199 0.00277603 0.0163981 8.39358
2200 0.00342537 0.0130248 8.01349
2201 0.00254388 0.016539 8.38836
2202 0.00247297 0.0159304 8.27114
2203 0.00231156 0.0166797 8.38646
2204 0.00493649 0.0136711 8.45148
2205 0.00211847 0.0168303 8.394
2206 0.00501393 0.0133928 8.4471
2207 0.00187429 0.0168575 8.37508
2208 0.00513337 0.0131668 8.46242
2209 0.00163147 0.0169471 8.3714
2210 0.00512386 0.0129095 8.43905
2211 0.00516605 0.0126091 8.43002
2212 0.00479747 0.0104476 8.17337
2213 0.00465775 0.0114767 8.19103
2214 0.00519806 0.011917 8.39718
2215 0.00519172 0.0116311 8.37994
2216 0.00522461 0.0113811 8.37966
2217 0.0051234 0.0111485 8.33198
2218 0.00506894 0.0108814 8.29901
2219 0.00505256 0.0106135 8.2802
2220 0.0013328 0.0165519 8.27308
2221 0.00139486 0.0162748 8.22546
2222 0.00139601 0.0159502 8.1667
2223 0.00139695 0.0156173 8.10844
2224 0.00139695 0.0152963 8.05406
2225 0.00139695 0.0149753 8.00146
2226 0.00139695 0.0146543 7.9506
2227 0.00139695 0.0143333 7.90141
2228 0.00139695 0.0140123 7.85385
2229 0.00450719 0.010543 8.07535
2230 0.00139695 0.0136914 7.80786
2231 0.00419168 0.0106575 7.98156
2232 0.00139695 0.0133704 7.76339
2233 0.00384823 0.0107833 7.89217
2234 0.00139695 0.0130494 7.72038
2235 0.00349908 0.0109103 7.81338
2236 0.00139695 0.0127284 7.67877
2237 0.00314561 0.0110175 7.74285
2238 0.00139695 0.0124074 7.63852
2239 0.00278413 0.0111031 7.67902
2240 0.00140442 0.0120741 7.59879
2241 0.00242448 0.0111902 7.62575
2242 0.00139265 0.0117438 7.55907
2243 0.00206856 0.0112694 7.58166
2244 0.00140546 0.0114047 7.52177
2245 0.00173295 0.0113245 7.54612
2246 0.00503777 0.0103613 8.26265
2247 0.00356549 0.0154122 8.35708
2248 0.00329582 0.0156444 8.3457
2249 0.00376534 0.0151523 8.35677
2250 0.00395604 0.01491 8.36116
2251 0.00416861 0.0146514 8.3722
2252 0.00303482 0.0158988 8.34486
2253 0.00432455 0.0143123 8.36546
2254 0.00448736 0.0139919 8.36742
2255 0.00250572 0.0162347 8.32854
2256 0.00225637 0.0163914 8.32677
2257 0.00468029 0.0134342 8.35871
2258 0.00481141 0.013097 8.36324
2259 0.00485323 0.0127368 8.34488
2260 0.00488343 0.0123944 8.32734
2261 0.00490924 0.0117284 8.28982
2262 0.00493749 0.0114212 8.28057
2263 0.00477485 0.0107556 8.18357
2264 0.00165581 0.0165517 8.29699
2265 0.00167145 0.0161427 8.22309
2266 0.00167126 0.0157915 8.16079
2267 0.00167669 0.0154568 8.10397
2268 0.00167669 0.0151358 8.05086
2269 0.00167669 0.0148148 7.99952
2270 0.00167669 0.0144938 7.9499
2271 0.00167669 0.0141728 7.90194
2272 0.00167669 0.0138519 7.85558
2273 0.00446686 0.0108883 8.08671
2274 0.00167669 0.0135309 7.81077
2275 0.00412344 0.0110102 7.98961
2276 0.00167669 0.0132099 7.76744
2277 0.00376861 0.0111401 7.90241
2278 0.00167669 0.0128889 7.72553
2279 0.0034098 0.0112593 7.82513
2280 0.00167669 0.0125679 7.685
2281 0.00304429 0.0113539 7.75506
2282 0.00168874 0.012225 7.64441
2283 0.00267634 0.0114468 7.69491
2284 0.0016953 0.0118893 7.6056
2285 0.00230568 0.0115268 7.64311
2286 0.00163527 0.0115992 7.56623
2287 0.0019364 0.0116236 7.60311
2288 0.00275448 0.016072 8.33316
2289 0.00465713 0.0137299 8.38261
2290 0.00201841 0.0165844 8.33689
2291 0.00490506 0.012057 8.31013
2292 0.00477325 0.0111128 8.20487
2293 0.00320646 0.0153121 8.27833
2294 0.00344002 0.015083 8.28472
2295 0.0029495 0.0155254 8.27046
2296 0.00362584 0.0148466 8.28559
2297 0.00380899 0.0146005 8.28832
2298 0.00398455 0.0143141 8.28829
2299 0.00415039 0.01398 8.28492
2300 0.00222049 0.0160939 8.26922
2301 0.00444599 0.0132306 8.27624
2302 0.00453183 0.0128744 8.26546
2303 0.00456489 0.0125204 8.24341
2304 0.00483772 0.0140163 8.4597
2305 0.00194351 0.0159513 8.21436
2306 0.00194524 0.015624 8.15797
2307 0.0019585 0.0153015 8.10548
2308 0.00196545 0.0149838 8.05498
2309 0.00196376 0.0146598 8.00431
2310 0.00195643 0.0143333 7.95437
2311 0.00195643 0.0140123 7.90772
2312 0.00195643 0.0136914 7.86264
2313 0.00441016 0.0112351 8.09428
2314 0.00195643 0.0133704 7.81907
2315 0.00405144 0.0113657 7.99885
2316 0.00195643 0.0130494 7.77695
2317 0.00409618 0.0133381 8.19936
2318 0.00195643 0.0127284 7.73623
2319 0.00331354 0.011604 7.83727
2320 0.00196226 0.0123885 7.69525
2321 0.002946 0.0116892 7.77016
2322 0.00198637 0.0120267 7.65543
2323 0.00258812 0.0117733 7.71483
2324 0.00271209 0.0157323 8.26952
2325 0.00434672 0.0136247 8.2917
2326 0.00195091 0.0162883 8.27539
2327 0.00458869 0.0121771 8.22198
2328 0.00223931 0.0118567 7.6699
2329 0.00287045 0.015188 8.20499
2330 0.00311117 0.0149978 8.21457
2331 0.0033116 0.0147781 8.21709
2332 0.00347141 0.0145442 8.21363
2333 0.0036371 0.0142973 8.21285
2334 0.00380553 0.0140012 8.21017
2335 0.00422209 0.0129967 8.1952
2336 0.00425994 0.0126479 8.17102
2337 0.00220341 0.015779 8.21248
2338 0.00222894 0.0154677 8.16295
2339 0.00226182 0.0151652 8.11772
2340 0.0022519 0.0148324 8.06425
2341 0.00224983 0.0145006 8.01376
2342 0.002252 0.014176 7.96662
2343 0.00224866 0.0138555 7.92101
2344 0.00223617 0.0135309 7.87516
2345 0.00433427 0.0115959 8.09976
2346 0.00223617 0.0132099 7.83291
2347 0.00398462 0.0117198 8.01185
2348 0.00223617 0.0128889 7.79208
2349 0.0022419 0.01257 7.75365
2350 0.00319362 0.0119414 7.84622
2351 0.00224439 0.0122257 7.71302
2352 0.00285532 0.0120246 7.78924
2353 0.00368056 0.011496 7.91266
2354 0.00257717 0.0153897 8.19435
2355 0.00395145 0.0136592 8.20144
2356 0.0042749 0.0122936 8.14241
2357 0.00460443 0.0118433 8.20087
2358 0.003594 0.0118572 7.92622
2359 0.00251508 0.0121047 7.73982
2360 0.00281156 0.0148574 8.14551
2361 0.00303625 0.0147247 8.16191
2362 0.00314615 0.0144914 8.14698
2363 0.00328715 0.0142572 8.13979
2364 0.00346247 0.01404 8.14451
2365 0.00397034 0.0127759 8.10977
2366 0.00255116 0.0150224 8.13274
2367 0.00253315 0.0146753 8.07736
2368 0.00254653 0.0143339 8.02914
2369 0.0025548 0.014021 7.9862
2370 0.00252944 0.0136947 7.93802
2371 0.00251592 0.0133704 7.8933
2372 0.00252685 0.0130563 7.85498
2373 0.00253326 0.0127471 7.81795
2374 0.00253449 0.012454 7.78325
2375 0.00308755 0.0123237 7.86611
2376 0.00429043 0.0119494 8.11657
2377 0.00361908 0.013725 8.13664
2378 0.00394291 0.0130875 8.13596
2379 0.00397745 0.0124366 8.07752
2380 0.00395635 0.0120783 8.03767
2381 0.00339627 0.012165 7.91328
2382 0.00276596 0.0123111 7.80543
2383 0.0028152 0.0145159 8.0957
2384 0.00290273 0.0141957 8.06421
2385 0.00283004 0.0138517 8.00575
2386 0.00279771 0.0135309 7.95835
2387 0.00280861 0.01322 7.92071
2388 0.0028297 0.0129048 7.88568
2389 0.00368692 0.0133207 8.10292
2390 0.00368408 0.0122466 7.98684
2391 0.00313258 0.0139752 8.07412
2392 0.00370723 0.0125976 8.02848
2393 0.00369947 0.0129369 8.06296
2394 0.00283702 0.0125981 7.85076
2395 0.00340869 0.0124685 7.94806
2396 0.0030841 0.0133843 7.98968
2397 0.00310394 0.0130791 7.95612
2398 0.00522118 0.0122742 8.42548
2399 0.00333486 0.0137901 8.0879
2400 0.00315515 0.01274 7.92614
2401 0.00334193 0.0132688 8.02508
2402 0.0030791 0.0136687 8.02457
2403 0.00346951 0.0127471 7.99161
