1 6.12323e-19 -0.01 8.59012
2 4.08216e-19 0.00533333 6.97272
3 6.12323e-19 0.01 7.30753
4 4.08216e-19 0.0186667 8.67533
5 0.0058742 0.0151525 8.86406
6 0.00956943 -0.00290274 8.88165
7 0.00555552 0.00831481 8.41797
8 0 0.00502041 6.95988
9 0 0.00470748 6.9479
10 0 0.00439456 6.93736
11 0 0.00408163 6.92839
12 0 0.00376871 6.92091
13 0 0.00345578 6.91493
14 0 0.00314286 6.91048
15 0 0.00282993 6.90763
16 0 0.00251701 6.90642
17 0 0.00220408 6.9069
18 0 0.00189116 6.90912
19 0 0.00157823 6.9131
20 0 0.00126531 6.91891
21 0 0.000952381 6.92657
22 0 0.000639456 6.93613
23 0 0.000326531 6.94763
24 0 1.36054e-05 6.96109
25 0 -0.00029932 6.97656
26 0 -0.000612245 6.99408
27 0 -0.00092517 7.01366
28 0 -0.0012381 7.03535
29 0 -0.00155102 7.05917
30 0 -0.00186395 7.08516
31 0 -0.00217687 7.11334
32 0 -0.0024898 7.14373
33 0 -0.00280272 7.17636
34 0 -0.00311565 7.21126
35 0 -0.00342857 7.24845
36 0 -0.0037415 7.28795
37 0 -0.00405442 7.32977
38 0 -0.00436735 7.37395
39 0 -0.00468027 7.4205
40 0 -0.0049932 7.46944
41 0 -0.00530612 7.52078
42 0 -0.00561905 7.57455
43 0 -0.00593197 7.63075
44 0 -0.0062449 7.68941
45 0 -0.00655782 7.75053
46 0 -0.00687075 7.81414
47 0 -0.00718367 7.88024
48 0 -0.0074966 7.94886
49 0 -0.00780952 8.01999
50 0 -0.00812245 8.09365
51 0 -0.00843537 8.16985
52 0 -0.0087483 8.24861
53 0 -0.00906122 8.33
54 0 -0.00937415 8.41399
55 0 -0.00968707 8.50007
56 0.00965515 -0.00260346 8.88674
57 0.0097315 -0.00230174 8.89128
58 0.00979843 -0.0019977 8.8953
59 0.00985585 -0.00169183 8.89877
60 0.00990373 -0.00138422 8.90167
61 0.00994202 -0.00107531 8.90399
62 0.00997067 -0.000765374 8.90569
63 0.00998966 -0.000454635 8.9068
64 0.00999897 -0.000143565 8.90732
65 0.00999859 0.000167754 8.90723
66 0.00998853 0.000478827 8.90651
67 0.00996879 0.000789501 8.90517
68 0.00993938 0.00109943 8.90323
69 0.00990035 0.00140819 8.90069
70 0.00985172 0.00171569 8.89757
71 0.00979356 0.00202142 8.89381
72 0.00972589 0.0023253 8.88946
73 0.00964881 0.00262689 8.88454
74 0.00956238 0.00292589 8.87906
75 0.00946667 0.00322213 8.87302
76 0.00936182 0.00351515 8.86641
77 0.00924787 0.00380486 8.85924
78 0.00912498 0.00409082 8.85154
79 0.00899323 0.00437285 8.8433
80 0.00885275 0.00465067 8.83453
81 0.00870375 0.0049239 8.82519
82 0.00854626 0.00519244 8.81529
83 0.00838054 0.00545587 8.80481
84 0.00820665 0.0057141 8.79368
85 0.00802481 0.00596678 8.78185
86 0.00783524 0.00621362 8.76923
87 0.00763802 0.0064545 8.75565
88 0.00743348 0.00668905 8.7409
89 0.00722166 0.0069172 8.72461
90 0.00700288 0.0071386 8.70621
91 0.00677732 0.00735309 8.68494
92 0.00654514 0.0075605 8.65915
93 0.00630671 0.0077605 8.62564
94 0.00606209 0.00795306 8.57591
95 0.00581166 0.00813785 8.46211
96 0.00537655 0.00805828 8.25391
97 0.00518586 0.00781058 8.12256
98 0.00498364 0.00757194 8.00331
99 0.00477064 0.00734323 7.89285
100 0.00454695 0.00712459 7.78944
101 0.00431341 0.0069168 7.69266
102 0.00407023 0.00672007 7.60199
103 0.00381808 0.00653496 7.5174
104 0.0035577 0.00636199 7.43883
105 0.00328933 0.00620131 7.36619
106 0.00301395 0.00605352 7.29962
107 0.0027317 0.0059187 7.23906
108 0.00244362 0.00579733 7.18464
109 0.00214999 0.00568953 7.13638
110 0.00185162 0.00559563 7.09433
111 0.00154937 0.00551587 7.05859
112 0.00124351 0.00545033 7.02914
113 0.000935184 0.00539925 7.00612
114 0.000624537 0.00536265 6.98931
115 0.00031271 0.00534067 6.97862
116 0.000311281 -0.00999515 8.59207
117 0.000622171 -0.00998063 8.59339
118 0.000932548 -0.00995642 8.59513
119 0.00124191 -0.00992258 8.59742
120 0.00155018 -0.00987912 8.60026
121 0.0018569 -0.00982608 8.60367
122 0.00216181 -0.00976353 8.60766
123 0.00246468 -0.00969151 8.61218
124 0.00276506 -0.00961012 8.61723
125 0.00306287 -0.00951939 8.62281
126 0.00335763 -0.00941947 8.62889
127 0.00364919 -0.00931039 8.63546
128 0.00393724 -0.00919229 8.64245
129 0.00422138 -0.00906532 8.64986
130 0.00450152 -0.00892952 8.65766
131 0.00477721 -0.00878512 8.66582
132 0.00504836 -0.00863216 8.67432
133 0.00531458 -0.00847084 8.6831
134 0.00557563 -0.00830135 8.69212
135 0.00583133 -0.00812376 8.70138
136 0.0060813 -0.00793838 8.71081
137 0.00632546 -0.00774523 8.72041
138 0.00656343 -0.00754463 8.73009
139 0.00679508 -0.00733669 8.73984
140 0.00702016 -0.00712161 8.74965
141 0.00723837 -0.00689971 8.75944
142 0.00744964 -0.00667105 8.7692
143 0.00765362 -0.006436 8.77886
144 0.00785025 -0.00619464 8.7884
145 0.00803926 -0.00594729 8.79782
146 0.00822045 -0.00569423 8.80703
147 0.00839372 -0.00543558 8.81603
148 0.00855879 -0.00517176 8.82474
149 0.00871563 -0.00490283 8.83318
150 0.00886399 -0.00462921 8.84131
151 0.00900378 -0.00435109 8.84908
152 0.00913485 -0.00406871 8.85647
153 0.00925704 -0.00378249 8.86343
154 0.00937029 -0.0034925 8.86996
155 0.00947444 -0.00319922 8.87605
156 0 0.00968889 7.2781
157 0 0.00937778 7.24969
158 0 0.00906667 7.22203
159 0 0.00875556 7.19544
160 0 0.00844444 7.16996
161 0 0.00813333 7.14546
162 0 0.00782222 7.12196
163 0 0.00751111 7.09949
164 0 0.0072 7.07807
165 0 0.00688889 7.05771
166 0 0.00657778 7.03842
167 0 0.00626667 7.02021
168 0 0.00595556 7.00302
169 0 0.00564444 6.98641
170 0.0052951 0.00848304 8.26298
171 0.00502961 0.00864309 8.14651
172 0.00475931 0.00879483 8.04033
173 0.00448443 0.00893811 7.9446
174 0.00420524 0.00907281 7.85799
175 0.00392198 0.00919881 7.77925
176 0.00363493 0.00931597 7.70776
177 0.00334442 0.00942416 7.64293
178 0.00305071 0.0095233 7.58445
179 0.00275408 0.00961327 7.53202
180 0.00245479 0.00969402 7.48543
181 0.00215313 0.00976545 7.44454
182 0.00184937 0.0098275 7.40921
183 0.00154385 0.00988011 7.37938
184 0.00123687 0.00992321 7.35501
185 0.00092871 0.00995678 7.33597
186 0.000619658 0.00998078 7.32201
187 0.000309994 0.00999519 7.31286
188 0.00571997 0.0154244 8.85455
189 0.00555323 0.0156886 8.84452
190 0.0053743 0.0159448 8.83405
191 0.00518354 0.0161923 8.82323
192 0.00498133 0.0164307 8.81216
193 0.00476821 0.0166592 8.80097
194 0.00454467 0.0168775 8.78974
195 0.00431114 0.0170851 8.77857
196 0.00406807 0.0172816 8.76758
197 0.00381602 0.0174665 8.75685
198 0.00355568 0.0176393 8.74646
199 0.00328755 0.0177997 8.73654
200 0.00301217 0.0179474 8.72718
201 0.00273008 0.018082 8.71841
202 0.00244202 0.0182033 8.71035
203 0.00214868 0.0183109 8.70306
204 0.00185063 0.0184047 8.69664
205 0.00154844 0.0184843 8.69105
206 0.00124279 0.0185498 8.68637
207 0.000934485 0.0186008 8.68265
208 0.000624188 0.0186374 8.67986
209 0.000312493 0.0186593 8.67782
210 0.00572216 0.00857928 8.6113
211 0.00587616 0.00885116 8.71176
212 0.00601724 0.00912993 8.76867
213 0.00614513 0.00941507 8.80552
214 0.00625954 0.00970595 8.83268
215 0.00636017 0.0100018 8.85333
216 0.00644681 0.010302 8.86941
217 0.00651929 0.010606 8.88192
218 0.00657746 0.010913 8.89171
219 0.00662118 0.0112226 8.89921
220 0.00665034 0.0115337 8.90469
221 0.00666488 0.0118458 8.90834
222 0.00666479 0.0121583 8.91041
223 0.00665004 0.0124705 8.91099
224 0.00662068 0.0127817 8.91018
225 0.00657679 0.013091 8.90808
226 0.00651845 0.013398 8.90476
227 0.00644577 0.0137019 8.90034
228 0.00635891 0.0140022 8.89486
229 0.00625809 0.014298 8.88841
230 0.00614355 0.0145887 8.88108
231 0.00601551 0.0148737 8.87294
232 0 0.0183571 8.60288
233 0 0.0180476 8.53385
234 0 0.0177381 8.46624
235 0 0.0174286 8.40053
236 0 0.017119 8.33688
237 0 0.0168095 8.27516
238 0 0.0165 8.21524
239 0 0.0161905 8.15709
240 0 0.015881 8.10068
241 0 0.0155714 8.04599
242 0 0.0152619 7.99298
243 0 0.0149524 7.9416
244 0 0.0146429 7.89181
245 0 0.0143333 7.84358
246 0 0.0140238 7.79684
247 0 0.0137143 7.75158
248 0 0.0134048 7.70773
249 0 0.0130952 7.66526
250 0 0.0127857 7.62413
251 0 0.0124762 7.58428
252 0 0.0121667 7.5457
253 0 0.0118571 7.50832
254 0 0.0115476 7.47212
255 0 0.0112381 7.43705
256 0 0.0109286 7.40307
257 0 0.010619 7.37029
258 0 0.0103095 7.33865
259 0.0048348 0.00125638 7.47023
260 0.00137456 -0.00857293 8.24112
261 0.0034587 -0.00571565 7.81854
262 0.00110182 0.00438451 6.97589
263 0.00476598 0.00225686 7.47461
264 0.00165774 -0.0095694 8.51937
265 0.00194853 -0.0095082 8.52108
266 0.00135673 -0.00961199 8.51504
267 0.00225036 -0.00943468 8.52341
268 0.00103986 -0.00963899 8.50898
269 0.00255211 -0.009361 8.52905
270 0.000723479 -0.00966673 8.50663
271 0.00284012 -0.00928484 8.53599
272 0.000390759 -0.00969456 8.50744
273 0.0031248 -0.00919609 8.54231
274 0.00339732 -0.00909352 8.54663
275 0.00368364 -0.00897295 8.551
276 0.00396984 -0.00885229 8.55862
277 0.000267764 -0.0092083 8.37213
278 0.00425616 -0.00873159 8.56955
279 0.000283915 -0.00891064 8.29373
280 0.00451099 -0.00860467 8.57721
281 0.000271001 -0.00859184 8.21199
282 0.00476476 -0.00845961 8.583
283 0.000271001 -0.00827891 8.13452
284 0.00502829 -0.00829506 8.58873
285 0.000271001 -0.00796599 8.05959
286 0.0052917 -0.00813048 8.59765
287 0.000271001 -0.00765306 7.9872
288 0.00555519 -0.00796584 8.60977
289 0.000271001 -0.00734014 7.91734
290 0.00578994 -0.0077991 8.61875
291 0.000271001 -0.00702721 7.84999
292 0.00601793 -0.00762164 8.62667
293 0.000271001 -0.00671429 7.78515
294 0.00625197 -0.00741729 8.63291
295 0.000271001 -0.00640136 7.72279
296 0.00648592 -0.00721299 8.64225
297 0.000271001 -0.00608844 7.66291
298 0.00671988 -0.00700857 8.65467
299 0.000271001 -0.00577551 7.6055
300 0.0069289 -0.00680749 8.66476
301 0.000271001 -0.00546259 7.55053
302 0.00712664 -0.0065997 8.67345
303 0.000271001 -0.00514966 7.49799
304 0.00732525 -0.00636074 8.67926
305 0.000271001 -0.00483673 7.44786
306 0.00752379 -0.00612188 8.68808
307 0.000271001 -0.00452381 7.40014
308 0.00772229 -0.0058829 8.69986
309 0.000271001 -0.00421088 7.35479
310 0.00789749 -0.00565238 8.70957
311 0.000271001 -0.00389796 7.31181
312 0.00806471 -0.00540754 8.71739
313 0.000271001 -0.00358503 7.27117
314 0.00822227 -0.00515079 8.72337
315 0.000271001 -0.00327211 7.23285
316 0.00838037 -0.00488342 8.73076
317 0.000271001 -0.00295918 7.19683
318 0.00853837 -0.00461594 8.74101
319 0.000271001 -0.00264626 7.16308
320 0.00867781 -0.0043611 8.75012
321 0.000271001 -0.00233333 7.1316
322 0.00880609 -0.00409385 8.75687
323 0.000271001 -0.00202041 7.10234
324 0.00892134 -0.00381571 8.76098
325 0.000271001 -0.00170748 7.07529
326 0.00903522 -0.00352624 8.76619
327 0.000271001 -0.00139456 7.05041
328 0.00914932 -0.00323734 8.77436
329 0.000271001 -0.00108163 7.02769
330 0.00924907 -0.00296337 8.782
331 0.000271001 -0.000768707 7.00709
332 0.00933558 -0.0026799 8.78708
333 0.000271001 -0.000455782 6.98857
334 0.00940496 -0.0023879 8.78852
335 0.000271001 -0.000142857 6.97212
336 0.00947101 -0.00208237 8.79064
337 0.000271001 0.000170068 6.95769
338 0.00953755 -0.00177648 8.79572
339 0.000271001 0.000482993 6.94525
340 0.00959718 -0.00148 8.8017
341 0.000271001 0.000795918 6.93477
342 0.00963907 -0.00118548 8.80442
343 0.000271001 0.00110884 6.9262
344 0.00966442 -0.000895357 8.80422
345 0.000271001 0.00142177 6.91951
346 0.00968168 -0.00058518 8.80335
347 0.000271001 0.00173469 6.91466
348 0.00969876 -0.000275034 8.80517
349 0.000271001 0.00204762 6.91161
350 0.00970952 2.28069e-05 8.8076
351 0.000271001 0.00236054 6.91031
352 0.00970724 0.000320959 8.80814
353 0.000271001 0.00267347 6.91073
354 0.00968814 0.000611422 8.80538
355 0.000271001 0.00298639 6.91281
356 0.00965587 0.000920413 8.80104
357 0.000271001 0.00329932 6.91651
358 0.00962348 0.00122932 8.79942
359 0.000271001 0.00361224 6.92179
360 0.0095911 0.00153834 8.80056
361 0.000271001 0.00392517 6.92859
362 0.00954389 0.00181889 8.798
363 0.000281307 0.00424661 6.93737
364 0.00947845 0.002104 8.79194
365 0.000295616 0.00456763 6.94777
366 0.00939748 0.00240394 8.78416
367 0.000271001 0.00486395 6.95793
368 0.00931646 0.00270379 8.77912
369 0.000224147 0.00512696 6.96763
370 0.00923539 0.00300372 8.77686
371 0.00914392 0.00327688 8.77145
372 0.00048796 0.00510253 6.9731
373 0.00904033 0.00354645 8.76415
374 0.00079578 0.00510973 6.98577
375 0.00891271 0.00382973 8.75302
376 0.00112705 0.00516819 7.00768
377 0.00878512 0.00411291 8.74465
378 0.00144605 0.00523455 7.03556
379 0.00865742 0.00439614 8.73902
380 0.00175957 0.00531276 7.06977
381 0.00852566 0.00465453 8.73151
382 0.0020785 0.00539376 7.11118
383 0.00838422 0.00490407 8.72213
384 0.00238631 0.0054989 7.15897
385 0.0082132 0.00516348 8.70741
386 0.00268474 0.00562754 7.21323
387 0.00804226 0.00542282 8.69529
388 0.00297787 0.00575595 7.2732
389 0.00787118 0.00568214 8.68569
390 0.00326724 0.00589605 7.33993
391 0.00770143 0.00591671 8.67463
392 0.00355031 0.00606052 7.41409
393 0.00751361 0.00614849 8.65961
394 0.00382013 0.00623619 7.49326
395 0.00731573 0.0063731 8.642
396 0.00409577 0.00641565 7.58193
397 0.00710577 0.00660201 8.62302
398 0.00435264 0.00661232 7.67509
399 0.00689567 0.00683084 8.60503
400 0.00459459 0.00683221 7.77441
401 0.00669222 0.00703802 8.58472
402 0.00483276 0.00705026 7.88152
403 0.00647382 0.00723854 8.55658
404 0.0050706 0.00728137 8.00077
405 0.00624105 0.00742961 8.51646
406 0.00530974 0.00754923 8.13935
407 0.00599467 0.00761205 8.4564
408 0.00553486 0.00789357 8.30341
409 0.000229202 -0.00945791 8.43943
410 0.00580296 0.00780551 8.40291
411 0.00145726 -0.00932434 8.44119
412 0.0017534 -0.00927558 8.44499
413 0.00203562 -0.00920943 8.44629
414 0.00115262 -0.00935758 8.43594
415 0.00233727 -0.00913589 8.45019
416 0.000826384 -0.00937602 8.42925
417 0.00262482 -0.00906266 8.4562
418 0.000517181 -0.00941245 8.43149
419 0.0028991 -0.00898239 8.46209
420 0.00316542 -0.0088915 8.4672
421 0.00343581 -0.00878469 8.4715
422 0.00372199 -0.00866415 8.47735
423 0.00400824 -0.00854342 8.48646
424 0.000597452 -0.00909317 8.34712
425 0.00425637 -0.00842337 8.49328
426 0.000541875 -0.00875075 8.25687
427 0.00450693 -0.00829022 8.49994
428 0.000541855 -0.00843537 8.17749
429 0.00475368 -0.00814858 8.50667
430 0.000541855 -0.00812245 8.10129
431 0.00501712 -0.00798409 8.5138
432 0.000541855 -0.00780952 8.02765
433 0.00528053 -0.00781945 8.52411
434 0.000541855 -0.0074966 7.95654
435 0.00551016 -0.00766132 8.53249
436 0.000541855 -0.00718367 7.88796
437 0.00573677 -0.00749186 8.54037
438 0.000541855 -0.00687075 7.82189
439 0.00595757 -0.00731632 8.54838
440 0.000541855 -0.00655782 7.75832
441 0.00619158 -0.00711204 8.55596
442 0.000541855 -0.0062449 7.69723
443 0.00642546 -0.00690769 8.5666
444 0.000541855 -0.00593197 7.63861
445 0.006631 -0.00671441 8.57587
446 0.000541855 -0.00561905 7.58245
447 0.00682909 -0.00651276 8.58433
448 0.000541855 -0.00530612 7.52872
449 0.00701853 -0.00630783 8.5926
450 0.000541855 -0.0049932 7.47743
451 0.00721716 -0.00606895 8.59971
452 0.000541855 -0.00468027 7.42854
453 0.00741559 -0.00583008 8.60977
454 0.000541855 -0.00436735 7.38204
455 0.00759108 -0.00560602 8.61912
456 0.000541855 -0.00405442 7.33792
457 0.00775569 -0.00537713 8.62726
458 0.000541855 -0.0037415 7.29615
459 0.00791402 -0.00513312 8.63388
460 0.000541855 -0.00342857 7.25671
461 0.00806921 -0.00487986 8.64087
462 0.000541855 -0.00311565 7.21959
463 0.00822261 -0.00461916 8.64905
464 0.000541855 -0.00280272 7.18476
465 0.00836796 -0.00436134 8.65799
466 0.000541855 -0.0024898 7.1522
467 0.00849557 -0.00411042 8.6651
468 0.000541855 -0.00217687 7.12189
469 0.0086137 -0.00384598 8.67022
470 0.000541855 -0.00186395 7.09379
471 0.00872713 -0.00357217 8.67542
472 0.000541855 -0.00155102 7.06789
473 0.00884147 -0.00328273 8.68202
474 0.000541855 -0.0012381 7.04416
475 0.00894231 -0.00300997 8.68869
476 0.000541855 -0.00092517 7.02257
477 0.00903225 -0.0027396 8.69458
478 0.000541855 -0.000612245 7.00308
479 0.00910578 -0.00246443 8.69727
480 0.000541855 -0.00029932 6.98568
481 0.00917342 -0.00217795 8.69971
482 0.000541855 1.36054e-05 6.97032
483 0.00923956 -0.00187184 8.7031
484 0.000541855 0.000326531 6.95697
485 0.00929852 -0.00157994 8.70763
486 0.000541855 0.000639456 6.94559
487 0.00934806 -0.00129382 8.71186
488 0.000541855 0.000952381 6.93616
489 0.00938115 -0.00101353 8.71327
490 0.000541855 0.00126531 6.92862
491 0.00940379 -0.000725286 8.71335
492 0.000541855 0.00157823 6.92295
493 0.00942097 -0.000415283 8.71373
494 0.000541855 0.00189116 6.9191
495 0.0094344 -0.000118543 8.71569
496 0.000541855 0.00220408 6.91703
497 0.00943731 0.000167318 8.71663
498 0.000541855 0.00251701 6.9167
499 0.00942761 0.000448435 8.71566
500 0.000541855 0.00282993 6.91806
501 0.00940378 0.000737904 8.71244
502 0.000541855 0.00314286 6.92106
503 0.0093715 0.00104675 8.70939
504 0.000541855 0.00345578 6.92567
505 0.00933905 0.00135572 8.70904
506 0.000541855 0.00376871 6.93185
507 0.00929621 0.00162802 8.70633
508 0.000554861 0.00408875 6.94019
509 0.00924383 0.00190445 8.70288
510 0.000572639 0.0044168 6.95046
511 0.0091776 0.00218368 8.69735
512 0.000613291 0.00478359 6.96453
513 0.00909666 0.00248353 8.69083
514 0.00901557 0.00278338 8.68702
515 0.00893042 0.00304947 8.68172
516 0.00883449 0.00331593 8.67524
517 0.00873063 0.00357732 8.66801
518 0.000988816 0.00486654 6.98614
519 0.00860308 0.00386055 8.65798
520 0.00133622 0.00493449 7.01312
521 0.00847541 0.00414368 8.65062
522 0.00166966 0.00500589 7.04619
523 0.00835012 0.00439647 8.64284
524 0.00199804 0.00508821 7.08612
525 0.00821465 0.00464456 8.63349
526 0.00232603 0.00518494 7.13367
527 0.00807354 0.00488533 8.62354
528 0.00263533 0.00530689 7.18679
529 0.0079026 0.00514475 8.60937
530 0.00293575 0.00544194 7.24597
531 0.00773161 0.00540397 8.59757
532 0.00324675 0.00557922 7.31441
533 0.00756814 0.00563696 8.586
534 0.00354714 0.00573771 7.38971
535 0.00739681 0.00586092 8.57227
536 0.00383612 0.00591636 7.47166
537 0.00721139 0.00608304 8.55541
538 0.00411792 0.00610063 7.56035
539 0.00701203 0.00630528 8.53548
540 0.00439829 0.00628594 7.65726
541 0.00680625 0.00652728 8.51405
542 0.00465196 0.00650752 7.75853
543 0.00660167 0.00674091 8.49103
544 0.00489201 0.00673735 7.86546
545 0.00639995 0.00693645 8.46362
546 0.00514031 0.00696861 7.98571
547 0.00619574 0.00712135 8.42942
548 0.00538819 0.00721974 8.12044
549 0.00594584 0.00730795 8.36979
550 0.0056555 0.00750511 8.28215
551 0.00156031 -0.00904563 8.37243
552 0.00126461 -0.00907664 8.36558
553 0.00183958 -0.00897895 8.3719
554 0.00212259 -0.00891075 8.37419
555 0.000950821 -0.00910522 8.36054
556 0.00242416 -0.00883702 8.37961
557 0.00268468 -0.00875952 8.38349
558 0.00294164 -0.00867814 8.3886
559 0.00320808 -0.00857988 8.39312
560 0.00347424 -0.00847596 8.39901
561 0.00376031 -0.0083553 8.40631
562 0.00401008 -0.00823634 8.41213
563 0.00425453 -0.00811535 8.4193
564 0.000818458 -0.00858806 8.2227
565 0.00449773 -0.00798084 8.42567
566 0.000812709 -0.00827891 8.14601
567 0.0047426 -0.00783762 8.43295
568 0.000812709 -0.00796599 8.07112
569 0.0050059 -0.0076731 8.44146
570 0.000812709 -0.00765306 7.99877
571 0.00523768 -0.00751584 8.44891
572 0.000812709 -0.00734014 7.92897
573 0.00545969 -0.00735578 8.45648
574 0.000812709 -0.00702721 7.86168
575 0.00567953 -0.00718818 8.46452
576 0.000812709 -0.00671429 7.7969
577 0.00589724 -0.00701103 8.47269
578 0.000812709 -0.00640136 7.73461
579 0.00613111 -0.00680682 8.48158
580 0.000812709 -0.00608844 7.6748
581 0.00633888 -0.00661447 8.49001
582 0.000812709 -0.00577551 7.61746
583 0.00653709 -0.00642083 8.49857
584 0.000812709 -0.00546259 7.56257
585 0.00672378 -0.0062211 8.50575
586 0.000812709 -0.00514966 7.51011
587 0.00691048 -0.00601597 8.51436
588 0.000812709 -0.00483673 7.46008
589 0.00710265 -0.00578307 8.52213
590 0.000812709 -0.00452381 7.41244
591 0.00728678 -0.00555403 8.53131
592 0.000812709 -0.00421088 7.3672
593 0.00745114 -0.00533276 8.53918
594 0.000812709 -0.00389796 7.32432
595 0.00760626 -0.00510588 8.5461
596 0.000812709 -0.00358503 7.28379
597 0.00775799 -0.00487626 8.55403
598 0.000812709 -0.00327211 7.24558
599 0.00791609 -0.00460904 8.56102
600 0.000812709 -0.00295918 7.20969
601 0.00805941 -0.00435853 8.56884
602 0.000812709 -0.00264626 7.17608
603 0.00818777 -0.00411212 8.57536
604 0.000812709 -0.00233333 7.14473
605 0.00830459 -0.00386561 8.58082
606 0.000812709 -0.00202041 7.11562
607 0.00841985 -0.00359969 8.58601
608 0.000812709 -0.00170748 7.08872
609 0.00853322 -0.00332826 8.59259
610 0.000812709 -0.00139456 7.06401
611 0.00863516 -0.00305629 8.59822
612 0.000812709 -0.00108163 7.04145
613 0.00872642 -0.00278826 8.60337
614 0.000812709 -0.000768707 7.02103
615 0.00880271 -0.00253155 8.60707
616 0.000812709 -0.000455782 7.0027
617 0.00887403 -0.00225152 8.60978
618 0.000812709 -0.000142857 6.98644
619 0.00894162 -0.00196766 8.61351
620 0.000812709 0.000170068 6.97222
621 0.00900055 -0.00167635 8.61662
622 0.000812709 0.000482993 6.95999
623 0.00905375 -0.00139062 8.62068
624 0.000812709 0.000795918 6.94973
625 0.00909305 -0.00112468 8.62338
626 0.000812709 0.00110884 6.94139
627 0.00912214 -0.000843621 8.6245
628 0.000812709 0.00142177 6.93494
629 0.00914322 -0.000555366 8.62519
630 0.000812709 0.00173469 6.93034
631 0.0091602 -0.000245375 8.62678
632 0.000812709 0.00204762 6.92754
633 0.0091619 2.787e-05 8.62616
634 0.000812709 0.00236054 6.92651
635 0.00915855 0.000297205 8.62603
636 0.000812709 0.00267347 6.92719
637 0.00914178 0.000580102 8.62382
638 0.000812709 0.00298639 6.92955
639 0.0091195 0.000864297 8.62214
640 0.000812709 0.00329932 6.93355
641 0.00908707 0.00117307 8.6203
642 0.000823157 0.00361771 6.93974
643 0.00904573 0.00144663 8.61691
644 0.00083111 0.00393213 6.94733
645 0.00900092 0.00171567 8.61436
646 0.000835204 0.00423989 6.95611
647 0.00894122 0.00198854 8.60937
648 0.000878393 0.00456691 6.96887
649 0.00887682 0.00226334 8.60522
650 0.00879581 0.00256306 8.59987
651 0.00871222 0.00283123 8.5939
652 0.00862366 0.00309362 8.58808
653 0.0085273 0.00334844 8.58126
654 0.00842098 0.0036082 8.57394
655 0.00121597 0.0046392 6.99239
656 0.00829344 0.00389128 8.56485
657 0.00155649 0.00469067 7.02217
658 0.00816969 0.00414593 8.55617
659 0.00189972 0.00477557 7.06064
660 0.00804192 0.00439182 8.54731
661 0.00224584 0.00485625 7.10677
662 0.00790498 0.00462845 8.53645
663 0.00258346 0.00497257 7.16097
664 0.00776288 0.00486666 8.52615
665 0.00290087 0.00511719 7.22101
666 0.00759579 0.00511816 8.51215
667 0.00321944 0.00525418 7.28841
668 0.00743006 0.00536084 8.49922
669 0.00353331 0.00540598 7.36354
670 0.007266 0.0055824 8.48509
671 0.00383526 0.00558225 7.44571
672 0.00709362 0.00579672 8.46847
673 0.00413135 0.00577118 7.53581
674 0.00691825 0.0060085 8.45136
675 0.00442643 0.0059615 7.63465
676 0.00670843 0.00623737 8.42691
677 0.00470885 0.00617502 7.74127
678 0.00650729 0.00644461 8.40064
679 0.00496223 0.00641472 7.85119
680 0.00630984 0.00664146 8.37183
681 0.00520317 0.0066477 7.96563
682 0.00611446 0.00682359 8.33774
683 0.00544978 0.00688212 8.09243
684 0.00594396 0.00702873 8.31279
685 0.00568402 0.00712208 8.22517
686 0.000797547 -0.00886593 8.29308
687 0.00138699 -0.00884384 8.31079
688 0.00164803 -0.00875183 8.30134
689 0.00110025 -0.00877977 8.28119
690 0.00191359 -0.00867879 8.29971
691 0.00219872 -0.00861096 8.30363
692 0.00247 -0.00853666 8.30769
693 0.00272818 -0.00845591 8.31166
694 0.00298316 -0.00837069 8.31678
695 0.00324347 -0.00827611 8.32277
696 0.00351251 -0.00816724 8.32913
697 0.00376518 -0.00804873 8.33392
698 0.00401007 -0.00792737 8.33962
699 0.00424266 -0.00780673 8.3462
700 0.00109852 -0.00843676 8.19479
701 0.0044856 -0.00767294 8.35382
702 0.00109954 -0.00812436 8.11883
703 0.0047314 -0.00752674 8.36182
704 0.00109378 -0.00781241 8.04524
705 0.00496781 -0.00736951 8.36853
706 0.00108356 -0.0074966 7.97314
707 0.0051861 -0.00721219 8.37458
708 0.00108356 -0.00718367 7.90465
709 0.00540175 -0.00705496 8.38255
710 0.00108356 -0.00687075 7.83867
711 0.00561963 -0.00688745 8.39127
712 0.00108356 -0.00655782 7.77519
713 0.00583687 -0.00670586 8.39959
714 0.00108356 -0.0062449 7.71419
715 0.0060492 -0.00651354 8.40743
716 0.00108356 -0.00593197 7.65568
717 0.00624564 -0.00632004 8.4142
718 0.00108356 -0.00561905 7.59963
719 0.00642811 -0.00613173 8.42115
720 0.00108356 -0.00530612 7.54602
721 0.00661474 -0.00593183 8.42927
722 0.00108356 -0.0049932 7.49485
723 0.00680113 -0.00571956 8.43766
724 0.00108356 -0.00468027 7.4461
725 0.00698343 -0.00550044 8.44646
726 0.00108356 -0.00436735 7.39974
727 0.00714817 -0.00527964 8.45311
728 0.00108356 -0.00405442 7.35577
729 0.00730192 -0.00506092 8.45959
730 0.00108356 -0.0037415 7.31416
731 0.00745356 -0.00483723 8.46702
732 0.00108356 -0.00342857 7.27489
733 0.00760304 -0.00459931 8.47422
734 0.00108356 -0.00311565 7.23795
735 0.00774434 -0.00435526 8.48082
736 0.00108356 -0.00280272 7.2033
737 0.0078754 -0.00411038 8.48689
738 0.00108356 -0.0024898 7.17094
739 0.00799644 -0.00386815 8.49275
740 0.00108356 -0.00217687 7.14084
741 0.00811122 -0.00362358 8.49877
742 0.00108356 -0.00186395 7.11296
743 0.00822405 -0.00336504 8.50504
744 0.00108356 -0.00155102 7.0873
745 0.00832873 -0.00309902 8.51061
746 0.00108356 -0.0012381 7.06381
747 0.00841924 -0.00283554 8.51459
748 0.00108356 -0.00092517 7.04247
749 0.00849777 -0.00258066 8.51791
750 0.00108356 -0.000612245 7.02326
751 0.00857288 -0.0023238 8.52213
752 0.00108356 -0.00029932 7.00613
753 0.00864383 -0.00204713 8.52599
754 0.00108356 1.36054e-05 6.99107
755 0.00870269 -0.00176746 8.52834
756 0.00108356 0.000326531 6.97803
757 0.00875574 -0.00148581 8.53118
758 0.00108356 0.000639456 6.96697
759 0.00879858 -0.00121626 8.53365
760 0.00108356 0.000952381 6.95788
761 0.00883367 -0.000952485 8.53602
762 0.00108356 0.00126531 6.95069
763 0.00886259 -0.000677028 8.53824
764 0.00108356 0.00157823 6.94538
765 0.00888254 -0.00038562 8.53962
766 0.00108356 0.00189116 6.9419
767 0.00888597 -0.000109402 8.53833
768 0.00108356 0.00220408 6.94022
769 0.00888427 0.000161258 8.53756
770 0.00108356 0.00251701 6.94028
771 0.00887635 0.00042684 8.53686
772 0.00108356 0.00282993 6.94204
773 0.00886128 0.000701573 8.53609
774 0.00108356 0.00314286 6.94546
775 0.00883518 0.000990528 8.53437
776 0.00109591 0.00346335 6.9514
777 0.00879512 0.00126674 8.53021
778 0.00111067 0.00378312 6.95916
779 0.00875007 0.0015363 8.52639
780 0.00113331 0.00410433 6.96914
781 0.00870213 0.00179389 8.52319
782 0.00864463 0.00206521 8.51974
783 0.00857607 0.00234286 8.51542
784 0.00849424 0.00261473 8.50888
785 0.00840713 0.00287003 8.5016
786 0.00831919 0.0031213 8.49573
787 0.00822213 0.00337842 8.4896
788 0.00811142 0.00363901 8.48173
789 0.00143153 0.0043429 6.99845
790 0.00798901 0.00389802 8.4723
791 0.00179259 0.00445164 7.03615
792 0.00786086 0.00414217 8.46152
793 0.00214532 0.00453836 7.07998
794 0.00773363 0.00437144 8.45106
795 0.0025198 0.00459671 7.13348
796 0.00759652 0.00460807 8.44029
797 0.00285323 0.00478039 7.19498
798 0.00744749 0.00484805 8.42814
799 0.00317896 0.00492549 7.26124
800 0.00729072 0.00508611 8.41509
801 0.0035135 0.00506349 7.33693
802 0.00712725 0.00530785 8.39902
803 0.0038302 0.00523186 7.41891
804 0.00696241 0.00551886 8.38192
805 0.00413114 0.00543215 7.508
806 0.00679123 0.00572876 8.36336
807 0.00443372 0.00562783 7.60592
808 0.00660406 0.00594108 8.34044
809 0.00477278 0.00580332 7.72212
810 0.00640629 0.00614581 8.31214
811 0.00503256 0.00608545 7.83567
812 0.00620985 0.00634547 8.2817
813 0.00527596 0.00632397 7.94815
814 0.00602092 0.00654081 8.25045
815 0.00550223 0.00655586 8.06215
816 0.00577305 0.00677476 8.19967
817 0.00400021 0.00309114 7.33789
818 0.00168213 -0.00845043 8.22759
819 0.00196786 -0.00838266 8.22971
820 0.0022567 -0.00831726 8.23567
821 0.00251467 -0.00823276 8.23728
822 0.00276615 -0.00815014 8.2413
823 0.003018 -0.00806597 8.24747
824 0.0032738 -0.00797216 8.25431
825 0.00352479 -0.00785968 8.25882
826 0.00376474 -0.00774011 8.26285
827 0.00399957 -0.00761811 8.26808
828 0.00423216 -0.00749433 8.27501
829 0.0013962 -0.0082759 8.16883
830 0.00446914 -0.0073725 8.28543
831 0.00138576 -0.00797564 8.09652
832 0.00470908 -0.00721996 8.29226
833 0.00136171 -0.00765255 8.02073
834 0.00491996 -0.00706466 8.2961
835 0.00135442 -0.00734014 7.95081
836 0.00513095 -0.00690879 8.30215
837 0.00135442 -0.00702721 7.88363
838 0.00534224 -0.00675231 8.31045
839 0.00135442 -0.00671429 7.81896
840 0.00555666 -0.00659544 8.32159
841 0.00135442 -0.00640136 7.7568
842 0.0057703 -0.00640863 8.32927
843 0.00135442 -0.00608844 7.69712
844 0.00595403 -0.00621944 8.33277
845 0.00135442 -0.00577551 7.63992
846 0.00613674 -0.00603158 8.33854
847 0.00135442 -0.00546259 7.58517
848 0.00631863 -0.00584163 8.34598
849 0.00135442 -0.00514966 7.53288
850 0.00650151 -0.00564679 8.35506
851 0.00135442 -0.00483673 7.48301
852 0.00667832 -0.00543923 8.36295
853 0.00135442 -0.00452381 7.43556
854 0.0068447 -0.00522474 8.36959
855 0.00135442 -0.00421088 7.39051
856 0.00699762 -0.00500992 8.37515
857 0.00135442 -0.00389796 7.34783
858 0.00714793 -0.00479348 8.38198
859 0.00135442 -0.00358503 7.30751
860 0.00729704 -0.00457263 8.39006
861 0.00135442 -0.00327211 7.26954
862 0.007439 -0.00433988 8.39693
863 0.00135442 -0.00295918 7.23388
864 0.00756979 -0.00410147 8.4024
865 0.00135442 -0.00264626 7.20052
866 0.00768824 -0.00386438 8.40689
867 0.00135442 -0.00233333 7.16944
868 0.0078031 -0.00362752 8.41253
869 0.00135442 -0.00202041 7.14062
870 0.00791623 -0.00338589 8.41929
871 0.00135442 -0.00170748 7.11402
872 0.00802426 -0.00313282 8.42569
873 0.00135442 -0.00139456 7.08962
874 0.00811426 -0.00287551 8.42879
875 0.00135442 -0.00108163 7.0674
876 0.00819315 -0.00262497 8.43137
877 0.00135442 -0.000768707 7.04732
878 0.008269 -0.00237398 8.43505
879 0.00135442 -0.000455782 7.02936
880 0.00834219 -0.00211821 8.43967
881 0.00135442 -0.000142857 7.01349
882 0.00840792 -0.00184906 8.44339
883 0.00135442 0.000170068 6.99966
884 0.00846107 -0.00157624 8.4454
885 0.00135442 0.000482993 6.98786
886 0.0085032 -0.00130966 8.44655
887 0.00135442 0.000795918 6.97803
888 0.00854024 -0.00104863 8.44844
889 0.00135442 0.00110884 6.97015
890 0.00857416 -0.000790487 8.45146
891 0.00135442 0.00142177 6.96417
892 0.00860139 -0.000517296 8.45412
893 0.00135442 0.00173469 6.96006
894 0.00861063 -0.000243376 8.45342
895 0.00135442 0.00204762 6.95777
896 0.00860855 2.52084e-05 8.45137
897 0.00135442 0.00236054 6.95726
898 0.00860247 0.000285291 8.45009
899 0.00135442 0.00267347 6.95847
900 0.00859472 0.000547332 8.45026
901 0.00135442 0.00298639 6.96137
902 0.0085792 0.000818729 8.45019
903 0.00136814 0.00330764 6.96708
904 0.00854441 0.00109164 8.44632
905 0.00138412 0.00362852 6.97471
906 0.00849968 0.00135592 8.4412
907 0.00141067 0.00396609 6.9853
908 0.00845107 0.00161602 8.43673
909 0.00840014 0.00187453 8.43344
910 0.00835234 0.00213666 8.4333
911 0.00827602 0.00241055 8.42724
912 0.00818861 0.00265744 8.41799
913 0.00810071 0.00290458 8.41049
914 0.00801229 0.0031522 8.40476
915 0.00792442 0.00340292 8.40136
916 0.00780766 0.00366159 8.39204
917 0.00171113 0.00412631 7.0168
918 0.00767993 0.00389229 8.37836
919 0.00203314 0.00421923 7.0545
920 0.00755318 0.00412167 8.36648
921 0.00233436 0.00427141 7.09431
922 0.00742424 0.0043509 8.35551
923 0.0028648 0.00445539 7.18142
924 0.00729088 0.00458246 8.34506
925 0.00314425 0.00460235 7.23743
926 0.00714358 0.00481191 8.33161
927 0.00345947 0.00473187 7.30565
928 0.00698662 0.00503338 8.31542
929 0.00383412 0.00484254 7.39319
930 0.00682538 0.0052427 8.29707
931 0.00413465 0.00508933 7.48238
932 0.0066618 0.00545012 8.27826
933 0.00441978 0.00528232 7.57208
934 0.00648806 0.00565667 8.25631
935 0.00469873 0.00543648 7.66415
936 0.00630484 0.00586079 8.23044
937 0.00514734 0.00577914 7.83701
938 0.0060956 0.00604912 8.19193
939 0.00538003 0.00600132 7.94119
940 0.00591412 0.00624373 8.16152
941 0.00559267 0.00623626 8.04719
942 0.00576433 0.00646498 8.1443
943 0.0026268 0.00427868 7.13632
944 0.00497294 0.00553643 7.75572
945 0.00173216 -0.00811485 8.14901
946 0.00205279 -0.00812064 8.17259
947 0.00229728 -0.00800875 8.16518
948 0.00254981 -0.00792814 8.16837
949 0.00280101 -0.00784492 8.1733
950 0.00304813 -0.00776414 8.18083
951 0.00329247 -0.00767073 8.18753
952 0.00352207 -0.00755223 8.18914
953 0.00375514 -0.00743135 8.19303
954 0.00398887 -0.00730606 8.19844
955 0.00421987 -0.0071739 8.20443
956 0.00446749 -0.00710517 8.22875
957 0.00165282 -0.00779383 8.06904
958 0.00464949 -0.00691822 8.21994
959 0.00161444 -0.00748205 7.99629
960 0.00485928 -0.00676329 8.22461
961 0.00162527 -0.00718367 7.93179
962 0.00507011 -0.00660729 8.23155
963 0.00162527 -0.00687075 7.86594
964 0.00527944 -0.00645028 8.24032
965 0.00162527 -0.00655782 7.8026
966 0.00551267 -0.00633201 8.26335
967 0.00162527 -0.0062449 7.74177
968 0.00566352 -0.00611776 8.25432
969 0.00162527 -0.00593197 7.68342
970 0.00584555 -0.00593061 8.25874
971 0.00162527 -0.00561905 7.62755
972 0.0060254 -0.00574347 8.26491
973 0.00162527 -0.00530612 7.57414
974 0.00620544 -0.00555264 8.27271
975 0.00162527 -0.0049932 7.52317
976 0.00638371 -0.00536812 8.2833
977 0.00162527 -0.00468027 7.47463
978 0.00654829 -0.00516416 8.28984
979 0.00162527 -0.00436735 7.42851
980 0.0066973 -0.00495446 8.29395
981 0.00162527 -0.00405442 7.38478
982 0.00684411 -0.00474195 8.29922
983 0.00162527 -0.0037415 7.34343
984 0.00699006 -0.00452708 8.30606
985 0.00162527 -0.00342857 7.30443
986 0.00713655 -0.00431472 8.31544
987 0.00162527 -0.00311565 7.26778
988 0.00726829 -0.00408588 8.32108
989 0.00162527 -0.00280272 7.23344
990 0.00738221 -0.0038565 8.32405
991 0.00162527 -0.0024898 7.2014
992 0.00749481 -0.00362356 8.3283
993 0.00162527 -0.00217687 7.17164
994 0.0076067 -0.00338958 8.33429
995 0.00162527 -0.00186395 7.14413
996 0.00771876 -0.00315623 8.34241
997 0.00162527 -0.00155102 7.11884
998 0.00781301 -0.002911 8.34656
999 0.00162527 -0.0012381 7.09576
1000 0.00788948 -0.00266526 8.34767
1001 0.00162527 -0.00092517 7.07484
1002 0.00796467 -0.00241872 8.35034
1003 0.00162527 -0.000612245 7.05607
1004 0.00803888 -0.00217089 8.35459
1005 0.00162527 -0.00029932 7.03941
1006 0.00810886 -0.00191776 8.35928
1007 0.00162527 1.36054e-05 7.02484
1008 0.00816633 -0.00165911 8.36207
1009 0.00162527 0.000326531 7.01231
1010 0.00820844 -0.00139677 8.36223
1011 0.00162527 0.000639456 7.00179
1012 0.00824594 -0.00113967 8.36326
1013 0.00162527 0.000952381 6.99325
1014 0.00828117 -0.000884314 8.36562
1015 0.00162527 0.00126531 6.98665
1016 0.00831418 -0.000630085 8.36927
1017 0.00162527 0.00157823 6.98194
1018 0.00833968 -0.000369986 8.37249
1019 0.00162527 0.00189116 6.97909
1020 0.00833274 -0.000110941 8.36789
1021 0.00162527 0.00220408 6.97805
1022 0.00832694 0.000148354 8.36556
1023 0.00162527 0.00251701 6.97878
1024 0.00832066 0.000406537 8.365
1025 0.00162527 0.00282993 6.98122
1026 0.00831309 0.000664463 8.36595
1027 0.0016407 0.00314893 6.98677
1028 0.00829604 0.000924632 8.366
1029 0.00167036 0.00347081 6.99541
1030 0.00824943 0.00117827 8.35882
1031 0.001687 0.0037912 7.00474
1032 0.00820153 0.00143639 8.35329
1033 0.00814936 0.00169636 8.34849
1034 0.00808993 0.00195578 8.34346
1035 0.00809604 0.00221268 8.36003
1036 0.00796997 0.00244112 8.33666
1037 0.00788259 0.00268686 8.32787
1038 0.00779452 0.00293389 8.32082
1039 0.00770504 0.00317977 8.31508
1040 0.00765956 0.00343729 8.32538
1041 0.00749833 0.00364384 8.29785
1042 0.00193455 0.00394436 7.03449
1043 0.00737197 0.00387214 8.28438
1044 0.00221985 0.00394213 7.06781
1045 0.00724516 0.00409885 8.2721
1046 0.00711484 0.00432646 8.26029
1047 0.00315494 0.004264 7.2229
1048 0.00699001 0.00455062 8.25097
1049 0.00339074 0.00443817 7.27603
1050 0.00684261 0.00476732 8.23512
1051 0.00368736 0.00447696 7.33887
1052 0.0066852 0.00497079 8.21522
1053 0.00421718 0.00475838 7.47859
1054 0.00652432 0.00517541 8.19486
1055 0.00441948 0.00498652 7.54774
1056 0.00635914 0.00538029 8.17332
1057 0.0046998 0.00508815 7.63225
1058 0.00617903 0.00558099 8.14609
1059 0.00602384 0.00578143 8.1259
1060 0.00549067 0.00567543 7.93527
1061 0.00574635 0.00592158 8.05383
1062 0.00254009 0.00399296 7.1125
1063 0.00286404 0.00410465 7.16613
1064 0.00400787 0.00451891 7.41245
1065 0.00497883 0.00523148 7.72589
1066 0.00525157 0.00544232 7.83083
1067 0.00199419 -0.00783683 8.10148
1068 0.00232229 -0.00771827 8.10003
1069 0.00258856 -0.0076199 8.10146
1070 0.00283764 -0.00753919 8.10787
1071 0.00307667 -0.0075062 8.1262
1072 0.0032733 -0.00736522 8.11774
1073 0.00350795 -0.00724564 8.12069
1074 0.00374926 -0.0071174 8.12513
1075 0.00399916 -0.0069849 8.13249
1076 0.00430594 -0.00684598 8.14998
1077 0.00456227 -0.00663559 8.14928
1078 0.00187966 -0.00732879 7.97954
1079 0.00479907 -0.0064619 8.15569
1080 0.00189612 -0.00702721 7.91611
1081 0.00503217 -0.0062876 8.16418
1082 0.00189612 -0.00671429 7.85159
1083 0.00531102 -0.00609942 8.1816
1084 0.00189612 -0.00640136 7.7896
1085 0.00189612 -0.00608844 7.73012
1086 0.00553093 -0.0058528 8.1812
1087 0.00189612 -0.00577551 7.67312
1088 0.00572948 -0.0056488 8.18683
1089 0.00189612 -0.00546259 7.61861
1090 0.00591561 -0.00545259 8.19367
1091 0.00189612 -0.00514966 7.56655
1092 0.0060881 -0.00525752 8.20009
1093 0.00189612 -0.00483673 7.51693
1094 0.00629198 -0.00512017 8.22451
1095 0.00189612 -0.00452381 7.46975
1096 0.00639549 -0.00489771 8.21511
1097 0.00189612 -0.00421088 7.42497
1098 0.0065403 -0.00468946 8.21926
1099 0.00189612 -0.00389796 7.3826
1100 0.00668914 -0.00447391 8.22543
1101 0.00189612 -0.00358503 7.34259
1102 0.00682611 -0.0042523 8.2301
1103 0.00189612 -0.00327211 7.30495
1104 0.00700754 -0.0040845 8.25456
1105 0.00189612 -0.00295918 7.26965
1106 0.00707547 -0.0038469 8.24373
1107 0.00189612 -0.00264626 7.23667
1108 0.00718632 -0.00361855 8.24682
1109 0.00189612 -0.00233333 7.20598
1110 0.00730001 -0.00338112 8.2517
1111 0.00189612 -0.00202041 7.17757
1112 0.00740513 -0.00314304 8.25636
1113 0.00189612 -0.00170748 7.15141
1114 0.00755389 -0.00294872 8.27879
1115 0.00189612 -0.00139456 7.12748
1116 0.00758602 -0.00270369 8.26673
1117 0.00189612 -0.00108163 7.10575
1118 0.00766064 -0.00246046 8.26832
1119 0.00189612 -0.000768707 7.08619
1120 0.00773408 -0.002217 8.27151
1121 0.00189612 -0.000455782 7.06878
1122 0.00781102 -0.0019751 8.27768
1123 0.00189612 -0.000142857 7.05347
1124 0.00787425 -0.00172937 8.28167
1125 0.00189612 0.000170068 7.04025
1126 0.00791336 -0.00147963 8.28045
1127 0.00189612 0.000482993 7.02907
1128 0.00794975 -0.00122584 8.28014
1129 0.00189612 0.000795918 7.0199
1130 0.00798724 -0.00097327 8.28211
1131 0.00189612 0.00110884 7.01271
1132 0.00802097 -0.000721479 8.28492
1133 0.00189612 0.00142177 7.00744
1134 0.00809653 -0.00048868 8.30226
1135 0.00189612 0.00173469 7.00407
1136 0.00805798 -0.000248766 8.2875
1137 0.00189612 0.00204762 7.00255
1138 0.00805022 1.11477e-05 8.2834
1139 0.00189612 0.00236054 7.00283
1140 0.00804535 0.000271407 8.28209
1141 0.00189612 0.00267347 7.00488
1142 0.00803828 0.000527026 8.28203
1143 0.00189612 0.00298639 7.00866
1144 0.00807682 0.000766413 8.29712
1145 0.00193348 0.0032998 7.01787
1146 0.0079981 0.000993758 8.27865
1147 0.00201584 0.00364087 7.03451
1148 0.00795249 0.00125383 8.27258
1149 0.0078996 0.00152201 8.26663
1150 0.00784516 0.00179952 8.26272
1151 0.00780112 0.00213332 8.26718
1152 0.00767331 0.00244037 8.2486
1153 0.00757672 0.00271671 8.23961
1154 0.0074749 0.00299154 8.23114
1155 0.00737815 0.00331192 8.23035
1156 0.00720508 0.00359429 8.20649
1157 0.00706818 0.00384378 8.19188
1158 0.00693497 0.00407818 8.17824
1159 0.00679837 0.00429984 8.16341
1160 0.00350602 0.00412618 7.28265
1161 0.00672612 0.00453481 8.17035
1162 0.00654328 0.00469844 8.13624
1163 0.00638698 0.00490009 8.11512
1164 0.00460758 0.00472258 7.57575
1165 0.00622737 0.00510339 8.09332
1166 0.0060651 0.00531605 8.07177
1167 0.00583939 0.00555554 8.03275
1168 0.00185411 -0.0075928 8.03633
1169 0.00240118 0.00367772 7.08279
1170 0.00315535 0.00392121 7.20784
1171 0.00387685 0.00417414 7.36253
1172 0.00436805 0.0044471 7.49388
1173 0.0049475 0.00489607 7.68417
1174 0.00555035 0.00534336 7.91251
1175 0.00279999 0.00372732 7.14167
1176 0.00529349 0.0050517 7.80043
1177 0.00238231 -0.00739943 8.03396
1178 0.00265117 -0.00730144 8.03718
1179 0.0029646 -0.00722667 8.05293
1180 0.00324136 -0.00706488 8.04997
1181 0.00349578 -0.00693789 8.05472
1182 0.00374392 -0.00680303 8.05982
1183 0.00400679 -0.00665875 8.06793
1184 0.0042684 -0.00649593 8.0754
1185 0.00450894 -0.00632306 8.08081
1186 0.002146 -0.00720133 7.97156
1187 0.0047464 -0.00614686 8.08803
1188 0.00216348 -0.00688457 7.90632
1189 0.00498547 -0.00596742 8.09787
1190 0.00217149 -0.0065671 7.84281
1191 0.00521967 -0.0057633 8.1056
1192 0.00217466 -0.00625363 7.78227
1193 0.00217474 -0.00593898 7.72379
1194 0.00542841 -0.00555521 8.1109
1195 0.00216698 -0.00561905 7.66626
1196 0.00563093 -0.00535463 8.11893
1197 0.00216698 -0.00530612 7.61312
1198 0.00582497 -0.00514956 8.1271
1199 0.00216698 -0.0049932 7.56243
1200 0.00606136 -0.00492817 8.1446
1201 0.00216698 -0.00468027 7.51419
1202 0.00216698 -0.00436735 7.46838
1203 0.00622699 -0.00465546 8.14266
1204 0.00216698 -0.00405442 7.42499
1205 0.00638874 -0.00442384 8.14824
1206 0.00216698 -0.0037415 7.38398
1207 0.0065481 -0.00418807 8.15523
1208 0.00216698 -0.00342857 7.34536
1209 0.0067485 -0.00393033 8.17201
1210 0.00216698 -0.00311565 7.3091
1211 0.00216698 -0.00280272 7.27519
1212 0.00687164 -0.00363514 8.16907
1213 0.00216698 -0.0024898 7.24359
1214 0.00699577 -0.00337993 8.17337
1215 0.00216698 -0.00217687 7.2143
1216 0.00711478 -0.00312142 8.17847
1217 0.00216698 -0.00186395 7.18728
1218 0.0072685 -0.00283759 8.19283
1219 0.00216698 -0.00155102 7.16252
1220 0.00216698 -0.0012381 7.13998
1221 0.00734772 -0.00252564 8.18858
1222 0.00216698 -0.00092517 7.11965
1223 0.00742671 -0.0022583 8.19025
1224 0.00216698 -0.000612245 7.1015
1225 0.0075045 -0.00201299 8.19526
1226 0.00216698 -0.00029932 7.08549
1227 0.00761941 -0.00179962 8.21432
1228 0.00216698 1.36054e-05 7.07159
1229 0.00761705 -0.0015584 8.20094
1230 0.00216698 0.000326531 7.05977
1231 0.00765311 -0.00131188 8.19974
1232 0.00216698 0.000639456 7.05001
1233 0.00769178 -0.00105244 8.20064
1234 0.00216698 0.000952381 7.04225
1235 0.00773009 -0.000778366 8.20303
1236 0.00216698 0.00126531 7.03647
1237 0.00778799 -0.000464525 8.21241
1238 0.00216698 0.00157823 7.03261
1239 0.00216698 0.00189116 7.03065
1240 0.00777375 -0.000146731 8.20427
1241 0.00216698 0.00220408 7.03053
1242 0.00776938 0.000136185 8.20173
1243 0.00217212 0.00252484 7.03285
1244 0.00776391 0.000419793 8.20113
1245 0.00217727 0.00284316 7.03702
1246 0.00777466 0.000740731 8.20801
1247 0.00214422 0.0031194 7.03785
1248 0.00226129 0.00337531 7.05699
1249 0.00770632 0.0010526 8.19493
1250 0.00765465 0.00133185 8.18825
1251 0.00759702 0.00160886 8.18193
1252 0.00753842 0.00190142 8.17825
1253 0.0074576 0.00219704 8.1708
1254 0.0073577 0.00248175 8.15959
1255 0.00725692 0.0027606 8.14996
1256 0.00715337 0.00304505 8.14212
1257 0.00702589 0.00332461 8.1292
1258 0.00689054 0.00358221 8.11392
1259 0.0067586 0.00383417 8.10065
1260 0.0066189 0.00407874 8.08573
1261 0.00647543 0.00436985 8.07617
1262 0.00626581 0.00460525 8.04169
1263 0.00609474 0.00482608 8.01708
1264 0.0059395 0.00504482 7.99696
1265 0.00581376 0.00525605 7.98482
1266 0.00417015 0.00422284 7.43179
1267 0.00212552 -0.00751821 8.03921
1268 0.00378726 0.00384665 7.32639
1269 0.00344808 0.00374281 7.2542
1270 0.00470168 0.00436791 7.57293
1271 0.00490425 0.00459539 7.64559
1272 0.002599 0.00340571 7.1025
1273 0.0031448 0.00357916 7.19312
1274 0.00520779 0.00467644 7.73781
1275 0.00563536 0.00503156 7.90193
1276 0.00241547 -0.00708144 7.96847
1277 0.00269994 -0.00697312 7.97233
1278 0.00297779 -0.0068612 7.97806
1279 0.0032385 -0.00674944 7.98499
1280 0.00348682 -0.00662943 7.99151
1281 0.00372734 -0.00648714 7.99527
1282 0.00398212 -0.00633627 8.0022
1283 0.00422479 -0.00617564 8.00849
1284 0.00445998 -0.00600767 8.01516
1285 0.00469065 -0.00583354 8.0228
1286 0.00244107 -0.00675272 7.90283
1287 0.00491893 -0.00564661 8.03068
1288 0.00245222 -0.00642829 7.83954
1289 0.00513189 -0.00545135 8.03726
1290 0.0024579 -0.00610836 7.77931
1291 0.00245053 -0.00578771 7.7204
1292 0.00533339 -0.00525439 8.04411
1293 0.00243783 -0.00546259 7.66286
1294 0.0055278 -0.00505568 8.05187
1295 0.00243783 -0.00514966 7.61111
1296 0.00572564 -0.0048461 8.06126
1297 0.00243783 -0.00483673 7.56181
1298 0.00591061 -0.00461779 8.06802
1299 0.00243783 -0.00452381 7.51497
1300 0.00243783 -0.00421088 7.47056
1301 0.00607634 -0.00437887 8.07192
1302 0.00243783 -0.00389796 7.42856
1303 0.00623877 -0.00414266 8.07806
1304 0.00243783 -0.00358503 7.38896
1305 0.00640198 -0.00390447 8.0867
1306 0.00243783 -0.00327211 7.35175
1307 0.00655143 -0.00364471 8.09234
1308 0.00243783 -0.00295918 7.31691
1309 0.00243783 -0.00264626 7.28441
1310 0.0066788 -0.00338546 8.09547
1311 0.00243783 -0.00233333 7.25424
1312 0.00680067 -0.00312784 8.09992
1313 0.00243783 -0.00202041 7.22637
1314 0.00692364 -0.00286276 8.10644
1315 0.00243783 -0.00170748 7.20079
1316 0.00703373 -0.00258314 8.11114
1317 0.00243783 -0.00139456 7.17747
1318 0.00243783 -0.00108163 7.15638
1319 0.00712028 -0.00230628 8.11264
1320 0.00243783 -0.000768707 7.1375
1321 0.00720881 -0.00202786 8.11705
1322 0.00243783 -0.000455782 7.1208
1323 0.00731951 -0.00172806 8.12865
1324 0.00243783 -0.000142857 7.10625
1325 0.00243783 0.000170068 7.09382
1326 0.00735399 -0.0014205 8.12255
1327 0.00243783 0.000482993 7.08347
1328 0.0073971 -0.0011489 8.1228
1329 0.00243783 0.000795918 7.07518
1330 0.0074318 -0.000875146 8.12287
1331 0.00243783 0.00110884 7.0689
1332 0.00747115 -0.000588787 8.12612
1333 0.00243783 0.00142177 7.0646
1334 0.00749061 -0.000299893 8.12627
1335 0.00243783 0.00173469 7.06222
1336 0.00243783 0.00204762 7.06174
1337 0.00748973 -1.24508e-05 8.12318
1338 0.00243783 0.00236054 7.0631
1339 0.0074851 0.000272728 8.12136
1340 0.00245043 0.00270253 7.06823
1341 0.00747881 0.000564349 8.12141
1342 0.00245501 0.00307002 7.07489
1343 0.00745265 0.000858027 8.11835
1344 0.0074053 0.00114023 8.11142
1345 0.0073537 0.00141367 8.10521
1346 0.00729214 0.00169222 8.09846
1347 0.00722186 0.0019722 8.09148
1348 0.00713714 0.00225273 8.08261
1349 0.00704178 0.00252537 8.07236
1350 0.0069412 0.00279668 8.06253
1351 0.00682908 0.00306558 8.05117
1352 0.00670416 0.0033276 8.0374
1353 0.00657616 0.00357819 8.02328
1354 0.00644379 0.00382053 8.00844
1355 0.00630465 0.00406616 7.99307
1356 0.00613722 0.00431003 7.97018
1357 0.00596151 0.00453985 7.94373
1358 0.00579105 0.00477508 7.91947
1359 0.00413775 0.00387917 7.40392
1360 0.00447627 0.00407903 7.49546
1361 0.0028981 0.00341636 7.14748
1362 0.00367802 0.00355079 7.29109
1363 0.0034247 0.00338845 7.23625
1364 0.00505607 0.00434215 7.66549
1365 0.00280239 0.00313683 7.12511
1366 0.00272395 -0.00663078 7.90516
1367 0.00300336 -0.00651655 7.91201
1368 0.00325785 -0.00647345 7.93294
1369 0.00344986 -0.006313 7.92566
1370 0.00370508 -0.0061738 7.93305
1371 0.00394855 -0.00602032 7.93907
1372 0.00418181 -0.00586052 7.94528
1373 0.00440448 -0.00569645 7.95179
1374 0.00462634 -0.00552127 7.95892
1375 0.00483708 -0.00533952 7.96573
1376 0.00275341 -0.00629465 7.84276
1377 0.00504102 -0.00515099 7.97283
1378 0.00274886 -0.00596379 7.78084
1379 0.00271519 -0.00562982 7.71826
1380 0.00523338 -0.00496146 7.98011
1381 0.00270869 -0.00530612 7.66293
1382 0.00541846 -0.00476228 7.98695
1383 0.00270869 -0.0049932 7.61258
1384 0.00559827 -0.00454944 7.99324
1385 0.00270869 -0.00468027 7.5647
1386 0.00576797 -0.00432845 7.99887
1387 0.00270869 -0.00436735 7.51927
1388 0.00270869 -0.00405442 7.47628
1389 0.00592748 -0.00410044 8.0039
1390 0.00270869 -0.0037415 7.43571
1391 0.00608301 -0.00386984 8.01017
1392 0.00270869 -0.00342857 7.39755
1393 0.00623125 -0.00363072 8.01629
1394 0.00270869 -0.00311565 7.36179
1395 0.00636535 -0.00338475 8.02089
1396 0.00270869 -0.00280272 7.32839
1397 0.00270869 -0.0024898 7.29735
1398 0.00648704 -0.003136 8.0247
1399 0.00270869 -0.00217687 7.26864
1400 0.00660115 -0.00288513 8.02883
1401 0.00270869 -0.00186395 7.24224
1402 0.00671121 -0.00262162 8.03324
1403 0.00270869 -0.00155102 7.21813
1404 0.00680691 -0.00235586 8.03638
1405 0.00270869 -0.0012381 7.19629
1406 0.00270869 -0.00092517 7.1767
1407 0.00689683 -0.00208284 8.03997
1408 0.00270869 -0.000612245 7.15932
1409 0.00698397 -0.00180595 8.04506
1410 0.00270869 -0.00029932 7.14413
1411 0.00704952 -0.0015242 8.04684
1412 0.00270869 1.36054e-05 7.13109
1413 0.00270869 0.000326531 7.12019
1414 0.00709489 -0.0012466 8.04595
1415 0.00270869 0.000639456 7.11138
1416 0.00713472 -0.000978026 8.04619
1417 0.00270869 0.000952381 7.10463
1418 0.00717002 -0.000703391 8.04718
1419 0.00270869 0.00126531 7.09991
1420 0.00719681 -0.000426654 8.04807
1421 0.00270869 0.00157823 7.09716
1422 0.0072077 -0.000150091 8.04689
1423 0.00270869 0.00189116 7.09635
1424 0.00270869 0.00220408 7.09743
1425 0.00720714 0.000125226 8.04477
1426 0.00271994 0.00251995 7.10194
1427 0.00720063 0.000403183 8.04317
1428 0.00274262 0.00283454 7.10993
1429 0.0071819 0.000680952 8.04039
1430 0.00715087 0.000957555 8.03637
1431 0.00710769 0.0012273 8.03091
1432 0.00705164 0.00149349 8.02377
1433 0.00698505 0.0017655 8.01588
1434 0.00690993 0.00203622 8.00756
1435 0.00682415 0.00230353 7.99804
1436 0.00672993 0.00256357 7.98756
1437 0.00662585 0.00282396 7.97609
1438 0.00651111 0.00307994 7.96294
1439 0.00639344 0.00332926 7.94991
1440 0.00626898 0.00356447 7.93501
1441 0.0061355 0.00379422 7.91805
1442 0.00598818 0.00401665 7.89722
1443 0.00582675 0.00424985 7.87385
1444 0.00565473 0.00447802 7.84715
1445 0.00397812 0.00352099 7.35113
1446 0.00484989 0.0040831 7.59025
1447 0.00313866 0.0032361 7.181
1448 0.00446181 0.00372882 7.47075
1449 0.00372149 0.00323561 7.28711
1450 0.00308623 0.0029448 7.16468
1451 0.00310594 -0.00615159 7.85376
1452 0.00344068 -0.00602021 7.87025
1453 0.00369044 -0.00586585 7.87535
1454 0.00391408 -0.00570488 7.87849
1455 0.00412635 -0.00555229 7.88392
1456 0.00434254 -0.00539089 7.89087
1457 0.00455046 -0.00521942 7.89734
1458 0.00475254 -0.0050396 7.90397
1459 0.00494371 -0.00486207 7.91142
1460 0.00298838 -0.00578625 7.77465
1461 0.00296809 -0.00546008 7.71619
1462 0.00512413 -0.00467821 7.91819
1463 0.00297639 -0.00514897 7.66601
1464 0.0052919 -0.00447747 7.92234
1465 0.00297954 -0.00483673 7.61754
1466 0.00546196 -0.0042699 7.9283
1467 0.00297954 -0.00452381 7.57108
1468 0.00562121 -0.00405355 7.93328
1469 0.00297954 -0.00421088 7.5271
1470 0.00297954 -0.00389796 7.48556
1471 0.00576944 -0.00383318 7.93775
1472 0.00297954 -0.00358503 7.44646
1473 0.00591733 -0.00360806 7.94386
1474 0.00297954 -0.00327211 7.40976
1475 0.0060555 -0.00337373 7.94914
1476 0.00297954 -0.00295918 7.37547
1477 0.00617971 -0.00313365 7.95298
1478 0.00297954 -0.00264626 7.34356
1479 0.00297954 -0.00233333 7.314
1480 0.00629179 -0.00289102 7.95602
1481 0.00297954 -0.00202041 7.28679
1482 0.00639631 -0.00264552 7.95922
1483 0.00297954 -0.00170748 7.26191
1484 0.00649537 -0.00239278 7.96274
1485 0.00297954 -0.00139456 7.23932
1486 0.00658728 -0.00213307 7.96626
1487 0.00297954 -0.00108163 7.21902
1488 0.00297954 -0.000768707 7.20096
1489 0.00666921 -0.00186907 7.96932
1490 0.00297954 -0.000455782 7.18514
1491 0.00673959 -0.00160175 7.9716
1492 0.00297954 -0.000142857 7.17151
1493 0.00679447 -0.00133096 7.97205
1494 0.00297954 0.000170068 7.16006
1495 0.00297954 0.000482993 7.15075
1496 0.00683729 -0.0010694 7.97199
1497 0.00297954 0.000795918 7.14355
1498 0.00687683 -0.00080838 7.97313
1499 0.00297954 0.00110884 7.13841
1500 0.00690849 -0.000543962 7.97417
1501 0.00297954 0.00142177 7.13532
1502 0.00692469 -0.000277011 7.97316
1503 0.00297954 0.00173469 7.13422
1504 0.00692792 -1.07607e-05 7.97076
1505 0.00297954 0.00204762 7.13507
1506 0.00299004 0.00235044 7.13929
1507 0.00692662 0.000254025 7.96915
1508 0.00301246 0.00264516 7.14704
1509 0.00691447 0.000523088 7.96664
1510 0.00688855 0.000790568 7.96242
1511 0.00685975 0.00105088 7.95923
1512 0.00681375 0.00130943 7.95322
1513 0.00674843 0.00156332 7.94357
1514 0.00668134 0.00182561 7.9355
1515 0.0066028 0.00208572 7.92601
1516 0.00651511 0.00233764 7.9153
1517 0.00641956 0.00259258 7.90419
1518 0.00631658 0.00284325 7.89229
1519 0.00620315 0.00308782 7.87847
1520 0.00609122 0.00331908 7.86522
1521 0.0059642 0.00353947 7.84788
1522 0.00583167 0.00375352 7.82918
1523 0.00569702 0.00397174 7.8108
1524 0.00426287 0.00356519 7.41578
1525 0.00469625 0.00383742 7.53448
1526 0.00344547 0.00300737 7.22764
1527 0.00520518 0.00406155 7.6827
1528 0.00552208 0.00417602 7.7801
1529 0.0042499 0.00327274 7.39871
1530 0.00324348 -0.00585071 7.81565
1531 0.00365969 -0.00554732 7.81612
1532 0.00385346 -0.00538808 7.81648
1533 0.00406497 -0.00525131 7.82533
1534 0.0042754 -0.0050953 7.83317
1535 0.00446776 -0.0049178 7.8371
1536 0.00465882 -0.00474286 7.84352
1537 0.00486244 -0.00461015 7.86052
1538 0.00323413 -0.00529978 7.72044
1539 0.00498415 -0.0044021 7.8538
1540 0.00326096 -0.00500841 7.6771
1541 0.00515813 -0.00420666 7.86061
1542 0.00325818 -0.00469218 7.62868
1543 0.00532337 -0.0040022 7.86682
1544 0.00325565 -0.00437432 7.58261
1545 0.00546326 -0.0037874 7.86888
1546 0.00325039 -0.00405442 7.53848
1547 0.00325039 -0.0037415 7.49842
1548 0.00560559 -0.00357322 7.87363
1549 0.00325039 -0.00342857 7.4608
1550 0.00575153 -0.00335919 7.88129
1551 0.00325039 -0.00311565 7.42561
1552 0.00587866 -0.00312708 7.88519
1553 0.00325039 -0.00280272 7.39282
1554 0.00598306 -0.00289497 7.88617
1555 0.00325039 -0.0024898 7.36242
1556 0.00325039 -0.00217687 7.3344
1557 0.0060889 -0.00265979 7.88922
1558 0.00325039 -0.00186395 7.30873
1559 0.00618882 -0.00242035 7.8926
1560 0.00325039 -0.00155102 7.2854
1561 0.00628051 -0.00217427 7.89563
1562 0.00325039 -0.0012381 7.26438
1563 0.00636152 -0.00192499 7.898
1564 0.00325039 -0.00092517 7.24565
1565 0.00325039 -0.000612245 7.22919
1566 0.00643412 -0.00167358 7.90029
1567 0.00325039 -0.00029932 7.21498
1568 0.00650209 -0.00140838 7.90282
1569 0.00325039 1.36054e-05 7.20298
1570 0.00653915 -0.001152 7.90024
1571 0.00325039 0.000326531 7.19317
1572 0.00325039 0.000639456 7.18552
1573 0.00657952 -0.000899284 7.90056
1574 0.00325039 0.000952381 7.18
1575 0.00662348 -0.000649995 7.90379
1576 0.00325039 0.00126531 7.17656
1577 0.00664895 -0.000392119 7.90402
1578 0.00325039 0.00157823 7.17518
1579 0.00664829 -0.000137579 7.8995
1580 0.00325039 0.00189116 7.17581
1581 0.00664848 0.000118864 7.89698
1582 0.00326003 0.00218845 7.1798
1583 0.00327963 0.00247664 7.1871
1584 0.00665131 0.000375615 7.89697
1585 0.00663033 0.00064019 7.89269
1586 0.00659167 0.000896072 7.88553
1587 0.00660488 0.00113854 7.89348
1588 0.00650807 0.00136135 7.8734
1589 0.00645139 0.00161782 7.86633
1590 0.00638295 0.00187595 7.85793
1591 0.0062935 0.00212061 7.84496
1592 0.00620516 0.002365 7.83368
1593 0.00611919 0.00261191 7.82455
1594 0.00600953 0.00285549 7.81024
1595 0.00589099 0.0030815 7.7935
1596 0.00582322 0.00331475 7.79188
1597 0.00565934 0.00349173 7.76082
1598 0.00554472 0.00371268 7.74697
1599 0.00497173 0.00378534 7.60044
1600 0.00451375 0.00339361 7.46444
1601 0.00375859 0.00286781 7.28207
1602 0.00328372 0.00274703 7.19319
1603 0.00321193 -0.00559262 7.76682
1604 0.00544479 0.00392431 7.737
1605 0.00355201 -0.00521904 7.74746
1606 0.0037969 -0.00507341 7.75803
1607 0.00402056 -0.00499218 7.77815
1608 0.00417814 -0.00480466 7.77375
1609 0.00438815 -0.00460675 7.77847
1610 0.00463084 -0.00438808 7.78866
1611 0.00484395 -0.00412541 7.79172
1612 0.00353633 -0.00487322 7.69141
1613 0.00505361 -0.00396687 7.81059
1614 0.0035348 -0.00454414 7.64262
1615 0.00515906 -0.00373781 7.80295
1616 0.00352675 -0.00421795 7.59612
1617 0.00529555 -0.00352753 7.80558
1618 0.00353078 -0.00390027 7.55499
1619 0.00353122 -0.00358776 7.51653
1620 0.00544143 -0.0033182 7.81228
1621 0.00352125 -0.00327211 7.47875
1622 0.00561347 -0.00313216 7.829
1623 0.00352125 -0.00295918 7.44508
1624 0.00567365 -0.00288903 7.81825
1625 0.00352125 -0.00264626 7.41383
1626 0.00577988 -0.00266285 7.82086
1627 0.00352125 -0.00233333 7.38499
1628 0.00352125 -0.00202041 7.35853
1629 0.00588315 -0.00243289 7.82447
1630 0.00352125 -0.00170748 7.33444
1631 0.00597417 -0.00220663 7.8275
1632 0.00352125 -0.00139456 7.31271
1633 0.00605904 -0.00196215 7.82974
1634 0.00352125 -0.00108163 7.2933
1635 0.00613275 -0.00171384 7.83115
1636 0.00352125 -0.000768707 7.2762
1637 0.00352125 -0.000455782 7.2614
1638 0.00625048 -0.00148344 7.84606
1639 0.00352125 -0.000142857 7.24885
1640 0.00624236 -0.00123003 7.83157
1641 0.00352125 0.000170068 7.23854
1642 0.00627752 -0.000978693 7.82938
1643 0.00352125 0.000482993 7.23044
1644 0.00352125 0.000795918 7.22452
1645 0.00631731 -0.000728635 7.83025
1646 0.00352125 0.00110884 7.22075
1647 0.00640552 -0.000501541 7.84558
1648 0.00352125 0.00142177 7.21909
1649 0.00637144 -0.000259782 7.83177
1650 0.00352125 0.00173469 7.21951
1651 0.00636634 -7.6919e-06 7.82668
1652 0.00352643 0.00203613 7.22273
1653 0.00636776 0.000244953 7.82498
1654 0.00353787 0.00233458 7.22887
1655 0.00641041 0.00049699 7.83556
1656 0.00632767 0.000743992 7.81585
1657 0.00628988 0.00108247 7.8106
1658 0.00620105 0.00141188 7.79523
1659 0.00619512 0.00167596 7.80163
1660 0.00607164 0.00190436 7.77792
1661 0.00598226 0.00214616 7.76486
1662 0.0058981 0.00238645 7.75439
1663 0.00585022 0.00264312 7.75554
1664 0.00568701 0.00284657 7.72463
1665 0.00554339 0.00315904 7.70651
1666 0.00537035 0.00344441 7.68045
1667 0.00474614 0.00355048 7.52872
1668 0.00354391 0.00265602 7.2364
1669 0.00450115 0.00306458 7.44544
1670 0.00383988 -0.00473521 7.71268
1671 0.00408131 -0.00452774 7.71872
1672 0.0043022 -0.00428326 7.71972
1673 0.00452475 -0.00403536 7.72413
1674 0.00481051 -0.0037771 7.74234
1675 0.00379282 -0.00437822 7.65501
1676 0.00497268 -0.00349547 7.73982
1677 0.00380514 -0.00406056 7.61407
1678 0.00513842 -0.00326152 7.7461
1679 0.00382252 -0.00375295 7.57771
1680 0.0038097 -0.00343169 7.53779
1681 0.00534404 -0.00298104 7.75843
1682 0.00380407 -0.00311599 7.50211
1683 0.00380047 -0.00280596 7.46976
1684 0.00545968 -0.00265988 7.75265
1685 0.0037921 -0.0024898 7.43851
1686 0.00561846 -0.00245268 7.76865
1687 0.0037921 -0.00217687 7.41125
1688 0.0037921 -0.00186395 7.3864
1689 0.00566172 -0.00221374 7.75913
1690 0.0037921 -0.00155102 7.36393
1691 0.00579547 -0.00201048 7.77385
1692 0.0037921 -0.0012381 7.34384
1693 0.00582184 -0.00174383 7.76215
1694 0.0037921 -0.00092517 7.32609
1695 0.00594588 -0.00141422 7.77124
1696 0.0037921 -0.000612245 7.31068
1697 0.0037921 -0.00029932 7.29757
1698 0.0037921 1.36054e-05 7.28676
1699 0.00597673 -0.00108276 7.76266
1700 0.0037921 0.000326531 7.2782
1701 0.00602551 -0.000786709 7.76248
1702 0.0037921 0.000639456 7.27188
1703 0.0037921 0.000952381 7.26776
1704 0.00609853 -0.000468086 7.76995
1705 0.0037921 0.00126531 7.26582
1706 0.0037921 0.00157823 7.26603
1707 0.00608689 -0.000151225 7.76041
1708 0.0037921 0.00189116 7.26834
1709 0.00608522 0.000145842 7.75603
1710 0.00379686 0.00219238 7.27339
1711 0.00610167 0.000478732 7.7583
1712 0.00601618 0.00084819 7.73899
1713 0.00594253 0.00121321 7.72585
1714 0.00589839 0.00158961 7.72349
1715 0.0057686 0.00190982 7.70128
1716 0.00566741 0.00219554 7.68692
1717 0.00556617 0.00251809 7.67593
1718 0.00536104 0.00283632 7.64062
1719 0.00518704 0.00316066 7.61508
1720 0.00426333 0.00290111 7.38619
1721 0.00504989 0.00345351 7.59836
1722 0.00482336 0.00319648 7.52728
1723 0.0037914 0.00251583 7.27891
1724 0.00401939 -0.00423665 7.66931
1725 0.00414712 -0.00394987 7.65139
1726 0.00443075 -0.00371529 7.66883
1727 0.00464314 -0.00344613 7.6744
1728 0.00479869 -0.00320633 7.67636
1729 0.00498711 -0.00296208 7.68678
1730 0.00410189 -0.00359678 7.60138
1731 0.00408912 -0.00326135 7.56138
1732 0.00515287 -0.0026489 7.68969
1733 0.0040905 -0.00296774 7.53068
1734 0.00406873 -0.00265172 7.49636
1735 0.00533961 -0.00231024 7.69867
1736 0.00406983 -0.00233735 7.4683
1737 0.00407229 -0.00202485 7.44308
1738 0.00406295 -0.00170748 7.418
1739 0.00406295 -0.00139456 7.3972
1740 0.00549302 -0.0019163 7.70164
1741 0.00406295 -0.00108163 7.37879
1742 0.00557965 -0.00153178 7.69624
1743 0.00406295 -0.000768707 7.36275
1744 0.00566318 -0.00119339 7.6968
1745 0.00406295 -0.000455782 7.34906
1746 0.00406295 -0.000142857 7.33772
1747 0.00406295 0.000170068 7.32868
1748 0.0057201 -0.000891847 7.69631
1749 0.00406295 0.000482993 7.32195
1750 0.00577147 -0.000593045 7.69733
1751 0.00406295 0.000795918 7.31747
1752 0.00406295 0.00110884 7.31522
1753 0.0058018 -0.000296051 7.6962
1754 0.00406295 0.00142177 7.31521
1755 0.00406295 0.00173469 7.31739
1756 0.00580239 1.24264e-06 7.6906
1757 0.00405816 0.00204661 7.32074
1758 0.0057942 0.000305306 7.68521
1759 0.005757 0.000630325 7.67539
1760 0.00569108 0.000980457 7.66161
1761 0.00562798 0.00133052 7.65141
1762 0.00554785 0.00165442 7.63934
1763 0.00544671 0.00194894 7.62352
1764 0.00534028 0.0022428 7.60816
1765 0.00519192 0.00255068 7.58489
1766 0.00502227 0.00287068 7.55874
1767 0.00472661 0.00288999 7.48959
1768 0.00451976 0.0027216 7.43549
1769 0.00404619 0.0023707 7.32499
1770 0.00433898 -0.00343267 7.62094
1771 0.00442635 -0.00314648 7.60431
1772 0.00465621 -0.00292421 7.62207
1773 0.00483515 -0.00265343 7.62927
1774 0.00495984 -0.00232879 7.62493
1775 0.0043469 -0.0028133 7.55746
1776 0.00433187 -0.00249865 7.52577
1777 0.00509607 -0.001987 7.62528
1778 0.00436234 -0.00219125 7.50488
1779 0.00435081 -0.00187543 7.47865
1780 0.00434429 -0.00154985 7.45506
1781 0.00434488 -0.0012383 7.43618
1782 0.00523503 -0.00164104 7.63021
1783 0.00432985 -0.000919215 7.41653
1784 0.00534192 -0.00129734 7.63275
1785 0.00433381 -0.000612245 7.40324
1786 0.0054135 -0.000995174 7.63338
1787 0.00434193 -0.000300093 7.39285
1788 0.00433381 1.36054e-05 7.3818
1789 0.00434125 0.000325988 7.37604
1790 0.00546469 -0.000704681 7.63274
1791 0.00433381 0.000639456 7.36978
1792 0.00549854 -0.000419706 7.63091
1793 0.0043317 0.000961727 7.36677
1794 0.00434421 0.00128293 7.36899
1795 0.00552301 -0.000143011 7.62946
1796 0.00434634 0.00159093 7.37156
1797 0.00432704 0.00190128 7.37193
1798 0.00551813 0.000141246 7.62339
1799 0.00548219 0.000435251 7.61223
1800 0.00542577 0.000757532 7.59855
1801 0.00537862 0.00109591 7.58961
1802 0.00530984 0.0014139 7.57799
1803 0.00522185 0.00170828 7.56358
1804 0.00513069 0.00198479 7.54968
1805 0.00502462 0.00227034 7.53415
1806 0.00483265 0.00256524 7.50034
1807 0.00428434 0.00255307 7.37872
1808 0.00430582 0.00221887 7.37407
1809 0.00454541 0.00240048 7.43001
1810 0.00456231 -0.00265756 7.58021
1811 0.00463941 -0.0023985 7.57099
1812 0.00468937 -0.00203012 7.55051
1813 0.00487328 -0.00169888 7.56207
1814 0.0045798 -0.00171071 7.50796
1815 0.00466462 -0.0013976 7.50358
1816 0.00458472 -0.00105599 7.46994
1817 0.00501468 -0.00138228 7.57045
1818 0.00460201 -0.000758317 7.45911
1819 0.00511786 -0.00107923 7.57542
1820 0.00461838 -0.000459408 7.45031
1821 0.00515976 -0.000801538 7.57164
1822 0.00463252 -0.00014879 7.44303
1823 0.0046314 0.000166235 7.43514
1824 0.0046135 0.000488671 7.42623
1825 0.00519286 -0.000520957 7.56812
1826 0.00459808 0.000808324 7.42026
1827 0.0052212 -0.000243256 7.56588
1828 0.00459045 0.00113545 7.41826
1829 0.00465593 0.00146693 7.43388
1830 0.00528244 -3.29658e-06 7.5737
1831 0.00460696 0.00178861 7.42828
1832 0.00521328 0.000244863 7.55444
1833 0.00517207 0.000540344 7.54247
1834 0.00513453 0.000867462 7.5334
1835 0.00508803 0.00118187 7.52475
1836 0.00499406 0.00148055 7.50745
1837 0.00490203 0.00173841 7.49153
1838 0.00484169 0.00200165 7.48422
1839 0.00456221 0.00208924 7.4251
1840 0.00484613 -0.00115867 7.52526
1841 0.00489012 -0.000623197 7.50965
1842 0.00491792 -0.000329698 7.50514
1843 0.00495493 5.63502e-07 7.50392
1844 0.00490814 0.000344996 7.48815
1845 0.00487514 0.000657908 7.47814
1846 0.0048533 0.000974805 7.47279
1847 0.00486244 -0.000896591 7.5156
1848 0.00535774 0.00438997 7.75343
1849 0.00402432 0.00271604 7.33
1850 0.00548799 0.00473134 7.82455
1851 0.005254 0.00371851 7.66942
1852 0.003425 -0.00546062 7.77085
1853 0.00161796 0.00754203 7.19117
1854 0.00170453 0.00811058 7.24355
1855 0.00158718 0.0078186 7.20856
1856 0.00213066 0.00773367 7.2694
1857 0.00377193 0.00686139 7.53278
1858 0.00352638 0.00668984 7.45712
1859 0.00326451 0.00652016 7.38423
1860 0.00400864 0.00704475 7.61363
1861 0.00301292 0.00637965 7.3219
1862 0.00422923 0.00724779 7.6983
1863 0.00275524 0.00624753 7.2645
1864 0.00444864 0.00745285 7.78989
1865 0.00246909 0.0061231 7.20848
1866 0.00465852 0.00767008 7.88727
1867 0.00219659 0.00601227 7.16136
1868 0.00485398 0.00790605 7.98947
1869 0.00191244 0.00591939 7.11921
1870 0.00503428 0.00822131 8.10347
1871 0.00162781 0.0058369 7.08311
1872 0.00132522 0.00576077 7.05124
1873 0.00104233 0.00570153 7.02739
1874 0.000736046 0.00566692 7.00855
1875 0.0047627 0.00845895 8.01028
1876 0.000404779 0.00564555 6.99519
1877 0.004495 0.00862371 7.92064
1878 0.00422551 0.00875366 7.83707
1879 0.00395537 0.00888517 7.76229
1880 0.00367054 0.00900725 7.69071
1881 0.000274544 0.00613101 7.01722
1882 0.00339827 0.00911375 7.62902
1883 0.00026943 0.00642222 7.03363
1884 0.00310802 0.00921504 7.56978
1885 0.00026943 0.00673333 7.05239
1886 0.00282278 0.00930743 7.51808
1887 0.00026943 0.00704444 7.07222
1888 0.00253421 0.00938905 7.47151
1889 0.00026943 0.00735556 7.09313
1890 0.00223666 0.00946604 7.42963
1891 0.00026943 0.00766667 7.1151
1892 0.00195104 0.00952872 7.39465
1893 0.00026943 0.00797778 7.1381
1894 0.00164638 0.00958545 7.36285
1895 0.00026943 0.00828889 7.16214
1896 0.00135513 0.00963148 7.33777
1897 0.00026943 0.0086 7.18716
1898 0.00103246 0.00966434 7.31501
1899 0.000288555 0.00892493 7.21484
1900 0.000694769 0.00970026 7.29855
1901 0.000271469 0.00921962 7.24006
1902 0.000304284 0.00975049 7.28901
1903 0.000247938 0.00587839 7.00312
1904 0.0002307 0.00946759 7.26148
1905 0.00371969 0.00718021 7.5461
1906 0.00348946 0.00700394 7.47344
1907 0.00325093 0.00684093 7.40558
1908 0.00300572 0.00669387 7.34303
1909 0.00393921 0.00736838 7.62276
1910 0.00275963 0.00655836 7.28646
1911 0.00415231 0.00756004 7.70381
1912 0.00250434 0.00643328 7.23419
1913 0.00435706 0.00776401 7.78962
1914 0.00223132 0.00632189 7.18531
1915 0.00453367 0.00798246 7.87337
1916 0.00196249 0.00622732 7.14345
1917 0.0047312 0.00816941 7.96826
1918 0.0016871 0.00614459 7.10665
1919 0.00140864 0.00606493 7.07493
1920 0.00112789 0.00599802 7.04885
1921 0.000872934 0.0059106 7.02815
1922 0.000582776 0.00596108 7.0171
1923 0.00449739 0.00830728 7.89192
1924 0.00424367 0.00843329 7.81449
1925 0.00398202 0.00855733 7.74174
1926 0.00371302 0.00868277 7.67431
1927 0.00343899 0.00879827 7.61185
1928 0.000539341 0.00626667 7.03228
1929 0.00316485 0.00891137 7.55614
1930 0.000518803 0.00658533 7.05027
1931 0.00288286 0.00900643 7.50377
1932 0.000539341 0.00688889 7.0699
1933 0.0026056 0.0090905 7.45787
1934 0.000539341 0.0072 7.0903
1935 0.00231832 0.00916814 7.41586
1936 0.000539341 0.00751111 7.11178
1937 0.00203597 0.00923366 7.37962
1938 0.000539341 0.00782222 7.13432
1939 0.00174324 0.00928632 7.34686
1940 0.000539341 0.00813333 7.15788
1941 0.00145363 0.00933568 7.32007
1942 0.000539341 0.00844444 7.18251
1943 0.0011522 0.00937939 7.29765
1944 0.000546824 0.00877128 7.20976
1945 0.000819989 0.00940567 7.27798
1946 0.000599976 0.0091196 7.2416
1947 0.000505389 0.00945324 7.26798
1948 0.00365771 0.00750003 7.55705
1949 0.00344598 0.00731744 7.48849
1950 0.0032225 0.00714806 7.42318
1951 0.00298789 0.00700208 7.36233
1952 0.00275257 0.00686672 7.30704
1953 0.00386516 0.00769031 7.63023
1954 0.00252047 0.00673745 7.25745
1955 0.00407658 0.00788557 7.71046
1956 0.00225353 0.00661883 7.20785
1957 0.00428069 0.00809028 7.7952
1958 0.00200157 0.00652875 7.16724
1959 0.00174026 0.00644995 7.13083
1960 0.0014719 0.00637703 7.09885
1961 0.0011952 0.00629987 7.07075
1962 0.000862021 0.00621025 7.04367
1963 0.00401943 0.00822265 7.72342
1964 0.00375155 0.0083561 7.65663
1965 0.00348119 0.00848035 7.59517
1966 0.00320925 0.00859291 7.53895
1967 0.00293767 0.00869296 7.48809
1968 0.000786078 0.00673523 7.07105
1969 0.00266388 0.00877923 7.44169
1970 0.000803984 0.00703917 7.09144
1971 0.00238729 0.00885782 7.40009
1972 0.000809251 0.00735556 7.1131
1973 0.00210828 0.00892583 7.36297
1974 0.000809251 0.00766667 7.13519
1975 0.0018295 0.00899027 7.33126
1976 0.000809251 0.00797778 7.15832
1977 0.00153885 0.00903871 7.30244
1978 0.000825332 0.00830156 7.18439
1979 0.0012471 0.00908415 7.27909
1980 0.000815628 0.00861293 7.20913
1981 0.00095055 0.00912946 7.26117
1982 0.000797454 0.00889772 7.23229
1983 0.00074403 0.00646358 7.0525
1984 0.00338162 0.00763206 7.49889
1985 0.00185728 0.00778103 7.23658
1986 0.00318241 0.00745102 7.43835
1987 0.00295979 0.00730301 7.37963
1988 0.00272985 0.00717622 7.32559
1989 0.00250214 0.00704551 7.27607
1990 0.00379958 0.0080219 7.64088
1991 0.00229554 0.00688046 7.23199
1992 0.00203487 0.00683427 7.19172
1993 0.00178756 0.00674792 7.1552
1994 0.001532 0.00668957 7.12401
1995 0.00127088 0.00662426 7.09634
1996 0.00352856 0.00815309 7.57924
1997 0.00325689 0.00827117 7.5227
1998 0.00298637 0.00837934 7.47178
1999 0.00271973 0.00847138 7.42618
2000 0.00105677 0.00685242 7.09465
2001 0.00244928 0.00855291 7.38464
2002 0.00107523 0.00718041 7.11757
2003 0.0021754 0.00861897 7.34677
2004 0.00107506 0.00750604 7.14025
2005 0.00190121 0.00868499 7.31431
2006 0.00108419 0.00782607 7.16427
2007 0.00162757 0.00875103 7.28726
2008 0.00110167 0.00814563 7.18994
2009 0.0013312 0.00878555 7.26077
2010 0.00112625 0.00849347 7.21947
2011 0.00105956 0.00882983 7.24276
2012 0.00101494 0.00652703 7.07167
2013 0.00330579 0.00795298 7.50749
2014 0.00310875 0.00775014 7.44615
2015 0.00294773 0.00756829 7.39803
2016 0.00270844 0.00749848 7.34605
2017 0.00246939 0.0073449 7.29247
2018 0.00216808 0.00716603 7.23284
2019 0.00358387 0.0078265 7.56561
2020 0.00185728 0.00706641 7.18481
2021 0.00161514 0.0069492 7.14949
2022 0.00134505 0.0069778 7.12519
2023 0.00303423 0.00805625 7.45513
2024 0.00277193 0.0081594 7.41036
2025 0.00250782 0.00825075 7.36973
2026 0.00223949 0.00831029 7.33099
2027 0.00133637 0.007348 7.14978
2028 0.0019564 0.00836743 7.29528
2029 0.00134166 0.00766888 7.17337
2030 0.0016816 0.00844529 7.2679
2031 0.00136993 0.00798121 7.19929
2032 0.00143533 0.00854034 7.25008
2033 0.0014029 0.00827733 7.22556
2034 0.00279185 0.00782233 7.38679
2035 0.00246343 0.00769802 7.31802
2036 0.00223141 0.00747246 7.26464
2037 0.00191749 0.00742801 7.21773
2038 0.00158284 0.0072287 7.165
2039 0.00256478 0.00798208 7.35813
2040 0.00231489 0.00800229 7.31805
2041 0.00203004 0.00805157 7.27988
2042 0.00520663 0.0111417 8.36298
2043 0.00385632 0.011914 7.99706
2044 0.00247415 0.0119844 7.7206
2045 0.00329453 0.0133394 8.02457
2046 0.00465669 0.016347 8.72552
2047 0.00485972 0.0161246 8.7366
2048 0.00504644 0.0158941 8.74635
2049 0.00444155 0.0165724 8.71612
2050 0.00521901 0.0156496 8.75426
2051 0.00423186 0.0167685 8.70668
2052 0.00538833 0.0153956 8.76368
2053 0.00400257 0.0169584 8.6959
2054 0.00554631 0.0151426 8.77391
2055 0.00376402 0.017139 8.68547
2056 0.00568866 0.0148808 8.78241
2057 0.00351202 0.0173223 8.67719
2058 0.00580873 0.0146175 8.78796
2059 0.00327008 0.0174748 8.66853
2060 0.00592388 0.0143379 8.79379
2061 0.00302021 0.0176155 8.65991
2062 0.00603325 0.0140606 8.80158
2063 0.00273953 0.0177508 8.64982
2064 0.006121 0.0137761 8.80571
2065 0.00246799 0.0178753 8.64284
2066 0.00619446 0.013487 8.80845
2067 0.00219215 0.0179868 8.63662
2068 0.00626339 0.0131831 8.81226
2069 0.00191934 0.0180783 8.63028
2070 0.00631117 0.0128995 8.81376
2071 0.00161898 0.0181613 8.62371
2072 0.00634321 0.0126036 8.81268
2073 0.00131995 0.0182291 8.61823
2074 0.00636269 0.0123056 8.8105
2075 0.00102648 0.0182892 8.61559
2076 0.00637144 0.0120036 8.80773
2077 0.000718968 0.0183328 8.61275
2078 0.00636964 0.0117075 8.80445
2079 0.000390177 0.0183632 8.6107
2080 0.00634471 0.0114127 8.79579
2081 0.006308 0.0111135 8.7855
2082 0.00626142 0.0108173 8.77392
2083 0.00620318 0.0105247 8.75971
2084 0.0002695 0.0178726 8.4991
2085 0.00612052 0.0102386 8.7365
2086 0.000297217 0.0175935 8.43953
2087 0.0060323 0.00995244 8.71085
2088 0.000289072 0.0172847 8.37483
2089 0.00593172 0.00966857 8.67768
2090 0.000268055 0.0169643 8.30954
2091 0.00582612 0.00939095 8.63695
2092 0.000268055 0.0166548 8.24872
2093 0.0056738 0.00911323 8.55807
2094 0.000268055 0.0163452 8.18971
2095 0.0055101 0.00882224 8.44876
2096 0.000268055 0.0160357 8.13247
2097 0.000268055 0.0157262 8.07696
2098 0.000268055 0.0154167 8.02315
2099 0.000268055 0.0151071 7.971
2100 0.00501152 0.00896448 8.16695
2101 0.000268055 0.0147976 7.92046
2102 0.00474309 0.00910696 8.06015
2103 0.000268055 0.0144881 7.8715
2104 0.00446138 0.0092424 7.96164
2105 0.000268055 0.0141786 7.82406
2106 0.00416683 0.00937848 7.87109
2107 0.000268055 0.013869 7.77811
2108 0.003882 0.00950058 7.79316
2109 0.000268055 0.0135595 7.7336
2110 0.00357742 0.00961959 7.71879
2111 0.000268055 0.01325 7.69048
2112 0.0032826 0.00972254 7.65453
2113 0.000268055 0.0129405 7.64873
2114 0.00297844 0.00982081 7.59582
2115 0.000268055 0.012631 7.60828
2116 0.00267099 0.00990803 7.54332
2117 0.000268055 0.0123214 7.56911
2118 0.0023686 0.00998619 7.49833
2119 0.000268055 0.0120119 7.53118
2120 0.00204928 0.0100564 7.45714
2121 0.000268055 0.0117024 7.49443
2122 0.00174462 0.0101131 7.42378
2123 0.000268055 0.0113929 7.45884
2124 0.00142404 0.0101636 7.3948
2125 0.000268055 0.0110833 7.42435
2126 0.00111158 0.0102012 7.37217
2127 0.000285395 0.0107607 7.39001
2128 0.000783339 0.010248 7.35604
2129 0.000259565 0.0104619 7.35827
2130 0.000472948 0.0102413 7.34194
2131 0.000216625 0.0102088 7.33193
2132 0.000245267 0.0181229 8.55397
2133 0.00522491 0.0088169 8.26245
2134 0.00455219 0.0160551 8.65666
2135 0.00435367 0.0162732 8.6485
2136 0.00474117 0.0158354 8.66604
2137 0.0049109 0.0156123 8.67385
2138 0.00415291 0.0164688 8.63972
2139 0.00507502 0.0153771 8.68191
2140 0.00394397 0.0166539 8.63088
2141 0.00523577 0.015127 8.6906
2142 0.00371896 0.0168343 8.62165
2143 0.00537771 0.0148805 8.69827
2144 0.00347909 0.0170121 8.61305
2145 0.00550257 0.0146333 8.70444
2146 0.00324764 0.0171633 8.60452
2147 0.00561613 0.0143692 8.70877
2148 0.00300662 0.0173063 8.59638
2149 0.00572088 0.0141034 8.71361
2150 0.00275328 0.0174407 8.58842
2151 0.00581536 0.0138392 8.71869
2152 0.00249274 0.0175666 8.58155
2153 0.0058954 0.0135643 8.72164
2154 0.00222836 0.017679 8.57523
2155 0.00596113 0.0132805 8.72268
2156 0.0019678 0.0177738 8.56931
2157 0.0060166 0.0129968 8.72359
2158 0.00169722 0.0178594 8.56411
2159 0.00605613 0.0127223 8.72277
2160 0.00139723 0.0179267 8.55665
2161 0.00608211 0.0124352 8.71972
2162 0.00109926 0.0179852 8.55173
2163 0.00609279 0.0121474 8.71428
2164 0.000803447 0.0180406 8.55045
2165 0.00609485 0.0118586 8.7085
2166 0.000504839 0.0180875 8.55132
2167 0.00608258 0.0115806 8.70025
2168 0.00605541 0.0112942 8.68862
2169 0.00601872 0.0110086 8.67537
2170 0.00596379 0.0107242 8.65634
2171 0.00589887 0.0104534 8.63355
2172 0.000564531 0.0178011 8.49011
2173 0.00581251 0.0101752 8.6009
2174 0.000612166 0.0174609 8.41904
2175 0.00572081 0.00989801 8.5634
2176 0.000537139 0.017119 8.34668
2177 0.00562058 0.00962658 8.5171
2178 0.000537139 0.0168095 8.285
2179 0.00554657 0.0093632 8.47829
2180 0.000537139 0.0165 8.22514
2181 0.00532299 0.00913166 8.34126
2182 0.000537139 0.0161905 8.16708
2183 0.000537139 0.015881 8.11079
2184 0.000537139 0.0155714 8.05623
2185 0.000537139 0.0152619 8.00334
2186 0.000537139 0.0149524 7.95209
2187 0.00502111 0.0092832 8.19585
2188 0.000537139 0.0146429 7.90244
2189 0.0047229 0.0094188 8.07596
2190 0.000537139 0.0143333 7.85434
2191 0.00443712 0.00956462 7.97873
2192 0.000537139 0.0140238 7.80775
2193 0.00413051 0.00968702 7.88486
2194 0.000537139 0.0137143 7.76262
2195 0.00382959 0.00981352 7.80464
2196 0.000537139 0.0134048 7.7189
2197 0.00351919 0.00992646 7.73058
2198 0.000537139 0.0130952 7.67657
2199 0.00321486 0.0100327 7.66671
2200 0.000537139 0.0127857 7.63557
2201 0.00289958 0.0101283 7.60789
2202 0.000537139 0.0124762 7.59585
2203 0.0025875 0.010209 7.55644
2204 0.000537139 0.0121667 7.55739
2205 0.00226838 0.0102895 7.51152
2206 0.000537139 0.0118571 7.52014
2207 0.00194623 0.0103495 7.47171
2208 0.000537139 0.0115476 7.48408
2209 0.00162738 0.0104118 7.43995
2210 0.000531103 0.0112362 7.44873
2211 0.00130031 0.0104522 7.41226
2212 0.000550371 0.0109183 7.41466
2213 0.000967325 0.0105104 7.39315
2214 0.00059861 0.0105671 7.37942
2215 0.00443968 0.0157667 8.58818
2216 0.00425928 0.0159757 8.58151
2217 0.00406546 0.0161747 8.57373
2218 0.00460757 0.0155539 8.59468
2219 0.00477174 0.015333 8.60227
2220 0.0038655 0.0163574 8.56527
2221 0.00492548 0.0151032 8.60931
2222 0.00366153 0.0165312 8.55772
2223 0.00506767 0.014866 8.61565
2224 0.00344609 0.016702 8.55085
2225 0.00519212 0.0146331 8.62089
2226 0.00321424 0.016858 8.54195
2227 0.00530959 0.0143883 8.62576
2228 0.00298224 0.0170005 8.53393
2229 0.00541443 0.0141365 8.62933
2230 0.00275091 0.0171334 8.5275
2231 0.0055069 0.0138828 8.63206
2232 0.00250528 0.0172612 8.52155
2233 0.00559062 0.0136267 8.63482
2234 0.00225277 0.0173711 8.51472
2235 0.00566437 0.0133604 8.63658
2236 0.00200842 0.0174674 8.50934
2237 0.00572247 0.0130879 8.63592
2238 0.00174917 0.0175591 8.50495
2239 0.005763 0.0128192 8.63262
2240 0.00146955 0.0176326 8.49878
2241 0.00579591 0.012553 8.62946
2242 0.00117544 0.0176902 8.49225
2243 0.00581852 0.0122798 8.625
2244 0.000866656 0.0177337 8.48627
2245 0.00581925 0.0120024 8.61522
2246 0.00580887 0.0117312 8.6037
2247 0.00579357 0.0114597 8.59212
2248 0.00577545 0.0111889 8.58101
2249 0.00572529 0.0109143 8.5588
2250 0.00566062 0.0106516 8.53059
2251 0.00558821 0.0103869 8.49824
2252 0.00550129 0.0101169 8.45715
2253 0.000796927 0.0172197 8.37612
2254 0.00540207 0.00983654 8.40622
2255 0.000804181 0.0169489 8.3218
2256 0.00528426 0.00951656 8.33835
2257 0.000806222 0.0166548 8.26429
2258 0.000806222 0.0163452 8.20547
2259 0.000806222 0.0160357 8.14843
2260 0.000806222 0.0157262 8.09315
2261 0.000806222 0.0154167 8.03958
2262 0.000806222 0.0151071 7.98767
2263 0.000806222 0.0147976 7.93738
2264 0.00497026 0.00955716 8.19078
2265 0.000806222 0.0144881 7.88867
2266 0.00473542 0.00976312 8.10541
2267 0.000806222 0.0141786 7.84148
2268 0.00439873 0.00988802 7.99015
2269 0.000806222 0.013869 7.79578
2270 0.00408294 0.0100083 7.89626
2271 0.000806222 0.0135595 7.75152
2272 0.00377328 0.0101306 7.81597
2273 0.000806222 0.01325 7.70866
2274 0.00345792 0.0102399 7.74305
2275 0.000806222 0.0129405 7.66715
2276 0.00313873 0.0103449 7.67831
2277 0.000806222 0.012631 7.62694
2278 0.0028126 0.0104356 7.61968
2279 0.000806222 0.0123214 7.588
2280 0.00248949 0.0105194 7.56949
2281 0.000806222 0.0120119 7.55029
2282 0.0021656 0.0105898 7.52575
2283 0.000811635 0.0116911 7.51275
2284 0.00183729 0.0106506 7.4881
2285 0.000813434 0.0113711 7.47638
2286 0.00151296 0.0107104 7.45838
2287 0.000770325 0.0110947 7.44367
2288 0.00118295 0.010775 7.43583
2289 0.000862052 0.0108234 7.41937
2290 0.0041447 0.0156901 8.51372
2291 0.00430648 0.0154863 8.51784
2292 0.00397067 0.0158921 8.5097
2293 0.00377757 0.0160641 8.50007
2294 0.00446692 0.0152803 8.52422
2295 0.00462817 0.0150712 8.53332
2296 0.00358501 0.0162327 8.49296
2297 0.00476557 0.0148385 8.53658
2298 0.00339213 0.0163988 8.48821
2299 0.0048852 0.0146193 8.53981
2300 0.00317619 0.0165617 8.48211
2301 0.0050036 0.0143991 8.54516
2302 0.00295176 0.0166931 8.47216
2303 0.005114 0.0141578 8.54873
2304 0.00272744 0.0168235 8.46519
2305 0.00520014 0.0139144 8.54801
2306 0.00250499 0.0169565 8.46208
2307 0.00528361 0.0136688 8.54886
2308 0.00226395 0.0170725 8.45661
2309 0.00536397 0.0134237 8.55137
2310 0.00202692 0.0171633 8.44977
2311 0.00543078 0.0131682 8.55163
2312 0.00178981 0.0172535 8.44585
2313 0.0054676 0.0129113 8.54485
2314 0.00154468 0.0173438 8.44436
2315 0.00550327 0.012654 8.53981
2316 0.00125503 0.0174027 8.43673
2317 0.00553733 0.0123984 8.53647
2318 0.005548 0.0121345 8.52717
2319 0.00553492 0.0118746 8.51137
2320 0.00552176 0.0116124 8.49679
2321 0.00550771 0.0113502 8.48306
2322 0.00552292 0.0110899 8.48162
2323 0.00541936 0.0108434 8.4347
2324 0.00536372 0.01059 8.40543
2325 0.00527569 0.0103304 8.3609
2326 0.00518795 0.0100717 8.31377
2327 0.00107531 0.017119 8.3685
2328 0.00508718 0.00980358 8.25691
2329 0.00107013 0.0167955 8.30418
2330 0.00107223 0.0164934 8.24623
2331 0.00107531 0.0161905 8.18994
2332 0.00107531 0.015881 8.13399
2333 0.00107531 0.0155714 8.07978
2334 0.00107531 0.0152619 8.02725
2335 0.00107531 0.0149524 7.97638
2336 0.00107531 0.0146429 7.9271
2337 0.00107531 0.0143333 7.87938
2338 0.00464929 0.0100991 8.09611
2339 0.00107531 0.0140238 7.83316
2340 0.00434096 0.0102128 7.99544
2341 0.00107531 0.0137143 7.78841
2342 0.00402772 0.0103342 7.90631
2343 0.00107531 0.0134048 7.74507
2344 0.00370642 0.0104502 7.82554
2345 0.00107531 0.0130952 7.7031
2346 0.00338167 0.0105604 7.75368
2347 0.00107531 0.0127857 7.66246
2348 0.00305634 0.0106611 7.69039
2349 0.00107531 0.0124762 7.6231
2350 0.00272514 0.0107486 7.63356
2351 0.00107531 0.0121667 7.58498
2352 0.0023917 0.0108267 7.58401
2353 0.00108233 0.0118456 7.5472
2354 0.00205808 0.0108908 7.54122
2355 0.00108916 0.0115086 7.50883
2356 0.00173481 0.0109489 7.50686
2357 0.00107783 0.0111211 7.46491
2358 0.00140509 0.0110213 7.48068
2359 0.00135371 0.0171635 8.39437
2360 0.00491239 0.0100149 8.1939
2361 0.00400915 0.0154145 8.44445
2362 0.00388953 0.0156356 8.45395
2363 0.00416243 0.0152116 8.44732
2364 0.00368803 0.0157718 8.43631
2365 0.00349698 0.0159389 8.42856
2366 0.00432397 0.0150124 8.45531
2367 0.00450257 0.0148368 8.47336
2368 0.0033075 0.0161036 8.42346
2369 0.0045782 0.014597 8.46101
2370 0.00314954 0.0162955 8.43105
2371 0.00469782 0.0143774 8.46426
2372 0.00291837 0.0163906 8.41265
2373 0.00484962 0.0141851 8.48155
2374 0.00269542 0.0165166 8.40414
2375 0.00488456 0.0139417 8.4647
2376 0.00246895 0.0166439 8.39855
2377 0.00497442 0.013698 8.46469
2378 0.00228637 0.0168093 8.4084
2379 0.00506038 0.0134614 8.46674
2380 0.00204481 0.0168575 8.39175
2381 0.00517567 0.0132426 8.48133
2382 0.00181043 0.0169463 8.38667
2383 0.00516966 0.0129998 8.46007
2384 0.00157457 0.0170583 8.38911
2385 0.00520836 0.0127445 8.45305
2386 0.00523663 0.0124846 8.44423
2387 0.00531191 0.0122563 8.45467
2388 0.00525273 0.0120202 8.42172
2389 0.00524477 0.0117528 8.40498
2390 0.00521863 0.0114676 8.38204
2391 0.00314339 0.0152109 8.25251
2392 0.00359788 0.0117432 7.91715
2393 0.00512468 0.0107896 8.31688
2394 0.00509322 0.0105279 8.2932
2395 0.00493343 0.0102988 8.21771
2396 0.00133646 0.016634 8.28913
2397 0.00134062 0.0163373 8.23353
2398 0.00134439 0.0160357 8.1787
2399 0.00134439 0.0157262 8.12389
2400 0.00134439 0.0154167 8.0708
2401 0.00134439 0.0151071 8.01939
2402 0.00134439 0.0147976 7.9696
2403 0.00134439 0.0144881 7.92139
2404 0.00134439 0.0141786 7.87472
2405 0.00460673 0.0104148 8.10177
2406 0.00134439 0.013869 7.82953
2407 0.00429233 0.01054 8.00469
2408 0.00134439 0.0135595 7.78577
2409 0.00397017 0.0106577 7.91647
2410 0.00134439 0.01325 7.74341
2411 0.00363837 0.0107702 7.83611
2412 0.00134439 0.0129405 7.70239
2413 0.00330176 0.0108857 7.7654
2414 0.00134439 0.012631 7.66266
2415 0.00295863 0.0109826 7.7015
2416 0.00134439 0.0123214 7.62419
2417 0.00261501 0.0110748 7.6465
2418 0.00135365 0.0120106 7.58755
2419 0.00228278 0.0111333 7.59874
2420 0.00136274 0.0116894 7.55092
2421 0.00196544 0.0111776 7.55907
2422 0.001374 0.0113555 7.51427
2423 0.00364088 0.0154341 8.37478
2424 0.00384641 0.0151588 8.37408
2425 0.00402938 0.0149267 8.37921
2426 0.00321719 0.0158089 8.35951
2427 0.00423648 0.0146739 8.39068
2428 0.00296673 0.0160436 8.35913
2429 0.00438843 0.0143512 8.38562
2430 0.00456947 0.0140579 8.39556
2431 0.00268399 0.0162023 8.34632
2432 0.0024266 0.0163531 8.34005
2433 0.00215523 0.0165338 8.34186
2434 0.0047648 0.0134553 8.3841
2435 0.0048713 0.0131497 8.38531
2436 0.00185354 0.0166493 8.33337
2437 0.00492304 0.0125857 8.35421
2438 0.00500297 0.0122472 8.35437
2439 0.00497924 0.0119235 8.32553
2440 0.00496067 0.0116352 8.30152
2441 0.00488024 0.0112984 8.25384
2442 0.00486333 0.0109535 8.22791
2443 0.00482872 0.0106259 8.19645
2444 0.00160377 0.0164863 8.281
2445 0.00161347 0.0161905 8.22721
2446 0.00161347 0.015881 8.17185
2447 0.00161347 0.0155714 8.11825
2448 0.00161347 0.0152619 8.06634
2449 0.00161347 0.0149524 8.01609
2450 0.00161347 0.0146429 7.96745
2451 0.00161347 0.0143333 7.92038
2452 0.00161347 0.0140238 7.87481
2453 0.00456532 0.010749 8.11051
2454 0.00161347 0.0137143 7.8307
2455 0.0042511 0.0108647 8.01709
2456 0.00161347 0.0134048 7.78801
2457 0.00391039 0.0109808 7.92717
2458 0.00161347 0.0130952 7.74668
2459 0.00356386 0.0111069 7.84807
2460 0.00161347 0.0127857 7.70666
2461 0.00321136 0.0112188 7.77738
2462 0.00161347 0.0124762 7.66789
2463 0.00285242 0.0113229 7.71497
2464 0.00162366 0.0121698 7.63175
2465 0.00250564 0.0113974 7.66152
2466 0.00164189 0.0118601 7.5972
2467 0.00215881 0.0114293 7.61221
2468 0.00164328 0.0115613 7.56336
2469 0.00345882 0.01568 8.38018
2470 0.00466699 0.0137412 8.3865
2471 0.00158748 0.0167804 8.33565
2472 0.00494731 0.0128585 8.38296
2473 0.00346115 0.015141 8.29728
2474 0.00370199 0.014883 8.30599
2475 0.00389226 0.0146365 8.31087
2476 0.00295289 0.015691 8.29811
2477 0.00405943 0.014358 8.31075
2478 0.00268626 0.0158787 8.29073
2479 0.00420905 0.0140553 8.3078
2480 0.0024159 0.016039 8.28295
2481 0.00215176 0.0162006 8.28077
2482 0.00188082 0.0163473 8.27964
2483 0.00452234 0.013212 8.29501
2484 0.00468473 0.0124357 8.27153
2485 0.00470599 0.0121017 8.25203
2486 0.00469985 0.0118051 8.22837
2487 0.0047032 0.0115571 8.21216
2488 0.00456111 0.0110721 8.13159
2489 0.00188256 0.0160357 8.22357
2490 0.00188256 0.0157262 8.16949
2491 0.00188256 0.0154167 8.11715
2492 0.00188256 0.0151071 8.06649
2493 0.00188256 0.0147976 8.01747
2494 0.00188256 0.0144881 7.97005
2495 0.00188256 0.0141786 7.92416
2496 0.00188256 0.013869 7.87977
2497 0.00188256 0.0135595 7.83682
2498 0.0042028 0.0111705 8.02682
2499 0.00188256 0.01325 7.79525
2500 0.00384141 0.0113037 7.93687
2501 0.00188256 0.0129405 7.75501
2502 0.00349349 0.0114632 7.86476
2503 0.00188256 0.012631 7.71605
2504 0.00310405 0.0115403 7.78678
2505 0.00189415 0.0123252 7.68015
2506 0.00272796 0.0116915 7.73049
2507 0.00190832 0.012029 7.64686
2508 0.00233567 0.0116828 7.66546
2509 0.00196653 0.0117059 7.61681
2510 0.00325621 0.0154668 8.31087
2511 0.00433186 0.0137465 8.30198
2512 0.00460387 0.0128199 8.2805
2513 0.00340953 0.0148042 8.23889
2514 0.0035834 0.0145959 8.24274
2515 0.00374138 0.0143498 8.24154
2516 0.00267206 0.0155635 8.23622
2517 0.00387609 0.014069 8.23425
2518 0.00240875 0.0157282 8.22873
2519 0.00214881 0.0158815 8.22421
2520 0.00443065 0.0122354 8.18141
2521 0.00442196 0.0119389 8.15427
2522 0.00443032 0.0116467 8.1334
2523 0.00214581 0.0155722 8.17117
2524 0.00214789 0.0152616 8.12021
2525 0.00215164 0.0149524 8.07134
2526 0.00215164 0.0146429 8.02363
2527 0.00215164 0.0143333 7.97749
2528 0.00215164 0.0140238 7.93287
2529 0.00215164 0.0137143 7.88972
2530 0.00215164 0.0134048 7.84799
2531 0.00415511 0.0114707 8.03787
2532 0.00215164 0.0130952 7.80762
2533 0.00382513 0.011598 7.95951
2534 0.00215164 0.0127857 7.76854
2535 0.00332556 0.0117755 7.85823
2536 0.00216543 0.0124714 7.73201
2537 0.00302257 0.0118863 7.80674
2538 0.00218204 0.0121753 7.6993
2539 0.00273322 0.0120814 7.77427
2540 0.00217453 0.0119194 7.66898
2541 0.00292364 0.015389 8.24501
2542 0.004429 0.0125221 8.20587
2543 0.0031793 0.014967 8.22183
2544 0.0040178 0.0137537 8.22808
2545 0.00424733 0.0130086 8.20292
2546 0.00328924 0.0145166 8.17625
2547 0.00347378 0.0143482 8.18795
2548 0.0035477 0.0140975 8.16919
2549 0.00240467 0.0154184 8.1768
2550 0.00414288 0.0120795 8.08762
2551 0.00413105 0.0117711 8.05702
2552 0.00240915 0.0151073 8.1275
2553 0.00242072 0.0147976 8.08101
2554 0.00242072 0.0144881 8.03466
2555 0.00242072 0.0141786 7.98988
2556 0.00242072 0.013869 7.94661
2557 0.00242072 0.0135595 7.90478
2558 0.00242072 0.01325 7.86435
2559 0.00242072 0.0129405 7.82527
2560 0.00243559 0.0126145 7.7877
2561 0.00327416 0.0121086 7.88161
2562 0.0024534 0.0122944 7.75267
2563 0.00298518 0.0122351 7.83732
2564 0.00418583 0.0133992 8.22801
2565 0.00315179 0.0147228 8.18143
2566 0.00266711 0.015257 8.18617
2567 0.00368162 0.0138015 8.15946
2568 0.00418407 0.0123832 8.12649
2569 0.00356439 0.0120202 7.93664
2570 0.00271219 0.012427 7.80988
2571 0.00321367 0.0141956 8.11837
2572 0.00266882 0.0149566 8.13966
2573 0.00267996 0.0146494 8.09503
2574 0.00267839 0.0143394 8.04983
2575 0.00268545 0.0140224 8.00644
2576 0.00268695 0.0137246 7.96646
2577 0.00268981 0.0134048 7.92509
2578 0.00270538 0.013099 7.88909
2579 0.00270357 0.0127649 7.84813
2580 0.00323372 0.0124302 7.90777
2581 0.00292815 0.0150936 8.19969
2582 0.00398752 0.0125462 8.09159
2583 0.00423646 0.0127119 8.17125
2584 0.00380907 0.0134786 8.14877
2585 0.00388866 0.0131396 8.12903
2586 0.00296904 0.0144967 8.1179
2587 0.00334365 0.0138626 8.09887
2588 0.00385975 0.0122508 8.0303
2589 0.00352519 0.0123206 7.95845
2590 0.00296563 0.0125797 7.87245
2591 0.00290468 0.0141807 8.06323
2592 0.00299398 0.0138886 8.03852
2593 0.00291175 0.0135734 7.98361
2594 0.00300381 0.0132838 7.96299
2595 0.00298104 0.012927 7.91577
2596 0.00393966 0.0128204 8.10737
2597 0.00348487 0.013555 8.08858
2598 0.00346042 0.0125954 7.97366
2599 0.00324579 0.0127566 7.94661
2600 0.003726 0.0125724 8.03105
2601 0.00355841 0.0132335 8.06588
2602 0.00318235 0.0135894 8.03387
2603 0.00327059 0.0130656 7.98714
2604 0.00358537 0.0128877 8.03255
2605 0.000961683 0.0174421 8.42895
2606 0.00166155 0.0112461 7.53054
2607 0.00133437 0.0169064 8.34182
2608 0.00450216 0.011346 8.13224
2609 0.00449081 0.0135089 8.31686
2610 0.00188198 0.0114288 7.57594
2611 0.00291444 0.0148312 8.15796
