1 1.53081e-18 -0.025 0.318823
2 1.02054e-18 0.0133333 0.770512
3 1.53081e-18 0.025 0.658216
4 1.02054e-18 0.0466667 0.253832
5 0.0146855 0.0378813 0.161926
6 0.0239236 -0.00725686 0.160302
7 0.0138888 0.020787 0.373248
8 0 0.0110784 0.782471
9 0 0.00882353 0.791838
10 0 0.00656863 0.797051
11 0 0.00431373 0.797942
12 0 0.00205882 0.794259
13 0 -0.000196078 0.785744
14 0 -0.00245098 0.772156
15 0 -0.00470588 0.753279
16 0 -0.00696078 0.728924
17 0 -0.00921569 0.698922
18 0 -0.0114706 0.663113
19 0 -0.0137255 0.621346
20 0 -0.0159804 0.573467
21 0 -0.0182353 0.519334
22 0 -0.0204902 0.459107
23 0 -0.0227451 0.394094
24 0.024485 -0.00504824 0.153199
25 0.0248429 -0.00279824 0.148685
26 0.0249945 -0.000525338 0.146978
27 0.0249385 0.0017518 0.148149
28 0.0246756 0.00401452 0.152247
29 0.0242076 0.00624423 0.159275
30 0.0235385 0.00842262 0.169139
31 0.0226737 0.010531 0.181836
32 0.0216209 0.0125514 0.197433
33 0.0203886 0.0144673 0.216319
34 0.0189872 0.016263 0.23999
35 0.0174281 0.0179238 0.274452
36 0.015724 0.019436 0.340301
37 0.0124588 0.0189295 0.474218
38 0.0107834 0.0172919 0.558511
39 0.00889448 0.0159051 0.62944
40 0.00682901 0.0147966 0.686661
41 0.00462924 0.0139891 0.728985
42 0.00233838 0.0134982 0.756195
43 0.00227649 -0.0248961 0.313388
44 0.0045335 -0.0245855 0.308507
45 0.00675254 -0.0240708 0.301489
46 0.0089154 -0.0233563 0.292211
47 0.0110044 -0.0224478 0.280931
48 0.0130022 -0.0213528 0.268007
49 0.0148926 -0.0200801 0.253818
50 0.0166592 -0.0186406 0.238843
51 0.018287 -0.0170466 0.223584
52 0.0197627 -0.0153113 0.208592
53 0.0210743 -0.0134489 0.194291
54 0.022211 -0.0114749 0.181211
55 0.0231634 -0.00940519 0.169751
56 0 0.0226667 0.685953
57 0 0.0203333 0.711845
58 0 0.018 0.735403
59 0 0.0156667 0.755175
60 0.0120925 0.0218808 0.443529
61 0.0102108 0.0228197 0.505638
62 0.0082567 0.0235972 0.557227
63 0.00624418 0.0242076 0.597743
64 0.00418751 0.0246468 0.627288
65 0.00210126 0.0249115 0.646437
66 0.0134933 0.0397831 0.174912
67 0.0120563 0.0415075 0.189366
68 0.0104007 0.0430232 0.204221
69 0.00855639 0.0443027 0.218336
70 0.00655689 0.0453227 0.230699
71 0.00443848 0.0460648 0.240332
72 0.00223956 0.0465155 0.247243
73 0.0150008 0.0227369 0.240292
74 0.0158407 0.0248185 0.187537
75 0.0163933 0.026994 0.162871
76 0.0166486 0.0292241 0.149261
77 0.0166019 0.0314683 0.144208
78 0.016254 0.0336858 0.145563
79 0.0156113 0.0358364 0.151742
80 0 0.0445 0.311487
81 0 0.0423333 0.36347
82 0 0.0401667 0.410527
83 0 0.038 0.454121
84 0 0.0358333 0.494755
85 0 0.0336667 0.532578
86 0 0.0315 0.567579
87 0 0.0293333 0.599691
88 0 0.0271667 0.629294
89 0.00967807 0.00898341 0.666449
90 0.0114826 0.00780899 0.627057
91 0.0109424 -0.00715681 0.598734
92 0.0149228 -0.00757414 0.492562
93 0.00282858 -0.0227349 0.380432
94 0.0051057 -0.0222993 0.375842
95 0.00716124 -0.0216931 0.369732
96 0.00912675 -0.0209796 0.35988
97 0.0110384 -0.0200561 0.349003
98 0.00185826 -0.0192629 0.485446
99 0.0127878 -0.0189919 0.337715
100 0.0019528 -0.0171078 0.539497
101 0.0144834 -0.0177635 0.324532
102 0.0019528 -0.0148529 0.590436
103 0.0160869 -0.0163676 0.310436
104 0.0019528 -0.012598 0.635154
105 0.0174762 -0.0148411 0.298692
106 0.0019528 -0.0103431 0.673845
107 0.0187621 -0.0132069 0.285795
108 0.0019528 -0.00808824 0.706643
109 0.019854 -0.0114315 0.275727
110 0.0019528 -0.00583333 0.733702
111 0.0208114 -0.00959024 0.265339
112 0.0019528 -0.00357843 0.755181
113 0.0216238 -0.00767685 0.255341
114 0.0019528 -0.00132353 0.771249
115 0.022242 -0.00564819 0.248323
116 0.0019528 0.000931373 0.782106
117 0.0226611 -0.00355712 0.244005
118 0.0019528 0.00318627 0.78798
119 0.0228667 -0.00150335 0.242773
120 0.0019528 0.00544118 0.789136
121 0.022937 0.000579636 0.241736
122 0.0019528 0.00769608 0.785868
123 0.0227817 0.00265697 0.244881
124 0.00198056 0.00999401 0.777933
125 0.0224651 0.00469356 0.249618
126 0.00163808 0.0118518 0.770856
127 0.0219139 0.00675285 0.258781
128 0.0212055 0.00873173 0.269737
129 0.00387863 0.0116233 0.7543
130 0.0203325 0.0106431 0.283081
131 0.00642523 0.0125324 0.712326
132 0.0192399 0.0124626 0.302111
133 0.00878191 0.0136142 0.654849
134 0.0179397 0.0142199 0.327246
135 0.0113373 0.0148307 0.571509
136 0.0160253 0.0159372 0.38027
137 0.0132315 0.0165737 0.483441
138 0.0146808 0.018158 0.402381
139 0.00172486 -0.0210724 0.435739
140 0.00364845 -0.0206093 0.437765
141 0.00553918 -0.0200079 0.437521
142 0.00741536 -0.0194747 0.428409
143 0.00927071 -0.0187849 0.416761
144 0.0108786 -0.0178281 0.409916
145 0.00386421 -0.0183829 0.496088
146 0.0124467 -0.0167976 0.39951
147 0.00392165 -0.0160912 0.550854
148 0.0140034 -0.015674 0.385193
149 0.00388851 -0.0137255 0.601299
150 0.0153729 -0.0142783 0.375525
151 0.00388851 -0.0114706 0.642863
152 0.0165568 -0.0128569 0.366113
153 0.00388851 -0.00921569 0.67838
154 0.0176795 -0.0112744 0.355804
155 0.00388851 -0.00696078 0.708078
156 0.0185644 -0.00959303 0.349656
157 0.00388851 -0.00470588 0.732095
158 0.0194312 -0.00788282 0.339061
159 0.00388851 -0.00245098 0.750564
160 0.020119 -0.00612156 0.330436
161 0.00388851 -0.000196078 0.763659
162 0.020579 -0.00422323 0.326626
163 0.00388851 0.00205882 0.771585
164 0.0207955 -0.00232472 0.327494
165 0.00388851 0.00431373 0.774591
166 0.0209704 -0.000427914 0.325074
167 0.00388851 0.00656863 0.772974
168 0.0209305 0.00151522 0.326542
169 0.00398491 0.00899498 0.765338
170 0.0207264 0.00336789 0.330201
171 0.0203487 0.00528186 0.336077
172 0.0196991 0.00708372 0.349268
173 0.0190458 0.00884396 0.358685
174 0.00611162 0.0101445 0.732244
175 0.0181487 0.010604 0.374062
176 0.00861908 0.0109814 0.679408
177 0.0170361 0.0122173 0.396945
178 0.0107653 0.0123322 0.613724
179 0.015896 0.0138199 0.419313
180 0.0138629 0.0145063 0.488828
181 0.0126389 0.0129809 0.549648
182 0.00589571 -0.0175095 0.498388
183 0.00907064 -0.0165866 0.473904
184 0.0104776 -0.0156097 0.469397
185 0.0120358 -0.0147538 0.453643
186 0.00585529 -0.0149535 0.556894
187 0.0135629 -0.0137968 0.434791
188 0.0059615 -0.0127103 0.60014
189 0.0144002 -0.0122392 0.440949
190 0.00577881 -0.010358 0.642306
191 0.0157401 -0.011127 0.419998
192 0.00577456 -0.00807242 0.675104
193 0.016322 -0.00948321 0.42634
194 0.00582422 -0.00583333 0.70082
195 0.0172138 -0.00786866 0.417496
196 0.00582422 -0.00357843 0.721654
197 0.0179806 -0.00630525 0.407388
198 0.00582422 -0.00132353 0.736925
199 0.0187695 -0.0047752 0.391616
200 0.00582422 0.000931373 0.746808
201 0.0186908 -0.00306573 0.405266
202 0.00582422 0.00318627 0.75151
203 0.0188408 -0.0011672 0.406904
204 0.00582422 0.00544118 0.751284
205 0.0192991 0.00052531 0.391671
206 0.00597082 0.00775611 0.744183
207 0.0188164 0.00220492 0.409026
208 0.018932 0.00397031 0.399131
209 0.018198 0.00559976 0.419178
210 0.0174383 0.00725706 0.43623
211 0.0171473 0.00899239 0.43139
212 0.00785671 0.00864502 0.708001
213 0.0159942 0.0103278 0.460885
214 0.0109851 0.0101452 0.625686
215 0.0146645 0.0121659 0.489169
216 0.00780075 -0.0176169 0.469821
217 0.0126581 0.0110779 0.568683
218 0.00831862 -0.0141166 0.54042
219 0.0105083 -0.0136623 0.508461
220 0.0120786 -0.0121714 0.501934
221 0.00771113 -0.0114197 0.598984
222 0.013889 -0.00984881 0.493012
223 0.00753132 -0.00916103 0.63653
224 0.00761506 -0.00695431 0.663623
225 0.0160707 -0.00612523 0.472241
226 0.00772748 -0.00471519 0.68491
227 0.00775993 -0.00245098 0.701931
228 0.00775993 -0.000196078 0.713781
229 0.0166173 -0.00422998 0.470687
230 0.00775993 0.00205882 0.720145
231 0.00775993 0.00431373 0.721265
232 0.0170755 0.000572009 0.473508
233 0.00776527 0.0064068 0.717822
234 0.0167457 0.0034322 0.48208
235 0.0159775 0.00574297 0.499099
236 0.0152083 0.00806794 0.510434
237 0.00736311 -0.0159947 0.514207
238 0.0167918 -0.00184284 0.477456
239 0.00955233 0.00719427 0.678183
240 0.0142489 0.010032 0.525895
241 0.0129453 0.00883299 0.578343
242 0.00982111 -0.0118174 0.555937
243 0.0112357 -0.00954045 0.562589
244 0.00936126 -0.00811207 0.619567
245 0.00949343 -0.00589908 0.642357
246 0.0138554 -0.00493124 0.549221
247 0.00976796 -0.00368756 0.656534
248 0.00978886 -0.0013673 0.670452
249 0.00982416 0.000987065 0.678226
250 0.00987541 0.00316834 0.679381
251 0.00972551 0.00517283 0.68042
252 0.0147314 0.00179393 0.550534
253 0.0141653 0.0039663 0.565205
254 0.013452 0.00633618 0.578387
255 0.00912773 -0.00997913 0.5979
256 0.01279 -0.00737683 0.553099
257 0.0145737 -0.00266691 0.543585
258 0.0150332 -0.000454079 0.538287
259 0.0114581 0.006066 0.635482
260 0.0115778 -0.0051575 0.605011
261 0.0120374 -0.00267053 0.61268
262 0.0115523 -0.000196754 0.635215
263 0.0121274 0.00229751 0.625372
264 0.0119478 0.00432999 0.627901
265 0.0132656 0.000513554 0.591881
266 0.0132767 -0.0011307 0.586917
267 0.0079476 0.0201442 0.606533
268 0.00448409 0.0180631 0.695997
269 0.00435284 0.0203115 0.67508
270 0.00619869 0.0192525 0.655479
271 0.010147 0.0201358 0.543044
272 0.00841141 0.0182749 0.61634
273 0.00674106 0.0171708 0.666136
274 0.0050064 0.0162308 0.705012
275 0.00261189 0.0163323 0.732732
276 0.00862288 0.0216777 0.570026
277 0.00653575 0.021719 0.621568
278 0.00427518 0.0225171 0.651638
279 0.00222951 0.0189971 0.711553
280 0.00208272 0.0232184 0.667189
281 0.0021177 0.0212606 0.689062
282 0.00826937 0.0317238 0.45324
283 0.0078915 0.0340359 0.428464
284 0.0052352 0.0388956 0.392344
285 0.0112187 0.0257519 0.432055
286 0.0111747 0.0393234 0.255399
287 0.00983174 0.0407702 0.264627
288 0.012412 0.0377969 0.242606
289 0.00820243 0.0419839 0.277262
290 0.0133506 0.036023 0.235794
291 0.00656883 0.0430049 0.285364
292 0.0139524 0.0341606 0.23585
293 0.00483861 0.0438663 0.290007
294 0.0144609 0.0322601 0.233834
295 0.00247374 0.0438427 0.314068
296 0.0146357 0.0302289 0.241051
297 0.0145609 0.0282002 0.255951
298 0.0145123 0.026185 0.266513
299 0.0132299 0.0239534 0.356552
300 0.00208994 0.0413236 0.374647
301 0.00187639 0.0390833 0.423272
302 0.00187639 0.0369167 0.465369
303 0.00187639 0.03475 0.504407
304 0.00962462 0.0247778 0.501474
305 0.00199996 0.0325271 0.540471
306 0.0076143 0.0256719 0.548765
307 0.00208851 0.0302984 0.574061
308 0.00549393 0.0263569 0.585287
309 0.00187639 0.02825 0.604886
310 0.003376 0.0265734 0.613266
311 0.00151229 0.026441 0.6312
312 0.0113076 0.0238085 0.45094
313 0.0102526 0.0373357 0.315355
314 0.00904666 0.0387223 0.322498
315 0.0079481 0.0400527 0.321717
316 0.0114705 0.0361551 0.297204
317 0.00612353 0.0407114 0.342666
318 0.0117995 0.0345085 0.309856
319 0.00430963 0.0420523 0.338545
320 0.012269 0.0326924 0.315843
321 0.0129061 0.0310778 0.308333
322 0.0125602 0.0293041 0.339513
323 0.0128211 0.0268365 0.349869
324 0.00378757 0.0401302 0.385866
325 0.00364101 0.0379673 0.430614
326 0.00376629 0.0358333 0.468735
327 0.00389783 0.0336657 0.504209
328 0.0092134 0.0270134 0.487758
329 0.00406629 0.0313462 0.538622
330 0.00694522 0.0279506 0.535987
331 0.00433885 0.0287678 0.572493
332 0.0096201 0.0351428 0.367395
333 0.00694623 0.0385661 0.370583
334 0.0106788 0.0308822 0.393508
335 0.0108431 0.0282577 0.418246
336 0.00553282 0.0370012 0.42413
337 0.005825 0.0349281 0.455432
338 0.00604745 0.0326528 0.487926
339 0.00870417 0.0294215 0.472521
340 0.00633308 0.0303156 0.516797
341 0.00782629 0.0364652 0.390842
342 0.0100817 0.0331347 0.383107
