1 1.53081e-18 -0.025 8.87781
2 1.02054e-18 0.0133333 5.06994
3 1.53081e-18 0.025 5.79637
4 1.02054e-18 0.0466667 8.9538
5 0.0146855 0.0378813 9.15443
6 0.0239236 -0.00725686 9.16997
7 0.0138888 0.020787 8.40112
8 0 0.0121354 5.02931
9 0 0.0109375 4.99357
10 0 0.00973958 4.96581
11 0 0.00854167 4.94679
12 0 0.00734375 4.93626
13 0 0.00614583 4.93414
14 0 0.00494792 4.94087
15 0 0.00375 4.95688
16 0 0.00255208 4.98254
17 0 0.00135417 5.0182
18 0 0.00015625 5.06422
19 0 -0.00104167 5.12092
20 0 -0.00223958 5.1886
21 0 -0.0034375 5.26755
22 0 -0.00463542 5.35807
23 0 -0.00583333 5.4604
24 0 -0.00703125 5.5748
25 0 -0.00822917 5.70151
26 0 -0.00942708 5.84075
27 0 -0.010625 5.99272
28 0 -0.0118229 6.15763
29 0 -0.0130208 6.33567
30 0 -0.0142188 6.52702
31 0 -0.0154167 6.73185
32 0 -0.0166146 6.95034
33 0 -0.0178125 7.18263
34 0 -0.0190104 7.42887
35 0 -0.0202083 7.68916
36 0 -0.0214062 7.96357
37 0 -0.0226042 8.25216
38 0 -0.0238021 8.55348
39 0.0242509 -0.00607385 9.17766
40 0.0245197 -0.0048771 9.18398
41 0.0247295 -0.0036677 9.18898
42 0.0248796 -0.00245019 9.19259
43 0.0249699 -0.00122647 9.19469
44 0.025 6.23264e-07 9.19535
45 0.0249699 0.00122674 9.19452
46 0.0248796 0.00245088 9.19218
47 0.0247293 0.00366869 9.18841
48 0.0245196 0.00487736 9.18312
49 0.0242507 0.00607499 9.17642
50 0.0239235 0.00725711 9.16834
51 0.0235385 0.00842262 9.15887
52 0.0230967 0.00956783 9.14808
53 0.0225996 0.0106891 9.13597
54 0.0220477 0.0117855 9.12256
55 0.021443 0.0128529 9.1078
56 0.0207865 0.0138895 9.0916
57 0.0200797 0.0148931 9.07369
58 0.0193251 0.01586 9.05364
59 0.0185234 0.0167894 9.03046
60 0.0176773 0.0176781 9.00218
61 0.0167888 0.0185239 8.96305
62 0.0158593 0.0193257 8.90744
63 0.0148924 0.0200803 8.5892
64 0.0132064 0.0198329 7.83952
65 0.0124589 0.0189296 7.40566
66 0.01165 0.0180813 7.02678
67 0.0107835 0.017292 6.68914
68 0.00986364 0.0165655 6.38595
69 0.0088947 0.0159052 6.11552
70 0.00788126 0.0153145 5.87652
71 0.00682877 0.0147965 5.669
72 0.00574297 0.014354 5.49273
73 0.00462906 0.0139891 5.34781
74 0.00349236 0.0137033 5.23418
75 0.00233829 0.0134982 5.15138
76 0.00117232 0.0133746 5.09868
77 0.0012271 -0.0249699 8.88559
78 0.00245033 -0.0248796 8.88889
79 0.00366856 -0.0247294 8.89305
80 0.00487723 -0.0245196 8.89841
81 0.00607446 -0.0242508 8.90509
82 0.00725746 -0.0239234 8.91308
83 0.00842204 -0.0235387 8.92228
84 0.00956726 -0.0230969 8.9327
85 0.010689 -0.0225997 8.94406
86 0.0117848 -0.0220481 8.9564
87 0.0128528 -0.0214431 8.96955
88 0.013889 -0.0207869 8.98334
89 0.0148926 -0.0200801 8.99772
90 0.0158602 -0.0193249 9.0125
91 0.016789 -0.0185238 9.0275
92 0.017678 -0.0176774 9.04264
93 0.0185238 -0.0167889 9.05777
94 0.0193253 -0.0158598 9.07268
95 0.0200805 -0.0148921 9.0873
96 0.0207867 -0.0138893 9.10148
97 0.0214434 -0.0128523 9.11505
98 0.0220482 -0.0117847 9.12794
99 0.0225997 -0.0106889 9.13997
100 0.0230971 -0.00956675 9.15105
101 0.0235386 -0.00842238 9.16108
102 0 0.0238333 5.69845
103 0 0.0226667 5.60808
104 0 0.0215 5.52255
105 0 0.0203333 5.44209
106 0 0.0191667 5.36693
107 0 0.018 5.29693
108 0 0.0168333 5.23219
109 0 0.0156667 5.17221
110 0 0.0145 5.11433
111 0.0128521 0.0214435 7.81737
112 0.0117845 0.0220482 7.41614
113 0.0106885 0.0225999 7.08235
114 0.00956674 0.0230971 6.79937
115 0.00842197 0.0235387 6.55966
116 0.00725686 0.0239236 6.35738
117 0.00607427 0.0242508 6.18926
118 0.0048771 0.0245197 6.05349
119 0.00366813 0.0247294 5.94809
120 0.00245032 0.0248796 5.8716
121 0.00122666 0.0249699 5.82321
122 0.0140812 0.0389161 9.13917
123 0.0134046 0.0399042 9.12276
124 0.0126591 0.0408409 9.1056
125 0.011848 0.0417219 9.08802
126 0.0109751 0.0425429 9.07038
127 0.0100454 0.0432992 9.05295
128 0.00906455 0.0439861 9.03623
129 0.00803718 0.0446007 9.0206
130 0.00696805 0.0451401 9.00629
131 0.00586211 0.0456017 8.99359
132 0.00472586 0.0459826 8.98295
133 0.00356606 0.0462807 8.97399
134 0.00238815 0.0464947 8.96751
135 0.00119762 0.0466236 8.9628
136 0.0145149 0.0218089 8.93102
137 0.0150656 0.0228722 9.07383
138 0.0155384 0.0239721 9.12714
139 0.0159311 0.0251034 9.15612
140 0.0162418 0.0262608 9.17653
141 0.0164685 0.0274375 9.19017
142 0.01661 0.0286266 9.19869
143 0.0166657 0.0298225 9.20333
144 0.0166354 0.0310196 9.2045
145 0.0165192 0.0322124 9.20238
146 0.0163175 0.0333937 9.1975
147 0.0160317 0.0345566 9.19001
148 0.0156632 0.0356957 9.18016
149 0.0152139 0.0368056 9.16818
150 0 0.045463 8.68574
151 0 0.0442593 8.43833
152 0 0.0430556 8.20037
153 0 0.0418519 7.97377
154 0 0.0406481 7.75852
155 0 0.0394444 7.55415
156 0 0.0382407 7.36022
157 0 0.037037 7.17629
158 0 0.0358333 7.00193
159 0 0.0346296 6.8367
160 0 0.0334259 6.68015
161 0 0.0322222 6.53183
162 0 0.0310185 6.3913
163 0 0.0298148 6.25807
164 0 0.0286111 6.13218
165 0 0.0274074 6.0139
166 0 0.0262037 5.90282
167 0.0116189 0.00984527 6.3112
168 0.0105082 0.00927109 6.0477
169 0.00806648 0.00720721 5.55552
170 0.00608284 -0.0164628 7.16677
171 0.00409217 -0.023553 8.60455
172 0.00288484 -0.023691 8.5892
173 0.00158415 -0.0237887 8.57821
174 0.00522903 -0.0232838 8.59917
175 0.00636816 -0.0229885 8.60361
176 0.00748678 -0.0226559 8.61338
177 0.0085765 -0.0222779 8.62517
178 0.00106453 -0.0219233 8.10239
179 0.00970525 -0.0218021 8.63397
180 0.00102957 -0.0207882 7.83553
181 0.0107405 -0.0213186 8.64648
182 0.00103743 -0.0196094 7.57286
183 0.0117684 -0.0207637 8.65708
184 0.00103743 -0.0184115 7.31964
185 0.012783 -0.0201472 8.66806
186 0.00103743 -0.0172135 7.08044
187 0.0137478 -0.0195204 8.68498
188 0.00103743 -0.0160156 6.85513
189 0.0146886 -0.0188176 8.69745
190 0.00103743 -0.0148177 6.64358
191 0.0155882 -0.0180642 8.7082
192 0.00103743 -0.0136198 6.4456
193 0.0164657 -0.0172767 8.72395
194 0.00103743 -0.0124219 6.26103
195 0.0172999 -0.0164506 8.7397
196 0.00103743 -0.011224 6.0897
197 0.0180623 -0.0155966 8.75095
198 0.00103743 -0.010026 5.93141
199 0.0188136 -0.0146762 8.76391
200 0.00103743 -0.00882813 5.78598
201 0.0195243 -0.0137441 8.78154
202 0.00103743 -0.00763021 5.6532
203 0.0201607 -0.0127594 8.7895
204 0.00103743 -0.00643229 5.53285
205 0.0207764 -0.0117409 8.80333
206 0.00103743 -0.00523438 5.42471
207 0.0213212 -0.010735 8.81637
208 0.00103743 -0.00403646 5.32853
209 0.0218173 -0.00967647 8.8258
210 0.00103743 -0.00283854 5.24406
211 0.0222656 -0.0085773 8.83384
212 0.00103743 -0.00164063 5.17103
213 0.0226693 -0.00747955 8.84546
214 0.00103743 -0.000442708 5.10916
215 0.0230128 -0.00635449 8.85373
216 0.00103743 0.000755208 5.05814
217 0.0232745 -0.00522503 8.85433
218 0.00103743 0.00195312 5.01766
219 0.023514 -0.00405951 8.86175
220 0.00103743 0.00315104 4.98738
221 0.0236939 -0.00289533 8.86782
222 0.00103743 0.00434896 4.96697
223 0.0237992 -0.00175481 8.86834
224 0.00103743 0.00554687 4.95604
225 0.0238538 -0.000568205 8.86847
226 0.00103743 0.00674479 4.95423
227 0.0238691 0.000603353 8.87258
228 0.00103743 0.00794271 4.96111
229 0.0237929 0.00177341 8.86564
230 0.001097 0.00917761 4.97877
231 0.0236806 0.00295878 8.86384
232 0.00114894 0.0104085 5.00493
233 0.0235184 0.00408965 8.86101
234 0.00103743 0.0115365 5.03177
235 0.0232816 0.00523849 8.85256
236 0.000841832 0.0125547 5.06009
237 0.0229903 0.00638435 8.84377
238 0.0226606 0.00750595 8.83766
239 0.00183109 0.0124667 5.08887
240 0.0222669 0.00860933 8.82742
241 0.00302 0.0125465 5.15501
242 0.0218112 0.00967343 8.81141
243 0.00425979 0.0128535 5.26336
244 0.021313 0.0107421 8.7992
245 0.0054686 0.0132388 5.40627
246 0.0207649 0.0117796 8.78498
247 0.00664131 0.0136655 5.58134
248 0.0201681 0.0127574 8.76443
249 0.00778734 0.0141602 5.79162
250 0.0194957 0.0137562 8.74155
251 0.00887807 0.0147435 6.03449
252 0.0187944 0.0146973 8.71585
253 0.00991988 0.0154176 6.31243
254 0.0180505 0.0155933 8.68319
255 0.0109272 0.0161518 6.62997
256 0.0172663 0.0164738 8.64569
257 0.0118856 0.0169788 6.99133
258 0.0164405 0.0173004 8.58785
259 0.012844 0.0178956 7.42349
260 0.0157049 0.0181094 8.53588
261 0.0139189 0.0190584 8.02724
262 0.00094967 -0.0229101 8.34243
263 0.0150241 0.0189177 8.43228
264 0.00439664 -0.0223727 8.325
265 0.00340051 -0.0227536 8.3724
266 0.00228332 -0.0225321 8.27756
267 0.00551487 -0.0221145 8.32874
268 0.00660997 -0.0218022 8.33347
269 0.00767517 -0.0214554 8.34267
270 0.00872832 -0.021055 8.35315
271 0.00207891 -0.0214062 8.00146
272 0.0097549 -0.0205953 8.36207
273 0.00200534 -0.0201794 7.71894
274 0.0107505 -0.0200925 8.37244
275 0.00207891 -0.0190104 7.46723
276 0.0117224 -0.019538 8.38302
277 0.00207891 -0.0178125 7.22113
278 0.0126685 -0.0189419 8.39564
279 0.00207891 -0.0166146 6.98903
280 0.0135828 -0.0183044 8.40939
281 0.00207891 -0.0154167 6.77085
282 0.0144631 -0.0176126 8.42115
283 0.00207891 -0.0142188 6.56634
284 0.0153119 -0.0168791 8.43391
285 0.00207891 -0.0130208 6.37536
286 0.0161273 -0.0161091 8.44823
287 0.00207891 -0.0118229 6.19772
288 0.0168935 -0.0153002 8.46049
289 0.00207891 -0.010625 6.03324
290 0.0176298 -0.0144542 8.47464
291 0.00207891 -0.00942708 5.88174
292 0.0183197 -0.0135746 8.4879
293 0.00207891 -0.00822917 5.74303
294 0.0189518 -0.0126679 8.49842
295 0.00207891 -0.00703125 5.6169
296 0.0195512 -0.0117202 8.50974
297 0.00207891 -0.00583333 5.50312
298 0.0200986 -0.0107406 8.51896
299 0.00207891 -0.00463542 5.40148
300 0.0205995 -0.00974258 8.5287
301 0.00207891 -0.0034375 5.31171
302 0.0210513 -0.00871681 8.53731
303 0.00207891 -0.00223958 5.23356
304 0.0214572 -0.00767068 8.54632
305 0.00207891 -0.00104167 5.16677
306 0.0218121 -0.00661021 8.55487
307 0.00207891 0.00015625 5.11102
308 0.0221143 -0.00553973 8.56263
309 0.00207891 0.00135417 5.06601
310 0.0223506 -0.00443025 8.56448
311 0.00207891 0.00255208 5.03143
312 0.0225468 -0.00331929 8.5695
313 0.00207891 0.00375 5.00693
314 0.0226835 -0.00220994 8.57229
315 0.00207891 0.00494792 4.99216
316 0.0227694 -0.00109366 8.57472
317 0.00207891 0.00614583 4.98675
318 0.0228007 2.19245e-05 8.57588
319 0.00207891 0.00734375 4.99042
320 0.0227676 0.00112656 8.57287
321 0.00213398 0.00856752 5.00532
322 0.022684 0.00224368 8.56962
323 0.00224376 0.00983301 5.03229
324 0.0225401 0.00335567 8.56342
325 0.00237646 0.0112392 5.07333
326 0.0223488 0.00445389 8.55731
327 0.0220996 0.00554821 8.54888
328 0.021803 0.00662944 8.54048
329 0.0214558 0.00769356 8.53085
330 0.0210498 0.00873311 8.51694
331 0.00383416 0.0116157 5.18119
332 0.0205986 0.00975514 8.50265
333 0.00515438 0.0120123 5.31991
334 0.0200977 0.0107571 8.48627
335 0.00642118 0.0124631 5.49365
336 0.0195452 0.011728 8.46551
337 0.0076514 0.0129454 5.70281
338 0.0189473 0.0126844 8.44324
339 0.00884661 0.0134992 5.95013
340 0.0182819 0.0135951 8.4081
341 0.00997115 0.0141929 6.23458
342 0.0175861 0.0144719 8.3684
343 0.0110567 0.0149229 6.5585
344 0.0168661 0.0153298 8.32377
345 0.0120715 0.0157265 6.91906
346 0.0161174 0.0161682 8.26547
347 0.0130101 0.0165907 7.31588
348 0.0151668 0.0169398 8.1107
349 0.0139012 0.0174675 7.75555
350 0.00336825 -0.0216296 8.09738
351 0.00466041 -0.0212591 8.07374
352 0.00575011 -0.0209343 8.06722
353 0.00680101 -0.020622 8.07562
354 0.00782277 -0.0202789 8.08868
355 0.00881671 -0.0198668 8.09745
356 0.00977494 -0.0193976 8.10353
357 0.00304036 -0.0196176 7.62861
358 0.010713 -0.0188959 8.11369
359 0.00311557 -0.0184322 7.38103
360 0.0116333 -0.0183491 8.12555
361 0.00313802 -0.0172373 7.14351
362 0.0125196 -0.0177584 8.13714
363 0.0031204 -0.0160156 6.91342
364 0.0133702 -0.0171274 8.14867
365 0.0031204 -0.0148177 6.70249
366 0.0142019 -0.0164522 8.16195
367 0.0031204 -0.0136198 6.50519
368 0.0149993 -0.0157306 8.17431
369 0.0031204 -0.0124219 6.32134
370 0.0157487 -0.0149785 8.18587
371 0.0031204 -0.011224 6.15077
372 0.0164681 -0.0141902 8.19874
373 0.0031204 -0.010026 5.99333
374 0.0171424 -0.0133642 8.20972
375 0.0031204 -0.00882813 5.84882
376 0.0177677 -0.0125136 8.21977
377 0.0031204 -0.00763021 5.71705
378 0.0183641 -0.0116332 8.23216
379 0.0031204 -0.00643229 5.5978
380 0.018914 -0.0107138 8.24215
381 0.0031204 -0.00523438 5.49087
382 0.0193995 -0.00976595 8.24695
383 0.0031204 -0.00403646 5.39601
384 0.0198584 -0.00880161 8.25642
385 0.0031204 -0.00283854 5.31297
386 0.0202718 -0.00781419 8.26546
387 0.0031204 -0.00164063 5.2415
388 0.0206317 -0.00681068 8.27277
389 0.0031204 -0.000442708 5.18131
390 0.0209398 -0.00578914 8.27839
391 0.0031204 0.000755208 5.13208
392 0.0212063 -0.00474448 8.28466
393 0.0031204 0.00195312 5.09352
394 0.0214115 -0.00368526 8.28735
395 0.0031204 0.00315104 5.06529
396 0.0215702 -0.00263223 8.29084
397 0.0031204 0.00434896 5.04702
398 0.0216801 -0.00157326 8.29387
399 0.0031204 0.00554687 5.03835
400 0.0217296 -0.000510356 8.29334
401 0.00315389 0.00676256 5.04117
402 0.0217247 0.000544386 8.29081
403 0.00312659 0.00793021 5.04903
404 0.0216791 0.00160593 8.2897
405 0.00324226 0.0091348 5.07409
406 0.0215716 0.00266858 8.28464
407 0.00346974 0.0103528 5.11655
408 0.0213983 0.00371986 8.27422
409 0.0211957 0.00476621 8.26808
410 0.0209388 0.00580818 8.25978
411 0.0206254 0.00683247 8.24792
412 0.0202665 0.00783268 8.23442
413 0.0198648 0.00882169 8.22064
414 0.00481506 0.0107551 5.24156
415 0.0194059 0.00978834 8.20162
416 0.00614244 0.0112048 5.40601
417 0.0189075 0.0107227 8.17981
418 0.00745754 0.0116977 5.61162
419 0.0183599 0.011643 8.15387
420 0.00876353 0.0122322 5.86185
421 0.0177524 0.0125347 8.11789
422 0.00996611 0.012879 6.14282
423 0.0170825 0.0133923 8.06739
424 0.0111386 0.0136419 6.47229
425 0.0163733 0.0142238 8.00482
426 0.0122685 0.0144294 6.84396
427 0.0157119 0.0150495 7.95061
428 0.0132531 0.0152847 7.23001
429 0.0151091 0.0158631 7.90251
430 0.0141319 0.0162057 7.63795
431 0.00288692 -0.0206429 7.85108
432 0.00394892 -0.0204352 7.84843
433 0.00494785 -0.0200471 7.81584
434 0.0059607 -0.0197326 7.81404
435 0.00696204 -0.0194749 7.83702
436 0.00793731 -0.0191261 7.85084
437 0.00884611 -0.0186834 7.85075
438 0.00974289 -0.0181968 7.85268
439 0.00407667 -0.0191893 7.58215
440 0.0106321 -0.0177309 7.87003
441 0.0042029 -0.0179124 7.32515
442 0.0115136 -0.0171793 7.88178
443 0.00419143 -0.0166804 7.08566
444 0.0123119 -0.0165852 7.88601
445 0.00414163 -0.0154321 6.85621
446 0.0131129 -0.0159913 7.90242
447 0.00416189 -0.0142188 6.65101
448 0.0139143 -0.0153242 7.91791
449 0.00416189 -0.0130208 6.46101
450 0.0146241 -0.0146026 7.92105
451 0.00416189 -0.0118229 6.28443
452 0.0153356 -0.0138882 7.93746
453 0.00416189 -0.010625 6.12112
454 0.0160078 -0.0131199 7.95007
455 0.00416189 -0.00942708 5.9709
456 0.0165998 -0.0123086 7.95251
457 0.00416189 -0.00822917 5.8336
458 0.0171938 -0.0114978 7.96697
459 0.00416189 -0.00703125 5.70902
460 0.0177626 -0.0106481 7.98274
461 0.00416189 -0.00583333 5.59694
462 0.0182231 -0.00974594 7.9808
463 0.00416189 -0.00463542 5.49715
464 0.0186579 -0.0088256 7.98284
465 0.00416189 -0.0034375 5.40942
466 0.0190999 -0.00791616 7.99904
467 0.00416189 -0.00223958 5.33348
468 0.0194792 -0.00694506 8.00706
469 0.00416189 -0.00104167 5.26906
470 0.0197636 -0.00599555 8.00579
471 0.00416189 0.00015625 5.21589
472 0.0200662 -0.00502868 8.01882
473 0.00416189 0.00135417 5.17366
474 0.0202964 -0.00400185 8.02261
475 0.00416189 0.00255208 5.14203
476 0.020442 -0.00300043 8.01839
477 0.00416189 0.00375 5.12065
478 0.0205897 -0.00200423 8.02603
479 0.00416189 0.00494792 5.10914
480 0.0206725 -0.000989739 8.0282
481 0.00422509 0.00619651 5.11212
482 0.020664 1.32008e-05 8.01848
483 0.00425612 0.00742442 5.12284
484 0.020659 0.00101724 8.02061
485 0.00407225 0.00846754 5.12284
486 0.0206086 0.00203843 8.02251
487 0.00448312 0.00950278 5.17696
488 0.0204366 0.00303387 8.004
489 0.0202471 0.00403559 7.99215
490 0.0200626 0.00503122 7.99227
491 0.0197817 0.00603119 7.97946
492 0.0194445 0.00696834 7.9588
493 0.0191091 0.00790648 7.94858
494 0.0187016 0.00886927 7.93274
495 0.00579402 0.00985736 5.31984
496 0.0182205 0.00975563 7.90044
497 0.00715377 0.0103727 5.51241
498 0.0177456 0.0106425 7.87785
499 0.00851594 0.0109073 5.75056
500 0.0172078 0.0115146 7.84532
501 0.00997438 0.0114209 6.05321
502 0.01658 0.0123362 7.78818
503 0.0111846 0.012324 6.38073
504 0.0158715 0.0131871 7.71478
505 0.0123681 0.0131197 6.74328
506 0.0150396 0.0140155 7.59849
507 0.0136369 0.0139005 7.17736
508 0.0144359 0.0149594 7.55343
509 0.00512934 -0.0187768 7.55464
510 0.00620348 -0.0185311 7.57842
511 0.00714467 -0.0184744 7.64401
512 0.00792607 -0.0179498 7.60941
513 0.00880758 -0.0174847 7.60783
514 0.00967227 -0.0169696 7.60663
515 0.0105917 -0.0167055 7.67115
516 0.00537819 -0.0173751 7.28823
517 0.0112679 -0.0160157 7.63521
518 0.00511867 -0.0160318 7.02005
519 0.0120693 -0.0154208 7.64522
520 0.00516722 -0.0148099 6.80912
521 0.0129366 -0.0149812 7.70328
522 0.00520338 -0.0136198 6.6167
523 0.013514 -0.0141996 7.66895
524 0.00520338 -0.0124219 6.43415
525 0.014213 -0.0134853 7.67694
526 0.00520338 -0.011224 6.26502
527 0.0149965 -0.0129425 7.7366
528 0.00520338 -0.010026 6.10916
529 0.0153942 -0.0120878 7.69071
530 0.00520338 -0.00882813 5.96639
531 0.0160196 -0.0112764 7.70457
532 0.00520338 -0.00763021 5.83655
533 0.0167201 -0.0106132 7.7633
534 0.00520338 -0.00643229 5.71945
535 0.0170532 -0.00970559 7.72823
536 0.00520338 -0.00523438 5.61484
537 0.0174592 -0.00881014 7.72056
538 0.00520338 -0.00403646 5.52254
539 0.0178743 -0.00787483 7.72229
540 0.00520338 -0.00283854 5.44229
541 0.018466 -0.00711587 7.78951
542 0.00520338 -0.00164063 5.37385
543 0.0185843 -0.00616343 7.74431
544 0.00520338 -0.000442708 5.31694
545 0.0188672 -0.00522096 7.74786
546 0.00520338 0.000755208 5.27128
547 0.0193106 -0.00433013 7.80284
548 0.00520338 0.00195312 5.23655
549 0.0193086 -0.00333497 7.75749
550 0.00520338 0.00315104 5.21243
551 0.0194475 -0.00234641 7.75694
552 0.00520338 0.00434896 5.19855
553 0.0197528 -0.00144648 7.8096
554 0.00525252 0.00558208 5.19884
555 0.0195659 -0.000525863 7.75116
556 0.00536872 0.00689211 5.21654
557 0.0195841 0.00049523 7.75201
558 0.0053707 0.00836747 5.2372
559 0.0197517 0.00144642 7.80032
560 0.0194777 0.00237444 7.74877
561 0.0192698 0.00333742 7.72424
562 0.0190641 0.00433822 7.71202
563 0.0190764 0.00529912 7.76212
564 0.0185969 0.00613377 7.69295
565 0.0182602 0.00707335 7.6742
566 0.0180913 0.00803093 7.70754
567 0.0175109 0.00881033 7.63258
568 0.00684045 0.00899019 5.42511
569 0.0170303 0.00968663 7.59753
570 0.00818197 0.00957955 5.64069
571 0.0167465 0.0105898 7.62093
572 0.00948685 0.0100774 5.88913
573 0.0160594 0.0112316 7.5184
574 0.0113785 0.0110916 6.33832
575 0.0154739 0.0121301 7.47183
576 0.0124497 0.0117834 6.64665
577 0.0146605 0.0129791 7.35587
578 0.0134989 0.0124973 6.98489
579 0.00677381 -0.0173772 7.39326
580 0.00785656 -0.0168331 7.38727
581 0.00883812 -0.0162775 7.38497
582 0.00991707 -0.0156787 7.40122
583 0.0110249 -0.0148513 7.40263
584 0.00614261 -0.015366 6.97377
585 0.012149 -0.0140506 7.43208
586 0.00624188 -0.0142105 6.78667
587 0.00624487 -0.0130208 6.59977
588 0.0130919 -0.0130873 7.43209
589 0.00624487 -0.0118229 6.42485
590 0.0140934 -0.0121778 7.46933
591 0.00624487 -0.010625 6.26333
592 0.00624487 -0.00942708 6.11513
593 0.00624487 -0.00822917 5.98009
594 0.0157047 -0.00995946 7.48729
595 0.00624487 -0.00703125 5.858
596 0.00624487 -0.00583333 5.74866
597 0.00624487 -0.00463542 5.65188
598 0.0167251 -0.00785818 7.47881
599 0.00624487 -0.0034375 5.56743
600 0.0173755 -0.0066886 7.51706
601 0.00624487 -0.00223958 5.49507
602 0.00624487 -0.00104167 5.43457
603 0.0176897 -0.00538124 7.49445
604 0.00624487 0.00015625 5.38566
605 0.0181241 -0.00405431 7.51631
606 0.00624487 0.00135417 5.34803
607 0.00624487 0.00255208 5.32136
608 0.0183088 -0.00269046 7.50286
609 0.00624487 0.00375 5.30542
610 0.0185746 -0.00136906 7.52833
611 0.00622289 0.00490804 5.29748
612 0.00635733 0.00613044 5.31605
613 0.00667824 0.00747867 5.37017
614 0.0185465 0.00136611 7.50884
615 0.0181163 0.00366458 7.45853
616 0.017941 0.00499214 7.47108
617 0.0174121 0.00623929 7.41375
618 0.0169722 0.00754741 7.39682
619 0.0163241 0.00872934 7.33518
620 0.00800066 0.00829727 5.57143
621 0.0157692 0.00997344 7.31254
622 0.00929758 0.00881275 5.80101
623 0.0125362 0.0105178 6.56657
624 0.0144988 0.0119494 7.19362
625 0.0136959 0.0111075 6.90093
626 0.014836 -0.0110355 7.45259
627 0.0162211 -0.00887166 7.47328
628 0.0184886 -1.39692e-05 7.49251
629 0.0183098 0.0025467 7.47266
630 0.0147637 0.0179247 8.14515
631 0.0149919 0.0110313 7.22364
632 0.00794402 -0.0157965 7.20732
633 0.00868505 -0.0150245 7.14867
634 0.00973632 -0.0143232 7.15207
635 0.0107859 -0.0135255 7.15971
636 0.00735073 -0.0148329 6.98334
637 0.0118378 -0.012714 7.18631
638 0.00728636 -0.0136198 6.78111
639 0.00726565 -0.0124255 6.59908
640 0.0127371 -0.0118257 7.19934
641 0.00732452 -0.011264 6.44217
642 0.00733732 -0.0100617 6.28879
643 0.00731803 -0.00884711 6.14449
644 0.00728636 -0.00763021 6.01224
645 0.00728636 -0.00643229 5.89817
646 0.00728636 -0.00523438 5.79693
647 0.00728636 -0.00403646 5.70831
648 0.0159758 -0.00683508 7.24151
649 0.00728636 -0.00283854 5.63212
650 0.0164285 -0.00565747 7.2463
651 0.00728636 -0.00164063 5.5681
652 0.00728636 -0.000442708 5.51604
653 0.0167744 -0.00440442 7.24232
654 0.00728636 0.000755208 5.47565
655 0.0170763 -0.00315815 7.24793
656 0.00728636 0.00195312 5.44663
657 0.00731503 0.00317009 5.4319
658 0.0172835 -0.00190087 7.25066
659 0.00731424 0.00435411 5.42505
660 0.00714333 0.00538492 5.40632
661 0.00757569 0.00629863 5.47024
662 0.0168898 0.00404457 7.18659
663 0.0165648 0.00525813 7.16233
664 0.0161014 0.00646085 7.11913
665 0.0156085 0.00764765 7.08062
666 0.0150825 0.0087949 7.04141
667 0.00921679 0.00758275 5.74603
668 0.0134458 0.00993614 6.74052
669 0.00700071 -0.016094 7.17308
670 0.0135485 -0.0108843 7.20978
671 0.0143106 -0.00992916 7.2279
672 0.0149419 -0.00892191 7.23361
673 0.0154375 -0.00789836 7.22769
674 0.0173554 -0.000643163 7.24107
675 0.0173726 0.000550171 7.23612
676 0.0172977 0.00174794 7.22594
677 0.0170866 0.00285395 7.197
678 0.0104276 0.00803327 5.97717
679 0.0126673 0.0092405 6.50801
680 0.00850315 -0.0139786 6.95762
681 0.00944466 -0.0129334 6.90182
682 0.0105492 -0.0122478 6.94157
683 0.0114938 -0.0114597 6.96435
684 0.00838631 -0.011964 6.64446
685 0.00843896 -0.0107299 6.48466
686 0.00842408 -0.00947736 6.33014
687 0.00835812 -0.00824543 6.18683
688 0.00832784 -0.00703125 6.06296
689 0.00832784 -0.00583333 5.9572
690 0.00832784 -0.00463542 5.8644
691 0.00832784 -0.0034375 5.78433
692 0.0151479 -0.00587164 7.00798
693 0.00832784 -0.00223958 5.71681
694 0.0155334 -0.00472008 7.00792
695 0.00832784 -0.00104167 5.66162
696 0.00832784 0.00015625 5.61855
697 0.0158729 -0.00356166 7.01469
698 0.00832784 0.00135417 5.58731
699 0.0161308 -0.0024006 7.02072
700 0.00834578 0.00257109 5.56973
701 0.00842057 0.00383197 5.57137
702 0.00840118 0.00519369 5.57329
703 0.0156459 0.00433978 6.91755
704 0.0152911 0.00547874 6.88396
705 0.0148238 0.00662906 6.83661
706 0.0142735 0.00773934 6.7773
707 0.00819176 -0.0129844 6.77244
708 0.0122766 -0.0106013 6.97129
709 0.0146771 -0.00695651 7.00306
710 0.0161652 -0.00119781 6.99439
711 0.00892346 0.00635396 5.66813
712 0.0158957 0.00316614 6.93874
713 0.0138852 0.0088421 6.76181
714 0.0103088 0.00664104 5.90744
715 0.0130226 -0.00966127 6.97913
716 0.0141075 -0.00794373 6.98703
717 0.0161407 -3.97637e-05 6.9706
718 0.0160322 0.00198175 6.94834
719 0.00944618 -0.0115231 6.70348
720 0.0104262 -0.0111219 6.77431
721 0.0096516 -0.0101519 6.55256
722 0.00946044 -0.00883423 6.37817
723 0.00938934 -0.00761461 6.24367
724 0.0093872 -0.00642561 6.13397
725 0.00941153 -0.00523078 6.04029
726 0.00939891 -0.00403732 5.95499
727 0.00936933 -0.00283854 5.87998
728 0.0143231 -0.00497433 6.79302
729 0.00936933 -0.00164063 5.82162
730 0.0146771 -0.00386568 6.79528
731 0.00936933 -0.000442708 5.77573
732 0.00936933 0.000755208 5.74224
733 0.0149882 -0.00277932 6.80512
734 0.00937798 0.00193609 5.72236
735 0.00939142 0.00313363 5.7147
736 0.00968844 0.00441323 5.76269
737 0.0144242 0.00456925 6.66028
738 0.0140547 0.00566635 6.62118
739 0.0135666 0.0067526 6.56457
740 0.0128652 0.00787607 6.46937
741 0.0110417 -0.0102603 6.74931
742 0.0139091 -0.00605886 6.79329
743 0.0152641 -0.00176329 6.82454
744 0.00966913 0.00556331 5.77483
745 0.0147489 0.00348796 6.69994
746 0.0118689 -0.00945397 6.77561
747 0.0134256 -0.00712213 6.79476
748 0.0148718 -0.000760639 6.72016
749 0.0149184 0.00230767 6.71562
750 0.0104129 -0.0081437 6.42887
751 0.0104319 -0.00700794 6.3228
752 0.010496 -0.00581696 6.23073
753 0.0105166 -0.00464188 6.14746
754 0.0104703 -0.00341185 6.06415
755 0.0104582 -0.00221969 6.00129
756 0.0135197 -0.00411956 6.59672
757 0.0104108 -0.00104167 5.94645
758 0.0137942 -0.00302649 6.59027
759 0.0104347 0.000166826 5.9138
760 0.0104384 0.00134289 5.89144
761 0.0104144 0.00246987 5.87703
762 0.0103906 0.00347291 5.87303
763 0.0131991 0.00475232 6.41095
764 0.0128307 0.00576685 6.36815
765 0.0116874 0.00859247 6.25509
766 0.0115491 0.00736061 6.16871
767 0.0107264 0.00531658 5.95097
768 0.0126899 -0.00830498 6.78118
769 0.0149421 0.000864285 6.71408
770 0.010625 -0.00925976 6.57604
771 0.0131171 -0.00519783 6.59366
772 0.0141862 -0.00196529 6.62095
773 0.0135379 0.0036915 6.45442
774 0.0126974 -0.00617314 6.59458
775 0.0139624 0.00278235 6.52612
776 0.0114818 -0.00761199 6.52878
777 0.0114711 -0.00644432 6.42345
778 0.0117912 -0.00527081 6.3812
779 0.0115045 -0.0039822 6.25262
780 0.0115787 -0.00276927 6.19883
781 0.0115718 -0.00158465 6.14725
782 0.0126213 -0.00332145 6.39776
783 0.0114979 -0.000392653 6.09736
784 0.0115126 0.000789008 6.07497
785 0.0115414 0.00196153 6.0677
786 0.0114456 0.0030938 6.05101
787 0.0119745 0.00497951 6.17503
788 0.011626 0.00608126 6.13828
789 0.0114209 -0.00857869 6.6158
790 0.0123565 -0.00713229 6.61985
791 0.0137403 -0.000157681 6.4901
792 0.0138374 0.0017904 6.49396
793 0.0124781 -0.00437796 6.43387
794 0.0128177 -0.0021717 6.37883
795 0.0123357 0.0038767 6.2221
796 0.0127371 0.00263054 6.28431
797 0.0125978 -0.00087151 6.2973
798 0.0125779 0.000258671 6.26901
799 0.0126218 0.00140732 6.26352
800 0.0135514 0.00084015 6.44217
801 0.012475 0.00674688 6.33345
802 0.0110779 0.00422523 5.99576
803 0.0144853 0.0099853 6.99658
804 0.0135421 -0.00122519 6.47797
805 0.0105919 0.0103541 6.12217
806 0.0137974 -0.00894758 7.03275
807 0.0163352 0.00100332 7.00855
808 0.00302232 0.0170814 5.36545
809 0.00958264 0.0197823 6.56034
810 0.00421989 0.0196338 5.62311
811 0.00590333 0.0193296 5.80601
812 0.00879621 0.0171139 6.17787
813 0.00781464 0.0164794 5.93704
814 0.00684475 0.0160351 5.74215
815 0.00965302 0.0177339 6.42258
816 0.00583859 0.0156168 5.57124
817 0.0103999 0.0186999 6.69636
818 0.00482327 0.0152223 5.42782
819 0.0113188 0.0192376 7.0251
820 0.00374904 0.0149402 5.31061
821 0.011879 0.0204145 7.32206
822 0.0026474 0.0146822 5.2194
823 0.00147276 0.0144835 5.1544
824 0.0107805 0.0213065 7.01756
825 0.00970458 0.021866 6.74695
826 0.00097523 0.0162995 5.22554
827 0.00862529 0.0222437 6.50948
828 0.00101036 0.0174167 5.28616
829 0.00749017 0.0227199 6.30961
830 0.00101036 0.0185833 5.35359
831 0.00639186 0.023053 6.14486
832 0.00101036 0.01975 5.42639
833 0.00523892 0.0233348 6.00338
834 0.00103463 0.0209635 5.50862
835 0.00405637 0.0235146 5.88582
836 0.00103721 0.0221829 5.59636
837 0.00294841 0.0237435 5.81135
838 0.00105012 0.0234408 5.69312
839 0.0009089 0.0153623 5.17761
840 0.00202246 0.0239967 5.77664
841 0.00856963 0.0182547 6.20882
842 0.00774264 0.0177253 6.00491
843 0.00684616 0.0172536 5.81655
844 0.00591096 0.0167981 5.64824
845 0.00933002 0.0187369 6.41905
846 0.00493008 0.0164484 5.5051
847 0.0106094 0.0200425 6.86473
848 0.00393514 0.0161329 5.38709
849 0.00292496 0.0158627 5.29414
850 0.00192658 0.0155886 5.22474
851 0.0098681 0.0208197 6.71444
852 0.00881338 0.0208852 6.45305
853 0.00199704 0.0167075 5.28477
854 0.00774686 0.0214758 6.26787
855 0.00203259 0.0178887 5.35199
856 0.00664284 0.0218622 6.09666
857 0.00207464 0.0190943 5.42654
858 0.00559415 0.0220991 5.95686
859 0.00204852 0.0203333 5.50545
860 0.00447277 0.0224132 5.84367
861 0.00207305 0.0216602 5.59937
862 0.0031894 0.0224419 5.72728
863 0.00208203 0.022881 5.69099
864 0.00766648 0.0189553 6.07372
865 0.00856422 0.0194875 6.2955
866 0.00680006 0.0184811 5.88783
867 0.00590324 0.0180439 5.72299
868 0.00498243 0.0176843 5.5827
869 0.00403382 0.0173785 5.46508
870 0.00777928 0.0202331 6.18486
871 0.0069699 0.0208243 6.07811
872 0.00306593 0.0183179 5.44005
873 0.00592795 0.0207439 5.9057
874 0.00319539 0.0196623 5.53362
875 0.00484954 0.0212651 5.8026
876 0.00302362 0.0211334 5.62093
877 0.003906 0.0215788 5.72701
878 0.00680908 0.0197513 5.97485
879 0.00501335 0.0188768 5.6604
880 0.00405736 0.0185811 5.53937
881 0.00502253 0.0201068 5.74263
882 0.00402332 0.0205693 5.66627
883 0.0122008 0.0294611 7.92322
884 0.0117093 0.0337527 8.09562
885 0.00432239 0.0286702 6.36536
886 0.0108396 0.0270918 7.41255
887 0.0114529 0.0405435 8.83814
888 0.0121555 0.0396956 8.84794
889 0.0128217 0.0388149 8.86403
890 0.0106474 0.0413473 8.82157
891 0.0134183 0.0378467 8.87326
892 0.00980129 0.0420894 8.8072
893 0.0139691 0.036855 8.88861
894 0.00890434 0.0427704 8.79366
895 0.0144349 0.0358284 8.89958
896 0.00797443 0.0433413 8.77457
897 0.0147942 0.034788 8.90206
898 0.00699385 0.0438617 8.75813
899 0.0150807 0.0337142 8.90153
900 0.00599672 0.0443481 8.75206
901 0.0153152 0.0326202 8.90421
902 0.00500299 0.0447656 8.75091
903 0.0154802 0.0314971 8.90528
904 0.00385451 0.0450729 8.73467
905 0.0155288 0.030395 8.89303
906 0.0027368 0.0452391 8.7115
907 0.0155339 0.0292898 8.88505
908 0.0015094 0.0454738 8.71941
909 0.015463 0.0281929 8.87118
910 0.015274 0.0270609 8.83701
911 0.015022 0.0259656 8.7923
912 0.0147141 0.0249112 8.73084
913 0.00100768 0.0436056 8.32531
914 0.0142262 0.023824 8.58855
915 0.00104244 0.0424537 8.10435
916 0.0136865 0.0227303 8.36389
917 0.00104244 0.04125 7.88391
918 0.00104244 0.0400463 7.67456
919 0.00104244 0.0388426 7.47583
920 0.00104244 0.0376389 7.28733
921 0.0116613 0.0232855 7.45227
922 0.00104244 0.0364352 7.10862
923 0.0105416 0.0238186 7.12004
924 0.00104244 0.0352315 6.93927
925 0.0093695 0.0242951 6.83477
926 0.00104244 0.0340278 6.77884
927 0.00818111 0.0247289 6.59779
928 0.00104244 0.0328241 6.62686
929 0.0069333 0.0251074 6.39346
930 0.00104244 0.0316204 6.48291
931 0.00570404 0.0254067 6.2305
932 0.00104244 0.0304167 6.34653
933 0.00442049 0.0256653 6.09848
934 0.00109805 0.0291835 6.21617
935 0.00312477 0.0258917 6.00367
936 0.00114785 0.0279537 6.09335
937 0.00188812 0.0259277 5.93268
938 0.00104244 0.0268056 5.98035
939 0.00084404 0.0258082 5.88503
940 0.000932216 0.044576 8.51918
941 0.0125425 0.0227047 7.76531
942 0.0110116 0.03946 8.60403
943 0.0103055 0.0402416 8.59525
944 0.0116243 0.0386222 8.60413
945 0.0122205 0.0377504 8.6131
946 0.0095355 0.0409171 8.57578
947 0.0127573 0.0368609 8.62434
948 0.00876836 0.0415785 8.5706
949 0.0132444 0.0359694 8.64064
950 0.0078981 0.0421642 8.55455
951 0.0136401 0.0349406 8.63961
952 0.00699056 0.0426503 8.53294
953 0.0139214 0.0339799 8.63249
954 0.00604148 0.0431477 8.52594
955 0.0141623 0.0329573 8.62594
956 0.00507799 0.0435784 8.52268
957 0.0143296 0.0319159 8.61475
958 0.00420559 0.0440508 8.55119
959 0.0144426 0.0308829 8.60419
960 0.0031181 0.0439345 8.46312
961 0.014479 0.029838 8.58585
962 0.00201155 0.0443281 8.49674
963 0.0144614 0.0288374 8.56525
964 0.0143538 0.0277466 8.52915
965 0.0141034 0.0267417 8.45174
966 0.0138623 0.0257366 8.37624
967 0.0136489 0.0247235 8.30567
968 0.00205979 0.0431137 8.25829
969 0.0128679 0.0238915 7.95949
970 0.00207003 0.0418644 8.02446
971 0.00208694 0.0406481 7.80887
972 0.00208694 0.0394444 7.6057
973 0.00208694 0.0382407 7.413
974 0.00208694 0.037037 7.23033
975 0.0116012 0.0245668 7.50167
976 0.00208694 0.0358333 7.05726
977 0.0103901 0.0250923 7.159
978 0.00208694 0.0346296 6.89334
979 0.00914436 0.0255229 6.86893
980 0.00208694 0.0334259 6.73811
981 0.00787385 0.0259564 6.63168
982 0.00208694 0.0322222 6.59113
983 0.00657331 0.0263027 6.43289
984 0.00208694 0.0310185 6.45195
985 0.00526554 0.026578 6.27347
986 0.00213831 0.0297998 6.32123
987 0.00390136 0.0268262 6.15001
988 0.00223185 0.0285401 6.19555
989 0.00239681 0.0271556 6.06932
990 0.00999085 0.0392352 8.39709
991 0.0104531 0.0383907 8.35943
992 0.00919836 0.0397837 8.34952
993 0.0110358 0.0375995 8.3637
994 0.01154 0.0367507 8.36064
995 0.00843676 0.0404292 8.33749
996 0.0121019 0.0359158 8.38651
997 0.00784709 0.0411331 8.37348
998 0.0126691 0.0351849 8.43958
999 0.00697124 0.0413905 8.30977
1000 0.0127554 0.0342339 8.37531
1001 0.00607109 0.0418956 8.30121
1002 0.0129881 0.0332619 8.35446
1003 0.0050893 0.0424175 8.30573
1004 0.01315 0.0322841 8.32912
1005 0.00404729 0.0429791 8.33272
1006 0.0132707 0.031266 8.3033
1007 0.0133687 0.0302907 8.28529
1008 0.0133994 0.029308 8.25838
1009 0.0135626 0.0283498 8.28278
1010 0.0131849 0.0274777 8.14538
1011 0.0128623 0.0264472 8.01568
1012 0.0126538 0.0252748 7.91292
1013 0.00311666 0.0412179 7.95524
1014 0.00313145 0.0400463 7.75455
1015 0.00313145 0.0388426 7.55808
1016 0.00313145 0.0376389 7.37185
1017 0.00313145 0.0364352 7.1955
1018 0.0114733 0.0259921 7.53392
1019 0.00313145 0.0352315 7.02856
1020 0.0101159 0.0263189 7.16467
1021 0.00313145 0.0340278 6.87057
1022 0.00883538 0.026803 6.89558
1023 0.00313145 0.0328241 6.72104
1024 0.00751832 0.0272188 6.6687
1025 0.00313145 0.0316204 6.57952
1026 0.00613501 0.0275575 6.47617
1027 0.00320206 0.0304068 6.44967
1028 0.00480834 0.0277162 6.3231
1029 0.00323693 0.0292343 6.32916
1030 0.0034741 0.0279897 6.22322
1031 0.00906956 0.0383992 8.12819
1032 0.0102196 0.0366977 8.10277
1033 0.00815291 0.0392883 8.122
1034 0.0108836 0.0357376 8.11784
1035 0.00719889 0.0401519 8.13143
1036 0.0116286 0.0348548 8.18023
1037 0.00522006 0.0411634 8.09382
1038 0.0119527 0.0326929 8.0647
1039 0.00411451 0.0417931 8.11851
1040 0.0121033 0.0316237 8.02417
1041 0.0121872 0.0305432 7.97814
1042 0.0124388 0.0284031 7.94191
1043 0.0119538 0.027294 7.74775
1044 0.00420766 0.040583 7.91366
1045 0.00417341 0.0394017 7.71529
1046 0.00417595 0.0382407 7.53308
1047 0.00417595 0.037037 7.35396
1048 0.00417595 0.0358333 7.18448
1049 0.00417595 0.0346296 7.02423
1050 0.00984025 0.0276254 7.18846
1051 0.00417595 0.0334259 6.87271
1052 0.00853677 0.0281232 6.9382
1053 0.00417595 0.0322222 6.7294
1054 0.0070841 0.0285012 6.70535
1055 0.00427507 0.0309907 6.59992
1056 0.00556761 0.0289089 6.52461
1057 0.00436166 0.0297695 6.47874
1058 0.00779909 0.0380485 7.89186
1059 0.00957326 0.0358093 7.8814
1060 0.00713174 0.0389859 7.94309
1061 0.0103724 0.0345092 7.88571
1062 0.005184 0.0399507 7.88674
1063 0.0109402 0.0320189 7.77794
1064 0.0111158 0.0309113 7.73318
1065 0.0111076 0.0283952 7.56288
1066 0.00522435 0.0387577 7.70033
1067 0.00522203 0.0376034 7.52685
1068 0.0051917 0.0364099 7.35402
1069 0.00522046 0.0352315 7.19843
1070 0.00522046 0.0340278 7.04553
1071 0.00973138 0.0291041 7.27155
1072 0.00522046 0.0328241 6.9011
1073 0.00816038 0.0294124 6.97495
1074 0.00531724 0.0316137 6.77454
1075 0.00674459 0.0298011 6.77402
1076 0.00543791 0.0303406 6.65251
1077 0.00879355 0.0369923 7.89492
1078 0.00609291 0.0393793 7.88389
1079 0.0107066 0.0331728 7.82601
1080 0.0110925 0.0296336 7.63907
1081 0.00643443 0.0380674 7.72138
1082 0.00870996 0.0347066 7.6028
1083 0.0099482 0.0312655 7.49711
1084 0.0062959 0.0358836 7.40255
1085 0.00631206 0.0346866 7.25151
1086 0.00631016 0.0334807 7.10603
1087 0.00906452 0.0303632 7.23616
1088 0.00632741 0.0322742 6.97116
1089 0.00774756 0.0306733 7.01942
1090 0.00649806 0.0310861 6.86735
1091 0.0073079 0.0368285 7.65587
1092 0.00835507 0.0359394 7.69374
1093 0.00943923 0.0335334 7.60804
1094 0.00973015 0.03237 7.55073
1095 0.010183 0.0302634 7.46698
1096 0.00611292 0.0369484 7.52618
1097 0.00739943 0.0353349 7.47569
1098 0.00741504 0.0341575 7.33688
1099 0.00739643 0.0329854 7.20133
1100 0.00876155 0.031522 7.2828
1101 0.00752714 0.0318582 7.10147
1102 0.00835534 0.0335965 7.42181
1103 0.00855372 0.0326343 7.35429
1104 0.00306412 0.0424963 8.18442
1105 0.00974495 0.0376114 8.13473
1106 0.00616958 0.0406314 8.09432
