1 0 0 6.96681
2 -1.31814e-05 0.0843 7.02025
3 0.00162256 0.000428248 6.11938
4 0.00324511 0.000856496 5.99809
5 0.00486767 0.00128474 5.98148
6 0.00647042 0.00178135 5.97506
7 0.00807059 0.00228684 5.96004
8 0.00967077 0.00279234 5.98766
9 0.0112462 0.00336888 5.98573
10 0.0128144 0.00396625 6.00329
11 0.0143602 0.00461705 6.01796
12 0.0158862 0.00531529 6.02495
13 0.0173989 0.0060402 6.0685
14 0.0188703 0.00684624 6.10669
15 0.0202995 0.00772561 6.14434
16 0.0216847 0.00867284 6.20692
17 0.0230079 0.0097042 6.28515
18 0.0242512 0.0108307 6.35375
19 0.0254216 0.0120324 6.4524
20 0.026495 0.0133213 6.54829
21 0.0274721 0.0146849 6.64899
22 0.0283421 0.0161192 6.73337
23 0.029115 0.0176082 6.81414
24 0.0297915 0.0191435 6.88433
25 0.0303777 0.0207155 6.9448
26 0.0308798 0.0223163 6.99972
27 0.0312997 0.0239406 7.04987
28 0.031638 0.0255838 7.09521
29 0.031893 0.0272421 7.13545
30 0.0320609 0.0289115 7.16852
31 0.0321343 0.0305877 7.18827
32 0.0321043 0.0322652 7.18141
33 0.0319758 0.0339379 7.15951
34 0.0317491 0.0356001 7.12105
35 0.0314272 0.0372465 7.06869
36 0.0310145 0.0388726 7.0051
37 0.0305201 0.040476 6.93981
38 0.0299517 0.0420547 6.8745
39 0.0293217 0.04361 6.81737
40 0.028638 0.0451425 6.75911
41 0.0279161 0.0466574 6.72083
42 0.0271661 0.0481586 6.68778
43 0.0263992 0.0496512 6.66747
44 0.0256255 0.0511403 6.65409
45 0.0248559 0.0526315 6.65005
46 0.0241011 0.0541303 6.65435
47 0.0233717 0.0556415 6.66449
48 0.0226792 0.05717 6.6835
49 0.0220333 0.0587186 6.70788
50 0.021444 0.0602895 6.73917
51 0.0209171 0.0618824 6.77689
52 0.0204536 0.063495 6.81994
53 0.0200504 0.0651238 6.87437
54 0.0196877 0.0667622 6.92982
55 0.0193464 0.0684053 6.99527
56 0.0189725 0.0700411 7.02965
57 0.0185318 0.07166 7.05011
58 0.0179381 0.0732282 6.97334
59 0.0171867 0.0747276 6.85972
60 0.0162107 0.0760901 6.64276
61 0.01508 0.0773288 6.47077
62 0.0138066 0.0784196 6.30661
63 0.012416 0.0793584 6.16844
64 0.0109711 0.0802101 6.10992
65 0.00947653 0.0809706 6.06167
66 0.00793738 0.0816364 6.02142
67 0.00636883 0.0822328 5.96154
68 0.00480028 0.0828292 6.00454
69 0.00320355 0.0833424 6.02373
70 0.00159518 0.0838212 6.13456
71 -1.2923e-05 0.0826471 4.95367
72 -1.26645e-05 0.0809941 3.2164
73 -1.24061e-05 0.0793412 1.90343
74 -1.21476e-05 0.0776882 1.01856
75 -1.18891e-05 0.0760353 0.493454
76 -1.16307e-05 0.0743824 0.221555
77 -1.13722e-05 0.0727294 0.0951574
78 -1.11138e-05 0.0710765 0.0397255
79 -1.08553e-05 0.0694235 0.0162907
80 -1.05968e-05 0.0677706 0.00660491
81 -1.03384e-05 0.0661176 0.00265825
82 -1.00799e-05 0.0644647 0.00106471
83 -9.82147e-06 0.0628118 0.000425099
84 -9.56301e-06 0.0611588 0.000169371
85 -9.30455e-06 0.0595059 6.73889e-05
86 -9.04609e-06 0.0578529 2.67888e-05
87 -8.78763e-06 0.0562 1.06433e-05
88 -8.52917e-06 0.0545471 4.22727e-06
89 -8.27071e-06 0.0528941 1.67869e-06
90 -8.01225e-06 0.0512412 6.66606e-07
91 -7.75379e-06 0.0495882 2.64756e-07
92 -7.49533e-06 0.0479353 1.0527e-07
93 -7.23687e-06 0.0462824 4.21352e-08
94 -6.97841e-06 0.0446294 1.75548e-08
95 -6.71995e-06 0.0429765 9.03033e-09
96 -6.46149e-06 0.0413235 8.7592e-09
97 -6.20303e-06 0.0396706 1.64891e-08
98 -5.94457e-06 0.0380176 3.92841e-08
99 -5.68611e-06 0.0363647 9.79901e-08
100 -5.42765e-06 0.0347118 2.46326e-07
101 -5.1692e-06 0.0330588 6.20114e-07
102 -4.91074e-06 0.0314059 1.56181e-06
103 -4.65228e-06 0.0297529 3.93455e-06
104 -4.39382e-06 0.0281 9.91365e-06
105 -4.13536e-06 0.0264471 2.49799e-05
106 -3.8769e-06 0.0247941 6.29329e-05
107 -3.61844e-06 0.0231412 0.000158477
108 -3.35998e-06 0.0214882 0.000398706
109 -3.10152e-06 0.0198353 0.00100146
110 -2.84306e-06 0.0181824 0.00250869
111 -2.5846e-06 0.0165294 0.0062572
112 -2.32614e-06 0.0148765 0.0154994
113 -2.06768e-06 0.0132235 0.0379719
114 -1.80922e-06 0.0115706 0.091388
115 -1.55076e-06 0.00991765 0.213602
116 -1.2923e-06 0.00826471 0.476159
117 -1.03384e-06 0.00661176 0.986226
118 -7.75379e-07 0.00495882 1.86199
119 -5.1692e-07 0.00330588 3.16887
120 -2.5846e-07 0.00165294 4.89875
121 0.0160271 0.0304386 1.00286e-06
122 0.024753 0.0294161 0.00433034
123 0.0154148 0.0232268 0.000102231
124 0.016249 0.0322111 6.35385e-07
125 0.00434974 0.078806 1.34296
126 0.0133893 0.0767528 3.66931
127 0.0121836 0.0776163 3.59086
128 0.0145023 0.0756534 3.65985
129 0.0108623 0.0784174 3.54452
130 0.0154111 0.0745334 3.64387
131 0.00949912 0.0791956 3.58621
132 0.0162052 0.0732486 3.62384
133 0.00810161 0.0799074 3.65958
134 0.0167888 0.0718645 3.45004
135 0.00666574 0.0805057 3.68321
136 0.0172813 0.0703711 3.28992
137 0.00483312 0.0806518 3.04845
138 0.0177107 0.0688346 3.18178
139 0.00834664 0.072951 0.0948689
140 0.0180878 0.067245 3.07079
141 0.00159054 0.0820678 3.78543
142 0.018457 0.0656278 2.99063
143 0.018855 0.0639532 2.93358
144 0.0193036 0.0622887 2.92637
145 0.0198131 0.0606416 2.95551
146 0.00157931 0.0803649 2.09461
147 0.0203867 0.0590116 3.00542
148 0.00151564 0.0786575 0.98363
149 0.0210206 0.0574063 3.0659
150 0.00144519 0.0769401 0.384144
151 0.0217051 0.0558239 3.12116
152 0.00142082 0.0752488 0.131411
153 0.0224321 0.0542633 3.17007
154 0.00141999 0.0735561 0.0426174
155 0.0231796 0.0527428 3.21121
156 0.00142025 0.0719032 0.014326
157 0.0239462 0.0512299 3.23708
158 0.0014205 0.0702502 0.00498235
159 0.0247188 0.0497351 3.25913
160 0.00142076 0.0685973 0.00179475
161 0.0254787 0.0482544 3.26744
162 0.00142102 0.0669443 0.000665759
163 0.0262354 0.0467599 3.27591
164 0.00142128 0.0652914 0.000252529
165 0.0269458 0.0452939 3.2725
166 0.00142154 0.0636385 9.73486e-05
167 0.0276465 0.0437759 3.27381
168 0.0014218 0.0619855 3.79593e-05
169 0.0282518 0.0422953 3.22845
170 0.00142206 0.0603326 1.49204e-05
171 0.028818 0.0407841 3.20358
172 0.00142231 0.0586796 5.89727e-06
173 0.0293256 0.0392575 3.19401
174 0.00142257 0.0570267 2.33981e-06
175 0.0297584 0.0377097 3.18428
176 0.00142283 0.0553738 9.30788e-07
177 0.0301047 0.0361527 3.17079
178 0.00142309 0.0537208 3.70934e-07
179 0.0303603 0.0345812 3.15212
180 0.00142335 0.0520679 1.48004e-07
181 0.0305315 0.0329997 3.14958
182 0.00142361 0.0504149 5.91076e-08
183 0.0306081 0.0314149 3.14633
184 0.00142386 0.048762 2.36293e-08
185 0.0305968 0.0298236 3.15735
186 0.00142412 0.047109 9.47531e-09
187 0.030484 0.028232 3.15255
188 0.00142438 0.0454561 3.86352e-09
189 0.0302827 0.0266475 3.15249
190 0.00142464 0.0438032 1.73314e-09
191 0.0299995 0.0250781 3.16309
192 0.0014249 0.0421502 1.16675e-09
193 0.0296404 0.023523 3.19289
194 0.00142516 0.0404973 1.66024e-09
195 0.0292016 0.0219899 3.23022
196 0.00142542 0.0388443 3.67231e-09
197 0.0286862 0.0204858 3.28034
198 0.00142567 0.0371914 9.04957e-09
199 0.0280856 0.0190154 3.32983
200 0.00142593 0.0355385 2.27214e-08
201 0.0273955 0.0175951 3.36846
202 0.00142619 0.0338855 5.72264e-08
203 0.0266237 0.016223 3.42166
204 0.00142645 0.0322326 1.44251e-07
205 0.0257698 0.0149126 3.48571
206 0.00142671 0.0305796 3.639e-07
207 0.0248096 0.0136605 3.52861
208 0.00142697 0.0289267 9.19092e-07
209 0.0237484 0.0125022 3.53149
210 0.00142722 0.0272738 2.32552e-06
211 0.022601 0.0114337 3.51486
212 0.00142748 0.0256208 5.89978e-06
213 0.0213961 0.0104132 3.54435
214 0.00142774 0.0239679 1.50251e-05
215 0.0201211 0.00948197 3.55555
216 0.001428 0.0223149 3.8474e-05
217 0.0187681 0.00862756 3.54084
218 0.00142826 0.020662 9.92811e-05
219 0.017393 0.00780421 3.58334
220 0.00142852 0.019009 0.000258975
221 0.015972 0.00705309 3.61478
222 0.00142878 0.0173561 0.000685718
223 0.0145053 0.00637003 3.61431
224 0.00142903 0.0157032 0.00185278
225 0.0130091 0.00572729 3.61026
226 0.00142929 0.0140502 0.00513924
227 0.0114623 0.00507961 3.65346
228 0.00142955 0.0123973 0.0147063
229 0.0099391 0.00450064 3.67494
230 0.00142981 0.0107443 0.0434863
231 0.00839569 0.00397407 3.68433
232 0.00143007 0.0090914 0.129934
233 0.00682521 0.00349884 3.66912
234 0.00144368 0.0073751 0.380406
235 0.00522529 0.00303863 3.66574
236 0.00147294 0.00563563 0.978749
237 0.00338849 0.00284161 3.3208
238 0.00165012 0.00383557 2.11534
239 0.00165496 0.00218182 3.77267
240 0.0119437 0.0758988 1.81322
241 0.013108 0.0752844 2.08203
242 0.0107381 0.0767494 1.86361
243 0.0137727 0.0741431 1.70813
244 0.00945918 0.0775455 1.92787
245 0.0147329 0.0732664 1.92065
246 0.00815117 0.0782575 1.99439
247 0.0150806 0.0720152 1.48092
248 0.00686572 0.0788965 2.07684
249 0.0156178 0.0706396 1.30192
250 0.00567625 0.0794116 2.14057
251 0.0160733 0.0691789 1.14531
252 0.00315297 0.0796721 1.70864
253 0.0164703 0.0676614 1.02104
254 0.0168532 0.0660852 0.938201
255 0.0172322 0.0644398 0.872869
256 0.0176612 0.0627301 0.845067
257 0.0181492 0.0610272 0.853943
258 0.0187072 0.0593367 0.892168
259 0.019333 0.0576702 0.950101
260 0.00291493 0.0778844 0.688395
261 0.0200097 0.0560396 1.01266
262 0.00284025 0.0761465 0.232448
263 0.0207358 0.0544335 1.07485
264 0.00283881 0.0744415 0.070466
265 0.0214977 0.05286 1.13289
266 0.00285635 0.0727299 0.0204781
267 0.0222618 0.051327 1.17111
268 0.00285661 0.0710769 0.00614848
269 0.0230429 0.049816 1.20522
270 0.00285687 0.069424 0.00188111
271 0.0238157 0.0483362 1.22998
272 0.00285712 0.067771 0.000590058
273 0.0245654 0.0468532 1.22723
274 0.00285738 0.0661181 0.000190207
275 0.0252824 0.0454018 1.21911
276 0.00285764 0.0644652 6.30989e-05
277 0.0259619 0.0439497 1.19752
278 0.0028579 0.0628122 2.15488e-05
279 0.0265928 0.0424899 1.16377
280 0.00285816 0.0611593 7.56816e-06
281 0.0271665 0.0410353 1.12325
282 0.00285842 0.0595063 2.72777e-06
283 0.0276823 0.039567 1.0828
284 0.00285867 0.0578534 1.0061e-06
285 0.0281384 0.0380942 1.05347
286 0.00285893 0.0562004 3.78559e-07
287 0.0285063 0.0366169 1.01688
288 0.00285919 0.0545475 1.4488e-07
289 0.028791 0.0351308 0.983175
290 0.00285945 0.0528946 5.62618e-08
291 0.0289924 0.033636 0.957412
292 0.00285971 0.0512416 2.21312e-08
293 0.0291067 0.0321357 0.940506
294 0.00285997 0.0495887 8.8097e-09
295 0.0291423 0.030633 0.943278
296 0.00286023 0.0479357 3.54921e-09
297 0.0290895 0.029123 0.955433
298 0.00286048 0.0462828 1.45368e-09
299 0.0289419 0.0276112 0.970276
300 0.00286074 0.0446299 6.23139e-10
301 0.0287007 0.0261178 0.984413
302 0.002861 0.0429769 3.24063e-10
303 0.0283993 0.0246304 1.0313
304 0.00286126 0.041324 3.01873e-10
305 0.0280208 0.0231619 1.09046
306 0.00286152 0.039671 5.4962e-10
307 0.0275674 0.0217173 1.16288
308 0.00286178 0.0380181 1.30854e-09
309 0.0270479 0.0203074 1.25445
310 0.00286203 0.0363652 3.30442e-09
311 0.0264373 0.0189426 1.33752
312 0.00286229 0.0347122 8.45814e-09
313 0.0257316 0.017635 1.40684
314 0.00286255 0.0330593 2.17961e-08
315 0.0249752 0.0163803 1.50784
316 0.00286281 0.0314063 5.65673e-08
317 0.0241888 0.0151545 1.67075
318 0.00286307 0.0297534 1.48131e-07
319 0.0232227 0.0140157 1.72882
320 0.00286333 0.0281004 3.92337e-07
321 0.0221721 0.0130215 1.73529
322 0.00286359 0.0264475 1.05388e-06
323 0.0210648 0.0120441 1.78304
324 0.00286384 0.0247946 2.87941e-06
325 0.0198848 0.0111263 1.82625
326 0.0028641 0.0231416 8.0249e-06
327 0.0186349 0.0102788 1.8565
328 0.00286436 0.0214887 2.2873e-05
329 0.0173371 0.0094776 1.89743
330 0.00286462 0.0198357 6.68067e-05
331 0.0160001 0.00872587 1.94383
332 0.00286488 0.0181828 0.000200184
333 0.0146117 0.00803284 1.97383
334 0.00286514 0.0165299 0.000615466
335 0.0131783 0.00737365 2.00199
336 0.00286539 0.0148769 0.00193941
337 0.0116924 0.00674227 2.03051
338 0.00286565 0.013224 0.00624689
339 0.0101893 0.00614295 2.06541
340 0.00284302 0.0115591 0.0206281
341 0.00865643 0.00561925 2.05981
342 0.00285598 0.00987519 0.0688606
343 0.0071403 0.00513453 2.06197
344 0.00287973 0.00819646 0.220956
345 0.00564748 0.00466369 2.09444
346 0.00287222 0.00646707 0.646515
347 0.00427507 0.00416181 2.22929
348 0.0028584 0.00464637 1.60483
349 0.0119548 0.0740267 0.75254
350 0.0105569 0.0750535 0.799551
351 0.00937811 0.0759397 0.894948
352 0.0132767 0.0724275 0.617744
353 0.00809464 0.0766726 0.938079
354 0.00683432 0.0772768 0.965746
355 0.0139656 0.0708788 0.456438
356 0.00556943 0.0779413 1.06595
357 0.014445 0.0694749 0.341027
358 0.0148542 0.0680307 0.261564
359 0.0152377 0.0665008 0.210289
360 0.0156174 0.0648997 0.179451
361 0.0160076 0.0632114 0.158453
362 0.0164633 0.0614575 0.151955
363 0.0169978 0.0597127 0.158319
364 0.017613 0.0579837 0.175279
365 0.0182893 0.0562898 0.198352
366 0.00422952 0.0770584 0.512073
367 0.0190116 0.0546364 0.224034
368 0.00422682 0.0753489 0.166526
369 0.0197777 0.0530131 0.251126
370 0.00427028 0.0736301 0.0488704
371 0.0205666 0.0514389 0.277439
372 0.00427633 0.0719671 0.0142372
373 0.0213544 0.0499006 0.296606
374 0.00428273 0.0702704 0.00408229
375 0.0221486 0.0484073 0.316049
376 0.00429323 0.0685977 0.00120084
377 0.0229047 0.0469447 0.323078
378 0.00429349 0.0669448 0.000361208
379 0.0236277 0.0455067 0.321278
380 0.00429374 0.0652918 0.000109922
381 0.0243195 0.0440693 0.31322
382 0.004294 0.0636389 3.39961e-05
383 0.0249452 0.0426479 0.294292
384 0.00429426 0.061986 1.07059e-05
385 0.025524 0.0412323 0.274387
386 0.00429452 0.060333 3.44291e-06
387 0.0260482 0.0398155 0.252934
388 0.00429478 0.0586801 1.13416e-06
389 0.0265106 0.0384087 0.233591
390 0.00429504 0.0570271 3.84234e-07
391 0.0269127 0.0370072 0.219527
392 0.00429529 0.0553742 1.34609e-07
393 0.0272267 0.0355975 0.203141
394 0.00429555 0.0537213 4.91208e-08
395 0.0274588 0.0341854 0.189498
396 0.00429581 0.0520683 1.88332e-08
397 0.0276016 0.0327682 0.177694
398 0.00429607 0.0504154 7.63574e-09
399 0.0276653 0.0313467 0.1716
400 0.00429633 0.0487624 3.27146e-09
401 0.0276839 0.0299405 0.181648
402 0.00429659 0.0471095 1.47026e-09
403 0.0276019 0.0284917 0.192088
404 0.00429685 0.0454566 6.87765e-10
405 0.0273752 0.0270887 0.188136
406 0.0042971 0.0438036 3.38163e-10
407 0.0271142 0.0256712 0.203873
408 0.00429736 0.0421507 1.9171e-10
409 0.0268053 0.0242599 0.234969
410 0.00429762 0.0404977 1.68765e-10
411 0.0264118 0.0228705 0.27056
412 0.00429788 0.0388448 2.84413e-10
413 0.0259541 0.0215212 0.316386
414 0.00429814 0.0371918 6.85909e-10
415 0.025461 0.0202087 0.38542
416 0.0042984 0.0355389 1.83599e-09
417 0.0248197 0.0189458 0.431297
418 0.00429865 0.033886 5.07763e-09
419 0.0240803 0.0177727 0.465963
420 0.00429891 0.032233 1.43178e-08
421 0.0233804 0.0166001 0.560628
422 0.00429917 0.0305801 4.1097e-08
423 0.0227647 0.0153699 0.774331
424 0.00429943 0.0289271 1.20093e-07
425 0.0216667 0.0145761 0.671535
426 0.00429969 0.0272742 3.57277e-07
427 0.0206891 0.0136197 0.74106
428 0.00429995 0.0256213 1.08171e-06
429 0.0195971 0.0127156 0.782484
430 0.00430021 0.0239683 3.33061e-06
431 0.0184342 0.0119034 0.807874
432 0.00430046 0.0223154 1.04192e-05
433 0.0172216 0.0111117 0.847502
434 0.00430072 0.0206624 3.30826e-05
435 0.0159618 0.0103745 0.882838
436 0.00430098 0.0190095 0.000106507
437 0.0146542 0.00968743 0.912772
438 0.00430124 0.0173566 0.000347342
439 0.0132969 0.00902731 0.943482
440 0.0043015 0.0157036 0.00114641
441 0.0118824 0.00838628 0.976438
442 0.00430176 0.0140507 0.0038244
443 0.0104208 0.00777683 1.00781
444 0.00425207 0.0123925 0.0128571
445 0.00893798 0.00721108 1.03443
446 0.00423131 0.0107037 0.0440118
447 0.00734441 0.006761 0.99419
448 0.00431233 0.0089815 0.151326
449 0.0057859 0.00628563 1.00729
450 0.00435811 0.00729059 0.465367
451 0.00425005 0.00567046 1.13156
452 0.010101 0.0734149 0.252884
453 0.0112018 0.0720451 0.165241
454 0.00906472 0.0743307 0.31196
455 0.0081352 0.0752801 0.430882
456 0.012454 0.0709569 0.186385
457 0.00687917 0.0756214 0.368108
458 0.00554901 0.0762742 0.407777
459 0.0128576 0.0696822 0.110373
460 0.0132207 0.0683443 0.0686284
461 0.0136063 0.0669024 0.0471291
462 0.0139944 0.0653652 0.0356142
463 0.0143635 0.0637066 0.0280779
464 0.0147709 0.0619164 0.0235645
465 0.0152558 0.0601317 0.0225676
466 0.0158608 0.0583379 0.0248624
467 0.0165365 0.0565812 0.029103
468 0.0172612 0.0548629 0.0343551
469 0.0180287 0.0531967 0.0406357
470 0.00565404 0.0746049 0.13642
471 0.018827 0.0515842 0.0477772
472 0.00570603 0.0729108 0.0399178
473 0.0196475 0.0499974 0.0547295
474 0.00566982 0.0711858 0.0112041
475 0.0204658 0.0484701 0.0609196
476 0.0056929 0.0694799 0.00323296
477 0.0212538 0.047018 0.0663275
478 0.00573491 0.0677994 0.000957878
479 0.0219763 0.0455904 0.0669264
480 0.00575723 0.0661397 0.000288217
481 0.0226755 0.0441656 0.0656596
482 0.0057301 0.0644656 8.60062e-05
483 0.023304 0.0427777 0.0617218
484 0.00573036 0.0628127 2.66994e-05
485 0.0238919 0.0413926 0.0566081
486 0.00573062 0.0611597 8.48088e-06
487 0.0244181 0.0400153 0.0505086
488 0.00573088 0.0595068 2.76616e-06
489 0.0248844 0.0386462 0.0443569
490 0.00573114 0.0578538 9.34438e-07
491 0.0252996 0.0373082 0.0399074
492 0.0057314 0.0562009 3.31868e-07
493 0.0256796 0.0359929 0.03835
494 0.00573166 0.054548 1.26129e-07
495 0.0259203 0.0346373 0.0329223
496 0.00573191 0.052895 5.22681e-08
497 0.0260928 0.0333274 0.0297054
498 0.00573217 0.0512421 2.37142e-08
499 0.0261893 0.0319727 0.0274073
500 0.00573243 0.0495891 1.14912e-08
501 0.0261793 0.0306271 0.0248658
502 0.00573269 0.0479362 5.76966e-09
503 0.0264209 0.0293042 0.0425602
504 0.00573295 0.0462833 2.93887e-09
505 0.0260126 0.0280033 0.0283282
506 0.00573321 0.0446303 1.50137e-09
507 0.0258018 0.0266589 0.0322116
508 0.00573346 0.0429774 7.69833e-10
509 0.0255343 0.0252917 0.0392202
510 0.00573372 0.0413244 4.11117e-10
511 0.0252403 0.0239531 0.051516
512 0.00573398 0.0396715 2.72354e-10
513 0.024806 0.0226374 0.0625168
514 0.00573424 0.0380185 3.31576e-10
515 0.0243435 0.0214092 0.0776342
516 0.0057345 0.0363656 7.54153e-10
517 0.0240633 0.0201305 0.132402
518 0.00573476 0.0347127 2.17125e-09
519 0.0231664 0.0191767 0.108756
520 0.00573502 0.0330597 6.61417e-09
521 0.0223939 0.0178848 0.14195
522 0.00573527 0.0314068 2.05077e-08
523 0.0214928 0.0164449 0.200473
524 0.00573553 0.0297538 6.42451e-08
525 0.00573579 0.0281009 2.02986e-07
526 0.0201815 0.0152357 0.223817
527 0.00573605 0.026448 6.46346e-07
528 0.0193794 0.0141309 0.319196
529 0.00573631 0.024795 2.07323e-06
530 0.0181705 0.0135192 0.276337
531 0.00573657 0.0231421 6.69751e-06
532 0.0170669 0.0127253 0.31194
533 0.00573682 0.0214891 2.17894e-05
534 0.0158607 0.0119842 0.331888
535 0.00573708 0.0198362 7.14009e-05
536 0.0146279 0.011349 0.340803
537 0.00573734 0.0181833 0.00023573
538 0.0133542 0.0106739 0.366462
539 0.0057376 0.0165303 0.000784401
540 0.012014 0.0100212 0.391401
541 0.00573786 0.0148774 0.00263197
542 0.0106223 0.00939846 0.414502
543 0.00567946 0.0132276 0.00881498
544 0.00920231 0.00881111 0.438564
545 0.00558538 0.0115728 0.0295293
546 0.00772706 0.00823031 0.467356
547 0.00555064 0.00983869 0.103149
548 0.00596485 0.00807344 0.363188
549 0.00951066 0.0721038 0.0867181
550 0.0112067 0.0701583 0.0519297
551 0.00725689 0.0739514 0.13049
552 0.0115781 0.0686821 0.0245729
553 0.0119424 0.0672488 0.0132904
554 0.0123621 0.0657754 0.00854755
555 0.0127639 0.0641688 0.00598343
556 0.0130994 0.0624332 0.00419053
557 0.0134814 0.0605945 0.00320824
558 0.0140437 0.0587458 0.00321771
559 0.0147593 0.0569175 0.00400019
560 0.0154801 0.0551275 0.00474744
561 0.0162533 0.0533944 0.00581495
562 0.0170682 0.0517293 0.00720264
563 0.017902 0.0501251 0.0088165
564 0.00702926 0.07212 0.0337658
565 0.0187495 0.0485588 0.010466
566 0.00704162 0.0703918 0.0096767
567 0.0195597 0.0470833 0.0118976
568 0.00714027 0.068704 0.00289743
569 0.0203175 0.0456592 0.0128918
570 0.0072372 0.0670037 0.000885892
571 0.0210141 0.0442586 0.0128738
572 0.00722849 0.0653343 0.0002636
573 0.021668 0.0428793 0.0124357
574 0.00716483 0.0636429 8.05984e-05
575 0.022259 0.041521 0.011415
576 0.00718917 0.0619728 2.64975e-05
577 0.022796 0.0401726 0.0101465
578 0.00721393 0.0603118 9.19085e-06
579 0.0232658 0.038831 0.0086382
580 0.00720218 0.0586619 3.31644e-06
581 0.0236692 0.0375012 0.00710279
582 0.00717622 0.0570191 1.26622e-06
583 0.0240628 0.0362536 0.00642146
584 0.00716776 0.0553747 5.28983e-07
585 0.024573 0.0350609 0.00822488
586 0.00716802 0.0537217 2.44058e-07
587 0.0244661 0.033774 0.00424061
588 0.00716828 0.0520688 1.24152e-07
589 0.0248828 0.032523 0.00623369
590 0.00716853 0.0504158 6.52153e-08
591 0.024654 0.0311792 0.00348778
592 0.00716879 0.0487629 3.42178e-08
593 0.00681457 0.00925156 0.196836
594 0.00716905 0.0471099 1.78006e-08
595 0.00686384 0.0107422 0.0682297
596 0.00716931 0.045457 9.1556e-09
597 0.0245067 0.0277084 0.00512016
598 0.00716957 0.0438041 4.65084e-09
599 0.0242372 0.026252 0.00647996
600 0.00716983 0.0421511 2.35177e-09
601 0.0239339 0.024953 0.00833055
602 0.00717008 0.0404982 1.21849e-09
603 0.023833 0.023645 0.0156573
604 0.00717034 0.0388452 7.24126e-10
605 0.0230959 0.0225123 0.0138032
606 0.0071706 0.0371923 7.23135e-10
607 0.0226308 0.020873 0.0254178
608 0.00717086 0.0355394 1.51357e-09
609 0.00717112 0.0338864 4.43076e-09
610 0.0216099 0.0194395 0.0318649
611 0.00717138 0.0322335 1.39581e-08
612 0.0207068 0.0180985 0.0450199
613 0.00717164 0.0305805 4.46278e-08
614 0.019584 0.0168475 0.0558336
615 0.00717189 0.0289276 1.43428e-07
616 0.00717215 0.0272747 4.62718e-07
617 0.0183004 0.015398 0.0812168
618 0.00717241 0.0256217 1.49849e-06
619 0.00717267 0.0239688 4.8727e-06
620 0.0167926 0.0144127 0.0892788
621 0.00717293 0.0223158 1.59155e-05
622 0.0158422 0.013418 0.128271
623 0.00717319 0.0206629 5.22369e-05
624 0.0145427 0.0130467 0.103588
625 0.00717344 0.0190099 0.000172366
626 0.0133358 0.0123396 0.117299
627 0.0071737 0.017357 0.000572111
628 0.0121088 0.0116638 0.134072
629 0.00720029 0.0156944 0.00193117
630 0.0107741 0.0109982 0.147961
631 0.00716343 0.0140448 0.00645053
632 0.00940166 0.0104475 0.153747
633 0.00700788 0.0123819 0.0212186
634 0.00805577 0.00982352 0.172803
635 0.00981839 0.0707251 0.0354006
636 0.00998196 0.0691107 0.0127275
637 0.0102466 0.0675564 0.00511883
638 0.0106619 0.0661732 0.00278677
639 0.0112082 0.0646557 0.00180168
640 0.0114989 0.063004 0.00102235
641 0.011761 0.0612157 0.000617975
642 0.0120422 0.0591756 0.000357677
643 0.0129718 0.0572946 0.000576676
644 0.0136732 0.0554427 0.000644035
645 0.0144454 0.0536199 0.00078612
646 0.015264 0.0518779 0.000985971
647 0.0161422 0.0502279 0.00132195
648 0.0170022 0.0486438 0.00164844
649 0.0178447 0.0471473 0.00201796
650 0.00848457 0.069679 0.00957264
651 0.0186475 0.0457118 0.00234396
652 0.00864093 0.067968 0.00304786
653 0.0193737 0.0443231 0.00251691
654 0.00888164 0.0662146 0.000988462
655 0.0200327 0.0429531 0.00247052
656 0.00856441 0.0644535 0.000274886
657 0.0206271 0.0416137 0.00230561
658 0.00860512 0.0627965 9.63983e-05
659 0.0211742 0.0403009 0.0020877
660 0.00869055 0.0611257 3.78917e-05
661 0.0216547 0.0389948 0.00179668
662 0.00871751 0.0594483 1.52629e-05
663 0.02208 0.0376553 0.00145858
664 0.00867858 0.057781 6.25332e-06
665 0.0224642 0.0362614 0.00112915
666 0.00862398 0.0561304 2.76576e-06
667 0.0229016 0.0346861 0.000913969
668 0.00859275 0.05448 1.31848e-06
669 0.00859437 0.0528297 7.37395e-07
670 0.0231886 0.032425 0.000642329
671 0.00861514 0.0512071 4.24532e-07
672 0.00860489 0.0495896 2.23619e-07
673 0.00860515 0.0479366 1.15832e-07
674 0.02308 0.0304026 0.000522957
675 0.00860541 0.0462837 5.9199e-08
676 0.0230496 0.0285952 0.000746886
677 0.00860567 0.0446308 2.97804e-08
678 0.0231458 0.0271497 0.00151006
679 0.00860593 0.0429778 1.47438e-08
680 0.022562 0.0258836 0.00136877
681 0.00860619 0.0413249 7.43323e-09
682 0.0222509 0.0241464 0.00266646
683 0.00860645 0.0396719 3.80306e-09
684 0.0086067 0.038019 2.14355e-09
685 0.0214359 0.022399 0.00425861
686 0.00860696 0.0363661 1.92329e-09
687 0.0208138 0.0209441 0.00727513
688 0.00860722 0.0347131 3.74056e-09
689 0.00860748 0.0330602 1.08151e-08
690 0.0199463 0.0196218 0.010651
691 0.00860774 0.0314072 3.42094e-08
692 0.0189528 0.0184424 0.0136531
693 0.008608 0.0297543 1.10034e-07
694 0.0178035 0.0172254 0.0188146
695 0.00860825 0.0281013 3.55724e-07
696 0.00860851 0.0264484 1.15412e-06
697 0.0164739 0.0160886 0.023487
698 0.00860877 0.0247955 3.75801e-06
699 0.00860903 0.0231425 1.2289e-05
700 0.0150024 0.0148039 0.033578
701 0.00860929 0.0214896 4.03786e-05
702 0.00860955 0.0198366 0.00013333
703 0.013352 0.0140455 0.0348919
704 0.00860981 0.0181837 0.000442476
705 0.0120494 0.0133186 0.0395553
706 0.0086728 0.0165092 0.00151178
707 0.0109544 0.0124323 0.056317
708 0.00868928 0.0148392 0.00515791
709 0.00960033 0.0121344 0.0476403
710 0.00852114 0.0131585 0.0173178
711 0.00827553 0.0712753 0.0287882
712 0.00984959 0.0650326 0.000852473
713 0.0101371 0.061989 0.000183874
714 0.0102833 0.0602441 9.51133e-05
715 0.0114009 0.0575347 0.000105444
716 0.0117654 0.0557718 7.72405e-05
717 0.0126814 0.0539743 0.000124013
718 0.0133514 0.0519953 0.000113178
719 0.0143841 0.050313 0.000195841
720 0.0152082 0.0486993 0.000234397
721 0.0160971 0.0471806 0.000316416
722 0.0169513 0.0457344 0.000399541
723 0.0177368 0.044368 0.000478383
724 0.0184237 0.0430081 0.000502131
725 0.0189984 0.0416718 0.000461442
726 0.019532 0.0403928 0.000419363
727 0.0200707 0.0391444 0.000397838
728 0.0205014 0.0378502 0.00032763
729 0.01021 0.058533 3.57082e-05
730 0.0208697 0.0365156 0.000254292
731 0.0101237 0.0568119 1.83952e-05
732 0.0211562 0.0350004 0.000172689
733 0.0100338 0.0552097 7.68879e-06
734 0.021349 0.0332647 0.000108557
735 0.00997722 0.0535461 4.48903e-06
736 0.0100643 0.0519576 2.91115e-06
737 0.0214332 0.0313434 8.14683e-05
738 0.0101017 0.0503596 1.57893e-06
739 0.0100883 0.0487423 8.005e-07
740 0.0100868 0.0471032 4.00904e-07
741 0.0214805 0.0293828 0.000110294
742 0.0100853 0.0454561 2.06236e-07
743 0.0215274 0.0274203 0.000246462
744 0.0100649 0.043811 9.63626e-08
745 0.0100423 0.0421516 4.75421e-08
746 0.0209313 0.0255498 0.0004289
747 0.0100425 0.0404986 2.41934e-08
748 0.0203682 0.0238567 0.000830919
749 0.0100428 0.0388457 1.19053e-08
750 0.0100431 0.0371927 6.47765e-09
751 0.0197086 0.0222829 0.00153374
752 0.0100433 0.0355398 5.48184e-09
753 0.0193213 0.0209484 0.00312458
754 0.0100436 0.0338869 9.96902e-09
755 0.0100438 0.0322339 2.82473e-08
756 0.0183382 0.0200572 0.00334558
757 0.0100441 0.030581 8.90644e-08
758 0.0173378 0.018889 0.00479096
759 0.0100444 0.028928 2.86173e-07
760 0.0161272 0.017833 0.00594115
761 0.0100446 0.0272751 9.26067e-07
762 0.0100449 0.0256222 3.01156e-06
763 0.0147694 0.0167151 0.00806365
764 0.0100451 0.0239692 9.82263e-06
765 0.0100454 0.0223163 3.22227e-05
766 0.0133112 0.0157417 0.00981233
767 0.0100456 0.0206633 0.000106565
768 0.0100459 0.0190104 0.000354977
769 0.0118031 0.0148573 0.0118137
770 0.0101294 0.017349 0.00121246
771 0.0102743 0.0138547 0.0158906
772 0.00996047 0.0636332 0.000385044
773 0.0102047 0.0156457 0.00428323
774 0.0111346 0.0542519 2.39049e-05
775 0.0115231 0.0526214 2.07551e-05
776 0.0128544 0.0503448 3.60343e-05
777 0.0133126 0.0487086 2.78307e-05
778 0.0143807 0.0471186 4.83256e-05
779 0.0152095 0.0456917 5.9774e-05
780 0.0161027 0.0443403 8.57029e-05
781 0.0168607 0.0430583 0.000105232
782 0.0174276 0.0417185 9.85336e-05
783 0.0178802 0.040419 7.97343e-05
784 0.0184331 0.0391861 7.5163e-05
785 0.0191264 0.0380751 9.68417e-05
786 0.0192319 0.0367756 5.29277e-05
787 0.0197229 0.0355433 5.41929e-05
788 0.0195496 0.0340722 2.23361e-05
789 0.0196339 0.0321579 1.34665e-05
790 0.0115991 0.0511688 1.0699e-05
791 0.0198178 0.0303425 1.72411e-05
792 0.0116101 0.0495093 6.22031e-06
793 0.0115687 0.047942 2.64824e-06
794 0.0115617 0.0462583 1.49117e-06
795 0.0199367 0.0285266 3.92486e-05
796 0.0115879 0.044656 6.78632e-07
797 0.0196678 0.0268507 8.23691e-05
798 0.011489 0.0429693 3.06191e-07
799 0.0115119 0.0412909 1.64949e-07
800 0.0191741 0.0251997 0.000165941
801 0.0115236 0.0396602 8.00847e-08
802 0.0185983 0.0235042 0.000357746
803 0.0114819 0.0380198 3.6383e-08
804 0.0114794 0.0363665 2.02525e-08
805 0.0178564 0.0217749 0.000797047
806 0.0115159 0.0347281 1.67589e-08
807 0.011534 0.0330758 2.83105e-08
808 0.0115417 0.0314254 7.8185e-08
809 0.0115081 0.029766 2.43148e-07
810 0.015808 0.0195612 0.00153367
811 0.0114807 0.0281018 7.76132e-07
812 0.0145217 0.0184815 0.00208417
813 0.011481 0.0264489 2.51772e-06
814 0.0114523 0.0248062 8.0766e-06
815 0.0131531 0.0174747 0.00266292
816 0.0114204 0.0231733 2.56682e-05
817 0.0114497 0.0215369 8.38933e-05
818 0.0116945 0.0165457 0.00333203
819 0.0115056 0.0198918 0.000279705
820 0.0115827 0.0182321 0.000948867
821 0.0170115 0.0203971 0.00145439
822 0.012828 0.0470978 8.77534e-06
823 0.0132992 0.0455358 6.70846e-06
824 0.0144996 0.0442092 1.46394e-05
825 0.0153069 0.0429297 1.95475e-05
826 0.0160699 0.0418859 2.82484e-05
827 0.0162517 0.040505 1.622e-05
828 0.0167019 0.0391218 1.29653e-05
829 0.0175742 0.0374751 1.39143e-05
830 0.0179996 0.0353433 7.69696e-06
831 0.0179093 0.0331707 3.13712e-06
832 0.0178991 0.0310214 2.65759e-06
833 0.0185255 0.0293811 9.04078e-06
834 0.0182964 0.0279657 1.68706e-05
835 0.0129198 0.0437941 2.03783e-06
836 0.0179615 0.0264472 3.6572e-05
837 0.0128919 0.0420776 1.02813e-06
838 0.0130697 0.040439 6.25291e-07
839 0.0174986 0.0248795 8.04432e-05
840 0.0129777 0.0388431 2.33593e-07
841 0.0169165 0.0232142 0.00018939
842 0.0128817 0.0371941 1.14863e-07
843 0.0129773 0.0355885 7.05117e-08
844 0.0130584 0.0339457 5.49965e-08
845 0.0130762 0.0322737 8.64714e-08
846 0.0130212 0.0306071 2.32921e-07
847 0.0129168 0.0289285 7.11146e-07
848 0.0144266 0.0202406 0.000571624
849 0.0129434 0.0272092 2.33674e-06
850 0.0130216 0.0191833 0.000747667
851 0.0129395 0.0255764 7.58358e-06
852 0.0127913 0.0239978 2.23084e-05
853 0.0127808 0.0224124 6.78527e-05
854 0.0129167 0.0208191 0.000222264
855 0.0158895 0.0214679 0.000413375
856 0.0140288 0.0428529 5.07689e-06
857 0.0145833 0.0413139 4.31963e-06
858 0.0147646 0.0394676 2.12119e-06
859 0.0156527 0.0377954 2.60891e-06
860 0.0161009 0.0360259 1.86375e-06
861 0.0162732 0.0341404 9.2589e-07
862 0.00319401 0.081438 3.40009
863 0.0170734 0.0292541 3.59262e-06
864 0.0168325 0.027671 8.8523e-06
865 0.0163212 0.0261832 1.91417e-05
866 0.0158275 0.024801 4.0066e-05
867 0.0141591 0.0379732 6.61793e-07
868 0.0143745 0.0364801 4.193e-07
869 0.0145648 0.0348893 2.60934e-07
870 0.0146478 0.0331516 1.82763e-07
871 0.0146198 0.0314326 2.84073e-07
872 0.014416 0.02972 7.45682e-07
873 0.0142366 0.0280301 2.26116e-06
874 0.0142812 0.0218524 0.000171286
875 0.0145565 0.0262622 8.40261e-06
876 0.0143136 0.0246546 2.43708e-05
877 0.0139297 0.0232318 5.88691e-05
878 0.0156756 0.0287832 2.36445e-06
879 0.0155177 0.0273807 5.97862e-06
880 0.00822878 0.0114637 0.0554173
