1 6.12323e-19 -0.01 0.303662
2 4.08216e-19 0.00533333 0.466762
3 6.12323e-19 0.01 0.413951
4 4.08216e-19 0.0186667 0.246044
5 0.0058742 0.0151525 0.188276
6 0.00956943 -0.00290274 0.189078
7 0.00555552 0.00831481 0.289379
8 0 0.00491892 0.469903
9 0 0.0045045 0.472841
10 0 0.00409009 0.475428
11 0 0.00367568 0.477638
12 0 0.00326126 0.47949
13 0 0.00284685 0.48099
14 0 0.00243243 0.482119
15 0 0.00201802 0.482864
16 0 0.0016036 0.483213
17 0 0.00118919 0.483154
18 0 0.000774775 0.482678
19 0 0.00036036 0.481776
20 0 -5.40541e-05 0.480439
21 0 -0.000468468 0.47866
22 0 -0.000882883 0.47643
23 0 -0.0012973 0.473743
24 0 -0.00171171 0.470593
25 0 -0.00212613 0.466974
26 0 -0.00254054 0.462881
27 0 -0.00295495 0.458309
28 0 -0.00336937 0.453252
29 0 -0.00378378 0.447707
30 0 -0.0041982 0.441669
31 0 -0.00461261 0.435134
32 0 -0.00502703 0.428099
33 0 -0.00544144 0.420561
34 0 -0.00585586 0.412516
35 0 -0.00627027 0.403961
36 0 -0.00668468 0.394893
37 0 -0.0070991 0.38531
38 0 -0.00751351 0.37521
39 0 -0.00792793 0.364592
40 0 -0.00834234 0.353458
41 0 -0.00875676 0.34181
42 0 -0.00917117 0.329657
43 0 -0.00958559 0.31711
44 0.00968083 -0.00250631 0.186456
45 0.00977579 -0.0021057 0.184212
46 0.00985419 -0.00170144 0.182352
47 0.00991587 -0.00129445 0.180898
48 0.00996075 -0.000885112 0.17986
49 0.00998874 -0.000474477 0.179246
50 0.0099998 -6.28386e-05 0.179062
51 0.00999392 0.00034866 0.179311
52 0.00997109 0.000759814 0.179998
53 0.00993139 0.0011694 0.181116
54 0.00987483 0.00157728 0.182663
55 0.00980158 0.00198219 0.184634
56 0.00971166 0.00238404 0.187023
57 0.00960536 0.00278154 0.189814
58 0.00948271 0.00317463 0.193001
59 0.00934408 0.00356204 0.196569
60 0.00918951 0.00394371 0.200505
61 0.0090195 0.00431841 0.20479
62 0.00883406 0.00468608 0.209418
63 0.0086338 0.00504554 0.214368
64 0.00841876 0.00539672 0.219642
65 0.0081896 0.00573851 0.225213
66 0.0079464 0.00607081 0.231098
67 0.00768988 0.00639263 0.237296
68 0.00742018 0.0067038 0.243838
69 0.00713803 0.00700346 0.250765
70 0.00684365 0.0072914 0.258192
71 0.00653777 0.00756688 0.266386
72 0.0062207 0.00782962 0.276119
73 0.00589314 0.00807904 0.288985
74 0.00531816 0.00797984 0.311919
75 0.00506082 0.00766035 0.330914
76 0.00478432 0.00735729 0.348319
77 0.00448947 0.00707161 0.364678
78 0.0041776 0.00680461 0.379968
79 0.00385014 0.0065575 0.394164
80 0.0035081 0.00633099 0.407241
81 0.0031525 0.0061258 0.419154
82 0.00278495 0.0059429 0.429832
83 0.00240712 0.00578307 0.439219
84 0.00202018 0.00564679 0.447267
85 0.00162529 0.00553449 0.453944
86 0.00122424 0.0054467 0.459212
87 0.000818846 0.00538381 0.463052
88 0.000410354 0.00534597 0.465487
89 0.0004117 -0.00999152 0.302985
90 0.000822629 -0.00996611 0.302217
91 0.00123224 -0.00992379 0.301099
92 0.00163961 -0.00986467 0.299604
93 0.00204435 -0.0097888 0.297714
94 0.00244543 -0.00969639 0.295446
95 0.00284255 -0.00958749 0.292809
96 0.00323463 -0.00946241 0.289824
97 0.00362145 -0.00932122 0.286505
98 0.00400188 -0.00916433 0.282881
99 0.00437578 -0.0089918 0.27897
100 0.00474199 -0.00880418 0.274802
101 0.00510044 -0.00860148 0.270402
102 0.00544997 -0.00838438 0.265806
103 0.00579053 -0.0081529 0.261038
104 0.00612102 -0.00790779 0.256135
105 0.00644139 -0.00764908 0.251128
106 0.00675061 -0.00737762 0.246053
107 0.00704862 -0.00709345 0.24094
108 0.00733447 -0.00679747 0.23583
109 0.0076081 -0.00648974 0.230752
110 0.00786866 -0.00617124 0.225746
111 0.00811606 -0.00584205 0.220838
112 0.00834956 -0.00550317 0.216071
113 0.00856905 -0.00515475 0.211472
114 0.00877391 -0.00479777 0.207072
115 0.00896399 -0.00443248 0.202902
116 0.00913882 -0.0040598 0.198992
117 0.00929821 -0.00368012 0.195371
118 0.00944182 -0.00329426 0.192057
119 0 0.00957576 0.419738
120 0 0.00915152 0.42534
121 0 0.00872727 0.43084
122 0 0.00830303 0.436133
123 0 0.00787879 0.4412
124 0 0.00745455 0.446064
125 0 0.0070303 0.450705
126 0 0.00660606 0.455101
127 0 0.00618182 0.459259
128 0 0.00575758 0.463339
129 0.00520086 0.00854114 0.306147
130 0.00483701 0.00875233 0.320693
131 0.00446461 0.00894803 0.334965
132 0.00408431 0.00912789 0.348226
133 0.00369678 0.0092916 0.360318
134 0.0033027 0.00943887 0.371206
135 0.00290274 0.00956943 0.380879
136 0.00249765 0.00968306 0.389309
137 0.00208817 0.00977955 0.396491
138 0.00167499 0.00985872 0.402403
139 0.00125886 0.00992045 0.407032
140 0.000840497 0.00996462 0.410449
141 0.000420632 0.00999115 0.412672
142 0.00566246 0.0155187 0.19206
143 0.00542817 0.0158703 0.196175
144 0.00517197 0.0162066 0.200555
145 0.00489481 0.0165261 0.205107
146 0.00459817 0.0168271 0.209742
147 0.0042831 0.0171088 0.214381
148 0.00395052 0.0173701 0.218941
149 0.00360214 0.0176097 0.223342
150 0.00323953 0.0178267 0.227506
151 0.00286364 0.0180203 0.231368
152 0.00247611 0.0181898 0.234863
153 0.00207897 0.0183342 0.237927
154 0.00167342 0.0184532 0.240516
155 0.00126083 0.0185464 0.2426
156 0.000843401 0.0186131 0.244146
157 0.000422757 0.0186532 0.24519
158 0.00577803 0.00867453 0.256549
159 0.0059771 0.00904725 0.234705
160 0.00615222 0.00943201 0.219462
161 0.00630269 0.00982731 0.208057
162 0.0064277 0.0102311 0.199171
163 0.00652686 0.0106418 0.192212
164 0.00659985 0.0110585 0.186811
165 0.00664626 0.0114788 0.182753
166 0.00666593 0.0119008 0.179886
167 0.00665881 0.0123236 0.178086
168 0.00662488 0.0127452 0.177257
169 0.00656436 0.0131635 0.177321
170 0.00647744 0.0135771 0.17819
171 0.0063644 0.0139847 0.179797
172 0.00622582 0.014384 0.182066
173 0.00606228 0.0147737 0.184917
174 0 0.018254 0.256933
175 0 0.0178413 0.267111
176 0 0.0174286 0.277146
177 0 0.0170159 0.286884
178 0 0.0166032 0.296302
179 0 0.0161905 0.305414
180 0 0.0157778 0.31424
181 0 0.0153651 0.322792
182 0 0.0149524 0.33108
183 0 0.0145397 0.339116
184 0 0.014127 0.346912
185 0 0.0137143 0.35448
186 0 0.0133016 0.361831
187 0 0.0128889 0.368977
188 0 0.0124762 0.375927
189 0 0.0120635 0.382693
190 0 0.0116508 0.389288
191 0 0.0112381 0.39571
192 0 0.0108254 0.40193
193 0 0.0104127 0.407955
194 0.00501994 -0.0016824 0.393242
195 0.00493222 -0.00131165 0.398213
196 0.00669215 0.00227363 0.335864
197 0.00494327 0.00158599 0.402556
198 0.00515465 -0.00586974 0.333857
199 0.00215964 -0.00935725 0.309791
200 0.00177804 -0.00945032 0.311284
201 0.00140112 -0.00952609 0.312417
202 0.00254509 -0.00926429 0.307373
203 0.000985324 -0.00956277 0.314199
204 0.0029249 -0.00915559 0.304642
205 0.000545364 -0.00959487 0.315258
206 0.00329776 -0.009033 0.30159
207 0.00366832 -0.0088851 0.298474
208 0.00403339 -0.00872365 0.295012
209 0.00439203 -0.0085538 0.291097
210 0.000369281 -0.00893844 0.335726
211 0.00473496 -0.00836589 0.287274
212 0.000358893 -0.00854955 0.34692
213 0.00507571 -0.00816298 0.283125
214 0.000358893 -0.00813514 0.35831
215 0.00540766 -0.00794633 0.278805
216 0.000358893 -0.00772072 0.36919
217 0.00573273 -0.00772356 0.274083
218 0.000358893 -0.00730631 0.379551
219 0.00604057 -0.00747583 0.269804
220 0.000358893 -0.00689189 0.389392
221 0.00634576 -0.00722003 0.265068
222 0.000358893 -0.00647748 0.398716
223 0.00663771 -0.00695351 0.260335
224 0.000358893 -0.00606306 0.407526
225 0.00691667 -0.0066786 0.255582
226 0.000358893 -0.00564865 0.415824
227 0.00718161 -0.00639785 0.25084
228 0.000358893 -0.00523423 0.423614
229 0.00744417 -0.00608172 0.246246
230 0.000358893 -0.00481982 0.430898
231 0.00768981 -0.00577177 0.241565
232 0.000358893 -0.00440541 0.43768
233 0.00791803 -0.00545168 0.237202
234 0.000358893 -0.00399099 0.443963
235 0.00813244 -0.00511885 0.233068
236 0.000358893 -0.00357658 0.449751
237 0.00834127 -0.00477878 0.22869
238 0.000358893 -0.00316216 0.455049
239 0.00853032 -0.00443518 0.224712
240 0.000358893 -0.00274775 0.45986
241 0.00870523 -0.0040856 0.220934
242 0.000358893 -0.00233333 0.464189
243 0.00886253 -0.00372788 0.217582
244 0.000358893 -0.00191892 0.46804
245 0.00901354 -0.00334564 0.214273
246 0.000358893 -0.0015045 0.47142
247 0.00914448 -0.00297848 0.21127
248 0.000358893 -0.00109009 0.474333
249 0.00925628 -0.00260322 0.208824
250 0.000358893 -0.000675676 0.476786
251 0.0093519 -0.00222136 0.206772
252 0.000358893 -0.000261261 0.478784
253 0.00943928 -0.00181711 0.204782
254 0.000358893 0.000153153 0.480336
255 0.00950604 -0.00143231 0.203259
256 0.000358893 0.000567568 0.481448
257 0.00955798 -0.00104379 0.202062
258 0.000358893 0.000981982 0.482129
259 0.00959104 -0.000650467 0.201422
260 0.000358893 0.0013964 0.482387
261 0.0096061 -0.00025139 0.201284
262 0.000358893 0.00181081 0.482233
263 0.00961679 0.00014339 0.200876
264 0.000358893 0.00222523 0.481675
265 0.00960196 0.000535193 0.201395
266 0.000358893 0.00263964 0.480726
267 0.00956736 0.000931254 0.20251
268 0.000358893 0.00305405 0.479398
269 0.00951892 0.00132758 0.203885
270 0.000358893 0.00346847 0.477705
271 0.00946049 0.00171999 0.205317
272 0.000377611 0.00389432 0.475524
273 0.00938031 0.0021027 0.207502
274 0.000395887 0.00431945 0.472979
275 0.00928486 0.00248766 0.210005
276 0.000358893 0.00471171 0.470501
277 0.00917436 0.00286836 0.212845
278 0.000292393 0.00506364 0.468099
279 0.00905539 0.00324411 0.21567
280 0.00890777 0.00361072 0.219606
281 0.000640756 0.00503015 0.466938
282 0.00875117 0.00397674 0.223496
283 0.00105115 0.0050493 0.464018
284 0.0085808 0.00433344 0.227694
285 0.0014841 0.00514394 0.458999
286 0.00839867 0.00468013 0.232113
287 0.00190832 0.0052566 0.452491
288 0.00820702 0.00501526 0.236678
289 0.00232313 0.00538939 0.444524
290 0.00798072 0.00535828 0.242329
291 0.00272096 0.00554672 0.435248
292 0.00775726 0.00568223 0.247636
293 0.00311584 0.00572481 0.424449
294 0.00751936 0.00599301 0.2534
295 0.00349482 0.00592566 0.412411
296 0.00727219 0.00629224 0.259382
297 0.00385779 0.0061601 0.399046
298 0.00699428 0.00659497 0.266343
299 0.00421559 0.00640583 0.384285
300 0.00670906 0.00687793 0.273733
301 0.00455503 0.00667424 0.368396
302 0.00642899 0.00715673 0.280807
303 0.00488291 0.00695838 0.351241
304 0.00607765 0.00743162 0.291424
305 0.00518771 0.00725456 0.33339
306 0.00569833 0.00779439 0.301047
307 0.000330062 -0.00927539 0.325781
308 0.0053866 0.00756095 0.318731
309 0.00225445 -0.00895371 0.320661
310 0.00188449 -0.00904515 0.322407
311 0.00151788 -0.00913063 0.323486
312 0.00117146 -0.00924353 0.322795
313 0.00262648 -0.00885832 0.318185
314 0.000788803 -0.00916504 0.327449
315 0.00299211 -0.00874716 0.315449
316 0.00335166 -0.00861876 0.31251
317 0.00370867 -0.00847344 0.309299
318 0.00405551 -0.00831306 0.305936
319 0.00438756 -0.00814263 0.302439
320 0.000721358 -0.00874988 0.339949
321 0.00471785 -0.00795579 0.298689
322 0.000694257 -0.00833181 0.35181
323 0.0050445 -0.00775346 0.294699
324 0.000718566 -0.00792793 0.362554
325 0.005359 -0.00753641 0.290703
326 0.000718566 -0.00751351 0.373177
327 0.00566092 -0.00731187 0.286573
328 0.000718566 -0.0070991 0.383277
329 0.00595787 -0.00707411 0.282235
330 0.000718566 -0.00668468 0.392857
331 0.0062485 -0.00682132 0.277768
332 0.000718566 -0.00627027 0.40192
333 0.00652288 -0.00655655 0.273479
334 0.000718566 -0.00585586 0.41047
335 0.00678361 -0.00628507 0.269202
336 0.000718566 -0.00544144 0.418509
337 0.00703784 -0.00600146 0.264795
338 0.000718566 -0.00502703 0.426041
339 0.00727945 -0.0057029 0.260566
340 0.000718566 -0.00461261 0.433069
341 0.00750783 -0.00539788 0.256399
342 0.000718566 -0.0041982 0.439595
343 0.00772127 -0.00508547 0.25242
344 0.000718566 -0.00378378 0.445625
345 0.00792482 -0.00476467 0.248446
346 0.000718566 -0.00336937 0.451161
347 0.0081132 -0.00443252 0.244773
348 0.000718566 -0.00295495 0.456208
349 0.00829144 -0.00409813 0.241052
350 0.000718566 -0.00254054 0.46077
351 0.00845455 -0.0037598 0.237574
352 0.000718566 -0.00212613 0.464851
353 0.00860518 -0.00340527 0.234375
354 0.000718566 -0.00171171 0.468457
355 0.00873775 -0.00304428 0.231613
356 0.000718566 -0.0012973 0.471593
357 0.008851 -0.0026852 0.229302
358 0.000718566 -0.000882883 0.474265
359 0.00895159 -0.00231871 0.227212
360 0.000718566 -0.000468468 0.476478
361 0.0090381 -0.0019439 0.22542
362 0.000718566 -5.40541e-05 0.47824
363 0.00910999 -0.00156811 0.223904
364 0.000718566 0.00036036 0.479557
365 0.0091689 -0.0011922 0.222592
366 0.000718566 0.000774775 0.480438
367 0.00920828 -0.000813133 0.221856
368 0.000718566 0.00118919 0.48089
369 0.0092364 -0.000430904 0.221256
370 0.000718566 0.0016036 0.480924
371 0.00924595 -4.97246e-05 0.22118
372 0.000718566 0.00201802 0.480547
373 0.00924241 0.000328545 0.221341
374 0.000718566 0.00243243 0.479772
375 0.00922118 0.000707485 0.221996
376 0.000718566 0.00284685 0.478608
377 0.00918524 0.00109004 0.222967
378 0.000718566 0.00326126 0.477065
379 0.00913249 0.00146789 0.224386
380 0.000735246 0.00368338 0.475029
381 0.00906583 0.00183508 0.226137
382 0.000771881 0.00411811 0.472438
383 0.00898342 0.0022055 0.228251
384 0.000819061 0.00460031 0.46909
385 0.00888461 0.00257701 0.230754
386 0.00876899 0.00294114 0.233717
387 0.00864196 0.00329535 0.236894
388 0.00849927 0.00364837 0.240419
389 0.00834169 0.00399923 0.244244
390 0.00132314 0.00472257 0.464014
391 0.00816717 0.00433851 0.248581
392 0.00177989 0.00484191 0.45771
393 0.00798354 0.00466703 0.253044
394 0.00221903 0.00496615 0.450037
395 0.00778635 0.00499232 0.257759
396 0.00264465 0.00511482 0.440882
397 0.00757173 0.0053098 0.262975
398 0.00306182 0.0053051 0.43001
399 0.00734828 0.00561677 0.268345
400 0.00347709 0.0054969 0.417647
401 0.00711285 0.00591258 0.274066
402 0.00386792 0.00572893 0.403986
403 0.00686961 0.0062016 0.279911
404 0.00424575 0.00598175 0.388967
405 0.00658454 0.00648459 0.287489
406 0.00461404 0.00624898 0.372573
407 0.00629487 0.00674496 0.295507
408 0.00497028 0.00653747 0.354816
409 0.00605675 0.00704528 0.300242
410 0.00532637 0.00685023 0.335218
411 0.00565553 0.00723889 0.314077
412 0.00233955 -0.00855056 0.331096
413 0.00197293 -0.0086337 0.333345
414 0.00160051 -0.00872935 0.334498
415 0.00116443 -0.00884792 0.334632
416 0.00269803 -0.0084561 0.328497
417 0.00304645 -0.0083454 0.325754
418 0.00339278 -0.00821704 0.322794
419 0.00372929 -0.00806627 0.319899
420 0.00405309 -0.00790352 0.316884
421 0.00437352 -0.00773367 0.313442
422 0.00469095 -0.00754773 0.309797
423 0.00105131 -0.00813907 0.355161
424 0.00499637 -0.00734271 0.306271
425 0.00107474 -0.00773011 0.365764
426 0.00529114 -0.00712958 0.302584
427 0.00108059 -0.0073115 0.376198
428 0.00558076 -0.0069106 0.298545
429 0.00107824 -0.00689189 0.386174
430 0.00586622 -0.00667653 0.294342
431 0.00107824 -0.00647748 0.395489
432 0.0061342 -0.00642494 0.290484
433 0.00107824 -0.00606306 0.404289
434 0.00639033 -0.00616522 0.286608
435 0.00107824 -0.00564865 0.412577
436 0.00664012 -0.00590235 0.282438
437 0.00107824 -0.00523423 0.420355
438 0.00688239 -0.00562464 0.278255
439 0.00107824 -0.00481982 0.427627
440 0.00710691 -0.00533258 0.27447
441 0.00107824 -0.00440541 0.434395
442 0.00731419 -0.00503438 0.270948
443 0.00107824 -0.00399099 0.440664
444 0.00751246 -0.00472902 0.267392
445 0.00107824 -0.00357658 0.446437
446 0.00770333 -0.00441523 0.263756
447 0.00107824 -0.00316216 0.451717
448 0.00787982 -0.00409626 0.260315
449 0.00107824 -0.00274775 0.45651
450 0.00804507 -0.00377529 0.256909
451 0.00107824 -0.00233333 0.460818
452 0.00820426 -0.00345623 0.253276
453 0.00107824 -0.00191892 0.464647
454 0.00834681 -0.00309383 0.25042
455 0.00107824 -0.0015045 0.468003
456 0.00844983 -0.00275173 0.248786
457 0.00107824 -0.00109009 0.470889
458 0.00855007 -0.00240522 0.246877
459 0.00107824 -0.000675676 0.473313
460 0.00864056 -0.0020486 0.245078
461 0.00107824 -0.000261261 0.47528
462 0.00871668 -0.00168976 0.24356
463 0.00107824 0.000153153 0.476798
464 0.00877888 -0.00132794 0.242315
465 0.00107824 0.000567568 0.477873
466 0.00882703 -0.000963942 0.241353
467 0.00107824 0.000981982 0.478514
468 0.00885928 -0.000597891 0.240775
469 0.00107824 0.0013964 0.478729
470 0.00887619 -0.000230701 0.240554
471 0.00107824 0.00181081 0.478527
472 0.00888105 0.000133529 0.240523
473 0.00107824 0.00222523 0.477919
474 0.00887125 0.000495859 0.240829
475 0.00107824 0.00263964 0.476915
476 0.00884752 0.000862996 0.241428
477 0.00108605 0.00306068 0.475432
478 0.00880191 0.00122755 0.242736
479 0.00107912 0.00346587 0.473752
480 0.00873994 0.00158436 0.244492
481 0.00111413 0.00387894 0.47136
482 0.00867055 0.00194031 0.246214
483 0.00118876 0.00428987 0.46826
484 0.00858689 0.0022993 0.248221
485 0.00847873 0.00265085 0.251092
486 0.00836291 0.00299462 0.253979
487 0.00823609 0.00333595 0.257013
488 0.00809048 0.00367473 0.260571
489 0.00792649 0.00400394 0.264699
490 0.00164908 0.00442113 0.462485
491 0.00775437 0.004326 0.268877
492 0.00209807 0.00453928 0.455354
493 0.00757567 0.0046407 0.273049
494 0.00254341 0.00466519 0.446682
495 0.00738077 0.00495275 0.277616
496 0.00298637 0.00484049 0.436055
497 0.00716818 0.00525127 0.282815
498 0.00344275 0.00505067 0.423112
499 0.00694367 0.00553982 0.288349
500 0.00386619 0.00527511 0.409177
501 0.00671375 0.00582449 0.293853
502 0.0042627 0.00554179 0.39395
503 0.00647206 0.00611089 0.299553
504 0.00465501 0.00580605 0.377324
505 0.00616299 0.00638612 0.308187
506 0.00502968 0.0060956 0.359457
507 0.00580184 0.00670264 0.318059
508 0.00539339 0.0064027 0.340306
509 0.00099904 -0.00849771 0.345619
510 0.00205795 -0.00822145 0.343773
511 0.00241821 -0.00815592 0.340845
512 0.0017049 -0.00829801 0.345567
513 0.0027562 -0.0080551 0.338462
514 0.00308751 -0.00794981 0.335618
515 0.00341913 -0.0078169 0.332824
516 0.00372973 -0.00765679 0.330484
517 0.00403911 -0.00749523 0.327557
518 0.00434873 -0.00733354 0.323983
519 0.0046504 -0.00714157 0.32071
520 0.00141327 -0.00798893 0.35654
521 0.00493072 -0.0069351 0.317744
522 0.00144051 -0.00755223 0.367562
523 0.00521097 -0.00672815 0.314186
524 0.00143989 -0.00711176 0.37832
525 0.00549108 -0.00651864 0.310086
526 0.00143791 -0.00668468 0.388204
527 0.00576072 -0.00628281 0.306298
528 0.00143791 -0.00627027 0.397255
529 0.00600512 -0.00603173 0.303104
530 0.00143791 -0.00585586 0.405791
531 0.00624834 -0.00577878 0.299424
532 0.00143791 -0.00544144 0.413814
533 0.0064903 -0.0055316 0.295132
534 0.00143791 -0.00502703 0.421329
535 0.00671696 -0.00525501 0.291411
536 0.00143791 -0.00461261 0.428337
537 0.00691298 -0.00497102 0.288511
538 0.00143791 -0.0041982 0.434844
539 0.00710376 -0.00467998 0.285444
540 0.00143791 -0.00378378 0.440851
541 0.00729473 -0.00438335 0.281961
542 0.00143791 -0.00336937 0.446363
543 0.00747502 -0.00407926 0.278545
544 0.00143791 -0.00295495 0.451384
545 0.00763628 -0.00376528 0.275608
546 0.00143791 -0.00254054 0.455917
547 0.00779182 -0.00345081 0.27246
548 0.00143791 -0.00212613 0.459967
549 0.00799654 -0.00316291 0.266257
550 0.00143791 -0.00171171 0.463539
551 0.00804298 -0.00281178 0.267686
552 0.00143791 -0.0012973 0.466638
553 0.00814514 -0.00247702 0.265908
554 0.00143791 -0.000882883 0.469269
555 0.00824529 -0.00214003 0.263811
556 0.00143791 -0.000468468 0.471438
557 0.00832261 -0.00179472 0.262446
558 0.00143791 -5.40541e-05 0.473152
559 0.00838583 -0.0014477 0.261361
560 0.00143791 0.00036036 0.474417
561 0.00844079 -0.00110027 0.26027
562 0.00143791 0.000774775 0.475242
563 0.00848265 -0.000749385 0.25943
564 0.00143791 0.00118919 0.475633
565 0.00850485 -0.000396163 0.259166
566 0.00143791 0.0016036 0.4756
567 0.00851087 -4.55984e-05 0.259304
568 0.00143791 0.00201802 0.475153
569 0.00850908 0.00030274 0.259439
570 0.00143791 0.00243243 0.474301
571 0.00850374 0.000646942 0.259367
572 0.00145333 0.00286559 0.472829
573 0.00847426 0.00100387 0.260092
574 0.00145844 0.00329067 0.47107
575 0.00841021 0.00134634 0.262191
576 0.001408 0.00365427 0.469803
577 0.00834511 0.00168908 0.263952
578 0.00153663 0.00399866 0.46652
579 0.00828022 0.00203297 0.265306
580 0.00818564 0.0023777 0.267727
581 0.00807206 0.00270566 0.270797
582 0.00796412 0.00303577 0.273189
583 0.00783487 0.00336789 0.276203
584 0.00767856 0.00368268 0.280285
585 0.00751435 0.00399424 0.284385
586 0.00196933 0.0040875 0.460396
587 0.00734338 0.00430157 0.288466
588 0.00240965 0.00421304 0.452507
589 0.00717743 0.00460512 0.291992
590 0.00287112 0.00431914 0.442854
591 0.00697852 0.00490236 0.29676
592 0.00334755 0.00461382 0.429569
593 0.00676346 0.00517292 0.3023
594 0.00386688 0.00478035 0.414284
595 0.006544 0.00545287 0.307575
596 0.004271 0.00509226 0.39891
597 0.00632215 0.00573092 0.312695
598 0.00467051 0.00536016 0.382583
599 0.00611686 0.00602725 0.316515
600 0.00505683 0.00563093 0.365193
601 0.0057798 0.00619979 0.327882
602 0.00543772 0.0059233 0.346276
603 0.00136227 -0.00841881 0.345302
604 0.00216123 -0.00787172 0.351762
605 0.00181113 -0.00782478 0.357101
606 0.00248039 -0.00775813 0.350409
607 0.00280831 -0.00764998 0.348117
608 0.00313617 -0.00759649 0.343776
609 0.00340838 -0.00740729 0.343346
610 0.00370992 -0.00724424 0.34107
611 0.00401725 -0.00709243 0.337772
612 0.00434074 -0.00698287 0.332449
613 0.00457319 -0.00673348 0.332149
614 0.00484651 -0.00652897 0.329182
615 0.00179725 -0.00733603 0.369519
616 0.00512507 -0.0063343 0.325274
617 0.00179758 -0.00689189 0.380059
618 0.00542697 -0.00617394 0.319323
619 0.00179758 -0.00647748 0.389361
620 0.00562443 -0.00588929 0.318746
621 0.00179758 -0.00606306 0.398144
622 0.00586412 -0.0056433 0.315485
623 0.00179758 -0.00564865 0.406412
624 0.00609743 -0.00538771 0.312083
625 0.00179758 -0.00523423 0.414168
626 0.00637065 -0.00520136 0.30545
627 0.00179758 -0.00481982 0.421415
628 0.00651013 -0.00490149 0.305335
629 0.00179758 -0.00440541 0.428158
630 0.006693 -0.00462157 0.302789
631 0.00179758 -0.00399099 0.434399
632 0.0068852 -0.00433563 0.299501
633 0.00179758 -0.00357658 0.440141
634 0.00707118 -0.00404981 0.295987
635 0.00179758 -0.00316216 0.445389
636 0.00724762 -0.00373969 0.292709
637 0.00179758 -0.00274775 0.450146
638 0.00740388 -0.00340037 0.290168
639 0.00179758 -0.00233333 0.454415
640 0.00761378 -0.00301261 0.285268
641 0.00179758 -0.00191892 0.458202
642 0.00179758 -0.0015045 0.461511
643 0.00772503 -0.00258358 0.284384
644 0.00179758 -0.00109009 0.464347
645 0.00784417 -0.0022309 0.281911
646 0.00179758 -0.000675676 0.466715
647 0.00793484 -0.00188784 0.28021
648 0.00179758 -0.000261261 0.468622
649 0.00799033 -0.00155318 0.27969
650 0.00179758 0.000153153 0.470074
651 0.00804693 -0.00121988 0.278729
652 0.00179758 0.000567568 0.471078
653 0.00810591 -0.000888234 0.277267
654 0.00179758 0.000981982 0.471641
655 0.00813773 -0.000547152 0.276748
656 0.00179758 0.0013964 0.471772
657 0.00813871 -0.000210361 0.27733
658 0.00179758 0.00181081 0.47148
659 0.00813883 0.000129334 0.277589
660 0.00179758 0.00222523 0.470775
661 0.00813578 0.000466806 0.277628
662 0.00181257 0.00265911 0.469417
663 0.00818786 0.000797516 0.274633
664 0.00183357 0.00311015 0.467469
665 0.00807772 0.00111148 0.279216
666 0.00182448 0.00360923 0.46523
667 0.00801025 0.00144597 0.28131
668 0.00795294 0.00178556 0.282518
669 0.0079407 0.00212655 0.281177
670 0.00777334 0.00242362 0.287176
671 0.00766488 0.00274728 0.289821
672 0.00762 0.00308738 0.288981
673 0.0074259 0.00336877 0.295295
674 0.00726929 0.0036722 0.299284
675 0.00710046 0.00397398 0.303482
676 0.00229495 0.00376059 0.457366
677 0.00692566 0.00427098 0.307648
678 0.00302606 0.00395317 0.442094
679 0.00682664 0.00458653 0.307897
680 0.00331103 0.00416128 0.434106
681 0.00658017 0.00480705 0.315633
682 0.00370121 0.00431944 0.422958
683 0.0063608 0.00508081 0.321121
684 0.0043454 0.00466862 0.401078
685 0.00614126 0.00538048 0.325924
686 0.00469901 0.00492069 0.386856
687 0.00585485 0.00572197 0.332592
688 0.00508156 0.00517697 0.370338
689 0.00586622 0.00308946 0.362975
690 0.00407939 0.00438838 0.411774
691 0.00214996 -0.00750176 0.361358
692 0.00252868 -0.00735024 0.359935
693 0.00297287 -0.00719681 0.356552
694 0.00336832 -0.00699545 0.353976
695 0.003715 -0.00681593 0.350959
696 0.00360777 -0.00571304 0.376366
697 0.00359295 0.00312328 0.434139
698 0.00447616 -0.0063384 0.343281
699 0.00477101 -0.00610525 0.340204
700 0.00216173 -0.00710512 0.370855
701 0.00471004 -0.00472063 0.367158
702 0.00218104 -0.0066969 0.380027
703 0.00478561 0.00276941 0.40258
704 0.00217661 -0.0062774 0.389236
705 0.00546162 -0.00554376 0.330562
706 0.00217077 -0.00586064 0.397877
707 0.00573028 -0.00524663 0.327202
708 0.00215726 -0.00544144 0.406143
709 0.00605801 -0.00494389 0.321178
710 0.00215726 -0.00502703 0.413629
711 0.00215726 -0.00461261 0.420607
712 0.006274 -0.00458435 0.319158
713 0.00215726 -0.0041982 0.427081
714 0.00647114 -0.00427491 0.316469
715 0.00215726 -0.00378378 0.433053
716 0.00665322 -0.00398124 0.313609
717 0.00215726 -0.00336937 0.438527
718 0.00689143 -0.00374799 0.307229
719 0.00215726 -0.00295495 0.443506
720 0.00698386 -0.00342151 0.307519
721 0.00215726 -0.00254054 0.447994
722 0.0071448 -0.00304973 0.305025
723 0.00215726 -0.00212613 0.451994
724 0.00729699 -0.00266217 0.302434
725 0.00215726 -0.00171171 0.455512
726 0.00215726 -0.0012973 0.458551
727 0.00742911 -0.00227717 0.30006
728 0.00215726 -0.000882883 0.461118
729 0.00759116 -0.0019806 0.29514
730 0.00215726 -0.000468468 0.463216
731 0.0075962 -0.00164959 0.297109
732 0.00215726 -5.40541e-05 0.464852
733 0.00764589 -0.00132397 0.296682
734 0.00215726 0.00036036 0.466033
735 0.00770767 -0.00100055 0.295331
736 0.00215726 0.000774775 0.466766
737 0.0078173 -0.000692874 0.291353
738 0.00215726 0.00118919 0.467057
739 0.00776352 -0.000375081 0.294626
740 0.00215726 0.0016036 0.466916
741 0.00776151 -3.19478e-05 0.295207
742 0.00215726 0.00201802 0.466351
743 0.00776328 0.000335061 0.295233
744 0.00217316 0.00244291 0.46511
745 0.0077775 0.000760998 0.294189
746 0.00220933 0.00287764 0.463089
747 0.00222868 0.00332546 0.460803
748 0.00768158 0.00118093 0.297616
749 0.00760763 0.00155899 0.299661
750 0.00296644 0.0036366 0.445443
751 0.00545044 0.00545504 0.352738
752 0.00736554 0.00247363 0.305556
753 0.00268626 0.00389001 0.449523
754 0.0072424 0.00293741 0.307541
755 0.00704466 0.00330928 0.312935
756 0.00686729 0.00364405 0.317346
757 0.00667852 0.00396906 0.321944
758 0.00648951 0.00436209 0.325346
759 0.00329374 0.00371378 0.437713
760 0.00364825 0.0038789 0.427857
761 0.00619885 0.00468043 0.333384
762 0.00596 0.00499332 0.338959
763 0.00474684 0.00447968 0.390048
764 0.0057877 0.00530526 0.341514
765 0.00508972 0.00473903 0.375372
766 0.00268272 0.00345503 0.452222
767 0.00402442 0.00398835 0.416847
768 0.00443547 0.00421255 0.402697
769 0.00550467 0.00497385 0.357172
770 0.00256605 -0.00693207 0.369324
771 0.00296658 -0.00674406 0.367158
772 0.00335884 -0.00654172 0.364409
773 0.00375685 -0.006379 0.359658
774 0.00434601 -0.00588752 0.355888
775 0.00475345 -0.00563468 0.349937
776 0.00257148 -0.00650351 0.378879
777 0.0025616 -0.0060765 0.388074
778 0.00530811 -0.00513762 0.342673
779 0.00254141 -0.00565456 0.396776
780 0.00559804 -0.00484722 0.338354
781 0.00251693 -0.00523423 0.404978
782 0.00584902 -0.00453484 0.334929
783 0.00251693 -0.00481982 0.412192
784 0.00251693 -0.00440541 0.418899
785 0.00606518 -0.00421732 0.332124
786 0.00251693 -0.00399099 0.425101
787 0.0062784 -0.00389659 0.328876
788 0.00251693 -0.00357658 0.430801
789 0.00654587 -0.00354643 0.323359
790 0.00251693 -0.00316216 0.436002
791 0.00251693 -0.00274775 0.440708
792 0.00670318 -0.00311359 0.322213
793 0.00251693 -0.00233333 0.444922
794 0.00685293 -0.00271278 0.320335
795 0.00251693 -0.00191892 0.448648
796 0.00701624 -0.00231135 0.317253
797 0.00251693 -0.0015045 0.45189
798 0.00251693 -0.00109009 0.454653
799 0.00718743 -0.00186986 0.313462
800 0.00251693 -0.000675676 0.456943
801 0.00251693 -0.000261261 0.458763
802 0.00251693 0.000153153 0.46012
803 0.00731121 -0.00107407 0.312564
804 0.00251693 0.000567568 0.46102
805 0.00740804 -0.000655828 0.309896
806 0.00251693 0.000981982 0.46147
807 0.00251693 0.0013964 0.461478
808 0.00738881 -0.000235548 0.311676
809 0.00251693 0.00181081 0.461051
810 0.00738486 0.000143956 0.312242
811 0.00252179 0.0022238 0.46012
812 0.00738058 0.000525887 0.312375
813 0.0025654 0.00263961 0.458097
814 0.0073412 0.000927967 0.313552
815 0.00263725 0.00306302 0.455089
816 0.00726041 0.00133258 0.316031
817 0.00717579 0.001744 0.318134
818 0.00694033 0.0025776 0.323486
819 0.0067667 0.0029678 0.327913
820 0.00645755 0.00358881 0.335216
821 0.00626729 0.00394922 0.339288
822 0.00602161 0.00427617 0.34553
823 0.0035791 0.00346771 0.432464
824 0.005782 0.00458901 0.351247
825 0.00512172 0.00429088 0.379142
826 0.00411617 -0.00624195 0.354277
827 0.00509713 -0.005464 0.343208
828 0.00724328 -0.00145484 0.313617
829 0.0070783 0.0021552 0.320246
830 0.0066787 0.00331943 0.328542
831 0.00313189 0.00325639 0.444225
832 0.00398341 0.00360544 0.420929
833 0.00479359 0.0040393 0.39281
834 0.00540677 0.00454592 0.366021
835 0.00442768 0.0037433 0.406997
836 0.00296784 -0.00629628 0.37692
837 0.00340214 -0.00605679 0.373836
838 0.00438179 -0.00540566 0.364116
839 0.00294049 -0.00586493 0.386239
840 0.00514077 -0.00479272 0.353575
841 0.00289544 -0.00543794 0.39521
842 0.00541472 -0.00447731 0.350088
843 0.0028766 -0.00502703 0.402914
844 0.00564781 -0.00416589 0.347143
845 0.0028766 -0.00461261 0.409856
846 0.0028766 -0.0041982 0.416289
847 0.00586423 -0.00384875 0.344215
848 0.0028766 -0.00378378 0.422215
849 0.00607825 -0.00351818 0.340946
850 0.0028766 -0.00336937 0.427638
851 0.00626844 -0.00315982 0.338225
852 0.0028766 -0.00295495 0.432562
853 0.0028766 -0.00254054 0.43699
854 0.00642845 -0.00277882 0.336234
855 0.0028766 -0.00212613 0.440925
856 0.00658818 -0.00238968 0.333703
857 0.0028766 -0.00171171 0.44437
858 0.00673298 -0.00198645 0.331229
859 0.0028766 -0.0012973 0.447331
860 0.0028766 -0.000882883 0.449811
861 0.0028766 -0.000468468 0.451816
862 0.0028766 -5.40541e-05 0.453349
863 0.0028766 0.00036036 0.454417
864 0.00697131 -0.00082112 0.327927
865 0.0028766 0.000774775 0.455026
866 0.00700605 -0.000431384 0.327647
867 0.0028766 0.00118919 0.455183
868 0.0028766 0.0016036 0.454893
869 0.00700841 -5.33168e-05 0.328223
870 0.0028766 0.00201802 0.454165
871 0.00700567 0.000319435 0.32857
872 0.00289387 0.00240227 0.452765
873 0.00698452 0.000699666 0.329252
874 0.00297294 0.0028064 0.449688
875 0.00692961 0.00108647 0.33089
876 0.00683529 0.00149157 0.333647
877 0.0064809 0.00261013 0.342416
878 0.00607356 0.00352309 0.351296
879 0.00585605 0.00387005 0.356376
880 0.00387194 -0.00596479 0.365682
881 0.0048185 -0.00515186 0.356938
882 0.00683046 -0.00159383 0.329943
883 0.00690081 -0.00120864 0.329182
884 0.00671712 0.00188812 0.336911
885 0.00629029 0.0031172 0.346302
886 0.00555314 0.00418781 0.364601
887 0.00339526 0.00283637 0.440353
888 0.00393388 0.00321509 0.424832
889 0.00518123 0.00391255 0.380802
890 0.00427264 0.00332545 0.414641
891 0.00487743 0.00362016 0.393703
892 0.0032702 -0.00561922 0.384997
893 0.00500737 -0.00441432 0.363473
894 0.00324901 -0.00521356 0.392903
895 0.00523306 -0.00410583 0.361223
896 0.00323627 -0.00481982 0.399956
897 0.00545622 -0.00380707 0.358307
898 0.00323627 -0.00440541 0.406621
899 0.00323627 -0.00399099 0.412775
900 0.00565669 -0.00349218 0.355763
901 0.00323627 -0.00357658 0.41842
902 0.00583041 -0.00316201 0.353767
903 0.00323627 -0.00316216 0.423562
904 0.0060037 -0.00281332 0.351424
905 0.00323627 -0.00274775 0.428204
906 0.00323627 -0.00233333 0.432349
907 0.00616966 -0.00245276 0.348879
908 0.00323627 -0.00191892 0.435999
909 0.00630976 -0.00207926 0.346816
910 0.00323627 -0.0015045 0.439159
911 0.00323627 -0.00109009 0.441832
912 0.00323627 -0.000675676 0.444021
913 0.00323627 -0.000261261 0.445733
914 0.00323627 0.000153153 0.44697
915 0.00323627 0.000567568 0.44774
916 0.00661261 -0.000586195 0.343187
917 0.00323627 0.000981982 0.448047
918 0.00662721 -0.000231086 0.343487
919 0.00323627 0.0013964 0.447899
920 0.00323627 0.00181081 0.4473
921 0.00663108 0.000124656 0.343817
922 0.00325161 0.00219486 0.446018
923 0.00663368 0.00047795 0.343803
924 0.00659792 0.000853902 0.344911
925 0.00651228 0.0012348 0.34758
926 0.00567645 0.00347661 0.366875
927 0.00461742 0.00336974 0.403928
928 0.00436639 -0.00497487 0.372096
929 0.00640968 -0.00168744 0.34583
930 0.00656407 -0.000980802 0.343669
931 0.00323058 0.00253623 0.445292
932 0.00639883 0.00165818 0.35074
933 0.00605835 0.00263361 0.358936
934 0.00550622 0.00378853 0.370289
935 0.00649327 -0.00133286 0.344728
936 0.00418709 0.00290627 0.419678
937 0.0052559 0.00348659 0.381953
938 0.0036132 -0.00538087 0.382531
939 0.00482623 -0.00404156 0.37416
940 0.00360897 -0.0049956 0.389465
941 0.00504986 -0.00372416 0.371964
942 0.00359802 -0.00459399 0.396355
943 0.00529026 -0.00348431 0.36764
944 0.00359863 -0.00417843 0.402718
945 0.00359946 -0.00376384 0.40855
946 0.00539389 -0.00316375 0.368193
947 0.00359734 -0.00335919 0.413811
948 0.00557568 -0.00282623 0.365922
949 0.00359594 -0.00295495 0.418571
950 0.00575717 -0.00249255 0.363053
951 0.00359594 -0.00254054 0.422926
952 0.00359594 -0.00212613 0.426782
953 0.00591377 -0.00215095 0.360568
954 0.00359594 -0.00171171 0.430143
955 0.00359594 -0.0012973 0.433011
956 0.00359594 -0.000882883 0.435388
957 0.00359594 -0.000468468 0.43728
958 0.00359594 -5.40541e-05 0.43869
959 0.00359594 0.00036036 0.439623
960 0.00359594 0.000774775 0.440084
961 0.00624734 -0.000399452 0.357785
962 0.00359594 0.00118919 0.440079
963 0.00624973 -5.04732e-05 0.358414
964 0.00360221 0.00160151 0.43947
965 0.00360303 0.0020019 0.438565
966 0.00625674 0.000293738 0.358482
967 0.00631543 0.000629395 0.356192
968 0.00619296 0.0009573 0.360548
969 0.00628284 0.00214702 0.353126
970 0.00754263 0.00202173 0.300402
971 0.00412759 -0.0066417 0.34547
972 0.00381699 0.00281688 0.430124
973 0.00362659 0.00243819 0.436594
974 0.00454353 0.00301579 0.408618
975 0.00497488 0.00315774 0.394047
976 0.00463607 -0.00436447 0.374707
977 0.0060354 -0.00177661 0.359039
978 0.00629074 -0.000746313 0.355046
979 0.0060919 0.00136649 0.363508
980 0.00542456 0.00310161 0.379042
981 0.00609379 -0.0014243 0.359173
982 0.00616429 -0.00107075 0.358441
983 0.00464144 -0.00368271 0.384175
984 0.00396826 -0.00478204 0.385058
985 0.00492856 -0.00326433 0.381277
986 0.00396733 -0.0043573 0.391808
987 0.00395724 -0.00394765 0.398008
988 0.00396616 -0.00352476 0.403446
989 0.0051388 -0.0028371 0.379687
990 0.0039587 -0.00313984 0.408287
991 0.00533633 -0.00248517 0.376976
992 0.00393385 -0.00273976 0.413257
993 0.00550336 -0.00217437 0.374293
994 0.00395562 -0.00233333 0.416726
995 0.00395446 -0.00192673 0.420257
996 0.00395544 -0.00151273 0.423304
997 0.00395562 -0.00109009 0.425923
998 0.00395562 -0.000675676 0.428
999 0.00395562 -0.000261261 0.429588
1000 0.00395562 0.000153153 0.430688
1001 0.00395562 0.000567568 0.431305
1002 0.00395562 0.000981982 0.431446
1003 0.00587483 -0.000244436 0.371785
1004 0.0039597 0.00140195 0.431008
1005 0.00587833 0.000159305 0.372331
1006 0.00397957 0.00180887 0.429712
1007 0.00590223 0.000594565 0.37167
1008 0.00430009 -0.00455625 0.380618
1009 0.00596473 0.00180858 0.3668
1010 0.00579776 0.00225065 0.370954
1011 0.00561089 0.00268416 0.375246
1012 0.00446514 0.00258907 0.413348
1013 0.00408518 0.00248601 0.424591
1014 0.00398917 -0.00518801 0.377635
1015 0.00436861 -0.00409316 0.385858
1016 0.0056925 -0.00188938 0.370172
1017 0.00588499 -0.000697728 0.370113
1018 0.00578647 0.00104365 0.3754
1019 0.00516597 0.00272288 0.390502
1020 0.00575469 -0.00115666 0.372637
1021 0.00439413 -0.00328877 0.395766
1022 0.00465336 -0.00283244 0.393874
1023 0.00493353 -0.00244568 0.389645
1024 0.00513273 -0.00210923 0.386589
1025 0.00428175 -0.00256641 0.406444
1026 0.00430234 -0.00215742 0.409676
1027 0.00432002 -0.00174476 0.41251
1028 0.00430442 -0.00131501 0.415809
1029 0.00430798 -0.000894798 0.418029
1030 0.00431856 -0.000472533 0.419563
1031 0.00433444 -5.70156e-05 0.420423
1032 0.00433603 0.000364569 0.421167
1033 0.00431634 0.000781501 0.421984
1034 0.00430686 0.00119838 0.422045
1035 0.00549794 -3.51453e-05 0.385243
1036 0.00432347 0.00163063 0.420883
1037 0.00550311 0.000357304 0.385557
1038 0.0039798 -0.00558542 0.370583
1039 0.00393659 0.00216344 0.429751
1040 0.00568745 -0.00155656 0.372646
1041 0.00568801 0.00147989 0.377959
1042 0.00426912 -0.00370494 0.39368
1043 0.00424953 -0.00291628 0.403644
1044 0.00536573 -0.00179555 0.38167
1045 0.00547411 -0.000426047 0.3851
1046 0.0043734 0.00210337 0.418142
1047 0.00545519 0.00073958 0.38722
1048 0.00533945 0.00230886 0.3869
1049 0.00542042 -0.000839455 0.385375
1050 0.00457966 -0.0024049 0.400051
1051 0.00471848 -0.00201782 0.399582
1052 0.00465072 -0.00153885 0.404972
1053 0.00464325 -0.00111323 0.407745
1054 0.00467618 -0.000711631 0.408742
1055 0.00470387 -0.000297176 0.409442
1056 0.00475322 0.000155522 0.409081
1057 0.00470119 0.000603025 0.411039
1058 0.00466952 0.0010043 0.411892
1059 0.00463927 0.00140081 0.412268
1060 0.00517675 0.000157468 0.396035
1061 0.0055287 0.00189399 0.382189
1062 0.00484443 0.00232095 0.40313
1063 0.00538864 0.00114777 0.389033
1064 0.00530858 -0.00131433 0.38664
1065 0.00508027 -0.000169243 0.398476
1066 0.00468528 0.00182996 0.409857
1067 0.00508351 0.00047934 0.399334
1068 0.00502288 -0.000948483 0.397445
1069 0.00505502 0.000857935 0.400227
1070 0.00500636 0.00122085 0.401361
1071 0.00528787 0.00154541 0.39154
1072 0.0050629 -0.000561598 0.397838
1073 0.00510284 0.00192863 0.396425
1074 0.00213595 0.00777956 0.422019
1075 0.00176032 0.00754197 0.431109
1076 0.00184397 0.00795217 0.424842
1077 0.00108757 0.00681454 0.44742
1078 0.00379454 0.00697532 0.390316
1079 0.00347235 0.00675533 0.402975
1080 0.00314322 0.00655455 0.414414
1081 0.00408014 0.00720872 0.3775
1082 0.00280084 0.00636958 0.424842
1083 0.00437671 0.0075092 0.362056
1084 0.00244437 0.00620433 0.434186
1085 0.00466288 0.00775034 0.346472
1086 0.00208341 0.00607085 0.442117
1087 0.00485051 0.00818777 0.330504
1088 0.00171359 0.00595853 0.448839
1089 0.00132641 0.00588717 0.454242
1090 0.000937973 0.00582305 0.458391
1091 0.00051606 0.005739 0.461725
1092 0.0044655 0.00846845 0.342726
1093 0.00410876 0.00870613 0.35367
1094 0.00374469 0.00887123 0.364768
1095 0.00337272 0.00901874 0.375013
1096 0.000341766 0.00640505 0.456184
1097 0.00298267 0.00915677 0.384505
1098 0.000367405 0.00681818 0.451905
1099 0.0026061 0.00927098 0.392522
1100 0.000367405 0.00724242 0.447365
1101 0.00220512 0.00937284 0.399855
1102 0.000367405 0.00766667 0.442593
1103 0.00181381 0.00945681 0.405781
1104 0.000367405 0.00809091 0.437608
1105 0.00141247 0.00952407 0.410674
1106 0.000392377 0.00853583 0.432056
1107 0.000937445 0.00958275 0.414966
1108 0.00036837 0.00893689 0.427067
1109 0.000412762 0.00965875 0.417377
1110 0.000312557 0.00605633 0.459605
1111 0.000320417 0.00927785 0.422778
1112 0.00371771 0.00737748 0.387225
1113 0.00342097 0.00714878 0.399367
1114 0.00311216 0.00695984 0.410289
1115 0.00279882 0.00678083 0.420166
1116 0.00400238 0.00765658 0.373641
1117 0.00248375 0.00660941 0.428988
1118 0.00433713 0.00799098 0.356009
1119 0.002129 0.00646501 0.437247
1120 0.00178033 0.00636183 0.443867
1121 0.00144456 0.00624606 0.449438
1122 0.00108127 0.00628861 0.452837
1123 0.000663554 0.00614395 0.457251
1124 0.004101 0.00833538 0.359659
1125 0.0037805 0.00846173 0.369526
1126 0.00342359 0.00859653 0.379421
1127 0.00305693 0.00873751 0.388285
1128 0.0007141 0.00658094 0.45267
1129 0.00268987 0.00886925 0.396028
1130 0.000732171 0.0070303 0.447851
1131 0.0023085 0.00896295 0.403325
1132 0.000732171 0.00745455 0.443158
1133 0.00193452 0.00906556 0.409046
1134 0.000732171 0.00787879 0.438238
1135 0.00155435 0.00913957 0.413984
1136 0.000740532 0.00832693 0.432755
1137 0.00110959 0.00918474 0.418677
1138 0.000810253 0.00880212 0.426323
1139 0.0006817 0.0092563 0.421234
1140 0.00338467 0.00750983 0.395599
1141 0.00359453 0.00777949 0.385575
1142 0.00307006 0.00736348 0.406306
1143 0.00277531 0.00719305 0.415771
1144 0.00247064 0.00702337 0.424529
1145 0.00387377 0.0080458 0.372423
1146 0.00219766 0.00682422 0.432072
1147 0.00183953 0.00678279 0.438536
1148 0.00141936 0.00662838 0.44589
1149 0.00348216 0.00817207 0.383593
1150 0.00311651 0.00831131 0.392494
1151 0.00275132 0.00844793 0.400221
1152 0.00239035 0.00855519 0.407048
1153 0.00109513 0.00725668 0.442517
1154 0.00202602 0.00864391 0.41301
1155 0.00108649 0.00769013 0.437629
1156 0.00166337 0.00872865 0.417828
1157 0.00109993 0.00811 0.432462
1158 0.00128112 0.0088112 0.421739
1159 0.00108181 0.00850454 0.427693
1160 0.00313383 0.00784695 0.398328
1161 0.00279538 0.00761633 0.410028
1162 0.00244471 0.00743724 0.420132
1163 0.00204627 0.00723276 0.430198
1164 0.00153269 0.0070935 0.439526
1165 0.00280465 0.00804738 0.40422
1166 0.00244421 0.00815023 0.411184
1167 0.0021071 0.00823256 0.41684
1168 0.00139348 0.00749483 0.436592
1169 0.00174927 0.00830305 0.421977
1170 0.00147862 0.00793237 0.430387
1171 0.001423 0.00840987 0.425153
1172 0.00252037 0.00780421 0.413935
1173 0.00315521 0.0137219 0.311085
1174 0.00343078 0.0129847 0.315097
1175 0.00327862 0.0133079 0.314462
1176 0.00342786 0.0126255 0.320784
1177 0.00446339 0.0164051 0.222757
1178 0.00473478 0.0161137 0.218767
1179 0.00498621 0.0158049 0.214959
1180 0.00417894 0.016682 0.226575
1181 0.00521297 0.0154762 0.211623
1182 0.00387174 0.0169355 0.230657
1183 0.00543022 0.0151466 0.20789
1184 0.0035492 0.0171712 0.23459
1185 0.00562022 0.0147956 0.204884
1186 0.00321382 0.017385 0.23834
1187 0.00578579 0.0144281 0.202469
1188 0.00286519 0.0175742 0.241933
1189 0.00592817 0.0140571 0.200489
1190 0.00250367 0.017745 0.245171
1191 0.00604438 0.0136795 0.199207
1192 0.00213558 0.0178944 0.247949
1193 0.0061353 0.0132924 0.198686
1194 0.00174961 0.0180079 0.250767
1195 0.00620948 0.0129037 0.198479
1196 0.00135739 0.0181033 0.252958
1197 0.00625052 0.0125084 0.199564
1198 0.00096189 0.0181852 0.254364
1199 0.00627045 0.0121093 0.201365
1200 0.000523258 0.0182486 0.255311
1201 0.00626589 0.0117135 0.204125
1202 0.0062347 0.011318 0.208121
1203 0.00618086 0.0109241 0.213277
1204 0.00610067 0.0105312 0.220059
1205 0.000346927 0.0176117 0.271831
1206 0.00599011 0.0101472 0.229044
1207 0.000367278 0.0172246 0.281025
1208 0.00587023 0.00976897 0.239306
1209 0.000366852 0.0168153 0.29052
1210 0.0056911 0.0093901 0.255254
1211 0.000357407 0.0163968 0.299946
1212 0.00548615 0.00900184 0.275501
1213 0.000357407 0.0159841 0.308906
1214 0.000357407 0.0155714 0.317586
1215 0.000357407 0.0151587 0.325996
1216 0.000357407 0.014746 0.334148
1217 0.00480506 0.00918885 0.314842
1218 0.000357407 0.0143333 0.342053
1219 0.00442701 0.00936238 0.33019
1220 0.000357407 0.0139206 0.349725
1221 0.00403165 0.00954067 0.344184
1222 0.000357407 0.0135079 0.357175
1223 0.00362214 0.00970284 0.356976
1224 0.000357407 0.0130952 0.364414
1225 0.00321214 0.0098469 0.368148
1226 0.000357407 0.0126825 0.371453
1227 0.00279684 0.00997264 0.377951
1228 0.000357407 0.0122698 0.378301
1229 0.00237766 0.0100803 0.386374
1230 0.000357407 0.0118571 0.384969
1231 0.00194713 0.0101729 0.39352
1232 0.000368665 0.0114358 0.391553
1233 0.00151016 0.0102589 0.399125
1234 0.000390288 0.0110129 0.397933
1235 0.00106732 0.0103216 0.403396
1236 0.000351322 0.0106168 0.403996
1237 0.000647325 0.0103222 0.406748
1238 0.000289146 0.0102773 0.409118
1239 0.0003071 0.017939 0.263903
1240 0.00510526 0.00899156 0.301831
1241 0.00406955 0.0162792 0.238103
1242 0.00433623 0.0160125 0.234593
1243 0.00457727 0.0157226 0.231596
1244 0.00479859 0.015419 0.228803
1245 0.00379188 0.0165271 0.241505
1246 0.00500824 0.0151089 0.225848
1247 0.00349671 0.0167624 0.24482
1248 0.00520102 0.0147903 0.223002
1249 0.00318393 0.016974 0.248218
1250 0.00537392 0.0144578 0.220538
1251 0.00285897 0.0171595 0.251561
1252 0.00551845 0.0141117 0.218879
1253 0.00252462 0.0173291 0.254521
1254 0.00563639 0.013761 0.217929
1255 0.00217755 0.0174763 0.25727
1256 0.00573594 0.0134002 0.217441
1257 0.00182924 0.0176035 0.259526
1258 0.00581027 0.0130337 0.217755
1259 0.00144694 0.0176873 0.262248
1260 0.00586515 0.0126662 0.218622
1261 0.00106472 0.0177604 0.264137
1262 0.00589642 0.0122915 0.220383
1263 0.000689106 0.0178552 0.264355
1264 0.00590246 0.0119168 0.223171
1265 0.00588735 0.0115473 0.226861
1266 0.00585027 0.0111705 0.231717
1267 0.00578118 0.0107985 0.238447
1268 0.00569141 0.0104311 0.246651
1269 0.000737183 0.0174623 0.273671
1270 0.00557451 0.0100681 0.257047
1271 0.000749215 0.0170421 0.283507
1272 0.00549657 0.00970923 0.265607
1273 0.000728937 0.0166139 0.293385
1274 0.00522736 0.00942167 0.287165
1275 0.000716185 0.0161905 0.302796
1276 0.000716185 0.0157778 0.311597
1277 0.000716185 0.0153651 0.320122
1278 0.000716185 0.0149524 0.328381
1279 0.000716185 0.0145397 0.336389
1280 0.00478645 0.00961738 0.309095
1281 0.000716185 0.014127 0.344156
1282 0.00437457 0.0097891 0.326191
1283 0.000716185 0.0137143 0.351696
1284 0.00396319 0.00996727 0.340666
1285 0.000716185 0.0133016 0.35902
1286 0.00354324 0.0101194 0.353683
1287 0.000716185 0.0128889 0.36614
1288 0.00311299 0.0102652 0.365094
1289 0.000716185 0.0124762 0.373068
1290 0.00267467 0.0103828 0.375161
1291 0.000716185 0.0120635 0.379806
1292 0.00223881 0.0104911 0.383399
1293 0.000713739 0.0116473 0.386433
1294 0.00179 0.0105933 0.390124
1295 0.00075081 0.011221 0.392796
1296 0.00132697 0.0106759 0.395467
1297 0.000818229 0.0107521 0.39938
1298 0.00395002 0.0158978 0.249226
1299 0.00368978 0.0161304 0.252456
1300 0.00418854 0.0156302 0.246624
1301 0.00439765 0.0153432 0.244688
1302 0.00459794 0.015048 0.242566
1303 0.00342921 0.0163586 0.255041
1304 0.00479102 0.0147542 0.240055
1305 0.00314075 0.0165806 0.257727
1306 0.00496312 0.0144695 0.237624
1307 0.00283419 0.0167573 0.260988
1308 0.0051292 0.0141452 0.235451
1309 0.00251258 0.016922 0.26397
1310 0.00523421 0.0138176 0.235441
1311 0.00219782 0.0170728 0.266256
1312 0.0053366 0.0134893 0.23513
1313 0.00186665 0.0171954 0.268591
1314 0.0054213 0.0131416 0.23541
1315 0.00156676 0.0173353 0.269241
1316 0.00547274 0.0128001 0.236863
1317 0.00116374 0.0173052 0.274247
1318 0.00552833 0.0124538 0.237835
1319 0.00554159 0.0120973 0.240725
1320 0.0055277 0.0117514 0.244784
1321 0.00551939 0.0114045 0.248462
1322 0.00546209 0.0110395 0.254961
1323 0.00538395 0.0106989 0.262612
1324 0.00529973 0.0103424 0.271097
1325 0.00514269 0.00991297 0.285382
1326 0.0011068 0.01683 0.285728
1327 0.00108681 0.0164089 0.295314
1328 0.00107496 0.0159841 0.304604
1329 0.00107496 0.0155714 0.313235
1330 0.00107496 0.0151587 0.321594
1331 0.00107496 0.014746 0.329692
1332 0.00107496 0.0143333 0.337543
1333 0.00469931 0.0100326 0.30754
1334 0.00107496 0.0139206 0.345162
1335 0.00429378 0.0102225 0.323516
1336 0.00107496 0.0135079 0.352561
1337 0.00387972 0.0103995 0.33767
1338 0.00107496 0.0130952 0.359751
1339 0.00344262 0.0105549 0.35077
1340 0.00107496 0.0126825 0.366745
1341 0.00299793 0.0106895 0.36224
1342 0.00108344 0.0122528 0.373748
1343 0.0025489 0.0108058 0.372027
1344 0.00108962 0.0118261 0.380526
1345 0.00209381 0.0109167 0.380027
1346 0.00103793 0.0114583 0.386751
1347 0.00163151 0.0110288 0.386145
1348 0.0011777 0.0110972 0.390888
1349 0.00357186 0.0157434 0.263391
1350 0.00384659 0.0155557 0.258823
1351 0.00331704 0.0159647 0.265979
1352 0.00400586 0.0152628 0.259259
1353 0.00419255 0.0149703 0.258239
1354 0.00438899 0.0146812 0.256236
1355 0.00310866 0.0162305 0.26578
1356 0.0045829 0.0143938 0.253679
1357 0.00279494 0.0163531 0.270482
1358 0.00479633 0.0141707 0.248757
1359 0.00248383 0.0165238 0.273251
1360 0.0048471 0.0138666 0.251171
1361 0.00216393 0.0166867 0.275467
1362 0.004929 0.0135387 0.252351
1363 0.00182831 0.0168359 0.277341
1364 0.00508338 0.013244 0.24954
1365 0.00149673 0.0169788 0.278366
1366 0.00506574 0.0129159 0.254489
1367 0.00513742 0.0125835 0.255229
1368 0.00522938 0.012262 0.254543
1369 0.00515067 0.0119423 0.261934
1370 0.00515729 0.0115958 0.265408
1371 0.00521139 0.011267 0.266151
1372 0.00506931 0.010966 0.276872
1373 0.00498418 0.0106228 0.285274
1374 0.0049495 0.0102763 0.291299
1375 0.00145838 0.0166203 0.286901
1376 0.00144126 0.0162123 0.296031
1377 0.00143374 0.0157778 0.30532
1378 0.00143374 0.0153651 0.313769
1379 0.00144326 0.0149554 0.321773
1380 0.00143374 0.0145397 0.32987
1381 0.00143374 0.014127 0.337556
1382 0.00462187 0.0104664 0.305305
1383 0.00143374 0.0137143 0.345017
1384 0.00423461 0.0106725 0.319748
1385 0.00143374 0.0133016 0.352266
1386 0.00378968 0.0108402 0.33475
1387 0.00143374 0.0128889 0.359313
1388 0.00333625 0.0109923 0.347853
1389 0.00143603 0.0124617 0.366385
1390 0.00287645 0.0111236 0.359184
1391 0.00145741 0.012013 0.373369
1392 0.00241023 0.0112399 0.368735
1393 0.00145663 0.0115055 0.381374
1394 0.00194546 0.0113596 0.376104
1395 0.00319542 0.0155754 0.276767
1396 0.00353304 0.0152763 0.273367
1397 0.00287469 0.0159143 0.277807
1398 0.00377325 0.0149073 0.272879
1399 0.00399077 0.0145731 0.271718
1400 0.00447255 0.0139867 0.264107
1401 0.00246938 0.0161163 0.282174
1402 0.00213811 0.016276 0.284806
1403 0.00468145 0.0131495 0.268004
1404 0.00480751 0.0122338 0.274513
1405 0.00479388 0.0117731 0.280766
1406 0.00485096 0.0113313 0.283421
1407 0.0046247 0.0109448 0.298983
1408 0.00178732 0.0160292 0.295492
1409 0.00181647 0.0155857 0.304275
1410 0.00183114 0.0151695 0.312374
1411 0.00180455 0.0147495 0.320896
1412 0.00179252 0.0143333 0.32888
1413 0.00179252 0.0139206 0.336392
1414 0.00179252 0.0135079 0.343688
1415 0.00414831 0.0111212 0.317142
1416 0.00179252 0.0130952 0.35078
1417 0.00368812 0.0112918 0.33193
1418 0.00178021 0.0126852 0.357827
1419 0.00321967 0.0114395 0.344874
1420 0.0017958 0.0122649 0.364438
1421 0.00274558 0.0115666 0.35594
1422 0.0018509 0.0118179 0.370635
1423 0.00228569 0.0116836 0.364646
1424 0.00452366 0.0135846 0.268139
1425 0.00180605 0.0164601 0.285981
1426 0.00472017 0.0126783 0.272637
1427 0.00306497 0.0151751 0.287699
1428 0.00274299 0.015462 0.289749
1429 0.00335192 0.0148513 0.286143
1430 0.00249501 0.0157437 0.28928
1431 0.00358981 0.0144987 0.285544
1432 0.00212893 0.0158456 0.293981
1433 0.00440838 0.0119331 0.295505
1434 0.00447539 0.0114349 0.299222
1435 0.0022637 0.015387 0.300929
1436 0.00219623 0.0149482 0.310655
1437 0.00215826 0.0145322 0.319166
1438 0.0021513 0.014127 0.326694
1439 0.00214538 0.0137108 0.33419
1440 0.00215471 0.0132878 0.341316
1441 0.00404805 0.0115941 0.314506
1442 0.00216019 0.0128626 0.348336
1443 0.00358231 0.0117516 0.328885
1444 0.00209022 0.0124947 0.355636
1445 0.00310718 0.0118946 0.341351
1446 0.00220401 0.0121314 0.359308
1447 0.00263559 0.0120299 0.351534
1448 0.00380467 0.0141416 0.284941
1449 0.00407377 0.0137501 0.282285
1450 0.00419239 0.0132556 0.285504
1451 0.00429251 0.0128215 0.28799
1452 0.00434727 0.0123707 0.292118
1453 0.00293188 0.0147988 0.297933
1454 0.00261253 0.0150858 0.299836
1455 0.00319368 0.0144484 0.297573
1456 0.00396101 0.0120603 0.311212
1457 0.00251809 0.0147203 0.308695
1458 0.00250353 0.0143071 0.316563
1459 0.00249465 0.013921 0.323608
1460 0.00249323 0.0135051 0.330824
1461 0.00253093 0.0130536 0.337587
1462 0.00250693 0.0125237 0.346771
1463 0.00349347 0.0121994 0.325172
1464 0.00301029 0.0123613 0.336913
1465 0.00337239 0.0141014 0.298698
1466 0.00358469 0.013715 0.29883
1467 0.00374917 0.0133219 0.299858
1468 0.00383442 0.012902 0.303407
1469 0.00390123 0.0125018 0.307012
1470 0.00281061 0.0144749 0.306685
1471 0.00289675 0.014109 0.311175
1472 0.00278369 0.0137253 0.32046
1473 0.00287246 0.0133539 0.324576
1474 0.00294943 0.0128701 0.330538
1475 0.00420827 0.014244 0.269732
