1 6.12323e-19 -0.01 0.355277
2 4.08216e-19 0.00533333 0.565419
3 6.12323e-19 0.01 0.503688
4 4.08216e-19 0.0186667 0.293898
5 0.0058742 0.0151525 0.194
6 0.00956943 -0.00290274 0.186954
7 0.00555552 0.00831481 0.350417
8 0 0.000747396 0.586529
9 0 -0.0046263 0.521884
10 0.0098775 0.00156044 0.19772
11 0.00821088 0.00570802 0.284317
12 0.0031525 0.0061258 0.475181
13 0.00412751 -0.00910844 0.299764
14 0.00751815 -0.00659374 0.235606
15 0.00311483 0.00950252 0.43081
16 0.00342255 0.0177211 0.242349
17 0.00665834 0.011667 0.201683
18 0 0.0145989 0.405495
19 0.005398 0.00590236 0.39654
20 0.00486745 -0.00265523 0.425555
21 0.00455115 0.002859 0.460304
22 0.003056 0.0131973 0.360103
