1 0 0.0458831 8.46046
2 0.018 0.0087178 13.8041
3 0 0.0087178 94.9278
4 1.22465e-18 -0.02 3.28801
5 1.22465e-18 0.02 139.63
6 0.0169463 -0.0106218 27.6901
7 0.017561 0.00962427 26.1622
8 0.017122 0.0105307 30.1539
9 0.0166829 0.0114372 32.6918
10 0.0162439 0.0123437 31.4914
11 0.0158049 0.0132502 29.4695
12 0.0153659 0.0141566 27.4984
13 0.0149268 0.0150631 25.5772
14 0.0144878 0.0159696 23.7904
15 0.0140488 0.016876 22.211
16 0.0136098 0.0177825 20.7922
17 0.0131707 0.018689 19.9291
18 0.0127317 0.0195955 19.2379
19 0.0122927 0.0205019 18.6551
20 0.0118537 0.0214084 18.1208
21 0.0114146 0.0223149 17.599
22 0.0109756 0.0232213 17.1311
23 0.0105366 0.0241278 16.7545
24 0.0100976 0.0250343 16.4714
25 0.00965854 0.0259408 16.2265
26 0.00921951 0.0268472 15.8991
27 0.00878049 0.0277537 15.412
28 0.00834146 0.0286602 14.7691
29 0.00790244 0.0295667 14.0289
30 0.00746341 0.0304731 13.2622
31 0.00702439 0.0313796 12.5193
32 0.00658537 0.0322861 11.8296
33 0.00614634 0.0331925 11.2092
34 0.00570732 0.034099 10.6426
35 0.00526829 0.0350055 10.15
36 0.00482927 0.035912 9.71075
37 0.00439024 0.0368184 9.33475
38 0.00395122 0.0377249 8.99839
39 0.0035122 0.0386314 8.71035
40 0.00307317 0.0395378 8.48795
41 0.00263415 0.0404443 8.30852
42 0.00219512 0.0413508 8.16908
43 0.0017561 0.0422573 8.09955
44 0.00131707 0.0431637 8.05153
45 0.000878049 0.0440702 8.13462
46 0.000439024 0.0449767 8.25712
47 0.0010178 0.0199741 132.704
48 0.00203262 0.0198964 121.501
49 0.00304203 0.0197673 110.742
50 0.00404362 0.019587 103.856
51 0.00503497 0.0193559 102.836
52 0.00601346 0.0190745 103.136
53 0.00697619 0.0187439 98.5721
54 0.00792062 0.0183647 93.5195
55 0.0088445 0.0179381 96.055
56 0.00974561 0.0174649 93.2198
57 0.0106218 0.0169463 81.3193
58 0.0114704 0.0163838 70.8264
59 0.012289 0.0157791 64.3117
60 0.0130758 0.0151336 60.1708
61 0.0138286 0.0144488 57.0915
62 0.0145459 0.0137265 53.5806
63 0.0152256 0.0129685 49.7512
64 0.0158657 0.012177 46.0973
65 0.0164646 0.0113542 42.0003
66 0.0170208 0.010502 34.0617
67 0.017533 0.00962252 27.0891
68 0 0.0448876 8.25709
69 0 0.0438921 8.09589
70 0 0.0428966 7.93871
71 0 0.0419011 7.95498
72 0 0.0409056 8.09033
73 0 0.0399101 8.51156
74 0 0.0389146 9.20285
75 0 0.0379191 10.2588
76 0 0.0369236 11.7063
77 0 0.0359281 13.5978
78 0 0.0349326 16.0148
79 0 0.0339371 19.0226
80 0 0.0329416 22.6742
81 0 0.0319461 27.0485
82 0 0.0309506 32.2379
83 0 0.0299551 38.3664
84 0 0.0289596 45.6089
85 0 0.027964 54.2166
86 0 0.0269685 64.5632
87 0 0.025973 77.1704
88 0 0.0249775 92.6033
89 0 0.023982 110.79
90 0 0.0229865 129.155
91 0 0.021991 138.679
92 0 0.0209955 138.62
93 0 0.0189743 141.772
94 0 0.0179487 146.44
95 0 0.016923 151.987
96 0 0.0158974 152.292
97 0 0.0148717 147.126
98 0 0.0138461 136.343
99 0 0.0128204 123.443
100 0 0.0117948 112.585
101 0 0.0107691 104.319
102 0 0.00974345 98.5965
103 0.001 0.0087178 92.7024
104 0.002 0.0087178 90.4536
105 0.003 0.0087178 87.6275
106 0.004 0.0087178 84.8851
107 0.005 0.0087178 84.4386
108 0.006 0.0087178 89.1517
109 0.007 0.0087178 102.386
110 0.008 0.0087178 134.018
111 0.009 0.0087178 142.061
112 0.01 0.0087178 151.852
113 0.011 0.0087178 158.541
114 0.012 0.0087178 161.113
115 0.013 0.0087178 159.208
116 0.014 0.0087178 152.533
117 0.015 0.0087178 143.571
118 0.016 0.0087178 105.11
119 0.017 0.0087178 57.6138
120 0.0174615 -0.00975173 26.5098
121 0.0179317 -0.00885747 25.3284
122 0.0183564 -0.00793989 24.1808
123 0.018734 -0.00700276 23.0792
124 0.0190639 -0.00604699 22.0386
125 0.0193452 -0.00507577 21.1518
126 0.0195768 -0.00409237 20.4052
127 0.0197586 -0.00309772 19.8107
128 0.0198899 -0.00209595 19.3867
129 0.0199704 -0.00108804 19.133
130 0.0199999 -7.73493e-05 19.048
131 0.0199782 0.000932748 19.1328
132 0.0199056 0.00194125 19.3846
133 0.0197821 0.00294401 19.7882
134 0.0196081 0.00394004 20.3204
135 0.0193839 0.00492599 20.9887
136 0.0191104 0.00589859 21.7726
137 0.0187878 0.00685689 22.9062
138 0.0184176 0.00779694 25.2553
139 0 0.00772753 93.2599
140 0 0.00673726 93.6464
141 0 0.00574699 95.6725
142 0 0.00475672 99.1047
143 0 0.00376645 103.825
144 0 0.00277618 109.73
145 0 0.00178592 115.999
146 0 0.000795647 116.152
147 0 -0.000194622 110.71
148 0 -0.00118489 106.941
149 0 -0.00217516 105.843
150 0 -0.00316543 107.297
151 0 -0.0041557 111.44
152 0 -0.00514597 118.482
153 0 -0.00613624 125.419
154 0 -0.0071265 128.868
155 0 -0.00811677 128.297
156 0 -0.00910704 123.295
157 0 -0.0100973 113.527
158 0 -0.0110876 101.469
159 0 -0.0120778 89.8863
160 0 -0.0130681 78.9447
161 0 -0.0140584 68.5743
162 0 -0.0150487 58.6992
163 0 -0.0160389 49.2155
164 0 -0.0170292 39.902
165 0 -0.0180195 30.1841
166 0 -0.0190097 18.5326
167 0.0010108 -0.0199744 18.4192
168 0.00201823 -0.0198979 18.927
169 0.00302129 -0.0197705 19.5244
170 0.00401584 -0.0195927 20.297
171 0.00500092 -0.0193647 21.3267
172 0.00597322 -0.0190872 22.704
173 0.00692951 -0.0187612 24.4445
174 0.00786884 -0.018387 26.3018
175 0.00878735 -0.0179661 27.8072
176 0.00968413 -0.0174991 28.9675
177 0.0105562 -0.0169873 30.1035
178 0.0114005 -0.0164325 31.0254
179 0.0122165 -0.0158353 32.0855
180 0.0130006 -0.0151982 33.2162
181 0.0137521 -0.0145217 32.9681
182 0.0144684 -0.0138081 32.1417
183 0.0151473 -0.0130599 31.1266
184 0.015788 -0.0122776 30.0165
185 0.0163878 -0.0114647 28.8622
186 0.00496798 0.023822 79.6634
187 0.00796542 0.0217547 72.2871
188 0.00409957 0.0233524 80.7347
189 0.0081702 0.0208733 74.0831
190 0.00101513 0.041376 7.78273
191 0.000823179 0.0423062 7.80822
192 0.000726626 0.0404373 8.00192
193 0.000995822 0.0395281 8.35544
194 0.000867025 0.0384182 9.26665
195 0.000970924 0.0374217 10.4035
196 0.000956271 0.0364417 11.9692
197 0.000880383 0.0354204 14.1597
198 0.000874488 0.0344174 16.8434
199 0.000889097 0.0334343 20.0496
200 0.00161359 0.0404591 8.01743
201 0.000862133 0.0324438 23.9822
202 0.00206863 0.0396109 8.33492
203 0.000862133 0.0314483 28.6495
204 0.00251092 0.0387124 8.76702
205 0.000862133 0.0304528 34.1381
206 0.00285133 0.0377907 9.36624
207 0.000862133 0.0294573 40.5922
208 0.00329246 0.0368927 10.0805
209 0.000862133 0.0284618 48.1713
210 0.00381299 0.0359943 10.813
211 0.000862133 0.0274663 57.136
212 0.00426126 0.0350764 11.7378
213 0.000862133 0.0264708 67.9266
214 0.00470278 0.034172 12.7974
215 0.000862133 0.0254753 81.3348
216 0.00511521 0.0332617 14.0786
217 0.000862133 0.0244798 98.9216
218 0.00558083 0.0323591 15.3444
219 0.000907698 0.0234609 124.275
220 0.00601985 0.0314526 16.8515
221 0.000971687 0.0224404 163.014
222 0.00645887 0.0305462 18.5243
223 0.000874021 0.0214865 144.492
224 0.0068979 0.0296397 20.3355
225 0.000719864 0.0206537 137.671
226 0.00733692 0.0287332 22.2221
227 0.00777595 0.0278267 24.0681
228 0.00160067 0.0207408 121.9
229 0.00821497 0.0269203 25.6948
230 0.0026272 0.0207168 107.281
231 0.008654 0.0260138 26.9375
232 0.00371696 0.020527 100.191
233 0.00909302 0.0251073 27.7577
234 0.0047571 0.0202696 101.787
235 0.00953205 0.0242009 28.3303
236 0.00576797 0.0199755 107.956
237 0.00997107 0.0232944 28.9799
238 0.00676453 0.0196594 103.818
239 0.0104101 0.0223879 29.8622
240 0.00775982 0.019296 89.2464
241 0.010823 0.0214602 31.5065
242 0.0087652 0.0188652 84.2686
243 0.0112601 0.020592 32.5094
244 0.00976476 0.0184017 78.3955
245 0.011652 0.0197001 34.396
246 0.010684 0.0178572 68.9915
247 0.0120528 0.0188501 35.8945
248 0.0116079 0.0173161 58.2445
249 0.0124765 0.0179184 38.0254
250 0.0127079 0.0168523 45.2545
251 0.0133503 0.0160524 43.8218
252 0.0139214 0.0153376 42.663
253 0.00165874 0.0388406 8.77218
254 0.00182423 0.0379657 9.50189
255 0.00206351 0.0369305 10.6847
256 0.00175817 0.0359008 12.6339
257 0.00171256 0.0348804 15.0072
258 0.00179993 0.033909 17.714
259 0.00178765 0.0329569 21.0141
260 0.00178294 0.031952 25.1957
261 0.00180306 0.0309683 29.9428
262 0.00172582 0.0299551 35.8494
263 0.00172582 0.0289596 42.429
264 0.00280039 0.0360582 11.6211
265 0.00172582 0.027964 49.997
266 0.00329614 0.0351725 12.8108
267 0.00172582 0.0269685 58.6422
268 0.00363298 0.0342434 14.4922
269 0.00172582 0.025973 68.5693
270 0.00404967 0.0333289 16.2998
271 0.00172582 0.0249775 79.8995
272 0.00453549 0.0324255 18.1355
273 0.00172582 0.023982 92.653
274 0.00501756 0.0315267 20.1432
275 0.00187004 0.0229538 103.095
276 0.00545658 0.0306203 22.5726
277 0.00205163 0.0218074 106.914
278 0.00589561 0.0297138 25.3013
279 0.00633463 0.0288073 28.309
280 0.00677365 0.0279009 31.5277
281 0.00721268 0.0269944 34.7962
282 0.0076517 0.0260879 37.7437
283 0.0033109 0.0215639 94.9757
284 0.00809073 0.0251814 39.944
285 0.00444665 0.0212788 96.1924
286 0.00852975 0.024275 41.1737
287 0.00550424 0.0209899 111.168
288 0.00896878 0.0233685 41.7307
289 0.00650057 0.0206689 119.989
290 0.0094078 0.022462 42.5172
291 0.00749475 0.0202877 89.4036
292 0.00981897 0.0215083 44.6062
293 0.00851684 0.0198894 76.5929
294 0.0102148 0.0205652 47.5113
295 0.00964392 0.019457 67.0079
296 0.0107118 0.0198335 47.1885
297 0.0108546 0.0189073 54.2968
298 0.0115296 0.0181682 50.7799
299 0.00244609 0.0352833 13.4436
300 0.0026386 0.0343982 15.4173
301 0.00285707 0.0334168 18.0466
302 0.00255162 0.0324643 21.9378
303 0.0028214 0.0315355 25.4395
304 0.00268268 0.0304304 31.2343
305 0.00262007 0.0294615 37.0051
306 0.00260374 0.0284509 43.7446
307 0.00263908 0.0274683 50.882
308 0.00258951 0.0264708 59.2041
309 0.00258951 0.0254753 68.0068
310 0.00347903 0.032454 20.3447
311 0.00258951 0.0244798 77.3275
312 0.00395691 0.0315971 22.7811
313 0.00252603 0.0235764 86.6653
314 0.00440976 0.0306882 25.7092
315 0.00303791 0.0227096 88.2862
316 0.00482263 0.029783 29.1865
317 0.00530087 0.0288821 32.8304
318 0.00577136 0.027975 37.0241
319 0.00621039 0.0270685 41.8697
320 0.00664941 0.026162 47.1276
321 0.00708843 0.0252556 52.1213
322 0.00413944 0.0223025 88.6485
323 0.00750498 0.0243294 56.4068
324 0.00525906 0.0220068 100.512
325 0.00790674 0.023397 58.847
326 0.00631549 0.0216989 157.63
327 0.00837587 0.022532 57.5462
328 0.00722386 0.0213097 94.1976
329 0.00884595 0.0216207 57.4554
330 0.00919348 0.0205917 61.3066
331 0.00349646 0.0308208 27.4325
332 0.0036637 0.0298666 32.0925
333 0.00334723 0.0289465 38.4671
334 0.00361687 0.0280091 44.0437
335 0.00350032 0.0269218 52.4206
336 0.0034532 0.025973 60.1633
337 0.00342873 0.0249371 68.8299
338 0.00339297 0.0238539 77.9235
339 0.00425767 0.0289312 36.0592
340 0.00472767 0.028065 40.5564
341 0.00520809 0.0271426 46.1285
342 0.00560195 0.0262396 53.0398
343 0.00608614 0.0253297 60.8111
344 0.00648445 0.0244294 69.9642
345 0.00507668 0.022951 89.2785
346 0.00687422 0.0234769 78.9498
347 0.00613086 0.0227007 114.812
348 0.00724713 0.0224235 84.4231
349 0.00430375 0.0272967 47.5564
350 0.00448042 0.0263461 54.9676
351 0.00417983 0.0254523 63.0998
352 0.0043688 0.0244873 71.4395
353 0.00504978 0.0254032 63.3245
354 0.00546812 0.0245533 73.573
355 0.00586426 0.0236489 89.7026
356 0.0052943 0.0138545 97.4442
357 0.00435235 0.0142234 107.337
358 0.0124651 0.0113512 139.1
359 0.00343592 0.0156616 146.77
360 0.0155 0.00958382 130.421
361 0.0145 0.00958382 138.451
362 0.0135 0.00958382 150.334
363 0.0164815 0.00957064 68.6798
364 0.0125 0.00958382 155.843
365 0.0115 0.00958382 156.467
366 0.0105 0.00958382 153.337
367 0.0095 0.00958382 147.473
368 0.0159342 0.0104307 81.1418
369 0.0085 0.00958382 142.378
370 0.0154119 0.0112438 78.5224
371 0.0075 0.00958382 118.226
372 0.0148417 0.0120199 77.3486
373 0.0065 0.00958382 96.6633
374 0.0141334 0.0127002 81.3305
375 0.0055 0.00958382 88.1633
376 0.0134959 0.0133713 81.3414
377 0.0045 0.00958382 86.3787
378 0.0128284 0.0140766 79.6002
379 0.00345459 0.00958374 88.5574
380 0.0120857 0.0147143 80.8478
381 0.00234942 0.00959124 92.0257
382 0.0113097 0.0153133 85.8127
383 0.00107953 0.00948033 94.691
384 0.010536 0.01588 96.7516
385 0.00971628 0.0163995 115.171
386 0.00888099 0.0168392 116.603
387 0.000759068 0.01035 99.5944
388 0.00797474 0.0172958 101.697
389 0.000896914 0.0112415 105.118
390 0.00712061 0.0176735 98.466
391 0.000888243 0.0123076 115.031
392 0.00620958 0.0180049 99.6974
393 0.000888243 0.0133332 128.182
394 0.00528244 0.0182867 101.603
395 0.000888243 0.0143589 148.309
396 0.00432642 0.0185299 105.822
397 0.000888243 0.0153846 156.041
398 0.00340927 0.018766 114.647
399 0.000893282 0.0163877 158.459
400 0.00239218 0.0188908 128.788
401 0.000897303 0.0173638 155.55
402 0.00131683 0.0189647 137.255
403 0.000806986 0.0182029 143.756
404 0.014955 0.0103949 111.704
405 0.0139445 0.0103983 137.096
406 0.012943 0.0104407 147.536
407 0.0119803 0.0104592 150.18
408 0.011 0.0104498 150.44
409 0.01 0.0104498 146.094
410 0.009 0.0104498 141.534
411 0.008 0.0104498 137.07
412 0.014422 0.0111555 106.407
413 0.007 0.0104498 106.031
414 0.0139748 0.0118781 102.514
415 0.006 0.0104498 93.1537
416 0.0131334 0.0123116 109.463
417 0.005 0.0104498 88.9776
418 0.0125518 0.0131059 99.6182
419 0.004 0.0104498 90.1699
420 0.0118912 0.0137582 96.5559
421 0.0029339 0.010432 94.0089
422 0.011168 0.0143167 99.2356
423 0.0017766 0.010491 97.9332
424 0.0104271 0.0148777 110.194
425 0.0096705 0.0153976 145.138
426 0.00887617 0.0158568 146.418
427 0.00803478 0.0162872 110.919
428 0.00720346 0.0166714 100.841
429 0.00178644 0.0117109 106.966
430 0.00636263 0.0170228 98.6859
431 0.00181028 0.0127822 118.118
432 0.00547797 0.0173139 100.169
433 0.00176753 0.0138461 132.563
434 0.00453448 0.0175354 106.193
435 0.00175386 0.0148382 150.607
436 0.00361084 0.0177725 118.705
437 0.0017721 0.0158511 157.419
438 0.00280631 0.018112 133.04
439 0.00180853 0.0168606 158.547
440 0.00184682 0.0179382 154.493
441 0.013375 0.0112462 135.872
442 0.0114834 0.0113396 141.607
443 0.0105089 0.0112855 142.532
444 0.00950392 0.0113111 130.861
445 0.00852631 0.0113603 127.559
446 0.0075 0.0113159 115.558
447 0.0065 0.0113159 99.0204
448 0.0055 0.0113159 92.1643
449 0.012051 0.0122104 121.011
450 0.0045 0.0113159 92.2956
451 0.0116876 0.0129246 110.946
452 0.00348133 0.011337 96.8756
453 0.0109882 0.0133368 112.143
454 0.00256237 0.0112533 100.897
455 0.0102692 0.0138817 119.141
456 0.00957104 0.0144176 145.415
457 0.00884557 0.014888 145.937
458 0.00805804 0.0152796 116.731
459 0.00725796 0.015671 103.656
460 0.00646411 0.0160322 98.8978
461 0.0028143 0.0122261 108.893
462 0.00564975 0.0163517 99.0695
463 0.0026575 0.0133163 124.701
464 0.00478529 0.0166169 104.376
465 0.00262576 0.0143068 146.529
466 0.00371749 0.0167255 123.825
467 0.00260622 0.0152826 153.585
468 0.00274947 0.0172213 151.195
469 0.00269146 0.0162616 155.105
470 0.0109832 0.0122486 125.047
471 0.0100369 0.011996 128.888
472 0.00910958 0.0123532 125.768
473 0.00801276 0.0122064 117.712
474 0.00700055 0.012124 105.138
475 0.00603082 0.0121678 95.8072
476 0.00500523 0.0122211 94.1773
477 0.00396289 0.0121959 99.6525
478 0.0101073 0.0128721 123.387
479 0.00935689 0.0134275 130.288
480 0.00881736 0.0140429 131.582
481 0.0080385 0.0142947 116.378
482 0.00725048 0.0146592 104.996
483 0.00648602 0.0150438 99.2429
484 0.00574155 0.0153851 98.4191
485 0.00499062 0.0156917 102.447
486 0.00352651 0.0138323 123.159
487 0.00425538 0.0159562 113.837
488 0.00346241 0.0147321 144.482
489 0.00349676 0.0129587 111.673
490 0.00830374 0.0132469 119.65
491 0.00658722 0.0129942 100.188
492 0.00563791 0.0130502 95.5863
493 0.00448496 0.0131897 100.211
494 0.00733419 0.0136862 106.692
495 0.0063594 0.013972 98.5178
496 0.00576263 0.0145691 97.9535
497 0.00505462 0.0147735 100.868
498 0.00744277 0.0128577 108.939
499 0.00427351 0.0151136 112.88
500 0.00839577 -0.00607441 138.348
501 0.00944881 -0.00389814 143.699
502 0.00966049 -0.00275325 144.192
503 0.00971921 -0.00170956 142.423
504 0.000883909 -0.0166035 43.9199
505 0.000871785 -0.0176206 35.1651
506 0.000876139 -0.0155781 53.261
507 0.000870885 -0.0186796 26.6696
508 0.000857598 -0.0145535 63.1101
509 0.000857598 -0.0135633 73.148
510 0.000857598 -0.012573 83.7145
511 0.000857598 -0.0115827 94.9058
512 0.00245458 -0.0189094 25.9025
513 0.000857598 -0.0105924 107.178
514 0.00333015 -0.018725 27.3374
515 0.000857598 -0.00960218 123.992
516 0.00428462 -0.0185344 28.7977
517 0.000857598 -0.00861191 131.166
518 0.00523187 -0.0183053 30.6498
519 0.000857598 -0.00762164 133.394
520 0.00616137 -0.0180392 33.0197
521 0.000857598 -0.00663137 131.571
522 0.00706041 -0.0177034 36.2557
523 0.000857598 -0.0056411 125.535
524 0.0079573 -0.0173157 39.7176
525 0.000857598 -0.00465083 111.619
526 0.00882318 -0.016903 42.3711
527 0.000857598 -0.00366056 106.05
528 0.00966864 -0.0164375 44.7644
529 0.000857598 -0.00267029 103.711
530 0.0104656 -0.0159253 47.6103
531 0.000857598 -0.00168003 103.388
532 0.0112646 -0.0153741 49.9646
533 0.000857598 -0.000689757 105.693
534 0.0120321 -0.014792 52.6729
535 0.000857598 0.000300512 112.719
536 0.0127411 -0.0141789 56.1007
537 0.000857598 0.00129078 129.642
538 0.0134734 -0.0134854 57.0119
539 0.000857598 0.00228105 113.352
540 0.0141232 -0.0128094 56.7798
541 0.000857598 0.00327132 105.454
542 0.0147459 -0.0120782 56.5521
543 0.000857598 0.00426159 100.067
544 0.0153411 -0.0113055 56.1377
545 0.000857598 0.00525186 95.8267
546 0.0158933 -0.0105391 55.1329
547 0.000888074 0.00626843 92.8134
548 0.0164 -0.00971919 54.6689
549 0.000812426 0.00721936 91.5922
550 0.0168614 -0.00886668 54.3772
551 0.000679641 0.00803722 92.0954
552 0.0173019 -0.00799002 53.3789
553 0.0176908 -0.00710677 52.3139
554 0.00149799 0.00789841 90.6667
555 0.0180167 -0.00622516 51.5212
556 0.00246816 0.00781882 88.4293
557 0.0183219 -0.00526391 50.4892
558 0.0035 0.00785177 85.0837
559 0.0185617 -0.00435781 49.5423
560 0.0045 0.00785177 82.463
561 0.0187496 -0.00341286 49.1394
562 0.0055 0.00785177 83.649
563 0.0188979 -0.00245382 48.6374
564 0.0065 0.00785177 91.3723
565 0.0190099 -0.0015157 47.8095
566 0.0075 0.00785177 108.491
567 0.0190571 -0.000554434 47.8366
568 0.0085 0.00785177 122.905
569 0.0190519 0.000409917 48.2014
570 0.0095 0.00785177 143.651
571 0.0190092 0.00137933 48.3261
572 0.0105 0.00785177 156.165
573 0.0189232 0.00233951 48.3968
574 0.0115 0.00785177 162.966
575 0.0187807 0.0032655 48.991
576 0.0125 0.00785177 164.491
577 0.0185716 0.00423989 49.8735
578 0.0135 0.00785177 161.354
579 0.0183162 0.00518339 50.6404
580 0.0145 0.00785177 154.348
581 0.0180284 0.00609365 51.4622
582 0.0155057 0.00782256 137.953
583 0.0177678 0.00698071 50.798
584 0.0164586 0.00786598 91.3426
585 0.0174338 0.0078937 49.3522
586 0.00167914 -0.0191182 24.2607
587 0.00176882 -0.0172069 39.2907
588 0.00176477 -0.0161528 48.6755
589 0.00171405 -0.0181976 31.1458
590 0.00172724 -0.0150929 58.7819
591 0.00171856 -0.0140584 69.4113
592 0.00171856 -0.0130681 80.3542
593 0.00171856 -0.0120778 92.2086
594 0.00171856 -0.0110876 105.544
595 0.00259243 -0.017921 33.7653
596 0.00171856 -0.0100973 123.321
597 0.00354706 -0.0177286 35.7951
598 0.00171856 -0.00910704 131.43
599 0.00452712 -0.0175656 37.6513
600 0.00171856 -0.00811677 134.727
601 0.00544539 -0.0173363 40.3565
602 0.00171856 -0.0071265 133.895
603 0.00630034 -0.017052 44.1123
604 0.00171856 -0.00613624 128.227
605 0.00715722 -0.0167093 49.0008
606 0.00171856 -0.00514597 113.837
607 0.00800546 -0.016329 54.011
608 0.00171856 -0.0041557 108.802
609 0.00881442 -0.015907 57.9885
610 0.00171856 -0.00316543 107.2
611 0.00960144 -0.0154448 61.5516
612 0.00171856 -0.00217516 105.349
613 0.0103758 -0.014927 66.186
614 0.00171856 -0.00118489 102.876
615 0.0111163 -0.0143918 69.6314
616 0.00171856 -0.000194622 102.644
617 0.011823 -0.0138237 74.2302
618 0.00171856 0.000795647 104.789
619 0.0125087 -0.0132002 81.7795
620 0.00171856 0.00178592 106.954
621 0.013167 -0.0125492 83.324
622 0.00171856 0.00277618 107.693
623 0.0137726 -0.0118718 84.0594
624 0.00171856 0.00376645 105.02
625 0.0143479 -0.0111535 84.8148
626 0.00171856 0.00475672 99.3423
627 0.0149016 -0.010419 84.7837
628 0.00172782 0.00576799 94.2565
629 0.0153931 -0.00967368 85.1318
630 0.00184411 0.00687272 90.9723
631 0.0158658 -0.00887117 85.5222
632 0.0162933 -0.00804017 86.0779
633 0.0166925 -0.00720151 85.9164
634 0.0170395 -0.00635811 85.8457
635 0.0173397 -0.00548113 85.7277
636 0.002976 0.00694492 87.8307
637 0.0175983 -0.00459161 85.1543
638 0.00398976 0.00693776 83.0335
639 0.0178001 -0.00370705 85.0274
640 0.005 0.00698575 80.4207
641 0.0179592 -0.00280647 85.0263
642 0.006 0.00698575 83.5378
643 0.0180841 -0.00189123 84.6297
644 0.007 0.00698575 93.8167
645 0.0181552 -0.00100079 84.6309
646 0.008 0.00698575 107.318
647 0.0181818 -7.00275e-05 84.8333
648 0.009 0.00698575 121.827
649 0.018159 0.000860635 85.2079
650 0.01 0.00698575 147.3
651 0.0180984 0.00177561 85.1646
652 0.011 0.00698575 160.977
653 0.0179901 0.0026787 85.12
654 0.012 0.00698575 166.602
655 0.0178229 0.00359359 84.9702
656 0.013 0.00698575 166.84
657 0.0175857 0.00450718 84.0027
658 0.014 0.00698575 162.492
659 0.0172719 0.00540877 85.6067
660 0.0149929 0.00699449 152.488
661 0.0169889 0.00628956 87.9099
662 0.0160602 0.00685158 120.034
663 0.0169376 0.00716099 79.0881
664 0.00273362 -0.0168373 43.3304
665 0.00257117 -0.0156622 54.4123
666 0.00257057 -0.0146122 65.4235
667 0.00258112 -0.0135936 77.1372
668 0.00257952 -0.012573 90.0746
669 0.00257952 -0.0115827 104.361
670 0.00257952 -0.0105924 122.904
671 0.00257952 -0.00960218 131.556
672 0.0038576 -0.0168303 44.3961
673 0.00257952 -0.00861191 135.862
674 0.00475875 -0.0165979 47.5591
675 0.00257952 -0.00762164 136.809
676 0.00558422 -0.0163406 51.4731
677 0.00257952 -0.00663137 134.555
678 0.00641347 -0.0160567 56.6807
679 0.00257952 -0.0056411 128.537
680 0.00723434 -0.0157315 63.3453
681 0.00257952 -0.00465083 115.696
682 0.00800987 -0.0153365 70.7593
683 0.00257952 -0.00366056 114.956
684 0.00875591 -0.0149229 75.6354
685 0.00257952 -0.00267029 125.863
686 0.00951699 -0.0144513 80.2376
687 0.00257952 -0.00168003 107.944
688 0.010236 -0.0139447 87.7159
689 0.00257952 -0.000689757 100.829
690 0.0109239 -0.013422 91.6099
691 0.00257952 0.000300512 100.164
692 0.0115909 -0.0128987 96.8
693 0.00257952 0.00129078 104.688
694 0.0122542 -0.0122723 113.538
695 0.00257952 0.00228105 114.47
696 0.0128126 -0.0116292 116.223
697 0.00257952 0.00327132 130.563
698 0.0133772 -0.0109624 117.666
699 0.00257952 0.00426159 109.465
700 0.0139267 -0.0102678 118.985
701 0.00262434 0.0052752 97.6596
702 0.0144247 -0.00954735 120.704
703 0.00252985 0.00616413 92.2403
704 0.0148728 -0.00882423 122.481
705 0.0153118 -0.00804937 124.18
706 0.0157039 -0.00724508 126.16
707 0.0160579 -0.00643993 127.953
708 0.0163904 -0.0056521 128.946
709 0.0166634 -0.0047896 130.589
710 0.00347843 0.00594233 87.8442
711 0.0168418 -0.00395176 132.875
712 0.00454133 0.00610003 80.0254
713 0.0170153 -0.00310217 134.08
714 0.00551397 0.00610272 78.3896
715 0.0171584 -0.0022304 135.008
716 0.0065 0.00611972 83.6963
717 0.0172462 -0.0013598 136.051
718 0.0075 0.00611972 94.4957
719 0.017291 -0.000507406 136.883
720 0.0085 0.00611972 107.769
721 0.0173037 0.000374333 137.277
722 0.0095 0.00611972 125.423
723 0.0172547 0.00126175 137.894
724 0.0105 0.00611972 154.095
725 0.0171737 0.00213144 137.867
726 0.0115 0.00611972 165.306
727 0.0170763 0.00298334 135.873
728 0.0125 0.00611972 169.468
729 0.016887 0.00387075 121.464
730 0.0135081 0.00611232 168.151
731 0.016593 0.00471052 121.594
732 0.0144781 0.00613509 161.754
733 0.0161648 0.00566896 138.177
734 0.0153678 0.0061948 148.305
735 0.00337341 -0.0160828 51.3476
736 0.00339316 -0.0151714 61.0817
737 0.00343068 -0.0141289 73.3987
738 0.00346155 -0.0131277 86.7463
739 0.00345818 -0.0120946 102.65
740 0.00344048 -0.0110876 122.188
741 0.00344048 -0.0100973 131.064
742 0.00344048 -0.00910704 135.87
743 0.00344048 -0.00811677 137.681
744 0.00493172 -0.0155867 58.9667
745 0.00344048 -0.0071265 136.932
746 0.00570849 -0.0153347 63.8487
747 0.00344048 -0.00613624 133.961
748 0.00649566 -0.0151105 69.9834
749 0.00344048 -0.00514597 129.31
750 0.00727138 -0.0147685 79.5489
751 0.00344048 -0.0041557 124.355
752 0.00796703 -0.0143589 90.6891
753 0.00344048 -0.00316543 107.774
754 0.00866653 -0.0139573 95.6297
755 0.00344048 -0.00217516 98.5053
756 0.00938511 -0.0134942 100.186
757 0.00344048 -0.00118489 92.2047
758 0.0100403 -0.0129673 115.388
759 0.00344048 -0.000194622 90.2494
760 0.0106946 -0.0124675 117.608
761 0.00344048 0.000795647 93.7356
762 0.011425 -0.0120584 118.167
763 0.00344565 0.00180855 104.855
764 0.0118727 -0.0113512 127.078
765 0.00341072 0.00278716 129.194
766 0.0124013 -0.0107181 131.012
767 0.00343873 0.00378776 105.948
768 0.0129629 -0.0100929 132.809
769 0.00345933 0.0048012 94.9794
770 0.0134642 -0.00939827 134.912
771 0.0138974 -0.00871176 137.111
772 0.0143424 -0.00802006 138.635
773 0.0147455 -0.00725733 140.604
774 0.0150697 -0.0064736 143.123
775 0.0153875 -0.00571304 144.827
776 0.0158302 -0.00500374 143.615
777 0.0158851 -0.00417089 148.033
778 0.0160442 -0.00335657 149.942
779 0.00504055 0.00519808 76.2286
780 0.0162296 -0.00253888 150.644
781 0.00600198 0.00522611 76.1264
782 0.0163329 -0.00169656 151.77
783 0.007 0.0052537 83.8202
784 0.016383 -0.00088419 152.785
785 0.008 0.0052537 95.946
786 0.0164289 -6.92493e-05 152.991
787 0.009 0.0052537 110.933
788 0.0164238 0.000787695 152.985
789 0.01 0.0052537 140.308
790 0.0163218 0.0016227 153.226
791 0.011 0.0052537 159.792
792 0.0162393 0.00243925 151.73
793 0.012 0.0052537 169.193
794 0.0162549 0.00326829 146.638
795 0.0130393 0.00523671 171.457
796 0.0158679 0.00398249 150.875
797 0.0140811 0.00523116 167.726
798 0.0157068 0.00478771 150.77
799 0.00416174 -0.015869 54.684
800 0.0042071 0.00529767 82.6353
801 0.0150917 0.00537029 157.418
802 0.00421405 -0.0148259 66.7446
803 0.00431703 -0.0137526 80.9131
804 0.00436053 -0.0126692 97.6704
805 0.00431636 -0.0116268 120.138
806 0.00430143 -0.0105924 129.451
807 0.00430143 -0.00960218 134.665
808 0.00430143 -0.00861191 136.823
809 0.00430143 -0.00762164 136.075
810 0.00504282 -0.0145143 72.0617
811 0.00430143 -0.00663137 132.237
812 0.00583944 -0.0143775 76.7486
813 0.00430143 -0.0056411 124.456
814 0.00663124 -0.0142793 83.3327
815 0.00430143 -0.00465083 108.425
816 0.00720594 -0.0138148 97.7983
817 0.00430143 -0.00366056 97.8141
818 0.00787774 -0.0133714 117.457
819 0.00430143 -0.00267029 88.3705
820 0.00861407 -0.0130987 117.218
821 0.00430143 -0.00168003 80.6023
822 0.0091425 -0.012522 121.984
823 0.00430143 -0.000689757 75.19
824 0.00987594 -0.0119612 128.206
825 0.00430143 0.000300512 73.3361
826 0.0107414 -0.0113373 131.502
827 0.00432179 0.00134369 75.1992
828 0.00431615 0.00236828 80.0289
829 0.0114048 -0.0105028 137.771
830 0.004162 0.00326847 87.3132
831 0.0120023 -0.00978847 141.738
832 0.00443728 0.00421762 80.355
833 0.0126301 -0.00931001 142.213
834 0.0129241 -0.00857872 146.227
835 0.0133499 -0.00790294 148.413
836 0.0138885 -0.00729924 148.598
837 0.0140957 -0.0065171 152.3
838 0.0144355 -0.00567181 154.722
839 0.0148869 -0.00470493 156.218
840 0.0150642 -0.00365426 159.351
841 0.0152411 -0.00274163 161.057
842 0.00548058 0.00429621 70.8124
843 0.0155599 -0.00201904 160.011
844 0.0065 0.00438767 74.3529
845 0.0154655 -0.00123538 162.72
846 0.00748916 0.00437075 85.0572
847 0.0155136 -0.000426451 163.357
848 0.0085 0.00438767 99.3789
849 0.0156899 0.000342976 161.926
850 0.0095 0.00438767 118.131
851 0.015481 0.00109989 163.838
852 0.0105 0.00438767 148.25
853 0.0153763 0.0020181 163.784
854 0.0115 0.00438767 165.567
855 0.0152641 0.00308532 162.775
856 0.0125278 0.00438017 172.292
857 0.0136024 0.00434489 172.099
858 0.0148063 0.00429358 164.53
859 0.00534344 -0.0133643 87.6561
860 0.00519359 -0.0121656 104.499
861 0.00514586 -0.0111276 123.385
862 0.00518024 -0.0101425 131.715
863 0.00517805 -0.00913565 135.46
864 0.00516239 -0.00811677 135.484
865 0.00516239 -0.0071265 131.948
866 0.00516239 -0.00613624 124.013
867 0.00516239 -0.00514597 106.918
868 0.00634528 -0.0134235 93.7021
869 0.00516239 -0.0041557 94.6706
870 0.00709854 -0.0127872 119.323
871 0.00516239 -0.00316543 83.5705
872 0.00804854 -0.0122234 128.932
873 0.00516239 -0.00217516 72.7297
874 0.00516239 -0.00118489 61.9747
875 0.00887751 -0.0115652 132.965
876 0.00516239 -0.000194622 52.5112
877 0.00968201 -0.010948 137.663
878 0.00517363 0.000844978 50.9847
879 0.0104 -0.0102631 141.795
880 0.00521718 0.00194754 58.0289
881 0.00513971 0.00318669 67.6243
882 0.0110781 -0.00951295 146.201
883 0.0118535 -0.00873109 149.874
884 0.0123788 -0.00776307 154.062
885 0.0130023 -0.00682315 157.081
886 0.0134019 -0.00581989 160.4
887 0.0137828 -0.004891 162.834
888 0.0140703 -0.00392872 165.156
889 0.0143012 -0.00294387 167.135
890 0.0145997 -0.00188178 168.196
891 0.00604077 0.00355921 66.1063
892 0.00695614 0.00346833 73.8626
893 0.0145965 -0.000777907 169.985
894 0.00797829 0.00349548 88.5616
895 0.0146826 0.000331928 170.376
896 0.009 0.00352165 105.387
897 0.01 0.00352165 125.588
898 0.0145514 0.00138869 170.998
899 0.011 0.00352165 157.753
900 0.0144124 0.0023799 171.017
901 0.012 0.0035357 170.28
902 0.0130248 0.00351376 174.004
903 0.0141061 0.00339365 171.471
904 0.00614254 -0.0124947 104.724
905 0.00606928 -0.0107479 129.748
906 0.00605969 -0.0096942 134.964
907 0.00604108 -0.00864205 135.986
908 0.00604123 -0.00763419 133.341
909 0.00602335 -0.00663137 127.45
910 0.00602335 -0.0056411 119.19
911 0.00602335 -0.00465083 100.289
912 0.00602335 -0.00366056 86.9538
913 0.00692093 -0.0115888 128.782
914 0.00602335 -0.00267029 74.3129
915 0.00786323 -0.0111298 135.875
916 0.00602335 -0.00168003 59.3444
917 0.00602335 -0.000689757 37.9037
918 0.0087178 -0.0105888 139.673
919 0.00599642 0.000310962 -0.412615
920 0.00940489 -0.00994435 143.934
921 0.00606213 0.00134198 37.3485
922 0.010064 -0.0092728 147.895
923 0.00622153 0.00254026 57.0432
924 0.0107256 -0.00855256 151.854
925 0.0113357 -0.00771424 155.889
926 0.0118692 -0.00683094 159.605
927 0.0123412 -0.00593105 162.827
928 0.0127291 -0.00503773 165.608
929 0.01306 -0.00413169 168.001
930 0.0133053 -0.00319686 170.136
931 0.0135174 -0.00225036 171.851
932 0.0136456 -0.00123963 173.258
933 0.00744365 0.00258798 77.089
934 0.0136979 -0.000209965 174.22
935 0.00848826 0.00263357 95.2102
936 0.0136918 0.000785622 174.636
937 0.0095 0.00265562 113.118
938 0.0105081 0.00264671 144.394
939 0.0136344 0.00172545 174.598
940 0.011498 0.00266899 165.447
941 0.0124559 0.00271977 173.219
942 0.0059084 -0.011625 119.821
943 0.0134281 0.00264821 174.481
944 0.00698148 -0.0103614 136.045
945 0.00689104 -0.00916369 137.663
946 0.00694025 -0.00814315 135.495
947 0.00690445 -0.00713005 127.627
948 0.00688431 -0.00613624 109.911
949 0.00688431 -0.00514597 102.936
950 0.00688893 -0.00416018 94.5767
951 0.00690131 -0.00317436 86.1291
952 0.00688431 -0.00217516 77.1012
953 0.00791846 -0.0102597 139.757
954 0.00690225 -0.00115109 68.3744
955 0.00689109 -0.000137995 60.6161
956 0.00845672 -0.0096429 143.191
957 0.00675322 0.000755434 53.3948
958 0.00904107 -0.00897971 146.889
959 0.00708389 0.00162965 66.3569
960 0.00974428 -0.00836996 150.752
961 0.0103198 -0.00761155 154.613
962 0.0108105 -0.00679835 158.323
963 0.0112787 -0.00595385 161.858
964 0.011699 -0.00512432 164.929
965 0.0120737 -0.00429886 167.598
966 0.0123469 -0.00341754 169.838
967 0.0125125 -0.00253041 171.624
968 0.0126488 -0.00161047 173.06
969 0.0127567 -0.00067612 174.106
970 0.00802383 0.00170915 86.0527
971 0.0127575 0.000314923 174.637
972 0.00901195 0.00179998 104.712
973 0.0127674 0.00121383 174.689
974 0.01 0.00178959 124.96
975 0.0110463 0.00174809 158.771
976 0.01203 0.00184309 170.941
977 0.0128591 0.00202752 174.552
978 0.00791262 -0.00870111 142.287
979 0.00782948 -0.00759618 139.463
980 0.0077275 -0.00660652 133.134
981 0.00769178 -0.00562205 123.809
982 0.00774971 -0.00466884 109.824
983 0.00778297 -0.00370158 101.904
984 0.00778939 -0.00269291 94.8748
985 0.00781023 -0.00164951 89.3642
986 0.00780092 -0.000564198 84.4954
987 0.00770403 0.000620719 79.5559
988 0.00874464 -0.00802286 146.84
989 0.00944552 -0.00753413 150.926
990 0.0097896 -0.00675669 153.562
991 0.0102266 -0.00592635 156.882
992 0.0106662 -0.00514429 160.365
993 0.0110814 -0.00436663 163.586
994 0.0115167 -0.00363405 166.702
995 0.0115644 -0.00277774 167.727
996 0.0116696 -0.00190524 168.78
997 0.0117827 -0.00099935 169.633
998 0.0120026 -0.000164253 171.122
999 0.00856661 0.00100174 96.8245
1000 0.0117015 0.000800041 168.73
1001 0.00945894 0.000924183 117.165
1002 0.0105295 0.000866933 149.439
1003 0.00759624 -0.00953916 140.439
1004 0.00872827 -0.00694105 145.506
1005 0.00859426 -0.005215 135.887
1006 0.00869073 -0.00432429 130.663
1007 0.00867983 -0.00324723 114.549
1008 0.00873771 -0.00219695 110.301
1009 0.0087419 -0.00114162 106.539
1010 0.00876181 -4.39678e-06 103.072
1011 0.00926005 -0.00598175 148.524
1012 0.00958453 -0.00499377 150.071
1013 0.0101935 -0.00437955 155.842
1014 0.00979794 -0.000717957 140.884
1015 0.0105508 -0.00334861 159.311
1016 0.010672 -0.00226434 159.695
1017 0.0107612 -0.00129504 159.541
1018 0.0109312 -0.000215747 159.925
1019 0.00989431 0.000172082 138.298
