1 1.53081e-18 -0.025 8.88004
2 1.02054e-18 0.0133333 5.08089
3 1.53081e-18 0.025 5.80455
4 1.02054e-18 0.0466667 8.95654
5 0.0146855 0.0378813 9.15452
6 0.0239236 -0.00725686 9.16999
7 0.0138888 0.020787 8.41567
8 0 0.0123246 5.04672
9 0 0.0113158 5.01589
10 0 0.010307 4.99027
11 0 0.00929825 4.97025
12 0 0.00828947 4.95602
13 0 0.0072807 4.94764
14 0 0.00627193 4.94534
15 0 0.00526316 4.94934
16 0 0.00425439 4.95986
17 0 0.00324561 4.97711
18 0 0.00223684 5.00132
19 0 0.00122807 5.0327
20 0 0.000219298 5.07144
21 0 -0.000789474 5.11774
22 0 -0.00179825 5.17179
23 0 -0.00280702 5.23376
24 0 -0.00381579 5.30383
25 0 -0.00482456 5.38215
26 0 -0.00583333 5.46889
27 0 -0.00684211 5.56418
28 0 -0.00785088 5.66818
29 0 -0.00885965 5.78101
30 0 -0.00986842 5.9028
31 0 -0.0108772 6.03368
32 0 -0.011886 6.17375
33 0 -0.0128947 6.32314
34 0 -0.0139035 6.48195
35 0 -0.0149123 6.65028
36 0 -0.0159211 6.82823
37 0 -0.0169298 7.0159
38 0 -0.0179386 7.21338
39 0 -0.0189474 7.42076
40 0 -0.0199561 7.63811
41 0 -0.0209649 7.86549
42 0 -0.0219737 8.10291
43 0 -0.0229825 8.35049
44 0 -0.0239912 8.60713
45 0.0242021 -0.00626578 9.17649
46 0.0244395 -0.00526424 9.18205
47 0.0246355 -0.00425361 9.18674
48 0.0247897 -0.00323611 9.19042
49 0.0249019 -0.00221278 9.1931
50 0.0249718 -0.00118619 9.19471
51 0.0249995 -0.000157097 9.19537
52 0.0249848 0.00087165 9.19491
53 0.0249277 0.00189953 9.19341
54 0.0248285 0.0029235 9.19086
55 0.0246871 0.00394321 9.18735
56 0.0245039 0.00495548 9.18277
57 0.0242792 0.0059601 9.17712
58 0.0240134 0.00695385 9.17055
59 0.0237068 0.00793659 9.16306
60 0.0233602 0.0089051 9.15457
61 0.0229738 0.00985928 9.14513
62 0.0225487 0.010796 9.13483
63 0.0220852 0.0117152 9.1236
64 0.0215845 0.0126139 9.11143
65 0.0210469 0.0134918 9.09828
66 0.020474 0.0143463 9.08403
67 0.019866 0.015177 9.0685
68 0.0192247 0.0159816 9.05136
69 0.0185504 0.0167595 9.03214
70 0.0178451 0.0175087 9.00935
71 0.0171091 0.0182285 8.98119
72 0.0163444 0.0189172 8.94147
73 0.0155517 0.019574 8.88107
74 0.0147328 0.0201976 8.58559
75 0.0132954 0.0199496 7.90882
76 0.012652 0.0191509 7.51645
77 0.0119608 0.0183932 7.17358
78 0.0112237 0.017679 6.86218
79 0.010444 0.0170115 6.57922
80 0.00962535 0.0163937 6.3225
81 0.00877025 0.0158275 6.09075
82 0.00788126 0.0153145 5.88317
83 0.00696238 0.0148572 5.69969
84 0.00601781 0.0144577 5.54037
85 0.00505045 0.014117 5.40512
86 0.00406323 0.0138362 5.2938
87 0.00306059 0.0136168 5.20633
88 0.00204711 0.0134595 5.14304
89 0.00102588 0.0133649 5.10274
90 0.00102925 -0.0249788 8.88578
91 0.00205657 -0.0249153 8.88832
92 0.00308059 -0.0248095 8.89129
93 0.00409903 -0.0246617 8.8951
94 0.00511087 -0.024472 8.89986
95 0.00611357 -0.024241 8.90561
96 0.00710639 -0.0239687 8.91221
97 0.00808657 -0.023656 8.91973
98 0.00905363 -0.023303 8.92807
99 0.0100047 -0.0229108 8.93717
100 0.0109395 -0.0224795 8.94694
101 0.011855 -0.0220104 8.95737
102 0.0127511 -0.0215037 8.96842
103 0.0136249 -0.020961 8.97987
104 0.0144763 -0.0203822 8.99175
105 0.0153025 -0.0197695 9.00398
106 0.0161035 -0.0191227 9.01645
107 0.0168765 -0.0184441 9.02904
108 0.0176215 -0.0177336 9.04173
109 0.0183362 -0.0169937 9.05442
110 0.0190203 -0.0162244 9.06699
111 0.0196717 -0.0154281 9.07937
112 0.0202902 -0.0146051 9.0915
113 0.0208739 -0.0137579 9.10332
114 0.0214226 -0.0128869 9.11464
115 0.0219348 -0.0119944 9.12551
116 0.02241 -0.0110812 9.13581
117 0.022847 -0.0101495 9.14548
118 0.0232455 -0.00920029 9.15439
119 0.0236045 -0.00823564 9.16261
120 0 0.0240278 5.72541
121 0 0.0230556 5.64963
122 0 0.0220833 5.57626
123 0 0.0211111 5.50656
124 0 0.0201389 5.44061
125 0 0.0191667 5.37809
126 0 0.0181944 5.31909
127 0 0.0172222 5.26375
128 0 0.01625 5.21226
129 0 0.0152778 5.16423
130 0 0.0143056 5.11758
131 0.013062 0.0213163 7.92452
132 0.012215 0.0218127 7.57996
133 0.0113493 0.0222754 7.28635
134 0.010466 0.0227038 7.02993
135 0.00956666 0.0230972 6.80635
136 0.00865256 0.0234549 6.61077
137 0.00772513 0.0237765 6.44005
138 0.00678579 0.0240614 6.29214
139 0.00583599 0.0243093 6.16566
140 0.00487719 0.0245196 6.05961
141 0.00391085 0.0246922 5.97342
142 0.00293847 0.0248267 5.90641
143 0.00196153 0.0249229 5.85753
144 0.000981539 0.0249807 5.82451
145 0.0141871 0.0387466 9.14191
146 0.0136385 0.0395797 9.12848
147 0.0130403 0.0403792 9.1144
148 0.0123953 0.0411416 9.0999
149 0.0117065 0.0418632 9.08522
150 0.0109751 0.0425429 9.07052
151 0.0102042 0.0431777 9.05601
152 0.00939757 0.0437646 9.04198
153 0.00855639 0.0443027 9.02856
154 0.00768449 0.0447894 9.01598
155 0.00678593 0.0452226 9.00443
156 0.00586211 0.0456017 8.99403
157 0.00491725 0.0459248 8.98495
158 0.00395572 0.0461904 8.97732
159 0.00297903 0.0463983 8.97102
160 0.00199164 0.0465472 8.96643
161 0.000998112 0.0466368 8.96299
162 0.0144156 0.0216353 8.89854
163 0.0148902 0.0225127 9.04564
164 0.0153119 0.0234179 9.10353
165 0.0156786 0.0243467 9.13612
166 0.0159887 0.0252948 9.15965
167 0.0162418 0.0262608 9.17627
168 0.0164366 0.0272402 9.18806
169 0.0165722 0.0282285 9.19627
170 0.0166486 0.0292241 9.20147
171 0.0166652 0.0302225 9.20407
172 0.016622 0.0312191 9.20435
173 0.0165192 0.0322124 9.20244
174 0.016357 0.0331977 9.19854
175 0.0161364 0.0341706 9.19283
176 0.0158577 0.0351294 9.1854
177 0.0155221 0.0360699 9.17643
178 0.0151311 0.0369876 9.16609
179 0 0.0456349 8.72732
180 0 0.0446032 8.51308
181 0 0.0435714 8.30579
182 0 0.0425397 8.10702
183 0 0.0415079 7.91677
184 0 0.0404762 7.73476
185 0 0.0394444 7.56068
186 0 0.0384127 7.39428
187 0 0.037381 7.23528
188 0 0.0363492 7.08341
189 0 0.0353175 6.93838
190 0 0.0342857 6.79993
191 0 0.033254 6.66776
192 0 0.0322222 6.54161
193 0 0.0311905 6.42119
194 0 0.0301587 6.30624
195 0 0.029127 6.19649
196 0 0.0280952 6.09168
197 0 0.0270635 5.99193
198 0 0.0260317 5.89579
199 0.0146501 0.0183596 8.20738
200 0.0055052 0.00896364 5.27232
201 0.0069131 -0.0156864 7.09451
202 0.0133947 0.0122628 6.94233
203 0.0130588 0.00179136 6.34717
204 0.00347948 -0.0238314 8.64901
205 0.00444024 -0.0236385 8.64457
206 0.00245972 -0.023913 8.63366
207 0.00540393 -0.0234172 8.6445
208 0.00135565 -0.0240068 8.63181
209 0.00640206 -0.0231739 8.65307
210 0.00732191 -0.0229102 8.6621
211 0.00824737 -0.0225878 8.66805
212 0.00917079 -0.0222127 8.67238
213 0.000909821 -0.0224058 8.21935
214 0.0101176 -0.021814 8.68552
215 0.000883368 -0.0214446 7.9883
216 0.0109834 -0.0214032 8.69758
217 0.000873622 -0.0204605 7.76161
218 0.0118181 -0.020952 8.70675
219 0.000873622 -0.0194518 7.53925
220 0.0126893 -0.0204074 8.71126
221 0.000873622 -0.018443 7.3269
222 0.0135607 -0.0198634 8.72803
223 0.000873622 -0.0174342 7.12451
224 0.0143428 -0.0193201 8.74188
225 0.000873622 -0.0164254 6.93199
226 0.0150908 -0.0187261 8.74978
227 0.000873622 -0.0154167 6.74924
228 0.0158644 -0.0180501 8.75687
229 0.000873622 -0.0144079 6.57617
230 0.0166027 -0.0173889 8.77179
231 0.000873622 -0.0133991 6.41267
232 0.0173094 -0.0167004 8.78641
233 0.000873622 -0.0123904 6.25864
234 0.017954 -0.0159946 8.79588
235 0.000873622 -0.0113816 6.11399
236 0.0186104 -0.0152043 8.8043
237 0.000873622 -0.0103728 5.97861
238 0.0192311 -0.014437 8.81995
239 0.000873622 -0.00936404 5.85237
240 0.0198128 -0.01364 8.83299
241 0.000873622 -0.00835526 5.73516
242 0.0203306 -0.0128315 8.83997
243 0.000873622 -0.00734649 5.62686
244 0.0208532 -0.011947 8.84846
245 0.000873622 -0.00633772 5.52734
246 0.0213383 -0.0110939 8.86291
247 0.000873622 -0.00532895 5.43646
248 0.0217821 -0.0102181 8.87484
249 0.000873622 -0.00432018 5.35407
250 0.0221563 -0.0093197 8.87692
251 0.000873622 -0.0033114 5.28003
252 0.0225338 -0.00836411 8.88502
253 0.000873622 -0.00230263 5.21418
254 0.0228714 -0.00745958 8.89794
255 0.000873622 -0.00129386 5.15635
256 0.0231501 -0.00651592 8.90221
257 0.000873622 -0.000285088 5.10637
258 0.0233797 -0.0055534 8.90235
259 0.000873622 0.000723684 5.06405
260 0.0235982 -0.00454277 8.90758
261 0.000873622 0.00173246 5.0292
262 0.0237801 -0.00357902 8.91592
263 0.000873622 0.00274123 5.00164
264 0.0239087 -0.00259954 8.91918
265 0.000873622 0.00375 4.98114
266 0.0239776 -0.00162617 8.91621
267 0.000873622 0.00475877 4.9675
268 0.0240345 -0.000600389 8.9197
269 0.000873622 0.00576754 4.96049
270 0.0240512 0.000355855 8.92287
271 0.000873622 0.00677632 4.9599
272 0.0240075 0.00134096 8.91919
273 0.000873622 0.00778509 4.9655
274 0.0239184 0.00232813 8.91317
275 0.000873622 0.00879386 4.97705
276 0.0238117 0.00334993 8.914
277 0.000902419 0.00980587 4.99526
278 0.0236701 0.00429779 8.91296
279 0.000894757 0.0108076 5.01796
280 0.0234803 0.00522743 8.9074
281 0.000851534 0.0118044 5.04489
282 0.0232121 0.00621916 8.89396
283 0.000728134 0.0126616 5.07031
284 0.0229445 0.00721103 8.89206
285 0.0226443 0.00811331 8.88482
286 0.00167718 0.0124832 5.09088
287 0.0223003 0.00900534 8.87463
288 0.00276293 0.0127287 5.15273
289 0.0218779 0.00994186 8.85827
290 0.00376475 0.012905 5.22989
291 0.0214596 0.0108403 8.8498
292 0.00478998 0.0131723 5.33492
293 0.0210058 0.0117165 8.83988
294 0.00581694 0.0134902 5.46697
295 0.0205175 0.0125382 8.82399
296 0.00681156 0.0138813 5.62405
297 0.0199518 0.0133957 8.80338
298 0.00778922 0.0143176 5.80749
299 0.0193935 0.0142143 8.78916
300 0.00873768 0.0148229 6.01774
301 0.0188001 0.0150018 8.77062
302 0.00965064 0.0153994 6.25515
303 0.0181805 0.0157306 8.74363
304 0.0105388 0.016022 6.52264
305 0.0174857 0.0164874 8.70928
306 0.0113852 0.0167067 6.82011
307 0.0168066 0.0172056 8.67547
308 0.0121952 0.0174396 7.15182
309 0.0160872 0.0178795 8.61816
310 0.0129972 0.0182598 7.54035
311 0.015448 0.0185261 8.55842
312 0.0139086 0.0193127 8.08683
313 0.000798377 -0.0232422 8.42609
314 0.014841 0.0192101 8.45056
315 0.00379823 -0.0228591 8.41608
316 0.00292096 -0.0231201 8.44632
317 0.00471443 -0.0226524 8.41151
318 0.00194068 -0.0229298 8.36854
319 0.00565901 -0.0224276 8.41496
320 0.00660224 -0.0221924 8.42686
321 0.00748702 -0.0219079 8.43291
322 0.00838946 -0.0215679 8.4379
323 0.00930077 -0.0211978 8.44786
324 0.00180763 -0.0219216 8.11874
325 0.010149 -0.0208131 8.45815
326 0.00171683 -0.020929 7.88356
327 0.0109781 -0.0203856 8.46664
328 0.00174888 -0.0199561 7.66516
329 0.0117847 -0.0199293 8.47588
330 0.00174888 -0.0189474 7.44784
331 0.0126564 -0.0193848 8.48624
332 0.00174888 -0.0179386 7.24057
333 0.0134233 -0.0188703 8.49818
334 0.00174888 -0.0169298 7.04326
335 0.0141723 -0.0183114 8.5081
336 0.00174888 -0.0159211 6.85576
337 0.0148953 -0.0177218 8.51753
338 0.00174888 -0.0149123 6.67799
339 0.0156376 -0.0170672 8.52843
340 0.00174888 -0.0139035 6.50986
341 0.0163368 -0.0164096 8.54158
342 0.00174888 -0.0128947 6.35127
343 0.0169851 -0.015739 8.55271
344 0.00174888 -0.011886 6.20211
345 0.0176015 -0.0150341 8.56142
346 0.00174888 -0.0108772 6.06228
347 0.0182277 -0.0142737 8.57349
348 0.00174888 -0.00986842 5.93167
349 0.0188049 -0.0135223 8.58682
350 0.00174888 -0.00885965 5.81018
351 0.0193305 -0.0127471 8.59511
352 0.00174888 -0.00785088 5.69766
353 0.01983 -0.0119391 8.60275
354 0.00174888 -0.00684211 5.59401
355 0.0203191 -0.0110961 8.61368
356 0.00174888 -0.00583333 5.49909
357 0.020762 -0.0102613 8.62464
358 0.00174888 -0.00482456 5.41276
359 0.0211532 -0.0094021 8.63004
360 0.00174888 -0.00381579 5.33487
361 0.021522 -0.00851675 8.63704
362 0.00174888 -0.00280702 5.26528
363 0.0218667 -0.00761572 8.64659
364 0.00174888 -0.00179825 5.20381
365 0.022149 -0.00674512 8.65219
366 0.00174888 -0.000789474 5.1503
367 0.0224034 -0.00581817 8.65593
368 0.00174888 0.000219298 5.10457
369 0.0226207 -0.0048604 8.65813
370 0.00174888 0.00122807 5.06643
371 0.022812 -0.00391174 8.66416
372 0.00174888 0.00223684 5.0357
373 0.0229623 -0.00297978 8.66973
374 0.00174888 0.00324561 5.01217
375 0.0230605 -0.00204196 8.67055
376 0.00174888 0.00425439 4.99561
377 0.0231201 -0.00107997 8.67009
378 0.00174888 0.00526316 4.98583
379 0.0231553 -0.000122937 8.67298
380 0.00174888 0.00627193 4.98258
381 0.0231455 0.000802405 8.67311
382 0.00174888 0.0072807 4.98563
383 0.0230809 0.00176193 8.66806
384 0.00174888 0.00828947 4.99475
385 0.0229849 0.00274711 8.66504
386 0.00180333 0.00930199 5.01191
387 0.022865 0.00367151 8.66371
388 0.00183565 0.0103175 5.03413
389 0.0226938 0.0045869 8.65736
390 0.00176343 0.0113216 5.0576
391 0.022492 0.00549228 8.65147
392 0.022224 0.00648454 8.64307
393 0.0219543 0.00736774 8.63688
394 0.0216451 0.00824151 8.62857
395 0.0212824 0.00910981 8.61493
396 0.00342236 0.0119196 5.16788
397 0.0208715 0.0100102 8.60166
398 0.00447659 0.0121734 5.2642
399 0.0204452 0.0108701 8.58992
400 0.00556224 0.0124747 5.39118
401 0.0199916 0.0116852 8.575
402 0.00662918 0.0128414 5.5463
403 0.019496 0.0124796 8.5554
404 0.00766905 0.0132726 5.72923
405 0.0189457 0.0133026 8.53459
406 0.00868385 0.013759 5.94058
407 0.0183838 0.0140783 8.51212
408 0.0096652 0.0143329 6.18246
409 0.0177999 0.0148034 8.48259
410 0.0106105 0.01497 6.45508
411 0.0171468 0.0155247 8.43887
412 0.0115259 0.0156467 6.76074
413 0.0165027 0.0162337 8.39588
414 0.0123856 0.0163737 7.09567
415 0.0158427 0.0169183 8.33796
416 0.013173 0.0171579 7.45801
417 0.0150085 0.0175497 8.18863
418 0.0139248 0.0179389 7.85605
419 0.00290341 -0.0221711 8.21049
420 0.0039937 -0.0218912 8.18895
421 0.00494966 -0.0216603 8.18555
422 0.00589258 -0.021453 8.1982
423 0.00676169 -0.0212042 8.20616
424 0.00762397 -0.0209087 8.21251
425 0.00848815 -0.0205756 8.22041
426 0.00934441 -0.0202084 8.22999
427 0.0101561 -0.0198161 8.23893
428 0.00260214 -0.0204695 7.80312
429 0.0109538 -0.0193766 8.2456
430 0.00264141 -0.0194786 7.58589
431 0.0117516 -0.0189063 8.25565
432 0.00264125 -0.0184621 7.37192
433 0.0125329 -0.0183998 8.26589
434 0.00262415 -0.0174342 7.16534
435 0.0132747 -0.0178836 8.27801
436 0.00262415 -0.0164254 6.97314
437 0.0139873 -0.0173224 8.28619
438 0.00262415 -0.0154167 6.79074
439 0.0147001 -0.016717 8.29584
440 0.00262415 -0.0144079 6.61802
441 0.015379 -0.0160941 8.3062
442 0.00262415 -0.0133991 6.45491
443 0.0160213 -0.0154681 8.31871
444 0.00262415 -0.0123904 6.3013
445 0.016639 -0.0147948 8.32787
446 0.00262415 -0.0113816 6.1571
447 0.0172492 -0.0140732 8.33751
448 0.00262415 -0.0103728 6.0222
449 0.017817 -0.0133538 8.34856
450 0.00262415 -0.00936404 5.89649
451 0.0183391 -0.0126376 8.35948
452 0.00262415 -0.00835526 5.77985
453 0.0188387 -0.0118695 8.36742
454 0.00262415 -0.00734649 5.67217
455 0.0193135 -0.0110715 8.37542
456 0.00262415 -0.00633772 5.57331
457 0.0197557 -0.0102614 8.38398
458 0.00262415 -0.00532895 5.48315
459 0.0201494 -0.00946907 8.39215
460 0.00262415 -0.00432018 5.40153
461 0.0205227 -0.00863011 8.39959
462 0.00262415 -0.0033114 5.32832
463 0.0208663 -0.00776315 8.40655
464 0.00262415 -0.00230263 5.26336
465 0.0211555 -0.00690164 8.4098
466 0.00262415 -0.00129386 5.20648
467 0.0214197 -0.0060451 8.41596
468 0.00262415 -0.000285088 5.15752
469 0.0216493 -0.00514165 8.41937
470 0.00262415 0.000723684 5.11628
471 0.0218492 -0.0042211 8.42371
472 0.00262415 0.00173246 5.08258
473 0.0220101 -0.00329789 8.42736
474 0.00262415 0.00274123 5.05622
475 0.022126 -0.00241753 8.42979
476 0.00262415 0.00375 5.03699
477 0.0222019 -0.00149763 8.4295
478 0.00262415 0.00475877 5.02467
479 0.0222585 -0.000579229 8.43328
480 0.00262415 0.00576754 5.01904
481 0.0222629 0.000325888 8.4323
482 0.00262415 0.00677632 5.01984
483 0.0222204 0.00123001 8.42762
484 0.00262415 0.00778509 5.02683
485 0.0221581 0.00214387 8.42671
486 0.00268838 0.00878169 5.04301
487 0.0220515 0.00307663 8.42372
488 0.00277668 0.00979751 5.06677
489 0.0219073 0.00396068 8.4182
490 0.00288763 0.0108817 5.09952
491 0.0217215 0.00485639 8.4109
492 0.0215035 0.00575757 8.40441
493 0.0212457 0.00665225 8.39633
494 0.0209669 0.00751198 8.3892
495 0.0206315 0.0083579 8.37487
496 0.0202643 0.00921466 8.3621
497 0.0041084 0.0111387 5.19562
498 0.0198652 0.0100454 8.34732
499 0.00526882 0.0114405 5.31803
500 0.0194527 0.0108416 8.33352
501 0.00640584 0.0117925 5.46958
502 0.0189874 0.011628 8.31292
503 0.00751556 0.0122052 5.65058
504 0.0184742 0.0124214 8.28871
505 0.00861726 0.0126586 5.86423
506 0.0179442 0.0131784 8.26202
507 0.00965365 0.013212 6.10433
508 0.0173946 0.0138944 8.22938
509 0.0106441 0.0138852 6.37749
510 0.0167764 0.0145957 8.17935
511 0.0116363 0.0145641 6.69015
512 0.016131 0.0152848 8.11875
513 0.0125967 0.0152798 7.03881
514 0.0155382 0.0159661 8.06487
515 0.0134176 0.0160531 7.39244
516 0.0149935 0.0166211 8.00909
517 0.0141509 0.0168653 7.76107
518 0.00248349 -0.0213312 7.99756
519 0.00337369 -0.021139 7.9844
520 0.00426475 -0.0208458 7.95804
521 0.00517741 -0.0206515 7.9661
522 0.00607936 -0.0204791 7.98856
523 0.00690795 -0.0202108 7.99344
524 0.00772816 -0.0199136 8.00033
525 0.00856269 -0.019586 8.01117
526 0.00936702 -0.0192071 8.01725
527 0.0101284 -0.0188116 8.02401
528 0.00351119 -0.0200869 7.75172
529 0.0109084 -0.0183772 8.03405
530 0.00355738 -0.0190196 7.52315
531 0.0116692 -0.017908 8.04394
532 0.00349941 -0.0179386 7.2986
533 0.0123894 -0.0174125 8.05204
534 0.00349941 -0.0169298 7.10176
535 0.0130764 -0.0169075 8.06206
536 0.00349941 -0.0159211 6.91476
537 0.0137791 -0.0163512 8.07384
538 0.00349941 -0.0149123 6.73752
539 0.0144464 -0.0157549 8.08189
540 0.00349941 -0.0139035 6.56993
541 0.0150756 -0.0151395 8.08908
542 0.00349941 -0.0128947 6.41192
543 0.0156719 -0.0145316 8.10014
544 0.00349941 -0.011886 6.26339
545 0.0162745 -0.0138705 8.11256
546 0.00349941 -0.0108772 6.12425
547 0.0168279 -0.0131755 8.1193
548 0.00349941 -0.00986842 5.99439
549 0.0173556 -0.012465 8.12745
550 0.00349941 -0.00885965 5.8737
551 0.0178394 -0.0117708 8.13716
552 0.00349941 -0.00785088 5.76206
553 0.0183179 -0.0110276 8.14778
554 0.00349941 -0.00684211 5.65935
555 0.0187483 -0.0102496 8.15247
556 0.00349941 -0.00583333 5.56545
557 0.0191484 -0.0094668 8.15849
558 0.00349941 -0.00482456 5.48022
559 0.0195241 -0.0086872 8.16765
560 0.00349941 -0.00381579 5.40351
561 0.0198682 -0.00787011 8.17433
562 0.00349941 -0.00280702 5.33518
563 0.0201733 -0.00703135 8.1786
564 0.00349941 -0.00179825 5.27508
565 0.0204267 -0.00621141 8.18028
566 0.00349941 -0.000789474 5.22302
567 0.020667 -0.00535883 8.1848
568 0.00349941 0.000219298 5.17884
569 0.0208911 -0.00448804 8.19294
570 0.00349941 0.00122807 5.14236
571 0.0210551 -0.00360149 8.19409
572 0.00349941 0.00223684 5.11338
573 0.0211719 -0.00273892 8.19281
574 0.00349941 0.00324561 5.09169
575 0.0212729 -0.00187982 8.19578
576 0.00349941 0.00425439 5.07707
577 0.021345 -0.00100035 8.19921
578 0.00349941 0.00526316 5.06931
579 0.0213645 -0.000118086 8.19752
580 0.00349941 0.00627193 5.06816
581 0.0213486 0.000746747 8.19497
582 0.00349941 0.0072807 5.07338
583 0.0213039 0.0016211 8.19321
584 0.00356288 0.00825241 5.08852
585 0.0212319 0.00251021 8.193
586 0.00368131 0.00921671 5.11321
587 0.0210991 0.00338874 8.18536
588 0.0209412 0.00423164 8.17806
589 0.0207523 0.00510417 8.17224
590 0.0205243 0.00596861 8.16441
591 0.0202593 0.00680126 8.1533
592 0.0199753 0.00760529 8.14294
593 0.0196469 0.00843943 8.13157
594 0.0192698 0.00925137 8.11389
595 0.00498043 0.0104942 5.25705
596 0.0188634 0.0100327 8.09313
597 0.00613496 0.0107584 5.39556
598 0.0184551 0.0107791 8.07478
599 0.00730154 0.0110989 5.56858
600 0.017996 0.0115471 8.05251
601 0.00845753 0.0115746 5.77843
602 0.0174822 0.0122811 8.01777
603 0.00965709 0.0119791 6.02813
604 0.0169552 0.0129993 7.98143
605 0.0106583 0.0127568 6.29678
606 0.0163806 0.0136921 7.93099
607 0.0116496 0.0134599 6.59423
608 0.0157701 0.0143723 7.8673
609 0.0127589 0.0141621 6.96327
610 0.0150158 0.0150578 7.7551
611 0.0137974 0.0149296 7.36385
612 0.0144452 0.0158094 7.69434
613 0.00452917 -0.019685 7.71313
614 0.00545622 -0.0197832 7.79181
615 0.00621996 -0.0195009 7.78438
616 0.0069987 -0.0192051 7.78364
617 0.00780175 -0.0189346 7.79878
618 0.00860011 -0.0185887 7.80647
619 0.00933967 -0.0182033 7.80842
620 0.0100757 -0.0178017 7.81513
621 0.0108177 -0.0174089 7.83262
622 0.00444192 -0.0185017 7.45892
623 0.0115303 -0.0169254 7.83736
624 0.00437467 -0.0174342 7.24172
625 0.0122015 -0.0164318 7.84277
626 0.00437467 -0.0164254 7.05014
627 0.0128746 -0.01594 7.85696
628 0.00437467 -0.0154167 6.86841
629 0.0135464 -0.0154102 7.87246
630 0.00437467 -0.0144079 6.69639
631 0.0141351 -0.0148069 7.87022
632 0.00437467 -0.0133991 6.53398
633 0.014722 -0.014206 7.87628
634 0.00437467 -0.0123904 6.38116
635 0.0153047 -0.0136106 7.89054
636 0.00437467 -0.0113816 6.23781
637 0.0158866 -0.012981 7.90755
638 0.00437467 -0.0103728 6.10384
639 0.0163701 -0.0122911 7.90531
640 0.00437467 -0.00936404 5.97915
641 0.0168511 -0.0116039 7.91102
642 0.00437467 -0.00835526 5.86361
643 0.0173223 -0.0109274 7.9239
644 0.00437467 -0.00734649 5.75712
645 0.0177867 -0.0102031 7.93755
646 0.00437467 -0.00633772 5.65956
647 0.0181521 -0.00944589 7.9343
648 0.00437467 -0.00532895 5.57079
649 0.0185203 -0.00869292 7.94003
650 0.00437467 -0.00432018 5.49068
651 0.0188861 -0.00795123 7.95405
652 0.00437467 -0.0033114 5.41908
653 0.0192094 -0.00714919 7.96098
654 0.00437467 -0.00230263 5.35586
655 0.0194468 -0.00634096 7.9555
656 0.00437467 -0.00129386 5.30085
657 0.0196742 -0.00552982 7.95532
658 0.00437467 -0.000285088 5.25387
659 0.019926 -0.00472605 7.96919
660 0.00437467 0.000723684 5.21476
661 0.0201173 -0.00387589 7.97407
662 0.00437467 0.00173246 5.18332
663 0.0202194 -0.00304172 7.96591
664 0.00437467 0.00274123 5.15936
665 0.0203227 -0.00220451 7.96562
666 0.00437467 0.00375 5.14266
667 0.0204355 -0.00137935 7.97569
668 0.00437467 0.00475877 5.13301
669 0.0204749 -0.000517178 7.97473
670 0.00437467 0.00576754 5.13018
671 0.0204527 0.000307949 7.96626
672 0.00437467 0.00677632 5.13387
673 0.0204205 0.00114244 7.96276
674 0.00443091 0.00770541 5.14756
675 0.0203957 0.00197407 7.96858
676 0.00453444 0.00864067 5.1709
677 0.0202847 0.00283401 7.96111
678 0.0201292 0.00365322 7.94883
679 0.0199593 0.00447458 7.94037
680 0.0198002 0.00529861 7.9422
681 0.0195436 0.00612078 7.92716
682 0.0192661 0.00690473 7.91148
683 0.0189908 0.00769331 7.90358
684 0.0186789 0.0084899 7.89437
685 0.0182721 0.0092291 7.86278
686 0.00581437 0.0098309 5.32807
687 0.0178661 0.00996846 7.83718
688 0.00700313 0.00992338 5.48164
689 0.0174672 0.0106949 7.81731
690 0.00817144 0.0104246 5.67808
691 0.0170281 0.0114312 7.79344
692 0.00923553 0.0108409 5.88503
693 0.0164858 0.0121007 7.73825
694 0.0108381 0.0117093 6.26534
695 0.0159521 0.0127907 7.68883
696 0.0116629 0.0123271 6.50442
697 0.0153891 0.0134969 7.6327
698 0.0124895 0.012886 6.76339
699 0.0147085 0.0142151 7.54038
700 0.0138235 0.0139553 7.24866
701 0.0101727 0.0110298 6.08033
702 0.00535012 -0.0188948 7.59483
703 0.00623036 -0.0184956 7.57442
704 0.00710308 -0.0181855 7.5824
705 0.00791569 -0.0180905 7.6379
706 0.00856097 -0.0175936 7.60403
707 0.00928356 -0.0171955 7.60562
708 0.0100013 -0.0167699 7.60966
709 0.0107757 -0.0165407 7.6654
710 0.00534996 -0.0179105 7.39384
711 0.0113284 -0.0159499 7.63293
712 0.00530931 -0.0168859 7.19233
713 0.0119987 -0.0154566 7.64207
714 0.00524432 -0.0158637 6.99994
715 0.0127141 -0.0151141 7.69159
716 0.00524234 -0.0148776 6.82775
717 0.0131994 -0.0144843 7.66423
718 0.00524993 -0.0139035 6.66739
719 0.0137721 -0.0138674 7.66093
720 0.00524993 -0.0128947 6.51029
721 0.0143669 -0.0132777 7.6737
722 0.00524993 -0.011886 6.36277
723 0.0150196 -0.0128215 7.72422
724 0.00524993 -0.0108772 6.22472
725 0.0153955 -0.0121183 7.69587
726 0.00524993 -0.00986842 6.09606
727 0.0158613 -0.0114236 7.69324
728 0.00524993 -0.00885965 5.97667
729 0.0163435 -0.0107511 7.70451
730 0.00524993 -0.00785088 5.86644
731 0.0169206 -0.0101902 7.75577
732 0.00524993 -0.00684211 5.76526
733 0.0171472 -0.00943506 7.71973
734 0.00524993 -0.00583333 5.67301
735 0.0175146 -0.00867781 7.72035
736 0.00524993 -0.00482456 5.58957
737 0.0178913 -0.00792661 7.73152
738 0.00524993 -0.00381579 5.51479
739 0.018358 -0.00727089 7.77858
740 0.00524993 -0.00280702 5.44854
741 0.0184626 -0.00647264 7.73991
742 0.00524993 -0.00179825 5.39066
743 0.0186821 -0.00566497 7.73395
744 0.00524993 -0.000789474 5.341
745 0.0189006 -0.00484205 7.73472
746 0.00524993 0.000219298 5.29939
747 0.0192916 -0.00413648 7.78965
748 0.00524993 0.00122807 5.26564
749 0.0192734 -0.00332574 7.74981
750 0.00524993 0.00223684 5.23956
751 0.0193646 -0.00250215 7.74277
752 0.00524993 0.00324561 5.22095
753 0.0194487 -0.00166429 7.74132
754 0.00524993 0.00425439 5.2096
755 0.0197224 -0.000908233 7.79462
756 0.00524993 0.00526316 5.20528
757 0.0195625 -0.000122038 7.74873
758 0.0052567 0.00622899 5.20814
759 0.0195216 0.000703738 7.73859
760 0.00528588 0.0071841 5.21916
761 0.0194658 0.00153506 7.73238
762 0.00535884 0.00809261 5.2396
763 0.0196086 0.00232883 7.78148
764 0.0193211 0.0030854 7.7305
765 0.0191451 0.00389023 7.71507
766 0.018951 0.00470282 7.70268
767 0.0189598 0.00551179 7.74694
768 0.0185516 0.00621081 7.68884
769 0.018274 0.00699543 7.67428
770 0.0181539 0.00777941 7.70478
771 0.0176921 0.00842662 7.64584
772 0.0172668 0.00915683 7.60786
773 0.0168763 0.0098941 7.58399
774 0.00806941 0.00933552 5.62068
775 0.0166291 0.010651 7.60237
776 0.00906901 0.00975252 5.80421
777 0.0160506 0.0111895 7.5165
778 0.0154732 0.0118766 7.44754
779 0.0118244 0.011216 6.4579
780 0.0150068 0.0125799 7.40862
781 0.0125789 0.011783 6.68672
782 0.0144288 0.0133458 7.34549
783 0.0071547 0.00881517 5.4698
784 0.0100673 0.0100714 6.00645
785 0.0110244 0.0105772 6.233
786 0.0141735 0.0125965 7.18627
787 0.00636352 -0.0173519 7.35671
788 0.00754776 -0.0172068 7.42976
789 0.00846488 -0.016656 7.41612
790 0.00927246 -0.0161673 7.41419
791 0.010248 -0.0156981 7.44671
792 0.011127 -0.0149743 7.43812
793 0.00610159 -0.0162513 7.13044
794 0.0120815 -0.0143382 7.46904
795 0.00610005 -0.0153071 6.96228
796 0.00613422 -0.0143653 6.80578
797 0.00615241 -0.0133976 6.65255
798 0.013467 -0.0128804 7.46411
799 0.0061252 -0.0123904 6.49897
800 0.0142701 -0.0121575 7.49839
801 0.0061252 -0.0113816 6.35687
802 0.0061252 -0.0103728 6.22427
803 0.0148412 -0.0113008 7.4879
804 0.0061252 -0.00936404 6.10104
805 0.015406 -0.0105034 7.49469
806 0.0061252 -0.00835526 5.9871
807 0.0160712 -0.00966971 7.52757
808 0.0061252 -0.00734649 5.88234
809 0.0061252 -0.00633772 5.78665
810 0.0164874 -0.00871699 7.51215
811 0.0061252 -0.00532895 5.69991
812 0.0169115 -0.00784047 7.51668
813 0.0061252 -0.00432018 5.62199
814 0.0174165 -0.00690071 7.54359
815 0.0061252 -0.0033114 5.55277
816 0.0061252 -0.00230263 5.4921
817 0.0176833 -0.00587329 7.52635
818 0.0061252 -0.00129386 5.43983
819 0.0179565 -0.00493896 7.52769
820 0.0061252 -0.000285088 5.39581
821 0.0183098 -0.00392637 7.55339
822 0.0061252 0.000723684 5.35986
823 0.0061252 0.00173246 5.3318
824 0.0184116 -0.00286569 7.53359
825 0.0061252 0.00274123 5.31144
826 0.0185384 -0.00190744 7.53383
827 0.0061252 0.00375 5.29856
828 0.0187468 -0.000851586 7.5614
829 0.0061252 0.00475877 5.29294
830 0.00612634 0.00572145 5.29425
831 0.0186446 0.000195605 7.52964
832 0.00615131 0.0066674 5.3042
833 0.0186116 0.00116169 7.52457
834 0.00619352 0.00755286 5.32106
835 0.0186373 0.00222575 7.54474
836 0.0183681 0.00324971 7.50672
837 0.0181724 0.00419302 7.4935
838 0.0180143 0.00526133 7.50451
839 0.0175594 0.00630129 7.45547
840 0.0172278 0.00739925 7.45053
841 0.0162306 0.00915645 7.35418
842 0.0157744 0.0101247 7.33365
843 0.00897805 0.00872876 5.74823
844 0.0150328 0.0109386 7.2302
845 0.0143497 0.0117577 7.14069
846 0.0128317 0.0106788 6.65703
847 0.0127851 -0.013573 7.45719
848 0.0167055 0.00829551 7.39501
849 0.00807859 0.00831186 5.58989
850 0.00994812 0.0090842 5.9364
851 0.0118702 0.0101213 6.39126
852 0.0134164 0.0114243 6.86681
853 0.0110552 0.0093555 6.16885
854 0.00690673 -0.0165021 7.24156
855 0.00846134 -0.0156057 7.22681
856 0.00919109 -0.0150778 7.21478
857 0.0100879 -0.0145256 7.22936
858 0.0109709 -0.013906 7.2448
859 0.006995 -0.0148198 6.95195
860 0.00708642 -0.0139241 6.81303
861 0.00706187 -0.0129154 6.65485
862 0.0131842 -0.0118868 7.28034
863 0.0070299 -0.0118985 6.50456
864 0.0138158 -0.0111404 7.2881
865 0.00700046 -0.0108772 6.36361
866 0.00700046 -0.00986842 6.23656
867 0.0143821 -0.0103561 7.29098
868 0.00700046 -0.00885965 6.11891
869 0.0149434 -0.00956271 7.30252
870 0.00700046 -0.00785088 6.01057
871 0.0154465 -0.00872561 7.30949
872 0.00700046 -0.00684211 5.91144
873 0.00700046 -0.00583333 5.82141
874 0.0158774 -0.00786285 7.31087
875 0.00700046 -0.00482456 5.74038
876 0.0163025 -0.00698549 7.32025
877 0.00700046 -0.00381579 5.66821
878 0.0166621 -0.00607642 7.32462
879 0.00700046 -0.00280702 5.60478
880 0.00700046 -0.00179825 5.54996
881 0.0169477 -0.00514221 7.32261
882 0.00700046 -0.000789474 5.50359
883 0.0172247 -0.00419729 7.32864
884 0.00700046 0.000219298 5.46552
885 0.0174372 -0.00323149 7.33056
886 0.00700046 0.00122807 5.43557
887 0.00700046 0.00223684 5.41356
888 0.0175705 -0.00226854 7.32589
889 0.00700046 0.00324561 5.3993
890 0.0177003 -0.00130194 7.33052
891 0.00700046 0.00425439 5.39256
892 0.0177458 -0.000324736 7.3265
893 0.00699728 0.00522308 5.39257
894 0.00701223 0.00615964 5.40096
895 0.0177119 0.000644298 7.3147
896 0.00705207 0.00705522 5.41773
897 0.0176808 0.0016201 7.31337
898 0.0175722 0.00257969 7.30411
899 0.0173856 0.00353259 7.28617
900 0.0171817 0.00448595 7.27339
901 0.0168573 0.00548661 7.24431
902 0.016498 0.00648206 7.21625
903 0.0151734 0.00915976 7.09811
904 0.0146203 0.00998154 7.03515
905 0.0139526 0.0107267 6.93743
906 0.00768495 -0.0161839 7.25282
907 0.0117682 -0.0132609 7.25779
908 0.0124838 -0.0125842 7.26611
909 0.0161043 0.00743476 7.18635
910 0.015659 0.00830079 7.14483
911 0.0097507 0.00821789 5.86587
912 0.00903172 0.00764164 5.72197
913 0.0135684 0.00986835 6.77034
914 0.0106434 0.00828803 6.03551
915 0.012142 0.00908286 6.38683
916 0.00806726 -0.0145905 7.01336
917 0.00903518 -0.0140091 7.02209
918 0.0099465 -0.0134368 7.04038
919 0.00802343 -0.0134732 6.83076
920 0.00795682 -0.0124181 6.66657
921 0.0127976 -0.0109197 7.09361
922 0.00790103 -0.0113913 6.51781
923 0.0133735 -0.0101921 7.09919
924 0.00787572 -0.0103728 6.38305
925 0.00787572 -0.00936404 6.26167
926 0.0139004 -0.0094351 7.10307
927 0.00787572 -0.00835526 6.14972
928 0.0143917 -0.00865726 7.10825
929 0.00787572 -0.00734649 6.04714
930 0.0148473 -0.00785524 7.11431
931 0.00787572 -0.00633772 5.95381
932 0.00787572 -0.00532895 5.86964
933 0.0152598 -0.0070467 7.12131
934 0.00787572 -0.00432018 5.79452
935 0.0156227 -0.006196 7.12484
936 0.00787572 -0.0033114 5.72834
937 0.0159485 -0.00532533 7.12927
938 0.00787572 -0.00230263 5.67097
939 0.00787572 -0.00129386 5.62227
940 0.0162074 -0.00443468 7.12858
941 0.00787572 -0.000285088 5.5821
942 0.0164226 -0.00352904 7.12766
943 0.00787572 0.000723684 5.55031
944 0.0166026 -0.0026133 7.12856
945 0.00787572 0.00173246 5.52673
946 0.00787572 0.00274123 5.51117
947 0.016726 -0.00169168 7.12668
948 0.00787572 0.00375 5.50343
949 0.0167958 -0.000774813 7.12266
950 0.00787773 0.00472323 5.50349
951 0.016806 0.000148002 7.11467
952 0.00787707 0.00566922 5.50982
953 0.00787921 0.00655093 5.52174
954 0.0167795 0.0010698 7.10754
955 0.0167035 0.00197689 7.09811
956 0.0165957 0.0028844 7.09002
957 0.0164127 0.0038055 7.07388
958 0.0161209 0.0047063 7.04044
959 0.0157848 0.00564847 7.00655
960 0.0141242 0.0090563 6.83933
961 0.012702 0.00974783 6.55723
962 0.0116503 0.00821902 6.23445
963 0.0107553 -0.0128468 7.05625
964 0.012194 -0.0116208 7.09036
965 0.0154342 0.00658053 6.97653
966 0.014641 0.0082715 6.90282
967 0.0114989 -0.0122682 7.07636
968 0.015082 0.00744945 6.94896
969 0.0101431 0.00735999 5.90635
970 0.0131385 0.00897362 6.60398
971 0.00893748 -0.0129427 6.84744
972 0.00882776 -0.0118857 6.68362
973 0.0123962 -0.0100119 6.92153
974 0.00878065 -0.0108673 6.54239
975 0.0129079 -0.00928584 6.9211
976 0.00875098 -0.00986842 6.4152
977 0.00875098 -0.00885965 6.29963
978 0.0133681 -0.00854463 6.91959
979 0.00876501 -0.00784496 6.19456
980 0.0138184 -0.00779678 6.92449
981 0.00875098 -0.00684211 6.09684
982 0.0142436 -0.00704757 6.93355
983 0.00875098 -0.00583333 6.00949
984 0.00875098 -0.00482456 5.93138
985 0.0146408 -0.00629295 6.94556
986 0.00875098 -0.00381579 5.86241
987 0.0149763 -0.00546068 6.94886
988 0.00875098 -0.00280702 5.80245
989 0.0152199 -0.00462665 6.9432
990 0.00875098 -0.00179825 5.7514
991 0.00875098 -0.000789474 5.70912
992 0.0154446 -0.00377751 6.94144
993 0.00875098 0.000219298 5.67548
994 0.0156451 -0.00291137 6.94267
995 0.00875098 0.00122807 5.65033
996 0.01578 -0.00203855 6.93897
997 0.00875098 0.00223684 5.63351
998 0.00875098 0.00324561 5.62484
999 0.0158621 -0.0011637 6.93271
1000 0.00875098 0.00425439 5.62412
1001 0.0159025 -0.000289009 6.92594
1002 0.00876774 0.00520331 5.63301
1003 0.0158715 0.000595568 6.91207
1004 0.00873854 0.00609405 5.64085
1005 0.0158286 0.00146991 6.90361
1006 0.0157392 0.00235555 6.89311
1007 0.0157758 0.00318327 6.91659
1008 0.0154028 0.00391769 6.85427
1009 0.0150875 0.004856 6.81699
1010 0.0111606 0.00730009 6.09559
1011 0.0126904 0.00808465 6.449
1012 0.00978734 -0.012373 6.86424
1013 0.0118214 -0.0106876 6.91542
1014 0.0147407 0.0057867 6.77988
1015 0.013638 0.00811868 6.66182
1016 0.0105742 -0.0117882 6.88338
1017 0.0113464 -0.0114103 6.9392
1018 0.0143691 0.00668238 6.74221
1019 0.0142032 0.00751253 6.75246
1020 0.00971916 -0.0113175 6.71116
1021 0.0119585 -0.00915921 6.75888
1022 0.00966971 -0.0103268 6.57908
1023 0.0123526 -0.00841257 6.74149
1024 0.00962118 -0.00931148 6.45352
1025 0.00964339 -0.00832652 6.34958
1026 0.0127846 -0.00770619 6.74218
1027 0.00968605 -0.00735125 6.25838
1028 0.0132373 -0.006982 6.75278
1029 0.00970167 -0.00635602 6.17094
1030 0.0136254 -0.00624782 6.75966
1031 0.0096863 -0.0053442 6.08751
1032 0.0096682 -0.00433136 6.01296
1033 0.0141094 -0.00560043 6.79838
1034 0.00962625 -0.0033114 5.94404
1035 0.0142266 -0.00477921 6.7651
1036 0.00964492 -0.00231023 5.8935
1037 0.014454 -0.00397979 6.76127
1038 0.00962625 -0.00129386 5.84612
1039 0.00962625 -0.000285088 5.81056
1040 0.0147049 -0.00317425 6.76941
1041 0.00962625 0.000723684 5.78378
1042 0.0148587 -0.00233863 6.76548
1043 0.00962625 0.00173246 5.76562
1044 0.0149275 -0.00151754 6.75275
1045 0.00962625 0.00274123 5.756
1046 0.00962625 0.00375 5.75474
1047 0.0149736 -0.000689727 6.74253
1048 0.00964274 0.00473433 5.76394
1049 0.0149766 0.00015124 6.7306
1050 0.00968432 0.00571254 5.78466
1051 0.0149364 0.00102525 6.71691
1052 0.0148725 0.00193459 6.70607
1053 0.0147861 0.00298926 6.70072
1054 0.0144136 0.00404907 6.64637
1055 0.0105057 0.0052488 5.91628
1056 0.0106236 0.00634494 5.96219
1057 0.0114184 -0.00992442 6.7651
1058 0.00951633 0.00667357 5.77745
1059 0.0140574 0.00501484 6.60107
1060 0.0122198 0.00721192 6.305
1061 0.0133403 0.00706915 6.53581
1062 0.0107043 -0.0107234 6.76141
1063 0.0137126 0.00599684 6.56589
1064 0.0113974 -0.00837787 6.59335
1065 0.0116681 -0.00752329 6.54978
1066 0.0104823 -0.00875519 6.504
1067 0.0106113 -0.00784215 6.42818
1068 0.0123207 -0.00694974 6.60033
1069 0.0106567 -0.00691645 6.34807
1070 0.0125957 -0.00615138 6.5785
1071 0.0106551 -0.00586126 6.25932
1072 0.0131274 -0.00521355 6.59795
1073 0.0106044 -0.00485527 6.17764
1074 0.0105693 -0.00382874 6.10599
1075 0.01057 -0.00283848 6.05106
1076 0.0134243 -0.00419425 6.58611
1077 0.0105205 -0.00180309 5.99567
1078 0.0137177 -0.00333275 6.59306
1079 0.0105015 -0.000789474 5.95507
1080 0.0105015 0.000219298 5.9266
1081 0.0140635 -0.00262301 6.62541
1082 0.0105015 0.00122807 5.90703
1083 0.0139797 -0.00185146 6.58093
1084 0.0105162 0.00226831 5.89841
1085 0.0140628 -0.0010674 6.57352
1086 0.0105304 0.00327909 5.89911
1087 0.0105209 0.00425543 5.90423
1088 0.014077 -0.00027026 6.55933
1089 0.0140349 0.000562863 6.53999
1090 0.0139919 0.00143751 6.52713
1091 0.0139282 0.00234169 6.5176
1092 0.0136647 0.00330398 6.47666
1093 0.0117061 0.00637457 6.16844
1094 0.0104638 -0.00973415 6.61044
1095 0.0133353 0.00423057 6.42889
1096 0.0112812 0.00563597 6.06551
1097 0.013057 0.00522694 6.40025
1098 0.0127087 0.00623027 6.36463
1099 0.0115696 -0.00644108 6.44011
1100 0.0117383 -0.00531723 6.37859
1101 0.0123558 -0.0043182 6.41178
1102 0.0113768 -0.00432018 6.25687
1103 0.0116112 -0.00340778 6.23931
1104 0.0113902 -0.00230949 6.15097
1105 0.0127255 -0.0034304 6.4237
1106 0.0114136 -0.0012783 6.11402
1107 0.0131388 -0.00246537 6.45033
1108 0.0114052 -0.000251237 6.08203
1109 0.0113659 0.000764935 6.05459
1110 0.0113675 0.00178256 6.04308
1111 0.013296 -0.000720598 6.4226
1112 0.011428 0.00284065 6.05091
1113 0.0114564 0.00381847 6.06301
1114 0.0131061 0.00094736 6.35985
1115 0.0130578 0.00263383 6.35013
1116 0.0131029 9.73054e-05 6.37007
1117 0.0124969 0.0034088 6.24982
1118 0.0121445 0.00544931 6.22485
1119 0.0123141 0.00445789 6.23281
1120 0.0122244 -0.00268887 6.30382
1121 0.0123752 -0.000727768 6.25762
1122 0.0122447 0.00034086 6.21185
1123 0.012218 0.00132194 6.19497
1124 0.0122713 -0.00182489 6.2755
1125 0.012206 0.00233981 6.18942
1126 0.00627225 0.00836907 5.346
1127 0.00710399 0.00792009 5.44091
1128 0.00797985 0.00742903 5.55271
1129 0.00766719 -0.0153387 7.102
1130 0.00384432 0.0101886 5.14742
1131 0.00866108 0.00687436 5.64431
1132 0.00472105 0.00957093 5.20732
1133 0.0130936 -0.00154534 6.40869
1134 0.0113672 0.00473264 6.06078
1135 0.00636767 0.00912902 5.37638
1136 0.0134198 0.0132086 7.04739
1137 0.00252076 0.0118596 5.10954
1138 0.0111442 -0.00918681 6.64286
1139 0.00516836 0.0190787 5.69838
1140 0.00525525 0.0199623 5.76809
1141 0.00436291 0.0198612 5.65798
1142 0.00436944 0.0187169 5.58502
1143 0.00948634 0.0174383 6.36691
1144 0.00868088 0.0168883 6.14421
1145 0.0078587 0.0163842 5.94592
1146 0.0102003 0.0180218 6.59499
1147 0.00699774 0.0159235 5.76668
1148 0.0109256 0.0186865 6.8598
1149 0.00611094 0.0155108 5.60901
1150 0.0115592 0.0195101 7.14065
1151 0.00520935 0.0151459 5.47394
1152 0.0121845 0.0204805 7.45739
1153 0.00426629 0.0148889 5.36115
1154 0.00331205 0.0146666 5.27008
1155 0.00232811 0.0144609 5.19867
1156 0.00127793 0.0142897 5.14746
1157 0.0114112 0.0213082 7.23994
1158 0.0105801 0.0216267 6.98771
1159 0.00969626 0.0220618 6.76607
1160 0.0087906 0.0224748 6.57068
1161 0.000830856 0.0158235 5.20616
1162 0.00790721 0.0228012 6.40332
1163 0.000881434 0.0167342 5.254
1164 0.00700395 0.0230938 6.25541
1165 0.000841969 0.0177083 5.30638
1166 0.00609017 0.0233523 6.12773
1167 0.000841969 0.0186806 5.36368
1168 0.00517446 0.0235716 6.01987
1169 0.000841969 0.0196528 5.4246
1170 0.00423554 0.0237594 5.92907
1171 0.000841969 0.020625 5.48899
1172 0.0032418 0.0238887 5.8515
1173 0.000898065 0.02162 5.55997
1174 0.00218894 0.024035 5.79484
1175 0.000850835 0.0225502 5.62701
1176 0.000959413 0.0242106 5.75882
1177 0.000742043 0.0150368 5.16665
1178 0.000723385 0.0233243 5.6833
1179 0.00928575 0.0184238 6.39166
1180 0.00855014 0.0178925 6.18603
1181 0.00778151 0.0173979 5.99726
1182 0.00700022 0.0169346 5.82861
1183 0.00998546 0.0190069 6.61429
1184 0.00619086 0.0165328 5.67864
1185 0.0106377 0.0195466 6.84375
1186 0.00534535 0.0161739 5.54533
1187 0.0108838 0.020499 6.99379
1188 0.00448338 0.0158544 5.43144
1189 0.0035348 0.0156592 5.3354
1190 0.00259666 0.0154729 5.26088
1191 0.00167829 0.0152468 5.20503
1192 0.00984626 0.0210292 6.7304
1193 0.00892752 0.0214653 6.52918
1194 0.00804549 0.0218169 6.3593
1195 0.00177509 0.0161821 5.25455
1196 0.0071855 0.0221073 6.21432
1197 0.00179331 0.0171757 5.30802
1198 0.00631092 0.022341 6.08507
1199 0.00174743 0.0181832 5.36367
1200 0.00542848 0.0226106 5.97882
1201 0.0017106 0.0191667 5.42211
1202 0.00453313 0.0228065 5.88637
1203 0.0017106 0.0201389 5.48506
1204 0.00363633 0.0229585 5.81071
1205 0.0017106 0.0211111 5.55153
1206 0.00258884 0.0230967 5.7437
1207 0.00187899 0.0222084 5.63752
1208 0.00158245 0.0232656 5.70594
1209 0.00913662 0.0194529 6.43175
1210 0.00841987 0.0188914 6.22848
1211 0.00768729 0.0184053 6.0468
1212 0.00692941 0.0179598 5.88185
1213 0.00617327 0.0175378 5.73663
1214 0.00986979 0.0200238 6.66096
1215 0.00538053 0.0171684 5.60667
1216 0.00458857 0.0168353 5.49599
1217 0.00380999 0.0164916 5.40242
1218 0.00280667 0.0165715 5.32947
1219 0.00904668 0.0204584 6.4841
1220 0.00820956 0.0208491 6.32358
1221 0.00735503 0.0211056 6.17269
1222 0.00651533 0.0213151 6.04258
1223 0.00267186 0.0176986 5.38382
1224 0.0056473 0.0215894 5.93301
1225 0.00261663 0.0186966 5.43982
1226 0.00477256 0.0218068 5.83872
1227 0.00257922 0.0196528 5.49802
1228 0.00390514 0.0220054 5.76321
1229 0.00257922 0.020625 5.56317
1230 0.00296451 0.0222094 5.70153
1231 0.00251155 0.0214865 5.61998
1232 0.00830877 0.0198792 6.27516
1233 0.00757552 0.0194165 6.09497
1234 0.00682979 0.0190031 5.93384
1235 0.00607332 0.0185526 5.78601
1236 0.00530583 0.0181366 5.65578
1237 0.00449981 0.0177574 5.54009
1238 0.00362782 0.0173853 5.43596
1239 0.00763525 0.0202885 6.16793
1240 0.0067779 0.0201784 6.00506
1241 0.00587336 0.0205965 5.89411
1242 0.00354017 0.0182702 5.48047
1243 0.0049873 0.020814 5.79317
1244 0.00348789 0.0192316 5.53584
1245 0.00414957 0.0209844 5.71354
1246 0.00343636 0.0201953 5.59494
1247 0.0033448 0.0212574 5.66134
1248 0.00601316 0.0195785 5.84478
1249 0.00265615 0.0431326 8.28726
1250 0.011617 0.0258606 7.58153
1251 0.00976971 0.0303209 7.3846
1252 0.00784279 0.0336179 7.34311
1253 0.0120058 0.040181 8.88742
1254 0.0125847 0.0394352 8.89668
1255 0.0131155 0.0386491 8.90401
1256 0.0113715 0.0408788 8.87383
1257 0.0136255 0.0378562 8.91907
1258 0.0107078 0.0415446 8.86314
1259 0.0140764 0.0370328 8.93066
1260 0.0100024 0.0421587 8.85009
1261 0.0144767 0.0361711 8.93973
1262 0.00924711 0.0427338 8.8359
1263 0.0148294 0.0352888 8.94871
1264 0.00847514 0.0432706 8.8259
1265 0.015119 0.0343987 8.95451
1266 0.0076698 0.0437494 8.81408
1267 0.0153462 0.0334861 8.9558
1268 0.00682574 0.0441798 8.80191
1269 0.0155357 0.0325567 8.95914
1270 0.00596446 0.0445682 8.79327
1271 0.0156616 0.0316293 8.95835
1272 0.00509439 0.0448891 8.78365
1273 0.015722 0.0306909 8.952
1274 0.00420701 0.0451649 8.77657
1275 0.0157424 0.0297425 8.94673
1276 0.00324234 0.0453325 8.75574
1277 0.0157007 0.0288078 8.93577
1278 0.00230636 0.0454733 8.7448
1279 0.0155928 0.0278736 8.917
1280 0.00126991 0.0456606 8.75502
1281 0.0154325 0.0269251 8.89329
1282 0.0152139 0.0260078 8.85837
1283 0.0149461 0.0251028 8.81133
1284 0.0146627 0.0241988 8.75797
1285 0.00084928 0.0440502 8.4134
1286 0.0142341 0.0233056 8.62683
1287 0.000893518 0.0430556 8.21892
1288 0.0137379 0.0223974 8.40181
1289 0.000893518 0.0420238 8.02472
1290 0.000893518 0.0409921 7.83889
1291 0.000893518 0.0399603 7.66111
1292 0.000893518 0.0389286 7.49114
1293 0.0121438 0.0228323 7.61701
1294 0.000893518 0.0378968 7.32871
1295 0.0112716 0.0232752 7.32447
1296 0.000893518 0.0368651 7.17355
1297 0.0103451 0.0236716 7.05997
1298 0.000893518 0.0358333 7.02538
1299 0.00941637 0.0240542 6.83588
1300 0.000893518 0.0348016 6.88392
1301 0.00846005 0.0244083 6.63869
1302 0.000893518 0.0337698 6.7489
1303 0.00749691 0.0247195 6.46875
1304 0.000893518 0.0327381 6.62002
1305 0.0065233 0.0249957 6.32326
1306 0.000893518 0.0317063 6.49701
1307 0.00553127 0.0252325 6.19899
1308 0.000893518 0.0306746 6.3796
1309 0.00452616 0.0254393 6.09679
1310 0.000893518 0.0296429 6.26752
1311 0.00348288 0.0256126 6.01369
1312 0.000893518 0.0286111 6.16048
1313 0.00236906 0.0257531 5.9494
1314 0.000923222 0.0275246 6.05399
1315 0.00109283 0.0257347 5.89224
1316 0.000796025 0.0266164 5.96495
1317 0.000763547 0.0448945 8.58424
1318 0.0128332 0.0223822 7.89002
1319 0.0110692 0.0399485 8.68368
1320 0.0116033 0.0392588 8.6848
1321 0.0121271 0.0385334 8.69063
1322 0.0126157 0.0377787 8.6976
1323 0.0104283 0.0406205 8.67308
1324 0.0130651 0.0370135 8.70703
1325 0.00977426 0.0411907 8.6566
1326 0.0135049 0.0362515 8.72629
1327 0.00912117 0.0417604 8.65167
1328 0.0138681 0.0353995 8.73157
1329 0.00836649 0.0423109 8.64119
1330 0.0141359 0.034575 8.72833
1331 0.0076195 0.0427559 8.62554
1332 0.0144048 0.0337485 8.73605
1333 0.00686491 0.0432046 8.62136
1334 0.0146106 0.0328408 8.73454
1335 0.0060396 0.0435979 8.6117
1336 0.014726 0.0319789 8.72309
1337 0.00521757 0.0439 8.59709
1338 0.0148428 0.0311172 8.72232
1339 0.00439287 0.0441916 8.59208
1340 0.014883 0.0301872 8.70991
1341 0.00357746 0.0445051 8.60411
1342 0.0148427 0.0293182 8.68518
1343 0.00266215 0.0443331 8.52311
1344 0.0148028 0.0284523 8.66918
1345 0.00167703 0.0446648 8.55658
1346 0.0146648 0.0274985 8.63271
1347 0.0144455 0.026644 8.57298
1348 0.0142224 0.0257827 8.51255
1349 0.0139825 0.0249222 8.44184
1350 0.013783 0.0240612 8.37923
1351 0.0017628 0.0436304 8.35121
1352 0.0131214 0.0233605 8.06723
1353 0.00178308 0.0425644 8.147
1354 0.00178069 0.0415079 7.95279
1355 0.00178069 0.0404762 7.77151
1356 0.00178069 0.0394444 7.5982
1357 0.00178069 0.0384127 7.43257
1358 0.0121413 0.0238734 7.66912
1359 0.00178069 0.037381 7.27435
1360 0.0111872 0.0242935 7.35741
1361 0.00178069 0.0363492 7.12328
1362 0.0102058 0.0246703 7.08643
1363 0.00178069 0.0353175 6.97907
1364 0.00924408 0.0250574 6.86536
1365 0.00178069 0.0342857 6.84144
1366 0.00824814 0.0253984 6.66868
1367 0.00178069 0.033254 6.71009
1368 0.00724942 0.0257013 6.5015
1369 0.00178069 0.0322222 6.58475
1370 0.00623187 0.0259711 6.35865
1371 0.00178069 0.0311905 6.46512
1372 0.0052108 0.0261872 6.2391
1373 0.00178069 0.0301587 6.35094
1374 0.00415148 0.0263836 6.1405
1375 0.00178069 0.029127 6.24209
1376 0.00305021 0.0265596 6.06428
1377 0.00182242 0.0279993 6.13054
1378 0.00182773 0.0267224 6.00891
1379 0.0102155 0.0397776 8.5127
1380 0.0106284 0.0390369 8.47787
1381 0.0111555 0.0383787 8.48538
1382 0.0116395 0.0376725 8.48934
1383 0.012062 0.0369277 8.48716
1384 0.0094981 0.0402256 8.46326
1385 0.0124986 0.0361995 8.50077
1386 0.00885475 0.0407865 8.45431
1387 0.0130099 0.0355405 8.54904
1388 0.00831108 0.0414421 8.48637
1389 0.0131394 0.0347008 8.50356
1390 0.00752031 0.0417564 8.43811
1391 0.0134025 0.0338889 8.50135
1392 0.00678537 0.0421911 8.42895
1393 0.0137906 0.0331316 8.54472
1394 0.00612777 0.0427275 8.45811
1395 0.0137679 0.0322801 8.48796
1396 0.00530602 0.0428976 8.41381
1397 0.0138819 0.0314345 8.47543
1398 0.00442701 0.0432189 8.40544
1399 0.0141283 0.0306198 8.5104
1400 0.00351122 0.0435926 8.41896
1401 0.0139538 0.0297859 8.43528
1402 0.0139151 0.0289329 8.40419
1403 0.0140121 0.0280875 8.42209
1404 0.0136909 0.0272854 8.3118
1405 0.0134492 0.0263798 8.2232
1406 0.0131873 0.0254391 8.12099
1407 0.0130035 0.0244866 8.03709
1408 0.00268658 0.0420606 8.08776
1409 0.00269934 0.0410095 7.90014
1410 0.00266786 0.0399603 7.71912
1411 0.00266786 0.0389286 7.55052
1412 0.00266786 0.0378968 7.38952
1413 0.0120858 0.0249978 7.69777
1414 0.00266786 0.0368651 7.23582
1415 0.0109876 0.0252554 7.34988
1416 0.00266786 0.0358333 7.08914
1417 0.0100602 0.0256933 7.11538
1418 0.00266786 0.0348016 6.94919
1419 0.0090408 0.0260696 6.89167
1420 0.00266786 0.0337698 6.81569
1421 0.00800797 0.0264047 6.69898
1422 0.00266786 0.0327381 6.68834
1423 0.00696509 0.0267044 6.53537
1424 0.00266786 0.0317063 6.56683
1425 0.00590636 0.0269531 6.39626
1426 0.00266786 0.0306746 6.4508
1427 0.00484764 0.0271749 6.28427
1428 0.0027276 0.0296312 6.34235
1429 0.00381369 0.0273167 6.19429
1430 0.00271454 0.0286403 6.24032
1431 0.00275216 0.0275412 6.13554
1432 0.00946816 0.0390714 8.28743
1433 0.0101294 0.0381788 8.27505
1434 0.010761 0.0376207 8.31676
1435 0.0110294 0.0368418 8.27245
1436 0.0115124 0.0360532 8.2795
1437 0.00857543 0.0398194 8.26322
1438 0.0120737 0.0351411 8.3041
1439 0.00771213 0.0406183 8.27145
1440 0.012404 0.0340142 8.27718
1441 0.00665825 0.0411752 8.23886
1442 0.0127973 0.0329061 8.284
1443 0.00566718 0.0417728 8.2413
1444 0.0129217 0.0317361 8.23983
1445 0.0045743 0.0421845 8.22363
1446 0.0131107 0.0305755 8.22804
1447 0.00357285 0.0425865 8.23083
1448 0.0130115 0.0293995 8.15113
1449 0.013003 0.0282252 8.10839
1450 0.0126911 0.0271072 7.97711
1451 0.0124709 0.0260593 7.87245
1452 0.00362752 0.0415648 8.04792
1453 0.00362679 0.0405216 7.86624
1454 0.00359814 0.0394671 7.68913
1455 0.00355502 0.0384127 7.51914
1456 0.00355502 0.037381 7.36307
1457 0.00355502 0.0363492 7.21419
1458 0.0108148 0.026286 7.36112
1459 0.00355502 0.0353175 7.07222
1460 0.0098624 0.0267273 7.13552
1461 0.00355502 0.0342857 6.93687
1462 0.00881446 0.0271068 6.92003
1463 0.00355502 0.033254 6.80783
1464 0.0077422 0.0274303 6.73214
1465 0.00355502 0.0322222 6.68482
1466 0.00664813 0.0277271 6.57269
1467 0.00353775 0.0312067 6.56796
1468 0.00553168 0.0280008 6.44111
1469 0.00355502 0.0301587 6.4554
1470 0.00443372 0.0281775 6.3338
1471 0.00378943 0.0290999 6.3637
1472 0.00350325 0.0281579 6.24878
1473 0.00909777 0.0379369 8.07116
1474 0.00836302 0.0387286 8.07095
1475 0.00992139 0.0370673 8.09524
1476 0.010946 0.0351891 8.07372
1477 0.00749718 0.0394489 8.0604
1478 0.0113529 0.0342241 8.06283
1479 0.00659031 0.0400748 8.04998
1480 0.011662 0.0331964 8.03979
1481 0.00560084 0.0406159 8.03673
1482 0.0118901 0.0321613 8.01201
1483 0.00461309 0.0411109 8.03623
1484 0.0120575 0.0310918 7.97969
1485 0.0120933 0.0299942 7.924
1486 0.011951 0.0288789 7.82564
1487 0.0118059 0.027826 7.73196
1488 0.0117228 0.0267729 7.65724
1489 0.00458677 0.0400398 7.85322
1490 0.00452783 0.03897 7.67627
1491 0.00447752 0.0379161 7.51047
1492 0.00444219 0.0368651 7.35386
1493 0.00444219 0.0358333 7.21015
1494 0.0107713 0.0273451 7.41292
1495 0.00444219 0.0348016 7.07325
1496 0.00970693 0.0277874 7.17302
1497 0.00444219 0.0337698 6.94283
1498 0.00857647 0.0281451 6.95245
1499 0.00444219 0.0327381 6.8186
1500 0.0074483 0.0284812 6.76997
1501 0.00441093 0.0317417 6.70129
1502 0.00631098 0.0287903 6.61911
1503 0.00438539 0.0307606 6.59129
1504 0.0050725 0.0291383 6.49369
1505 0.0104503 0.036081 8.07436
1506 0.00440354 0.029875 6.5004
1507 0.00869841 0.0368558 7.86519
1508 0.00803542 0.0376448 7.87136
1509 0.00729539 0.0383955 7.87744
1510 0.0103334 0.0343665 7.86736
1511 0.00644065 0.0389856 7.86271
1512 0.0106103 0.0334329 7.83221
1513 0.00552299 0.0395277 7.85185
1514 0.0108459 0.0324702 7.79668
1515 0.0110421 0.031523 7.76414
1516 0.0112061 0.0305443 7.73151
1517 0.0111298 0.0294872 7.64194
1518 0.0107064 0.0285074 7.46864
1519 0.00544045 0.0384638 7.67871
1520 0.00537458 0.0374008 7.51502
1521 0.00539396 0.036372 7.37217
1522 0.0053863 0.0353419 7.23344
1523 0.00532936 0.0342857 7.09288
1524 0.00946466 0.0288328 7.19586
1525 0.00532936 0.033254 6.96776
1526 0.00829452 0.029196 6.98542
1527 0.00531415 0.0322324 6.84818
1528 0.00717795 0.029572 6.82457
1529 0.0052452 0.0312613 6.73339
1530 0.00612834 0.029855 6.69665
1531 0.00936062 0.0360555 7.87484
1532 0.00990141 0.0352694 7.88079
1533 0.0052072 0.0302579 6.62299
1534 0.00748668 0.0366066 7.65339
1535 0.00710313 0.0374924 7.72441
1536 0.00631626 0.037952 7.69463
1537 0.00961756 0.0336328 7.6537
1538 0.0097969 0.032746 7.60147
1539 0.00998473 0.0318122 7.5548
1540 0.0102455 0.0309803 7.54113
1541 0.0105044 0.0301329 7.53556
1542 0.006344 0.0369064 7.54908
1543 0.00638693 0.0359102 7.41997
1544 0.00628271 0.0348263 7.26862
1545 0.00621331 0.0337486 7.12903
1546 0.00905943 0.0298716 7.19508
1547 0.00622057 0.0326774 7.00619
1548 0.00808186 0.0303234 7.04821
1549 0.00621653 0.0317063 6.8992
1550 0.00692827 0.0307811 6.90239
1551 0.00827435 0.0358064 7.66688
1552 0.00947269 0.0344777 7.71595
1553 0.0100972 0.0294798 7.39066
1554 0.00595579 0.0307912 6.76926
1555 0.00891513 0.0351226 7.68941
1556 0.0072833 0.035379 7.46818
1557 0.00879365 0.0331069 7.44786
1558 0.00893577 0.0320944 7.37267
1559 0.00912802 0.031001 7.30736
1560 0.00709248 0.0342483 7.30436
1561 0.00704114 0.0331386 7.16928
1562 0.00712633 0.0319898 7.05695
1563 0.00798241 0.0314482 7.13841
1564 0.00863959 0.0340641 7.52318
1565 0.00799239 0.0347138 7.49182
1566 0.00796307 0.0325582 7.24802
