1 0 0 8.65002
2 -1.31814e-05 0.0843 8.56528
3 0.00486731 0.00128465 5.76587
4 0.00967006 0.00279211 5.82439
5 0.0143592 0.00461659 6.01607
6 0.0188623 0.00685861 6.05859
7 0.0229958 0.00971828 6.17498
8 0.0264911 0.0133239 6.59937
9 0.029115 0.0176083 6.66868
10 0.0308797 0.022316 6.94954
11 0.031893 0.0272414 6.89211
12 0.0321043 0.0322642 7.03755
13 0.0314275 0.0372452 6.92322
14 0.0299523 0.042053 6.74489
15 0.027917 0.0466555 6.62096
16 0.0256267 0.0511381 6.56759
17 0.0233729 0.0556389 6.54099
18 0.021445 0.0602864 6.35589
19 0.0200513 0.0651203 6.57573
20 0.018972 0.0700368 6.80816
21 0.0171608 0.0747087 7.1375
22 0.0138055 0.0784172 6.08841
23 0.00946766 0.0809539 5.97042
24 0.00479993 0.0828294 5.76384
25 -1.24061e-05 0.0793412 4.42258
26 -1.16307e-05 0.0743824 1.92851
27 -1.08553e-05 0.0694235 0.786583
28 -1.00799e-05 0.0644647 0.329328
29 -9.30455e-06 0.0595059 0.138954
30 -8.52917e-06 0.0545471 0.055952
31 -7.75379e-06 0.0495882 0.0223024
32 -6.97841e-06 0.0446294 0.0112612
33 -6.20303e-06 0.0396706 0.0117265
34 -5.42765e-06 0.0347118 0.0242715
35 -4.65228e-06 0.0297529 0.0620265
36 -3.8769e-06 0.0247941 0.156111
37 -3.10152e-06 0.0198353 0.388473
38 -2.32614e-06 0.0148765 0.988673
39 -1.55076e-06 0.00991765 2.34773
40 -7.75379e-07 0.00495882 4.80228
41 0.0177172 0.0264374 0.0005567
42 0.013235 0.0183807 0.00449523
43 0.0117343 0.0520062 0.000327883
44 0.0091981 0.0159742 0.00681425
45 0.0132935 0.0722726 0.635627
46 0.00922571 0.0751294 0.509897
47 0.00481016 0.0773151 0.639041
48 0.0144823 0.066939 0.230602
49 0.0149242 0.0611991 0.0607734
50 0.0181907 0.0562617 0.335908
51 0.0205642 0.0515108 0.342129
52 0.00468376 0.0720975 0.0491721
53 0.0227082 0.046976 0.300116
54 0.00474518 0.0669298 0.0068553
55 0.0247329 0.0425827 0.2775
56 0.00468815 0.0618973 0.00221945
57 0.0263243 0.0381324 0.229386
58 0.00445656 0.0570202 0.00111763
59 0.0279763 0.0342937 0.637569
60 0.00428633 0.0520683 0.00050554
61 0.0272486 0.0301098 0.182263
62 0.0042871 0.0471095 0.000200927
63 0.0265548 0.0254467 0.168474
64 0.00428788 0.0421507 0.000134922
65 0.0263689 0.0212858 0.676082
66 0.00428865 0.0371918 0.000213618
67 0.023812 0.0179538 0.317079
68 0.00428943 0.032233 0.000553099
69 0.0219528 0.0142519 0.892847
70 0.00446855 0.0273679 0.00116133
71 0.0183422 0.0121845 0.576243
72 0.00457349 0.0225987 0.00261056
73 0.014654 0.00971819 0.785186
74 0.00453732 0.0178296 0.0090754
75 0.0108851 0.00750773 1.24598
76 0.00478279 0.0131013 0.0433226
77 0.00568944 0.00751098 0.43307
78 0.00931977 0.0695431 0.0326088
79 0.00963699 0.0641691 0.00497659
80 0.0132498 0.0564117 0.0032158
81 0.0158619 0.0518395 0.0136241
82 0.0175474 0.0471673 0.00920654
83 0.0194475 0.0429602 0.00851517
84 0.0213959 0.0385979 0.00833466
85 0.00930963 0.0592957 0.000254655
86 0.0229509 0.0336771 0.00636673
87 0.00848271 0.0545074 2.98668e-05
88 0.00829861 0.0496015 1.78427e-05
89 0.00875475 0.0447721 1.20987e-05
90 0.0212051 0.0228138 0.0109405
91 0.00882904 0.039829 3.94002e-06
92 0.00859774 0.0347131 7.89211e-06
93 0.00876378 0.0298831 1.94216e-05
94 0.0182461 0.0178508 0.0329356
95 0.0092848 0.0251319 5.69812e-05
96 0.00922847 0.0205885 0.00054533
97 0.00971414 0.0117778 0.0905604
98 0.0222789 0.0282217 0.00430209
99 0.0139238 0.0143055 0.0533527
100 0.0127893 0.0476001 0.000381933
101 0.0138152 0.0426951 0.000132792
102 0.0167885 0.0392845 0.000497056
103 0.0175703 0.0352436 0.000238019
104 0.0146918 0.0226431 0.000925163
105 0.012906 0.0371932 1.51083e-05
106 0.013157 0.0325522 8.00537e-06
107 0.0135214 0.0278749 5.03314e-05
108 0.0178278 0.0306864 0.000142822
