1 0 0 6.62559
2 -1.31814e-05 0.0843 6.65447
3 0.000902904 0.000238307 6.20146
4 0.00180581 0.000476615 6.08406
5 0.00270871 0.000714922 6.02736
6 0.00361162 0.000953229 6.00092
7 0.00451452 0.00119154 5.99491
8 0.00541242 0.00144713 5.99537
9 0.00630287 0.00172842 5.97957
10 0.00719332 0.00200971 5.97134
11 0.00808377 0.00229101 5.96766
12 0.00897422 0.0025723 5.97032
13 0.00986467 0.00285359 5.99212
14 0.0107437 0.0031684 5.99228
15 0.01162 0.00349105 5.99368
16 0.0124944 0.00381843 6.01395
17 0.0133556 0.00417962 6.00845
18 0.0142167 0.0045408 6.01922
19 0.0150709 0.00491774 6.03188
20 0.0159159 0.00531524 6.03395
21 0.0167609 0.00571274 6.06203
22 0.0175898 0.00614227 6.07459
23 0.0184132 0.00658272 6.10441
24 0.0192167 0.00705789 6.11561
25 0.0200136 0.00754475 6.14558
26 0.020791 0.00806173 6.16199
27 0.0215618 0.00858884 6.20264
28 0.0223115 0.00914526 6.24651
29 0.023037 0.00973275 6.28692
30 0.0237388 0.0103484 6.32586
31 0.0244187 0.0109884 6.36661
32 0.0250781 0.0116495 6.42602
33 0.0257068 0.01234 6.48737
34 0.0262999 0.0130613 6.53746
35 0.0268624 0.0138066 6.58373
36 0.0273994 0.0145706 6.64237
37 0.0279032 0.0153567 6.69923
38 0.0283709 0.0161648 6.74348
39 0.0288093 0.0169893 6.78595
40 0.0292195 0.017828 6.83008
41 0.0296016 0.0186799 6.87239
42 0.0299535 0.0195448 6.90874
43 0.0302798 0.0204196 6.94925
44 0.0305732 0.0213062 6.97166
45 0.0308471 0.0221987 7.00411
46 0.0310974 0.0230983 7.04175
47 0.0313149 0.0240063 7.05873
48 0.0315156 0.0249181 7.09552
49 0.0316844 0.0258366 7.11648
50 0.0318265 0.0267593 7.13275
51 0.0319505 0.0276848 7.16868
52 0.0320342 0.0286149 7.17249
53 0.0320947 0.0295464 7.18343
54 0.0321332 0.0304795 7.20746
55 0.032127 0.0314132 7.19226
56 0.0320993 0.0323463 7.19342
57 0.0320424 0.0332784 7.19198
58 0.0319454 0.034207 7.16286
59 0.0318271 0.0351331 7.1519
60 0.0316733 0.0360541 7.12227
61 0.031488 0.0369691 7.08487
62 0.0312837 0.0378802 7.06665
63 0.0310392 0.0387815 7.01439
64 0.0307756 0.0396771 6.98065
65 0.0304911 0.0405665 6.95131
66 0.0301751 0.0414451 6.90078
67 0.029848 0.0423197 6.8761
68 0.0294955 0.0431844 6.83619
69 0.0291291 0.0440432 6.80582
70 0.0287497 0.0448965 6.78086
71 0.0283536 0.0457421 6.75076
72 0.027952 0.0465852 6.73613
73 0.0275359 0.0474212 6.70948
74 0.0271164 0.0482555 6.69749
75 0.0266904 0.0490864 6.68399
76 0.0262615 0.049916 6.67454
77 0.0258308 0.0507445 6.66693
78 0.025401 0.0515736 6.66344
79 0.024972 0.052403 6.65958
80 0.0245491 0.0532356 6.66365
81 0.0241305 0.0540703 6.66491
82 0.0237197 0.0549089 6.6694
83 0.0233201 0.0557529 6.68067
84 0.0229276 0.0566002 6.68333
85 0.0225555 0.0574566 6.7043
86 0.0221913 0.0583164 6.70922
87 0.0218499 0.0591856 6.73255
88 0.0215249 0.0600609 6.74994
89 0.0212134 0.0609412 6.75896
90 0.0209328 0.0618318 6.79716
91 0.0206641 0.062726 6.81237
92 0.0204175 0.0636267 6.8395
93 0.0201907 0.0645325 6.87281
94 0.0199759 0.0654412 6.89864
95 0.0197769 0.0663536 6.93554
96 0.0195816 0.0672668 6.96282
97 0.0193925 0.0681812 7.00043
98 0.0191979 0.0690945 7.0331
99 0.0189822 0.070003 7.0418
100 0.0187493 0.0709073 7.05415
101 0.0184899 0.0718042 7.0621
102 0.0181717 0.0726819 7.01505
103 0.0177999 0.0735385 6.94942
104 0.0173863 0.0743756 6.89383
105 0.016907 0.0751767 6.80159
106 0.0163465 0.0759232 6.66408
107 0.0157451 0.0766374 6.56641
108 0.015098 0.0773103 6.47406
109 0.0144095 0.0779407 6.38803
110 0.0136756 0.0785174 6.29447
111 0.0129039 0.0790434 6.20905
112 0.012119 0.0795486 6.16593
113 0.0113194 0.080031 6.13447
114 0.0104969 0.0804728 6.09355
115 0.00966437 0.0808951 6.07322
116 0.00881537 0.081284 6.04536
117 0.00795222 0.0816396 6.0147
118 0.00708353 0.0819823 6.00226
119 0.00621485 0.0823249 6.00733
120 0.00533848 0.0826466 6.00505
121 0.00445393 0.0829459 6.00175
122 0.00356938 0.0832453 6.02301
123 0.00268146 0.0835337 6.05264
124 0.00178324 0.0837892 6.09458
125 0.000885031 0.0840446 6.21259
126 -1.3035e-05 0.0833633 5.38693
127 -1.28885e-05 0.0824267 4.22555
128 -1.27421e-05 0.08149 3.19042
129 -1.25956e-05 0.0805533 2.31447
130 -1.24491e-05 0.0796167 1.61277
131 -1.23027e-05 0.07868 1.0743
132 -1.21562e-05 0.0777433 0.68155
133 -1.20098e-05 0.0768067 0.411754
134 -1.18633e-05 0.07587 0.237797
135 -1.17168e-05 0.0749333 0.132198
136 -1.15704e-05 0.0739967 0.071323
137 -1.14239e-05 0.07306 0.0376295
138 -1.12775e-05 0.0721233 0.0195356
139 -1.1131e-05 0.0711867 0.0100273
140 -1.09845e-05 0.07025 0.00510624
141 -1.08381e-05 0.0693133 0.00258612
142 -1.06916e-05 0.0683767 0.00130495
143 -1.05452e-05 0.06744 0.000656866
144 -1.03987e-05 0.0665033 0.000330135
145 -1.02522e-05 0.0655667 0.000165775
146 -1.01058e-05 0.06463 8.32088e-05
147 -9.95932e-06 0.0636933 4.17633e-05
148 -9.81286e-06 0.0627567 2.09659e-05
149 -9.66639e-06 0.06182 1.05295e-05
150 -9.51993e-06 0.0608833 5.2912e-06
151 -9.37347e-06 0.0599467 2.66071e-06
152 -9.22701e-06 0.05901 1.339e-06
153 -9.08055e-06 0.0580733 6.74432e-07
154 -8.93409e-06 0.0571367 3.40012e-07
155 -8.78763e-06 0.0562 1.71583e-07
156 -8.64117e-06 0.0552633 8.66761e-08
157 -8.49471e-06 0.0543267 4.38323e-08
158 -8.34825e-06 0.05339 2.21915e-08
159 -8.20179e-06 0.0524533 1.1249e-08
160 -8.05533e-06 0.0515167 5.70982e-09
161 -7.90887e-06 0.05058 2.90258e-09
162 -7.76241e-06 0.0496433 1.47807e-09
163 -7.61595e-06 0.0487067 7.54234e-10
164 -7.46949e-06 0.04777 3.85887e-10
165 -7.32303e-06 0.0468333 1.98175e-10
166 -7.17657e-06 0.0458967 1.02455e-10
167 -7.03011e-06 0.04496 5.38038e-11
168 -6.88364e-06 0.0440233 2.95631e-11
169 -6.73718e-06 0.0430867 1.85596e-11
170 -6.59072e-06 0.04215 1.58113e-11
171 -6.44426e-06 0.0412133 2.0182e-11
172 -6.2978e-06 0.0402767 3.38552e-11
173 -6.15134e-06 0.03934 6.33769e-11
174 -6.00488e-06 0.0384033 1.22755e-10
175 -5.85842e-06 0.0374667 2.40082e-10
176 -5.71196e-06 0.03653 4.70803e-10
177 -5.5655e-06 0.0355933 9.23922e-10
178 -5.41904e-06 0.0346567 1.81354e-09
179 -5.27258e-06 0.03372 3.56015e-09
180 -5.12612e-06 0.0327833 6.98982e-09
181 -4.97966e-06 0.0318467 1.37258e-08
182 -4.8332e-06 0.03091 2.69592e-08
183 -4.68674e-06 0.0299733 5.29661e-08
184 -4.54028e-06 0.0290367 1.04095e-07
185 -4.39382e-06 0.0281 2.04655e-07
186 -4.24736e-06 0.0271633 4.02526e-07
187 -4.10089e-06 0.0262267 7.92055e-07
188 -3.95443e-06 0.02529 1.55926e-06
189 -3.80797e-06 0.0243533 3.07103e-06
190 -3.66151e-06 0.0234167 6.05132e-06
191 -3.51505e-06 0.02248 1.19291e-05
192 -3.36859e-06 0.0215433 2.3525e-05
193 -3.22213e-06 0.0206067 4.64067e-05
194 -3.07567e-06 0.01967 9.15595e-05
195 -2.92921e-06 0.0187333 0.00018064
196 -2.78275e-06 0.0177967 0.000356277
197 -2.63629e-06 0.01686 0.000702191
198 -2.48983e-06 0.0159233 0.00138219
199 -2.34337e-06 0.0149867 0.00271503
200 -2.19691e-06 0.01405 0.00531583
201 -2.05045e-06 0.0131133 0.0103571
202 -1.90399e-06 0.0121767 0.0200329
203 -1.75753e-06 0.01124 0.0383381
204 -1.61107e-06 0.0103033 0.0722553
205 -1.46461e-06 0.00936667 0.133282
206 -1.31814e-06 0.00843 0.238804
207 -1.17168e-06 0.00749333 0.412278
208 -1.02522e-06 0.00655667 0.681268
209 -8.78763e-07 0.00562 1.07151
210 -7.32303e-07 0.00468333 1.60519
211 -5.85842e-07 0.00374667 2.30051
212 -4.39382e-07 0.00281 3.16971
213 -2.92921e-07 0.00187333 4.20173
214 -1.46461e-07 0.000936667 5.36011
215 0.0201278 0.0272385 5.23012e-05
216 0.0103789 0.0633824 0.000290162
217 0.0165452 0.0481939 0.000553359
218 0.0127404 0.0486787 7.10936e-06
219 0.0218334 0.0268261 0.000276018
220 0.007961 0.0112936 0.0583907
221 0.0141144 0.0769326 4.65222
222 0.0134667 0.0775198 4.66557
223 0.0147374 0.0763136 4.6707
224 0.0127767 0.0780363 4.63761
225 0.0153399 0.0756771 4.74384
226 0.0120237 0.0785049 4.56018
227 0.0158811 0.075008 4.79862
228 0.0112455 0.0789591 4.50285
229 0.0163624 0.0742928 4.82467
230 0.0104349 0.0794171 4.48536
231 0.0167935 0.0735292 4.83862
232 0.00963419 0.0798634 4.51445
233 0.0171854 0.0727444 4.86819
234 0.00883598 0.0802932 4.57196
235 0.0175184 0.0719414 4.86382
236 0.0080409 0.0806638 4.59612
237 0.0177938 0.0710862 4.78987
238 0.00719901 0.0809889 4.56521
239 0.0180514 0.0702257 4.75322
240 0.00635208 0.081292 4.52578
241 0.018284 0.0693499 4.71099
242 0.00546737 0.0815916 4.48822
243 0.0184936 0.0684711 4.6592
244 0.00458294 0.0818911 4.48376
245 0.0186896 0.0675584 4.5849
246 0.00368294 0.0822012 4.51843
247 0.0188898 0.0666411 4.53412
248 0.00275295 0.0825073 4.57247
249 0.0190955 0.065726 4.49916
250 0.00177442 0.082736 4.56957
251 0.0193026 0.0648157 4.45895
252 0.000893386 0.0830337 4.79147
253 0.0195256 0.0638875 4.42412
254 0.0197736 0.0629712 4.42735
255 0.0200372 0.062064 4.43656
256 0.0203067 0.06115 4.41013
257 0.000984755 0.0820087 3.53609
258 0.0206105 0.0602469 4.42772
259 0.000795704 0.0810046 2.52466
260 0.0209447 0.0593541 4.47566
261 0.000792285 0.0800745 1.75461
262 0.0212783 0.0584661 4.47844
263 0.000798801 0.0791485 1.15764
264 0.0216338 0.0575829 4.49029
265 0.000798948 0.0782118 0.715681
266 0.0220138 0.0567115 4.52466
267 0.000799094 0.0772751 0.415103
268 0.0223951 0.0558594 4.54207
269 0.000799241 0.0763385 0.227225
270 0.0227884 0.0549989 4.54188
271 0.000799387 0.0754018 0.119087
272 0.0232031 0.054139 4.55916
273 0.000799534 0.0744651 0.0607531
274 0.0236199 0.0533036 4.58131
275 0.00079968 0.0735285 0.0305691
276 0.0240367 0.0524682 4.58438
277 0.000799826 0.0725918 0.0152919
278 0.0244646 0.0516255 4.5884
279 0.000799973 0.0716551 0.00763538
280 0.0248946 0.0507952 4.60062
281 0.000800119 0.0707185 0.00381193
282 0.0253247 0.0499666 4.61056
283 0.000800266 0.0697818 0.00190409
284 0.0257515 0.0491401 4.61683
285 0.000800412 0.0688451 0.00095181
286 0.0261728 0.048313 4.61719
287 0.000800559 0.0679085 0.000476163
288 0.0265937 0.0474797 4.62083
289 0.000800705 0.0669718 0.000238402
290 0.0270147 0.0466464 4.64
291 0.000800852 0.0660351 0.000119458
292 0.0274099 0.0458307 4.64458
293 0.000800998 0.0650985 5.99079e-05
294 0.0277999 0.0449859 4.63468
295 0.000801145 0.0641618 3.00694e-05
296 0.0281896 0.0441375 4.65131
297 0.000801291 0.0632251 1.5106e-05
298 0.0285576 0.0433055 4.67222
299 0.000801438 0.0622885 7.59583e-06
300 0.0288984 0.042465 4.66555
301 0.000801584 0.0613518 3.82305e-06
302 0.0292352 0.0415944 4.66889
303 0.00080173 0.0604151 1.92605e-06
304 0.0295529 0.0407382 4.69144
305 0.000801877 0.0594785 9.71308e-07
306 0.0298401 0.0398758 4.69336
307 0.000802023 0.0585418 4.9033e-07
308 0.0301063 0.0390053 4.69907
309 0.00080217 0.0576051 2.47783e-07
310 0.0303562 0.0381316 4.72493
311 0.000802316 0.0566685 1.25349e-07
312 0.030571 0.037251 4.72787
313 0.000802463 0.0557318 6.34817e-08
314 0.0307596 0.0363662 4.73345
315 0.000802609 0.0547951 3.21868e-08
316 0.0309242 0.0354673 4.74281
317 0.000802756 0.0538585 1.63395e-08
318 0.0310584 0.0345718 4.75071
319 0.000802902 0.0529218 8.30565e-09
320 0.031162 0.0336836 4.7564
321 0.000803049 0.0519851 4.22812e-09
322 0.0312321 0.0327711 4.74495
323 0.000803195 0.0510485 2.15601e-09
324 0.0312834 0.0318666 4.76269
325 0.000803341 0.0501118 1.10158e-09
326 0.0312975 0.0309736 4.75873
327 0.000803488 0.0491751 5.64188e-10
328 0.0312824 0.0300404 4.75502
329 0.000803634 0.0482385 2.89839e-10
330 0.0312382 0.0291472 4.74736
331 0.000803781 0.0473018 1.49508e-10
332 0.0311693 0.028258 4.74598
333 0.000803927 0.0463651 7.75963e-11
334 0.0310638 0.0273306 4.73133
335 0.000804074 0.0454285 4.07351e-11
336 0.0309397 0.0264385 4.72969
337 0.00080422 0.0444918 2.19773e-11
338 0.0307813 0.0255435 4.71023
339 0.000804367 0.0435551 1.28055e-11
340 0.0306042 0.0246461 4.71295
341 0.000804513 0.0426185 9.13427e-12
342 0.0304024 0.0237628 4.71378
343 0.00080466 0.0416818 9.4064e-12
344 0.0301734 0.0228819 4.71298
345 0.000804806 0.0407451 1.38784e-11
346 0.0299172 0.0220104 4.70658
347 0.000804953 0.0398085 2.47576e-11
348 0.0296449 0.0211452 4.72236
349 0.000805099 0.0388718 4.72572e-11
350 0.0293376 0.0202941 4.71387
351 0.000805245 0.0379351 9.20664e-11
352 0.0290057 0.0194533 4.70935
353 0.000805392 0.0369985 1.80404e-10
354 0.0286443 0.0186179 4.70516
355 0.000805538 0.0360618 3.54044e-10
356 0.0282681 0.0177965 4.72624
357 0.000805685 0.0351251 6.9504e-10
358 0.0278428 0.0169992 4.69497
359 0.000805831 0.0341885 1.36449e-09
360 0.0274001 0.0162031 4.70013
361 0.000805978 0.0332518 2.67868e-09
362 0.0269337 0.0154364 4.70375
363 0.000806124 0.0323151 5.25864e-09
364 0.0264372 0.0146904 4.70633
365 0.000806271 0.0313785 1.03241e-08
366 0.0258923 0.0139789 4.65927
367 0.000806417 0.0304418 2.02714e-08
368 0.0253301 0.013279 4.64227
369 0.000806564 0.0295051 3.98102e-08
370 0.0247532 0.0125847 4.66929
371 0.00080671 0.0285685 7.82009e-08
372 0.0241463 0.0119343 4.67244
373 0.000806857 0.0276318 1.5366e-07
374 0.0234842 0.0113305 4.60913
375 0.000807003 0.0266951 3.02041e-07
376 0.0228112 0.0107256 4.59324
377 0.000807149 0.0257585 5.93953e-07
378 0.0221272 0.0101403 4.59831
379 0.000807296 0.0248218 1.16853e-06
380 0.0214371 0.00957212 4.6327
381 0.000807442 0.0238851 2.30011e-06
382 0.020717 0.00905673 4.62097
383 0.000807589 0.0229485 4.52998e-06
384 0.0199566 0.00857232 4.57319
385 0.000807735 0.0220118 8.92691e-06
386 0.0191601 0.00808753 4.53674
387 0.000807882 0.0210751 1.76026e-05
388 0.0183634 0.00760315 4.5418
389 0.000808028 0.0201385 3.47324e-05
390 0.0175663 0.00711866 4.58936
391 0.000808175 0.0192018 6.85783e-05
392 0.0168017 0.00669364 4.61525
393 0.000808321 0.0182651 0.000135501
394 0.0159945 0.00629871 4.60319
395 0.000808468 0.0173285 0.000267924
396 0.0151723 0.00593478 4.56538
397 0.000808614 0.0163918 0.000530156
398 0.0143118 0.00557425 4.52251
399 0.000808761 0.0154551 0.00104986
400 0.0134514 0.00521383 4.50606
401 0.000808907 0.0145185 0.00208063
402 0.012591 0.0048536 4.50987
403 0.000809053 0.0135818 0.00412642
404 0.0117303 0.00449353 4.53858
405 0.0008092 0.0126451 0.00818774
406 0.0108695 0.00413315 4.59295
407 0.000809346 0.0117085 0.0162426
408 0.0100392 0.00381018 4.62803
409 0.000809493 0.0107718 0.032156
410 0.00918013 0.00351676 4.6313
411 0.000809639 0.00983513 0.0632733
412 0.00830981 0.00325151 4.60955
413 0.000809786 0.00889846 0.122776
414 0.00741074 0.00299103 4.5794
415 0.000809932 0.00796179 0.231956
416 0.00651167 0.00273055 4.55602
417 0.000810079 0.00702513 0.42
418 0.00561261 0.00247001 4.54323
419 0.00082363 0.00608007 0.72101
420 0.00471398 0.00220916 4.55087
421 0.000826608 0.0051416 1.1613
422 0.00378322 0.0019463 4.58023
423 0.000816432 0.00420898 1.75955
424 0.00284924 0.00168559 4.63601
425 0.000821269 0.00325689 2.54538
426 0.00187209 0.00146503 4.66416
427 0.0010331 0.0022303 3.57848
428 0.000948194 0.00124658 4.7873
429 0.0138661 0.076044 3.38917
430 0.0132554 0.0766012 3.39202
431 0.0126152 0.077107 3.38455
432 0.0144319 0.0754474 3.37486
433 0.0119436 0.0775774 3.37031
434 0.0149502 0.0748244 3.35904
435 0.0112074 0.0780358 3.34586
436 0.0154328 0.0741791 3.35815
437 0.0104424 0.0784842 3.34033
438 0.0158878 0.0735179 3.38848
439 0.00963184 0.0789418 3.36226
440 0.0162685 0.0727763 3.33656
441 0.00885247 0.0793595 3.39972
442 0.0165775 0.0720254 3.23801
443 0.00808939 0.0797306 3.42922
444 0.0168743 0.0712382 3.16702
445 0.00731402 0.0800664 3.44001
446 0.0171462 0.0704223 3.09947
447 0.0064832 0.0803785 3.42125
448 0.0173829 0.0695739 3.01073
449 0.00561826 0.0806734 3.38875
450 0.0176011 0.0687171 2.9319
451 0.0047409 0.0809677 3.37855
452 0.0177998 0.0678447 2.84601
453 0.00387093 0.0812787 3.42021
454 0.0179958 0.0669265 2.75811
455 0.0029765 0.0816169 3.51933
456 0.0182003 0.0660055 2.70029
457 0.00200253 0.0819576 3.65294
458 0.0184094 0.0650911 2.65946
459 0.0186226 0.0641548 2.61054
460 0.0188606 0.0632183 2.59467
461 0.0191291 0.0622853 2.61541
462 0.0193897 0.0613585 2.59999
463 0.0196683 0.0604291 2.58633
464 0.0200021 0.0595242 2.65202
465 0.00158689 0.0805144 2.12925
466 0.0203492 0.0586336 2.71509
467 0.00160976 0.0796144 1.45359
468 0.0206985 0.0577197 2.73217
469 0.00162613 0.0786888 0.92627
470 0.021073 0.056829 2.77314
471 0.00162456 0.0777504 0.54882
472 0.0214653 0.0559547 2.82524
473 0.00161063 0.0768069 0.30349
474 0.0218492 0.0550898 2.83987
475 0.00161078 0.0758703 0.159535
476 0.0222611 0.0542202 2.87066
477 0.00161093 0.0749336 0.0807484
478 0.0226868 0.0533597 2.90709
479 0.00161107 0.0739969 0.0400132
480 0.0231036 0.0525243 2.93037
481 0.00161122 0.0730603 0.0196408
482 0.0235232 0.0516774 2.93312
483 0.00161137 0.0721236 0.00961456
484 0.0239598 0.0508376 2.95736
485 0.00161151 0.0711869 0.00470958
486 0.0243908 0.0500078 2.97309
487 0.00161166 0.0702503 0.00231188
488 0.0248201 0.0491826 2.98619
489 0.0016118 0.0693136 0.00113792
490 0.025243 0.0483602 2.99203
491 0.00161195 0.0683769 0.000561646
492 0.0256604 0.0475312 2.98748
493 0.0016121 0.0674403 0.000277953
494 0.0260813 0.0466979 2.99324
495 0.00161224 0.0665036 0.000137901
496 0.0264878 0.0458875 3.00673
497 0.00161239 0.0655669 6.85761e-05
498 0.0268711 0.0450696 2.99196
499 0.00161254 0.0646303 3.41756e-05
500 0.0272588 0.0442237 2.98278
501 0.00161268 0.0636936 1.70662e-05
502 0.0276262 0.0434003 2.98117
503 0.00161283 0.0627569 8.53843e-06
504 0.0279775 0.0425717 2.97645
505 0.00161298 0.0618203 4.27957e-06
506 0.0283116 0.0417375 2.96877
507 0.00161312 0.0608836 2.14865e-06
508 0.0286305 0.040891 2.96182
509 0.00161327 0.0599469 1.08056e-06
510 0.0289257 0.0400515 2.95723
511 0.00161342 0.0590103 5.44283e-07
512 0.0291936 0.0392071 2.94238
513 0.00161356 0.0580736 2.74591e-07
514 0.0294418 0.038354 2.93245
515 0.00161371 0.0571369 1.38749e-07
516 0.0296757 0.0374937 2.94032
517 0.00161386 0.0562003 7.0221e-08
518 0.0298712 0.0366361 2.92876
519 0.001614 0.0552636 3.55975e-08
520 0.0300388 0.0357716 2.91496
521 0.00161415 0.0543269 1.80773e-08
522 0.0301876 0.0349029 2.91802
523 0.00161429 0.0533903 9.19779e-09
524 0.0303002 0.0340324 2.90669
525 0.00161444 0.0524536 4.69009e-09
526 0.0303877 0.033152 2.90115
527 0.00161459 0.0515169 2.39767e-09
528 0.0304441 0.0322746 2.89321
529 0.00161473 0.0505803 1.22953e-09
530 0.0304743 0.0314001 2.89158
531 0.00161488 0.0496436 6.32916e-10
532 0.0304803 0.03052 2.89903
533 0.00161503 0.0487069 3.27382e-10
534 0.0304433 0.0296376 2.87992
535 0.00161517 0.0477703 1.70402e-10
536 0.0303879 0.0287597 2.88037
537 0.00161532 0.0468336 8.94383e-11
538 0.030312 0.0278858 2.89502
539 0.00161547 0.0458969 4.75166e-11
540 0.0301936 0.0270016 2.88526
541 0.00161561 0.0449603 2.5779e-11
542 0.0300593 0.0261284 2.89545
543 0.00161576 0.0440236 1.46394e-11
544 0.0298964 0.0252594 2.90281
545 0.00161591 0.0430869 9.3209e-12
546 0.0297118 0.0243895 2.9217
547 0.00161605 0.0421503 7.65534e-12
548 0.0295063 0.0235295 2.94923
549 0.0016162 0.0412136 9.10106e-12
550 0.0292662 0.0226799 2.95945
551 0.00161635 0.0402769 1.45196e-11
552 0.0290045 0.0218342 2.97977
553 0.00161649 0.0393403 2.66077e-11
554 0.028724 0.0209924 3.01589
555 0.00161664 0.0384036 5.11924e-11
556 0.0284149 0.0201697 3.04279
557 0.00161678 0.0374669 1.00005e-10
558 0.028077 0.0193537 3.06874
559 0.00161693 0.0365303 1.96246e-10
560 0.027716 0.0185513 3.10091
561 0.00161708 0.0355936 3.85596e-10
562 0.0273327 0.0177745 3.13034
563 0.00161722 0.0346569 7.57866e-10
564 0.0269117 0.0170098 3.14729
565 0.00161737 0.0337203 1.48962e-09
566 0.0264705 0.0162475 3.18813
567 0.00161752 0.0327836 2.92799e-09
568 0.0259988 0.0155111 3.21929
569 0.00161766 0.0318469 5.75568e-09
570 0.0255169 0.0148235 3.24415
571 0.00161781 0.0309103 1.13159e-08
572 0.0249789 0.0141389 3.24957
573 0.00161796 0.0299736 2.22527e-08
574 0.0244239 0.0134693 3.27443
575 0.0016181 0.0290369 4.37739e-08
576 0.0238459 0.012835 3.29074
577 0.00161825 0.0281003 8.6144e-08
578 0.0232452 0.0122304 3.30015
579 0.0016184 0.0271636 1.69611e-07
580 0.0226057 0.0116347 3.30921
581 0.00161854 0.0262269 3.34149e-07
582 0.0219459 0.0110535 3.32969
583 0.00161869 0.0252903 6.58763e-07
584 0.0212687 0.0104984 3.35229
585 0.00161883 0.0243536 1.29977e-06
586 0.0205872 0.00998872 3.36217
587 0.00161898 0.0234169 2.56684e-06
588 0.0198768 0.00949853 3.36228
589 0.00161913 0.0224803 5.07432e-06
590 0.0191376 0.00902121 3.36092
591 0.00161927 0.0215436 1.00429e-05
592 0.0183413 0.00853679 3.36154
593 0.00161942 0.0206069 1.99023e-05
594 0.0175444 0.00805261 3.39615
595 0.00161957 0.0196703 3.94981e-05
596 0.0167914 0.0076238 3.42552
597 0.00161971 0.0187336 7.85148e-05
598 0.0160409 0.00722844 3.44351
599 0.00161986 0.0177969 0.000156355
600 0.0152471 0.00685717 3.43124
601 0.00162001 0.0168603 0.000311994
602 0.0144292 0.00650121 3.40832
603 0.00162015 0.0159236 0.000623948
604 0.0135688 0.00614065 3.3901
605 0.0016203 0.0149869 0.00125085
606 0.0127086 0.00578034 3.39087
607 0.00162045 0.0140503 0.00251403
608 0.0118482 0.00542038 3.41136
609 0.00162059 0.0131136 0.00506542
610 0.0109872 0.00506019 3.45267
611 0.00162074 0.0121769 0.0102261
612 0.0101661 0.00473129 3.49111
613 0.00162089 0.0112403 0.0206546
614 0.00934675 0.00443359 3.51032
615 0.00162103 0.0103036 0.0415988
616 0.0085047 0.00415878 3.50886
617 0.00162118 0.00936692 0.0829915
618 0.00763455 0.00390037 3.48973
619 0.00162132 0.00843025 0.16216
620 0.00673548 0.00363989 3.46999
621 0.00162147 0.00749359 0.30542
622 0.00581428 0.00338666 3.44488
623 0.0016442 0.00653756 0.551612
624 0.00490324 0.00312904 3.44353
625 0.00166345 0.00558802 0.931129
626 0.00399259 0.00286034 3.48
627 0.00165525 0.00465529 1.46034
628 0.00306518 0.00257477 3.56222
629 0.00162005 0.00375406 2.13284
630 0.00207815 0.00229819 3.66064
631 0.00154265 0.081307 2.86421
632 0.0135833 0.0751957 2.36205
633 0.0130258 0.0757412 2.38815
634 0.0124201 0.0762047 2.36203
635 0.0118028 0.0766627 2.36734
636 0.0140603 0.0746029 2.27888
637 0.0111363 0.0771124 2.37401
638 0.0145249 0.0740088 2.2377
639 0.0103937 0.0775651 2.37865
640 0.0149718 0.0734057 2.22924
641 0.00963968 0.078009 2.40458
642 0.0154729 0.0728355 2.36836
643 0.00886726 0.0784185 2.42487
644 0.0156128 0.072088 2.03755
645 0.00809772 0.078812 2.46173
646 0.0159534 0.0713413 1.98445
647 0.00736049 0.0791461 2.47965
648 0.0162244 0.0705715 1.88952
649 0.00658719 0.0794661 2.49071
650 0.0164774 0.0697724 1.80558
651 0.00575939 0.0797641 2.4771
652 0.0167045 0.0689429 1.71777
653 0.00489033 0.0800394 2.44932
654 0.0169115 0.0680925 1.6316
655 0.00401876 0.0803374 2.46938
656 0.0171031 0.067216 1.54436
657 0.0031723 0.0806669 2.55654
658 0.0173024 0.0662894 1.46992
659 0.0175131 0.0653673 1.42466
660 0.017714 0.0644483 1.37492
661 0.0179396 0.0634787 1.33845
662 0.0181926 0.0625329 1.33532
663 0.0184665 0.0615929 1.34858
664 0.0187436 0.0606409 1.34658
665 0.0190576 0.0597018 1.37153
666 0.0193966 0.0587808 1.41455
667 0.00241016 0.0801149 1.91174
668 0.019753 0.0578677 1.46001
669 0.00244855 0.0791812 1.26217
670 0.0201193 0.0569522 1.49254
671 0.00246573 0.0782378 0.776789
672 0.0205276 0.0560505 1.55692
673 0.00244712 0.0772905 0.443881
674 0.020911 0.055191 1.59205
675 0.00242217 0.0763387 0.237043
676 0.0213137 0.0543012 1.61487
677 0.00242232 0.075402 0.121783
678 0.0217338 0.0534342 1.65091
679 0.00242246 0.0744654 0.0606171
680 0.0221705 0.0525805 1.69637
681 0.00242261 0.0735287 0.0296718
682 0.0225823 0.0517387 1.70689
683 0.00242276 0.072592 0.0144236
684 0.023017 0.0508808 1.72251
685 0.0024229 0.0716554 0.00700045
686 0.023456 0.050049 1.75008
687 0.00242305 0.0707187 0.00340157
688 0.0238885 0.0492223 1.76714
689 0.0024232 0.069782 0.00165683
690 0.0243155 0.0484031 1.7796
691 0.00242334 0.0688454 0.000809366
692 0.0247309 0.0475828 1.77822
693 0.00242349 0.0679087 0.000396597
694 0.0251479 0.0467494 1.77332
695 0.00242364 0.066972 0.000194932
696 0.0255649 0.0459317 1.78384
697 0.00242378 0.0660354 9.60956e-05
698 0.0259511 0.0451372 1.78007
699 0.00242393 0.0650987 4.7507e-05
700 0.0263302 0.0443098 1.76014
701 0.00242408 0.064162 2.35498e-05
702 0.0267044 0.0434871 1.75248
703 0.00242422 0.0632254 1.17041e-05
704 0.0270591 0.042672 1.74158
705 0.00242437 0.0622887 5.83123e-06
706 0.0273916 0.0418551 1.72293
707 0.00242452 0.061352 2.91213e-06
708 0.0277088 0.0410313 1.70477
709 0.00242466 0.0604154 1.45767e-06
710 0.0280135 0.0401991 1.69153
711 0.00242481 0.0594787 7.31272e-07
712 0.0282854 0.0393795 1.6708
713 0.00242495 0.058542 3.67674e-07
714 0.0285401 0.0385466 1.65206
715 0.0024251 0.0576054 1.85276e-07
716 0.0287666 0.0377131 1.62945
717 0.00242525 0.0566687 9.35781e-08
718 0.0289753 0.0368832 1.61914
719 0.00242539 0.055732 4.73794e-08
720 0.0291615 0.0360501 1.61314
721 0.00242554 0.0547954 2.40527e-08
722 0.0293109 0.0352039 1.59225
723 0.00242569 0.0538587 1.22475e-08
724 0.0294352 0.0343644 1.57827
725 0.00242583 0.052922 6.25846e-09
726 0.0295332 0.0335124 1.56569
727 0.00242598 0.0519854 3.21171e-09
728 0.0296017 0.0326593 1.55357
729 0.00242613 0.0510487 1.65687e-09
730 0.0296434 0.0318125 1.54618
731 0.00242627 0.050112 8.60395e-10
732 0.0296601 0.030963 1.54477
733 0.00242642 0.0491754 4.50513e-10
734 0.0296467 0.0301081 1.5429
735 0.00242657 0.0482387 2.38368e-10
736 0.0296005 0.0292517 1.5373
737 0.00242671 0.047302 1.27781e-10
738 0.0295342 0.0283992 1.54361
739 0.00242686 0.0463654 6.96378e-11
740 0.0294433 0.0275432 1.55654
741 0.00242701 0.0454287 3.87856e-11
742 0.0293201 0.0266898 1.56516
743 0.00242715 0.044492 2.23225e-11
744 0.0291765 0.0258436 1.58293
745 0.0024273 0.0435554 1.36648e-11
746 0.0290109 0.024994 1.61051
747 0.00242744 0.0426187 9.56799e-12
748 0.0288148 0.0241517 1.63408
749 0.00242759 0.041682 8.69509e-12
750 0.0285993 0.0233197 1.66548
751 0.00242774 0.0407454 1.10609e-11
752 0.0283589 0.0224892 1.70201
753 0.00242788 0.0398087 1.8097e-11
754 0.0280889 0.0216712 1.73365
755 0.00242803 0.038872 3.3375e-11
756 0.0278043 0.0208696 1.77645
757 0.00242818 0.0379354 6.43402e-11
758 0.0275002 0.0200755 1.82905
759 0.00242832 0.0369987 1.25884e-10
760 0.0271563 0.0192903 1.86889
761 0.00242847 0.036062 2.47469e-10
762 0.0267912 0.0185305 1.90796
763 0.00242862 0.0351254 4.87205e-10
764 0.0264041 0.0177866 1.95105
765 0.00242876 0.0341887 9.59641e-10
766 0.0259827 0.017053 1.99044
767 0.00242891 0.033252 1.89058e-09
768 0.0255407 0.0163317 2.03942
769 0.00242906 0.0323154 3.72529e-09
770 0.0250785 0.0156468 2.08172
771 0.0024292 0.0313787 7.34228e-09
772 0.0245946 0.0149776 2.12976
773 0.00242935 0.030442 1.4476e-08
774 0.0240753 0.014327 2.16987
775 0.0024295 0.0295054 2.85531e-08
776 0.0235228 0.0137053 2.19547
777 0.00242964 0.0285687 5.63505e-08
778 0.0229598 0.0131121 2.22601
779 0.00242979 0.027632 1.11283e-07
780 0.0223654 0.012526 2.26029
781 0.00242993 0.0266954 2.19938e-07
782 0.0217391 0.0119517 2.29521
783 0.00243008 0.0257587 4.35076e-07
784 0.021091 0.011405 2.32443
785 0.00243023 0.024822 8.61553e-07
786 0.0204375 0.0109061 2.33905
787 0.00243037 0.0238854 1.70809e-06
788 0.0197787 0.0104257 2.36055
789 0.00243052 0.0229487 3.3909e-06
790 0.0190651 0.00994169 2.37805
791 0.00243067 0.022012 6.7416e-06
792 0.0183189 0.00947018 2.39092
793 0.00243081 0.0210754 1.34254e-05
794 0.0175419 0.00900096 2.41249
795 0.00243096 0.0201387 2.67843e-05
796 0.0167738 0.00855156 2.44492
797 0.00243111 0.019202 5.35431e-05
798 0.0160321 0.00815283 2.46372
799 0.00243125 0.0182654 0.000107271
800 0.0152942 0.00778559 2.47206
801 0.0024314 0.0173287 0.000215426
802 0.0145088 0.00742115 2.47292
803 0.00243155 0.016392 0.000433745
804 0.0136861 0.00706754 2.46379
805 0.00243169 0.0154554 0.000875703
806 0.012826 0.00670703 2.46192
807 0.00243184 0.0145187 0.00177296
808 0.011966 0.006347 2.47611
809 0.00243198 0.013582 0.0035993
810 0.0111052 0.00598727 2.50634
811 0.00243213 0.0126454 0.00732348
812 0.0102841 0.00565198 2.54203
813 0.00243228 0.0117087 0.0149172
814 0.00947294 0.00534369 2.56857
815 0.00243242 0.010772 0.0303388
816 0.00866949 0.00507323 2.57193
817 0.00243257 0.00983538 0.0612918
818 0.00781713 0.00480868 2.56512
819 0.00243272 0.00889871 0.121854
820 0.00695929 0.00454923 2.55938
821 0.00243286 0.00796205 0.234983
822 0.00602811 0.00429499 2.53696
823 0.00244345 0.00700751 0.436909
824 0.00510204 0.00404822 2.52084
825 0.00250399 0.00603313 0.773316
826 0.00416869 0.00378899 2.53535
827 0.00253471 0.0050662 1.2714
828 0.00324635 0.00350452 2.60341
829 0.00247396 0.00411455 1.93101
830 0.00237619 0.00319925 2.73598
831 0.00158176 0.00294151 2.88439
832 0.00235821 0.0810551 2.74719
833 0.0132052 0.0743592 1.50128
834 0.0128414 0.0749849 1.6955
835 0.0122057 0.075332 1.56839
836 0.0116215 0.0757509 1.56052
837 0.0110017 0.0761978 1.58226
838 0.0136537 0.0737636 1.41832
839 0.0103323 0.0766428 1.60778
840 0.0141275 0.0731175 1.36441
841 0.00960502 0.0770944 1.63939
842 0.0158329 0.018171 0.00349362
843 0.00885671 0.0775017 1.6576
844 0.0173767 0.029003 2.5979e-06
845 0.00810827 0.0778827 1.68069
846 0.0150319 0.0714647 1.19807
847 0.00738492 0.0782241 1.70195
848 0.0152944 0.0706946 1.07913
849 0.00664665 0.0785531 1.72528
850 0.0155563 0.0699354 0.999366
851 0.00589651 0.0788735 1.75524
852 0.0158012 0.0691494 0.929434
853 0.00502049 0.0791218 1.70465
854 0.0160156 0.0683229 0.853061
855 0.00413693 0.0793713 1.67809
856 0.0162163 0.0674695 0.783735
857 0.00325534 0.0797246 1.76046
858 0.0164038 0.0665808 0.716921
859 0.016612 0.0656465 0.670723
860 0.0168188 0.064734 0.637872
861 0.0170158 0.0637611 0.593253
862 0.0172538 0.0627904 0.577435
863 0.0175246 0.0618289 0.581538
864 0.0178108 0.0608667 0.589907
865 0.0180822 0.0598979 0.579976
866 0.0184296 0.058956 0.614678
867 0.0187907 0.0580214 0.650342
868 0.019151 0.0570937 0.674827
869 0.00332843 0.0787616 1.13402
870 0.0195424 0.0561766 0.709772
871 0.00332567 0.0777823 0.668494
872 0.0199494 0.0552833 0.752941
873 0.003278 0.0768156 0.367732
874 0.0203591 0.0543963 0.785733
875 0.00325151 0.075869 0.192932
876 0.0207772 0.053509 0.811696
877 0.00323386 0.0749338 0.0975875
878 0.0212087 0.0526453 0.844414
879 0.003234 0.0739972 0.0481279
880 0.0216473 0.0518029 0.880659
881 0.00323415 0.0730605 0.023423
882 0.022069 0.0509381 0.887255
883 0.0032343 0.0721238 0.0113422
884 0.0225171 0.0500852 0.910086
885 0.00323444 0.0711872 0.00548848
886 0.0229549 0.0492604 0.93079
887 0.00323459 0.0702505 0.00265976
888 0.0233884 0.0484408 0.946303
889 0.00323474 0.0693138 0.00129212
890 0.0238072 0.0476304 0.952825
891 0.00323488 0.0683772 0.000629536
892 0.0242159 0.0468041 0.945126
893 0.00323503 0.0674405 0.000307652
894 0.0246422 0.0459764 0.951627
895 0.00323518 0.0665038 0.000150809
896 0.0250293 0.0451802 0.944484
897 0.00323532 0.0655672 7.41496e-05
898 0.025408 0.0443878 0.937761
899 0.00323547 0.0646305 3.65656e-05
900 0.0257936 0.0435569 0.928699
901 0.00323561 0.0636938 1.80837e-05
902 0.0261368 0.0427557 0.907716
903 0.00323576 0.0627572 8.96863e-06
904 0.0264764 0.0419536 0.894159
905 0.00323591 0.0618205 4.46032e-06
906 0.0267993 0.0411473 0.878746
907 0.00323605 0.0608838 2.22431e-06
908 0.0270932 0.0403383 0.854301
909 0.0032362 0.0599472 1.1123e-06
910 0.0273703 0.0395335 0.83391
911 0.00323635 0.0590105 5.57779e-07
912 0.0276279 0.0387292 0.81486
913 0.00323649 0.0580738 2.80526e-07
914 0.0278636 0.0379146 0.794674
915 0.00323664 0.0571372 1.41528e-07
916 0.0280756 0.0371028 0.776246
917 0.00323679 0.0562005 7.16489e-08
918 0.0282637 0.0362933 0.760311
919 0.00323693 0.0552638 3.64154e-08
920 0.0284267 0.0354768 0.745105
921 0.00323708 0.0543272 1.85941e-08
922 0.0285587 0.034659 0.727874
923 0.00323723 0.0533905 9.54773e-09
924 0.0286661 0.0338441 0.714653
925 0.00323737 0.0524538 4.9367e-09
926 0.02875 0.0330202 0.70566
927 0.00323752 0.0515172 2.57472e-09
928 0.0288024 0.0321942 0.695919
929 0.00323767 0.0505805 1.35743e-09
930 0.0288307 0.0313736 0.691406
931 0.00323781 0.0496438 7.25275e-10
932 0.0288367 0.0305484 0.6934
933 0.00323796 0.0487072 3.93846e-10
934 0.028805 0.0297159 0.690235
935 0.0032381 0.0477705 2.18002e-10
936 0.028749 0.0288888 0.691927
937 0.00323825 0.0468338 1.23345e-10
938 0.0286749 0.0280575 0.703411
939 0.0032384 0.0458972 7.15292e-11
940 0.0285699 0.0272279 0.714477
941 0.00323854 0.0449605 4.26694e-11
942 0.0284389 0.0264041 0.728112
943 0.00323869 0.0440238 2.6408e-11
944 0.0282897 0.0255775 0.751218
945 0.00323884 0.0430872 1.73816e-11
946 0.0281128 0.0247557 0.775257
947 0.00323898 0.0421505 1.29601e-11
948 0.0279147 0.0239454 0.803799
949 0.00323913 0.0412138 1.22065e-11
950 0.0276922 0.023138 0.836216
951 0.00323928 0.0402772 1.55838e-11
952 0.0274428 0.0223366 0.869931
953 0.00323942 0.0393405 2.52892e-11
954 0.0271729 0.0215487 0.908026
955 0.00323957 0.0384038 4.63884e-11
956 0.026887 0.0207727 0.95447
957 0.00323972 0.0374672 8.9308e-11
958 0.0265715 0.0200086 0.999109
959 0.00323986 0.0365305 1.74891e-10
960 0.0262279 0.0192626 1.04139
961 0.00324001 0.0355938 3.44461e-10
962 0.0258621 0.0185393 1.08341
963 0.00324016 0.0346572 6.79761e-10
964 0.0254714 0.0178253 1.12876
965 0.0032403 0.0337205 1.34241e-09
966 0.025058 0.0171303 1.17567
967 0.00324045 0.0327838 2.65207e-09
968 0.0246278 0.0164529 1.22851
969 0.00324059 0.0318472 5.24125e-09
970 0.0241737 0.0157969 1.28084
971 0.00324074 0.0309105 1.03624e-08
972 0.0237123 0.0151527 1.34949
973 0.00324089 0.0299738 2.04978e-08
974 0.0231797 0.0145497 1.36947
975 0.00324103 0.0290372 4.05716e-08
976 0.0226378 0.0139778 1.39481
977 0.00324118 0.0281005 8.03633e-08
978 0.0220894 0.0134087 1.43834
979 0.00324133 0.0271638 1.59319e-07
980 0.0215077 0.0128465 1.48271
981 0.00324147 0.0262272 3.16162e-07
982 0.02089 0.0123165 1.50904
983 0.00324162 0.0252905 6.28116e-07
984 0.0202579 0.011819 1.52949
985 0.00324177 0.0243538 1.24945e-06
986 0.019616 0.0113368 1.55477
987 0.00324191 0.0234172 2.48893e-06
988 0.0189605 0.0108663 1.58412
989 0.00324206 0.0224805 4.96574e-06
990 0.0182544 0.010389 1.61458
991 0.00324221 0.0215438 9.92426e-06
992 0.0175068 0.00993317 1.63189
993 0.00324235 0.0206072 1.98713e-05
994 0.0167545 0.009488 1.658
995 0.0032425 0.0196705 3.98692e-05
996 0.0160141 0.00907736 1.6801
997 0.00324265 0.0187338 8.01685e-05
998 0.0152892 0.00870946 1.6903
999 0.00324279 0.0177972 0.000161582
1000 0.0145496 0.00835019 1.70097
1001 0.00324294 0.0168605 0.000326491
1002 0.0137595 0.00798757 1.709
1003 0.00324308 0.0159238 0.000661438
1004 0.0129432 0.00763375 1.71457
1005 0.00324323 0.0149872 0.0013436
1006 0.0120835 0.00727344 1.72394
1007 0.00324338 0.0140505 0.00273641
1008 0.0112235 0.00691406 1.74538
1009 0.00324352 0.0131138 0.00558562
1010 0.0103934 0.00657098 1.77521
1011 0.00324367 0.0121772 0.0114169
1012 0.00958809 0.00626198 1.79661
1013 0.00324382 0.0112405 0.0233207
1014 0.00881207 0.00598421 1.81022
1015 0.00324396 0.0103038 0.047412
1016 0.00799295 0.00571817 1.81239
1017 0.00324411 0.00936717 0.095211
1018 0.00714533 0.00545945 1.8086
1019 0.00324426 0.00843051 0.186609
1020 0.00624488 0.00520026 1.80038
1021 0.00325226 0.00748461 0.352927
1022 0.00530047 0.00494637 1.79019
1023 0.00324635 0.00652589 0.632909
1024 0.00431079 0.00472151 1.7616
1025 0.00348697 0.005496 1.12183
1026 0.00337188 0.00446169 1.79309
1027 0.012188 0.0743305 0.987196
1028 0.0127419 0.0736 0.881334
1029 0.0114726 0.0748185 0.966213
1030 0.0108457 0.075276 0.981026
1031 0.0102169 0.0757336 1.01794
1032 0.0132174 0.0729333 0.799633
1033 0.00955016 0.0761971 1.06119
1034 0.0137064 0.0722337 0.746136
1035 0.00883631 0.0765825 1.06888
1036 0.00810379 0.0769513 1.08089
1037 0.0073817 0.0773049 1.10172
1038 0.0143683 0.0707731 0.584658
1039 0.00666935 0.0776338 1.1233
1040 0.0146212 0.0700691 0.515926
1041 0.00595366 0.0779609 1.15492
1042 0.0148801 0.0693176 0.461908
1043 0.00526323 0.078344 1.24051
1044 0.0151117 0.0685277 0.410057
1045 0.00429032 0.0783264 1.03681
1046 0.0153187 0.0677129 0.362418
1047 0.0155161 0.0668386 0.318448
1048 0.015709 0.0659268 0.281591
1049 0.0159065 0.0649967 0.254434
1050 0.0160934 0.064047 0.228484
1051 0.0163063 0.0630684 0.211463
1052 0.0165634 0.0620941 0.208349
1053 0.0168466 0.0611134 0.211454
1054 0.0171024 0.0601229 0.203536
1055 0.0174249 0.0591437 0.210412
1056 0.0178148 0.0581913 0.238522
1057 0.0181609 0.0572345 0.24723
1058 0.0185284 0.0562959 0.257518
1059 0.0189777 0.0553937 0.296586
1060 0.00415744 0.0772608 0.564318
1061 0.0193946 0.0544917 0.319598
1062 0.00409481 0.0763159 0.306861
1063 0.0198072 0.0536025 0.336719
1064 0.00406267 0.0753923 0.16049
1065 0.0202435 0.0527073 0.355377
1066 0.0040454 0.0744656 0.0807909
1067 0.0206916 0.0518515 0.380844
1068 0.00404554 0.073529 0.0396193
1069 0.0211217 0.0509902 0.394328
1070 0.00404569 0.0725923 0.019233
1071 0.0215652 0.0501364 0.408834
1072 0.00404584 0.0716556 0.00930346
1073 0.0220205 0.049293 0.426499
1074 0.00404598 0.070719 0.0045004
1075 0.0224587 0.0484735 0.439568
1076 0.00404613 0.0697823 0.00218083
1077 0.0228883 0.0476689 0.450509
1078 0.00404628 0.0688456 0.00105951
1079 0.0232911 0.046861 0.448126
1080 0.00404642 0.067909 0.000516247
1081 0.0237103 0.04602 0.444912
1082 0.00404657 0.0669723 0.000252311
1083 0.0241024 0.0452274 0.442457
1084 0.00404671 0.0660356 0.000123696
1085 0.0244878 0.0444348 0.43857
1086 0.00404686 0.065099 6.08295e-05
1087 0.0248645 0.0436344 0.43195
1088 0.00404701 0.0641623 3.00056e-05
1089 0.025217 0.042834 0.419873
1090 0.00404715 0.0632256 1.48463e-05
1091 0.0255522 0.0420412 0.406521
1092 0.0040473 0.062289 7.36828e-06
1093 0.0258844 0.0412478 0.397353
1094 0.00404745 0.0613523 3.66839e-06
1095 0.0261839 0.0404562 0.382119
1096 0.00404759 0.0604156 1.83229e-06
1097 0.0264546 0.0396693 0.363479
1098 0.00404774 0.059479 9.18341e-07
1099 0.0267116 0.038883 0.347886
1100 0.00404789 0.0585423 4.61991e-07
1101 0.0269549 0.0380946 0.335039
1102 0.00404803 0.0576056 2.33386e-07
1103 0.0271723 0.0373054 0.321396
1104 0.00404818 0.056669 1.18469e-07
1105 0.027362 0.0365144 0.30688
1106 0.00404833 0.0557323 6.04804e-08
1107 0.0275295 0.0357255 0.294507
1108 0.00404847 0.0547956 3.10922e-08
1109 0.0276736 0.034935 0.283862
1110 0.00404862 0.053859 1.61227e-08
1111 0.0277902 0.0341437 0.273907
1112 0.00404876 0.0529223 8.45071e-09
1113 0.0278817 0.0333484 0.26566
1114 0.00404891 0.0519856 4.48894e-09
1115 0.0279486 0.0325517 0.259814
1116 0.00404906 0.051049 2.42361e-09
1117 0.0279879 0.031755 0.255419
1118 0.0040492 0.0501123 1.33408e-09
1119 0.0280029 0.0309564 0.2537
1120 0.00404935 0.0491756 7.50799e-10
1121 0.0279923 0.0301572 0.254221
1122 0.0040495 0.048239 4.32937e-10
1123 0.0279539 0.0293542 0.256353
1124 0.00404964 0.0473023 2.56067e-10
1125 0.0278888 0.0285489 0.260478
1126 0.00404979 0.0463656 1.55333e-10
1127 0.0277993 0.0277445 0.267212
1128 0.00404994 0.045429 9.65548e-11
1129 0.0276861 0.0269427 0.276749
1130 0.00405008 0.0444923 6.14936e-11
1131 0.0275497 0.0261407 0.289484
1132 0.00405023 0.0435556 4.03121e-11
1133 0.0273924 0.0253406 0.306017
1134 0.00405038 0.042619 2.77278e-11
1135 0.02721 0.0245481 0.324605
1136 0.00405052 0.0416823 2.11023e-11
1137 0.0270054 0.0237621 0.346235
1138 0.00405067 0.0407456 1.96194e-11
1139 0.0267797 0.0229827 0.371569
1140 0.00405082 0.039809 2.42112e-11
1141 0.0265298 0.0222117 0.39946
1142 0.00405096 0.0388723 3.82367e-11
1143 0.0262568 0.0214553 0.429355
1144 0.00405111 0.0379356 6.92692e-11
1145 0.0259601 0.0207146 0.460519
1146 0.00405125 0.036999 1.32879e-10
1147 0.0256433 0.0199862 0.495371
1148 0.0040514 0.0360623 2.60262e-10
1149 0.025303 0.0192734 0.531847
1150 0.00405155 0.0351256 5.13447e-10
1151 0.0249388 0.0185773 0.569286
1152 0.00405169 0.034189 1.01548e-09
1153 0.0245486 0.0178997 0.606757
1154 0.00405184 0.0332523 2.01036e-09
1155 0.024144 0.0172391 0.649173
1156 0.00405199 0.0323156 3.98211e-09
1157 0.0237175 0.0165977 0.692557
1158 0.00405213 0.031379 7.8915e-09
1159 0.0232804 0.0159605 0.747788
1160 0.00405228 0.0304423 1.56471e-08
1161 0.0229278 0.0152873 0.874686
1162 0.00405243 0.0295056 3.1044e-08
1163 0.0222927 0.0148325 0.800849
1164 0.00405257 0.028569 6.16368e-08
1165 0.021773 0.0142797 0.837574
1166 0.00405272 0.0276323 1.22482e-07
1167 0.0212515 0.0137245 0.892083
1168 0.00405287 0.0266956 2.43631e-07
1169 0.0206672 0.0131891 0.924005
1170 0.00405301 0.025759 4.85145e-07
1171 0.0200587 0.0127241 0.932193
1172 0.00405316 0.0248223 9.67272e-07
1173 0.0194388 0.0122436 0.956736
1174 0.00405331 0.0238856 1.93118e-06
1175 0.0188038 0.0117742 0.984402
1176 0.00405345 0.022949 3.86147e-06
1177 0.0181488 0.0113116 1.015
1178 0.0040536 0.0220123 7.73396e-06
1179 0.0174404 0.0108478 1.04265
1180 0.00405374 0.0210756 1.55178e-05
1181 0.0167203 0.0104176 1.06211
1182 0.00405389 0.020139 3.11964e-05
1183 0.0159948 0.0100127 1.07837
1184 0.00405404 0.0192023 6.28469e-05
1185 0.0152748 0.00963589 1.09108
1186 0.00405418 0.0182656 0.000126892
1187 0.0145528 0.0092712 1.10543
1188 0.00405433 0.017329 0.000256809
1189 0.0138121 0.00891374 1.11978
1190 0.00405448 0.0163923 0.00052103
1191 0.013017 0.00855387 1.13099
1192 0.00405462 0.0154556 0.00105979
1193 0.0122006 0.00819982 1.14298
1194 0.00405477 0.014519 0.00216103
1195 0.0113415 0.00784029 1.15771
1196 0.00405492 0.0135823 0.00441651
1197 0.0105096 0.00750395 1.1744
1198 0.00405506 0.0126456 0.00904008
1199 0.00969425 0.00718628 1.19218
1200 0.00405521 0.011709 0.0185036
1201 0.00892614 0.00690116 1.2077
1202 0.00405536 0.0107723 0.0377482
1203 0.00812748 0.00662554 1.21813
1204 0.0040555 0.00983563 0.0762633
1205 0.00730918 0.00636575 1.21988
1206 0.00408565 0.00888708 0.152721
1207 0.00643144 0.00611601 1.21075
1208 0.00409332 0.00794454 0.292835
1209 0.00550875 0.00584702 1.21463
1210 0.00405558 0.007029 0.521363
1211 0.00452255 0.00556654 1.22911
1212 0.0142326 0.0715905 0.772553
1213 0.0119251 0.073466 0.570273
1214 0.0112751 0.0738873 0.541747
1215 0.0122723 0.0727522 0.449126
1216 0.0106557 0.0743452 0.553733
1217 0.0100355 0.0748166 0.583575
1218 0.00951492 0.0753943 0.689498
1219 0.0128182 0.0720554 0.40837
1220 0.00878833 0.0756885 0.650907
1221 0.00808626 0.0760204 0.650077
1222 0.00735613 0.07639 0.668736
1223 0.00661214 0.0767513 0.691042
1224 0.0136752 0.0702752 0.271453
1225 0.00586344 0.0771172 0.723387
1226 0.0139484 0.0694826 0.223696
1227 0.00506546 0.0775629 0.793485
1228 0.0142077 0.0687053 0.190778
1229 0.0144269 0.0679147 0.161154
1230 0.0146168 0.067094 0.134588
1231 0.0148115 0.0662053 0.113543
1232 0.0150038 0.0652865 0.0974973
1233 0.0151838 0.0643529 0.0841431
1234 0.0153442 0.0633646 0.0701154
1235 0.0155682 0.0623652 0.0645754
1236 0.0158881 0.0613875 0.069488
1237 0.0161175 0.0603938 0.0650587
1238 0.0163231 0.0593106 0.0548408
1239 0.0168496 0.0583563 0.078105
1240 0.0172179 0.0574151 0.0860743
1241 0.0174234 0.0563945 0.0703648
1242 0.0179837 0.0554682 0.0977724
1243 0.0184333 0.0545754 0.112924
1244 0.00497722 0.0766925 0.467027
1245 0.0188295 0.0536744 0.118398
1246 0.00491874 0.0758214 0.260871
1247 0.019238 0.0527794 0.123931
1248 0.00489076 0.0749179 0.136758
1249 0.0197134 0.051907 0.139666
1250 0.00487287 0.0739934 0.0685411
1251 0.0201618 0.0510487 0.151283
1252 0.00485708 0.0730608 0.0335224
1253 0.0206105 0.0501798 0.159674
1254 0.00485723 0.0721241 0.0162681
1255 0.0210633 0.0493324 0.168466
1256 0.00485737 0.0711874 0.0078745
1257 0.0215274 0.0485025 0.179864
1258 0.00485752 0.0702508 0.00381362
1259 0.021969 0.047695 0.187527
1260 0.00485767 0.0693141 0.00185066
1261 0.0223699 0.0469061 0.188962
1262 0.00485781 0.0683774 0.000900536
1263 0.022773 0.0460778 0.185936
1264 0.00485796 0.0674408 0.000439546
1265 0.0231785 0.0452717 0.185788
1266 0.00485811 0.0665041 0.000215227
1267 0.0235642 0.0444791 0.183134
1268 0.00485825 0.0655674 0.000105731
1269 0.0239393 0.0436911 0.179817
1270 0.0048584 0.0646308 5.21118e-05
1271 0.0242985 0.0429016 0.174568
1272 0.00485855 0.0636941 2.57704e-05
1273 0.0246327 0.0421194 0.167061
1274 0.00485869 0.0627574 1.27883e-05
1275 0.0249537 0.041339 0.159496
1276 0.00485884 0.0618208 6.3692e-06
1277 0.0252667 0.0405599 0.153212
1278 0.00485899 0.0608841 3.18463e-06
1279 0.025538 0.0397926 0.143415
1280 0.00485913 0.0599474 1.5992e-06
1281 0.0257966 0.0390206 0.134457
1282 0.00485928 0.0590108 8.0698e-07
1283 0.0260393 0.038252 0.126644
1284 0.00485943 0.0580741 4.09525e-07
1285 0.0262632 0.0374846 0.119655
1286 0.00485957 0.0571374 2.09236e-07
1287 0.0264635 0.0367168 0.112804
1288 0.00485972 0.0562008 1.07793e-07
1289 0.0266344 0.0359499 0.105549
1290 0.00485986 0.0552641 5.61058e-08
1291 0.0267815 0.0351836 0.0990478
1292 0.00486001 0.0543274 2.95788e-08
1293 0.0269093 0.034418 0.0941202
1294 0.00486016 0.0533908 1.58415e-08
1295 0.0270111 0.0336509 0.0897952
1296 0.0048603 0.0524541 8.64683e-09
1297 0.0270873 0.0328817 0.0862589
1298 0.00486045 0.0515174 4.8253e-09
1299 0.0271379 0.0321114 0.0836872
1300 0.0048606 0.0505808 2.76004e-09
1301 0.0271652 0.0313395 0.0823615
1302 0.00486074 0.0496441 1.62065e-09
1303 0.0271665 0.0305668 0.0819995
1304 0.00486089 0.0487074 9.76975e-10
1305 0.0271427 0.0297922 0.0827345
1306 0.00486104 0.0477708 6.0381e-10
1307 0.0270956 0.0290148 0.0848344
1308 0.00486118 0.0468341 3.81596e-10
1309 0.0270174 0.0282358 0.0872834
1310 0.00486133 0.0458974 2.4579e-10
1311 0.0269148 0.0274577 0.0909199
1312 0.00486148 0.0449608 1.6085e-10
1313 0.0267975 0.0266791 0.0971677
1314 0.00486162 0.0440241 1.06784e-10
1315 0.0266549 0.0259022 0.104708
1316 0.00486177 0.0430874 7.21487e-11
1317 0.026488 0.0251308 0.113536
1318 0.00486192 0.0421508 5.04081e-11
1319 0.0263025 0.0243648 0.124649
1320 0.00486206 0.0412141 3.81151e-11
1321 0.0260978 0.0236054 0.138175
1322 0.00486221 0.0402774 3.41942e-11
1323 0.0258742 0.0228535 0.154478
1324 0.00486235 0.0393408 4.00978e-11
1325 0.0256221 0.0221147 0.171574
1326 0.0048625 0.0384041 6.09927e-11
1327 0.0253385 0.0213921 0.188383
1328 0.00486265 0.0374674 1.08616e-10
1329 0.0250403 0.0206847 0.208364
1330 0.00486279 0.0365308 2.07233e-10
1331 0.0247317 0.0199847 0.233904
1332 0.00486294 0.0355941 4.05651e-10
1333 0.0243878 0.0193035 0.256878
1334 0.00486309 0.0346574 8.01189e-10
1335 0.0240169 0.0186494 0.27957
1336 0.00486323 0.0337208 1.58739e-09
1337 0.023629 0.0179924 0.308441
1338 0.00486338 0.0327841 3.14899e-09
1339 0.0232135 0.0173353 0.340987
1340 0.00486353 0.0318474 6.25105e-09
1341 0.0227531 0.0166578 0.378576
1342 0.00486367 0.0309108 1.2416e-08
1343 0.0168855 0.0179407 0.00650367
1344 0.00486382 0.0299741 2.46757e-08
1345 0.0153556 0.0200814 0.000690912
1346 0.00486397 0.0290374 4.9075e-08
1347 0.0214922 0.0151949 0.446023
1348 0.00486411 0.0281008 9.76787e-08
1349 0.020912 0.0145803 0.481904
1350 0.00486426 0.0271641 1.94599e-07
1351 0.0205081 0.0139597 0.577404
1352 0.0048644 0.0262274 3.88091e-07
1353 0.0198379 0.0136359 0.518706
1354 0.00486455 0.0252908 7.7488e-07
1355 0.0192552 0.0131517 0.545343
1356 0.0048647 0.0243541 1.54917e-06
1357 0.0186329 0.0126814 0.5672
1358 0.00486484 0.0234174 3.10159e-06
1359 0.0179972 0.0122213 0.590641
1360 0.00486499 0.0224808 6.21939e-06
1361 0.0173486 0.0117631 0.619524
1362 0.00486514 0.0215441 1.24925e-05
1363 0.0166649 0.0113234 0.643406
1364 0.00486528 0.0206074 2.51391e-05
1365 0.0159545 0.010927 0.653622
1366 0.00486543 0.0196708 5.06884e-05
1367 0.0152471 0.0105575 0.661164
1368 0.00486558 0.0187341 0.00010242
1369 0.0145422 0.0101962 0.672558
1370 0.00486572 0.0177974 0.000207415
1371 0.0138175 0.00983538 0.686107
1372 0.00486587 0.0168608 0.000421038
1373 0.0130731 0.00947979 0.7001
1374 0.00486602 0.0159241 0.000856768
1375 0.0122756 0.00912094 0.712721
1376 0.00486616 0.0149874 0.0017477
1377 0.0114589 0.00876602 0.726841
1378 0.00486631 0.0140508 0.00357327
1379 0.0106211 0.00843737 0.733642
1380 0.00486646 0.0131141 0.00731872
1381 0.00979972 0.00812368 0.742437
1382 0.0048666 0.0121774 0.0149985
1383 0.00901752 0.00782136 0.758185
1384 0.00486675 0.0112408 0.0306749
1385 0.00824916 0.00754113 0.770599
1386 0.00486689 0.0103041 0.0622956
1387 0.00747684 0.00725863 0.790381
1388 0.00490445 0.00936017 0.12561
1389 0.00659203 0.00703165 0.769947
1390 0.00495366 0.00839346 0.249244
1391 0.00570506 0.00680269 0.756576
1392 0.00494549 0.00741745 0.469729
1393 0.00481317 0.006477 0.795731
1394 0.0040202 0.00621316 0.829007
1395 0.0134202 0.0712143 0.372214
1396 0.0111794 0.0728089 0.268353
1397 0.0104805 0.073388 0.288027
1398 0.0118166 0.071912 0.210427
1399 0.00977614 0.0739554 0.313641
1400 0.0161082 0.0529155 0.00300139
1401 0.0130071 0.0532823 6.44977e-05
1402 0.00813146 0.0750549 0.366613
1403 0.00734597 0.0754596 0.378743
1404 0.00657825 0.0758491 0.396803
1405 0.0058046 0.0762401 0.421616
1406 0.0129917 0.0696375 0.110993
1407 0.0133019 0.0688717 0.0921648
1408 0.0135464 0.068097 0.0748488
1409 0.0137199 0.0673059 0.0581873
1410 0.013907 0.066458 0.0463736
1411 0.0140943 0.065573 0.0378921
1412 0.0142791 0.0646696 0.0318994
1413 0.0144258 0.0637169 0.0258619
1414 0.0144905 0.0626356 0.0176307
1415 0.0148837 0.0616207 0.0206897
1416 0.0151733 0.0607112 0.0219183
1417 0.0153283 0.0597845 0.0187839
1418 0.015862 0.0582948 0.0205025
1419 0.0163803 0.0576419 0.0334109
1420 0.0164381 0.0568273 0.0251651
1421 0.0170202 0.055395 0.0276054
1422 0.0174926 0.0546489 0.0372454
1423 0.0178587 0.0537585 0.0389932
1424 0.0181935 0.0528424 0.0372385
1425 0.0186768 0.0519491 0.0429073
1426 0.00571299 0.0744555 0.120409
1427 0.01919 0.0510859 0.0520516
1428 0.00568671 0.0735288 0.0598234
1429 0.0196476 0.0502227 0.0566888
1430 0.00566862 0.0725926 0.0291188
1431 0.0200937 0.0493731 0.0600498
1432 0.00566877 0.0716559 0.014138
1433 0.0205633 0.0485332 0.0649829
1434 0.00566891 0.0707192 0.00685426
1435 0.0210124 0.0477301 0.0697274
1436 0.00566906 0.0697826 0.00332647
1437 0.0214471 0.0469334 0.0730624
1438 0.00566921 0.0688459 0.00161821
1439 0.0218491 0.0461404 0.0734065
1440 0.00566935 0.0679092 0.000789671
1441 0.0222633 0.0453102 0.0728666
1442 0.0056695 0.0669726 0.000386667
1443 0.0226421 0.0445226 0.0714478
1444 0.00566965 0.0660359 0.000189995
1445 0.0230203 0.0437348 0.0700506
1446 0.00566979 0.0650992 9.36909e-05
1447 0.0233758 0.042959 0.0677035
1448 0.00566994 0.0641626 4.63741e-05
1449 0.0237134 0.0421865 0.0646807
1450 0.00567009 0.0632259 2.30476e-05
1451 0.0240364 0.0414162 0.0612967
1452 0.00567023 0.0622892 1.15054e-05
1453 0.0243347 0.0406523 0.0573087
1454 0.00567038 0.0613526 5.77198e-06
1455 0.0246152 0.0398951 0.0535251
1456 0.00567052 0.0604159 2.91198e-06
1457 0.0248794 0.0391409 0.0497524
1458 0.00567067 0.0594792 1.47876e-06
1459 0.025126 0.0383878 0.0461466
1460 0.00567082 0.0585426 7.56847e-07
1461 0.0253539 0.0376383 0.0428736
1462 0.00567096 0.0576059 3.91081e-07
1463 0.0255704 0.0368956 0.0404999
1464 0.00567111 0.0566692 2.04488e-07
1465 0.0257478 0.0361483 0.0373139
1466 0.00567126 0.0557326 1.08506e-07
1467 0.0258923 0.0354074 0.0338324
1468 0.0056714 0.0547959 5.86213e-08
1469 0.0260238 0.0346663 0.0313377
1470 0.00567155 0.0538592 3.23567e-08
1471 0.026142 0.0339273 0.0297957
1472 0.0056717 0.0529226 1.8303e-08
1473 0.0262256 0.033186 0.0280211
1474 0.00567184 0.0519859 1.06334e-08
1475 0.0262852 0.0324427 0.0266216
1476 0.00567199 0.0510492 6.34961e-09
1477 0.0263273 0.0316986 0.0260651
1478 0.00567214 0.0501126 3.89391e-09
1479 0.026339 0.0309525 0.0256114
1480 0.00567228 0.0491759 2.44667e-09
1481 0.0263258 0.0302041 0.0255663
1482 0.00567243 0.0482392 1.56977e-09
1483 0.0263007 0.0294565 0.0266221
1484 0.00567258 0.0473026 1.0244e-09
1485 0.0262401 0.0287013 0.0276408
1486 0.00567272 0.0463659 6.77267e-10
1487 0.0261388 0.027952 0.0283675
1488 0.00567287 0.0454292 4.52037e-10
1489 0.0260319 0.0271975 0.0305451
1490 0.00567301 0.0444926 3.03775e-10
1491 0.0259073 0.0264418 0.0336565
1492 0.00567316 0.0435559 2.05352e-10
1493 0.0257575 0.0256904 0.0373575
1494 0.00567331 0.0426192 1.40093e-10
1495 0.0255853 0.0249437 0.0418531
1496 0.00567345 0.0416826 9.7785e-11
1497 0.0253966 0.0242037 0.0475767
1498 0.0056736 0.0407459 7.26282e-11
1499 0.0251922 0.0234716 0.0547712
1500 0.00567375 0.0398092 6.24739e-11
1501 0.0249832 0.0227467 0.0645998
1502 0.00567389 0.0388726 6.92414e-11
1503 0.0247164 0.0220393 0.0726455
1504 0.00567404 0.0379359 1.00887e-10
1505 0.0244142 0.0213654 0.0796789
1506 0.00567419 0.0369992 1.76021e-10
1507 0.0241336 0.0206744 0.093285
1508 0.00567433 0.0360626 3.33527e-10
1509 0.0239604 0.0199507 0.126034
1510 0.00567448 0.0351259 6.51991e-10
1511 0.023466 0.0193793 0.117993
1512 0.00567463 0.0341892 1.28854e-09
1513 0.0231001 0.0187468 0.13285
1514 0.00567477 0.0332526 2.55637e-09
1515 0.0227376 0.0181011 0.155309
1516 0.00567492 0.0323159 5.07925e-09
1517 0.022298 0.0174427 0.175735
1518 0.00567507 0.0313792 1.01001e-08
1519 0.0217987 0.0167241 0.203955
1520 0.00567521 0.0304426 2.00968e-08
1521 0.00567536 0.0295059 4.00144e-08
1522 0.0056755 0.0285692 7.97321e-08
1523 0.0205418 0.0154197 0.237403
1524 0.00567565 0.0276326 1.59009e-07
1525 0.0199107 0.0146349 0.287702
1526 0.0056758 0.0266959 3.1742e-07
1527 0.00567594 0.0257592 6.34339e-07
1528 0.00567609 0.0248226 1.26922e-06
1529 0.0184555 0.0135804 0.305354
1530 0.00567624 0.0238859 2.54296e-06
1531 0.0178345 0.0131314 0.318422
1532 0.00567638 0.0229492 5.10249e-06
1533 0.0172064 0.0126754 0.338319
1534 0.00567653 0.0220126 1.02547e-05
1535 0.0165796 0.0122197 0.365178
1536 0.00567668 0.0210759 2.06455e-05
1537 0.0158998 0.0118288 0.373038
1538 0.00567682 0.0201392 4.16434e-05
1539 0.015208 0.0114737 0.375537
1540 0.00567697 0.0192026 8.41676e-05
1541 0.0145114 0.0111189 0.38213
1542 0.00567712 0.0182659 0.000170482
1543 0.0138071 0.0107618 0.391993
1544 0.00567726 0.0173292 0.000346101
1545 0.0130797 0.0104046 0.403107
1546 0.00567741 0.0163926 0.000704292
1547 0.0123309 0.0100501 0.414926
1548 0.00567755 0.0154559 0.00143661
1549 0.011532 0.0096957 0.425632
1550 0.0056777 0.0145192 0.00293705
1551 0.0107193 0.00936248 0.432709
1552 0.00567785 0.0135826 0.00601595
1553 0.00989265 0.00905473 0.435582
1554 0.00567799 0.0126459 0.0123336
1555 0.00909229 0.00875896 0.441503
1556 0.00567814 0.0117092 0.0252498
1557 0.00833945 0.00846401 0.454919
1558 0.00569763 0.0107774 0.0514298
1559 0.00758258 0.00818084 0.469117
1560 0.00573234 0.00985207 0.103172
1561 0.00684913 0.00781038 0.516985
1562 0.00578348 0.00891481 0.203657
1563 0.00591964 0.0078578 0.416358
1564 0.012468 0.0712858 0.212342
1565 0.0126857 0.0704559 0.145701
1566 0.015348 0.0589617 0.0137088
1567 0.0057623 0.0753641 0.233261
1568 0.0211772 0.0160713 0.217675
1569 0.0191343 0.0140711 0.298301
1570 0.0102645 0.0724215 0.137
1571 0.0108725 0.0716963 0.110599
1572 0.00962688 0.0730005 0.155724
1573 0.00892364 0.0735504 0.173035
1574 0.00817094 0.074071 0.190669
1575 0.00656519 0.0749231 0.212771
1576 0.0123582 0.0689268 0.0435999
1577 0.0127652 0.0682799 0.0417334
1578 0.0128133 0.0675409 0.0277509
1579 0.0129979 0.0667288 0.0208099
1580 0.0131899 0.0658659 0.0160406
1581 0.0133715 0.0649859 0.0127155
1582 0.0135417 0.0641056 0.0104137
1583 0.0136302 0.0632459 0.00800152
1584 0.0139284 0.0617097 0.00609374
1585 0.0145312 0.0601307 0.00805562
1586 0.015454 0.0572825 0.00800591
1587 0.0165495 0.0545721 0.0106285
1588 0.0170427 0.0539287 0.0160785
1589 0.0170798 0.0530252 0.0104685
1590 0.0175392 0.0519325 0.0108625
1591 0.0182282 0.0510918 0.0170911
1592 0.0065312 0.0739953 0.108154
1593 0.0187099 0.0502519 0.0197927
1594 0.00649518 0.0730655 0.0533213
1595 0.0191087 0.0494093 0.0199976
1596 0.00648016 0.0721243 0.025908
1597 0.0195825 0.0485623 0.0219699
1598 0.00648031 0.0711877 0.0126158
1599 0.0200639 0.0477467 0.0245723
1600 0.00648045 0.070251 0.00613302
1601 0.0205052 0.0469566 0.0263477
1602 0.0064806 0.0693143 0.0029851
1603 0.0209253 0.0461705 0.027433
1604 0.00648075 0.0683777 0.00145831
1605 0.0213342 0.0453651 0.0275948
1606 0.00648089 0.067441 0.000715128
1607 0.0217263 0.0445587 0.027132
1608 0.00648104 0.0665043 0.000351901
1609 0.0220964 0.0437797 0.0264101
1610 0.00648118 0.0655677 0.000173832
1611 0.0224542 0.0430054 0.0255414
1612 0.00648133 0.064631 8.62069e-05
1613 0.022791 0.0422427 0.0243426
1614 0.00648148 0.0636943 4.29868e-05
1615 0.0231109 0.0414862 0.0229628
1616 0.00648162 0.0627577 2.15557e-05
1617 0.0234117 0.0407296 0.0213646
1618 0.00648177 0.061821 1.08801e-05
1619 0.0236929 0.0399853 0.0197517
1620 0.00648192 0.0608843 5.53303e-06
1621 0.0239623 0.0392435 0.0182734
1622 0.00648206 0.0599477 2.83911e-06
1623 0.0242125 0.0385034 0.0167494
1624 0.00648221 0.059011 1.47262e-06
1625 0.0244444 0.0377686 0.0153115
1626 0.00648236 0.0580743 7.7399e-07
1627 0.0246562 0.0370412 0.0140343
1628 0.0064825 0.0571377 4.13496e-07
1629 0.0250049 0.0363599 0.0164532
1630 0.00648265 0.056201 2.2536e-07
1631 0.0250099 0.0356131 0.0118049
1632 0.0064828 0.0552643 1.25757e-07
1633 0.0251307 0.0348868 0.0103756
1634 0.00648294 0.0543277 7.20659e-08
1635 0.0252676 0.0341658 0.00977266
1636 0.00648309 0.053391 4.24825e-08
1637 0.025515 0.0334786 0.0116627
1638 0.00648324 0.0524543 2.57611e-08
1639 0.0254201 0.0327455 0.00834915
1640 0.00648338 0.0515177 1.60409e-08
1641 0.0254802 0.0320195 0.00809397
1642 0.00648353 0.050581 1.02243e-08
1643 0.0256592 0.0313123 0.0102076
1644 0.00648367 0.0496443 6.64432e-09
1645 0.025494 0.0305913 0.00769607
1646 0.00648382 0.0487077 4.38396e-09
1647 0.0254921 0.0298604 0.00812012
1648 0.00648397 0.047771 2.92531e-09
1649 0.025597 0.0291326 0.0108472
1650 0.00648411 0.0468343 1.96724e-09
1651 0.025356 0.0284334 0.00872336
1652 0.00648426 0.0458977 1.32934e-09
1653 0.0252535 0.0276964 0.0093873
1654 0.00648441 0.044961 9.00491e-10
1655 0.0251455 0.026962 0.0105899
1656 0.00648455 0.0440243 6.10516e-10
1657 0.0250187 0.0262306 0.0121365
1658 0.0064847 0.0430877 4.14224e-10
1659 0.0248596 0.0255028 0.0138614
1660 0.00648485 0.042151 2.82161e-10
1661 0.024676 0.0247791 0.0159205
1662 0.00648499 0.0412143 1.9528e-10
1663 0.0244928 0.0240625 0.0189181
1664 0.00648514 0.0402777 1.42036e-10
1665 0.0242884 0.023357 0.0226078
1666 0.00648529 0.039341 1.1728e-10
1667 0.0241942 0.022636 0.0316704
1668 0.00648543 0.0384043 1.22933e-10
1669 0.0237679 0.0220597 0.0288414
1670 0.00648558 0.0374677 1.71159e-10
1671 0.0234588 0.0212656 0.0356363
1672 0.00648573 0.036531 2.9189e-10
1673 0.016591 0.0228517 0.000147415
1674 0.00648587 0.0355943 5.48604e-10
1675 0.0141922 0.060854 0.00633289
1676 0.00648602 0.0346577 1.07032e-09
1677 0.0225977 0.0195552 0.054173
1678 0.00648616 0.033721 2.11574e-09
1679 0.0221822 0.0188556 0.0641734
1680 0.00648631 0.0327843 4.20147e-09
1681 0.0219368 0.0181585 0.0878581
1682 0.00648646 0.0318477 8.35821e-09
1683 0.0213602 0.017665 0.0835415
1684 0.0064866 0.030911 1.66428e-08
1685 0.00648675 0.0299743 3.31628e-08
1686 0.0064869 0.0290377 6.61289e-08
1687 0.00648704 0.028101 1.31972e-07
1688 0.019555 0.015627 0.1256
1689 0.00648719 0.0271643 2.63616e-07
1690 0.00648734 0.0262277 5.27118e-07
1691 0.00648748 0.025291 1.05522e-06
1692 0.00648763 0.0243543 2.11511e-06
1693 0.0176635 0.0140395 0.160664
1694 0.00648778 0.0234177 4.24551e-06
1695 0.0170331 0.0135924 0.170733
1696 0.00648792 0.022481 8.53482e-06
1697 0.0164088 0.0131214 0.187547
1698 0.00648807 0.0215443 1.71863e-05
1699 0.0158746 0.0126107 0.222446
1700 0.00648822 0.0206077 3.46702e-05
1701 0.0151674 0.0123948 0.199881
1702 0.00648836 0.019671 7.00769e-05
1703 0.0144805 0.0120399 0.2048
1704 0.00648851 0.0187343 0.000141938
1705 0.0137849 0.0116888 0.210451
1706 0.00648865 0.0177977 0.00028813
1707 0.0130754 0.0113314 0.218025
1708 0.0064888 0.016861 0.000586253
1709 0.01235 0.0109755 0.226662
1710 0.00648895 0.0159243 0.00119568
1711 0.0116011 0.0106253 0.235265
1712 0.00648909 0.0149877 0.00244422
1713 0.0108206 0.0102864 0.242397
1714 0.00648924 0.014051 0.00500568
1715 0.00999877 0.00999287 0.241757
1716 0.00648939 0.0131143 0.0102652
1717 0.00915962 0.00971377 0.239289
1718 0.00647991 0.0121782 0.020983
1719 0.00833971 0.00938806 0.248903
1720 0.00649545 0.0112429 0.042797
1721 0.00751255 0.00901901 0.269016
1722 0.00655365 0.0103303 0.0858321
1723 0.00666891 0.00862757 0.294915
1724 0.0066144 0.00944946 0.164973
1725 0.0116265 0.0708028 0.0897071
1726 0.00736855 0.0745003 0.200078
1727 0.0119972 0.0697846 0.0582572
1728 0.0135563 0.0624227 0.00508988
1729 0.0143895 0.0592187 0.00421216
1730 0.0148349 0.0582063 0.00508507
1731 0.0156527 0.0562065 0.00680786
1732 0.0160191 0.0552898 0.00708623
1733 0.0208114 0.0169894 0.0951743
1734 0.0201942 0.0163242 0.107105
1735 0.0188784 0.0149835 0.142162
1736 0.0183813 0.0143596 0.176866
1737 0.00984081 0.0715271 0.0595006
1738 0.00944846 0.0721903 0.0820733
1739 0.00880952 0.0725519 0.0812758
1740 0.00808577 0.0730731 0.090656
1741 0.011879 0.0679815 0.0164617
1742 0.0120768 0.067027 0.0106661
1743 0.0122853 0.0661539 0.00765304
1744 0.0124633 0.0652869 0.00562446
1745 0.0126273 0.0644173 0.00428036
1746 0.0127725 0.0635715 0.00337832
1747 0.0162445 0.0536881 0.00509035
1748 0.0164968 0.0521978 0.00352374
1749 0.0173139 0.0508808 0.00491436
1750 0.0178732 0.0503025 0.00767044
1751 0.00733004 0.0735525 0.0997549
1752 0.0180783 0.0494831 0.00626866
1753 0.00729155 0.0725928 0.0481836
1754 0.0185476 0.0485949 0.00680816
1755 0.00729356 0.0716389 0.0234235
1756 0.0190754 0.0477585 0.00809787
1757 0.00730933 0.070705 0.0115332
1758 0.0195553 0.0469664 0.00919899
1759 0.00730557 0.0697812 0.00565779
1760 0.0199898 0.0461829 0.00981923
1761 0.00730476 0.0688372 0.00275815
1762 0.0204125 0.0454036 0.0102724
1763 0.00730872 0.0679007 0.00135999
1764 0.0207982 0.0446127 0.0101544
1765 0.00731489 0.0669647 0.000672885
1766 0.0211699 0.0438287 0.00990645
1767 0.00731523 0.0660276 0.000333616
1768 0.0215336 0.0430494 0.00958268
1769 0.0073108 0.0650919 0.000166181
1770 0.021867 0.0422934 0.00910543
1771 0.00729287 0.0641628 8.30971e-05
1772 0.0221815 0.0415468 0.00854614
1773 0.00729302 0.0632261 4.19477e-05
1774 0.0224853 0.0408018 0.00796998
1775 0.00729316 0.0622895 2.13909e-05
1776 0.0227713 0.0400631 0.00735365
1777 0.00729331 0.0613528 1.10101e-05
1778 0.0230417 0.0393326 0.00675366
1779 0.00729346 0.0604161 5.73673e-06
1780 0.0232975 0.0386098 0.00620233
1781 0.0072936 0.0594795 3.03303e-06
1782 0.0235418 0.037865 0.00562396
1783 0.00729375 0.0585428 1.63133e-06
1784 0.0237796 0.0370725 0.00501464
1785 0.0072939 0.0576061 8.96215e-07
1786 0.0226778 0.0274843 0.00046609
1787 0.00729404 0.0566695 5.05058e-07
1788 0.0147667 0.0185248 0.0017541
1789 0.00729419 0.0557328 2.9284e-07
1790 0.024218 0.035199 0.00364476
1791 0.00729433 0.0547961 1.74918e-07
1792 0.0243671 0.0343571 0.00318895
1793 0.00729448 0.0538595 1.07545e-07
1794 0.0209596 0.0275164 8.51627e-05
1795 0.00729463 0.0529228 6.7875e-08
1796 0.014316 0.0574141 0.00186807
1797 0.00729477 0.0519861 4.38017e-08
1798 0.0245982 0.0323121 0.00248293
1799 0.00729492 0.0510495 2.87752e-08
1800 0.014671 0.0724052 1.36601
1801 0.00729507 0.0501128 1.91602e-08
1802 0.0246682 0.0292147 0.00284621
1803 0.00729521 0.0491761 1.2881e-08
1804 0.0246495 0.0302296 0.00241806
1805 0.00729536 0.0482395 8.71537e-09
1806 0.0240981 0.0361342 0.00467164
1807 0.00729551 0.0473028 5.91966e-09
1808 0.0231301 0.0203695 0.0476781
1809 0.00729565 0.0463661 4.02754e-09
1810 0.0244814 0.0282591 0.00289844
1811 0.0072958 0.0454295 2.73965e-09
1812 0.0243667 0.0274534 0.00333701
1813 0.00729595 0.0444928 1.86039e-09
1814 0.0242716 0.0267534 0.00398533
1815 0.00729609 0.0435561 1.26007e-09
1816 0.0241412 0.0260413 0.00474777
1817 0.00729624 0.0426195 8.51591e-10
1818 0.023952 0.0253383 0.00541382
1819 0.00729639 0.0416828 5.76093e-10
1820 0.0237608 0.024618 0.00647829
1821 0.00729653 0.0407461 3.94182e-10
1822 0.0235456 0.0238529 0.00801889
1823 0.00729668 0.0398095 2.80903e-10
1824 0.0233097 0.0229586 0.0108351
1825 0.00729682 0.0388728 2.23551e-10
1826 0.00729697 0.0379361 2.22443e-10
1827 0.0228614 0.0220237 0.0131894
1828 0.00729712 0.0369995 2.95886e-10
1829 0.0224994 0.0211505 0.0173771
1830 0.00729726 0.0360628 4.92475e-10
1831 0.00729741 0.0351261 9.17266e-10
1832 0.00729756 0.0341895 1.78518e-09
1833 0.0216135 0.0195547 0.0265286
1834 0.0072977 0.0332528 3.52841e-09
1835 0.0211737 0.0186909 0.0360956
1836 0.00729785 0.0323161 7.01155e-09
1837 0.007298 0.0313795 1.3962e-08
1838 0.00729814 0.0304428 2.78318e-08
1839 0.00729829 0.0295061 5.55243e-08
1840 0.00729844 0.0285695 1.1086e-07
1841 0.00729858 0.0276328 2.21536e-07
1842 0.00729873 0.0266961 4.43141e-07
1843 0.00729888 0.0257595 8.87395e-07
1844 0.00729902 0.0248228 1.77918e-06
1845 0.00729917 0.0238861 3.57197e-06
1846 0.0169397 0.0145415 0.0842038
1847 0.00729931 0.0229495 7.18178e-06
1848 0.0161853 0.0140024 0.092239
1849 0.00729946 0.0220128 1.44628e-05
1850 0.0154118 0.0133995 0.106306
1851 0.00729961 0.0210761 2.91759e-05
1852 0.00729975 0.0201395 5.89666e-05
1853 0.0145295 0.0130027 0.105571
1854 0.0072999 0.0192028 0.000119415
1855 0.0137803 0.0126245 0.10826
1856 0.00730005 0.0182661 0.000242349
1857 0.0130597 0.0122582 0.112539
1858 0.00730019 0.0173295 0.000492956
1859 0.0123415 0.0119065 0.117001
1860 0.00730034 0.0163928 0.00100509
1861 0.0116226 0.0115578 0.122529
1862 0.00730049 0.0154561 0.00205423
1863 0.0108928 0.0112146 0.128806
1864 0.00730063 0.0145195 0.00421113
1865 0.0101158 0.0109118 0.130505
1866 0.00730359 0.0135747 0.00868997
1867 0.00929292 0.0106604 0.127407
1868 0.00728842 0.012635 0.0178322
1869 0.00837238 0.0104202 0.12038
1870 0.00726437 0.0117149 0.0359384
1871 0.00746803 0.00990319 0.143688
1872 0.0165171 0.0560258 0.0195535
1873 0.0103873 0.0707487 0.0442039
1874 0.0114086 0.0689543 0.0226258
1875 0.0127997 0.0626905 0.00221657
1876 0.0129293 0.0617682 0.00171994
1877 0.0132264 0.0609006 0.00183862
1878 0.013645 0.06001 0.00231209
1879 0.0147092 0.0564421 0.00228482
1880 0.0247276 0.0312953 0.0026125
1881 0.0155545 0.0544213 0.00278603
1882 0.0167273 0.0514284 0.00331381
1883 0.0220769 0.0203218 0.0218368
1884 0.0204727 0.0179383 0.0402686
1885 0.0192104 0.0165489 0.0547157
1886 0.0185481 0.0158627 0.0645955
1887 0.0178259 0.0150747 0.0816982
1888 0.00735575 0.0107836 0.073582
1889 0.0109861 0.0698467 0.0325803
1890 0.0138049 0.0583252 0.00143897
1891 0.0198509 0.0172348 0.0466492
1892 0.00885942 0.0715851 0.0411284
1893 0.00807114 0.0720852 0.0434433
1894 0.011128 0.0673084 0.0062183
1895 0.0113969 0.0664175 0.00424085
1896 0.0115601 0.0655623 0.00284679
1897 0.0117155 0.0646974 0.00198004
1898 0.0118843 0.0638342 0.00147008
1899 0.0170446 0.0498443 0.00215647
1900 0.0174197 0.0486376 0.00184342
1901 0.0180539 0.0477441 0.00251569
1902 0.00813905 0.0711355 0.0219797
1903 0.018601 0.0469467 0.00311243
1904 0.00816241 0.070242 0.0110813
1905 0.0190601 0.046178 0.00348245
1906 0.00811901 0.0692987 0.00535717
1907 0.0194774 0.0454142 0.00366965
1908 0.00813223 0.0683513 0.00265857
1909 0.0198718 0.0446439 0.00375103
1910 0.00815841 0.0674171 0.00133493
1911 0.0202511 0.0438697 0.00372012
1912 0.00815503 0.0664847 0.000664519
1913 0.020606 0.0430993 0.00358849
1914 0.00815333 0.0655398 0.000332304
1915 0.0209424 0.0423406 0.00341523
1916 0.00813668 0.0646143 0.000167543
1917 0.0212604 0.0415971 0.0032133
1918 0.00810441 0.0636946 8.512e-05
1919 0.0215617 0.0408615 0.00298845
1920 0.00809628 0.0627524 4.37962e-05
1921 0.0218503 0.0401287 0.00275717
1922 0.0081047 0.0618213 2.30912e-05
1923 0.0221224 0.0394035 0.0025208
1924 0.00810485 0.0608846 1.22812e-05
1925 0.0223794 0.0386937 0.00230503
1926 0.008105 0.0599479 6.66655e-06
1927 0.0226316 0.0379971 0.00213831
1928 0.00810514 0.0590113 3.68616e-06
1929 0.0228608 0.0372652 0.00191228
1930 0.00810529 0.0580746 2.09011e-06
1931 0.0230827 0.0364319 0.00162795
1932 0.00810543 0.0571379 1.22343e-06
1933 0.0232839 0.0355249 0.00135729
1934 0.00810558 0.0562013 7.38969e-07
1935 0.00810573 0.0552646 4.59908e-07
1936 0.023449 0.0346011 0.00111727
1937 0.00810587 0.0543279 2.93787e-07
1938 0.0236192 0.0336452 0.000973296
1939 0.00810602 0.0533913 1.91678e-07
1940 0.00810617 0.0524546 1.27089e-07
1941 0.0237394 0.0326734 0.000860281
1942 0.00810631 0.0515179 8.52739e-08
1943 0.0237888 0.0316681 0.000771467
1944 0.00810646 0.0505813 5.76845e-08
1945 0.00810661 0.0496446 3.92156e-08
1946 0.0238094 0.0306941 0.00076446
1947 0.00810675 0.0487079 2.67338e-08
1948 0.0237717 0.0296932 0.000811671
1949 0.0081069 0.0477713 1.82481e-08
1950 0.00810705 0.0468346 1.24542e-08
1951 0.0236993 0.0287498 0.000930159
1952 0.00810719 0.0458979 8.48497e-09
1953 0.0235591 0.0279093 0.00105039
1954 0.00810734 0.0449613 5.76188e-09
1955 0.0234958 0.0272005 0.00133651
1956 0.00810748 0.0440246 3.89591e-09
1957 0.0235397 0.0265197 0.00199213
1958 0.00810763 0.0430879 2.62219e-09
1959 0.0232253 0.0258929 0.00187883
1960 0.00810778 0.0421513 1.75834e-09
1961 0.0230419 0.0252159 0.00224759
1962 0.00810792 0.0412146 1.17845e-09
1963 0.0228255 0.0244753 0.00280115
1964 0.00810807 0.0402779 7.96696e-10
1965 0.0225829 0.0236581 0.00370527
1966 0.00810822 0.0393413 5.57338e-10
1967 0.0222762 0.0228046 0.00490901
1968 0.00810836 0.0384046 4.29638e-10
1969 0.00810851 0.0374679 4.07969e-10
1970 0.0219011 0.0219527 0.00640793
1971 0.00810866 0.0365313 5.19234e-10
1972 0.0081088 0.0355946 8.42925e-10
1973 0.00810895 0.0346579 1.55493e-09
1974 0.0081091 0.0337213 3.01773e-09
1975 0.0206542 0.0195989 0.0138487
1976 0.00810924 0.0327846 5.96234e-09
1977 0.00810939 0.0318479 1.18536e-08
1978 0.00810954 0.0309113 2.36219e-08
1979 0.00810968 0.0299746 4.71305e-08
1980 0.00810983 0.0290379 9.41199e-08
1981 0.00810997 0.0281013 1.88125e-07
1982 0.00811012 0.0271646 3.7638e-07
1983 0.00811027 0.0262279 7.53824e-07
1984 0.00811041 0.0252913 1.51157e-06
1985 0.00811056 0.0243546 3.03495e-06
1986 0.00811071 0.0234179 6.10235e-06
1987 0.0160834 0.014955 0.043928
1988 0.00811085 0.0224813 1.22891e-05
1989 0.0153284 0.014424 0.0488907
1990 0.008111 0.0215446 2.47897e-05
1991 0.0145504 0.0139649 0.0518406
1992 0.00811115 0.0206079 5.00967e-05
1993 0.00811129 0.0196713 0.000101434
1994 0.0137827 0.0135685 0.0538971
1995 0.00811144 0.0187346 0.000205798
1996 0.0130452 0.013191 0.0562694
1997 0.00811159 0.0177979 0.000418423
1998 0.0123237 0.0128301 0.0588973
1999 0.00811173 0.0168613 0.000852571
2000 0.0116043 0.0124942 0.0610242
2001 0.00811188 0.0159246 0.00174095
2002 0.0109073 0.0121577 0.0645244
2003 0.00813003 0.0149765 0.00360593
2004 0.0102278 0.0118177 0.0694127
2005 0.0081233 0.0140355 0.00742303
2006 0.00945252 0.0115906 0.0665531
2007 0.00810782 0.0130694 0.0154219
2008 0.00870978 0.011417 0.0621854
2009 0.00807353 0.0121387 0.0312827
2010 0.0132596 0.0591438 0.000944527
2011 0.0149242 0.0553276 0.00182686
2012 0.00914375 0.0707032 0.0236002
2013 0.0107919 0.0681758 0.00896393
2014 0.0120994 0.063068 0.00128705
2015 0.0154744 0.0523439 0.00100584
2016 0.0151894 0.053394 0.00106549
2017 0.0158555 0.0514809 0.0011494
2018 0.0163856 0.0506311 0.00145582
2019 0.0215205 0.0211401 0.00837475
2020 0.0211034 0.0203686 0.0107002
2021 0.0201196 0.0188425 0.0170725
2022 0.0168371 0.0155148 0.0390837
2023 0.0099232 0.0699109 0.0193517
2024 0.0104352 0.0690718 0.013794
2025 0.0118662 0.0621762 0.000598209
2026 0.012217 0.0610853 0.000555846
2027 0.0125514 0.0600065 0.000527566
2028 0.0137315 0.0566957 0.000703413
2029 0.0194985 0.0181392 0.0199724
2030 0.0182341 0.0167929 0.0281801
2031 0.0188804 0.0174653 0.0236413
2032 0.0175506 0.0161228 0.0339061
2033 0.0105983 0.0666755 0.00290663
2034 0.0106628 0.0658833 0.00175855
2035 0.0107848 0.0650028 0.00107772
2036 0.0109907 0.0640793 0.000727592
2037 0.016411 0.049015 0.000719337
2038 0.0170623 0.0475717 0.000700744
2039 0.0176421 0.0468747 0.00099642
2040 0.0181462 0.0461375 0.00122958
2041 0.00894559 0.0697453 0.0107228
2042 0.0185424 0.0454047 0.00129162
2043 0.00891887 0.0687881 0.00525601
2044 0.0189466 0.0446572 0.00136013
2045 0.00902665 0.067857 0.00278069
2046 0.0193253 0.0439006 0.00137595
2047 0.00904002 0.0669349 0.00139718
2048 0.0196868 0.0431404 0.00135251
2049 0.00899845 0.0659817 0.000691383
2050 0.0200193 0.0423867 0.00128673
2051 0.00902839 0.0650219 0.000355921
2052 0.020335 0.0416439 0.00120876
2053 0.00894688 0.0641383 0.000180686
2054 0.0206403 0.0409131 0.00113051
2055 0.0088798 0.0631998 9.30394e-05
2056 0.0209305 0.0401851 0.00104242
2057 0.00890436 0.0622844 5.08781e-05
2058 0.0212048 0.0394635 0.000950946
2059 0.00891624 0.0613531 2.78823e-05
2060 0.0214606 0.0387458 0.000855134
2061 0.00892234 0.06042 1.57889e-05
2062 0.0217084 0.0380653 0.000786721
2063 0.00893826 0.0594887 9.16376e-06
2064 0.0220805 0.0374336 0.00088628
2065 0.00892972 0.0585507 5.31873e-06
2066 0.0220959 0.0367123 0.000609412
2067 0.00891683 0.0576064 3.19163e-06
2068 0.0223294 0.0358266 0.000514667
2069 0.00891697 0.0566697 2.0058e-06
2070 0.0225262 0.0349085 0.000423284
2071 0.00891712 0.0557331 1.29612e-06
2072 0.00891727 0.0547964 8.54314e-07
2073 0.0226986 0.0339709 0.00035222
2074 0.00891741 0.0538597 5.71589e-07
2075 0.02283 0.0330326 0.000300014
2076 0.00891756 0.0529231 3.85849e-07
2077 0.00891771 0.0519864 2.62276e-07
2078 0.0229102 0.0320868 0.000263901
2079 0.00891785 0.0510497 1.79074e-07
2080 0.0229397 0.0311305 0.000247728
2081 0.008918 0.0501131 1.22434e-07
2082 0.00891815 0.0491764 8.36978e-08
2083 0.0229287 0.0301759 0.000257718
2084 0.00891829 0.0482397 5.72102e-08
2085 0.0228607 0.0292464 0.000288545
2086 0.00891844 0.0473031 3.90799e-08
2087 0.00891858 0.0463664 2.66293e-08
2088 0.022763 0.0283523 0.000348752
2089 0.00891873 0.0454297 1.80642e-08
2090 0.00891888 0.0444931 1.21842e-08
2091 0.022736 0.0266669 0.00075473
2092 0.00891902 0.0435564 8.16906e-09
2093 0.00891917 0.0426197 5.44717e-09
2094 0.00891932 0.0416831 3.6176e-09
2095 0.0221331 0.0251473 0.000989176
2096 0.00891946 0.0407464 2.40067e-09
2097 0.0219011 0.0243605 0.00132772
2098 0.00891961 0.0398097 1.60489e-09
2099 0.0216322 0.0235363 0.00182224
2100 0.00891976 0.0388731 1.10501e-09
2101 0.0213042 0.0227187 0.00244876
2102 0.0089199 0.0379364 8.292e-10
2103 0.00892005 0.0369997 7.55702e-10
2104 0.0089202 0.0360631 9.22883e-10
2105 0.00892034 0.0351264 1.46179e-09
2106 0.00892049 0.0341897 2.67018e-09
2107 0.00892064 0.0332531 5.16658e-09
2108 0.00892078 0.0323164 1.02022e-08
2109 0.00892093 0.0313797 2.02878e-08
2110 0.00892107 0.0304431 4.04524e-08
2111 0.00892122 0.0295064 8.07685e-08
2112 0.00892137 0.0285697 1.61428e-07
2113 0.00892151 0.0276331 3.22954e-07
2114 0.00892166 0.0266964 6.46786e-07
2115 0.00892181 0.0257597 1.29684e-06
2116 0.00892195 0.0248231 2.60356e-06
2117 0.0089221 0.0238864 5.23435e-06
2118 0.00892225 0.0229497 1.05397e-05
2119 0.0152396 0.0153612 0.0234321
2120 0.00892239 0.0220131 2.1258e-05
2121 0.0145053 0.0149232 0.0247902
2122 0.00892254 0.0210764 4.29543e-05
2123 0.0137568 0.0145076 0.0262327
2124 0.00892269 0.0201397 8.69639e-05
2125 0.00892283 0.0192031 0.00017643
2126 0.0130173 0.014116 0.0277116
2127 0.00892298 0.0182664 0.000358715
2128 0.0122988 0.0137472 0.0292544
2129 0.00892312 0.0173297 0.000730933
2130 0.01159 0.0133989 0.0308306
2131 0.00892327 0.0163931 0.00149222
2132 0.0108432 0.0131104 0.0306989
2133 0.00895308 0.0154404 0.00310249
2134 0.010216 0.0127478 0.0340469
2135 0.00899856 0.0144666 0.00657726
2136 0.00965915 0.0123303 0.0405907
2137 0.00891991 0.0135516 0.0132336
2138 0.00887922 0.0124376 0.0297463
2139 0.013953 0.0557837 0.000676411
2140 0.0132709 0.0575355 0.000525911
2141 0.0145147 0.0542732 0.000695125
2142 0.0128067 0.0582592 0.000366627
2143 0.0100598 0.0674016 0.00333516
2144 0.0112436 0.0630987 0.000534732
2145 0.015932 0.0498156 0.000560848
2146 0.0224086 0.0259049 0.00081467
2147 0.0209439 0.0219117 0.0032857
2148 0.0201892 0.0204275 0.00576347
2149 0.0197001 0.0196896 0.00728604
2150 0.0159481 0.0158916 0.0206492
2151 0.0123038 0.058969 0.000249372
2152 0.00979116 0.0683515 0.00583038
2153 0.0147367 0.0515627 0.000283428
2154 0.0144978 0.0526003 0.000349381
2155 0.0153469 0.0506343 0.000415705
2156 0.0205698 0.0211622 0.00432179
2157 0.0191408 0.0190097 0.00869801
2158 0.0165764 0.0164686 0.0171603
2159 0.00960512 0.0691733 0.009803
2160 0.0112339 0.0613241 0.000213547
2161 0.011506 0.0603324 0.00017823
2162 0.0185217 0.0183496 0.0102653
2163 0.0172425 0.0170639 0.0146863
2164 0.0178878 0.0176948 0.0122646
2165 0.00987667 0.0654402 0.000780498
2166 0.00997203 0.0644155 0.000409664
2167 0.0166791 0.0466301 0.000280953
2168 0.0173136 0.0461102 0.000475291
2169 0.0175857 0.0453652 0.000429679
2170 0.0180085 0.0446534 0.000480525
2171 0.0183995 0.0439178 0.000502605
2172 0.0187565 0.0431744 0.000500309
2173 0.00984639 0.0663988 0.00149971
2174 0.0190981 0.0424296 0.000486785
2175 0.0194132 0.0416923 0.000459134
2176 0.01972 0.0409604 0.000429804
2177 0.00957636 0.0635949 0.000191482
2178 0.0200096 0.0402365 0.000396597
2179 0.00970783 0.0627479 0.000119877
2180 0.0202844 0.0395156 0.000360937
2181 0.00972322 0.0618434 6.74321e-05
2182 0.0205564 0.0387944 0.000328323
2183 0.00970357 0.0609044 3.91331e-05
2184 0.0208325 0.0380208 0.000292621
2185 0.00978328 0.0599789 2.53203e-05
2186 0.0211888 0.0371643 0.000273076
2187 0.0097776 0.0590347 1.48286e-05
2188 0.00972574 0.0580739 8.84617e-06
2189 0.0213868 0.0361517 0.000205058
2190 0.00972749 0.0571301 5.77311e-06
2191 0.0216016 0.03522 0.000167097
2192 0.00972851 0.0562015 3.84771e-06
2193 0.021791 0.0343011 0.000137437
2194 0.0097391 0.0552569 2.63592e-06
2195 0.00972881 0.0543282 1.77987e-06
2196 0.0219339 0.0333883 0.000113399
2197 0.00972895 0.0533915 1.21107e-06
2198 0.0220359 0.0324676 9.67254e-05
2199 0.0097291 0.0524549 8.27696e-07
2200 0.00972924 0.0515182 5.68313e-07
2201 0.0220866 0.0315607 8.7611e-05
2202 0.00972939 0.0505815 3.89599e-07
2203 0.0220857 0.0306363 8.68907e-05
2204 0.00972954 0.0496449 2.65986e-07
2205 0.00972968 0.0487082 1.81477e-07
2206 0.0220389 0.0297256 9.62527e-05
2207 0.00972983 0.0477715 1.2396e-07
2208 0.0219431 0.0288162 0.000116695
2209 0.00972998 0.0468349 8.44839e-08
2210 0.00973012 0.0458982 5.72254e-08
2211 0.00973027 0.0449615 3.84679e-08
2212 0.00973042 0.0440249 2.56693e-08
2213 0.00973056 0.0430882 1.70205e-08
2214 0.00973071 0.0421515 1.12299e-08
2215 0.00973086 0.0412149 7.38678e-09
2216 0.0212492 0.025086 0.000487264
2217 0.009731 0.0402782 4.8591e-09
2218 0.0209991 0.0242516 0.000696462
2219 0.00973115 0.0393415 3.21808e-09
2220 0.0207009 0.0234369 0.000973641
2221 0.0097313 0.0384049 2.18626e-09
2222 0.00973144 0.0374682 1.60333e-09
2223 0.00973159 0.0365315 1.41006e-09
2224 0.00973173 0.0355949 1.65895e-09
2225 0.00973188 0.0346582 2.56768e-09
2226 0.00973203 0.0337215 4.64611e-09
2227 0.00973217 0.0327849 8.96267e-09
2228 0.00973232 0.0318482 1.76852e-08
2229 0.00973247 0.0309115 3.51701e-08
2230 0.00973261 0.0299749 7.01506e-08
2231 0.00973276 0.0290382 1.40134e-07
2232 0.00973291 0.0281015 2.8025e-07
2233 0.00973305 0.0271649 5.6107e-07
2234 0.0097332 0.0262282 1.12458e-06
2235 0.00973335 0.0252915 2.25689e-06
2236 0.00973349 0.0243549 4.53556e-06
2237 0.00973364 0.0234182 9.1287e-06
2238 0.00973379 0.0224815 1.84036e-05
2239 0.0144488 0.0158644 0.0118536
2240 0.00973393 0.0215449 3.71688e-05
2241 0.0137164 0.0154428 0.0126822
2242 0.00973408 0.0206082 7.52149e-05
2243 0.0129722 0.0150366 0.0135169
2244 0.00973422 0.0196715 0.00015253
2245 0.00973437 0.0187349 0.000310045
2246 0.0122564 0.0146587 0.0143827
2247 0.00973452 0.0177982 0.000631851
2248 0.0115636 0.0143002 0.0153452
2249 0.00973753 0.0168726 0.00128188
2250 0.0108769 0.0139276 0.0170072
2251 0.00975347 0.0159377 0.00263183
2252 0.00997668 0.0138198 0.0136656
2253 0.00979918 0.0149649 0.00559817
2254 0.00951853 0.0130781 0.0219598
2255 0.0139707 0.0549535 0.000481001
2256 0.0140063 0.0534789 0.000258355
2257 0.0106738 0.0622873 0.000191639
2258 0.011702 0.0595319 0.000159285
2259 0.0130416 0.0560184 0.000220846
2260 0.015406 0.0490119 0.000206157
2261 0.0159551 0.0474159 0.000176246
2262 0.0218599 0.0278917 0.000162521
2263 0.0214966 0.0259196 0.000352314
2264 0.0203557 0.0226468 0.00132784
2265 0.0151625 0.0161832 0.012324
2266 0.0123537 0.0573907 0.000145529
2267 0.0119348 0.0580865 0.000112141
2268 0.0148831 0.0497282 0.000151751
2269 0.0199867 0.0218962 0.00177552
2270 0.019635 0.021177 0.00240618
2271 0.0193576 0.0204334 0.00352514
2272 0.0187593 0.0198913 0.00371323
2273 0.0137842 0.0519916 0.000111074
2274 0.0143316 0.0505344 0.000107764
2275 0.0181711 0.0192277 0.00449069
2276 0.0162643 0.0173622 0.00774193
2277 0.0105826 0.0605421 7.3192e-05
2278 0.0175406 0.0185662 0.00544956
2279 0.0165592 0.0455646 0.000143404
2280 0.0170668 0.0446615 0.000166071
2281 0.0174603 0.0439175 0.00017739
2282 0.0178285 0.0431884 0.000182886
2283 0.0181728 0.0424612 0.000181561
2284 0.018494 0.0417344 0.000174721
2285 0.0187961 0.0410096 0.000163836
2286 0.0190833 0.040289 0.000151306
2287 0.0193579 0.0395702 0.000137841
2288 0.019626 0.0388454 0.000124308
2289 0.0104007 0.0613733 9.5355e-05
2290 0.0199003 0.0380855 0.000111085
2291 0.020189 0.0372795 9.87512e-05
2292 0.0107454 0.0595443 5.17254e-05
2293 0.0204526 0.0364175 8.41458e-05
2294 0.0105241 0.0585179 2.54849e-05
2295 0.0105127 0.0575826 1.6883e-05
2296 0.020679 0.0355119 6.82058e-05
2297 0.0105662 0.0566593 1.21443e-05
2298 0.0208818 0.0346136 5.56934e-05
2299 0.0105647 0.0557042 8.40512e-06
2300 0.0210497 0.0337181 4.56589e-05
2301 0.0105697 0.0547726 5.88041e-06
2302 0.010566 0.0538463 4e-06
2303 0.0211657 0.0328426 3.7977e-05
2304 0.010549 0.0529193 2.67827e-06
2305 0.0212455 0.0319669 3.36299e-05
2306 0.0105406 0.0519866 1.83185e-06
2307 0.0105408 0.05105 1.2624e-06
2308 0.0212636 0.0310839 3.20431e-05
2309 0.0105409 0.0501133 8.55891e-07
2310 0.0212325 0.0302044 3.44852e-05
2311 0.0105411 0.0491766 5.79206e-07
2312 0.0105412 0.04824 3.96068e-07
2313 0.0211423 0.0293177 4.12558e-05
2314 0.0105414 0.0473033 2.7086e-07
2315 0.0105415 0.0463666 1.83201e-07
2316 0.0105417 0.04543 1.2253e-07
2317 0.0105418 0.0444933 8.12331e-08
2318 0.010542 0.0435566 5.35037e-08
2319 0.0105421 0.04262 3.50682e-08
2320 0.0105422 0.0416833 2.29165e-08
2321 0.0105424 0.0407466 1.49628e-08
2322 0.0203209 0.0249321 0.00026839
2323 0.0105425 0.03981 9.7836e-09
2324 0.020094 0.024121 0.0004005
2325 0.0105427 0.0388733 6.43046e-09
2326 0.0105428 0.0379366 4.31377e-09
2327 0.010543 0.037 3.0982e-09
2328 0.0105431 0.0360633 2.64304e-09
2329 0.0105433 0.0351266 3.0127e-09
2330 0.0105434 0.03419 4.56996e-09
2331 0.0105436 0.0332533 8.19941e-09
2332 0.0105437 0.0323166 1.57722e-08
2333 0.0105439 0.03138 3.10955e-08
2334 0.010544 0.0304433 6.18285e-08
2335 0.0105442 0.0295066 1.23336e-07
2336 0.0105443 0.02857 2.4644e-07
2337 0.0105444 0.0276333 4.93031e-07
2338 0.0105446 0.0266966 9.87544e-07
2339 0.0105447 0.02576 1.98055e-06
2340 0.0105449 0.0248233 3.97749e-06
2341 0.010545 0.0238866 7.99968e-06
2342 0.0105452 0.02295 1.6115e-05
2343 0.0105453 0.0220133 3.25185e-05
2344 0.0137152 0.016382 0.00622437
2345 0.0105455 0.0210766 6.57387e-05
2346 0.0129387 0.0159564 0.00662258
2347 0.0105456 0.02014 0.00013315
2348 0.0121836 0.0155469 0.00713135
2349 0.0105458 0.0192033 0.000270222
2350 0.0105459 0.0182666 0.000549509
2351 0.0114408 0.0151406 0.00777889
2352 0.0105437 0.0173503 0.00110294
2353 0.0106338 0.0147078 0.0085785
2354 0.0105565 0.016435 0.00222307
2355 0.0129088 0.0568176 0.000257707
2356 0.0131656 0.0551941 0.000182622
2357 0.013381 0.0542051 0.000145769
2358 0.0156084 0.0168524 0.00879656
2359 0.0113891 0.0587878 7.71681e-05
2360 0.0138193 0.0512133 8.06497e-05
2361 0.0136394 0.0527458 0.000127133
2362 0.0157191 0.0463179 8.12514e-05
2363 0.0210029 0.0284086 5.43683e-05
2364 0.020548 0.0257833 0.000179633
2365 0.0197837 0.0233241 0.00057126
2366 0.0145984 0.0168413 0.00596153
2367 0.0106004 0.0155549 0.0044145
2368 0.0144117 0.0487382 5.61432e-05
2369 0.0194133 0.0226049 0.000754118
2370 0.0114352 0.0571875 4.16234e-05
2371 0.0139025 0.0496173 4.35067e-05
2372 0.0190138 0.0218416 0.00103438
2373 0.0185689 0.0209629 0.00153484
2374 0.0178575 0.020154 0.00194619
2375 0.0172005 0.019424 0.00246042
2376 0.0161277 0.0446042 5.62994e-05
2377 0.0165371 0.0438889 6.23022e-05
2378 0.0169054 0.0431796 6.55617e-05
2379 0.0172515 0.0424705 6.67535e-05
2380 0.0175738 0.041762 6.55954e-05
2381 0.0178786 0.0410492 6.26711e-05
2382 0.0181615 0.0403359 5.80288e-05
2383 0.0184305 0.0396274 5.29264e-05
2384 0.0186921 0.0389109 4.76423e-05
2385 0.0189588 0.0381687 4.25583e-05
2386 0.0192298 0.0374001 3.77692e-05
2387 0.0194994 0.0365835 3.28293e-05
2388 0.019749 0.0357447 2.78533e-05
2389 0.0199878 0.0348932 2.35849e-05
2390 0.0113769 0.0561348 2.6973e-05
2391 0.0201573 0.0340245 1.89414e-05
2392 0.0114169 0.0551939 2.00774e-05
2393 0.0202962 0.0331771 1.56678e-05
2394 0.0114278 0.0542828 1.39636e-05
2395 0.0113896 0.0533731 8.91766e-06
2396 0.0203977 0.032342 1.36273e-05
2397 0.0113581 0.0524364 5.92323e-06
2398 0.0204473 0.0315035 1.2758e-05
2399 0.0113699 0.0514948 4.18308e-06
2400 0.0113829 0.0505585 2.89377e-06
2401 0.0204356 0.0306589 1.33198e-05
2402 0.0113525 0.0496451 1.86232e-06
2403 0.0203733 0.0298108 1.58762e-05
2404 0.0113296 0.0487042 1.23434e-06
2405 0.0113392 0.0477713 8.63116e-07
2406 0.0113529 0.0468351 5.94402e-07
2407 0.0113531 0.0458984 3.93715e-07
2408 0.0113532 0.0449618 2.58395e-07
2409 0.0113533 0.0440251 1.68899e-07
2410 0.0113535 0.0430884 1.09894e-07
2411 0.0113536 0.0421518 7.13779e-08
2412 0.0113538 0.0412151 4.63416e-08
2413 0.0113539 0.0402784 3.01985e-08
2414 0.0193919 0.0247339 0.000166252
2415 0.0113541 0.0393418 1.96879e-08
2416 0.0113542 0.0384051 1.2808e-08
2417 0.0113544 0.0374684 8.46017e-09
2418 0.0113545 0.0365318 5.95483e-09
2419 0.0113547 0.0355951 4.9668e-09
2420 0.0113548 0.0346584 5.52558e-09
2421 0.011355 0.0337218 8.24868e-09
2422 0.0113551 0.0327851 1.46979e-08
2423 0.0113553 0.0318484 2.82029e-08
2424 0.0113554 0.0309118 5.55524e-08
2425 0.0113555 0.0299751 1.10414e-07
2426 0.0113557 0.0290384 2.20217e-07
2427 0.0113558 0.0281018 4.40007e-07
2428 0.011356 0.0271651 8.80373e-07
2429 0.0113561 0.0262284 1.76382e-06
2430 0.0113563 0.0252918 3.53874e-06
2431 0.0113564 0.0243551 7.11042e-06
2432 0.0113566 0.0234184 1.43102e-05
2433 0.0113567 0.0224818 2.88506e-05
2434 0.0113569 0.0215451 5.82755e-05
2435 0.01293 0.0168705 0.00328207
2436 0.011357 0.0206084 0.000117945
2437 0.0121458 0.0164502 0.00353047
2438 0.0113572 0.0196718 0.000239212
2439 0.0113909 0.0160215 0.0038963
2440 0.0113573 0.0187351 0.000486144
2441 0.0113465 0.0178227 0.000971296
2442 0.0113576 0.0169186 0.00194248
2443 0.0122318 0.0555887 6.6044e-05
2444 0.0121447 0.0564515 8.15428e-05
2445 0.015005 0.0480264 8.56798e-05
2446 0.0148822 0.0469889 4.28601e-05
2447 0.0208063 0.0266244 0.000129821
2448 0.0111583 0.0580231 4.33778e-05
2449 0.0130139 0.0514762 3.23903e-05
2450 0.0128959 0.0523632 4.0399e-05
2451 0.0132438 0.0504641 2.63281e-05
2452 0.0165282 0.0187589 0.00300756
2453 0.0152575 0.0175918 0.00431742
2454 0.0155148 0.0453391 3.84895e-05
2455 0.0202388 0.0289317 2.08548e-05
2456 0.0196184 0.0256061 0.00010505
2457 0.0193038 0.023968 0.000271684
2458 0.0137032 0.0172885 0.00308703
2459 0.0123318 0.0546983 5.27227e-05
2460 0.0123015 0.0538079 3.21889e-05
2461 0.0188556 0.0233449 0.00032045
2462 0.0135224 0.0486645 1.83969e-05
2463 0.0184729 0.0226164 0.000439876
2464 0.0180282 0.021843 0.000615519
2465 0.0174955 0.021054 0.000842042
2466 0.0169073 0.0203026 0.00112447
2467 0.0156355 0.0438148 2.12358e-05
2468 0.0159946 0.0431416 2.3115e-05
2469 0.0163344 0.0424576 2.40347e-05
2470 0.0166587 0.0417677 2.425e-05
2471 0.016974 0.0410759 2.39913e-05
2472 0.0172524 0.0403749 2.25223e-05
2473 0.0175041 0.0396776 2.03137e-05
2474 0.017755 0.0389761 1.82595e-05
2475 0.018016 0.0382559 1.64221e-05
2476 0.0182841 0.0375077 1.46761e-05
2477 0.0185483 0.036729 1.28768e-05
2478 0.0188072 0.0359245 1.1152e-05
2479 0.019056 0.0351119 9.62569e-06
2480 0.0192666 0.0342917 8.10981e-06
2481 0.0194174 0.0334653 6.63137e-06
2482 0.01953 0.032664 5.66781e-06
2483 0.0121681 0.0528691 1.89823e-05
2484 0.0196295 0.0318767 5.42165e-06
2485 0.0121661 0.0519316 1.33592e-05
2486 0.0196394 0.0310714 5.52124e-06
2487 0.0122452 0.0509783 1.01735e-05
2488 0.0122266 0.0500582 6.42312e-06
2489 0.019588 0.0302843 6.35244e-06
2490 0.0121107 0.0491504 3.76614e-06
2491 0.0121062 0.048236 2.65879e-06
2492 0.0121735 0.047333 1.99151e-06
2493 0.0121958 0.0464008 1.34065e-06
2494 0.0121815 0.0454486 8.51622e-07
2495 0.0121647 0.0444936 5.35418e-07
2496 0.0121649 0.0435569 3.44693e-07
2497 0.012165 0.0426202 2.2297e-07
2498 0.0121652 0.0416836 1.43991e-07
2499 0.0121653 0.0407469 9.30677e-08
2500 0.0121836 0.0398079 6.2e-08
2501 0.0121979 0.0388774 4.08606e-08
2502 0.0121939 0.0379431 2.60164e-08
2503 0.0121859 0.037006 1.67799e-08
2504 0.0121661 0.0360636 1.14085e-08
2505 0.0121662 0.0351269 9.36645e-09
2506 0.0121664 0.0341902 1.02413e-08
2507 0.0121665 0.0332536 1.5117e-08
2508 0.0121666 0.0323169 2.68078e-08
2509 0.0121668 0.0313802 5.13439e-08
2510 0.0121669 0.0304436 1.01044e-07
2511 0.0121671 0.0295069 2.0071e-07
2512 0.0121672 0.0285702 4.00113e-07
2513 0.0121674 0.0276336 7.99151e-07
2514 0.0121675 0.0266969 1.59855e-06
2515 0.0121677 0.0257602 3.20239e-06
2516 0.0121678 0.0248236 6.42569e-06
2517 0.012168 0.0238869 1.29142e-05
2518 0.0121681 0.0229502 2.59993e-05
2519 0.0121683 0.0220136 5.24448e-05
2520 0.0121684 0.0210769 0.000106023
2521 0.012138 0.0173579 0.00175938
2522 0.0121685 0.0201402 0.000214805
2523 0.0121687 0.0192036 0.000436581
2524 0.0121579 0.01828 0.000877572
2525 0.0147476 0.0459376 2.15083e-05
2526 0.0200565 0.0280503 2.94764e-05
2527 0.0198159 0.0265036 6.52208e-05
2528 0.0144085 0.0176953 0.00295728
2529 0.0129815 0.0494647 1.28673e-05
2530 0.0162329 0.0195874 0.00142886
2531 0.0153003 0.0445191 2.06692e-05
2532 0.0195468 0.0294716 8.75858e-06
2533 0.0186881 0.0253432 7.02483e-05
2534 0.0184398 0.0242999 0.000126763
2535 0.0129454 0.0178 0.0016273
2536 0.0139575 0.0476723 1.94037e-05
2537 0.0179905 0.0234462 0.000186153
2538 0.0175668 0.0226558 0.000269737
2539 0.0170358 0.0219298 0.000356466
2540 0.0165097 0.0211616 0.000498752
2541 0.0150926 0.0430827 8.11492e-06
2542 0.0154233 0.0424261 8.53029e-06
2543 0.015745 0.0417562 8.74628e-06
2544 0.0160546 0.0410806 8.78061e-06
2545 0.0164842 0.0404666 1.04988e-05
2546 0.0165914 0.0397251 7.8246e-06
2547 0.0168166 0.0390303 6.8931e-06
2548 0.017064 0.0383295 6.21537e-06
2549 0.0173391 0.0376075 5.70662e-06
2550 0.0176117 0.0368595 5.13779e-06
2551 0.0178702 0.0360711 4.46239e-06
2552 0.0181146 0.0352795 3.84408e-06
2553 0.0183698 0.0345065 3.46327e-06
2554 0.0185523 0.033715 2.92557e-06
2555 0.0186483 0.0329364 2.40302e-06
2556 0.0187615 0.0321728 2.27416e-06
2557 0.0189415 0.0314539 2.73124e-06
2558 0.0187504 0.0307385 2.60296e-06
2559 0.0129742 0.047883 6.70499e-06
2560 0.013062 0.046957 4.85423e-06
2561 0.0130286 0.0459563 2.90917e-06
2562 0.0129927 0.044976 1.75826e-06
2563 0.0129645 0.0440286 1.076e-06
2564 0.0129499 0.0430963 6.76657e-07
2565 0.0129695 0.0421559 4.48735e-07
2566 0.0129767 0.0412154 2.86173e-07
2567 0.0129852 0.0402713 1.90335e-07
2568 0.0130426 0.0393473 1.32914e-07
2569 0.0130617 0.0384224 8.59983e-08
2570 0.0130338 0.0374841 5.19808e-08
2571 0.0130037 0.0365381 3.25199e-08
2572 0.0129776 0.0355954 2.18511e-08
2573 0.0129777 0.0346587 1.77425e-08
2574 0.0129779 0.033722 1.91763e-08
2575 0.012978 0.0327854 2.81601e-08
2576 0.0129782 0.0318487 4.98397e-08
2577 0.0129783 0.030912 9.53481e-08
2578 0.0129785 0.0299754 1.87548e-07
2579 0.0129786 0.0290387 3.72236e-07
2580 0.0129788 0.028102 7.41441e-07
2581 0.0129789 0.0271654 1.47982e-06
2582 0.0129791 0.0262287 2.9576e-06
2583 0.0129792 0.025292 5.92115e-06
2584 0.0129794 0.0243554 1.1883e-05
2585 0.0129795 0.0234187 2.38797e-05
2586 0.0129796 0.022482 4.80545e-05
2587 0.0129798 0.0215454 9.68849e-05
2588 0.0129799 0.0206087 0.000196055
2589 0.0129954 0.0196605 0.000402704
2590 0.0129802 0.0187354 0.000811579
2591 0.0139177 0.0465093 1.07693e-05
2592 0.0155257 0.0190827 0.00155927
2593 0.014612 0.0449367 1.10158e-05
2594 0.0193081 0.028555 1.211e-05
2595 0.018972 0.0263339 4.20845e-05
2596 0.0137613 0.0182529 0.00154269
2597 0.016096 0.0204608 0.00071295
2598 0.0146439 0.0439312 6.95137e-06
2599 0.0187672 0.0299425 3.70924e-06
2600 0.017726 0.0251075 4.89756e-05
2601 0.0173821 0.0242124 7.94107e-05
2602 0.0171664 0.0234253 0.000127934
2603 0.0160733 0.0220441 0.000214184
2604 0.0145249 0.0424035 2.99408e-06
2605 0.0148191 0.0417301 3.04837e-06
2606 0.0152007 0.0410202 3.37422e-06
2607 0.0245908 0.0333705 0.003092
2608 0.00899733 0.0746154 0.361412
2609 0.0158353 0.0391764 2.56501e-06
2610 0.0160869 0.0383945 2.25368e-06
2611 0.0163859 0.0376849 2.16892e-06
2612 0.0166704 0.0369811 2.03593e-06
2613 0.0169651 0.0362116 1.87145e-06
2614 0.0171737 0.0354046 1.52151e-06
2615 0.017428 0.0346085 1.33909e-06
2616 0.0177803 0.0339502 1.47621e-06
2617 0.01776 0.0332149 1.06844e-06
2618 0.017877 0.0323792 9.8537e-07
2619 0.018001 0.031434 1.13426e-06
2620 0.0138386 0.0454661 5.89296e-06
2621 0.0137999 0.0444712 3.51386e-06
2622 0.0137378 0.0435694 2.05025e-06
2623 0.0137108 0.042655 1.31727e-06
2624 0.0138402 0.0417034 9.41698e-07
2625 0.0137298 0.0407283 5.52105e-07
2626 0.013875 0.0398298 4.25945e-07
2627 0.0139835 0.0389164 3.09511e-07
2628 0.0139557 0.0379726 1.80229e-07
2629 0.0138505 0.0370104 1.00991e-07
2630 0.0138248 0.0360651 6.27225e-08
2631 0.0138164 0.0351174 4.27981e-08
2632 0.0138165 0.0341832 3.43145e-08
2633 0.0137894 0.0332538 3.62637e-08
2634 0.0137896 0.0323172 5.34072e-08
2635 0.0137895 0.0313871 9.41826e-08
2636 0.0137968 0.0304535 1.80207e-07
2637 0.01379 0.0295072 3.55795e-07
2638 0.0137902 0.0285705 7.06196e-07
2639 0.0137903 0.0276338 1.40418e-06
2640 0.0137905 0.0266972 2.80437e-06
2641 0.0137906 0.0257605 5.58767e-06
2642 0.0138048 0.0248277 1.12096e-05
2643 0.0138054 0.0238981 2.23444e-05
2644 0.013795 0.0229635 4.46621e-05
2645 0.0137859 0.0220344 8.90481e-05
2646 0.0137913 0.0210772 0.00018215
2647 0.0138085 0.0201193 0.000376027
2648 0.0138446 0.0191581 0.000784246
2649 0.0190949 0.0274492 2.04952e-05
2650 0.0156202 0.0401101 3.29778e-06
2651 0.0187833 0.0291856 5.79623e-06
2652 0.018046 0.0260227 3.02627e-05
2653 0.0154819 0.0211497 0.000327007
2654 0.014359 0.0431187 3.56976e-06
2655 0.0179461 0.0303805 1.61752e-06
2656 0.0167035 0.0249427 3.3678e-05
2657 0.0163356 0.0239051 6.05481e-05
2658 0.0144017 0.041099 1.45868e-06
2659 0.0145801 0.0403672 1.22142e-06
2660 0.0148185 0.0394634 1.00678e-06
2661 0.0149983 0.0384577 7.05207e-07
2662 0.0155339 0.0377672 9.47329e-07
2663 0.0156478 0.0369972 6.80707e-07
2664 0.0161727 0.036384 9.28465e-07
2665 0.0162396 0.0356306 6.57664e-07
2666 0.0164665 0.0347225 5.24609e-07
2667 0.0168374 0.0337293 4.97809e-07
2668 0.0169735 0.0327296 4.4621e-07
2669 0.0170782 0.0318018 5.06493e-07
2670 0.0147388 0.0374599 3.45148e-07
2671 0.0146815 0.0365429 1.95725e-07
2672 0.0146433 0.0355825 1.20949e-07
2673 0.0146877 0.0346198 8.58414e-08
2674 0.014641 0.0337104 6.5156e-08
2675 0.0145691 0.0327926 6.85005e-08
2676 0.0145919 0.0318791 1.01525e-07
2677 0.0146102 0.0309487 1.80077e-07
2678 0.0146259 0.0300014 3.48424e-07
2679 0.0146292 0.0290545 6.91768e-07
2680 0.0146115 0.0281068 1.37325e-06
2681 0.0146271 0.0271517 2.76738e-06
2682 0.014602 0.026229 5.4732e-06
2683 0.0146306 0.0252781 1.09746e-05
2684 0.014646 0.0243851 2.16542e-05
2685 0.0146274 0.0234395 4.27373e-05
2686 0.0146052 0.0225408 8.36891e-05
2687 0.0145682 0.0215954 0.000165045
2688 0.0146098 0.0206076 0.000352029
2689 0.0146343 0.0196053 0.000749871
2690 0.0182688 0.0284594 6.23384e-06
2691 0.0183252 0.0268304 2.032e-05
2692 0.0222207 0.0158979 0.429732
2693 0.0180297 0.0294661 2.88096e-06
2694 0.0170869 0.0258683 2.05814e-05
2695 0.0155719 0.0230379 8.38628e-05
2696 0.0152582 0.0220784 0.000153419
2697 0.0171006 0.0307944 7.37725e-07
2698 0.0156238 0.0248556 2.24415e-05
2699 0.0154139 0.0360751 3.49049e-07
2700 0.0155182 0.0350932 2.39494e-07
2701 0.0156603 0.0340344 1.75821e-07
2702 0.0160976 0.0330849 2.19892e-07
2703 0.016206 0.0321111 2.49723e-07
2704 0.0152951 0.033212 1.1448e-07
2705 0.0153765 0.0324028 1.31157e-07
2706 0.0154266 0.0314989 1.9355e-07
2707 0.0154486 0.0305389 3.47222e-07
2708 0.0154817 0.0295431 6.95686e-07
2709 0.0154613 0.0285905 1.38757e-06
2710 0.0153975 0.0276453 2.69269e-06
2711 0.0155362 0.0266373 5.8609e-06
2712 0.0153144 0.0257578 1.04451e-05
2713 0.0153716 0.0239274 4.0983e-05
2714 0.0179853 0.0275634 9.80857e-06
2715 0.0174685 0.0267496 1.31926e-05
2716 0.0171155 0.0298331 1.28952e-06
2717 0.0161454 0.0257802 1.42037e-05
2718 0.0162645 0.0311546 3.7127e-07
2719 0.0171911 0.0282279 4.00311e-06
2720 0.0162793 0.0301175 6.8844e-07
2721 0.0164277 0.0290169 1.5333e-06
2722 0.0162246 0.0281025 2.74586e-06
2723 0.0161218 0.0272954 4.75432e-06
2724 0.0165411 0.0266077 9.32473e-06
2725 0.0169411 0.0274358 6.19213e-06
2726 0.0158325 0.0483284 0.000264534
