1 6.12323e-19 -0.01 0.304213
2 4.08216e-19 0.00533333 0.468106
3 6.12323e-19 0.01 0.415203
4 4.08216e-19 0.0186667 0.246823
5 0.0058742 0.0151525 0.18878
6 0.00956943 -0.00290274 0.18927
7 0.00555552 0.00831481 0.291631
8 0 0.00485417 0.471696
9 0 0.004375 0.475009
10 0 0.00389583 0.477841
11 0 0.00341667 0.480152
12 0 0.0029375 0.481967
13 0 0.00245833 0.483295
14 0 0.00197917 0.484112
15 0 0.0015 0.484398
16 0 0.00102083 0.484136
17 0 0.000541667 0.483313
18 0 6.25e-05 0.481913
19 0 -0.000416667 0.479925
20 0 -0.000895833 0.477338
21 0 -0.001375 0.47414
22 0 -0.00185417 0.470323
23 0 -0.00233333 0.465877
24 0 -0.0028125 0.460794
25 0 -0.00329167 0.455067
26 0 -0.00377083 0.448689
27 0 -0.00425 0.441652
28 0 -0.00472917 0.433953
29 0 -0.00520833 0.425584
30 0 -0.0056875 0.416541
31 0 -0.00616667 0.406819
32 0 -0.00664583 0.396413
33 0 -0.007125 0.38532
34 0 -0.00760417 0.373539
35 0 -0.00808333 0.361071
36 0 -0.0085625 0.347923
37 0 -0.00904167 0.334105
38 0 -0.00952083 0.319764
39 0.00970038 -0.00242954 0.186185
40 0.00980787 -0.00195084 0.183644
41 0.0098918 -0.00146708 0.181661
42 0.00995186 -0.000980076 0.180261
43 0.00998796 -0.000490589 0.179468
44 0.01 2.49305e-07 0.179285
45 0.00998795 0.000490696 0.17972
46 0.00995183 0.000980351 0.180776
47 0.00989174 0.00146748 0.182445
48 0.00980784 0.00195094 0.184725
49 0.00970026 0.00243 0.1876
50 0.0095694 0.00290285 0.191048
51 0.00941539 0.00336905 0.19506
52 0.00923867 0.00382713 0.19961
53 0.00903984 0.00427566 0.20467
54 0.00881908 0.00471421 0.210226
55 0.00857721 0.00514115 0.216252
56 0.00831462 0.00555582 0.222741
57 0.0080319 0.00595723 0.229684
58 0.00773006 0.00634399 0.237093
59 0.00740935 0.00671576 0.245024
60 0.00707091 0.00707123 0.253576
61 0.00671552 0.00740957 0.262986
62 0.00634374 0.00773027 0.273875
63 0.00595695 0.00803211 0.290955
64 0.00528255 0.00793317 0.316686
65 0.00498356 0.00757184 0.337647
66 0.00465999 0.00723251 0.35702
67 0.00431341 0.0069168 0.374979
68 0.00394546 0.00662619 0.391573
69 0.00355788 0.0063621 0.406735
70 0.0031525 0.0061258 0.420401
71 0.00273151 0.00591861 0.432462
72 0.00229719 0.00574162 0.442841
73 0.00185163 0.00559563 0.451467
74 0.00139695 0.00548134 0.458284
75 0.000935316 0.00539927 0.463271
76 0.000468929 0.00534985 0.466434
77 0.000490838 -0.00998795 0.303261
78 0.000980131 -0.00995185 0.302183
79 0.00146742 -0.00989175 0.300606
80 0.00195089 -0.00980785 0.29849
81 0.00242978 -0.00970032 0.295834
82 0.00290298 -0.00956936 0.292658
83 0.00336882 -0.00941547 0.288992
84 0.0038269 -0.00923877 0.284857
85 0.00427561 -0.00903986 0.280313
86 0.00471391 -0.00881924 0.275388
87 0.00514111 -0.00857724 0.27013
88 0.00555561 -0.00831476 0.264599
89 0.00595704 -0.00803204 0.258836
90 0.0063441 -0.00772997 0.252901
91 0.0067156 -0.0074095 0.24686
92 0.00707119 -0.00707095 0.240759
93 0.00740954 -0.00671556 0.234661
94 0.00773013 -0.00634391 0.228632
95 0.00803219 -0.00595684 0.22272
96 0.00831468 -0.00555573 0.216987
97 0.00857735 -0.00514092 0.211489
98 0.00881927 -0.00471386 0.206275
99 0.00903989 -0.00427556 0.201404
100 0.00923885 -0.0038267 0.196916
101 0.00941542 -0.00336895 0.19286
102 0 0.00953333 0.421708
103 0 0.00906667 0.42786
104 0 0.0086 0.433818
105 0 0.00813333 0.439544
106 0 0.00766667 0.44501
107 0 0.0072 0.45021
108 0 0.00673333 0.455127
109 0 0.00626667 0.459782
110 0 0.0058 0.46435
111 0.00514085 0.00857739 0.31076
112 0.00471382 0.00881929 0.327245
113 0.00427541 0.00903996 0.343233
114 0.0038267 0.00923885 0.357793
115 0.00336879 0.00941548 0.370753
116 0.00290274 0.00956943 0.382097
117 0.00242971 0.00970034 0.391785
118 0.00195084 0.00980787 0.399775
119 0.00146725 0.00989177 0.40607
120 0.000980129 0.00995185 0.410681
121 0.000490666 0.00998796 0.413607
122 0.00563248 0.0155665 0.193086
123 0.00536186 0.0159617 0.197814
124 0.00506364 0.0163364 0.202838
125 0.0047392 0.0166888 0.208051
126 0.00439003 0.0170172 0.213323
127 0.00401816 0.0173197 0.218535
128 0.00362582 0.0175944 0.223562
129 0.00321487 0.0178403 0.228293
130 0.00278722 0.0180561 0.232628
131 0.00234484 0.0182407 0.236482
132 0.00189034 0.018393 0.239751
133 0.00142642 0.0185123 0.24242
134 0.000955261 0.0185979 0.244394
135 0.000479049 0.0186494 0.245726
136 0.00580597 0.00872355 0.255557
137 0.00602624 0.00914889 0.231894
138 0.00621536 0.00958884 0.215802
139 0.00637245 0.0100413 0.204074
140 0.00649672 0.0105043 0.195205
141 0.0065874 0.010975 0.188537
142 0.006644 0.0114507 0.183689
143 0.00666629 0.011929 0.180385
144 0.00665418 0.0124079 0.17845
145 0.00660767 0.012885 0.177764
146 0.006527 0.0133575 0.178182
147 0.00641268 0.0138226 0.179597
148 0.0062653 0.0142783 0.18191
149 0.00608554 0.0147222 0.185013
150 0 0.0181852 0.259558
151 0 0.0177037 0.271343
152 0 0.0172222 0.282916
153 0 0.0167407 0.294092
154 0 0.0162593 0.304855
155 0 0.0157778 0.315224
156 0 0.0152963 0.325218
157 0 0.0148148 0.334856
158 0 0.0143333 0.344157
159 0 0.0138519 0.35314
160 0 0.0133704 0.361823
161 0 0.0128889 0.370225
162 0 0.0124074 0.378363
163 0 0.0119259 0.386257
164 0 0.0114444 0.393892
165 0 0.010963 0.401234
166 0 0.0104815 0.408283
167 0.00464756 0.00393811 0.39955
168 0.00420329 0.00370843 0.414981
169 0.00322659 0.00288288 0.444917
170 0.00243314 -0.0065851 0.379459
171 0.00163687 -0.00942119 0.313909
172 0.00115393 -0.00947639 0.316177
173 0.000633662 -0.00951546 0.317818
174 0.00209161 -0.00931353 0.312275
175 0.00254726 -0.0091954 0.309723
176 0.00299471 -0.00906238 0.306521
177 0.0034306 -0.00891116 0.302873
178 0.000425813 -0.00876933 0.340945
179 0.0038821 -0.00872085 0.298824
180 0.000411828 -0.0083153 0.353762
181 0.00429619 -0.00852743 0.294507
182 0.000414971 -0.00784375 0.366349
183 0.00470735 -0.00830547 0.28994
184 0.000414971 -0.00736458 0.378478
185 0.00511318 -0.00805888 0.285047
186 0.000414971 -0.00688542 0.389916
187 0.00549912 -0.00780815 0.279749
188 0.000414971 -0.00640625 0.400664
189 0.00587545 -0.00752702 0.274465
190 0.000414971 -0.00592708 0.410725
191 0.00623527 -0.00722567 0.269183
192 0.000414971 -0.00544792 0.420105
193 0.00658627 -0.00691069 0.263504
194 0.000414971 -0.00496875 0.428807
195 0.00691998 -0.00658023 0.25782
196 0.000414971 -0.00448958 0.436838
197 0.00722493 -0.00623862 0.252569
198 0.000414971 -0.00401042 0.444201
199 0.00752543 -0.00587048 0.247107
200 0.000414971 -0.00353125 0.450904
201 0.00780973 -0.00549765 0.241502
202 0.000414971 -0.00305208 0.456951
203 0.00806427 -0.00510378 0.236721
204 0.000414971 -0.00257292 0.46235
205 0.00831058 -0.00469638 0.231665
206 0.000414971 -0.00209375 0.467108
207 0.00852848 -0.00429399 0.227051
208 0.000414971 -0.00161458 0.471233
209 0.00872694 -0.00387059 0.222884
210 0.000414971 -0.00113542 0.474732
211 0.00890623 -0.00343092 0.21908
212 0.000414971 -0.00065625 0.477616
213 0.00906773 -0.00299182 0.21539
214 0.000414971 -0.000177083 0.479894
215 0.00920511 -0.0025418 0.212301
216 0.000414971 0.000302083 0.481577
217 0.00930978 -0.00209001 0.21022
218 0.000414971 0.00078125 0.482677
219 0.00940561 -0.0016238 0.207974
220 0.000414971 0.00126042 0.483206
221 0.00947758 -0.00115813 0.206282
222 0.000414971 0.00173958 0.48318
223 0.00951966 -0.000701925 0.205483
224 0.000414971 0.00221875 0.482612
225 0.00954153 -0.000227282 0.205141
226 0.000414971 0.00269792 0.48152
227 0.00954765 0.000241341 0.204948
228 0.000414971 0.00317708 0.479924
229 0.00951716 0.000709365 0.206083
230 0.000438799 0.00367104 0.477661
231 0.00947224 0.00118351 0.20729
232 0.000459574 0.00416341 0.474904
233 0.00940737 0.00163586 0.208974
234 0.000414971 0.00461458 0.472199
235 0.00931264 0.0020954 0.211574
236 0.000336733 0.0050219 0.469504
237 0.00919612 0.00255374 0.214653
238 0.00906425 0.00300238 0.217917
239 0.000732436 0.00498669 0.46794
240 0.00890676 0.00344373 0.221902
241 0.001208 0.00501859 0.464032
242 0.00872449 0.00386937 0.22665
243 0.00170392 0.00514139 0.457465
244 0.00852519 0.00429685 0.23154
245 0.00218744 0.00529553 0.448895
246 0.00830595 0.00471184 0.236891
247 0.00265652 0.00546618 0.438556
248 0.00806722 0.00510294 0.242874
249 0.00311493 0.00566409 0.426328
250 0.0077983 0.00550249 0.24952
251 0.00355123 0.0058974 0.412436
252 0.00751777 0.00587891 0.256442
253 0.00396795 0.00616705 0.396864
254 0.00722018 0.00623734 0.263911
255 0.00437086 0.00646071 0.379586
256 0.00690652 0.00658951 0.271769
257 0.00475425 0.00679152 0.360591
258 0.00657621 0.00692014 0.280572
259 0.0051376 0.00715823 0.339051
260 0.00628195 0.00724375 0.287874
261 0.00556756 0.00762337 0.311525
262 0.000379868 -0.00916404 0.329481
263 0.00600965 0.00756708 0.295176
264 0.00175866 -0.0089491 0.326903
265 0.0013602 -0.00910145 0.326008
266 0.000913329 -0.00901283 0.331743
267 0.00220595 -0.00884581 0.32476
268 0.00264399 -0.0087209 0.322193
269 0.00307007 -0.00858216 0.319077
270 0.00349133 -0.008422 0.315542
271 0.000831566 -0.0085625 0.345179
272 0.00390196 -0.00823811 0.31179
273 0.000802136 -0.00807176 0.358789
274 0.00430021 -0.00803698 0.307719
275 0.000831566 -0.00760417 0.370804
276 0.00468898 -0.0078152 0.303391
277 0.000831566 -0.007125 0.382591
278 0.00506739 -0.00757675 0.298752
279 0.000831566 -0.00664583 0.393683
280 0.00543311 -0.00732177 0.293899
281 0.000831566 -0.00616667 0.404082
282 0.00578522 -0.00704504 0.289024
283 0.000831566 -0.0056875 0.413795
284 0.00612476 -0.00675164 0.284
285 0.000831566 -0.00520833 0.422829
286 0.00645091 -0.00644364 0.27884
287 0.000831566 -0.00472917 0.431187
288 0.0067574 -0.00612009 0.27384
289 0.000831566 -0.00425 0.438876
290 0.00705192 -0.00578167 0.268732
291 0.000831566 -0.00377083 0.445899
292 0.00732788 -0.00542983 0.263778
293 0.000831566 -0.00329167 0.452264
294 0.00758071 -0.00506714 0.259178
295 0.000831566 -0.0028125 0.457975
296 0.00782046 -0.00468808 0.254627
297 0.000831566 -0.00233333 0.463041
298 0.00803945 -0.00429625 0.250422
299 0.000831566 -0.00185417 0.467468
300 0.00823978 -0.00389703 0.24643
301 0.000831566 -0.001375 0.471264
302 0.00842052 -0.00348672 0.242771
303 0.000831566 -0.000895833 0.474438
304 0.00858287 -0.00306827 0.239372
305 0.000831566 -0.000416667 0.476999
306 0.00872482 -0.00264408 0.236335
307 0.000831566 6.25e-05 0.478959
308 0.0088457 -0.00221589 0.233707
309 0.000831566 0.000541667 0.480327
310 0.00894025 -0.0017721 0.231864
311 0.000831566 0.00102083 0.481117
312 0.00901873 -0.00132772 0.230174
313 0.000831566 0.0015 0.481341
314 0.00907341 -0.000883978 0.229063
315 0.000831566 0.00197917 0.481014
316 0.00910776 -0.000437464 0.228383
317 0.000831566 0.00245833 0.480149
318 0.00912028 8.76982e-06 0.228215
319 0.000831566 0.0029375 0.47876
320 0.00910705 0.000450625 0.228782
321 0.000853593 0.00342701 0.476685
322 0.00907361 0.000897471 0.229786
323 0.000897505 0.0039332 0.473861
324 0.00901603 0.00134227 0.231435
325 0.000950585 0.00449567 0.470079
326 0.00893951 0.00178155 0.23347
327 0.00883982 0.00221928 0.236091
328 0.00872118 0.00265178 0.239088
329 0.00858231 0.00307742 0.24254
330 0.00841992 0.00349324 0.246643
331 0.00153367 0.0046463 0.463432
332 0.00823946 0.00390205 0.251089
333 0.00206175 0.00480492 0.455036
334 0.00803907 0.00430285 0.255979
335 0.00256847 0.00498523 0.44468
336 0.00781809 0.00469119 0.261412
337 0.00306056 0.00517815 0.432446
338 0.00757893 0.00507375 0.267187
339 0.00353864 0.0053997 0.418251
340 0.00731274 0.00543805 0.273939
341 0.00398846 0.00567716 0.402232
342 0.00703445 0.00578877 0.280945
343 0.00442269 0.00596917 0.384551
344 0.00674646 0.00613192 0.288072
345 0.0048286 0.00629059 0.365547
346 0.00644697 0.00646726 0.295522
347 0.00520404 0.00663628 0.345543
348 0.0060667 0.00677592 0.307052
349 0.00556046 0.00698699 0.324719
350 0.0013473 -0.00865185 0.339297
351 0.00186416 -0.00850366 0.338578
352 0.00230004 -0.00837374 0.336888
353 0.0027204 -0.0082488 0.334168
354 0.00312911 -0.00811156 0.330923
355 0.00352668 -0.00794674 0.32761
356 0.00390997 -0.00775905 0.324207
357 0.00121614 -0.00784704 0.362177
358 0.00428522 -0.00755834 0.320365
359 0.00124623 -0.00737289 0.373974
360 0.00465331 -0.00733962 0.316211
361 0.00125521 -0.00689493 0.385323
362 0.00500783 -0.00710335 0.311924
363 0.00124816 -0.00640625 0.396334
364 0.00534807 -0.00685096 0.307536
365 0.00124816 -0.00592708 0.406379
366 0.00568074 -0.00658089 0.302907
367 0.00124816 -0.00544792 0.41574
368 0.00599971 -0.00629223 0.298263
369 0.00124816 -0.00496875 0.424425
370 0.00629949 -0.00599138 0.293702
371 0.00124816 -0.00448958 0.432435
372 0.00658723 -0.00567609 0.289056
373 0.00124816 -0.00401042 0.439777
374 0.00685695 -0.0053457 0.284597
375 0.00124816 -0.00353125 0.446456
376 0.0071071 -0.00500542 0.280331
377 0.00124816 -0.00305208 0.452476
378 0.00734565 -0.00465326 0.276004
379 0.00124816 -0.00257292 0.457845
380 0.0075656 -0.00428553 0.271981
381 0.00124816 -0.00209375 0.46257
382 0.00775978 -0.00390638 0.268551
383 0.00124816 -0.00161458 0.466658
384 0.00794337 -0.00352064 0.264999
385 0.00124816 -0.00113542 0.470117
386 0.0081087 -0.00312568 0.261721
387 0.00124816 -0.00065625 0.472956
388 0.00825268 -0.00272427 0.258861
389 0.00124816 -0.000177083 0.475185
390 0.00837592 -0.00231566 0.256429
391 0.00124816 0.000302083 0.476815
392 0.0084825 -0.00189779 0.254246
393 0.00124816 0.00078125 0.477856
394 0.00856458 -0.0014741 0.252685
395 0.00124816 0.00126042 0.478322
396 0.00862807 -0.00105289 0.251432
397 0.00124816 0.00173958 0.478226
398 0.00867206 -0.000629306 0.250574
399 0.00124816 0.00221875 0.477584
400 0.00869183 -0.000204142 0.250361
401 0.00126155 0.00270502 0.476257
402 0.00868989 0.000217754 0.250674
403 0.00125064 0.00317209 0.474689
404 0.00867163 0.000642373 0.251247
405 0.0012969 0.00365392 0.472065
406 0.00862863 0.00106743 0.252502
407 0.0013879 0.00414113 0.468416
408 0.00855932 0.00148794 0.254533
409 0.0084783 0.00190648 0.256586
410 0.00837553 0.00232327 0.259163
411 0.00825015 0.00273299 0.262334
412 0.00810659 0.00313307 0.265903
413 0.00794592 0.00352867 0.269778
414 0.00192602 0.00430203 0.460743
415 0.00776236 0.00391533 0.274282
416 0.00245698 0.00448193 0.450829
417 0.00756299 0.00428908 0.279128
418 0.00298302 0.00467908 0.438663
419 0.00734397 0.00465721 0.284428
420 0.00350541 0.00489286 0.424181
421 0.00710097 0.00501388 0.290476
422 0.00398644 0.0051516 0.408206
423 0.006833 0.00535694 0.297372
424 0.00445544 0.00545676 0.389976
425 0.00654933 0.0056895 0.304701
426 0.0049074 0.00577175 0.370123
427 0.00628475 0.00601981 0.310832
428 0.00530123 0.00611387 0.350181
429 0.00604363 0.00634524 0.315727
430 0.00565277 0.00648227 0.329935
431 0.00115477 -0.00825717 0.351651
432 0.00157957 -0.0081741 0.350486
433 0.00197914 -0.00801882 0.350491
434 0.00238428 -0.00789304 0.348637
435 0.00278481 -0.00778998 0.345269
436 0.00317492 -0.00765044 0.34207
437 0.00353844 -0.00747335 0.339419
438 0.00389715 -0.00727871 0.336424
439 0.00163067 -0.00767572 0.363104
440 0.00425286 -0.00709237 0.332435
441 0.00168116 -0.00716497 0.375256
442 0.00460546 -0.00687172 0.32848
443 0.00167657 -0.00667215 0.386742
444 0.00492477 -0.00663407 0.324979
445 0.00165665 -0.00617285 0.397767
446 0.00524517 -0.00639651 0.320652
447 0.00166476 -0.0056875 0.407504
448 0.0055657 -0.00612968 0.316148
449 0.00166476 -0.00520833 0.416514
450 0.00584965 -0.00584105 0.312495
451 0.00166476 -0.00472917 0.424846
452 0.00613425 -0.00555529 0.30801
453 0.00166476 -0.00425 0.432504
454 0.00640313 -0.00524794 0.303751
455 0.00166476 -0.00377083 0.439495
456 0.00663993 -0.00492345 0.300312
457 0.00166476 -0.00329167 0.445822
458 0.00687751 -0.00459912 0.296149
459 0.00166476 -0.0028125 0.451492
460 0.00710504 -0.00425922 0.291954
461 0.00166476 -0.00233333 0.456512
462 0.00728922 -0.00389838 0.289216
463 0.00166476 -0.00185417 0.460887
464 0.00746316 -0.00353024 0.286381
465 0.00166476 -0.001375 0.464627
466 0.00763997 -0.00316647 0.282746
467 0.00166476 -0.000895833 0.46774
468 0.00779169 -0.00277802 0.279866
469 0.00166476 -0.000416667 0.470233
470 0.00790543 -0.00239822 0.278062
471 0.00166476 6.25e-05 0.472117
472 0.0080265 -0.00201147 0.275412
473 0.00166476 0.000541667 0.473403
474 0.00811856 -0.00160074 0.273701
475 0.00166476 0.00102083 0.474103
476 0.00817682 -0.00120017 0.272981
477 0.00166476 0.0015 0.474229
478 0.00823589 -0.000801692 0.27167
479 0.00166476 0.00197917 0.473797
480 0.008269 -0.000395895 0.271097
481 0.00169004 0.00247861 0.472471
482 0.00826561 5.28032e-06 0.271777
483 0.00170245 0.00296977 0.47073
484 0.0082636 0.000406896 0.271869
485 0.0016289 0.00338702 0.469796
486 0.00824343 0.000815373 0.272322
487 0.00179325 0.00380111 0.465661
488 0.00817463 0.00121355 0.274654
489 0.00809885 0.00161424 0.276795
490 0.00802505 0.00201249 0.278325
491 0.0079127 0.00241247 0.281183
492 0.00777779 0.00278734 0.284772
493 0.00764364 0.00316259 0.28782
494 0.00748065 0.00354771 0.291622
495 0.00231761 0.00394294 0.456982
496 0.00728822 0.00390225 0.296592
497 0.00286151 0.00414909 0.445389
498 0.00709823 0.00425699 0.300959
499 0.00340638 0.0043629 0.431368
500 0.00688311 0.00460584 0.30608
501 0.00398975 0.00456835 0.413992
502 0.00663199 0.00493448 0.312613
503 0.00447384 0.00492961 0.395466
504 0.00634861 0.00527485 0.319944
505 0.00494726 0.00524789 0.375602
506 0.00601584 0.00560619 0.329074
507 0.00545475 0.00556019 0.352483
508 0.00577438 0.00598374 0.333193
509 0.00205174 -0.0075107 0.362727
510 0.00248139 -0.00741243 0.359448
511 0.00285787 -0.00738974 0.354102
512 0.00317043 -0.00717991 0.353733
513 0.00352303 -0.00699389 0.351245
514 0.00386891 -0.00678783 0.348529
515 0.00423667 -0.00668222 0.342172
516 0.00215127 -0.00695004 0.375075
517 0.00450715 -0.00640629 0.341378
518 0.00204747 -0.00641271 0.388369
519 0.00482771 -0.00616831 0.337655
520 0.00206689 -0.00592395 0.398355
521 0.00517463 -0.00599247 0.331077
522 0.00208135 -0.00544792 0.407448
523 0.00540559 -0.00567983 0.330131
524 0.00208135 -0.00496875 0.4161
525 0.00568521 -0.00539411 0.326399
526 0.00208135 -0.00448958 0.424075
527 0.00599858 -0.00517699 0.319539
528 0.00208135 -0.00401042 0.431377
529 0.00615766 -0.00483511 0.319713
530 0.00208135 -0.00353125 0.438009
531 0.00640784 -0.00451055 0.315662
532 0.00208135 -0.00305208 0.443978
533 0.00668804 -0.00424528 0.308845
534 0.00208135 -0.00257292 0.44929
535 0.00682126 -0.00388224 0.308658
536 0.00208135 -0.00209375 0.453952
537 0.00698369 -0.00352405 0.30665
538 0.00208135 -0.00161458 0.45797
539 0.00714973 -0.00314993 0.304077
540 0.00208135 -0.00113542 0.461352
541 0.0073864 -0.00284635 0.297115
542 0.00208135 -0.00065625 0.464106
543 0.00743372 -0.00246537 0.298635
544 0.00208135 -0.000177083 0.466242
545 0.00754688 -0.00208838 0.296702
546 0.00208135 0.000302083 0.467768
547 0.00772425 -0.00173205 0.291162
548 0.00208135 0.00078125 0.468696
549 0.00772344 -0.00133399 0.293493
550 0.00208135 0.00126042 0.469036
551 0.007779 -0.000938564 0.292696
552 0.00208135 0.00173958 0.468801
553 0.00790113 -0.000578591 0.288159
554 0.00210101 0.00223283 0.467707
555 0.00782636 -0.000210345 0.292413
556 0.00214749 0.00275684 0.465532
557 0.00783365 0.000198092 0.292401
558 0.00214828 0.00334699 0.463087
559 0.00790068 0.000578568 0.28906
560 0.00779107 0.000949776 0.29361
561 0.00770791 0.00133497 0.296393
562 0.00762566 0.00173529 0.298572
563 0.00763057 0.00211965 0.296285
564 0.00743877 0.00245351 0.302986
565 0.00730408 0.00282934 0.306287
566 0.00723652 0.00321237 0.306002
567 0.00700438 0.00352413 0.313369
568 0.00273618 0.00359608 0.451503
569 0.00681213 0.00387465 0.318092
570 0.00327279 0.00383182 0.438527
571 0.00669858 0.00423592 0.318822
572 0.00379474 0.00403096 0.423937
573 0.00642375 0.00449265 0.327446
574 0.0045514 0.00443662 0.398049
575 0.00618955 0.00485203 0.332594
576 0.0049799 0.00471337 0.380751
577 0.00586419 0.00519164 0.341338
578 0.00539955 0.0049989 0.362074
579 0.00270952 -0.00695088 0.367084
580 0.00314262 -0.00673326 0.364605
581 0.00353525 -0.006511 0.361881
582 0.00396683 -0.00627149 0.357618
583 0.00440998 -0.00594052 0.353535
584 0.00245704 -0.00614639 0.388588
585 0.00485962 -0.00562025 0.347641
586 0.00249675 -0.0056842 0.397312
587 0.00249795 -0.00520833 0.4062
588 0.00523678 -0.00523493 0.343526
589 0.00249795 -0.00472917 0.414489
590 0.00563736 -0.00487113 0.337062
591 0.00249795 -0.00425 0.422103
592 0.00249795 -0.00377083 0.429042
593 0.00249795 -0.00329167 0.435309
594 0.00628186 -0.00398378 0.327972
595 0.00249795 -0.0028125 0.440912
596 0.00249795 -0.00233333 0.445858
597 0.00249795 -0.00185417 0.450152
598 0.00669002 -0.00314327 0.322753
599 0.00249795 -0.001375 0.453803
600 0.0069502 -0.00267544 0.317161
601 0.00249795 -0.000895833 0.456816
602 0.00249795 -0.000416667 0.459201
603 0.0070759 -0.00215249 0.316438
604 0.00249795 6.25e-05 0.460965
605 0.00724963 -0.00162173 0.312819
606 0.00249795 0.000541667 0.46212
607 0.00249795 0.00102083 0.462674
608 0.00732354 -0.00107618 0.312437
609 0.00249795 0.0015 0.462635
610 0.00742983 -0.000547623 0.309675
611 0.00248916 0.00196321 0.462194
612 0.00254293 0.00245218 0.460108
613 0.0026713 0.00299147 0.455856
614 0.00741861 0.000546442 0.311191
615 0.00724652 0.00146583 0.316735
616 0.00717639 0.00199685 0.317497
617 0.00696485 0.00249572 0.323672
618 0.00678888 0.00301896 0.327333
619 0.00652963 0.00349174 0.334024
620 0.00320027 0.00331891 0.44335
621 0.00630767 0.00398938 0.338175
622 0.00371903 0.0035251 0.429582
623 0.00501448 0.00420712 0.384857
624 0.0057995 0.00477975 0.349307
625 0.00547834 0.00444299 0.36572
626 0.00593438 -0.00441421 0.33418
627 0.00648842 -0.00354866 0.325835
628 0.00739546 -5.58769e-06 0.312131
629 0.00732391 0.00101868 0.314636
630 0.00590549 0.00716989 0.306839
631 0.00599674 0.00441251 0.345965
632 0.00317761 -0.00631862 0.372997
633 0.00347402 -0.00600978 0.373716
634 0.00389453 -0.00572927 0.370212
635 0.00431436 -0.0054102 0.366143
636 0.00294029 -0.00593316 0.385333
637 0.0047351 -0.00508562 0.360772
638 0.00291454 -0.00544792 0.395151
639 0.00290626 -0.0049702 0.403864
640 0.00509484 -0.00473026 0.356358
641 0.00292981 -0.00450559 0.411157
642 0.00293493 -0.00402466 0.41836
643 0.00292721 -0.00353884 0.425166
644 0.00291454 -0.00305208 0.431382
645 0.00291454 -0.00257292 0.436613
646 0.00291454 -0.00209375 0.441185
647 0.00291454 -0.00161458 0.445104
648 0.0063903 -0.00273403 0.338515
649 0.00291454 -0.00113542 0.448376
650 0.00657142 -0.00226299 0.33583
651 0.00291454 -0.00065625 0.45101
652 0.00291454 -0.000177083 0.453012
653 0.00670976 -0.00176177 0.334145
654 0.00291454 0.000302083 0.454391
655 0.00683052 -0.00126326 0.332221
656 0.00291454 0.00078125 0.455158
657 0.00292601 0.00126803 0.455101
658 0.0069134 -0.000760349 0.330992
659 0.00292569 0.00174164 0.454666
660 0.00285733 0.00215397 0.455122
661 0.00303028 0.00251945 0.450611
662 0.0067559 0.00161783 0.337108
663 0.00662593 0.00210325 0.340272
664 0.00644054 0.00258434 0.344979
665 0.00624339 0.00305906 0.349451
666 0.00603301 0.00351796 0.353848
667 0.00368672 0.0030331 0.43332
668 0.00537833 0.00397446 0.374193
669 0.00280029 -0.00643759 0.377087
670 0.00541941 -0.0043537 0.352204
671 0.00572423 -0.00397167 0.347711
672 0.00597674 -0.00356876 0.344278
673 0.00617502 -0.00315934 0.342027
674 0.00694217 -0.000257265 0.331167
675 0.00694905 0.000220068 0.331446
676 0.00691909 0.000699174 0.33254
677 0.00683466 0.00114158 0.335307
678 0.00417105 0.00321331 0.419336
679 0.0050669 0.0036962 0.387739
680 0.00340126 -0.00559143 0.383411
681 0.00377786 -0.00517334 0.383188
682 0.00421968 -0.00489911 0.377485
683 0.00459752 -0.00458389 0.372822
684 0.00335452 -0.0047856 0.398699
685 0.00337558 -0.00429196 0.406139
686 0.00336963 -0.00379095 0.413482
687 0.00334325 -0.00329817 0.420387
688 0.00333114 -0.0028125 0.426224
689 0.00333114 -0.00233333 0.431076
690 0.00333114 -0.00185417 0.435266
691 0.00333114 -0.001375 0.438799
692 0.00605917 -0.00234866 0.35422
693 0.00333114 -0.000895833 0.441683
694 0.00621337 -0.00188803 0.35226
695 0.00333114 -0.000416667 0.443924
696 0.00333114 6.25e-05 0.44553
697 0.00634917 -0.00142466 0.350188
698 0.00333114 0.000541667 0.446507
699 0.00645231 -0.000960238 0.348574
700 0.00333831 0.00102844 0.446716
701 0.00336823 0.00153279 0.445788
702 0.00336047 0.00207748 0.444916
703 0.00625837 0.00173591 0.356617
704 0.00611643 0.00219149 0.360051
705 0.00592953 0.00265162 0.364523
706 0.00570939 0.00309573 0.36969
707 0.0032767 -0.00519377 0.393147
708 0.00491062 -0.0042405 0.369322
709 0.00587082 -0.0027826 0.356809
710 0.00646609 -0.000479124 0.34975
711 0.00356938 0.00254158 0.438515
712 0.00635827 0.00126645 0.354215
713 0.00555409 0.00353684 0.37184
714 0.00412352 0.00265642 0.423774
715 0.00520905 -0.00386451 0.365726
716 0.00564302 -0.00317749 0.360354
717 0.00645629 -1.59055e-05 0.351116
718 0.00641288 0.000792701 0.352928
719 0.00377847 -0.00460923 0.392652
720 0.00417047 -0.00444874 0.38592
721 0.00386064 -0.00406076 0.399183
722 0.00378418 -0.00353369 0.408045
723 0.00375574 -0.00304585 0.414586
724 0.00375488 -0.00257025 0.419697
725 0.00376461 -0.00209231 0.423925
726 0.00375956 -0.00161493 0.427824
727 0.00374773 -0.00113542 0.431236
728 0.00572923 -0.00198973 0.368692
729 0.00374773 -0.00065625 0.433718
730 0.00587086 -0.00154627 0.366878
731 0.00374773 -0.000177083 0.435556
732 0.00374773 0.000302083 0.436749
733 0.00599527 -0.00111173 0.364888
734 0.00375119 0.000774435 0.437221
735 0.00375657 0.00125345 0.437034
736 0.00387538 0.00176529 0.433399
737 0.0057697 0.0018277 0.374616
738 0.00562189 0.00226654 0.378018
739 0.00542662 0.00270104 0.382537
740 0.00514608 0.00315043 0.389343
741 0.00441667 -0.00410413 0.384884
742 0.00556364 -0.00242354 0.370635
743 0.00610565 -0.000705315 0.362586
744 0.00386765 0.00222532 0.432233
745 0.00589954 0.00139518 0.371257
746 0.00474756 -0.00378159 0.38039
747 0.00537024 -0.00284885 0.372782
748 0.00594872 -0.000304256 0.369621
749 0.00596738 0.000923068 0.369675
750 0.00416515 -0.00325748 0.402412
751 0.00417276 -0.00280318 0.407341
752 0.00419841 -0.00232678 0.411415
753 0.00420664 -0.00185675 0.415188
754 0.00418811 -0.00136474 0.419134
755 0.00418328 -0.000887875 0.421962
756 0.00540789 -0.00164782 0.381843
757 0.00416433 -0.000416667 0.424483
758 0.00551769 -0.0012106 0.380895
759 0.00417387 6.67303e-05 0.425662
760 0.00417536 0.000537157 0.426379
761 0.00416577 0.000987948 0.426768
762 0.00415626 0.00138917 0.426645
763 0.00527964 0.00190093 0.391477
764 0.0051323 0.00230674 0.3947
765 0.00467497 0.00343699 0.402694
766 0.00461965 0.00294424 0.407714
767 0.00429055 0.00212663 0.42124
768 0.00507596 -0.00332199 0.376717
769 0.00597685 0.000345714 0.369621
770 0.00424999 -0.00370391 0.394683
771 0.00524682 -0.00207913 0.383804
772 0.00567448 -0.000786116 0.377609
773 0.00541515 0.0014766 0.388189
774 0.00507895 -0.00246926 0.385585
775 0.00558497 0.00111294 0.383042
776 0.00459271 -0.0030448 0.393701
777 0.00458843 -0.00257773 0.398727
778 0.0047165 -0.00210832 0.399458
779 0.00460179 -0.00159288 0.406562
780 0.00463147 -0.00110771 0.408728
781 0.0046287 -0.000633858 0.411063
782 0.00504852 -0.00132858 0.395207
783 0.00459918 -0.000157061 0.413508
784 0.00460503 0.000315603 0.414293
785 0.00461656 0.000784613 0.414279
786 0.00457823 0.00123752 0.415104
787 0.00478982 0.0019918 0.406965
788 0.00465038 0.00243251 0.409457
789 0.00456834 -0.00343148 0.389791
790 0.0049426 -0.00285292 0.385813
791 0.00549612 -6.30725e-05 0.385859
792 0.00553497 0.000716162 0.385173
793 0.00499126 -0.00175118 0.394111
794 0.00512707 -0.000868679 0.395248
795 0.00493428 0.00155068 0.403764
796 0.00509483 0.00105221 0.399565
797 0.00503911 -0.000348604 0.399901
798 0.00503116 0.000103468 0.401211
799 0.00504872 0.000562926 0.401158
800 0.00542056 0.00033606 0.38892
801 0.00499001 0.00269875 0.397314
802 0.00443115 0.00169009 0.418539
803 0.0057941 0.00399412 0.358509
804 0.00541683 -0.000490075 0.38734
805 0.00423677 0.00414165 0.410455
806 0.00551896 -0.00357903 0.35959
807 0.00653408 0.000401327 0.34832
808 0.00120893 0.00683258 0.447201
809 0.00383306 0.00791293 0.377148
810 0.00168796 0.00785353 0.429641
811 0.00236133 0.00773183 0.419437
812 0.00351849 0.00684554 0.401799
813 0.00312586 0.00659177 0.415685
814 0.0027379 0.00641402 0.426985
815 0.00386121 0.00709355 0.387916
816 0.00233544 0.0062467 0.43704
817 0.00415998 0.00747997 0.372087
818 0.00192931 0.00608891 0.445603
819 0.0045275 0.00769505 0.354602
820 0.00149962 0.00597608 0.452606
821 0.0047516 0.00816579 0.337134
822 0.00105896 0.00587289 0.458124
823 0.000589105 0.0057934 0.462079
824 0.0043122 0.00852259 0.349872
825 0.00388183 0.00874638 0.363098
826 0.000390092 0.00651979 0.456087
827 0.00345012 0.00889749 0.37561
828 0.000404145 0.00696667 0.451443
829 0.00299607 0.00908798 0.386349
830 0.000404145 0.00743333 0.446372
831 0.00255674 0.00922122 0.395583
832 0.000404145 0.0079 0.441017
833 0.00209557 0.00933393 0.403704
834 0.000413851 0.00838541 0.435113
835 0.00162255 0.00940585 0.410615
836 0.000414884 0.00887315 0.428941
837 0.00117936 0.00949741 0.414957
838 0.000420046 0.00937631 0.422288
839 0.00036356 0.00614491 0.459818
840 0.000808983 0.0095987 0.416919
841 0.00342785 0.00730189 0.398478
842 0.00309706 0.00709013 0.41034
843 0.00273847 0.00690143 0.421375
844 0.00236438 0.00671923 0.431357
845 0.00373201 0.00749477 0.386468
846 0.00197203 0.00657937 0.439867
847 0.00424376 0.00801701 0.360718
848 0.00157406 0.00645318 0.446957
849 0.00116998 0.00634506 0.452587
850 0.000770632 0.00623543 0.456876
851 0.00394724 0.00832788 0.366959
852 0.00352535 0.00835409 0.381002
853 0.000798817 0.00668301 0.45225
854 0.00309874 0.00859032 0.390426
855 0.000813034 0.00715549 0.447154
856 0.00265714 0.00874488 0.39974
857 0.000829855 0.00763773 0.441626
858 0.00223766 0.00883963 0.407625
859 0.000819406 0.00813333 0.435845
860 0.00178911 0.0089653 0.414013
861 0.000829222 0.00866407 0.429165
862 0.00127576 0.00897675 0.420923
863 0.000832812 0.00915242 0.422784
864 0.00306659 0.00758212 0.404864
865 0.00342569 0.00779499 0.391893
866 0.00272002 0.00739243 0.415852
867 0.0023613 0.00721758 0.425675
868 0.00199297 0.00707374 0.434069
869 0.00161353 0.00695139 0.441146
870 0.00311171 0.00809323 0.396881
871 0.00278796 0.00832973 0.402101
872 0.00122637 0.00732715 0.441608
873 0.00237118 0.00829755 0.412071
874 0.00127816 0.00786492 0.434819
875 0.00193981 0.00850602 0.417512
876 0.00120945 0.00845336 0.428321
877 0.0015624 0.00863153 0.421669
878 0.00272363 0.00790053 0.409334
879 0.00200534 0.0075507 0.428292
880 0.00162295 0.00743245 0.435587
881 0.00200901 0.00804271 0.422207
882 0.00160933 0.00822771 0.426188
883 0.00488032 0.0117844 0.277589
884 0.00468371 0.0135011 0.263812
885 0.00172896 0.0114681 0.379052
886 0.00433582 0.0108367 0.314316
887 0.00458117 0.0162174 0.222817
888 0.00486222 0.0158782 0.218893
889 0.00512869 0.015526 0.21472
890 0.00425897 0.0165389 0.22742
891 0.00536732 0.0151387 0.211229
892 0.00392052 0.0168358 0.231853
893 0.00558766 0.014742 0.207659
894 0.00356174 0.0171081 0.236174
895 0.00577396 0.0143314 0.204866
896 0.00318977 0.0173365 0.240564
897 0.0059177 0.0139152 0.203288
898 0.00279754 0.0175447 0.244618
899 0.00603227 0.0134857 0.202526
900 0.00239869 0.0177393 0.2478
901 0.00612607 0.0130481 0.202168
902 0.0020012 0.0179062 0.250312
903 0.00619207 0.0125988 0.202684
904 0.00154181 0.0180292 0.253406
905 0.00621154 0.012158 0.205047
906 0.00109472 0.0180956 0.256222
907 0.00621357 0.0117159 0.207913
908 0.00060376 0.0181895 0.257114
909 0.0061852 0.0112772 0.212144
910 0.0061096 0.0108244 0.219114
911 0.00600881 0.0103862 0.227757
912 0.00588564 0.0099645 0.238356
913 0.000403072 0.0174423 0.276464
914 0.00569049 0.00952961 0.255507
915 0.000416975 0.0169815 0.287286
916 0.00547458 0.00909211 0.27655
917 0.000416975 0.0165 0.298239
918 0.000416975 0.0160185 0.308788
919 0.000416975 0.015537 0.318953
920 0.000416975 0.0150556 0.328753
921 0.00466452 0.0093142 0.321417
922 0.000416975 0.0145741 0.338206
923 0.00421663 0.00952744 0.338261
924 0.000416975 0.0140926 0.347332
925 0.0037478 0.00971803 0.353631
926 0.000416975 0.0136111 0.356149
927 0.00327244 0.00989157 0.366911
928 0.000416975 0.0131296 0.364677
929 0.00277332 0.010043 0.378739
930 0.000416975 0.0126481 0.372931
931 0.00228162 0.0101627 0.388406
932 0.000416975 0.0121667 0.38093
933 0.0017682 0.0102661 0.39637
934 0.000439221 0.0116734 0.388749
935 0.00124991 0.0103567 0.402151
936 0.000459141 0.0111815 0.396302
937 0.000755249 0.0103711 0.406543
938 0.000416975 0.0107222 0.403416
939 0.000337616 0.0103233 0.409517
940 0.000372886 0.0178304 0.267096
941 0.00501698 0.00908189 0.307039
942 0.00440466 0.015784 0.237069
943 0.0041222 0.0160967 0.240548
944 0.00464973 0.0154489 0.234401
945 0.00488821 0.0151001 0.231303
946 0.0038142 0.0163668 0.244682
947 0.00510293 0.0147444 0.22838
948 0.00350734 0.0166314 0.247867
949 0.00529775 0.0143878 0.225451
950 0.00315924 0.0168657 0.251752
951 0.00545604 0.0139762 0.224093
952 0.00279622 0.0170601 0.25573
953 0.00556858 0.0135919 0.223824
954 0.00241659 0.0172591 0.258756
955 0.00566491 0.0131829 0.224017
956 0.0020312 0.0174313 0.261261
957 0.00573186 0.0127664 0.225171
958 0.00168224 0.0176203 0.261653
959 0.00577704 0.0123532 0.226904
960 0.00124724 0.0175738 0.267736
961 0.00579158 0.0119352 0.229904
962 0.000804619 0.0177313 0.267399
963 0.00578457 0.0115349 0.233653
964 0.00574152 0.0110986 0.239551
965 0.00564137 0.0106967 0.2487
966 0.00554491 0.0102947 0.258065
967 0.00545956 0.0098894 0.267393
968 0.000823915 0.0172455 0.278988
969 0.00514714 0.0095566 0.291607
970 0.00082801 0.0167458 0.290527
971 0.000834777 0.0162593 0.301308
972 0.000834777 0.0157778 0.311633
973 0.000834777 0.0152963 0.321582
974 0.000834777 0.0148148 0.331174
975 0.00464048 0.00982672 0.314742
976 0.000834777 0.0143333 0.34043
977 0.00415605 0.0100369 0.333292
978 0.000834777 0.0138519 0.349368
979 0.00365774 0.0102092 0.349717
980 0.000834777 0.0133704 0.358008
981 0.00314954 0.0103826 0.363519
982 0.000834777 0.0128889 0.366368
983 0.00262932 0.0105211 0.375412
984 0.000834777 0.0124074 0.374464
985 0.00210622 0.0106312 0.385139
986 0.000855323 0.0119199 0.382234
987 0.00156054 0.0107305 0.392779
988 0.00089274 0.011416 0.389889
989 0.000958725 0.0108623 0.3978
990 0.00399634 0.0156941 0.252172
991 0.00418123 0.0153563 0.252431
992 0.00367934 0.0159135 0.257644
993 0.00441431 0.0150398 0.249972
994 0.004616 0.0147003 0.248266
995 0.0033747 0.0161717 0.26094
996 0.00484075 0.0143663 0.244771
997 0.00313883 0.0164532 0.261034
998 0.00506762 0.014074 0.239701
999 0.00278849 0.0165562 0.266954
1000 0.00510216 0.0136936 0.243559
1001 0.00242844 0.0167582 0.269839
1002 0.00519526 0.0133047 0.244592
1003 0.00203572 0.016967 0.271936
1004 0.00526 0.0129136 0.246454
1005 0.00161891 0.0171916 0.272654
1006 0.0053083 0.0125064 0.248882
1007 0.00534747 0.0121163 0.251233
1008 0.00535977 0.0117232 0.254731
1009 0.00542505 0.0113399 0.25512
1010 0.00527395 0.0109911 0.266867
1011 0.00514493 0.0105789 0.278444
1012 0.00506153 0.0101099 0.28874
1013 0.00124667 0.0164871 0.292835
1014 0.00125258 0.0160185 0.302958
1015 0.00125258 0.015537 0.31304
1016 0.00125258 0.0150556 0.322757
1017 0.00125258 0.0145741 0.332125
1018 0.00458931 0.0103968 0.309156
1019 0.00125258 0.0140926 0.341166
1020 0.00404637 0.0105276 0.330728
1021 0.00125258 0.0136111 0.349902
1022 0.00353415 0.0107212 0.346538
1023 0.00125258 0.0131296 0.358352
1024 0.00300733 0.0108875 0.360224
1025 0.00125258 0.0126481 0.366536
1026 0.00245401 0.011023 0.372104
1027 0.00128082 0.0121627 0.374194
1028 0.00192334 0.0110865 0.381729
1029 0.00129477 0.0116937 0.381499
1030 0.00138964 0.0111959 0.388063
1031 0.00362782 0.0153597 0.2698
1032 0.00408782 0.0146791 0.267395
1033 0.00326117 0.0157153 0.273024
1034 0.00435342 0.014295 0.264469
1035 0.00287955 0.0160608 0.275397
1036 0.00465144 0.0139419 0.258645
1037 0.00208803 0.0164654 0.282253
1038 0.00478109 0.0130772 0.265624
1039 0.0016458 0.0167172 0.283159
1040 0.00484132 0.0126495 0.268644
1041 0.00487489 0.0122173 0.272571
1042 0.00497552 0.0113612 0.278089
1043 0.00478151 0.0109176 0.292949
1044 0.00168307 0.0162332 0.293299
1045 0.00166937 0.0157607 0.303486
1046 0.00167038 0.0152963 0.312939
1047 0.00167038 0.0148148 0.322399
1048 0.00167038 0.0143333 0.331523
1049 0.00167038 0.0138519 0.340334
1050 0.0039361 0.0110501 0.327501
1051 0.00167038 0.0133704 0.348853
1052 0.00341471 0.0112493 0.342748
1053 0.00167038 0.0128889 0.357102
1054 0.00283364 0.0114005 0.357317
1055 0.00171003 0.0123963 0.364678
1056 0.00222704 0.0115636 0.368821
1057 0.00174466 0.0119078 0.371987
1058 0.00311963 0.0152194 0.286248
1059 0.00382931 0.0143237 0.281846
1060 0.0028527 0.0155944 0.285331
1061 0.00414895 0.0138037 0.279631
1062 0.0020736 0.0159803 0.292853
1063 0.00437606 0.0128076 0.285795
1064 0.0044463 0.0123645 0.28911
1065 0.00444303 0.0113581 0.302796
1066 0.00208974 0.0155031 0.302409
1067 0.00208881 0.0150414 0.311541
1068 0.00207668 0.0145639 0.320848
1069 0.00208818 0.0140926 0.329319
1070 0.00208818 0.0136111 0.33788
1071 0.00389255 0.0116416 0.320789
1072 0.00208818 0.0131296 0.346167
1073 0.00326415 0.0117649 0.339793
1074 0.0021269 0.0126455 0.353528
1075 0.00269784 0.0119204 0.352786
1076 0.00217517 0.0121362 0.360847
1077 0.00351742 0.0147969 0.283299
1078 0.00243716 0.0157517 0.29102
1079 0.00428263 0.0132691 0.282759
1080 0.00443701 0.0118534 0.296382
1081 0.00257377 0.015227 0.298764
1082 0.00348398 0.0138826 0.300043
1083 0.00397928 0.0125062 0.305027
1084 0.00251836 0.0143534 0.316257
1085 0.00252482 0.0138747 0.324651
1086 0.00252407 0.0133923 0.332977
1087 0.00362581 0.0121453 0.322554
1088 0.00253096 0.0129097 0.340887
1089 0.00309902 0.0122693 0.336844
1090 0.00259922 0.0124345 0.347033
1091 0.00292316 0.0147314 0.30025
1092 0.00334203 0.0143758 0.295622
1093 0.00377569 0.0134134 0.298314
1094 0.00389206 0.012948 0.301561
1095 0.00407321 0.0121054 0.307293
1096 0.00244517 0.0147793 0.309874
1097 0.00295977 0.014134 0.310021
1098 0.00296602 0.013663 0.317929
1099 0.00295857 0.0131942 0.325912
1100 0.00350462 0.0126088 0.319506
1101 0.00301085 0.0127433 0.331821
1102 0.00334213 0.0134386 0.311351
1103 0.00342149 0.0130537 0.315175
1104 0.00122565 0.0169985 0.281488
1105 0.00389798 0.0150446 0.267166
1106 0.00246783 0.0162525 0.28003
