1 6.12323e-19 -0.01 0.303171
2 4.08216e-19 0.00533333 0.465578
3 6.12323e-19 0.01 0.412634
4 4.08216e-19 0.0186667 0.245324
5 0.0058742 0.0151525 0.187852
6 0.00956943 -0.00290274 0.188923
7 0.00555552 0.00831481 0.287633
8 0 0.00498485 0.468251
9 0 0.00463636 0.470791
10 0 0.00428788 0.47309
11 0 0.00393939 0.475128
12 0 0.00359091 0.476917
13 0 0.00324242 0.478465
14 0 0.00289394 0.47976
15 0 0.00254545 0.480794
16 0 0.00219697 0.481558
17 0 0.00184848 0.482046
18 0 0.0015 0.48225
19 0 0.00115152 0.482164
20 0 0.00080303 0.481782
21 0 0.000454545 0.481098
22 0 0.000106061 0.480109
23 0 -0.000242424 0.478807
24 0 -0.000590909 0.47719
25 0 -0.000939394 0.475253
26 0 -0.00128788 0.472991
27 0 -0.00163636 0.470402
28 0 -0.00198485 0.467481
29 0 -0.00233333 0.464226
30 0 -0.00268182 0.460632
31 0 -0.0030303 0.456699
32 0 -0.00337879 0.452422
33 0 -0.00372727 0.447799
34 0 -0.00407576 0.442827
35 0 -0.00442424 0.437505
36 0 -0.00477273 0.431831
37 0 -0.00512121 0.425801
38 0 -0.0054697 0.419415
39 0 -0.00581818 0.41267
40 0 -0.00616667 0.405565
41 0 -0.00651515 0.398098
42 0 -0.00686364 0.390268
43 0 -0.00721212 0.382071
44 0 -0.00756061 0.373509
45 0 -0.00790909 0.364578
46 0 -0.00825758 0.35528
47 0 -0.00860606 0.345617
48 0 -0.00895455 0.33557
49 0 -0.00930303 0.325152
50 0 -0.00965152 0.314469
51 0.00966386 -0.00257094 0.1867
52 0.00974676 -0.0022362 0.184741
53 0.0098181 -0.00189868 0.183049
54 0.00987774 -0.00155893 0.181636
55 0.00992562 -0.00121741 0.180507
56 0.0099617 -0.000874328 0.179673
57 0.00998593 -0.00053027 0.179138
58 0.00999828 -0.000185615 0.1789
59 0.00999873 0.000159361 0.178967
60 0.00998729 0.000504056 0.179339
61 0.00996397 0.000848163 0.180018
62 0.00992878 0.00119134 0.180998
63 0.0098818 0.00153299 0.182276
64 0.00982305 0.00187288 0.183853
65 0.00975261 0.00221059 0.185725
66 0.00967058 0.00254555 0.187883
67 0.00957703 0.00287758 0.190318
68 0.00947208 0.0032062 0.193027
69 0.0093559 0.0035309 0.196003
70 0.00922854 0.0038515 0.199234
71 0.00909021 0.00416751 0.202713
72 0.0089411 0.00447847 0.206428
73 0.00878131 0.0047842 0.210377
74 0.00861109 0.0050842 0.214548
75 0.00843066 0.0053781 0.218935
76 0.00824014 0.0056657 0.22353
77 0.00803986 0.00594649 0.228332
78 0.00783002 0.00622019 0.233343
79 0.00761081 0.00648657 0.23857
80 0.00738261 0.00674515 0.244021
81 0.00714561 0.00699573 0.249725
82 0.00690006 0.00723804 0.255733
83 0.00664638 0.00747166 0.262133
84 0.00638474 0.00769644 0.269144
85 0.00611547 0.00791208 0.277358
86 0.00583902 0.00811824 0.28801
87 0.005357 0.00803176 0.307141
88 0.00514426 0.00775959 0.323631
89 0.00491751 0.0074986 0.338802
90 0.00467764 0.00724983 0.353153
91 0.00442526 0.00701386 0.366727
92 0.00416081 0.00679115 0.379545
93 0.00388539 0.0065826 0.391578
94 0.00359939 0.00638851 0.402816
95 0.00330363 0.00620945 0.413227
96 0.00299926 0.0060461 0.422764
97 0.00268656 0.00589862 0.43141
98 0.00236672 0.00576758 0.439129
99 0.00204068 0.00565334 0.445887
100 0.00170891 0.00555608 0.451664
101 0.00137275 0.0054762 0.45644
102 0.00103286 0.00541383 0.460192
103 0.000690024 0.00536914 0.462929
104 0.000345617 0.0053423 0.464659
105 0.000344925 -0.00999405 0.302715
106 0.000689321 -0.00997621 0.302184
107 0.00103302 -0.0099465 0.301401
108 0.00137544 -0.00990496 0.300343
109 0.00171616 -0.00985164 0.29901
110 0.00205495 -0.00978658 0.297401
111 0.00239122 -0.00970989 0.295523
112 0.00272462 -0.00962167 0.293389
113 0.00305488 -0.00952196 0.291002
114 0.00338141 -0.00941096 0.288377
115 0.00370393 -0.00928875 0.285521
116 0.00402212 -0.00915547 0.282456
117 0.00433542 -0.00901133 0.279193
118 0.00464362 -0.00885646 0.275744
119 0.00494634 -0.00869102 0.272128
120 0.00524307 -0.00851529 0.268363
121 0.00553365 -0.00832939 0.264465
122 0.00581766 -0.00813356 0.260453
123 0.00609464 -0.00792813 0.256347
124 0.00636448 -0.0077132 0.252166
125 0.00662673 -0.00748909 0.247932
126 0.00688101 -0.00725614 0.243663
127 0.0071272 -0.00701448 0.239378
128 0.00736487 -0.00676451 0.235098
129 0.00759375 -0.00650654 0.230851
130 0.00781365 -0.00624074 0.22665
131 0.00802422 -0.00596758 0.222511
132 0.00822523 -0.00568733 0.218461
133 0.0084165 -0.00540023 0.214516
134 0.00859771 -0.0051068 0.210702
135 0.00876871 -0.00480726 0.207027
136 0.0089293 -0.00450195 0.203512
137 0.00907923 -0.00419138 0.200176
138 0.00921838 -0.00387575 0.197035
139 0.00934658 -0.00355548 0.194105
140 0.00946362 -0.00323109 0.191396
141 0 0.00964103 0.417718
142 0 0.00928205 0.422407
143 0 0.00892308 0.427101
144 0 0.0085641 0.431665
145 0 0.00820513 0.436076
146 0 0.00784615 0.440349
147 0 0.00748718 0.444474
148 0 0.00712821 0.44844
149 0 0.00676923 0.452237
150 0 0.00641026 0.45586
151 0 0.00605128 0.459313
152 0 0.00569231 0.462686
153 0.00526412 0.0085023 0.301521
154 0.00496641 0.00867956 0.313818
155 0.00466274 0.0088464 0.326102
156 0.00435349 0.00900262 0.337718
157 0.00403901 0.00914803 0.348529
158 0.0037197 0.00928245 0.358515
159 0.00339592 0.00940573 0.367673
160 0.00306807 0.00951772 0.375994
161 0.00273654 0.00961828 0.383473
162 0.00240173 0.0097073 0.390102
163 0.00206403 0.00978467 0.395872
164 0.00172384 0.0098503 0.400779
165 0.00138158 0.0099041 0.404811
166 0.00103766 0.00994602 0.407976
167 0.000692478 0.00997599 0.410288
168 0.000346454 0.009994 0.411779
169 0.0057046 0.0154499 0.190887
170 0.00552009 0.015738 0.194152
171 0.0053209 0.0160165 0.197606
172 0.00510789 0.0162841 0.201203
173 0.0048812 0.0165407 0.204902
174 0.00464183 0.0167852 0.208654
175 0.00439003 0.0170172 0.212417
176 0.00412665 0.0172359 0.216145
177 0.0038526 0.0174408 0.219789
178 0.00356819 0.0176314 0.223318
179 0.00327467 0.017807 0.226683
180 0.00297221 0.0179674 0.229855
181 0.00266216 0.0181121 0.232795
182 0.00234485 0.0182407 0.235475
183 0.00202135 0.0183528 0.237863
184 0.00169277 0.0184482 0.239933
185 0.00135949 0.0185266 0.241667
186 0.00102296 0.0185877 0.243052
187 0.000683388 0.0186315 0.244073
188 0.000342272 0.0186579 0.244765
189 0.0057374 0.0086049 0.259471
190 0.00590402 0.00890371 0.240086
191 0.0060552 0.00921092 0.226124
192 0.00619028 0.00952515 0.215366
193 0.00630918 0.00984623 0.206659
194 0.00641136 0.0101727 0.199507
195 0.00649672 0.0105043 0.193622
196 0.00656494 0.0108398 0.188798
197 0.00661582 0.0111782 0.184915
198 0.00664929 0.0115189 0.18186
199 0.00666521 0.0118606 0.179572
200 0.00666358 0.012203 0.177981
201 0.00664439 0.0125445 0.177043
202 0.00660767 0.012885 0.176707
203 0.00655352 0.013223 0.176935
204 0.00648215 0.0135576 0.177679
205 0.00639363 0.0138884 0.178911
206 0.00628836 0.0142138 0.180583
207 0.00616641 0.0145337 0.182659
208 0.0060283 0.0148468 0.185094
209 0 0.01832 0.254453
210 0 0.0179733 0.263091
211 0 0.0176267 0.271624
212 0 0.01728 0.279939
213 0 0.0169333 0.288018
214 0 0.0165867 0.29587
215 0 0.01624 0.303513
216 0 0.0158933 0.310951
217 0 0.0155467 0.318193
218 0 0.0152 0.325243
219 0 0.0148533 0.332111
220 0 0.0145067 0.338803
221 0 0.01416 0.345325
222 0 0.0138133 0.351686
223 0 0.0134667 0.357891
224 0 0.01312 0.363948
225 0 0.0127733 0.369863
226 0 0.0124267 0.375642
227 0 0.01208 0.381289
228 0 0.0117333 0.386812
229 0 0.0113867 0.392214
230 0 0.01104 0.397501
231 0 0.0106933 0.402647
232 0 0.0103467 0.407655
233 0.00523867 0.00450559 0.371695
234 0.00519744 0.00550957 0.360482
235 0.00565883 0.00706704 0.315647
236 0.00474459 -0.0016149 0.40131
237 0.00509678 -0.0038623 0.368387
238 0.00182315 -0.00949718 0.309093
239 0.00215374 -0.0094283 0.30742
240 0.00149027 -0.00956051 0.310317
241 0.00248813 -0.00934669 0.30544
242 0.00114964 -0.00959915 0.311725
243 0.00280614 -0.00926044 0.303203
244 0.000802855 -0.00963122 0.312713
245 0.00311813 -0.00916054 0.30088
246 0.000433362 -0.00966111 0.313175
247 0.00342471 -0.00905044 0.298374
248 0.00374196 -0.00891681 0.295743
249 0.00405914 -0.00878308 0.292483
250 0.0043528 -0.00864404 0.289328
251 0.00030055 -0.00912091 0.330098
252 0.00464304 -0.00848984 0.286126
253 0.000318104 -0.00879077 0.33975
254 0.00492739 -0.00832373 0.282855
255 0.000301797 -0.00843182 0.349944
256 0.00521934 -0.00814142 0.27923
257 0.000301797 -0.00808333 0.359427
258 0.00549705 -0.00795982 0.275442
259 0.000301797 -0.00773485 0.368543
260 0.00576981 -0.00777301 0.2714
261 0.000301797 -0.00738636 0.37729
262 0.00602847 -0.0075648 0.267837
263 0.000301797 -0.00703788 0.385668
264 0.00628344 -0.00735122 0.26401
265 0.000301797 -0.00668939 0.393681
266 0.00654265 -0.00712476 0.259803
267 0.000301797 -0.00634091 0.401329
268 0.00678493 -0.006902 0.255621
269 0.000301797 -0.00599242 0.408614
270 0.00701857 -0.00666728 0.251553
271 0.000301797 -0.00564394 0.415537
272 0.00723309 -0.0064261 0.247923
273 0.000301797 -0.00529545 0.422102
274 0.00745314 -0.0061614 0.244077
275 0.000301797 -0.00494697 0.428308
276 0.00767311 -0.00589661 0.239733
277 0.000301797 -0.00459848 0.434159
278 0.00786714 -0.00563589 0.235985
279 0.000301797 -0.00425 0.439655
280 0.00805319 -0.00536625 0.232325
281 0.000301797 -0.00390152 0.4448
282 0.00822715 -0.00508541 0.228989
283 0.000301797 -0.00355303 0.449596
284 0.00840231 -0.00478911 0.225408
285 0.000301797 -0.00320455 0.454044
286 0.0085658 -0.00450027 0.221833
287 0.000301797 -0.00285606 0.458147
288 0.00871513 -0.00420651 0.218611
289 0.000301797 -0.00250758 0.461908
290 0.00885089 -0.00390503 0.215773
291 0.000301797 -0.00215909 0.46533
292 0.00897737 -0.00359382 0.213128
293 0.000301797 -0.00181061 0.468415
294 0.00910373 -0.00327355 0.21018
295 0.000301797 -0.00146212 0.471168
296 0.00921348 -0.00296748 0.207553
297 0.000301797 -0.00111364 0.47359
298 0.00930797 -0.00265282 0.205447
299 0.000301797 -0.000765152 0.475686
300 0.00938707 -0.00233211 0.203849
301 0.000301797 -0.000416667 0.47746
302 0.00946038 -0.00199348 0.202318
303 0.000301797 -6.81818e-05 0.478915
304 0.00952733 -0.00166492 0.200677
305 0.000301797 0.000280303 0.480056
306 0.00958747 -0.0013365 0.199037
307 0.000301797 0.000628788 0.480889
308 0.00962173 -0.0010072 0.198472
309 0.000301797 0.000977273 0.481416
310 0.00964752 -0.000675784 0.198025
311 0.000301797 0.00132576 0.481645
312 0.0096665 -0.000332111 0.197619
313 0.000301797 0.00167424 0.48158
314 0.00967696 -1.79712e-06 0.197302
315 0.000301797 0.00202273 0.481229
316 0.00967241 0.000325168 0.197478
317 0.000301797 0.00237121 0.480596
318 0.00965487 0.000650145 0.198042
319 0.000301797 0.0027197 0.47969
320 0.00961908 0.000992516 0.199237
321 0.000301797 0.00306818 0.478518
322 0.00958318 0.00133486 0.200056
323 0.000301797 0.00341667 0.477087
324 0.00953494 0.00165685 0.201283
325 0.000301797 0.00376515 0.475408
326 0.00947356 0.00197811 0.202898
327 0.000321268 0.00412561 0.473348
328 0.00939564 0.00229907 0.205078
329 0.000334819 0.00448306 0.471068
330 0.00930592 0.00263137 0.207453
331 0.000301797 0.00481061 0.468899
332 0.00921276 0.00294983 0.209751
333 0.00024594 0.00510652 0.46681
334 0.00911317 0.00326508 0.212063
335 0.00898901 0.00357305 0.215403
336 0.000539431 0.0050781 0.466019
337 0.00885862 0.00387903 0.218725
338 0.000883486 0.00509055 0.463962
339 0.00871716 0.00419281 0.222147
340 0.00124815 0.00516066 0.460374
341 0.00857432 0.00448932 0.225484
342 0.00160367 0.00524265 0.455764
343 0.00841752 0.00478103 0.229236
344 0.00195404 0.00533199 0.450165
345 0.008249 0.00505633 0.233467
346 0.00229777 0.00544064 0.443515
347 0.00805957 0.00534374 0.238179
348 0.00263222 0.0055726 0.435842
349 0.00787003 0.0056311 0.2425
350 0.00295961 0.00571698 0.427226
351 0.00767558 0.00589213 0.247163
352 0.00328227 0.00587471 0.41761
353 0.00747106 0.00614758 0.252077
354 0.00359312 0.00605408 0.407082
355 0.00725458 0.00639676 0.25736
356 0.00389502 0.00624852 0.395657
357 0.00702188 0.00665037 0.263008
358 0.00419087 0.00645486 0.383274
359 0.00679008 0.00689219 0.268597
360 0.00447202 0.00668106 0.370103
361 0.00654614 0.00712497 0.274761
362 0.00473515 0.00692177 0.356364
363 0.00628309 0.00734309 0.282081
364 0.00499721 0.00716944 0.341517
365 0.00598697 0.00757367 0.290775
366 0.00523589 0.00743689 0.32623
367 0.00567546 0.00787909 0.298121
368 0.000254733 -0.009397 0.321827
369 0.00539975 0.00770358 0.313363
370 0.00159524 -0.0092201 0.319817
371 0.00191945 -0.00915718 0.318405
372 0.00224307 -0.00908835 0.316561
373 0.00126466 -0.00927968 0.320764
374 0.00255891 -0.00900734 0.314578
375 0.000913661 -0.00931113 0.322051
376 0.0028679 -0.00891799 0.312356
377 0.000574195 -0.00934617 0.322499
378 0.00316912 -0.00881677 0.310045
379 0.00346699 -0.00870743 0.307478
380 0.00378411 -0.00857379 0.304626
381 0.00407143 -0.00843964 0.301855
382 0.0043548 -0.00829777 0.298858
383 0.000663104 -0.00899897 0.33261
384 0.00463517 -0.00813999 0.295838
385 0.000605865 -0.00861713 0.343846
386 0.00491463 -0.00797839 0.292412
387 0.000603715 -0.00825758 0.353839
388 0.00519136 -0.00779875 0.288993
389 0.000603715 -0.00790909 0.363144
390 0.00545637 -0.00761645 0.285465
391 0.000603715 -0.00756061 0.372077
392 0.00571112 -0.00742671 0.281942
393 0.000603715 -0.00721212 0.380638
394 0.0059629 -0.0072261 0.278289
395 0.000603715 -0.00686364 0.388831
396 0.00621587 -0.00701231 0.274401
397 0.000603715 -0.00651515 0.396659
398 0.00645674 -0.00679352 0.270558
399 0.000603715 -0.00616667 0.404123
400 0.00668269 -0.00657081 0.266886
401 0.000603715 -0.00581818 0.411225
402 0.00690042 -0.00633828 0.263289
403 0.000603715 -0.0054697 0.417967
404 0.00711266 -0.00610216 0.259542
405 0.000603715 -0.00512121 0.424349
406 0.00732327 -0.00584311 0.255863
407 0.000603715 -0.00477273 0.430375
408 0.00752293 -0.00558531 0.252162
409 0.000603715 -0.00442424 0.436045
410 0.00770867 -0.00532805 0.248627
411 0.000603715 -0.00407576 0.441363
412 0.00788443 -0.00505845 0.245336
413 0.000603715 -0.00372727 0.446329
414 0.00805675 -0.00478476 0.241856
415 0.000603715 -0.00337879 0.450947
416 0.00821655 -0.00449945 0.238727
417 0.000603715 -0.0030303 0.455218
418 0.00836904 -0.00421541 0.23552
419 0.000603715 -0.00268182 0.459146
420 0.00850633 -0.00393159 0.232661
421 0.000603715 -0.00233333 0.462732
422 0.00863636 -0.00363173 0.229987
423 0.000603715 -0.00198485 0.46598
424 0.00876173 -0.00332368 0.22725
425 0.000603715 -0.00163636 0.468893
426 0.00886887 -0.00302338 0.224969
427 0.000603715 -0.00128788 0.471475
428 0.00896777 -0.00272078 0.222777
429 0.000603715 -0.000939394 0.473727
430 0.00905174 -0.00241193 0.221063
431 0.000603715 -0.000590909 0.475655
432 0.00912966 -0.00209912 0.219346
433 0.000603715 -0.000242424 0.477261
434 0.00919724 -0.00177182 0.217914
435 0.000603715 0.000106061 0.478551
436 0.00925641 -0.00145028 0.21653
437 0.000603715 0.000454545 0.479529
438 0.00930135 -0.00113969 0.215514
439 0.000603715 0.00080303 0.4802
440 0.00933377 -0.000816867 0.214887
441 0.000603715 0.00115152 0.480568
442 0.00935778 -0.000487426 0.214387
443 0.000603715 0.0015 0.480639
444 0.00937003 -0.000160363 0.214171
445 0.000603715 0.00184848 0.480419
446 0.00936912 0.000156768 0.214328
447 0.000603715 0.00219697 0.479914
448 0.00935994 0.000473481 0.214611
449 0.000603715 0.00254545 0.47913
450 0.00933617 0.000799532 0.215347
451 0.000603715 0.00289394 0.478076
452 0.00930307 0.00113243 0.216223
453 0.000603715 0.00324242 0.476759
454 0.00925809 0.00144639 0.217463
455 0.000603715 0.00359091 0.475184
456 0.00920447 0.00175867 0.218855
457 0.000626762 0.0039512 0.47318
458 0.00914027 0.00207 0.220496
459 0.000656531 0.00431892 0.470834
460 0.00906146 0.0023871 0.222546
461 0.000691046 0.00472235 0.467958
462 0.00896989 0.00270407 0.224923
463 0.0088724 0.0030106 0.227352
464 0.00876479 0.00330948 0.230047
465 0.00864587 0.00360863 0.232987
466 0.00851469 0.00391275 0.236148
467 0.00111025 0.00482264 0.464272
468 0.00837524 0.00420675 0.239493
469 0.00149052 0.0049098 0.459814
470 0.00822771 0.00448762 0.243073
471 0.00186042 0.00499324 0.454411
472 0.00806839 0.00476347 0.246975
473 0.00222175 0.00509151 0.447953
474 0.00790405 0.00503511 0.250852
475 0.00257403 0.00521873 0.440364
476 0.00771461 0.0053224 0.255345
477 0.00291822 0.00536552 0.431719
478 0.00752668 0.00557765 0.259951
479 0.00325865 0.00552095 0.422035
480 0.00733244 0.00583017 0.264594
481 0.00358965 0.00569718 0.411329
482 0.00712566 0.00607562 0.269655
483 0.00391006 0.00589361 0.399648
484 0.00691742 0.00632096 0.274512
485 0.0042223 0.00610241 0.387019
486 0.00669058 0.00655936 0.280113
487 0.0045272 0.00632562 0.373385
488 0.00645595 0.0067897 0.286044
489 0.00481331 0.00657478 0.358985
490 0.00620476 0.00700391 0.292946
491 0.00509702 0.00683044 0.343518
492 0.00593982 0.00721786 0.300396
493 0.00534874 0.00711421 0.327879
494 0.00561538 0.00743527 0.310078
495 0.00138033 -0.00894348 0.329895
496 0.00169361 -0.00887842 0.328995
497 0.00201067 -0.00882193 0.327225
498 0.0023228 -0.00875416 0.325263
499 0.00104878 -0.009023 0.329909
500 0.00262512 -0.00866993 0.323343
501 0.00292011 -0.00857781 0.32122
502 0.00321203 -0.00847903 0.31881
503 0.00350919 -0.00836448 0.316204
504 0.00380045 -0.00823351 0.313626
505 0.00407472 -0.00809715 0.311046
506 0.00434839 -0.0079508 0.308246
507 0.000886486 -0.00875512 0.338616
508 0.00462065 -0.00779585 0.305203
509 0.000905634 -0.00843182 0.347669
510 0.00489107 -0.00763132 0.301947
511 0.000915509 -0.00809869 0.356699
512 0.00515131 -0.00745509 0.298772
513 0.000916813 -0.00774704 0.365907
514 0.00540116 -0.00727513 0.295517
515 0.000905634 -0.00738636 0.375026
516 0.00564579 -0.00708776 0.29214
517 0.000905634 -0.00703788 0.383401
518 0.00589028 -0.00689159 0.288509
519 0.000905634 -0.00668939 0.391408
520 0.0061263 -0.00667928 0.285062
521 0.000905634 -0.00634091 0.39905
522 0.00635366 -0.00646406 0.281526
523 0.000905634 -0.00599242 0.406329
524 0.00657142 -0.0062437 0.278012
525 0.000905634 -0.00564394 0.413247
526 0.00678197 -0.00601551 0.274505
527 0.000905634 -0.00529545 0.419805
528 0.00698904 -0.00577661 0.270917
529 0.000905634 -0.00494697 0.426005
530 0.00718414 -0.00552846 0.267562
531 0.000905634 -0.00459848 0.431848
532 0.00736725 -0.00527942 0.264311
533 0.000905634 -0.00425 0.437337
534 0.00754267 -0.00502351 0.261116
535 0.000905634 -0.00390152 0.442473
536 0.00771455 -0.00475999 0.257807
537 0.000905634 -0.00355303 0.447259
538 0.00787483 -0.00448948 0.254732
539 0.000905634 -0.00320455 0.451697
540 0.00802746 -0.00421273 0.251714
541 0.000905634 -0.00285606 0.45579
542 0.00816365 -0.00393862 0.249052
543 0.000905634 -0.00250758 0.459539
544 0.00829483 -0.00366252 0.246304
545 0.000905634 -0.00215909 0.462949
546 0.00841968 -0.00336993 0.243702
547 0.000905634 -0.00181061 0.46602
548 0.0085319 -0.00307211 0.241406
549 0.000905634 -0.00146212 0.468758
550 0.00862772 -0.00277966 0.239523
551 0.000905634 -0.00111364 0.471165
552 0.00871479 -0.00248287 0.237784
553 0.000905634 -0.000765152 0.473244
554 0.00879493 -0.00217961 0.236116
555 0.000905634 -0.000416667 0.474999
556 0.00886871 -0.00186995 0.234482
557 0.000905634 -6.81818e-05 0.476435
558 0.00892589 -0.00155852 0.233372
559 0.000905634 0.000280303 0.477555
560 0.0089748 -0.00125225 0.232337
561 0.000905634 0.000628788 0.478365
562 0.00901407 -0.000946314 0.231488
563 0.000905634 0.000977273 0.478868
564 0.00904415 -0.000633906 0.230825
565 0.000905634 0.00132576 0.479071
566 0.00905882 -0.000316398 0.230662
567 0.000905634 0.00167424 0.478978
568 0.00906398 -2.52573e-06 0.230673
569 0.000905634 0.00202273 0.478597
570 0.0090598 0.000307159 0.230863
571 0.000905634 0.00237121 0.477932
572 0.00904801 0.000613718 0.231153
573 0.000905634 0.0027197 0.476991
574 0.00902337 0.000930965 0.231792
575 0.000905634 0.00306818 0.475781
576 0.00898223 0.00124712 0.232979
577 0.000914193 0.00342059 0.474232
578 0.00893127 0.00154903 0.23442
579 0.000925393 0.0037704 0.472416
580 0.0088709 0.00185328 0.236039
581 0.000958193 0.00412505 0.470167
582 0.00880179 0.00215858 0.237795
583 0.00100864 0.0044786 0.467527
584 0.00872241 0.00246532 0.239753
585 0.00862948 0.00276557 0.242135
586 0.00852984 0.00305694 0.244619
587 0.00842151 0.00334541 0.24726
588 0.00830466 0.00363622 0.249988
589 0.00817 0.00392371 0.253316
590 0.00137572 0.00458282 0.463496
591 0.00803006 0.00420375 0.256669
592 0.00175548 0.00465903 0.458462
593 0.00788239 0.0044761 0.260181
594 0.00213786 0.00473402 0.452274
595 0.00772512 0.00474383 0.263909
596 0.00250917 0.00485109 0.444838
597 0.00755627 0.00501141 0.26788
598 0.00287042 0.00500403 0.436173
599 0.0073739 0.00527006 0.272314
600 0.00322677 0.00515815 0.426496
601 0.00718582 0.00551706 0.276908
602 0.00357483 0.00532733 0.415782
603 0.00698896 0.00575859 0.281725
604 0.00391158 0.00552209 0.404019
605 0.00678743 0.00599764 0.286543
606 0.00423955 0.00573579 0.391207
607 0.00658056 0.00623401 0.291422
608 0.00457399 0.00595183 0.377033
609 0.00636906 0.006466 0.296394
610 0.00487831 0.00619768 0.362409
611 0.00612973 0.00667657 0.302877
612 0.00517208 0.00647016 0.346709
613 0.00587934 0.00685452 0.310356
614 0.00548842 0.00673779 0.329155
615 0.00147747 -0.00857991 0.339535
616 0.00118384 -0.00868 0.338972
617 0.001781 -0.0085359 0.337891
618 0.00209652 -0.00849674 0.335434
619 0.0023891 -0.00841728 0.333843
620 0.00267554 -0.00832818 0.332096
621 0.0029625 -0.00824043 0.329802
622 0.00324768 -0.00815202 0.327056
623 0.00354236 -0.008029 0.324546
624 0.00380483 -0.00789021 0.322612
625 0.00406866 -0.00775206 0.320161
626 0.00433323 -0.00761042 0.317315
627 0.0045962 -0.00745612 0.314355
628 0.00121693 -0.00831447 0.348964
629 0.00485165 -0.00728898 0.31144
630 0.00123549 -0.00794984 0.358617
631 0.00509636 -0.00711417 0.308553
632 0.00122428 -0.00757722 0.368274
633 0.00533663 -0.00693523 0.30545
634 0.00121756 -0.00721944 0.377118
635 0.00557371 -0.00675253 0.302096
636 0.00120755 -0.00686364 0.385554
637 0.00580746 -0.00655726 0.298692
638 0.00120755 -0.00651515 0.393374
639 0.00603132 -0.0063503 0.295441
640 0.00120755 -0.00616667 0.40083
641 0.00624283 -0.00613814 0.292312
642 0.00120755 -0.00581818 0.407924
643 0.00645183 -0.00592395 0.288909
644 0.00120755 -0.0054697 0.414656
645 0.00665643 -0.00570031 0.285454
646 0.00120755 -0.00512121 0.421029
647 0.00684979 -0.00546438 0.282263
648 0.00120755 -0.00477273 0.427045
649 0.00702955 -0.00522117 0.279354
650 0.00120755 -0.00442424 0.432704
651 0.00720214 -0.00497654 0.276387
652 0.00120755 -0.00407576 0.438009
653 0.00737151 -0.00472903 0.273234
654 0.00120755 -0.00372727 0.442963
655 0.00753637 -0.00447214 0.270052
656 0.00120755 -0.00337879 0.447566
657 0.0076844 -0.00420559 0.267384
658 0.00120755 -0.0030303 0.451823
659 0.0078195 -0.00393859 0.264948
660 0.00120755 -0.00268182 0.455734
661 0.00795164 -0.0036715 0.26231
662 0.00120755 -0.00233333 0.459302
663 0.00808316 -0.00340706 0.259337
664 0.00120755 -0.00198485 0.462531
665 0.00820343 -0.00311096 0.2569
666 0.00120755 -0.00163636 0.465424
667 0.00828971 -0.0028273 0.255622
668 0.00120755 -0.00128788 0.467982
669 0.0083765 -0.00254291 0.254016
670 0.00120755 -0.000939394 0.470211
671 0.00846065 -0.00225601 0.252252
672 0.00120755 -0.000590909 0.472113
673 0.00853623 -0.00195839 0.250676
674 0.00120755 -0.000242424 0.473692
675 0.00859835 -0.00165665 0.249474
676 0.00120755 0.000106061 0.474952
677 0.00864729 -0.00135779 0.248606
678 0.00120755 0.000454545 0.475898
679 0.00869029 -0.00106005 0.24773
680 0.00120755 0.00080303 0.476534
681 0.00872695 -0.000762768 0.246877
682 0.00120755 0.00115152 0.476865
683 0.00875147 -0.000459137 0.246362
684 0.00120755 0.0015 0.476896
685 0.0087581 -0.000153415 0.246463
686 0.00120755 0.00184848 0.476634
687 0.00875448 0.000146668 0.24679
688 0.00120755 0.00219697 0.476083
689 0.00874857 0.00044439 0.246946
690 0.00120755 0.00254545 0.475252
691 0.00874374 0.000741525 0.246762
692 0.00120755 0.00289394 0.474145
693 0.00871156 0.00105925 0.247638
694 0.00121413 0.00324663 0.472696
695 0.00865478 0.00135106 0.249547
696 0.00123073 0.00360043 0.470882
697 0.0085993 0.00164353 0.251104
698 0.0012434 0.00393679 0.46893
699 0.0085403 0.00193773 0.252543
700 0.00846871 0.00223409 0.254312
701 0.0083835 0.00252701 0.256489
702 0.00828751 0.00281219 0.258966
703 0.008186 0.00309408 0.261452
704 0.00807978 0.00337376 0.263898
705 0.00796069 0.00365404 0.266673
706 0.00782763 0.00392834 0.26989
707 0.00165848 0.00434484 0.461926
708 0.00768601 0.0041923 0.273345
709 0.00201898 0.00438339 0.45674
710 0.0075417 0.00445448 0.276664
711 0.00244156 0.00444848 0.449309
712 0.00738696 0.00471526 0.280208
713 0.00281624 0.00463794 0.440493
714 0.00721683 0.00496888 0.284285
715 0.0031846 0.00479181 0.430942
716 0.00703287 0.00521159 0.288884
717 0.00355256 0.00494667 0.420251
718 0.00684259 0.00544827 0.293607
719 0.00390734 0.00513367 0.408463
720 0.00664925 0.00568054 0.298299
721 0.0042496 0.00535396 0.395542
722 0.00645299 0.0059127 0.302904
723 0.004591 0.00557729 0.38147
724 0.006252 0.00614376 0.30754
725 0.00495988 0.00578543 0.365476
726 0.00607783 0.00638833 0.310588
727 0.00522845 0.00610036 0.350505
728 0.00580605 0.00652526 0.319716
729 0.00551919 0.00634226 0.334893
730 0.00156903 -0.0081914 0.349462
731 0.0018893 -0.00824855 0.344643
732 0.00216278 -0.0081709 0.343543
733 0.00243346 -0.0080728 0.342565
734 0.00272242 -0.00798497 0.340568
735 0.00300511 -0.0079024 0.338036
736 0.00329726 -0.0078576 0.333847
737 0.00353536 -0.00768144 0.333677
738 0.00379326 -0.00754554 0.331619
739 0.00405194 -0.00741122 0.329056
740 0.00431114 -0.00727694 0.32603
741 0.00456229 -0.00711927 0.32333
742 0.00479774 -0.0069485 0.320927
743 0.00155018 -0.00777832 0.360507
744 0.00503175 -0.00677447 0.318218
745 0.00154083 -0.00740638 0.369951
746 0.00526383 -0.0065978 0.315204
747 0.00152329 -0.007044 0.378824
748 0.00549436 -0.00642806 0.31168
749 0.00150947 -0.00668939 0.38709
750 0.00571687 -0.00623374 0.30853
751 0.00150947 -0.00634091 0.394722
752 0.00591941 -0.00602406 0.30597
753 0.00150947 -0.00599242 0.401991
754 0.00612375 -0.00581645 0.302919
755 0.00150947 -0.00564394 0.408898
756 0.00632929 -0.00561308 0.299358
757 0.00150947 -0.00529545 0.415444
758 0.00652542 -0.00539445 0.296051
759 0.00150947 -0.00494697 0.421631
760 0.006697 -0.00515876 0.293621
761 0.00150947 -0.00459848 0.42746
762 0.00686408 -0.00491969 0.29107
763 0.00150947 -0.00425 0.432934
764 0.00703018 -0.00468043 0.28821
765 0.00150947 -0.00390152 0.438054
766 0.00719698 -0.00444466 0.284921
767 0.00150947 -0.00355303 0.442822
768 0.0073501 -0.00419353 0.282087
769 0.00150947 -0.00320455 0.447241
770 0.00747762 -0.00392954 0.280204
771 0.00150947 -0.00285606 0.451312
772 0.00760733 -0.00366673 0.277885
773 0.00150947 -0.00250758 0.455039
774 0.00773531 -0.00340472 0.275304
775 0.00150947 -0.00215909 0.458424
776 0.00790924 -0.00316567 0.270035
777 0.00150947 -0.00181061 0.46147
778 0.00795046 -0.00287322 0.271152
779 0.00150947 -0.00146212 0.464179
780 0.00803629 -0.00259427 0.269768
781 0.00150947 -0.00111364 0.466555
782 0.00812116 -0.00231597 0.268123
783 0.00150947 -0.000765152 0.468602
784 0.0082064 -0.00203747 0.266168
785 0.00150947 -0.000416667 0.470322
786 0.00827617 -0.00174394 0.264753
787 0.00150947 -6.81818e-05 0.47172
788 0.00831999 -0.00145406 0.264279
789 0.00150947 0.000280303 0.4728
790 0.00836296 -0.00116477 0.263559
791 0.00150947 0.000628788 0.473566
792 0.00840348 -0.000875682 0.262675
793 0.00150947 0.000977273 0.474022
794 0.00844181 -0.000586385 0.261619
795 0.00150947 0.00132576 0.474175
796 0.00845649 -0.000293922 0.261459
797 0.00150947 0.00167424 0.474029
798 0.00844871 -3.7059e-06 0.26214
799 0.00150947 0.00202273 0.473589
800 0.00844163 0.000289251 0.262515
801 0.00150947 0.00237121 0.472863
802 0.00843446 0.000581858 0.262615
803 0.00150947 0.0027197 0.471856
804 0.00847651 0.000874721 0.259975
805 0.00150947 0.00306818 0.470575
806 0.00837693 0.00115341 0.264186
807 0.00152624 0.00342602 0.4688
808 0.00832194 0.00143979 0.265872
809 0.00156352 0.0037897 0.466481
810 0.00826836 0.00172686 0.267211
811 0.00821289 0.00201384 0.268368
812 0.00813659 0.00229948 0.270281
813 0.0080421 0.00257486 0.272872
814 0.00794439 0.00284962 0.275351
815 0.00784208 0.00312232 0.277795
816 0.00774616 0.00339189 0.279695
817 0.0076248 0.00366122 0.282537
818 0.00748301 0.00391583 0.286221
819 0.00185188 0.00401212 0.461603
820 0.00734362 0.00417177 0.289512
821 0.00223756 0.00409913 0.455241
822 0.00720865 0.00442745 0.292341
823 0.00281494 0.00428492 0.443288
824 0.00705625 0.00467872 0.295771
825 0.00314091 0.00442987 0.435053
826 0.0068801 0.00491144 0.300275
827 0.00349904 0.00457217 0.425144
828 0.00669389 0.00514077 0.305033
829 0.00390888 0.00470922 0.412778
830 0.00649922 0.00536949 0.309938
831 0.00425723 0.00496921 0.399664
832 0.00629544 0.00559989 0.314989
833 0.00458888 0.00518625 0.386416
834 0.00609203 0.00584124 0.319633
835 0.00490656 0.00538339 0.372892
836 0.00585589 0.00613135 0.324631
837 0.0053632 0.00576907 0.350379
838 0.00554401 0.00601904 0.339274
839 0.00187128 -0.00794013 0.353095
840 0.00216729 -0.00781408 0.352899
841 0.00246774 -0.00773071 0.350993
842 0.0028011 -0.00764464 0.348087
843 0.00316314 -0.00753821 0.344517
844 0.00347966 -0.00735229 0.342975
845 0.00376657 -0.00720735 0.340437
846 0.00403642 -0.00707374 0.337486
847 0.00430422 -0.00698171 0.33313
848 0.00450344 -0.00677822 0.332711
849 0.00472987 -0.00661035 0.330378
850 0.00187057 -0.00758524 0.362222
851 0.00496356 -0.00643416 0.327624
852 0.00185505 -0.00722583 0.371226
853 0.00518684 -0.00625284 0.324868
854 0.00182517 -0.0068649 0.380021
855 0.00543935 -0.00613876 0.319413
856 0.00181139 -0.00651515 0.388004
857 0.00559652 -0.00591068 0.318977
858 0.00181139 -0.00616667 0.395447
859 0.00579791 -0.00569959 0.316401
860 0.00181139 -0.00581818 0.402528
861 0.00600506 -0.00549423 0.313133
862 0.00181139 -0.0054697 0.409247
863 0.00622981 -0.00533875 0.307937
864 0.00181139 -0.00512121 0.415605
865 0.00635915 -0.00509847 0.307422
866 0.00181139 -0.00477273 0.421604
867 0.00652748 -0.00486177 0.305067
868 0.00181139 -0.00442424 0.427246
869 0.00669281 -0.00461753 0.3026
870 0.00181139 -0.00407576 0.432532
871 0.00685388 -0.0043718 0.299968
872 0.00181139 -0.00372727 0.437464
873 0.00705362 -0.0041862 0.294544
874 0.00181139 -0.00337879 0.442045
875 0.00713636 -0.00392472 0.294727
876 0.00181139 -0.0030303 0.446276
877 0.00726351 -0.00365271 0.292887
878 0.00181139 -0.00268182 0.45016
879 0.00740794 -0.0033643 0.290156
880 0.00181139 -0.00233333 0.4537
881 0.00759258 -0.00303942 0.285664
882 0.00181139 -0.00198485 0.456898
883 0.00181139 -0.00163636 0.459757
884 0.00768212 -0.00268038 0.285174
885 0.00181139 -0.00128788 0.46228
886 0.00777569 -0.00237624 0.28361
887 0.00181139 -0.000939394 0.46447
888 0.00786713 -0.002094 0.28163
889 0.00181139 -0.000590909 0.46633
890 0.00799423 -0.0018341 0.277523
891 0.00181139 -0.000242424 0.467864
892 0.00799076 -0.00154465 0.279447
893 0.00181139 0.000106061 0.469076
894 0.00803502 -0.00126219 0.27882
895 0.00181139 0.000454545 0.469969
896 0.00807562 -0.000977371 0.278102
897 0.00181139 0.00080303 0.47055
898 0.00811481 -0.000691485 0.277177
899 0.00181139 0.00115152 0.470821
900 0.00819563 -0.000427567 0.273927
901 0.00181139 0.0015 0.470788
902 0.00814149 -0.000158086 0.276956
903 0.00181139 0.00184848 0.470457
904 0.00813186 0.000141475 0.277613
905 0.00181139 0.00219697 0.469833
906 0.00812587 0.000465208 0.27779
907 0.00181139 0.00254545 0.468923
908 0.00813719 0.000839479 0.27672
909 0.00181139 0.00289394 0.467733
910 0.00181871 0.00324131 0.466182
911 0.00804952 0.00119968 0.279954
912 0.00183941 0.00360761 0.464094
913 0.00799114 0.0015133 0.281577
914 0.00794079 0.00180936 0.282588
915 0.00792954 0.00209265 0.281525
916 0.00779203 0.00234269 0.286431
917 0.0077005 0.00261123 0.288777
918 0.0076003 0.00288236 0.291244
919 0.00748922 0.00314847 0.293992
920 0.00745335 0.00342322 0.292953
921 0.00728072 0.00363984 0.29855
922 0.00713751 0.00389402 0.302144
923 0.00214059 0.00375747 0.458925
924 0.00700078 0.00415167 0.305147
925 0.00691733 0.00441204 0.305516
926 0.00311721 0.00406474 0.438414
927 0.00672484 0.00460539 0.311365
928 0.00343891 0.00419843 0.429793
929 0.0065472 0.00483518 0.315836
930 0.00376393 0.00432051 0.420337
931 0.00635611 0.00505957 0.320735
932 0.00431873 0.00461295 0.401491
933 0.00615191 0.00528354 0.325972
934 0.00460919 0.00481851 0.389992
935 0.00593232 0.00550547 0.331669
936 0.0049316 0.00500869 0.376753
937 0.00573226 0.00575336 0.335954
938 0.00255887 0.00412042 0.449467
939 0.00408355 0.00437899 0.410802
940 0.00553529 0.0054311 0.348689
941 0.00220956 -0.00741512 0.362439
942 0.00256213 -0.00744136 0.356855
943 0.00284683 -0.00728353 0.356258
944 0.00316283 -0.0071446 0.35407
945 0.00348138 -0.00699534 0.351419
946 0.00378634 -0.00684652 0.348407
947 0.00152493 0.00407397 0.465223
948 0.00468858 0.00269418 0.405295
949 0.00441056 -0.00646184 0.342055
950 0.00466449 -0.00627424 0.33934
951 0.00491834 -0.00608389 0.336199
952 0.00215855 -0.00703026 0.372306
953 0.00521948 -0.0058838 0.33135
954 0.00212194 -0.00668106 0.380754
955 0.00210975 -0.00633558 0.388449
956 0.00545876 -0.00560538 0.329245
957 0.00211331 -0.00599242 0.395547
958 0.00569522 -0.00536079 0.326066
959 0.00211331 -0.00564394 0.402439
960 0.00596936 -0.00511059 0.32118
961 0.00211331 -0.00529545 0.408969
962 0.00211331 -0.00494697 0.415138
963 0.00211331 -0.00459848 0.420947
964 0.00635675 -0.00456379 0.31614
965 0.00211331 -0.00425 0.426398
966 0.00653177 -0.00429956 0.313536
967 0.00211331 -0.00390152 0.431494
968 0.00675536 -0.00400956 0.308992
969 0.00211331 -0.00355303 0.436236
970 0.00211331 -0.00320455 0.440627
971 0.00690451 -0.00367759 0.307362
972 0.00211331 -0.00285606 0.444668
973 0.00704972 -0.00337403 0.305105
974 0.00211331 -0.00250758 0.448363
975 0.00719995 -0.00306769 0.302249
976 0.00211331 -0.00215909 0.451712
977 0.00732546 -0.00275021 0.300109
978 0.00211331 -0.00181061 0.45472
979 0.00211331 -0.00146212 0.457388
980 0.00742652 -0.00242903 0.29864
981 0.00211331 -0.00111364 0.45972
982 0.00753167 -0.0021051 0.296621
983 0.00211331 -0.000765152 0.461719
984 0.00329413 0.00318195 0.440067
985 0.00211331 -0.000416667 0.463388
986 0.00543583 -0.0037775 0.359024
987 0.00211331 -6.81818e-05 0.464731
988 0.00770128 -0.0013896 0.293557
989 0.00211331 0.000280303 0.465752
990 0.00774817 -0.00107522 0.292886
991 0.00211331 0.000628788 0.466454
992 0.00779169 -0.000760191 0.292046
993 0.00211331 0.000977273 0.466842
994 0.00785256 -0.000409434 0.290167
995 0.00211331 0.00132576 0.466922
996 0.00211331 0.00167424 0.466697
997 0.00782589 -4.56685e-05 0.291901
998 0.00211331 0.00202273 0.466174
999 0.00781412 0.000291005 0.292552
1000 0.00211331 0.00237121 0.465357
1001 0.00780471 0.000630964 0.292737
1002 0.00211331 0.0027197 0.464254
1003 0.00776844 0.000971983 0.293791
1004 0.00211842 0.00305338 0.46286
1005 0.00212864 0.00338764 0.461135
1006 0.00770762 0.00130433 0.295632
1007 0.00765102 0.00163655 0.296929
1008 0.0024941 0.00383113 0.45258
1009 0.00412056 -0.00668912 0.344293
1010 0.0074634 0.00234501 0.301543
1011 0.00735702 0.00264285 0.304221
1012 0.00724912 0.00294052 0.306664
1013 0.00714555 0.00328683 0.308166
1014 0.00694877 0.00359828 0.313672
1015 0.00678418 0.00389569 0.317568
1016 0.00662333 0.00422911 0.320552
1017 0.00339799 0.00383805 0.433515
1018 0.00371593 0.00395024 0.424663
1019 0.00622172 0.00475028 0.330649
1020 0.00601558 0.00496893 0.336098
1021 0.00466581 0.00445189 0.392053
1022 0.00580392 0.00518921 0.34152
1023 0.00495629 0.00466083 0.379976
1024 0.00617334 -0.00482596 0.318693
1025 0.00308756 0.00369315 0.441641
1026 0.00641245 0.00450408 0.325965
1027 0.00403929 0.00404281 0.415063
1028 0.00438104 0.00422292 0.403355
1029 0.00529538 0.00483323 0.365796
1030 0.00249771 -0.00713997 0.365118
1031 0.00282642 -0.0069154 0.365295
1032 0.00319396 -0.0067839 0.361838
1033 0.00350848 -0.00663587 0.359012
1034 0.00381153 -0.00647775 0.356019
1035 0.00410011 -0.00629856 0.3532
1036 0.00435963 -0.00611294 0.350656
1037 0.00461225 -0.0059281 0.347785
1038 0.00486906 -0.00573126 0.344553
1039 0.00244909 -0.00682548 0.373129
1040 0.00511368 -0.00550966 0.341626
1041 0.00240292 -0.00649283 0.381183
1042 0.00240535 -0.00616224 0.388186
1043 0.00535184 -0.00525782 0.33892
1044 0.00241523 -0.00581818 0.395021
1045 0.00559391 -0.00499618 0.335724
1046 0.00241523 -0.0054697 0.401724
1047 0.00241523 -0.00512121 0.408062
1048 0.00241523 -0.00477273 0.414039
1049 0.00241523 -0.00442424 0.419656
1050 0.00616896 -0.00427452 0.327305
1051 0.00241523 -0.00407576 0.424915
1052 0.00636314 -0.00398791 0.324237
1053 0.00241523 -0.00372727 0.429818
1054 0.00654156 -0.00369194 0.321395
1055 0.00241523 -0.00337879 0.434368
1056 0.00241523 -0.0030303 0.438566
1057 0.00668903 -0.00339388 0.319314
1058 0.00241523 -0.00268182 0.442415
1059 0.00683387 -0.00309316 0.316954
1060 0.00241523 -0.00233333 0.445916
1061 0.00696329 -0.00278792 0.314846
1062 0.00241523 -0.00198485 0.449072
1063 0.0070778 -0.00247585 0.313013
1064 0.00241523 -0.00163636 0.451885
1065 0.00241523 -0.00128788 0.454359
1066 0.00718311 -0.00215648 0.311232
1067 0.00241523 -0.000939394 0.456497
1068 0.00728614 -0.00182703 0.309222
1069 0.00241523 -0.000590909 0.4583
1070 0.00241523 -0.000242424 0.459773
1071 0.00735866 -0.00149703 0.308113
1072 0.00241523 0.000106061 0.46092
1073 0.00742066 -0.00118403 0.306999
1074 0.00241523 0.000454545 0.461743
1075 0.00746747 -0.000872546 0.306211
1076 0.00241523 0.00080303 0.462248
1077 0.00749474 -0.000555046 0.305994
1078 0.00241523 0.00115152 0.462438
1079 0.00751232 -0.000224989 0.30589
1080 0.00241523 0.0015 0.462318
1081 0.00241523 0.00184848 0.461894
1082 0.00750446 0.000109651 0.306569
1083 0.00241523 0.00219697 0.461171
1084 0.00749231 0.000440168 0.307093
1085 0.00242002 0.0025396 0.460094
1086 0.00746652 0.000770518 0.307881
1087 0.00242562 0.00286914 0.458774
1088 0.00742337 0.00109934 0.309102
1089 0.00243648 0.00318143 0.457193
1090 0.00736683 0.00142915 0.310573
1091 0.00730507 0.00176593 0.311898
1092 0.00721895 0.0021021 0.313933
1093 0.0071131 0.00239639 0.316732
1094 0.00701029 0.00269204 0.319098
1095 0.00689716 0.00299489 0.321555
1096 0.00675501 0.00329889 0.324917
1097 0.00658797 0.00359963 0.329017
1098 0.00641404 0.00390397 0.333029
1099 0.00365716 0.00359401 0.428789
1100 0.00588475 0.00465674 0.34547
1101 0.00567802 0.00486716 0.350861
1102 0.00500198 0.00430117 0.382285
1103 0.00522403 0.00520757 0.363637
1104 0.0026841 0.00332395 0.452003
1105 0.00581245 -0.00473898 0.332679
1106 0.00605069 -0.00454489 0.327452
1107 0.00243686 0.00352125 0.455427
1108 0.00622053 0.00418542 0.337762
1109 0.00333363 0.0034853 0.437402
1110 0.0039978 0.00369165 0.419021
1111 0.00610843 0.004468 0.338882
1112 0.00471013 0.00407125 0.394343
1113 0.00550272 0.00510116 0.35451
1114 0.00438645 0.0038053 0.406868
1115 0.00555324 0.00454432 0.359638
1116 0.00266849 -0.00662836 0.374252
1117 0.00295579 -0.00656188 0.371027
1118 0.00323816 -0.00642259 0.368963
1119 0.00352403 -0.0062758 0.366452
1120 0.00380309 -0.00611219 0.36389
1121 0.00406137 -0.00593804 0.36149
1122 0.00430373 -0.00577526 0.35878
1123 0.00454975 -0.00559121 0.355948
1124 0.00477748 -0.00538236 0.353627
1125 0.00501418 -0.00515748 0.350867
1126 0.0026984 -0.00600167 0.387103
1127 0.00524687 -0.00490686 0.348165
1128 0.00270962 -0.00565055 0.393862
1129 0.00271715 -0.00529545 0.400379
1130 0.00271715 -0.00494697 0.406524
1131 0.00271715 -0.00459848 0.412306
1132 0.00271715 -0.00425 0.417728
1133 0.00599212 -0.00400431 0.337375
1134 0.00271715 -0.00390152 0.422793
1135 0.00616885 -0.00370442 0.335058
1136 0.00271715 -0.00355303 0.427502
1137 0.00632856 -0.00340882 0.33284
1138 0.00271715 -0.00320455 0.431857
1139 0.00271715 -0.00285606 0.435859
1140 0.0064732 -0.00311577 0.330734
1141 0.00271715 -0.00250758 0.439512
1142 0.00660603 -0.00281915 0.328717
1143 0.00271715 -0.00215909 0.442816
1144 0.00672759 -0.00251706 0.326804
1145 0.00271715 -0.00181061 0.445776
1146 0.00683488 -0.00220851 0.325133
1147 0.00271715 -0.00146212 0.448392
1148 0.00271715 -0.00111364 0.450667
1149 0.00693225 -0.00189072 0.323555
1150 0.00271715 -0.000765152 0.452605
1151 0.00701227 -0.00156914 0.322329
1152 0.00271715 -0.000416667 0.454209
1153 0.00271715 -6.81818e-05 0.455481
1154 0.0070685 -0.00124369 0.321741
1155 0.00271715 0.000280303 0.456425
1156 0.00718735 -0.000990212 0.317846
1157 0.00271715 0.000628788 0.457045
1158 0.00715808 -0.000712506 0.320107
1159 0.00271715 0.000977273 0.457345
1160 0.00718225 -0.000384882 0.319952
1161 0.00271715 0.00132576 0.45733
1162 0.00719237 -6.076e-05 0.320046
1163 0.00271715 0.00167424 0.457004
1164 0.00271715 0.00202273 0.456372
1165 0.00718534 0.000261399 0.320542
1166 0.00272076 0.00236823 0.455382
1167 0.00716604 0.000580319 0.321244
1168 0.00273679 0.00271098 0.453885
1169 0.00713323 0.000900129 0.322207
1170 0.0027365 0.00302213 0.452545
1171 0.00708614 0.00122125 0.323459
1172 0.00702471 0.0015402 0.325008
1173 0.00694887 0.00185483 0.326867
1174 0.00685683 0.00215588 0.329167
1175 0.00677188 0.00244116 0.330973
1176 0.00667027 0.0027304 0.333186
1177 0.00653636 0.00301255 0.336511
1178 0.00638844 0.00330606 0.340015
1179 0.00622647 0.00360134 0.343757
1180 0.00301256 0.00330161 0.445622
1181 0.00269587 -0.00633296 0.380256
1182 0.00548448 -0.00461257 0.345476
1183 0.00576829 -0.00433175 0.340442
1184 0.00603235 0.00391369 0.348281
1185 0.00390521 0.00333366 0.42403
1186 0.00357733 0.00325504 0.432949
1187 0.0058225 0.00426398 0.352645
1188 0.00506082 0.00396171 0.383636
1189 0.00279148 0.00358742 0.448464
1190 0.00425422 0.00340908 0.413773
1191 0.00479419 0.00370619 0.394859
1192 0.00297127 -0.0062058 0.378381
1193 0.00324833 -0.00606599 0.376236
1194 0.00352471 -0.00592685 0.373578
1195 0.00378303 -0.00575023 0.371544
1196 0.00401551 -0.00558153 0.369478
1197 0.00427025 -0.00548206 0.365152
1198 0.00443485 -0.00526058 0.36502
1199 0.00467412 -0.00504709 0.362381
1200 0.00491215 -0.0048318 0.359321
1201 0.0029839 -0.00585006 0.385394
1202 0.00301539 -0.00549109 0.391757
1203 0.00303361 -0.00513334 0.397932
1204 0.00301907 -0.00477273 0.404351
1205 0.00301907 -0.00442424 0.409936
1206 0.00301907 -0.00407576 0.415162
1207 0.00580833 -0.00370953 0.347621
1208 0.00301907 -0.00372727 0.420031
1209 0.00596951 -0.00341916 0.345643
1210 0.00301907 -0.00337879 0.424543
1211 0.00611694 -0.00313254 0.34369
1212 0.00301907 -0.0030303 0.4287
1213 0.00301907 -0.00268182 0.432504
1214 0.00625299 -0.00284536 0.341766
1215 0.00301907 -0.00233333 0.435958
1216 0.00637614 -0.00255385 0.339988
1217 0.00301907 -0.00198485 0.439063
1218 0.00648606 -0.00225725 0.338393
1219 0.00301907 -0.00163636 0.441821
1220 0.00658575 -0.00195311 0.336893
1221 0.00301907 -0.00128788 0.444236
1222 0.00301907 -0.000939394 0.446309
1223 0.00667296 -0.00163463 0.335616
1224 0.00301907 -0.000590909 0.448043
1225 0.00674703 -0.00131316 0.334507
1226 0.00301907 -0.000242424 0.449441
1227 0.00301907 0.000106061 0.450507
1228 0.0068494 -0.000936508 0.33213
1229 0.00301907 0.000454545 0.451244
1230 0.00301907 0.00080303 0.451654
1231 0.0068597 -0.000561552 0.332962
1232 0.00301907 0.00115152 0.451743
1233 0.00687838 -0.000226077 0.332955
1234 0.00301907 0.0015 0.451515
1235 0.00687915 9.35425e-05 0.33332
1236 0.00301907 0.00184848 0.450973
1237 0.00301907 0.00219697 0.450124
1238 0.00686711 0.000401936 0.3339
1239 0.00301907 0.00254545 0.448969
1240 0.0068438 0.000709511 0.334652
1241 0.00307359 0.00291386 0.446317
1242 0.00680304 0.00101748 0.335829
1243 0.00674726 0.0013238 0.337337
1244 0.00667769 0.00162956 0.339117
1245 0.00659275 0.00192988 0.341254
1246 0.00649572 0.0022158 0.343668
1247 0.00647837 0.00249111 0.342673
1248 0.00632408 0.00272481 0.347273
1249 0.00618054 0.00301487 0.350754
1250 0.00603228 0.00330854 0.35409
1251 0.00282208 0.00392797 0.445684
1252 0.00537966 0.00419101 0.370074
1253 0.00456772 0.00346933 0.403917
1254 0.00513736 -0.00454363 0.357307
1255 0.00566735 -0.00400328 0.348437
1256 0.0058634 0.00360383 0.357905
1257 0.00534989 -0.00419287 0.356065
1258 0.00566489 0.00391383 0.362375
1259 0.00414424 0.00305987 0.419194
1260 0.00378488 0.00298538 0.42927
1261 0.0051504 0.00360739 0.383764
1262 0.00326758 -0.00570431 0.38305
1263 0.00373319 -0.00541194 0.379035
1264 0.00406383 -0.00521885 0.375
1265 0.00433168 -0.00494441 0.373147
1266 0.00458505 -0.00470413 0.370486
1267 0.00336894 -0.00533722 0.387998
1268 0.00334143 -0.00494865 0.395366
1269 0.0033244 -0.004593 0.401561
1270 0.00332098 -0.00425 0.406928
1271 0.00332098 -0.00390152 0.411957
1272 0.00560666 -0.00344903 0.357608
1273 0.00332098 -0.00355303 0.416627
1274 0.00576048 -0.00315074 0.355921
1275 0.00332098 -0.00320455 0.42094
1276 0.00590215 -0.00286423 0.354109
1277 0.00332098 -0.00285606 0.424897
1278 0.00332098 -0.00250758 0.4285
1279 0.00602993 -0.00258353 0.352352
1280 0.00332098 -0.00215909 0.431752
1281 0.00614153 -0.00229892 0.350863
1282 0.00332098 -0.00181061 0.434654
1283 0.0062419 -0.00201107 0.349479
1284 0.00332098 -0.00146212 0.437208
1285 0.00633141 -0.0017077 0.348275
1286 0.00332098 -0.00111364 0.439417
1287 0.00332098 -0.000765152 0.441283
1288 0.00640603 -0.0013922 0.347361
1289 0.00332098 -0.000416667 0.442808
1290 0.00647584 -0.00105538 0.346382
1291 0.00332098 -6.81818e-05 0.443997
1292 0.00332098 0.000280303 0.44485
1293 0.00652779 -0.000711897 0.345718
1294 0.00332098 0.000628788 0.445373
1295 0.00332098 0.000977273 0.445567
1296 0.00656713 -0.000379287 0.345126
1297 0.00332098 0.00132576 0.445438
1298 0.00657916 -5.86646e-05 0.345241
1299 0.00332098 0.00167424 0.444989
1300 0.00656223 0.000236979 0.346175
1301 0.00332098 0.00202273 0.444225
1302 0.00332639 0.00237333 0.443021
1303 0.0065559 0.000528126 0.346422
1304 0.0033007 0.00267958 0.442376
1305 0.00652622 0.000826862 0.347323
1306 0.00647062 0.00111459 0.349003
1307 0.00641096 0.00141434 0.35055
1308 0.00633218 0.00171183 0.352578
1309 0.00623989 0.00201879 0.354809
1310 0.00615954 0.00237851 0.355988
1311 0.005978 0.00271637 0.360756
1312 0.00582762 0.00301929 0.364228
1313 0.00363457 0.00261374 0.434889
1314 0.00344791 0.0029363 0.437828
1315 0.00453799 0.00309396 0.407518
1316 0.00491238 0.003314 0.394156
1317 0.00483003 -0.00452873 0.366476
1318 0.00759696 0.00200166 0.297591
1319 0.00567533 0.00330996 0.367566
1320 0.00494649 -0.00422313 0.36777
1321 0.00765758 -0.00175695 0.293442
1322 0.00551374 0.0035919 0.371035
1323 0.00400144 0.00273299 0.424906
1324 0.00368169 -0.00508499 0.386009
1325 0.00399043 -0.00485144 0.383027
1326 0.00426387 -0.00458841 0.380664
1327 0.00364214 -0.00474194 0.39264
1328 0.00360983 -0.00440409 0.398679
1329 0.00361486 -0.00406317 0.403637
1330 0.00362771 -0.00372852 0.407995
1331 0.00540081 -0.00317197 0.367504
1332 0.0036229 -0.00337879 0.412581
1333 0.00554841 -0.00287268 0.36596
1334 0.0036229 -0.0030303 0.416691
1335 0.00568816 -0.00260483 0.363967
1336 0.0036229 -0.00268182 0.420446
1337 0.0036229 -0.00233333 0.423846
1338 0.00580463 -0.00233031 0.36248
1339 0.0036229 -0.00198485 0.426892
1340 0.00589505 -0.00205403 0.361606
1341 0.0036229 -0.00163636 0.429587
1342 0.00599441 -0.00177928 0.360104
1343 0.0036229 -0.00128788 0.431933
1344 0.00607567 -0.00147922 0.359099
1345 0.0036229 -0.000939394 0.433932
1346 0.0036229 -0.000590909 0.435587
1347 0.0061268 -0.00116099 0.358972
1348 0.0036229 -0.000242424 0.4369
1349 0.00617663 -0.000826779 0.358613
1350 0.0036229 0.000106061 0.437873
1351 0.0036229 0.000454545 0.438509
1352 0.00623184 -0.000484613 0.357699
1353 0.0036229 0.00080303 0.438811
1354 0.0036229 0.00115152 0.438783
1355 0.00631709 -0.000200045 0.355134
1356 0.0036229 0.0015 0.438427
1357 0.00625419 8.06514e-05 0.35795
1358 0.0036229 0.00184848 0.437748
1359 0.00623726 0.000376486 0.358769
1360 0.00362846 0.00221573 0.436558
1361 0.0062891 0.000650511 0.356705
1362 0.00618859 0.000909094 0.360266
1363 0.00614385 0.00119025 0.361431
1364 0.00608107 0.00148848 0.362984
1365 0.00598503 0.00178243 0.365532
1366 0.00588416 0.00209421 0.367898
1367 0.00575968 0.00242158 0.370734
1368 0.00561362 0.00273899 0.374067
1369 0.00436009 0.00278089 0.414637
1370 0.00530835 0.00332795 0.380604
1371 0.00455217 -0.00430808 0.377532
1372 0.00524764 -0.00349768 0.368482
1373 0.00393109 0.0023822 0.42834
1374 0.00489738 0.00292188 0.39734
1375 0.0039285 -0.00451521 0.389883
1376 0.00396079 -0.00391656 0.397976
1377 0.00391073 -0.00354851 0.404008
1378 0.00519565 -0.00286878 0.377207
1379 0.00391218 -0.00320571 0.408169
1380 0.00533914 -0.00257855 0.375606
1381 0.003922 -0.00285858 0.411837
1382 0.00550932 -0.00236443 0.372064
1383 0.00392482 -0.00250758 0.415349
1384 0.00392482 -0.00215909 0.418541
1385 0.00554469 -0.00209363 0.373191
1386 0.00392482 -0.00181061 0.421378
1387 0.00563939 -0.00180783 0.372187
1388 0.00392482 -0.00146212 0.423862
1389 0.00578485 -0.00156819 0.368806
1390 0.00392482 -0.00111364 0.425996
1391 0.00578783 -0.00128167 0.3704
1392 0.00392482 -0.000765152 0.427782
1393 0.00392482 -0.000416667 0.429222
1394 0.00583413 -0.000943567 0.370443
1395 0.00392482 -6.81818e-05 0.430317
1396 0.0058902 -0.000580157 0.369852
1397 0.00392482 0.000280303 0.431069
1398 0.00392482 0.000628788 0.431482
1399 0.00597 -0.000183946 0.368055
1400 0.00392482 0.000977273 0.431558
1401 0.00392482 0.00132576 0.4313
1402 0.00392482 0.00167424 0.43071
1403 0.00592978 0.000217136 0.370047
1404 0.00392482 0.00202273 0.429791
1405 0.005948 0.000617308 0.369479
1406 0.0058514 0.00098109 0.372601
1407 0.00586509 0.0012746 0.371522
1408 0.00574089 0.00153241 0.375314
1409 0.00563544 0.00183587 0.378014
1410 0.00551871 0.00215346 0.380751
1411 0.00538669 0.00247614 0.38367
1412 0.00547573 0.00303798 0.376914
1413 0.0051566 0.00307252 0.387723
1414 0.00471225 -0.00392095 0.378683
1415 0.00420826 0.00250624 0.420309
1416 0.00416829 -0.00423944 0.388361
1417 0.00386037 -0.00422704 0.395808
1418 0.00505631 -0.00318881 0.377943
1419 0.00524716 0.00278304 0.386618
1420 0.00423652 0.00220143 0.420832
1421 0.00418072 -0.00366576 0.396003
1422 0.00419881 -0.00337829 0.399191
1423 0.00499247 -0.00255179 0.386502
1424 0.00419929 -0.00304284 0.403101
1425 0.00517587 -0.002208 0.384038
1426 0.00423729 -0.00269723 0.405841
1427 0.00424644 -0.00234056 0.40904
1428 0.00422674 -0.00198485 0.412583
1429 0.00421768 -0.00163426 0.415453
1430 0.00545375 -0.00148389 0.38049
1431 0.00422016 -0.00128624 0.417658
1432 0.00422674 -0.000939394 0.419398
1433 0.0054948 -0.00109442 0.381282
1434 0.00423844 -0.000597274 0.420637
1435 0.00424225 -0.000249488 0.421759
1436 0.00554238 -0.000721215 0.381334
1437 0.00424871 9.58239e-05 0.422458
1438 0.00559736 -0.000343701 0.380709
1439 0.00424721 0.000445227 0.423031
1440 0.00424215 0.000796172 0.423356
1441 0.00561223 1.20285e-05 0.380953
1442 0.00422674 0.00115152 0.423612
1443 0.0042337 0.00150829 0.422914
1444 0.00423583 0.00186142 0.422001
1445 0.00559714 0.000404108 0.381857
1446 0.00555782 0.00077789 0.383149
1447 0.00553194 0.00120037 0.383493
1448 0.00541016 0.00155679 0.386764
1449 0.00528332 0.00188978 0.389934
1450 0.0051528 0.00221232 0.392922
1451 0.00450915 0.00243127 0.412047
1452 0.00435502 -0.00394156 0.387938
1453 0.00489485 -0.00354455 0.378439
1454 0.00503048 0.00256585 0.395144
1455 0.00483941 -0.00285688 0.387923
1456 0.0052754 -0.0018478 0.383753
1457 0.00454372 0.00206446 0.412572
1458 0.0045173 -0.00357022 0.388618
1459 0.00443704 -0.00322264 0.394927
1460 0.00483663 -0.00227215 0.393587
1461 0.00451313 -0.00292139 0.396302
1462 0.00459389 -0.00253721 0.398045
1463 0.0045473 -0.00214392 0.40283
1464 0.0045135 -0.00180087 0.406457
1465 0.00450213 -0.00145596 0.409144
1466 0.00515929 -0.00121852 0.391386
1467 0.00452969 -0.00112102 0.410368
1468 0.00455238 -0.000785823 0.411391
1469 0.00519704 -0.000858516 0.391976
1470 0.00456662 -0.000440482 0.412346
1471 0.00457345 -9.18713e-05 0.413166
1472 0.00523163 -0.000496544 0.392268
1473 0.00457443 0.00025744 0.4138
1474 0.00525465 -0.000139831 0.392508
1475 0.00456844 0.000609591 0.414283
1476 0.00455351 0.000967582 0.414665
1477 0.00526396 0.000217143 0.392805
1478 0.00453662 0.00133153 0.414738
1479 0.00454514 0.00170398 0.413689
1480 0.00523848 0.000587757 0.39385
1481 0.00520518 0.000965077 0.394745
1482 0.00513956 0.00131167 0.396334
1483 0.00510602 0.0016356 0.396593
1484 0.00489242 0.00190825 0.402565
1485 0.00472847 -0.00322003 0.387063
1486 0.00487578 -0.00192376 0.39534
1487 0.00506292 -0.0015714 0.392235
1488 0.00481722 0.00231359 0.40324
1489 0.0048184 -0.00130808 0.401137
1490 0.0048599 -0.000986289 0.401653
1491 0.00488596 -0.000641036 0.402391
1492 0.00490383 -0.000289849 0.403028
1493 0.00491234 6.1978e-05 0.403579
1494 0.00490952 0.000410931 0.404107
1495 0.00485549 0.00114233 0.405542
1496 0.00481547 0.00151951 0.406065
1497 0.00488852 0.00077863 0.404831
1498 0.00535101 0.00385322 0.374462
1499 0.00353373 -0.00562131 0.379328
1500 0.00130139 0.00428134 0.466284
1501 0.00364105 0.00801128 0.379601
1502 0.00317825 0.00792474 0.394855
1503 0.00150991 0.00735181 0.435803
1504 0.00148417 0.00704562 0.439539
1505 0.0035661 0.00674934 0.399209
1506 0.00383228 0.00694498 0.388366
1507 0.00327663 0.00656188 0.409742
1508 0.00408665 0.00715571 0.376831
1509 0.0029977 0.00640875 0.418711
1510 0.00433016 0.00738328 0.364532
1511 0.00271377 0.0062605 0.426954
1512 0.0045641 0.00763128 0.351304
1513 0.00239754 0.00612289 0.434935
1514 0.00480595 0.00782986 0.337501
1515 0.00209471 0.00600845 0.44155
1516 0.00496742 0.00821064 0.322925
1517 0.0017961 0.00590844 0.447169
1518 0.00146162 0.00582441 0.452307
1519 0.00114177 0.00574508 0.456355
1520 0.000802108 0.00570827 0.459344
1521 0.00466189 0.00843522 0.333154
1522 0.000446723 0.0056879 0.461382
1523 0.0043672 0.00865445 0.342621
1524 0.00407065 0.00879814 0.352542
1525 0.00375864 0.00893517 0.362181
1526 0.00345031 0.00905912 0.370864
1527 0.000306357 0.00624944 0.456705
1528 0.00313223 0.00917333 0.378993
1529 0.000310881 0.00658974 0.45333
1530 0.00281343 0.00927659 0.386278
1531 0.000310881 0.00694872 0.449614
1532 0.00249092 0.00936783 0.392825
1533 0.000310881 0.00730769 0.445724
1534 0.00216304 0.00944952 0.398617
1535 0.000310881 0.00766667 0.44167
1536 0.00183774 0.00951773 0.403547
1537 0.000310881 0.00802564 0.437461
1538 0.00150223 0.00957709 0.40777
1539 0.000310881 0.00838462 0.433108
1540 0.00115608 0.00961055 0.411443
1541 0.000329278 0.00876076 0.428328
1542 0.000808509 0.00964319 0.41409
1543 0.000310319 0.00910253 0.423981
1544 0.000440269 0.00966825 0.415921
1545 0.000282561 0.00595313 0.459555
1546 0.000275078 0.0093939 0.420221
1547 0.00351995 0.00709996 0.395985
1548 0.00325808 0.00691838 0.405825
1549 0.00377224 0.00729268 0.385485
1550 0.00299006 0.00675709 0.414796
1551 0.00401459 0.00750448 0.374224
1552 0.00271708 0.00660705 0.42299
1553 0.00426261 0.00774906 0.361368
1554 0.00243594 0.00646681 0.430493
1555 0.00454773 0.00803914 0.345167
1556 0.00213822 0.0063502 0.437294
1557 0.00183846 0.00625073 0.44316
1558 0.0015431 0.00616011 0.4481
1559 0.00122889 0.00607678 0.452433
1560 0.000943538 0.00597621 0.455877
1561 0.000627054 0.006045 0.457323
1562 0.0043672 0.00832498 0.347918
1563 0.00408745 0.00845496 0.357127
1564 0.00379486 0.0085939 0.365894
1565 0.00349198 0.00871731 0.374392
1566 0.00318998 0.00883414 0.382055
1567 0.000624238 0.00642624 0.453657
1568 0.002881 0.0089288 0.389326
1569 0.00061822 0.00676923 0.450211
1570 0.00257076 0.00903441 0.395561
1571 0.00061822 0.00712821 0.44639
1572 0.00225452 0.00911786 0.401313
1573 0.00061822 0.00748718 0.442401
1574 0.00193849 0.00918844 0.406311
1575 0.00061822 0.00784615 0.438252
1576 0.00161222 0.00923961 0.410808
1577 0.00061822 0.00820513 0.433947
1578 0.00128337 0.00928881 0.414405
1579 0.000626752 0.00858609 0.42917
1580 0.000933907 0.00931523 0.417526
1581 0.000681533 0.00898818 0.423724
1582 0.000581642 0.00934658 0.419555
1583 0.00322457 0.00726521 0.402312
1584 0.00347006 0.00744692 0.392828
1585 0.00296536 0.00710858 0.411121
1586 0.00370707 0.00765158 0.382554
1587 0.00270693 0.00695486 0.419153
1588 0.00393929 0.00787233 0.371435
1589 0.00245047 0.00681072 0.426341
1590 0.00416198 0.0080911 0.359886
1591 0.0021732 0.00668313 0.433073
1592 0.00188556 0.00658685 0.438937
1593 0.00157959 0.00650195 0.444183
1594 0.00125903 0.00640776 0.448883
1595 0.000935803 0.00629929 0.452875
1596 0.00386452 0.00823239 0.368751
1597 0.00356466 0.00836277 0.377089
1598 0.0032538 0.00846987 0.385253
1599 0.00294397 0.00857669 0.392485
1600 0.000947273 0.00661155 0.449664
1601 0.00263724 0.00868265 0.39876
1602 0.000938546 0.0069535 0.446145
1603 0.00233358 0.00877621 0.40427
1604 0.000925559 0.00730769 0.442361
1605 0.00202471 0.00884697 0.409341
1606 0.000925559 0.00766667 0.438264
1607 0.00171351 0.00890659 0.413728
1608 0.000938266 0.00804329 0.433696
1609 0.00139992 0.00895594 0.417419
1610 0.000931672 0.00840624 0.429287
1611 0.00107502 0.00900612 0.420347
1612 0.000919103 0.00874091 0.425126
1613 0.00319251 0.0076151 0.398614
1614 0.00293247 0.00746998 0.407408
1615 0.00342765 0.00782072 0.389
1616 0.00267917 0.0073097 0.415497
1617 0.00243384 0.00715367 0.422689
1618 0.00220655 0.0069858 0.429035
1619 0.0019297 0.00692873 0.434497
1620 0.00165933 0.00682413 0.439701
1621 0.00129208 0.00678024 0.444706
1622 0.00334453 0.00813915 0.387131
1623 0.00300789 0.00818966 0.396029
1624 0.00269444 0.00833982 0.40197
1625 0.00239779 0.00842432 0.407559
1626 0.00121938 0.00714227 0.441512
1627 0.00210302 0.00851132 0.412302
1628 0.00122464 0.00750275 0.437388
1629 0.00180313 0.00857683 0.416627
1630 0.00124353 0.00787305 0.432837
1631 0.00148821 0.00860463 0.420837
1632 0.00127227 0.00827453 0.42764
1633 0.00120399 0.0086695 0.423377
1634 0.00293174 0.00782389 0.402856
1635 0.00240145 0.00746084 0.419646
1636 0.00205486 0.00731977 0.427954
1637 0.00174753 0.00717246 0.434571
1638 0.00274229 0.0080346 0.40481
1639 0.00246041 0.00805824 0.41095
1640 0.00215293 0.00813644 0.416182
1641 0.0018583 0.00823111 0.42015
1642 0.00154172 0.00769192 0.431424
1643 0.00159673 0.00833328 0.422795
1644 0.0015665 0.00802961 0.427007
1645 0.00261679 0.00770087 0.412084
1646 0.00220934 0.00773195 0.420202
1647 0.00186933 0.00788831 0.424245
1648 0.00183942 0.00753739 0.428966
1649 0.00246554 0.0119511 0.355771
1650 0.00297046 0.0124213 0.336156
1651 0.00245122 0.0152587 0.299182
1652 0.00187288 0.0166706 0.27985
1653 0.00495855 0.0159552 0.212891
1654 0.00474818 0.0162036 0.216151
1655 0.0051542 0.0156937 0.209861
1656 0.00452532 0.0164473 0.219365
1657 0.00534206 0.0154191 0.206809
1658 0.00429267 0.0166712 0.222694
1659 0.0055123 0.0151412 0.204003
1660 0.00405037 0.0168828 0.225978
1661 0.00566344 0.0148573 0.201612
1662 0.00379067 0.0170802 0.229453
1663 0.00579924 0.0145601 0.199614
1664 0.00352596 0.0172701 0.232571
1665 0.00592587 0.0142599 0.197613
1666 0.00325215 0.0174452 0.235585
1667 0.00603517 0.0139533 0.196065
1668 0.00296872 0.0176036 0.238526
1669 0.00612667 0.0136416 0.19502
1670 0.00267482 0.0177534 0.24119
1671 0.00619904 0.0133239 0.194595
1672 0.00237449 0.0178794 0.243817
1673 0.0062642 0.0130044 0.194173
1674 0.00207138 0.0179955 0.246002
1675 0.00630703 0.0126857 0.19456
1676 0.00175739 0.0180845 0.248277
1677 0.00633432 0.0123638 0.195479
1678 0.00143577 0.0181616 0.250176
1679 0.00634063 0.012034 0.197308
1680 0.00111161 0.0182252 0.251657
1681 0.00633594 0.0117088 0.199465
1682 0.000790556 0.0182851 0.252438
1683 0.00631061 0.0113847 0.20259
1684 0.000426469 0.0183248 0.253163
1685 0.00627433 0.0110582 0.206212
1686 0.00621499 0.0107384 0.211134
1687 0.00614447 0.010421 0.216785
1688 0.00604537 0.0101103 0.224481
1689 0.000287993 0.0177915 0.266978
1690 0.00594511 0.00980039 0.232688
1691 0.000310333 0.017464 0.274866
1692 0.00583762 0.00949359 0.242111
1693 0.000311789 0.0171164 0.283079
1694 0.00567431 0.00918799 0.257145
1695 0.000300222 0.01676 0.291307
1696 0.00550071 0.00887516 0.275061
1697 0.000300222 0.0164133 0.299049
1698 0.000300222 0.0160667 0.306585
1699 0.000300222 0.01572 0.313919
1700 0.000300222 0.0153733 0.321059
1701 0.00494272 0.00903522 0.308692
1702 0.000300222 0.0150267 0.328012
1703 0.00464344 0.00918691 0.321518
1704 0.000300222 0.01468 0.334785
1705 0.00431692 0.00934489 0.334087
1706 0.000300222 0.0143333 0.341386
1707 0.00399496 0.00948648 0.34527
1708 0.000300222 0.0139867 0.347821
1709 0.00366086 0.00962053 0.35572
1710 0.000300222 0.01364 0.354099
1711 0.00332735 0.00974053 0.365079
1712 0.000300222 0.0132933 0.360224
1713 0.00298741 0.00985037 0.373565
1714 0.000300222 0.0129467 0.366205
1715 0.00264378 0.00994784 0.381131
1716 0.000300222 0.0126 0.372047
1717 0.00229974 0.0100333 0.387707
1718 0.000300222 0.0122533 0.377756
1719 0.00194752 0.0101074 0.393455
1720 0.000300222 0.0119067 0.383336
1721 0.00160109 0.0101685 0.398144
1722 0.000300222 0.01156 0.388793
1723 0.00124188 0.0102185 0.402041
1724 0.000300222 0.0112133 0.394135
1725 0.00087749 0.0102746 0.404738
1726 0.000320093 0.0108506 0.399524
1727 0.000531519 0.010269 0.407083
1728 0.000292408 0.010515 0.40455
1729 0.000242325 0.0102335 0.408725
1730 0.000249963 0.0180659 0.260255
1731 0.00518631 0.00887718 0.297545
1732 0.00462371 0.0158835 0.226538
1733 0.00481293 0.0156455 0.223858
1734 0.00442094 0.0161182 0.22925
1735 0.00499607 0.0153944 0.221142
1736 0.00419975 0.0163397 0.232301
1737 0.0051627 0.0151244 0.218891
1738 0.00396974 0.0165455 0.235378
1739 0.00531694 0.0148537 0.216688
1740 0.00373303 0.0167443 0.238225
1741 0.00545915 0.0145785 0.214607
1742 0.00348538 0.0169316 0.241032
1743 0.00558888 0.0142941 0.212763
1744 0.00322685 0.0171027 0.24387
1745 0.00569716 0.0140031 0.211568
1746 0.00296225 0.0172599 0.246541
1747 0.005791 0.0137126 0.210661
1748 0.00268605 0.0174062 0.249081
1749 0.00587125 0.0134124 0.210152
1750 0.00240012 0.0175337 0.251584
1751 0.00593419 0.0131091 0.210191
1752 0.0021117 0.017645 0.25384
1753 0.00598122 0.0128038 0.210743
1754 0.00181893 0.0177472 0.255714
1755 0.0060188 0.0124976 0.2115
1756 0.0015182 0.0178325 0.257408
1757 0.00603633 0.0121866 0.21309
1758 0.00119509 0.0178802 0.259541
1759 0.00603615 0.0118756 0.215425
1760 0.000876009 0.0179313 0.260789
1761 0.00602171 0.0115689 0.218357
1762 0.000560927 0.0180092 0.2606
1763 0.00599202 0.0112594 0.222061
1764 0.00594253 0.0109517 0.226872
1765 0.00587628 0.0106497 0.232739
1766 0.00579595 0.0103479 0.239677
1767 0.00570144 0.0100468 0.247896
1768 0.000616242 0.0176716 0.268681
1769 0.00560201 0.00975082 0.256969
1770 0.000632718 0.0173138 0.277181
1771 0.00552016 0.00945439 0.265559
1772 0.00061618 0.0169459 0.285838
1773 0.00528331 0.00921247 0.285363
1774 0.000601195 0.0165867 0.294046
1775 0.000601195 0.01624 0.301675
1776 0.000601195 0.0158933 0.309097
1777 0.000601195 0.0155467 0.316321
1778 0.000601195 0.0152 0.323355
1779 0.00493689 0.00937667 0.303413
1780 0.000601195 0.0148533 0.330205
1781 0.00460843 0.00953444 0.317908
1782 0.000601195 0.0145067 0.336879
1783 0.00428837 0.00969997 0.330087
1784 0.000601195 0.01416 0.343385
1785 0.00394255 0.00983922 0.342203
1786 0.000601195 0.0138133 0.349729
1787 0.00359736 0.00996752 0.352961
1788 0.000601195 0.0134667 0.355918
1789 0.0032516 0.0100871 0.362489
1790 0.000601195 0.01312 0.36196
1791 0.00289921 0.0101939 0.371091
1792 0.000601195 0.0127733 0.36786
1793 0.00254532 0.0102866 0.37866
1794 0.000601195 0.0124267 0.373626
1795 0.00218772 0.0103699 0.385202
1796 0.000601195 0.01208 0.379263
1797 0.00182705 0.010437 0.390807
1798 0.000601195 0.0117333 0.384771
1799 0.00146412 0.0104998 0.395295
1800 0.000592121 0.0113836 0.390256
1801 0.00108586 0.0105673 0.398684
1802 0.000615713 0.0110277 0.395543
1803 0.000671367 0.010633 0.401084
1804 0.0044795 0.0155748 0.23721
1805 0.00430181 0.0157984 0.239251
1806 0.0046566 0.0153503 0.234761
1807 0.00409867 0.0160237 0.241655
1808 0.00483089 0.0150952 0.232474
1809 0.00387785 0.0162189 0.244688
1810 0.00497074 0.0148366 0.231157
1811 0.00365251 0.0164093 0.247416
1812 0.00511556 0.0145778 0.22923
1813 0.00343253 0.0165991 0.249476
1814 0.0052546 0.0143186 0.227137
1815 0.00318858 0.016774 0.251948
1816 0.00536535 0.0140372 0.226172
1817 0.0029376 0.0169202 0.254648
1818 0.00545346 0.0137639 0.225783
1819 0.00268868 0.0170708 0.256639
1820 0.00554507 0.0134898 0.224926
1821 0.00241723 0.0172023 0.258925
1822 0.00561253 0.0131978 0.225078
1823 0.00213561 0.0172981 0.261597
1824 0.00565271 0.0129101 0.226258
1825 0.00186057 0.0174061 0.263253
1826 0.0056968 0.0126187 0.227039
1827 0.00158411 0.0175066 0.264483
1828 0.0057357 0.0123267 0.227847
1829 0.00130364 0.0175892 0.265568
1830 0.00573926 0.0120218 0.230386
1831 0.000973875 0.0175434 0.269582
1832 0.00572449 0.0117358 0.233631
1833 0.00571387 0.0114472 0.236594
1834 0.00567441 0.0111495 0.241182
1835 0.00560602 0.0108635 0.247423
1836 0.00553326 0.0105741 0.254131
1837 0.00545184 0.0102832 0.261649
1838 0.00535005 0.00997858 0.270969
1839 0.00522638 0.00962941 0.282845
1840 0.000943547 0.0171393 0.279343
1841 0.000924017 0.0167749 0.287843
1842 0.000914979 0.0164218 0.295778
1843 0.000902167 0.0160667 0.303567
1844 0.000902167 0.01572 0.310871
1845 0.000902167 0.0153733 0.317979
1846 0.000902167 0.0150267 0.324901
1847 0.00487897 0.00968186 0.301981
1848 0.000902167 0.01468 0.331642
1849 0.00461745 0.0099157 0.312014
1850 0.000902167 0.0143333 0.338211
1851 0.00423574 0.0100563 0.32725
1852 0.000902167 0.0139867 0.344616
1853 0.00387868 0.0101959 0.339553
1854 0.000902167 0.01364 0.350863
1855 0.00352604 0.0103211 0.350343
1856 0.000902167 0.0132933 0.35696
1857 0.00316595 0.0104391 0.360037
1858 0.000902167 0.0129467 0.362913
1859 0.00280106 0.010541 0.368703
1860 0.000902167 0.0126 0.368729
1861 0.00243649 0.0106316 0.376173
1862 0.000902167 0.0122533 0.374415
1863 0.00207019 0.0107105 0.382545
1864 0.000906076 0.0118924 0.380169
1865 0.00169882 0.0107759 0.387919
1866 0.000906074 0.0115351 0.385765
1867 0.00133358 0.0108645 0.3916
1868 0.000857167 0.0112249 0.3909
1869 0.000964707 0.0109201 0.394613
1870 0.00432323 0.0152701 0.248024
1871 0.00414686 0.0154926 0.250003
1872 0.0040136 0.0157394 0.249701
1873 0.00453535 0.015081 0.24373
1874 0.00378161 0.0158956 0.253861
1875 0.00461853 0.0148097 0.245181
1876 0.00355898 0.0160776 0.256695
1877 0.00476711 0.0145588 0.243496
1878 0.00333467 0.0162593 0.259061
1879 0.00491272 0.0143095 0.241497
1880 0.00316293 0.0164815 0.258751
1881 0.00507559 0.0140824 0.238034
1882 0.00290153 0.0165808 0.262793
1883 0.00511327 0.0138048 0.240296
1884 0.00265783 0.0167265 0.264881
1885 0.00520081 0.013534 0.240048
1886 0.00244201 0.0169065 0.265102
1887 0.00533279 0.013287 0.237163
1888 0.00216668 0.0169517 0.268979
1889 0.00531485 0.0130069 0.241349
1890 0.00186204 0.0170457 0.271572
1891 0.00536331 0.0127218 0.242324
1892 0.00156845 0.0171567 0.272883
1893 0.00541126 0.0124394 0.243069
1894 0.00127631 0.0172822 0.273148
1895 0.00548558 0.0121673 0.242155
1896 0.0054215 0.0118932 0.248152
1897 0.00540837 0.0116095 0.251604
1898 0.00544213 0.011332 0.25245
1899 0.00532988 0.0110758 0.260986
1900 0.00525883 0.0107956 0.267677
1901 0.00518526 0.0105135 0.274721
1902 0.00511019 0.0102332 0.282074
1903 0.00500659 0.00995345 0.291351
1904 0.00124925 0.0169559 0.28097
1905 0.00123247 0.0166044 0.289054
1906 0.00122457 0.0162548 0.29679
1907 0.00121252 0.0159 0.304461
1908 0.00120314 0.0155467 0.311871
1909 0.00120314 0.0152 0.318858
1910 0.00120314 0.0148533 0.325661
1911 0.00120314 0.0145067 0.332287
1912 0.00451177 0.0102905 0.311739
1913 0.00120314 0.01416 0.338746
1914 0.00417612 0.0104293 0.324505
1915 0.00120314 0.0138133 0.345043
1916 0.00380777 0.0105554 0.337111
1917 0.00120314 0.0134667 0.351188
1918 0.00344191 0.0106817 0.347977
1919 0.00120314 0.01312 0.357187
1920 0.00307158 0.0107939 0.357676
1921 0.00120314 0.0127733 0.363048
1922 0.00269692 0.0108924 0.366238
1923 0.00120314 0.0124267 0.368776
1924 0.00232881 0.0109789 0.373431
1925 0.00120515 0.0120671 0.374564
1926 0.00196318 0.0110594 0.379348
1927 0.00121135 0.0116873 0.380495
1928 0.0015941 0.0111468 0.383964
1929 0.00119958 0.0112562 0.387282
1930 0.00480647 0.0101856 0.298814
1931 0.0039906 0.0151877 0.260526
1932 0.00424958 0.0148976 0.256983
1933 0.00375255 0.0155043 0.262161
1934 0.00347702 0.015737 0.265621
1935 0.00441404 0.0145587 0.256743
1936 0.00322901 0.0159521 0.267956
1937 0.00457465 0.0142668 0.255376
1938 0.00295728 0.0162061 0.269417
1939 0.00475424 0.013954 0.253089
1940 0.00261387 0.0163818 0.27318
1941 0.00486035 0.0135735 0.254113
1942 0.00227084 0.0165818 0.275416
1943 0.00500104 0.0132151 0.252927
1944 0.00325868 0.0135785 0.309867
1945 0.00503219 0.0128436 0.256203
1946 0.00155918 0.0168033 0.281056
1947 0.00507865 0.0125146 0.258042
1948 0.0051418 0.0121568 0.25921
1949 0.00510337 0.0117658 0.265394
1950 0.00510509 0.0113806 0.269554
1951 0.00500311 0.0110327 0.278539
1952 0.00489902 0.010719 0.287492
1953 0.0015545 0.0164499 0.288944
1954 0.00153524 0.0160892 0.296942
1955 0.00151504 0.0157287 0.304718
1956 0.00151502 0.0153811 0.311788
1957 0.00151246 0.015034 0.318689
1958 0.00150411 0.01468 0.325615
1959 0.00150411 0.0143333 0.332119
1960 0.00450888 0.0106581 0.307005
1961 0.00150411 0.0139867 0.338461
1962 0.00411056 0.0107966 0.322121
1963 0.00150411 0.01364 0.344646
1964 0.00373218 0.0109272 0.334595
1965 0.00150411 0.0132933 0.350684
1966 0.00335489 0.0110444 0.345552
1967 0.00150411 0.0129467 0.356581
1968 0.00297554 0.0111505 0.355174
1969 0.00150411 0.0126 0.362345
1970 0.00259866 0.0112445 0.363428
1971 0.00150411 0.0122533 0.367986
1972 0.00224477 0.0113274 0.369977
1973 0.00150803 0.0119038 0.373501
1974 0.00188286 0.0114145 0.375391
1975 0.00152489 0.0115146 0.379333
1976 0.00482548 0.010448 0.294522
1977 0.00385517 0.0148459 0.270832
1978 0.00363066 0.0151285 0.272634
1979 0.00405311 0.0145621 0.269239
1980 0.00338997 0.015391 0.274581
1981 0.00313043 0.0156066 0.277217
1982 0.00421962 0.0142658 0.268359
1983 0.0028566 0.0158059 0.279814
1984 0.00437153 0.0139662 0.267574
1985 0.00257391 0.015999 0.281975
1986 0.00450167 0.0136441 0.267474
1987 0.00228302 0.0161843 0.283661
1988 0.00461229 0.0133043 0.267969
1989 0.00189556 0.0162945 0.287709
1990 0.00469616 0.0129633 0.269165
1991 0.00474122 0.0126279 0.271642
1992 0.0047802 0.0122953 0.274159
1993 0.00480099 0.0119599 0.277351
1994 0.00476187 0.0115905 0.283624
1995 0.00471651 0.0112486 0.289885
1996 0.00469938 0.0109382 0.294485
1997 0.0018078 0.0158993 0.297296
1998 0.00183978 0.0155734 0.303517
1999 0.00182736 0.0152219 0.310716
2000 0.00181579 0.0148658 0.3178
2001 0.00180509 0.0145067 0.324745
2002 0.00180509 0.01416 0.331122
2003 0.00439213 0.0110432 0.307026
2004 0.00180509 0.0138133 0.33734
2005 0.00403251 0.0111804 0.319895
2006 0.00180509 0.0134667 0.343408
2007 0.00364348 0.0112975 0.332438
2008 0.00180509 0.01312 0.349333
2009 0.00325973 0.0114096 0.343181
2010 0.00180509 0.0127733 0.355124
2011 0.00287963 0.0115079 0.35247
2012 0.00179835 0.0124402 0.360674
2013 0.00251628 0.0115972 0.360048
2014 0.00181171 0.012099 0.365934
2015 0.00184275 0.011771 0.370576
2016 0.00369392 0.0145196 0.281437
2017 0.00349373 0.0147897 0.282666
2018 0.00328723 0.0150468 0.283725
2019 0.00387512 0.0142583 0.280109
2020 0.00305711 0.0152834 0.285217
2021 0.00278735 0.0154515 0.288343
2022 0.00402144 0.0139786 0.279757
2023 0.00249639 0.0156219 0.291149
2024 0.00413736 0.0136865 0.2803
2025 0.00218309 0.0158045 0.293326
2026 0.0042493 0.0133753 0.280917
2027 0.00434213 0.0130562 0.282031
2028 0.00441447 0.012742 0.283584
2029 0.00444152 0.0124192 0.286861
2030 0.00445965 0.0121046 0.290292
2031 0.00452123 0.0117955 0.291675
2032 0.00436406 0.0114547 0.302852
2033 0.00215363 0.0154222 0.301513
2034 0.00213216 0.0150599 0.308962
2035 0.00211705 0.0146965 0.316132
2036 0.00210606 0.0143333 0.323037
2037 0.00210606 0.0139867 0.32928
2038 0.00210606 0.01364 0.335368
2039 0.00394181 0.0115451 0.318298
2040 0.00210606 0.0132933 0.341311
2041 0.0035425 0.0116781 0.330359
2042 0.00210606 0.0129467 0.347116
2043 0.00315457 0.0117717 0.340944
2044 0.00211606 0.0125909 0.352752
2045 0.00279854 0.0118605 0.349252
2046 0.00206219 0.0122968 0.35845
2047 0.00217094 0.0120125 0.360916
2048 0.00353746 0.0141931 0.291671
2049 0.00334914 0.0144645 0.292444
2050 0.00313507 0.0147268 0.29355
2051 0.00298229 0.0149792 0.292716
2052 0.00372448 0.0139982 0.289149
2053 0.00272869 0.0151187 0.296035
2054 0.00218516 0.011677 0.365845
2055 0.00377509 0.0137297 0.291884
2056 0.00389501 0.013431 0.292582
2057 0.00399164 0.0131267 0.293854
2058 0.00407841 0.0128215 0.29522
2059 0.00415914 0.0125533 0.296033
2060 0.00409387 0.012245 0.302851
2061 0.0041922 0.0118354 0.304672
2062 0.00243018 0.0148961 0.306532
2063 0.00241405 0.0145247 0.313751
2064 0.00240137 0.0141619 0.320555
2065 0.00240703 0.0138133 0.326573
2066 0.00240703 0.0134667 0.332524
2067 0.00381583 0.0119387 0.317284
2068 0.00241252 0.0131103 0.338383
2069 0.00342454 0.0120328 0.328934
2070 0.00241003 0.0127489 0.344353
2071 0.00305989 0.0121163 0.338441
2072 0.0024017 0.0123402 0.351089
2073 0.0034253 0.0138437 0.300808
2074 0.00321984 0.0141401 0.301568
2075 0.00301411 0.0144268 0.301963
2076 0.00273215 0.0147211 0.303407
2077 0.00364665 0.0131971 0.304325
2078 0.00373576 0.0128785 0.306277
2079 0.00384778 0.0125482 0.307357
2080 0.00269123 0.0143276 0.311415
2081 0.00269221 0.013976 0.317587
2082 0.00270997 0.0136363 0.323003
2083 0.00271245 0.013284 0.328844
2084 0.00272838 0.0129318 0.334229
2085 0.00328614 0.0124041 0.327576
2086 0.00271061 0.0125954 0.340034
2087 0.00355545 0.0135144 0.302204
2088 0.00303336 0.0138231 0.311937
2089 0.00293078 0.014137 0.309092
2090 0.00337754 0.0129727 0.316119
2091 0.00347771 0.0126381 0.318216
2092 0.0029955 0.0134508 0.319096
2093 0.00303311 0.0131075 0.323704
2094 0.00308225 0.0127424 0.328201
2095 0.00330751 0.0132948 0.313088
2096 0.00271291 0.0122292 0.34572
2097 0.00367783 0.0122887 0.316978
2098 0.00204447 0.0160454 0.290565
