1 0 0 8.27018
2 -1.31814e-05 0.0843 8.34746
3 0.00131714 0.000347637 8.10539
4 0.00263427 0.000695274 8.04769
5 0.00395141 0.00104291 8.01967
6 0.00526559 0.00140074 8.01358
7 0.00656456 0.00181109 7.99569
8 0.00786353 0.00222143 7.98774
9 0.00916249 0.00263177 7.99199
10 0.0104529 0.00306669 8.00279
11 0.0117259 0.00355161 8.00201
12 0.0129989 0.00403654 8.0186
13 0.0142525 0.00456778 8.0312
14 0.0154913 0.00513458 8.0395
15 0.01673 0.00570138 8.07015
16 0.0179386 0.00632888 8.09545
17 0.0191231 0.00700066 8.12288
18 0.0202832 0.00771449 8.15756
19 0.0214077 0.00848342 8.19191
20 0.0224986 0.00929834 8.23471
21 0.0235397 0.0101758 8.2756
22 0.0245322 0.0111082 8.31736
23 0.0254744 0.0120912 8.36488
24 0.0263482 0.0131354 8.40666
25 0.0271586 0.0142299 8.44573
26 0.0279082 0.0153669 8.48728
27 0.0285812 0.016551 8.51929
28 0.0291882 0.0177701 8.54553
29 0.0297418 0.0190146 8.57389
30 0.030232 0.0202855 8.59724
31 0.030663 0.0215777 8.61705
32 0.0310386 0.0228869 8.63442
33 0.031362 0.02421 8.65116
34 0.0316308 0.0255451 8.66562
35 0.0318446 0.0268901 8.67817
36 0.0320008 0.028243 8.68806
37 0.032097 0.0296014 8.69466
38 0.032131 0.0309629 8.6974
39 0.0321007 0.0323244 8.69573
40 0.0320047 0.033683 8.6892
41 0.0318434 0.0350355 8.67809
42 0.0316173 0.0363788 8.66248
43 0.0313258 0.0377095 8.6413
44 0.0309731 0.0390252 8.61549
45 0.0305682 0.0403256 8.58854
46 0.0301147 0.0416099 8.55947
47 0.02962 0.0428789 8.53029
48 0.0290891 0.0441333 8.50111
49 0.028528 0.0453745 8.47287
50 0.0279424 0.0466044 8.44627
51 0.0273355 0.047824 8.41995
52 0.0267157 0.0490371 8.39688
53 0.0260895 0.0502469 8.37724
54 0.025462 0.0514559 8.36068
55 0.024838 0.0526669 8.34719
56 0.0242227 0.0538822 8.33671
57 0.0236234 0.0551055 8.33056
58 0.023048 0.0563403 8.33044
59 0.0224992 0.057587 8.33348
60 0.0219828 0.0588473 8.34153
61 0.0215032 0.0601221 8.35454
62 0.0210632 0.0614111 8.37216
63 0.0206672 0.0627145 8.39691
64 0.0203102 0.064029 8.4241
65 0.0199957 0.0653545 8.46075
66 0.0197045 0.0666852 8.49525
67 0.0194257 0.0680186 8.53024
68 0.0191387 0.0693501 8.56147
69 0.0188109 0.0706723 8.57941
70 0.0184314 0.0719802 8.5933
71 0.01793 0.0732462 8.57038
72 0.0173319 0.0744695 8.5436
73 0.0165933 0.0756124 8.48991
74 0.0157207 0.076658 8.42224
75 0.0147631 0.0776256 8.3666
76 0.0137129 0.0784919 8.30468
77 0.0125802 0.0792487 8.23977
78 0.0114179 0.0799574 8.20029
79 0.0102271 0.0806181 8.1706
80 0.00899407 0.0811972 8.13547
81 0.0077344 0.0817135 8.10805
82 0.0064611 0.0821977 8.09436
83 0.00518781 0.0826819 8.09876
84 0.00390367 0.083134 8.11124
85 0.00259805 0.0835227 8.12502
86 0.00129244 0.0839113 8.18055
87 -1.29688e-05 0.0829403 7.63218
88 -1.27562e-05 0.0815806 6.91036
89 -1.25436e-05 0.080221 6.20363
90 -1.2331e-05 0.0788613 5.52494
91 -1.21184e-05 0.0775016 4.88217
92 -1.19058e-05 0.0761419 4.27954
93 -1.16932e-05 0.0747823 3.71925
94 -1.14806e-05 0.0734226 3.20242
95 -1.1268e-05 0.0720629 2.7297
96 -1.10554e-05 0.0707032 2.30127
97 -1.08428e-05 0.0693435 1.91696
98 -1.06302e-05 0.0679839 1.57618
99 -1.04176e-05 0.0666242 1.27792
100 -1.0205e-05 0.0652645 1.0207
101 -9.99239e-06 0.0639048 0.802533
102 -9.77978e-06 0.0625452 0.620869
103 -9.56718e-06 0.0611855 0.472599
104 -9.35458e-06 0.0598258 0.354121
105 -9.14197e-06 0.0584661 0.261476
106 -8.92937e-06 0.0571065 0.190555
107 -8.71676e-06 0.0557468 0.137337
108 -8.50416e-06 0.0543871 0.0981133
109 -8.29156e-06 0.0530274 0.0696437
110 -8.07895e-06 0.0516677 0.0492395
111 -7.86635e-06 0.0503081 0.0347636
112 -7.65374e-06 0.0489484 0.0245786
113 -7.44114e-06 0.0475887 0.0174681
114 -7.22854e-06 0.046229 0.0125522
115 -7.01593e-06 0.0448694 0.00921128
116 -6.80333e-06 0.0435097 0.00702305
117 -6.59072e-06 0.04215 0.00571667
118 -6.37812e-06 0.0407903 0.00514154
119 -6.16552e-06 0.0394306 0.00525073
120 -5.95291e-06 0.038071 0.00609799
121 -5.74031e-06 0.0367113 0.00784876
122 -5.5277e-06 0.0353516 0.0108066
123 -5.3151e-06 0.0339919 0.0154574
124 -5.1025e-06 0.0326323 0.0225343
125 -4.88989e-06 0.0312726 0.0331056
126 -4.67729e-06 0.0299129 0.0486833
127 -4.46468e-06 0.0285532 0.0713444
128 -4.25208e-06 0.0271935 0.103844
129 -4.03948e-06 0.0258339 0.149684
130 -3.82687e-06 0.0244742 0.213103
131 -3.61427e-06 0.0231145 0.298941
132 -3.40166e-06 0.0217548 0.412392
133 -3.18906e-06 0.0203952 0.558673
134 -2.97646e-06 0.0190355 0.742698
135 -2.76385e-06 0.0176758 0.968808
136 -2.55125e-06 0.0163161 1.24061
137 -2.33864e-06 0.0149565 1.56092
138 -2.12604e-06 0.0135968 1.93176
139 -1.91344e-06 0.0122371 2.35444
140 -1.70083e-06 0.0108774 2.82956
141 -1.48823e-06 0.00951774 3.35706
142 -1.27562e-06 0.00815806 3.93618
143 -1.06302e-06 0.00679839 4.56539
144 -8.50416e-07 0.00543871 5.24201
145 -6.37812e-07 0.00407903 5.96169
146 -4.25208e-07 0.00271935 6.71821
147 -2.12604e-07 0.00135968 7.49515
148 0.0106074 0.0717063 4.12353
149 0.0035375 0.0798151 6.16598
150 0.00575227 0.0757713 4.54403
151 0.0115951 0.0575021 1.07187
152 0.0163051 0.0197449 1.83669
153 0.0133893 0.0770581 7.46142
154 0.012392 0.0778034 7.41256
155 0.0143088 0.0762062 7.49479
156 0.0112867 0.0784695 7.34082
157 0.0151643 0.0753257 7.55521
158 0.010161 0.0791129 7.30118
159 0.0159137 0.0743917 7.60853
160 0.0090256 0.0797391 7.29976
161 0.0165439 0.0732766 7.59715
162 0.00786294 0.0802919 7.29734
163 0.0170108 0.0721226 7.52955
164 0.00667671 0.0807842 7.29329
165 0.0174283 0.0709322 7.47079
166 0.00541224 0.0812147 7.26652
167 0.0177846 0.0696838 7.39476
168 0.00392643 0.0813527 7.06369
169 0.0181062 0.0683985 7.31429
170 0.0183436 0.0232347 1.61466
171 0.0184082 0.0671074 7.23711
172 0.00129003 0.0824722 7.37482
173 0.018706 0.0657657 7.15046
174 0.0190149 0.0644139 7.06777
175 0.0193609 0.0630718 7.01135
176 0.0197513 0.061729 6.97841
177 0.0012857 0.0810723 6.61545
178 0.0201784 0.0603971 6.95835
179 0.00124271 0.0796662 5.88415
180 0.0206495 0.0590847 6.95921
181 0.00118835 0.0782466 5.18674
182 0.0211551 0.0577857 6.96756
183 0.00116993 0.0768562 4.54622
184 0.0217048 0.0564942 6.99168
185 0.00116572 0.0754623 3.94815
186 0.0222654 0.0552479 7.01711
187 0.00116593 0.0741026 3.4087
188 0.0228691 0.0539776 7.04967
189 0.00116614 0.0727429 2.91353
190 0.0234771 0.052759 7.08989
191 0.00116635 0.0713832 2.46303
192 0.024098 0.0515318 7.12596
193 0.00116657 0.0700236 2.05718
194 0.0247251 0.0503167 7.16711
195 0.00116678 0.0686639 1.69562
196 0.0253486 0.0491104 7.20924
197 0.00116699 0.0673042 1.3776
198 0.0259633 0.0479051 7.25013
199 0.0011672 0.0659445 1.10193
200 0.0265773 0.0466895 7.29811
201 0.00116742 0.0645849 0.866948
202 0.0271532 0.0455 7.3408
203 0.00116763 0.0632252 0.670405
204 0.0277221 0.0442668 7.38397
205 0.00116784 0.0618655 0.509442
206 0.0282527 0.0430578 7.43003
207 0.00116805 0.0605058 0.380588
208 0.0287489 0.0418239 7.46976
209 0.00116827 0.0591462 0.279853
210 0.0291918 0.0405873 7.49864
211 0.00116848 0.0577865 0.202931
212 0.0295973 0.0393352 7.52971
213 0.00116869 0.0564268 0.145469
214 0.0299572 0.0380719 7.56091
215 0.0011689 0.0550671 0.103369
216 0.0302638 0.0368007 7.58914
217 0.00116912 0.0537074 0.0730141
218 0.0305093 0.0355162 7.60966
219 0.00116933 0.0523478 0.0514005
220 0.0306995 0.0342282 7.62988
221 0.00116954 0.0509881 0.0361532
222 0.0308236 0.0329276 7.64068
223 0.00116976 0.0496284 0.0254701
224 0.0308871 0.0316263 7.64786
225 0.00116997 0.0482687 0.0180261
226 0.0308902 0.030321 7.65135
227 0.00117018 0.0469091 0.0128705
228 0.0308281 0.0290174 7.64679
229 0.00117039 0.0455494 0.00933618
230 0.030709 0.0277171 7.64028
231 0.00117061 0.0441897 0.00696612
232 0.0305309 0.0264217 7.62957
233 0.00117082 0.04283 0.00545891
234 0.0303018 0.0251351 7.62042
235 0.00117103 0.0414703 0.00463151
236 0.0300237 0.0238583 7.61388
237 0.00117124 0.0401107 0.00439673
238 0.0296801 0.0225929 7.59714
239 0.00117146 0.038751 0.00475372
240 0.0292892 0.0213433 7.58469
241 0.00117167 0.0373913 0.00579109
242 0.0288461 0.0201171 7.57225
243 0.00117188 0.0360316 0.00770335
244 0.0283426 0.0189157 7.55479
245 0.00117209 0.034672 0.0108229
246 0.0277868 0.0177444 7.53783
247 0.00117231 0.0333123 0.0156711
248 0.0271691 0.0166065 7.51608
249 0.00117252 0.0319526 0.023034
250 0.0265066 0.0155036 7.50358
251 0.00117273 0.0305929 0.0340646
252 0.0257621 0.0144528 7.47074
253 0.00117294 0.0292332 0.0504145
254 0.0249587 0.0134432 7.43791
255 0.00117316 0.0278736 0.0743821
256 0.0241056 0.0124838 7.40797
257 0.00117337 0.0265139 0.109052
258 0.0231847 0.0115834 7.36566
259 0.00117358 0.0251542 0.158374
260 0.0222134 0.0107265 7.32654
261 0.00117379 0.0237945 0.227113
262 0.0212084 0.00991416 7.29816
263 0.00117401 0.0224349 0.320642
264 0.0201489 0.00916548 7.25756
265 0.00117422 0.0210752 0.44457
266 0.0190566 0.00845826 7.22385
267 0.00117443 0.0197155 0.604323
268 0.0179174 0.00777927 7.19684
269 0.00117465 0.0183558 0.80478
270 0.0167812 0.00712388 7.19529
271 0.00117486 0.0169962 1.05004
272 0.0156007 0.00654957 7.16714
273 0.00117507 0.0156365 1.34332
274 0.0144067 0.0060161 7.13777
275 0.00117528 0.0142768 1.68701
276 0.0131511 0.00549039 7.11106
277 0.0011755 0.0129171 2.08269
278 0.0118955 0.00496468 7.11308
279 0.00117571 0.0115574 2.53128
280 0.0106587 0.00446963 7.1236
281 0.00117592 0.0101978 3.03305
282 0.00940184 0.00402136 7.12273
283 0.00117613 0.00883809 3.5877
284 0.00812123 0.00362825 7.10492
285 0.00117635 0.00747841 4.1941
286 0.00684248 0.00324059 7.10297
287 0.00119223 0.00606068 4.87922
288 0.00556033 0.0028472 7.12075
289 0.00121476 0.00463259 5.62078
290 0.00425647 0.00246327 7.153
291 0.00134888 0.00314627 6.44372
292 0.00274899 0.00232645 7.03667
293 0.00134569 0.00178889 7.23671
294 0.0121481 0.0764545 6.66171
295 0.0130682 0.0757616 6.72588
296 0.0111602 0.0771182 6.61026
297 0.0138962 0.0749286 6.74349
298 0.0101104 0.0777537 6.57187
299 0.0146177 0.0740438 6.74474
300 0.00902739 0.0783579 6.55414
301 0.0153903 0.0733097 6.89604
302 0.007917 0.0789066 6.54415
303 0.0156907 0.072223 6.68095
304 0.00681459 0.0794303 6.56175
305 0.0160662 0.0711275 6.5509
306 0.00573448 0.0799129 6.59399
307 0.0164471 0.0699568 6.44021
308 0.00467472 0.0803142 6.61533
309 0.0167822 0.0687401 6.31787
310 0.00257422 0.0805173 6.41914
311 0.0170985 0.067471 6.1936
312 0.0173988 0.0661794 6.06974
313 0.0177065 0.0648399 5.9496
314 0.0180223 0.0634447 5.8228
315 0.0184088 0.0620664 5.75963
316 0.0188256 0.060697 5.71618
317 0.0192853 0.0593414 5.70067
318 0.00238779 0.0790335 5.63626
319 0.019786 0.0580039 5.70941
320 0.00234227 0.0776005 4.93969
321 0.0203272 0.0566827 5.73918
322 0.00233908 0.0761798 4.29943
323 0.0209067 0.0553859 5.79044
324 0.00234471 0.0747826 3.71726
325 0.0214912 0.054108 5.83255
326 0.00234492 0.0734229 3.19571
327 0.0221171 0.0528415 5.89803
328 0.00234513 0.0720633 2.71925
329 0.0227284 0.0516095 5.95084
330 0.00234535 0.0707036 2.28774
331 0.0233604 0.0503818 6.01472
332 0.00234556 0.0693439 1.90091
333 0.0239904 0.0491726 6.08112
334 0.00234577 0.0679842 1.55811
335 0.0246089 0.0479738 6.14429
336 0.00234598 0.0666246 1.25836
337 0.025217 0.0467652 6.20315
338 0.0023462 0.0652649 1.00024
339 0.0258107 0.0455841 6.27257
340 0.00234641 0.0639052 0.781833
341 0.0263679 0.04439 6.32548
342 0.00234662 0.0625455 0.600643
343 0.0268914 0.043198 6.37399
344 0.00234683 0.0611859 0.453569
345 0.027385 0.0420041 6.42344
346 0.00234705 0.0598262 0.33693
347 0.0278475 0.0408008 6.4742
348 0.00234726 0.0584665 0.246592
349 0.0282632 0.0395962 6.51934
350 0.00234747 0.0571068 0.178211
351 0.0286294 0.038384 6.55777
352 0.00234768 0.0557471 0.12752
353 0.0289472 0.0371587 6.59212
354 0.0023479 0.0543875 0.0906057
355 0.0292106 0.0359328 6.6218
356 0.00234811 0.0530278 0.0641046
357 0.0294203 0.0347018 6.6479
358 0.00234832 0.0516681 0.0452814
359 0.0295729 0.0334625 6.66855
360 0.00234853 0.0503084 0.0320133
361 0.0296652 0.0322193 6.6825
362 0.00234875 0.0489488 0.0227121
363 0.0297006 0.0309695 6.69272
364 0.00234896 0.0475891 0.0162227
365 0.0296751 0.0297219 6.69644
366 0.00234917 0.0462294 0.0117242
367 0.0295833 0.0284723 6.68964
368 0.00234938 0.0448697 0.00864551
369 0.0294418 0.027229 6.68473
370 0.0023496 0.04351 0.00660011
371 0.0292431 0.0259874 6.67645
372 0.00234981 0.0421504 0.00533944
373 0.0290023 0.0247523 6.67613
374 0.00235002 0.0407907 0.00472204
375 0.028701 0.0235331 6.66862
376 0.00235024 0.039431 0.00469692
377 0.0283498 0.0223293 6.66262
378 0.00235045 0.0380713 0.00529976
379 0.0279454 0.021139 6.65721
380 0.00235066 0.0367117 0.0066619
381 0.0274949 0.0199766 6.65488
382 0.00235087 0.035352 0.00903386
383 0.0269893 0.0188455 6.64914
384 0.00235109 0.0339923 0.0128264
385 0.0264308 0.0177468 6.64239
386 0.0023513 0.0326326 0.0186736
387 0.0258192 0.0166872 6.63382
388 0.00235151 0.0312729 0.0275232
389 0.0251608 0.0156624 6.62941
390 0.00235172 0.0299133 0.0407567
391 0.0244338 0.0146857 6.61209
392 0.00235194 0.0285536 0.0603363
393 0.0236457 0.0137615 6.58531
394 0.00235215 0.0271939 0.0889598
395 0.0228123 0.012881 6.56095
396 0.00235236 0.0258342 0.130182
397 0.0219166 0.01204 6.53223
398 0.00235257 0.0244746 0.188443
399 0.0209728 0.0112569 6.49716
400 0.00235279 0.0231149 0.268933
401 0.0199812 0.0105198 6.46013
402 0.002353 0.0217552 0.377286
403 0.0189467 0.00980973 6.43205
404 0.00235321 0.0203955 0.519155
405 0.0178702 0.00912757 6.41173
406 0.00235342 0.0190359 0.699791
407 0.0167685 0.00849768 6.39002
408 0.00235364 0.0176762 0.923735
409 0.0156549 0.0079055 6.37681
410 0.00235385 0.0163165 1.19467
411 0.0144943 0.0073653 6.3486
412 0.00235406 0.0149568 1.5154
413 0.0132955 0.00683531 6.32999
414 0.00235427 0.0135971 1.88791
415 0.0120677 0.00631572 6.32431
416 0.00235449 0.0122375 2.31348
417 0.0108466 0.00583135 6.32372
418 0.0023547 0.0108778 2.79276
419 0.00961115 0.00537021 6.32889
420 0.00237152 0.00948399 3.34045
421 0.00835774 0.00497364 6.31385
422 0.0023823 0.00810214 3.93892
423 0.0070765 0.0046053 6.29767
424 0.00238047 0.00670981 4.5963
425 0.00582545 0.00420267 6.32801
426 0.0023682 0.00529229 5.31987
427 0.00460027 0.00378376 6.39461
428 0.00236334 0.0037882 6.14534
429 0.0109669 0.075761 5.90083
430 0.0118848 0.0751623 5.97216
431 0.0127926 0.0746308 6.11832
432 0.0100082 0.0764056 5.88023
433 0.0133174 0.0736742 5.95613
434 0.00898844 0.0770111 5.86469
435 0.014224 0.0726376 5.99633
436 0.00791944 0.0775468 5.84313
437 0.00682693 0.0780543 5.841
438 0.0146864 0.0713531 5.78871
439 0.00573469 0.0785638 5.87547
440 0.0150963 0.0701924 5.63653
441 0.00463961 0.0790941 5.95401
442 0.0154455 0.0690128 5.47752
443 0.0157726 0.0678112 5.32713
444 0.0160889 0.0665453 5.17534
445 0.0163962 0.065244 5.02632
446 0.0166887 0.0638401 4.85133
447 0.0170463 0.062428 4.73002
448 0.0174542 0.0610285 4.65405
449 0.0179017 0.0596289 4.607
450 0.0183971 0.0582485 4.59685
451 0.0035029 0.0783585 5.41773
452 0.0189325 0.0568897 4.61481
453 0.00348916 0.0769487 4.74549
454 0.0195056 0.0555558 4.65806
455 0.00350089 0.0755299 4.12114
456 0.0201052 0.0542377 4.71431
457 0.00351404 0.0741383 3.55714
458 0.0207173 0.0529548 4.77855
459 0.00352391 0.0727433 3.03915
460 0.0213595 0.0516979 4.86444
461 0.00352412 0.0713836 2.57926
462 0.0219865 0.0504511 4.93392
463 0.00352434 0.0700239 2.16433
464 0.0226281 0.0492316 5.01999
465 0.00352455 0.0686643 1.79383
466 0.0232569 0.0480353 5.10423
467 0.00352476 0.0673046 1.46675
468 0.023863 0.0468412 5.17677
469 0.00352497 0.0659449 1.18186
470 0.0244669 0.0456484 5.25733
471 0.00352519 0.0645852 0.937529
472 0.0250138 0.0444882 5.31859
473 0.0035254 0.0632256 0.731653
474 0.025549 0.0433183 5.38527
475 0.00352561 0.0618659 0.561577
476 0.0260415 0.0421516 5.44185
477 0.00352583 0.0605062 0.42407
478 0.0265032 0.0409831 5.49882
479 0.00352604 0.0591465 0.315384
480 0.0269254 0.0398161 5.55329
481 0.00352625 0.0577868 0.231409
482 0.0273026 0.0386476 5.60286
483 0.00352646 0.0564272 0.167914
484 0.0276328 0.0374742 5.64735
485 0.00352668 0.0550675 0.120821
486 0.02791 0.0362989 5.68465
487 0.00352689 0.0537078 0.0864529
488 0.0281386 0.035122 5.71929
489 0.0035271 0.0523481 0.0616863
490 0.0283141 0.0339398 5.74865
491 0.00352731 0.0509885 0.044004
492 0.0284318 0.0327536 5.77027
493 0.00352753 0.0496288 0.0314617
494 0.0284998 0.031566 5.7909
495 0.00352774 0.0482691 0.0226077
496 0.0285039 0.0303719 5.80061
497 0.00352795 0.0469094 0.0163867
498 0.028445 0.0291753 5.80084
499 0.00352816 0.0455497 0.0120481
500 0.0283269 0.0279829 5.79472
501 0.00352838 0.0441901 0.009071
502 0.0281634 0.0267912 5.79265
503 0.00352859 0.0428304 0.00710572
504 0.0279483 0.0256053 5.79043
505 0.0035288 0.0414707 0.00593299
506 0.0276917 0.0244283 5.7951
507 0.00352901 0.040111 0.00543863
508 0.0273786 0.0232648 5.79608
509 0.00352923 0.0387514 0.00560193
510 0.0270189 0.0221174 5.80034
511 0.00352944 0.0373917 0.00649734
512 0.0266102 0.0209951 5.80505
513 0.00352965 0.036032 0.00831023
514 0.0261639 0.019898 5.81784
515 0.00352986 0.0346723 0.0113692
516 0.0256604 0.0188318 5.82519
517 0.00353008 0.0333126 0.0161986
518 0.0250936 0.0178067 5.82148
519 0.00353029 0.031953 0.0235969
520 0.024492 0.0168265 5.82256
521 0.0035305 0.0305933 0.034744
522 0.0238673 0.0158632 5.8438
523 0.00353072 0.0292336 0.051339
524 0.0231457 0.0149696 5.82609
525 0.00353093 0.0278739 0.0757558
526 0.0223639 0.0141549 5.78515
527 0.00353114 0.0265143 0.111187
528 0.0215854 0.0133102 5.79683
529 0.00353135 0.0251546 0.16172
530 0.020693 0.0125343 5.76493
531 0.00353157 0.0237949 0.232276
532 0.019759 0.0118619 5.70489
533 0.00353178 0.0224352 0.328377
534 0.0188019 0.0111539 5.68855
535 0.00353199 0.0210756 0.455749
536 0.0177863 0.0104692 5.67461
537 0.0035322 0.0197159 0.619892
538 0.016734 0.00984117 5.6528
539 0.00353242 0.0183562 0.825708
540 0.0156645 0.00926236 5.63114
541 0.00353263 0.0169965 1.07729
542 0.0145559 0.00871327 5.61027
543 0.00353284 0.0156368 1.37788
544 0.0134101 0.00818434 5.59445
545 0.00353305 0.0142772 1.72985
546 0.0122399 0.00766673 5.59138
547 0.00353327 0.0129175 2.13485
548 0.0110225 0.00717333 5.58794
549 0.00353348 0.0115578 2.59398
550 0.00982334 0.00671552 5.59155
551 0.00354418 0.0101552 3.12526
552 0.00860452 0.00629271 5.5934
553 0.00357899 0.00873939 3.72238
554 0.00730807 0.0059664 5.54746
555 0.00359552 0.00733659 4.3718
556 0.00600371 0.00560213 5.54627
557 0.00357285 0.0059465 5.06871
558 0.00473501 0.00512875 5.63694
559 0.00351183 0.00461642 5.78252
560 0.00349004 0.0033864 6.48966
561 0.0107437 0.074373 5.21385
562 0.00984891 0.0750353 5.20782
563 0.0118253 0.0736893 5.32519
564 0.00891472 0.0757088 5.23347
565 0.0127034 0.0725562 5.24579
566 0.00789783 0.0761989 5.19092
567 0.0132844 0.071487 5.11633
568 0.00683048 0.0766718 5.16609
569 0.00573686 0.0771821 5.19012
570 0.0137165 0.0703613 4.93801
571 0.00462232 0.0777286 5.26455
572 0.0140908 0.0692332 4.76371
573 0.0144275 0.0680784 4.58975
574 0.0147588 0.0668891 4.42863
575 0.0150722 0.0656278 4.25962
576 0.0153584 0.0642488 4.06158
577 0.0156686 0.0628183 3.88049
578 0.0160546 0.0613829 3.75835
579 0.0164938 0.0599523 3.68033
580 0.0169804 0.0585249 3.63836
581 0.0175132 0.0571209 3.63393
582 0.0180881 0.0557461 3.66278
583 0.00463019 0.0763282 4.61107
584 0.0186993 0.0543977 3.71825
585 0.00465063 0.074922 4.00655
586 0.0193047 0.0530653 3.76746
587 0.00469066 0.0735178 3.45475
588 0.0199498 0.0517948 3.85532
589 0.00472442 0.0721186 2.95234
590 0.0206032 0.0505365 3.94748
591 0.00472895 0.0707283 2.49655
592 0.0212556 0.049288 4.03867
593 0.00470333 0.0693443 2.08576
594 0.0219027 0.0480869 4.14012
595 0.00470354 0.0679846 1.72897
596 0.0225183 0.0469095 4.22996
597 0.00470375 0.0666249 1.41471
598 0.0231237 0.0457177 4.31574
599 0.00470397 0.0652653 1.14141
600 0.0236691 0.0445687 4.3826
601 0.00470418 0.0639056 0.907294
602 0.0242054 0.0434161 4.45597
603 0.00470439 0.0625459 0.710184
604 0.0247025 0.0422705 4.5212
605 0.0047046 0.0611862 0.547373
606 0.0251643 0.0411312 4.5834
607 0.00470482 0.0598265 0.415617
608 0.0255891 0.0399982 4.64359
609 0.00470503 0.0584669 0.311243
610 0.0259767 0.0388716 4.70334
611 0.00470524 0.0571072 0.230294
612 0.0263158 0.0377454 4.75553
613 0.00470545 0.0557475 0.168749
614 0.026605 0.0366142 4.79985
615 0.00470567 0.0543878 0.122775
616 0.0268426 0.0354856 4.83748
617 0.00470588 0.0530282 0.0889329
618 0.0270419 0.0343602 4.87824
619 0.00470609 0.0516685 0.0643048
620 0.0271886 0.0332288 4.91241
621 0.00470631 0.0503088 0.0465324
622 0.0272758 0.0320991 4.93657
623 0.00470652 0.0489491 0.0337841
624 0.0273263 0.0309717 4.9665
625 0.00470673 0.0475894 0.0246813
626 0.0273029 0.0298229 4.97758
627 0.00470694 0.0462298 0.0182138
628 0.0271957 0.0286869 4.96459
629 0.00470716 0.0448701 0.0136599
630 0.0270611 0.027546 4.96609
631 0.00470737 0.0435104 0.0105173
632 0.0268795 0.0264069 4.9697
633 0.00470758 0.0421507 0.00845094
634 0.0266517 0.0252763 4.97577
635 0.00470779 0.0407911 0.00725669
636 0.026386 0.0241568 4.98967
637 0.00470801 0.0394314 0.00684075
638 0.026067 0.0230485 5.00196
639 0.00470822 0.0380717 0.00721307
640 0.0256881 0.0219619 5.00777
641 0.00470843 0.036712 0.00849517
642 0.025279 0.0209069 5.02329
643 0.00470864 0.0353524 0.0109441
644 0.0248625 0.0198625 5.06593
645 0.00470886 0.0339927 0.0149956
646 0.0243453 0.018865 5.07254
647 0.00470907 0.032633 0.0213314
648 0.02375 0.0179383 5.05086
649 0.00470928 0.0312733 0.0309749
650 0.0231926 0.0170248 5.07848
651 0.00470949 0.0299136 0.045417
652 0.0227314 0.0160482 5.20968
653 0.00470971 0.028554 0.0667668
654 0.0218699 0.0154347 5.04173
655 0.00470992 0.0271943 0.0979036
656 0.0211147 0.0145776 5.05427
657 0.00471013 0.0258346 0.142583
658 0.0204884 0.0136695 5.17794
659 0.00471034 0.0244749 0.205435
660 0.0194853 0.0132102 4.98425
661 0.00471056 0.0231153 0.291792
662 0.0185896 0.0124995 4.97684
663 0.00471077 0.0217556 0.40735
664 0.0176815 0.0117879 4.99778
665 0.00471098 0.0203959 0.557741
666 0.0166596 0.0111378 4.98241
667 0.00471119 0.0190362 0.748132
668 0.0156305 0.0106193 4.9307
669 0.00471141 0.0176765 0.982962
670 0.0145791 0.0100703 4.9139
671 0.00471162 0.0163169 1.26584
672 0.0134779 0.00953258 4.90371
673 0.00471183 0.0149572 1.59954
674 0.012336 0.00901535 4.89752
675 0.00471205 0.0135975 1.98621
676 0.0111721 0.0085168 4.89991
677 0.00470803 0.0122014 2.43933
678 0.01 0.00805325 4.90458
679 0.00470295 0.0108043 2.95058
680 0.00884728 0.00761456 4.92077
681 0.00473267 0.00937712 3.53616
682 0.00767811 0.0072288 4.926
683 0.00481647 0.00793011 4.19847
684 0.00619991 0.00711248 4.76448
685 0.004832 0.00652468 4.89808
686 0.0104792 0.07307 4.59438
687 0.00945228 0.0736039 4.48423
688 0.0088387 0.0745473 4.70548
689 0.0115026 0.0724869 4.73436
690 0.00790713 0.0748906 4.61046
691 0.01191 0.0714903 4.52236
692 0.00684619 0.0752798 4.5396
693 0.0123605 0.0704661 4.3493
694 0.0127479 0.069407 4.16878
695 0.0130556 0.0683148 3.96736
696 0.0133995 0.0671614 3.78964
697 0.0137281 0.0659398 3.60973
698 0.0140381 0.064644 3.42329
699 0.0143103 0.0632115 3.20303
700 0.0146404 0.0617672 3.02831
701 0.0150557 0.0603096 2.91108
702 0.0155245 0.0588313 2.83011
703 0.0160625 0.0573798 2.80166
704 0.0166413 0.0559598 2.80838
705 0.0172568 0.0545728 2.84588
706 0.0178747 0.0532168 2.89189
707 0.00580057 0.0743465 3.94864
708 0.0185326 0.051892 2.96698
709 0.00589826 0.0729073 3.4065
710 0.0191962 0.0506185 3.05738
711 0.00596045 0.0714773 2.91146
712 0.0198691 0.0493649 3.15815
713 0.00592927 0.0700473 2.45104
714 0.0205392 0.0481271 3.26245
715 0.00592411 0.0686726 2.05768
716 0.0211802 0.0469596 3.36974
717 0.00588253 0.067305 1.70442
718 0.0217806 0.0457851 3.45621
719 0.00588275 0.0659453 1.40019
720 0.0223244 0.0446393 3.52352
721 0.00588296 0.0645856 1.13515
722 0.022859 0.0434972 3.59734
723 0.00588317 0.0632259 0.907684
724 0.0233587 0.0423698 3.66684
725 0.00588338 0.0618662 0.715855
726 0.0238226 0.0412496 3.732
727 0.0058836 0.0605066 0.55669
728 0.0242465 0.0401437 3.79342
729 0.00588381 0.0591469 0.427128
730 0.0246362 0.039054 3.85622
731 0.00588402 0.0577872 0.323708
732 0.0249999 0.0379711 3.92504
733 0.00588423 0.0564275 0.242716
734 0.0253084 0.0368863 3.9816
735 0.00588445 0.0550679 0.180417
736 0.0255458 0.0357941 4.01652
737 0.00588466 0.0537082 0.13327
738 0.025751 0.0347149 4.05716
739 0.00588487 0.0523485 0.0980778
740 0.0259523 0.0336493 4.12138
741 0.00588508 0.0509888 0.0720901
742 0.0260456 0.0325651 4.14235
743 0.0058853 0.0496291 0.0530624
744 0.0261008 0.0314939 4.16666
745 0.00588551 0.0482695 0.0392153
746 0.0263296 0.0304229 4.32789
747 0.00588572 0.0469098 0.0291809
748 0.0260369 0.0293485 4.18649
749 0.00588593 0.0455501 0.021951
750 0.0259431 0.0282535 4.20048
751 0.00588615 0.0441904 0.0168001
752 0.0257917 0.0271588 4.20933
753 0.00588636 0.0428308 0.0132196
754 0.0255853 0.0260705 4.21462
755 0.00588657 0.0414711 0.010871
756 0.0253458 0.0249955 4.22883
757 0.00588678 0.0401114 0.00955449
758 0.0251004 0.0239416 4.26605
759 0.005887 0.0387517 0.00919368
760 0.0247627 0.022874 4.28296
761 0.00588721 0.0373921 0.00983427
762 0.0243426 0.0218629 4.27516
763 0.00588742 0.0360324 0.0116594
764 0.0239599 0.0208608 4.31625
765 0.00588764 0.0346727 0.0150237
766 0.0237169 0.0198213 4.47006
767 0.00588785 0.033313 0.0205105
768 0.0230032 0.0190279 4.3428
769 0.00588806 0.0319533 0.029016
770 0.0223731 0.0180421 4.35088
771 0.00588827 0.0305937 0.041864
772 0.0216666 0.0168789 4.42133
773 0.00588849 0.029234 0.0609479
774 0.0058887 0.0278743 0.0888821
775 0.0205949 0.0158238 4.35792
776 0.00588891 0.0265146 0.129127
777 0.0196295 0.0146724 4.4268
778 0.00588912 0.025155 0.186022
779 0.00588934 0.0237953 0.264677
780 0.0184004 0.0138669 4.32203
781 0.00588955 0.0224356 0.370681
782 0.0174185 0.0131142 4.32071
783 0.00588976 0.0210759 0.509702
784 0.016644 0.0123012 4.44234
785 0.00588997 0.0197162 0.687072
786 0.0155723 0.0119996 4.27019
787 0.00589019 0.0183566 0.907477
788 0.0145621 0.0114343 4.26128
789 0.0058904 0.0169969 1.1748
790 0.0135045 0.0108856 4.25687
791 0.00589061 0.0156372 1.4922
792 0.0124156 0.0103542 4.26031
793 0.00590372 0.0142569 1.86909
794 0.0112866 0.00985968 4.2597
795 0.00589334 0.0128676 2.30322
796 0.0101444 0.00940428 4.25859
797 0.00586163 0.011461 2.79939
798 0.00902203 0.00896719 4.27221
799 0.0058451 0.0100368 3.36384
800 0.00795833 0.00852839 4.31455
801 0.00590603 0.00853189 4.03608
802 0.00950837 0.0721424 3.9393
803 0.00808196 0.0735661 4.10615
804 0.0109346 0.0705579 3.83316
805 0.0116344 0.0685276 3.4382
806 0.0120076 0.0674124 3.25628
807 0.0123657 0.0662476 3.07886
808 0.0127007 0.0649833 2.88992
809 0.0129874 0.0636308 2.68193
810 0.0132183 0.0621777 2.44843
811 0.0135803 0.0607173 2.29014
812 0.0140357 0.0591706 2.17353
813 0.0145517 0.0576572 2.1034
814 0.0151527 0.0561838 2.09202
815 0.0157834 0.0547617 2.112
816 0.0164209 0.053364 2.14625
817 0.0170657 0.0520074 2.19436
818 0.0177625 0.0507029 2.28175
819 0.00722187 0.0723053 3.43102
820 0.0184564 0.0494382 2.3796
821 0.00718585 0.0707503 2.89061
822 0.019142 0.0481966 2.48153
823 0.00717545 0.0693475 2.45498
824 0.0197985 0.0470056 2.58375
825 0.00713188 0.0679888 2.06946
826 0.0204076 0.045848 2.67344
827 0.00711404 0.066632 1.73072
828 0.0209763 0.0447044 2.75188
829 0.0071274 0.0652951 1.43949
830 0.0215153 0.0435683 2.82528
831 0.00710665 0.0639358 1.1753
832 0.0220152 0.0424519 2.89297
833 0.00706216 0.0625463 0.939977
834 0.0224806 0.0413454 2.9574
835 0.00706238 0.0611866 0.749793
836 0.0229009 0.0402556 3.01536
837 0.00706259 0.0598269 0.590687
838 0.0232883 0.0391845 3.07498
839 0.0070628 0.0584672 0.459972
840 0.0236626 0.0381427 3.14932
841 0.00706301 0.0571076 0.354277
842 0.0240318 0.0371176 3.24141
843 0.00706323 0.0557479 0.27016
844 0.0242848 0.0360615 3.28387
845 0.00706344 0.0543882 0.204314
846 0.0244485 0.0350067 3.29657
847 0.00706365 0.0530285 0.153641
848 0.0246435 0.0339554 3.34997
849 0.00706386 0.0516688 0.115111
850 0.0250208 0.032949 3.53455
851 0.00706408 0.0503092 0.0861199
852 0.0248807 0.0318579 3.43827
853 0.00706429 0.0489495 0.0646111
854 0.0138735 0.0207317 1.18116
855 0.0070645 0.0475898 0.0486573
856 0.0103005 0.0156744 1.89375
857 0.00706471 0.0462301 0.0368844
858 0.0248368 0.0290685 3.5017
859 0.00706493 0.0448705 0.0282692
860 0.0247008 0.0278855 3.51618
861 0.00706514 0.0435108 0.0220584
862 0.0245233 0.0268224 3.52805
863 0.00706535 0.0421511 0.0177102
864 0.0242793 0.0257662 3.52988
865 0.00706556 0.0407914 0.0148636
866 0.0240321 0.0247532 3.55262
867 0.00706578 0.0394318 0.0133145
868 0.0239682 0.0237102 3.70192
869 0.00706599 0.0380721 0.0130039
870 0.0234057 0.0228194 3.59166
871 0.0070662 0.0367124 0.0140238
872 0.0229718 0.0217231 3.62115
873 0.00706641 0.0353527 0.0166412
874 0.0225169 0.0204361 3.72292
875 0.00706663 0.033993 0.0213457
876 0.00706684 0.0326334 0.0289224
877 0.0217064 0.0192957 3.68016
878 0.00706705 0.0312737 0.0405558
879 0.0210006 0.018218 3.70839
880 0.00706726 0.029914 0.0579608
881 0.0201565 0.0171643 3.71871
882 0.00706748 0.0285543 0.08353
883 0.00706769 0.0271947 0.120464
884 0.0192054 0.0161503 3.72358
885 0.0070679 0.025835 0.172831
886 0.0181832 0.015227 3.71807
887 0.00706812 0.0244753 0.2455
888 0.00706833 0.0231156 0.343902
889 0.0170769 0.0143916 3.69777
890 0.00706854 0.0217559 0.473661
891 0.0159365 0.0134275 3.7589
892 0.00706875 0.0203963 0.640193
893 0.00706897 0.0190366 0.848372
894 0.0146178 0.012821 3.67457
895 0.00706918 0.0176769 1.10232
896 0.0135064 0.0122333 3.66321
897 0.00706451 0.0162874 1.41207
898 0.0124368 0.0116996 3.66244
899 0.00709138 0.0148893 1.78067
900 0.0113742 0.0111782 3.67943
901 0.00710146 0.0134904 2.20609
902 0.0102534 0.0107307 3.6721
903 0.00704717 0.0120878 2.68475
904 0.00912678 0.0103362 3.65967
905 0.00696894 0.0106933 3.21568
906 0.00801705 0.00987237 3.69978
907 0.0114966 0.0696068 3.72495
908 0.00812401 0.0112673 3.12606
909 0.00693768 0.00933781 3.79349
910 0.0106177 0.0677035 2.84481
911 0.0109509 0.0664892 2.62389
912 0.011348 0.0653686 2.47316
913 0.0117135 0.0640651 2.29202
914 0.0118801 0.0626685 2.04274
915 0.0119758 0.0610911 1.75767
916 0.0126313 0.059664 1.72162
917 0.0129178 0.057917 1.51516
918 0.0136291 0.0563799 1.51281
919 0.0142728 0.0549449 1.51459
920 0.0149546 0.0535324 1.54443
921 0.0155706 0.052117 1.55672
922 0.0162562 0.0507645 1.61006
923 0.0170203 0.0494827 1.7159
924 0.00836314 0.0713463 3.34953
925 0.0177342 0.0482383 1.8127
926 0.00850142 0.0699767 2.92973
927 0.018434 0.0470164 1.91407
928 0.00844645 0.0686409 2.51508
929 0.0190465 0.0458835 1.99866
930 0.00829569 0.0672895 2.11725
931 0.01963 0.0447539 2.07806
932 0.00839324 0.0660047 1.82501
933 0.0201693 0.0436308 2.14659
934 0.00837656 0.0646762 1.5312
935 0.0206712 0.0425212 2.20982
936 0.00827965 0.0632658 1.24455
937 0.0211356 0.041425 2.26911
938 0.00824115 0.0618666 1.00732
939 0.0215617 0.0403422 2.32538
940 0.00822799 0.0605121 0.81382
941 0.0219517 0.0392705 2.38046
942 0.00821382 0.0591498 0.649347
943 0.022314 0.0382263 2.44151
944 0.00824179 0.0577876 0.517064
945 0.0226945 0.0372694 2.5373
946 0.00827806 0.0564422 0.410108
947 0.0231836 0.0363532 2.71061
948 0.00830305 0.0550955 0.32149
949 0.0231497 0.0353065 2.61761
950 0.0083055 0.0537352 0.248426
951 0.0233177 0.0341558 2.64484
952 0.00830302 0.052369 0.190577
953 0.0236943 0.0327578 2.79827
954 0.00828914 0.051007 0.144953
955 0.00824307 0.0496295 0.108714
956 0.0236122 0.0311608 2.76574
957 0.00824328 0.0482698 0.0831614
958 0.00824349 0.0469102 0.0637635
959 0.0235978 0.029712 2.81189
960 0.00824371 0.0455505 0.049151
961 0.0237575 0.0285414 2.96983
962 0.00824392 0.0441908 0.0383479
963 0.023369 0.0275246 2.86565
964 0.00824413 0.0428311 0.0304739
965 0.023385 0.0265019 2.98791
966 0.00824434 0.0414715 0.0249265
967 0.0228687 0.0255425 2.86764
968 0.00824456 0.0401118 0.0213026
969 0.0226688 0.0241303 2.99632
970 0.00824477 0.0387521 0.0193899
971 0.00824498 0.0373924 0.0191519
972 0.0220891 0.0228394 2.98555
973 0.00824519 0.0360327 0.0207435
974 0.0216021 0.0216459 3.03643
975 0.00824541 0.0346731 0.0245482
976 0.0210045 0.020524 3.06527
977 0.00824562 0.0333134 0.0312407
978 0.00824583 0.0319537 0.0418792
979 0.020332 0.0194797 3.08497
980 0.00824604 0.030594 0.0580253
981 0.019607 0.0184682 3.11335
982 0.00824626 0.0292344 0.0818814
983 0.0187776 0.0174944 3.1327
984 0.00824647 0.0278747 0.116421
985 0.00824668 0.026515 0.165463
986 0.0178427 0.0165903 3.13422
987 0.00824689 0.0251553 0.233629
988 0.0168322 0.015761 3.12639
989 0.00824711 0.0237956 0.32615
990 0.00824732 0.022436 0.448532
991 0.0157613 0.0149489 3.1324
992 0.00824753 0.0210763 0.606178
993 0.0146292 0.014221 3.12774
994 0.00824774 0.0197166 0.804061
995 0.00824796 0.0183569 1.04663
996 0.0135051 0.0136129 3.11173
997 0.00822261 0.0169746 1.34029
998 0.0124116 0.0130336 3.11562
999 0.00822381 0.0155585 1.69712
1000 0.0113316 0.0125277 3.11429
1001 0.00833649 0.014106 2.13452
1002 0.0104112 0.0119134 3.205
1003 0.00831074 0.0127082 2.60375
1004 0.00928319 0.0117937 3.0751
1005 0.00964645 0.0707626 3.49114
1006 0.0100395 0.0691297 3.07679
1007 0.00844584 0.0724545 3.76993
1008 0.00961279 0.0667173 2.28555
1009 0.00980071 0.0654852 2.032
1010 0.0105857 0.0644478 2.02111
1011 0.0219573 0.0360667 2.09212
1012 0.0106659 0.0618844 1.52092
1013 0.011436 0.0598195 1.378
1014 0.0116274 0.0586568 1.24608
1015 0.0121498 0.0564197 1.06563
1016 0.012718 0.0550784 1.04141
1017 0.0134198 0.0537158 1.06323
1018 0.0141081 0.0523298 1.08738
1019 0.0146224 0.0507713 1.04291
1020 0.0155605 0.0494826 1.1756
1021 0.0163137 0.0482537 1.26418
1022 0.0170292 0.0470479 1.35161
1023 0.0176738 0.0459003 1.43034
1024 0.00941726 0.0678647 2.54105
1025 0.0182787 0.0447823 1.50658
1026 0.018833 0.0436726 1.57251
1027 0.0193347 0.0425764 1.6285
1028 0.00947504 0.0639914 1.62974
1029 0.0197962 0.0414919 1.6799
1030 0.00943977 0.0625778 1.35133
1031 0.020224 0.0404197 1.73055
1032 0.00941588 0.0612065 1.11626
1033 0.0206272 0.0393375 1.78307
1034 0.00935237 0.0598254 0.904245
1035 0.0210039 0.0382453 1.83827
1036 0.00935441 0.0584944 0.739956
1037 0.0213575 0.0371425 1.8996
1038 0.0094312 0.0571526 0.609209
1039 0.00955886 0.0558052 0.504678
1040 0.021929 0.0347519 2.01262
1041 0.00955 0.0544671 0.400288
1042 0.0095407 0.0530693 0.314941
1043 0.0221707 0.0333321 2.08059
1044 0.00956606 0.0517179 0.248728
1045 0.022294 0.0318559 2.13319
1046 0.00947399 0.0503282 0.18767
1047 0.00942206 0.0489499 0.143229
1048 0.0223037 0.030267 2.18229
1049 0.00944361 0.0475954 0.112611
1050 0.00945048 0.0462418 0.0880607
1051 0.0223832 0.0286037 2.31431
1052 0.0094227 0.0448708 0.0681681
1053 0.00942291 0.0435112 0.054079
1054 0.0220904 0.0268401 2.35768
1055 0.00942312 0.0421515 0.043775
1056 0.00942333 0.0407918 0.0364235
1057 0.0215851 0.0252984 2.35307
1058 0.00942355 0.0394321 0.0316518
1059 0.0211957 0.023973 2.41123
1060 0.00942376 0.0380724 0.029222
1061 0.00942397 0.0367128 0.0291331
1062 0.0207693 0.0227727 2.47364
1063 0.00942419 0.0353531 0.0316243
1064 0.0202028 0.021661 2.50083
1065 0.0094244 0.0339934 0.0372387
1066 0.0196133 0.0206654 2.52831
1067 0.00942461 0.0326337 0.0469023
1068 0.00942482 0.0312741 0.062031
1069 0.0189947 0.0196965 2.57037
1070 0.00942504 0.0299144 0.084656
1071 0.0183199 0.018787 2.60906
1072 0.00942525 0.0285547 0.117546
1073 0.017481 0.0178655 2.63143
1074 0.00942546 0.027195 0.164285
1075 0.00942567 0.0258353 0.229248
1076 0.0165494 0.017109 2.61137
1077 0.00942589 0.0244757 0.317443
1078 0.0155677 0.0163553 2.60829
1079 0.0094261 0.023116 0.434208
1080 0.00942631 0.0217563 0.584775
1081 0.0145098 0.0156376 2.60526
1082 0.00942652 0.0203966 0.774133
1083 0.013443 0.0149941 2.60401
1084 0.00944375 0.0190213 1.01105
1085 0.00942695 0.0176773 1.28688
1086 0.0123798 0.0143571 2.62553
1087 0.009317 0.0162828 1.61381
1088 0.0112659 0.0137513 2.64955
1089 0.00935048 0.014831 2.0265
1090 0.0098324 0.0133076 2.58486
1091 0.010436 0.0591532 1.0271
1092 0.0110116 0.0551773 0.668791
1093 0.0118738 0.0538199 0.705355
1094 0.0125637 0.052554 0.722503
1095 0.0131314 0.0512542 0.721119
1096 0.0142201 0.0492844 0.775668
1097 0.0149081 0.0481953 0.837695
1098 0.0156083 0.0470242 0.901968
1099 0.0162864 0.0458864 0.971734
1100 0.0169415 0.0447767 1.04657
1101 0.0175078 0.0436932 1.10601
1102 0.0180073 0.0426124 1.15206
1103 0.018458 0.0415472 1.19243
1104 0.0188828 0.0404896 1.23453
1105 0.0193075 0.0394263 1.28707
1106 0.0197034 0.0383 1.33796
1107 0.020111 0.0371103 1.40483
1108 0.0105107 0.057921 0.879703
1109 0.0106995 0.056587 0.760008
1110 0.0208229 0.0340838 1.54519
1111 0.0105757 0.0537793 0.482748
1112 0.0109698 0.0525002 0.44057
1113 0.0209491 0.0325794 1.58346
1114 0.0107356 0.0509889 0.323548
1115 0.0209636 0.0310414 1.61821
1116 0.0106158 0.0496443 0.246213
1117 0.0106077 0.048271 0.195161
1118 0.0209582 0.0294763 1.68877
1119 0.0106945 0.0469588 0.160291
1120 0.0106679 0.045584 0.125671
1121 0.0208079 0.0279612 1.74808
1122 0.0106326 0.0442102 0.0985801
1123 0.0106019 0.0428315 0.0785618
1124 0.0205222 0.0264356 1.80718
1125 0.0106265 0.041464 0.0652946
1126 0.0106023 0.0401121 0.0547253
1127 0.0201644 0.0250357 1.8717
1128 0.0106025 0.0387525 0.0482843
1129 0.0198302 0.023792 1.95926
1130 0.0106028 0.0373928 0.0452054
1131 0.010603 0.0360331 0.0454543
1132 0.0195832 0.0226568 2.08913
1133 0.0106032 0.0346734 0.0493922
1134 0.018844 0.0217999 2.03183
1135 0.0106034 0.0333138 0.0577805
1136 0.0182593 0.0208333 2.07418
1137 0.0106036 0.0319541 0.0718745
1138 0.0106038 0.0305944 0.0935321
1139 0.0176639 0.019896 2.13364
1140 0.010604 0.0292347 0.125321
1141 0.017198 0.018944 2.25602
1142 0.0106042 0.027875 0.170597
1143 0.0162516 0.0184043 2.16454
1144 0.0106045 0.0265154 0.233476
1145 0.0106047 0.0251557 0.31871
1146 0.0153497 0.0177299 2.14764
1147 0.0106049 0.023796 0.431422
1148 0.0144085 0.0169746 2.17069
1149 0.0105975 0.0224526 0.574315
1150 0.0105929 0.0210894 0.756565
1151 0.0132939 0.0163825 2.13542
1152 0.010612 0.019701 0.987139
1153 0.0123193 0.0157619 2.15742
1154 0.0106701 0.0182821 1.27624
1155 0.0104953 0.0169806 1.56543
1156 0.0113408 0.0150216 2.23491
1157 0.0133756 0.0500966 0.667559
1158 0.0206604 0.0357219 1.53237
1159 0.0118769 0.0514968 0.508678
1160 0.0134994 0.0480372 0.522626
1161 0.0142144 0.0469218 0.573387
1162 0.0148664 0.0458098 0.616109
1163 0.0155831 0.0447302 0.686592
1164 0.01622 0.0437013 0.751129
1165 0.0167057 0.0426123 0.782712
1166 0.0171336 0.0415867 0.80999
1167 0.0175366 0.0405485 0.838125
1168 0.0179481 0.0395022 0.876762
1169 0.0183691 0.0384122 0.925989
1170 0.0187779 0.0372399 0.981035
1171 0.0197059 0.0333268 1.16049
1172 0.0196831 0.0319305 1.16825
1173 0.0120105 0.0502209 0.435214
1174 0.0196257 0.0304497 1.1996
1175 0.0115973 0.048966 0.313355
1176 0.0120042 0.0477739 0.2962
1177 0.0194837 0.0289516 1.24306
1178 0.0119116 0.0462942 0.229159
1179 0.0118921 0.0449286 0.182294
1180 0.0192957 0.027471 1.31111
1181 0.0117807 0.0435115 0.141066
1182 0.0118258 0.042128 0.117994
1183 0.0190943 0.025993 1.41526
1184 0.0118613 0.0407743 0.10024
1185 0.0118394 0.039421 0.0855112
1186 0.0187367 0.0246202 1.5005
1187 0.0117815 0.0380728 0.0750605
1188 0.0106279 0.0632551 1.77632
1189 0.0117817 0.0367131 0.0712583
1190 0.011782 0.0353535 0.0722239
1191 0.00259338 0.0819675 7.21991
1192 0.0117822 0.0339938 0.0784812
1193 0.0175611 0.0219358 1.65834
1194 0.0117824 0.0326341 0.0910713
1195 0.016831 0.0208194 1.71284
1196 0.0117826 0.0312744 0.111668
1197 0.0117828 0.0299147 0.142608
1198 0.011783 0.0285551 0.18698
1199 0.0152057 0.0191432 1.74928
1200 0.0117832 0.0271954 0.248681
1201 0.0117834 0.0258357 0.332081
1202 0.0117837 0.024476 0.442062
1203 0.0142204 0.0183079 1.77169
1204 0.0117842 0.0231443 0.580442
1205 0.013367 0.0175507 1.82268
1206 0.0117584 0.0218128 0.751055
1207 0.0117421 0.0204499 0.965778
1208 0.0120521 0.017358 1.66419
1209 0.011792 0.0190135 1.24724
1210 0.0127995 0.0490242 0.476088
1211 0.0191834 0.0360062 1.04873
1212 0.0195314 0.0347241 1.11952
1213 0.0129715 0.0469299 0.374526
1214 0.0133105 0.0456843 0.34974
1215 0.0142515 0.0446028 0.428852
1216 0.0149337 0.0435549 0.480611
1217 0.0155884 0.0427354 0.549716
1218 0.0157618 0.041662 0.517325
1219 0.0161583 0.040615 0.534526
1220 0.0165767 0.0395698 0.564931
1221 0.0169969 0.0385714 0.604421
1222 0.0174756 0.0374301 0.662413
1223 0.0184364 0.032782 0.818549
1224 0.0183038 0.029956 0.877182
1225 0.0179104 0.0284716 0.879532
1226 0.0129683 0.0441902 0.250158
1227 0.0179661 0.0268973 1.03007
1228 0.0129645 0.0427883 0.20616
1229 0.0131359 0.0414411 0.184928
1230 0.0177677 0.0254975 1.14121
1231 0.0131412 0.0400713 0.157373
1232 0.0130271 0.0387046 0.132095
1233 0.0172543 0.0242408 1.19457
1234 0.0129762 0.037358 0.118481
1235 0.0129652 0.035999 0.113666
1236 0.0129699 0.0346478 0.116294
1237 0.0129612 0.0333141 0.125655
1238 0.0162857 0.021807 1.3971
1239 0.0129614 0.0319544 0.144476
1240 0.0129616 0.0305948 0.174331
1241 0.0129618 0.0292351 0.217965
1242 0.0129845 0.0278762 0.280251
1243 0.0140925 0.0195996 1.44472
1244 0.0129849 0.0265232 0.36241
1245 0.0129878 0.0251692 0.470226
1246 0.0129916 0.0238265 0.607414
1247 0.0129178 0.0186614 1.47447
1248 0.012962 0.022511 0.77161
1249 0.0128733 0.0212338 0.958245
1250 0.0177917 0.0362302 0.694833
1251 0.0186613 0.0339412 0.872171
1252 0.0183728 0.0314557 0.831673
1253 0.0167119 0.0229822 1.27471
1254 0.0152039 0.0207801 1.38269
1255 0.0128599 0.0199414 1.19195
1256 0.0181269 0.0350424 0.748334
1257 0.0138949 0.0434502 0.325841
1258 0.0143825 0.04221 0.330838
1259 0.0146052 0.0407285 0.302386
1260 0.0153891 0.0397198 0.375445
1261 0.0155683 0.038574 0.361609
1262 0.0163142 0.0376684 0.452938
1263 0.0168077 0.0297026 0.594278
1264 0.0167047 0.0274603 0.727974
1265 0.0168724 0.0263142 0.865973
1266 0.0163859 0.025256 0.892188
1267 0.0142998 0.0392565 0.234948
1268 0.014197 0.0379688 0.202464
1269 0.0141419 0.0366011 0.185045
1270 0.0141575 0.0352811 0.181935
1271 0.0141692 0.0339446 0.187574
1272 0.0141595 0.0326096 0.202226
1273 0.0141672 0.0312488 0.230598
1274 0.0141624 0.0299032 0.272515
1275 0.0141779 0.0285597 0.333311
1276 0.0142191 0.0271973 0.418904
1277 0.0141719 0.0258676 0.519606
1278 0.0142054 0.024489 0.66081
1279 0.0142341 0.0231817 0.828876
1280 0.0141106 0.0218298 1.01784
1281 0.0165161 0.0364831 0.45661
1282 0.0169174 0.0323841 0.51684
1283 0.0175017 0.0338288 0.610953
1284 0.0173777 0.0309313 0.645804
1285 0.015647 0.0239562 0.927615
1286 0.0153367 0.0224323 1.10687
1287 0.0155469 0.0264893 0.629766
1288 0.0153932 0.0358356 0.295771
1289 0.0153448 0.0346128 0.286462
1290 0.0154055 0.0331891 0.302348
1291 0.0153652 0.0319172 0.320516
1292 0.0153741 0.0305079 0.362785
1293 0.0153845 0.0292565 0.418866
1294 0.0151949 0.0252113 0.710213
1295 0.0153941 0.0279034 0.499341
1296 0.0164445 0.0285921 0.602415
1297 0.0167676 0.0351108 0.4783
1298 0.00694793 0.00813495 4.35989
1299 0.00694133 0.0738425 3.96017
1300 0.0105408 0.0605358 1.25616
1301 0.0151943 0.0371934 0.289272
1302 0.016283 0.0311798 0.458577
1303 0.0112759 0.0161932 1.87541
1304 0.0104025 0.0144601 2.27918
1305 0.0249859 0.0304636 3.51701
1306 0.016342 0.0338825 0.416517
