1 0 0 0.267524
2 -1.31814e-05 0.0843 0.306104
3 0.013521 0.00423542 0.946441
4 0.0247652 0.0113458 0.621198
5 0.0307851 0.0219759 0.57401
6 0.0317068 0.0358533 0.469937
7 0.0267044 0.0490591 0.707736
8 0.0209538 0.061764 0.687916
9 0.0180254 0.0730027 0.496209
10 0.0115339 0.0798899 0.769972
11 -1.09845e-05 0.07025 1.10702
12 -8.78763e-06 0.0562 1.55825
13 -6.59072e-06 0.04215 1.692
14 -4.39382e-06 0.0281 1.57894
15 -2.19691e-06 0.01405 1.12343
16 0.0102996 0.0657096 1.51376
17 0.012418 0.0511754 1.88188
18 0.0164562 0.0342962 1.9835
19 0.0143718 0.0202676 1.82456
