1 1.53081e-18 -0.025 8.87153
2 1.02054e-18 0.0133333 5.02995
3 1.53081e-18 0.025 5.75968
4 1.02054e-18 0.0466667 8.9449
5 0.0146855 0.0378813 9.1543
6 0.0239236 -0.00725686 9.17003
7 0.0138888 0.020787 8.33458
8 0 0.0115079 4.97378
9 0 0.00968254 4.92998
10 0 0.00785714 4.90474
11 0 0.00603175 4.89968
12 0 0.00420635 4.91555
13 0 0.00238095 4.95364
14 0 0.000555556 5.01517
15 0 -0.00126984 5.1013
16 0 -0.00309524 5.21312
17 0 -0.00492063 5.35163
18 0 -0.00674603 5.51776
19 0 -0.00857143 5.71235
20 0 -0.0103968 5.93619
21 0 -0.0122222 6.19002
22 0 -0.0140476 6.47452
23 0 -0.015873 6.79039
24 0 -0.0176984 7.13878
25 0 -0.0195238 7.5205
26 0 -0.0213492 7.93475
27 0 -0.0231746 8.37728
28 0.0243778 -0.00554295 9.1807
29 0.0247092 -0.00380178 9.18858
30 0.0249165 -0.00204193 9.19353
31 0.0249985 -0.000272083 9.19544
32 0.024955 0.00149904 9.19425
33 0.0247862 0.00326272 9.1899
34 0.0244928 0.00501027 9.18254
35 0.0240762 0.00673308 9.17214
36 0.0235385 0.00842262 9.15884
37 0.0228823 0.0100698 9.14271
38 0.0221113 0.0116658 9.12388
39 0.0212294 0.0132027 9.10217
40 0.020241 0.0146732 9.07706
41 0.019151 0.0160698 9.04746
42 0.0179647 0.0173859 9.01168
43 0.0166881 0.0186147 8.95003
44 0.0153272 0.0197503 8.61471
45 0.0127992 0.0193249 7.56786
46 0.0115567 0.0179908 6.96963
47 0.0101756 0.0168002 6.46717
48 0.00867265 0.0157675 6.0425
49 0.00706627 0.0149054 5.69509
50 0.00537497 0.0142238 5.42238
51 0.00361933 0.0137311 5.22465
52 0.00182076 0.0134331 5.09782
53 0.00177195 -0.0249371 8.88552
54 0.00353437 -0.0247489 8.89136
55 0.0052786 -0.0244364 8.89951
56 0.00699606 -0.0240011 8.91042
57 0.0086783 -0.0234454 8.92387
58 0.010317 -0.0227719 8.93959
59 0.0119042 -0.0219839 8.95736
60 0.0134319 -0.0210852 8.97673
61 0.0148926 -0.0200801 8.99738
62 0.0162784 -0.018974 9.01897
63 0.0175818 -0.017773 9.04091
64 0.0187966 -0.0164829 9.06274
65 0.0199168 -0.0151102 9.08408
66 0.020937 -0.0136618 9.10455
67 0.021852 -0.0121446 9.1237
68 0.0226574 -0.0105662 9.14121
69 0.0233491 -0.00893427 9.15676
70 0 0.0233333 5.61898
71 0 0.0216667 5.49371
72 0 0.02 5.37784
73 0 0.0183333 5.27083
74 0 0.0166667 5.1742
75 0 0.015 5.09319
76 0.012322 0.0217524 7.59657
77 0.0106885 0.0225999 7.07014
78 0.00899706 0.0233249 6.66217
79 0.00725686 0.0239236 6.34316
80 0.00547734 0.0243926 6.09991
81 0.00366813 0.0247294 5.92796
82 0.00183905 0.0249323 5.8197
83 0.0137518 0.0394162 9.13099
84 0.0126588 0.0408413 9.10523
85 0.0114188 0.0421403 9.07857
86 0.0100462 0.0432986 9.05225
87 0.00855639 0.0443027 9.02756
88 0.00696714 0.0451406 9.00536
89 0.00529751 0.0458023 8.98696
90 0.00356656 0.0462806 8.97309
91 0.00179401 0.0465698 8.9628
92 0.0147998 0.0223356 9.04074
93 0.0155386 0.0239726 9.13693
94 0.0160969 0.0256794 9.16583
95 0.0164683 0.0274365 9.191
96 0.0166486 0.0292241 9.20285
97 0.0166354 0.0310207 9.2051
98 0.016429 0.0328047 9.20046
99 0.0160318 0.0345561 9.19006
100 0.0154485 0.0362547 9.17437
101 0 0.0448611 8.54049
102 0 0.0430556 8.17281
103 0 0.04125 7.83728
104 0 0.0394444 7.52729
105 0 0.0376389 7.2397
106 0 0.0358333 6.97373
107 0 0.0340278 6.7282
108 0 0.0322222 6.50182
109 0 0.0304167 6.29327
110 0 0.0286111 6.10148
111 0 0.0268056 5.92522
112 0.018706 0.000353243 7.53834
113 0.0172368 0.0016286 7.20462
114 0.0126621 -0.00828277 6.77052
115 0.0155372 0.00856866 7.11974
116 0.00403203 -0.0229549 8.44763
117 0.00569 -0.0225611 8.44702
118 0.00222072 -0.0232392 8.44943
119 0.00731216 -0.0221244 8.4672
120 0.00888517 -0.0215769 8.48913
121 0.0103953 -0.0209307 8.5133
122 0.0118644 -0.0201361 8.53053
123 0.00147752 -0.0203872 7.74406
124 0.013266 -0.0192287 8.54586
125 0.00158261 -0.0186695 7.37296
126 0.0145776 -0.0182138 8.55643
127 0.0015996 -0.0168248 7.00452
128 0.0158301 -0.0171268 8.57433
129 0.00158084 -0.0149603 6.66501
130 0.0170201 -0.0160652 8.61533
131 0.00158084 -0.0131349 6.36538
132 0.0181351 -0.0147722 8.63129
133 0.00158084 -0.0113095 6.09673
134 0.0190829 -0.013449 8.63743
135 0.00158084 -0.00948413 5.85846
136 0.0199455 -0.012049 8.64315
137 0.00158084 -0.00765873 5.64988
138 0.0207537 -0.0106078 8.66082
139 0.00158084 -0.00583333 5.47025
140 0.0214928 -0.0091127 8.68567
141 0.00158084 -0.00400794 5.31877
142 0.0221137 -0.00755249 8.70473
143 0.00158084 -0.00218254 5.19457
144 0.0225815 -0.00595706 8.71124
145 0.00158084 -0.000357143 5.09667
146 0.0229129 -0.00432593 8.70906
147 0.00158084 0.00146825 5.02403
148 0.0231509 -0.00268809 8.71107
149 0.00158084 0.00329365 4.97555
150 0.0233205 -0.00105133 8.7239
151 0.00158084 0.00511905 4.94999
152 0.0233458 0.000594422 8.72601
153 0.00158084 0.00694444 4.94604
154 0.0232831 0.00223293 8.7327
155 0.00160187 0.00880635 4.96394
156 0.0230387 0.00388049 8.71868
157 0.00158084 0.0105952 4.99835
158 0.0226848 0.00549311 8.70244
159 0.00130443 0.0121324 5.03135
160 0.022224 0.00708076 8.68485
161 0.0216717 0.00863434 8.66923
162 0.00299002 0.0119783 5.10931
163 0.0209786 0.0101571 8.64257
164 0.00492977 0.0125002 5.29514
165 0.0201765 0.0115984 8.60675
166 0.00680225 0.0131616 5.56178
167 0.0192774 0.013 8.56737
168 0.00859508 0.0139962 5.91302
169 0.0183079 0.0143647 8.52892
170 0.0103252 0.01497 6.35712
171 0.0172649 0.015685 8.48103
172 0.0121259 0.0161141 6.94967
173 0.0159609 0.0170376 8.35754
174 0.0130047 0.0177124 7.42765
175 0.0144839 0.0185536 8.09624
176 0.00134559 -0.0218823 8.0907
177 0.00285012 -0.0215146 8.04641
178 0.00444923 -0.0211053 8.02261
179 0.00604264 -0.0207887 8.05197
180 0.00759385 -0.0203986 8.09195
181 0.00900999 -0.0198245 8.10677
182 0.0104041 -0.019205 8.13734
183 0.0117747 -0.0184086 8.15566
184 0.00311986 -0.019768 7.65779
185 0.0129932 -0.0174462 8.14755
186 0.00322796 -0.0179031 7.27023
187 0.0142068 -0.0164325 8.15738
188 0.00317196 -0.0159507 6.89447
189 0.0153493 -0.0153471 8.17131
190 0.00314784 -0.0140476 6.56469
191 0.016639 -0.0145761 8.29345
192 0.00314784 -0.0122222 6.28152
193 0.0173698 -0.0132271 8.23562
194 0.00314784 -0.0103968 6.02918
195 0.0181703 -0.0119295 8.2267
196 0.00314784 -0.00857143 5.80703
197 0.0189113 -0.0105606 8.22227
198 0.00314784 -0.00674603 5.61441
199 0.0196975 -0.0092191 8.25855
200 0.00314784 -0.00492063 5.45054
201 0.0204186 -0.00777974 8.29729
202 0.00314784 -0.00309524 5.3146
203 0.0208683 -0.00631115 8.29415
204 0.00314784 -0.00126984 5.20571
205 0.0212079 -0.00479451 8.28636
206 0.00314784 0.000555556 5.12286
207 0.021451 -0.00324464 8.27886
208 0.00314784 0.00238095 5.06497
209 0.0216344 -0.00168666 8.28251
210 0.00314784 0.00420635 5.03089
211 0.021761 -0.000157586 8.29825
212 0.00314784 0.00603175 5.01937
213 0.0217834 0.00130722 8.31144
214 0.00316456 0.00790834 5.0307
215 0.0216459 0.00288781 8.30902
216 0.00321579 0.00986337 5.06702
217 0.0213474 0.00434768 8.2855
218 0.0209285 0.00583244 8.25593
219 0.0204561 0.00731579 8.2375
220 0.0199162 0.00876581 8.22403
221 0.0191466 0.010128 8.16687
222 0.00659343 0.0113951 5.45446
223 0.0183432 0.0114185 8.11253
224 0.00843939 0.0121459 5.77995
225 0.0174362 0.0127607 8.05593
226 0.0102559 0.0130444 6.19968
227 0.0165068 0.0140332 7.99186
228 0.0120145 0.0140603 6.71619
229 0.0154111 0.0153615 7.88476
230 0.0141314 0.0165841 7.65372
231 0.00469187 0.0107486 5.20945
232 0.01366 0.0148094 7.26758
233 0.00496748 -0.0191581 7.61885
234 0.00771794 -0.0186935 7.73684
235 0.00903682 -0.0180924 7.74874
236 0.0104221 -0.0176854 7.83325
237 0.0114554 -0.0166779 7.77769
238 0.0126228 -0.0156523 7.76473
239 0.00475268 -0.0169887 7.16893
240 0.0138499 -0.0146851 7.79927
241 0.00472153 -0.0150242 6.81013
242 0.0183594 0.00319725 7.49608
243 0.00471485 -0.0131349 6.50125
244 0.0164555 -0.00796157 7.43185
245 0.00471485 -0.0113095 6.23505
246 0.0162756 -0.0119562 7.83966
247 0.00471485 -0.00948413 5.99965
248 0.0170609 -0.0105114 7.81824
249 0.00471485 -0.00765873 5.79441
250 0.0177706 -0.00901344 7.80411
251 0.00471485 -0.00583333 5.61862
252 0.0189346 -0.0079462 7.96375
253 0.00471485 -0.00400794 5.47154
254 0.0192419 -0.00661958 7.92593
255 0.00471485 -0.00218254 5.35234
256 0.0195333 -0.00518789 7.89873
257 0.00471485 -0.000357143 5.26008
258 0.0197586 -0.00372822 7.87796
259 0.00471485 0.00146825 5.19375
260 0.0199416 -0.00221543 7.86931
261 0.00471485 0.00329365 5.15221
262 0.0201344 -0.00072042 7.88869
263 0.00471485 0.00511905 5.13419
264 0.0202754 0.000717122 7.92006
265 0.00471485 0.00694444 5.13834
266 0.0205596 0.00199525 8.00793
267 0.00473893 0.00879855 5.16605
268 0.0200507 0.00321403 7.91003
269 0.0196153 0.00465073 7.85759
270 0.0191671 0.00604893 7.82231
271 0.0187366 0.00749924 7.81696
272 0.0182981 0.00879879 7.81861
273 0.0172423 0.0098182 7.65214
274 0.00830158 0.0103107 5.6709
275 0.0167186 0.011296 7.68083
276 0.0101681 0.0111217 6.05923
277 0.0154805 0.0123359 7.47956
278 0.0119753 0.0120403 6.53158
279 0.0149362 0.013857 7.52408
280 0.00649263 -0.019262 7.75114
281 0.00638975 0.00956643 5.36513
282 0.0136429 0.0129204 7.0482
283 0.00627106 -0.0177882 7.42935
284 0.00778933 -0.0169244 7.39322
285 0.00952009 -0.016159 7.43452
286 0.0109749 -0.0149282 7.40501
287 0.0122519 -0.0138043 7.40627
288 0.0062763 -0.015923 7.07664
289 0.00628185 -0.0140476 6.75631
290 0.0143855 -0.0117551 7.46073
291 0.00628185 -0.0122222 6.4765
292 0.00628185 -0.0103968 6.22807
293 0.0157637 -0.00923837 7.41816
294 0.00628185 -0.00857143 6.01043
295 0.00628185 -0.00674603 5.82297
296 0.0177271 -0.00725346 7.63588
297 0.00628185 -0.00492063 5.66507
298 0.00628185 -0.00309524 5.53598
299 0.0178365 -0.00573388 7.54663
300 0.00628185 -0.00126984 5.43489
301 0.0180209 -0.00421897 7.4989
302 0.00628185 0.000555556 5.36089
303 0.0182063 -0.00271434 7.47688
304 0.00628185 0.00238095 5.3129
305 0.0183833 -0.0011576 7.47703
306 0.00628185 0.00420635 5.28975
307 0.00628185 0.00603175 5.28971
308 0.019051 0.00184732 7.63164
309 0.0063563 0.00775335 5.31887
310 0.0178376 0.00469109 7.42679
311 0.017415 0.00628073 7.40982
312 0.0170677 0.00794169 7.44223
313 0.0153579 0.0103765 7.23573
314 0.0100779 0.00917995 5.94195
315 0.0119305 0.0100475 6.37618
316 0.00815113 0.00850053 5.58283
317 0.013706 0.0111463 6.8873
318 0.00785665 -0.0150618 7.06476
319 0.00938204 -0.0141225 7.07304
320 0.010841 -0.0130395 7.08954
321 0.00782011 -0.0131752 6.75674
322 0.00784885 -0.0113095 6.49187
323 0.00784885 -0.00948413 6.26168
324 0.00784885 -0.00765873 6.06256
325 0.00784885 -0.00583333 5.89391
326 0.0161692 -0.00656284 7.25552
327 0.00784885 -0.00400794 5.75501
328 0.00784885 -0.00218254 5.64528
329 0.016284 -0.00494574 7.16767
330 0.00784885 -0.000357143 5.56396
331 0.01644 -0.00331894 7.11555
332 0.00784885 0.00146825 5.5101
333 0.0165872 -0.0016782 7.08938
334 0.00784885 0.00329365 5.48268
335 0.0078381 0.00504484 5.47896
336 0.00795485 0.00678295 5.51345
337 0.0160688 0.00487903 7.02354
338 0.015731 0.00665623 7.03491
339 0.0119286 0.00780576 6.24889
340 0.012352 -0.0117112 7.11813
341 0.0137121 -0.0098123 7.10431
342 0.014577 -0.00774603 7.04719
343 0.0167679 2.0303e-05 7.09904
344 0.0164837 0.00317787 7.06125
345 0.0145792 0.00349752 6.65363
346 0.00983392 0.00734413 5.82815
347 0.00929148 -0.012244 6.77909
348 0.00944744 -0.0104158 6.55368
349 0.00954522 -0.00862342 6.35791
350 0.00941585 -0.00674603 6.15672
351 0.00941585 -0.00492063 6.00804
352 0.0146407 -0.00407397 6.79309
353 0.00948959 -0.00309023 5.8992
354 0.00954577 -0.00127353 5.81891
355 0.00954307 0.000551659 5.75928
356 0.00951924 0.00239786 5.72457
357 0.00948984 0.00426628 5.71646
358 0.00927199 0.00583356 5.70097
359 0.014349 0.00524446 6.65577
360 0.0106834 -0.0114093 6.84103
361 0.0145402 -0.00582899 6.88503
362 0.0147699 -0.00234595 6.739
363 0.0149341 -0.000570725 6.72164
364 0.0136421 -0.0130773 7.51852
365 0.0140488 0.00724338 6.68368
366 0.0110774 0.00564633 6.00683
367 0.0114008 -0.0097243 6.72893
368 0.0127932 -0.00670208 6.64646
369 0.0111304 -0.00766027 6.47394
370 0.0111188 -0.00582471 6.31274
371 0.0111474 -0.00400374 6.19007
372 0.0112247 -0.0021972 6.10684
373 0.0112798 -0.000385468 6.05067
374 0.011281 0.0014387 6.01579
375 0.0110508 0.00342206 5.97068
376 0.0149841 0.00145794 6.7131
377 0.012864 -0.00492398 6.52492
378 0.0129515 -0.00313507 6.43689
379 0.0126232 0.00421844 6.27119
380 0.0130567 -0.00134452 6.38343
381 0.0131222 0.000484059 6.35381
382 0.012882 0.00236819 6.2993
383 0.012874 0.00601727 6.37342
384 0.0137655 0.00917928 6.74154
385 0.01537 -0.0134892 7.88038
386 0.0153995 -0.0106483 7.50829
387 0.00307966 0.0217099 5.64439
388 0.00291622 0.0184845 5.4195
389 0.00522667 0.0195366 5.7108
390 0.00427692 0.0184879 5.54025
391 0.00848453 0.0178122 6.14231
392 0.00704536 0.0168438 5.80663
393 0.00549571 0.0160464 5.53261
394 0.00983343 0.0185874 6.52193
395 0.00405734 0.0154249 5.34278
396 0.0107653 0.0202542 6.91028
397 0.00202246 0.0155538 5.19864
398 0.00930682 0.0215768 6.61374
399 0.00173299 0.017471 5.28516
400 0.00772903 0.0219652 6.28558
401 0.00156692 0.0192145 5.38297
402 0.00595999 0.0226175 6.02981
403 0.00159756 0.0208815 5.49563
404 0.00435293 0.0230222 5.85927
405 0.00153747 0.0227139 5.62703
406 0.00296241 0.0233839 5.7643
407 0.00850316 0.0199535 6.29356
408 0.00693086 0.0187499 5.91005
409 0.00558172 0.0177219 5.64192
410 0.00372395 0.0169805 5.39292
411 0.00651314 0.0206756 5.97227
412 0.00331472 0.0199674 5.5404
413 0.00468491 0.0212317 5.76194
414 0.00631761 0.0290148 6.62394
415 0.0060316 0.0394431 7.88397
416 0.0106927 0.0357593 8.07922
417 0.0134035 0.0222895 8.1491
418 0.0108473 0.0403454 8.70051
419 0.011902 0.039119 8.72076
420 0.0128585 0.0378541 8.75546
421 0.00970543 0.0414902 8.69216
422 0.0136668 0.0363959 8.77499
423 0.00829896 0.0424177 8.64862
424 0.0142039 0.0348807 8.76581
425 0.0068255 0.0431693 8.60741
426 0.0146338 0.0333312 8.76502
427 0.00530328 0.0438679 8.59425
428 0.0149559 0.0317572 8.77217
429 0.00400168 0.0445064 8.62692
430 0.0150329 0.030108 8.7485
431 0.0020517 0.0443713 8.49891
432 0.0148851 0.0284884 8.69149
433 0.0146929 0.0268528 8.6476
434 0.0145621 0.0253285 8.644
435 0.0135631 0.0240693 8.25574
436 0.00178971 0.0422235 8.07029
437 0.00156366 0.0403472 7.72479
438 0.00156366 0.0385417 7.42635
439 0.00156366 0.0367361 7.15056
440 0.0103466 0.0243315 7.0853
441 0.00156366 0.0349306 6.89607
442 0.0086439 0.0251315 6.71389
443 0.00156366 0.033125 6.66145
444 0.00677209 0.0256992 6.39923
445 0.00156366 0.0313194 6.44522
446 0.00493858 0.0261021 6.17565
447 0.00156366 0.0295139 6.24592
448 0.00299338 0.0265103 6.0277
449 0.00151256 0.0277369 6.06258
450 0.00126894 0.0262259 5.90988
451 0.0120207 0.0233972 7.58109
452 0.0101826 0.0386376 8.34194
453 0.00922259 0.0398051 8.35368
454 0.0111706 0.0374901 8.37356
455 0.0121685 0.0365118 8.46283
456 0.00828941 0.0408784 8.38829
457 0.0124825 0.0350983 8.38644
458 0.00670425 0.0411997 8.24287
459 0.0129105 0.0336918 8.36421
460 0.0051193 0.0421322 8.25173
461 0.0132608 0.032261 8.35199
462 0.0035993 0.0430088 8.30569
463 0.0136885 0.0308702 8.39358
464 0.0133381 0.0294677 8.24066
465 0.0131397 0.0278251 8.1328
466 0.013033 0.026031 8.06263
467 0.00334304 0.0412533 7.96648
468 0.00318317 0.0394261 7.64502
469 0.00312042 0.0376389 7.35962
470 0.00312042 0.0358333 7.09743
471 0.00997133 0.0262428 7.11246
472 0.00312042 0.0340278 6.85601
473 0.00824292 0.0268624 6.76456
474 0.00312042 0.0322222 6.63375
475 0.00643649 0.0272854 6.48146
476 0.00312042 0.0304167 6.42899
477 0.00312227 0.028591 6.23821
478 0.00846632 0.0381737 8.00084
479 0.00945746 0.0368992 7.98834
480 0.00754405 0.0395004 8.06953
481 0.0110772 0.0341645 7.99171
482 0.00484044 0.0403694 7.92029
483 0.0115402 0.0326163 7.95702
484 0.0119209 0.0307917 7.91668
485 0.0115307 0.0289741 7.70349
486 0.0114627 0.0271549 7.58156
487 0.00469661 0.0385395 7.61222
488 0.00475156 0.0367772 7.3552
489 0.00467718 0.0349306 7.09596
490 0.00952965 0.028414 7.16089
491 0.00467718 0.033125 6.86921
492 0.00771967 0.0283106 6.78777
493 0.0047597 0.0314201 6.68098
494 0.00476485 0.0296742 6.49543
495 0.00791248 0.0364389 7.68412
496 0.00652962 0.0377979 7.68653
497 0.00970134 0.0330674 7.60345
498 0.0102833 0.0316425 7.5933
499 0.00993771 0.0301655 7.393
500 0.00623274 0.0358383 7.3811
501 0.00623394 0.0340278 7.1511
502 0.00642065 0.0323541 6.98047
503 0.00642727 0.0307214 6.80804
504 0.00916917 0.034886 7.69521
505 0.00750208 0.0348877 7.43018
506 0.00836704 0.0315739 7.20306
507 0.00790896 0.0333421 7.31157
508 0.0117467 0.0251915 7.56822
509 0.00472391 0.0278527 6.31104
510 0.00803721 0.0298192 6.9786
