1 6.12323e-19 -0.01 0.305909
2 4.08216e-19 0.00533333 0.472611
3 6.12323e-19 0.01 0.419523
4 4.08216e-19 0.0186667 0.249262
5 0.0058742 0.0151525 0.18994
6 0.00956943 -0.00290274 0.189818
7 0.00555552 0.00831481 0.299608
8 0 0.00460317 0.477689
9 0 0.00387302 0.482045
10 0 0.00314286 0.485283
11 0 0.0024127 0.487333
12 0 0.00168254 0.488171
13 0 0.000952381 0.487744
14 0 0.000222222 0.486002
15 0 -0.000507937 0.482903
16 0 -0.0012381 0.478408
17 0 -0.00196825 0.472481
18 0 -0.00269841 0.465093
19 0 -0.00342857 0.456217
20 0 -0.00415873 0.44583
21 0 -0.00488889 0.43391
22 0 -0.00561905 0.420439
23 0 -0.00634921 0.405396
24 0 -0.00707937 0.388733
25 0 -0.00780952 0.370428
26 0 -0.00853968 0.350569
27 0 -0.00926984 0.329573
28 0.00975111 -0.00221718 0.185542
29 0.0098837 -0.00152071 0.182423
30 0.00996659 -0.000816773 0.180524
31 0.00999941 -0.000108833 0.17989
32 0.00998201 0.000599614 0.180553
33 0.00991447 0.00130509 0.182525
34 0.00979712 0.00200411 0.185782
35 0.0096305 0.00269323 0.190298
36 0.00941539 0.00336905 0.196026
37 0.00915292 0.00402792 0.202917
38 0.00884452 0.00466631 0.210908
39 0.00849176 0.0052811 0.219963
40 0.0080964 0.00586927 0.230089
41 0.0076604 0.00642793 0.241408
42 0.0071859 0.00695434 0.254345
43 0.00667523 0.00744589 0.270297
44 0.00613089 0.00790014 0.293143
45 0.00511968 0.00772996 0.333563
46 0.00462267 0.00719632 0.363438
47 0.00407023 0.00672007 0.390058
48 0.00346906 0.00630702 0.41354
49 0.00282651 0.00596218 0.433405
50 0.00214999 0.00568953 0.44936
51 0.00144773 0.00549243 0.461117
52 0.000728302 0.00537323 0.468665
53 0.00070878 -0.00997485 0.304035
54 0.00141375 -0.00989956 0.301853
55 0.00211144 -0.00977455 0.298632
56 0.00279843 -0.00960046 0.294313
57 0.00347132 -0.00937816 0.288963
58 0.00412681 -0.00910875 0.28268
59 0.00476167 -0.00879355 0.275584
60 0.00537276 -0.00843407 0.267816
61 0.00595704 -0.00803204 0.259522
62 0.00651135 -0.00758962 0.250866
63 0.00703274 -0.00710919 0.242035
64 0.00751865 -0.00659317 0.233209
65 0.00796674 -0.0060441 0.224572
66 0.00837478 -0.0054647 0.216293
67 0.00874079 -0.00485783 0.208539
68 0.00906294 -0.00422647 0.201448
69 0.00933963 -0.00357371 0.195161
70 0 0.00933333 0.428924
71 0 0.00866667 0.43757
72 0 0.008 0.445814
73 0 0.00733333 0.453637
74 0 0.00666667 0.460922
75 0 0.006 0.467304
76 0.00492882 0.00870096 0.322819
77 0.00427541 0.00903996 0.346751
78 0.00359883 0.00932998 0.367783
79 0.00290274 0.00956943 0.385343
80 0.00219093 0.00975704 0.399311
81 0.00146725 0.00989177 0.409487
82 0.000735619 0.00997291 0.415974
83 0.00550073 0.0157665 0.196588
84 0.00506351 0.0163365 0.204058
85 0.00456754 0.0168561 0.211929
86 0.00401848 0.0173194 0.219818
87 0.00342255 0.0177211 0.227288
88 0.00278686 0.0180562 0.233992
89 0.00211901 0.0183209 0.239605
90 0.00142662 0.0185122 0.243879
91 0.000717602 0.0186279 0.24686
92 0.00591992 0.00893422 0.244989
93 0.00621544 0.00958903 0.218263
94 0.00643876 0.0102718 0.201486
95 0.00658734 0.0109746 0.190264
96 0.00665944 0.0116896 0.183282
97 0.00665415 0.0124083 0.179781
98 0.00657159 0.0131219 0.179128
99 0.00641274 0.0138224 0.180821
100 0.0061794 0.0145019 0.184538
101 0 0.0179444 0.268457
102 0 0.0172222 0.286284
103 0 0.0165 0.302846
104 0 0.0157778 0.318508
105 0 0.0150556 0.333429
106 0 0.0143333 0.347612
107 0 0.0136111 0.361093
108 0 0.0128889 0.373918
109 0 0.0121667 0.38613
110 0 0.0114444 0.39775
111 0 0.0107222 0.408796
112 0.00748242 0.000141297 0.309731
113 0.0068947 0.000651441 0.335268
114 0.00506482 -0.00331311 0.378411
115 0.0062149 0.00342746 0.350195
116 0.00161281 -0.00918198 0.322541
117 0.002276 -0.00902444 0.31965
118 0.000888289 -0.00929569 0.324634
119 0.00292486 -0.00884976 0.314915
120 0.00355407 -0.00863077 0.30934
121 0.00415814 -0.0083723 0.303032
122 0.00474577 -0.00805442 0.296444
123 0.000591007 -0.00815487 0.359071
124 0.00530638 -0.00769149 0.289517
125 0.000633042 -0.0074678 0.376823
126 0.00583104 -0.0072855 0.282602
127 0.000639842 -0.0067299 0.394472
128 0.00633204 -0.00685071 0.275058
129 0.000632336 -0.00598413 0.410702
130 0.00680806 -0.00642606 0.266215
131 0.000632336 -0.00525397 0.424943
132 0.00725404 -0.00590889 0.258584
133 0.000632336 -0.00452381 0.437625
134 0.00763315 -0.00537961 0.252155
135 0.000632336 -0.00379365 0.448764
136 0.00797819 -0.00481959 0.246035
137 0.000632336 -0.00306349 0.458378
138 0.00830149 -0.00424312 0.239478
139 0.000632336 -0.00233333 0.466489
140 0.00859713 -0.00364508 0.232861
141 0.000632336 -0.00160317 0.473123
142 0.00884546 -0.003021 0.22727
143 0.000632336 -0.000873016 0.478306
144 0.00903259 -0.00238283 0.223404
145 0.000632336 -0.000142857 0.482071
146 0.00916518 -0.00173037 0.22101
147 0.000632336 0.000587302 0.484455
148 0.00926036 -0.00107524 0.219159
149 0.000632336 0.00131746 0.485497
150 0.00932819 -0.000420533 0.217344
151 0.000632336 0.00204762 0.485244
152 0.00933832 0.000237769 0.217273
153 0.000632336 0.00277778 0.48375
154 0.00931326 0.000893171 0.217744
155 0.000640746 0.00352254 0.480945
156 0.00921547 0.0015522 0.220788
157 0.000632336 0.0042381 0.47723
158 0.00907391 0.00219724 0.224876
159 0.000521773 0.00485296 0.473789
160 0.00888958 0.0028323 0.229925
161 0.00866866 0.00345374 0.235627
162 0.00119601 0.00479131 0.469473
163 0.00839144 0.00406285 0.243001
164 0.00197191 0.00500009 0.458284
165 0.00807062 0.00463937 0.251629
166 0.0027209 0.00526462 0.442565
167 0.00771096 0.0052 0.261128
168 0.00343803 0.00559847 0.422392
169 0.00732314 0.00574588 0.27106
170 0.00413009 0.005988 0.39783
171 0.00690597 0.006274 0.28181
172 0.00485036 0.00644563 0.36686
173 0.00638435 0.00681502 0.29698
174 0.00520188 0.00708495 0.342767
175 0.00579356 0.00742145 0.313859
176 0.000538235 -0.00875291 0.342491
177 0.00114005 -0.00860584 0.343375
178 0.00177969 -0.00844211 0.342371
179 0.00241706 -0.00831549 0.33797
180 0.00303754 -0.00815944 0.332295
181 0.003604 -0.00792978 0.327434
182 0.00416163 -0.00768201 0.321199
183 0.00470988 -0.00736343 0.314994
184 0.00124795 -0.00790718 0.361782
185 0.00519729 -0.00697846 0.310124
186 0.00129118 -0.00716125 0.380277
187 0.00568271 -0.00657298 0.303892
188 0.00126878 -0.00638028 0.398348
189 0.00613973 -0.00613886 0.29733
190 0.00125914 -0.00561905 0.414117
191 0.00665562 -0.00583044 0.284143
192 0.00125914 -0.00488889 0.427557
193 0.00694791 -0.00529083 0.282715
194 0.00125914 -0.00415873 0.439441
195 0.00726811 -0.00477179 0.278238
196 0.00125914 -0.00342857 0.449784
197 0.00756454 -0.00422425 0.273727
198 0.00125914 -0.00269841 0.458608
199 0.00787901 -0.00368764 0.266732
200 0.00125914 -0.00196825 0.465935
201 0.00816745 -0.0031119 0.259848
202 0.00125914 -0.0012381 0.471791
203 0.00834733 -0.00252446 0.256884
204 0.00125914 -0.000507937 0.476205
205 0.00848317 -0.0019178 0.25492
206 0.00125914 0.000222222 0.479209
207 0.0085804 -0.00129786 0.253658
208 0.00125914 0.000952381 0.480842
209 0.00865376 -0.000674664 0.252311
210 0.00125914 0.00168254 0.481145
211 0.00870442 -6.30342e-05 0.250816
212 0.00125914 0.0024127 0.480164
213 0.00871334 0.00052289 0.250269
214 0.00126583 0.00316334 0.47781
215 0.00865834 0.00115512 0.251796
216 0.00128631 0.00394535 0.473911
217 0.00853898 0.00173907 0.255605
218 0.00837138 0.00233298 0.260653
219 0.00818243 0.00292632 0.265568
220 0.00796649 0.00350632 0.270738
221 0.00765863 0.00405119 0.279649
222 0.00263737 0.00455803 0.450174
223 0.00733729 0.00456741 0.288439
224 0.00337576 0.00485836 0.43124
225 0.00697448 0.00510427 0.297893
226 0.00410235 0.00521775 0.407613
227 0.0066027 0.0056133 0.307213
228 0.00480582 0.0056241 0.379764
229 0.00616443 0.00614462 0.318548
230 0.00565257 0.00663365 0.3328
231 0.00187675 0.00429942 0.464814
232 0.00546399 0.00592377 0.351217
233 0.00198699 -0.00766324 0.36096
234 0.00308718 -0.00747739 0.349109
235 0.00361473 -0.00723697 0.344658
236 0.00416882 -0.00707415 0.335833
237 0.00458217 -0.00667115 0.334638
238 0.00504912 -0.0062609 0.330375
239 0.00190107 -0.00679547 0.382958
240 0.00553998 -0.00587406 0.323057
241 0.00188861 -0.00600967 0.400213
242 0.00734374 0.0012789 0.31466
243 0.00188594 -0.00525397 0.414966
244 0.0065822 -0.00318463 0.327499
245 0.00188594 -0.00452381 0.427592
246 0.00651025 -0.00478247 0.308483
247 0.00188594 -0.00379365 0.438659
248 0.00682438 -0.00420456 0.305028
249 0.00188594 -0.00306349 0.448187
250 0.00710824 -0.00360537 0.301559
251 0.00188594 -0.00233333 0.456197
252 0.00757383 -0.00317848 0.286327
253 0.00188594 -0.00160317 0.462713
254 0.00769676 -0.00264783 0.286271
255 0.00188594 -0.000873016 0.467761
256 0.00781332 -0.00207516 0.285789
257 0.00188594 -0.000142857 0.47137
258 0.00790346 -0.00149129 0.285442
259 0.00188594 0.000587302 0.473573
260 0.00797666 -0.000886173 0.284815
261 0.00188594 0.00131746 0.47441
262 0.00805378 -0.000288168 0.282766
263 0.00188594 0.00204762 0.473926
264 0.00811014 0.000286849 0.280502
265 0.00188594 0.00277778 0.472168
266 0.00822385 0.000798102 0.274423
267 0.00189557 0.00351942 0.469007
268 0.00802026 0.00128561 0.283178
269 0.00784614 0.00186029 0.289192
270 0.00766686 0.00241957 0.294419
271 0.00749464 0.00299969 0.298077
272 0.00731925 0.00351951 0.301363
273 0.00689693 0.00392728 0.316444
274 0.00332063 0.00412427 0.438582
275 0.00668744 0.00451839 0.318693
276 0.00406722 0.00444869 0.41619
277 0.0061922 0.00493434 0.335017
278 0.00479013 0.00481612 0.389765
279 0.00597447 0.00554281 0.335741
280 0.00259705 -0.00770478 0.351465
281 0.0025559 0.00382657 0.456733
282 0.00545715 0.00516817 0.361577
283 0.00250842 -0.00711527 0.367492
284 0.00311573 -0.00676977 0.365509
285 0.00380804 -0.0064636 0.35833
286 0.00438996 -0.00597128 0.354556
287 0.00490076 -0.00552172 0.349366
288 0.00251052 -0.00636922 0.384451
289 0.00251274 -0.00561905 0.399801
290 0.00575421 -0.00470204 0.336983
291 0.00251274 -0.00488889 0.413158
292 0.00251274 -0.00415873 0.424941
293 0.0063055 -0.00369535 0.331971
294 0.00251274 -0.00342857 0.435169
295 0.00251274 -0.00269841 0.443857
296 0.00709083 -0.00290138 0.310122
297 0.00251274 -0.00196825 0.451027
298 0.00251274 -0.0012381 0.4567
299 0.00713461 -0.00229355 0.31394
300 0.00251274 -0.000507937 0.460904
301 0.00720836 -0.00168759 0.31529
302 0.00251274 0.000222222 0.463666
303 0.0072825 -0.00108573 0.315398
304 0.00251274 0.000952381 0.46502
305 0.00735332 -0.000463042 0.314508
306 0.00251274 0.00168254 0.465003
307 0.00251274 0.0024127 0.463681
308 0.00762039 0.000738926 0.303249
309 0.00254252 0.00310134 0.460732
310 0.00713503 0.00187644 0.321669
311 0.00696599 0.00251229 0.325528
312 0.00682709 0.00317667 0.326597
313 0.00614314 0.0041506 0.346147
314 0.00403114 0.00367198 0.423382
315 0.00477221 0.00401899 0.398104
316 0.00326045 0.00340021 0.444654
317 0.0054824 0.00445853 0.36887
318 0.00314266 -0.0060247 0.381149
319 0.00375282 -0.005649 0.376202
320 0.00433639 -0.00521581 0.370317
321 0.00312805 -0.00527009 0.396034
322 0.00313954 -0.00452381 0.408617
323 0.00313954 -0.00379365 0.419553
324 0.00313954 -0.00306349 0.428924
325 0.00313954 -0.00233333 0.436743
326 0.00646767 -0.00262514 0.33779
327 0.00313954 -0.00160317 0.443042
328 0.00313954 -0.000873016 0.44784
329 0.00651359 -0.0019783 0.341562
330 0.00313954 -0.000142857 0.45116
331 0.006576 -0.00132758 0.343385
332 0.00313954 0.000587302 0.45303
333 0.00663487 -0.000671278 0.344025
334 0.00313954 0.00131746 0.453478
335 0.00313524 0.00201794 0.452681
336 0.00318194 0.00271318 0.449637
337 0.00642751 0.00195161 0.351148
338 0.00629239 0.00266249 0.352764
339 0.00477142 0.0031223 0.404922
340 0.00494078 -0.00468448 0.362937
341 0.00548482 -0.00392492 0.357595
342 0.0058308 -0.00309841 0.356225
343 0.00670717 8.12122e-06 0.34278
344 0.00659347 0.00127115 0.346747
345 0.00583168 0.00139901 0.375945
346 0.00393357 0.00293765 0.430442
347 0.00371659 -0.00489761 0.390633
348 0.00377898 -0.00416633 0.40095
349 0.00381809 -0.00344937 0.409966
350 0.00376634 -0.00269841 0.419879
351 0.00376634 -0.00196825 0.426803
352 0.00585627 -0.00162959 0.368382
353 0.00379584 -0.00123609 0.431515
354 0.00381831 -0.000509411 0.434837
355 0.00381723 0.000220664 0.437245
356 0.0038077 0.000959142 0.438397
357 0.00379593 0.00170651 0.438116
358 0.00370879 0.00233342 0.4386
359 0.00573961 0.00209778 0.376986
360 0.00427338 -0.00456371 0.382881
361 0.00581609 -0.0023316 0.364333
362 0.00590796 -0.000938379 0.370473
363 0.00597364 -0.00022829 0.370648
364 0.00545686 -0.00523093 0.337693
365 0.00561953 0.00289735 0.377107
366 0.00443097 0.00225853 0.419529
367 0.0045603 -0.00388972 0.385661
368 0.00511728 -0.00268083 0.383872
369 0.00445216 -0.00306411 0.39886
370 0.00444754 -0.00232988 0.406575
371 0.00445897 -0.0016015 0.412246
372 0.00448988 -0.000878878 0.4158
373 0.00451193 -0.000154187 0.418085
374 0.00451239 0.000575479 0.419474
375 0.00442031 0.00136882 0.421959
376 0.00599362 0.000583177 0.371044
377 0.00514561 -0.00196959 0.389437
378 0.00518061 -0.00125403 0.393298
379 0.00504926 0.00168738 0.402207
380 0.00522268 -0.000537809 0.395408
381 0.00524887 0.000193623 0.396527
382 0.00515282 0.000947275 0.40005
383 0.00514961 0.00240691 0.396188
384 0.00550619 0.00367171 0.375501
385 0.00614798 -0.00539567 0.31145
386 0.00615981 -0.00425931 0.329445
387 0.00123186 0.00868394 0.428728
388 0.00116649 0.00739382 0.444972
389 0.00209067 0.00781466 0.427094
390 0.00171077 0.00739517 0.43806
391 0.00339381 0.0071249 0.405437
392 0.00281814 0.00673752 0.425004
393 0.00219829 0.00641856 0.441203
394 0.00393337 0.00743496 0.384313
395 0.00162294 0.00616994 0.452624
396 0.00430611 0.00810169 0.360955
397 0.000808984 0.00622153 0.460722
398 0.00372273 0.00863073 0.373771
399 0.000693195 0.00698838 0.453735
400 0.00309161 0.00878607 0.391288
401 0.000626769 0.00768581 0.446329
402 0.002384 0.00904699 0.405181
403 0.000639022 0.00835261 0.438198
404 0.00174117 0.00920888 0.414861
405 0.00061499 0.00908557 0.428926
406 0.00118497 0.00935358 0.420253
407 0.00340126 0.00798142 0.393906
408 0.00277235 0.00749995 0.416837
409 0.00223269 0.00708877 0.433133
410 0.00148958 0.00679221 0.448108
411 0.00260526 0.00827025 0.410794
412 0.00132589 0.00798695 0.436468
413 0.00187396 0.00849268 0.422288
414 0.00252704 0.0116059 0.364511
415 0.00241264 0.0157772 0.292714
416 0.00427707 0.0143037 0.268878
417 0.0053614 0.00891579 0.294402
418 0.00433892 0.0161382 0.234085
419 0.0047608 0.0156476 0.228217
420 0.0051434 0.0151416 0.221837
421 0.00388217 0.0165961 0.239397
422 0.00546673 0.0145584 0.217012
423 0.00331958 0.0169671 0.247036
424 0.00568158 0.0139523 0.215552
425 0.0027302 0.0172677 0.253948
426 0.00585352 0.0133325 0.21468
427 0.00212131 0.0175472 0.258686
428 0.00598236 0.0127029 0.214609
429 0.00160067 0.0178025 0.259809
430 0.00601315 0.0120432 0.218704
431 0.000820679 0.0177485 0.268899
432 0.00595405 0.0113954 0.227109
433 0.00587714 0.0107411 0.236431
434 0.00582483 0.0101314 0.24418
435 0.00542526 0.0096277 0.277443
436 0.000715882 0.0168894 0.290197
437 0.000625463 0.0161389 0.307735
438 0.000625463 0.0154167 0.323055
439 0.000625463 0.0146944 0.337584
440 0.00413863 0.0097326 0.341747
441 0.000625463 0.0139722 0.351377
442 0.00345756 0.0100526 0.361911
443 0.000625463 0.01325 0.364491
444 0.00270883 0.0102797 0.380149
445 0.000625463 0.0125278 0.376979
446 0.00197543 0.0104408 0.393563
447 0.000625463 0.0118056 0.388891
448 0.00119735 0.0106041 0.402583
449 0.000605025 0.0110948 0.400239
450 0.000507577 0.0104904 0.409959
451 0.00480829 0.00935888 0.317272
452 0.00407302 0.015455 0.255864
453 0.00368904 0.015922 0.258789
454 0.00446826 0.014996 0.250388
455 0.00486741 0.0146047 0.241487
456 0.00331576 0.0163513 0.260245
457 0.004993 0.0140393 0.245074
458 0.0026817 0.0164799 0.272593
459 0.00516419 0.0134767 0.245574
460 0.00204772 0.0168529 0.276082
461 0.00530433 0.0129044 0.246397
462 0.00143972 0.0172035 0.276284
463 0.00547541 0.0123481 0.24438
464 0.00533523 0.0117871 0.257688
465 0.00525589 0.01113 0.269068
466 0.00521319 0.0104124 0.279689
467 0.00133722 0.0165013 0.293614
468 0.00127327 0.0157704 0.310208
469 0.00124817 0.0150556 0.325182
470 0.00124817 0.0143333 0.339253
471 0.00398853 0.0104971 0.336427
472 0.00124817 0.0136111 0.352607
473 0.00329717 0.010745 0.356805
474 0.00124817 0.0128889 0.365316
475 0.00257459 0.0109142 0.37401
476 0.00124817 0.0121667 0.377446
477 0.00124891 0.0114364 0.389161
478 0.00338653 0.0152695 0.280071
479 0.00378298 0.0147597 0.277745
480 0.00301762 0.0158001 0.279111
481 0.00443088 0.0136658 0.273272
482 0.00193618 0.0161478 0.293437
483 0.00461607 0.0130465 0.274999
484 0.00476837 0.0123167 0.278478
485 0.00461227 0.0115897 0.294986
486 0.0045851 0.0108619 0.306057
487 0.00187864 0.0154158 0.309642
488 0.00190063 0.0147109 0.323239
489 0.00187087 0.0139722 0.337566
490 0.00381186 0.0113656 0.330538
491 0.00187087 0.01325 0.350449
492 0.00308787 0.0113243 0.354295
493 0.00190388 0.012568 0.36148
494 0.00190594 0.0118697 0.372832
495 0.00316499 0.0145755 0.298885
496 0.00261185 0.0151191 0.302047
497 0.00388054 0.013227 0.299982
498 0.00411331 0.012657 0.30027
499 0.00397508 0.0120662 0.314202
500 0.0024931 0.0143353 0.319296
501 0.00249358 0.0136111 0.332293
502 0.00256826 0.0129417 0.342116
503 0.00257091 0.0122886 0.352729
504 0.00366767 0.0139544 0.295317
505 0.00300083 0.0139551 0.314142
506 0.00334682 0.0126295 0.326697
507 0.00316358 0.0133369 0.320434
508 0.00469867 0.0100766 0.311812
509 0.00188957 0.0111411 0.384546
510 0.00321489 0.0119277 0.341488
