1 0 0 0.787169
2 -1.31814e-05 0.0843 0.792281
3 0.00111959 0.000295499 0.762637
4 0.00223918 0.000590997 0.755081
5 0.00335878 0.000886496 0.751226
6 0.00447837 0.00118199 0.750289
7 0.00559046 0.00150337 0.749314
8 0.00669461 0.00185217 0.747857
9 0.00779876 0.00220097 0.747159
10 0.00890291 0.00254977 0.747167
11 0.0100071 0.00289857 0.749283
12 0.0110897 0.00330925 0.748649
13 0.0121718 0.00372145 0.748731
14 0.0132538 0.00413364 0.750894
15 0.0143148 0.00459627 0.75138
16 0.0153677 0.00507806 0.751679
17 0.0164207 0.00555985 0.753784
18 0.0174585 0.00607208 0.756085
19 0.0184796 0.00661823 0.759011
20 0.0194722 0.00721399 0.760663
21 0.0204523 0.00783013 0.763581
22 0.0214081 0.00848373 0.766634
23 0.0223416 0.00916824 0.770935
24 0.0232369 0.00990207 0.774933
25 0.0240954 0.0106787 0.778749
26 0.024921 0.0114905 0.783309
27 0.0257071 0.0123404 0.78882
28 0.0264354 0.0132404 0.792932
29 0.0271211 0.0141733 0.797259
30 0.0277616 0.0151376 0.801765
31 0.0283505 0.0161341 0.805578
32 0.0288931 0.0171569 0.809086
33 0.0293931 0.018201 0.812703
34 0.0298451 0.0192669 0.815615
35 0.0302566 0.0203493 0.818686
36 0.0306203 0.0214486 0.82079
37 0.0309473 0.0225591 0.822895
38 0.0312392 0.0236793 0.825117
39 0.0314954 0.0248085 0.827625
40 0.0317048 0.0259473 0.829257
41 0.0318725 0.0270929 0.83058
42 0.0320008 0.0282433 0.8318
43 0.0320886 0.0293977 0.832865
44 0.0321346 0.0305546 0.833955
45 0.0321243 0.0317125 0.833546
46 0.0320674 0.0328688 0.832806
47 0.0319663 0.0340219 0.831807
48 0.0318209 0.0351704 0.830489
49 0.0316302 0.0363125 0.828873
50 0.031384 0.0374439 0.82579
51 0.0310978 0.0385656 0.822855
52 0.0307755 0.0396775 0.820017
53 0.0304193 0.0407792 0.817299
54 0.0300207 0.0418664 0.813584
55 0.029594 0.0429427 0.810353
56 0.0291441 0.0440095 0.807505
57 0.0286736 0.0450675 0.80496
58 0.0281774 0.0461137 0.801935
59 0.0276689 0.047154 0.799656
60 0.0271503 0.0481893 0.797758
61 0.0266221 0.0492197 0.795957
62 0.0260891 0.0502477 0.794483
63 0.0255556 0.0512754 0.793391
64 0.0250228 0.0523034 0.792409
65 0.0244982 0.0533357 0.792058
66 0.0239825 0.0543724 0.791831
67 0.023477 0.0554142 0.791634
68 0.0229903 0.0564648 0.792097
69 0.0225258 0.0575254 0.792979
70 0.022082 0.0585948 0.793861
71 0.0216618 0.0596737 0.794819
72 0.0212756 0.0607654 0.796788
73 0.0209217 0.0618677 0.799179
74 0.020595 0.0629784 0.801491
75 0.0202942 0.0640965 0.80385
76 0.0200269 0.0652232 0.80755
77 0.0197768 0.0663538 0.810888
78 0.0195359 0.0674863 0.814001
79 0.0193028 0.0686206 0.81794
80 0.0190461 0.0697496 0.820058
81 0.0187593 0.0708715 0.821531
82 0.0184309 0.0719816 0.822467
83 0.0180113 0.0730604 0.819033
84 0.017523 0.0741101 0.815518
85 0.016947 0.0751138 0.810236
86 0.0162535 0.0760402 0.801244
87 0.0154895 0.07691 0.793865
88 0.014663 0.0777201 0.787175
89 0.0137661 0.0784517 0.779667
90 0.0128112 0.0791065 0.772428
91 0.0118311 0.0797223 0.767941
92 0.010827 0.0802981 0.764424
93 0.00980014 0.0808329 0.761518
94 0.00874739 0.0813151 0.758471
95 0.00767418 0.0817493 0.755667
96 0.00659702 0.0821742 0.755109
97 0.00551535 0.0825867 0.755489
98 0.00441852 0.0829579 0.754791
99 0.00332168 0.0833291 0.757455
100 0.00221437 0.0836666 0.760578
101 0.00110059 0.0839833 0.767369
102 -1.30009e-05 0.0831452 0.703807
103 -1.28203e-05 0.0819904 0.618389
104 -1.26397e-05 0.0808356 0.538451
105 -1.24592e-05 0.0796808 0.465314
106 -1.22786e-05 0.078526 0.39953
107 -1.2098e-05 0.0773712 0.341077
108 -1.19175e-05 0.0762164 0.289631
109 -1.17369e-05 0.0750616 0.24476
110 -1.15563e-05 0.0739068 0.205935
111 -1.13758e-05 0.0727521 0.172592
112 -1.11952e-05 0.0715973 0.144153
113 -1.10146e-05 0.0704425 0.120049
114 -1.08341e-05 0.0692877 0.0997333
115 -1.06535e-05 0.0681329 0.0826958
116 -1.04729e-05 0.0669781 0.0684696
117 -1.02924e-05 0.0658233 0.0566349
118 -1.01118e-05 0.0646685 0.0468204
119 -9.93123e-06 0.0635137 0.0387018
120 -9.75066e-06 0.0623589 0.0319995
121 -9.57009e-06 0.0612041 0.0264747
122 -9.38952e-06 0.0600493 0.0219254
123 -9.20896e-06 0.0588945 0.0181819
124 -9.02839e-06 0.0577397 0.0151026
125 -8.84782e-06 0.0565849 0.0125698
126 -8.66725e-06 0.0554301 0.0104867
127 -8.48669e-06 0.0542753 0.0087731
128 -8.30612e-06 0.0531205 0.00736371
129 -8.12555e-06 0.0519658 0.00620503
130 -7.94498e-06 0.050811 0.00525359
131 -7.76441e-06 0.0496562 0.00447422
132 -7.58385e-06 0.0485014 0.00383865
133 -7.40328e-06 0.0473466 0.00332435
134 -7.22271e-06 0.0461918 0.00291365
135 -7.04214e-06 0.045037 0.00259298
136 -6.86158e-06 0.0438822 0.00235235
137 -6.68101e-06 0.0427274 0.00218496
138 -6.50044e-06 0.0415726 0.0020869
139 -6.31987e-06 0.0404178 0.00205703
140 -6.1393e-06 0.039263 0.00209699
141 -5.95874e-06 0.0381082 0.00221128
142 -5.77817e-06 0.0369534 0.0024075
143 -5.5976e-06 0.0357986 0.00269672
144 -5.41703e-06 0.0346438 0.00309401
145 -5.23647e-06 0.033489 0.00361911
146 -5.0559e-06 0.0323342 0.00429735
147 -4.87533e-06 0.0311795 0.00516074
148 -4.69476e-06 0.0300247 0.00624935
149 -4.51419e-06 0.0288699 0.00761303
150 -4.33363e-06 0.0277151 0.00931343
151 -4.15306e-06 0.0265603 0.0114264
152 -3.97249e-06 0.0254055 0.0140451
153 -3.79192e-06 0.0242507 0.0172831
154 -3.61136e-06 0.0230959 0.0212781
155 -3.43079e-06 0.0219411 0.0261969
156 -3.25022e-06 0.0207863 0.0322395
157 -3.06965e-06 0.0196315 0.0396441
158 -2.88908e-06 0.0184767 0.0486923
159 -2.70852e-06 0.0173219 0.0597135
160 -2.52795e-06 0.0161671 0.0730884
161 -2.34738e-06 0.0150123 0.0892514
162 -2.16681e-06 0.0138575 0.10869
163 -1.98625e-06 0.0127027 0.131943
164 -1.80568e-06 0.0115479 0.159592
165 -1.62511e-06 0.0103932 0.19225
166 -1.44454e-06 0.00923836 0.230549
167 -1.26397e-06 0.00808356 0.275116
168 -1.08341e-06 0.00692877 0.326558
169 -9.02839e-07 0.00577397 0.385316
170 -7.22271e-07 0.00461918 0.451742
171 -5.41703e-07 0.00346438 0.52606
172 -3.61136e-07 0.00230959 0.607967
173 -1.80568e-07 0.00115479 0.695814
174 0.0232973 0.0195717 0.261958
175 0.0250425 0.03157 0.178452
176 0.0030022 0.0804852 0.526718
177 0.015355 0.018096 0.110687
178 0.0166405 0.0305203 0.0263136
179 0.0134812 0.0772231 0.66953
180 0.0126436 0.0778733 0.666371
181 0.0142695 0.076508 0.672694
182 0.0117093 0.0784506 0.658954
183 0.015028 0.075744 0.678717
184 0.0107426 0.0790129 0.654341
185 0.0157003 0.0749144 0.682205
186 0.00976981 0.0795597 0.65334
187 0.016276 0.0740272 0.682702
188 0.00877897 0.0800876 0.655049
189 0.0167913 0.0730889 0.683576
190 0.00778077 0.0805478 0.655584
191 0.0172286 0.0721057 0.682156
192 0.00673913 0.0809396 0.652518
193 0.0175849 0.0710817 0.676835
194 0.00568964 0.081318 0.650915
195 0.0178988 0.0700199 0.670853
196 0.00459712 0.0816779 0.649852
197 0.0181775 0.0689369 0.664234
198 0.00333365 0.0817938 0.628361
199 0.0184293 0.0678464 0.657002
200 0.0137116 0.0438073 0.0209778
201 0.0186766 0.0667101 0.649197
202 0.0010938 0.0827473 0.667973
203 0.0189311 0.0655738 0.642813
204 0.0191932 0.0644303 0.63643
205 0.0194843 0.0632892 0.632432
206 0.0198091 0.0621533 0.63089
207 0.00108945 0.0815586 0.579826
208 0.0201549 0.0610198 0.629175
209 0.00104904 0.0803654 0.499224
210 0.0205362 0.0598992 0.629497
211 0.0010051 0.0791621 0.426586
212 0.0209471 0.0587905 0.630652
213 0.000996998 0.0779729 0.36283
214 0.0213842 0.0576911 0.631996
215 0.000988074 0.076794 0.307247
216 0.0218519 0.0565985 0.634248
217 0.000988254 0.0756392 0.259697
218 0.0223246 0.0555418 0.636034
219 0.000988435 0.0744844 0.218511
220 0.02283 0.0544624 0.637868
221 0.000988615 0.0733296 0.183117
222 0.0233461 0.0534177 0.640817
223 0.000988796 0.0721748 0.152916
224 0.0238631 0.0523817 0.642706
225 0.000988976 0.07102 0.127311
226 0.0243954 0.0513359 0.644702
227 0.000989157 0.0698652 0.10573
228 0.0249287 0.0503084 0.64732
229 0.000989338 0.0687104 0.0876342
230 0.02546 0.0492821 0.649731
231 0.000989518 0.0675556 0.0725278
232 0.0259826 0.0482592 0.651783
233 0.000989699 0.0664008 0.059965
234 0.0265046 0.0472259 0.654198
235 0.000989879 0.065246 0.0495508
236 0.0270134 0.0462015 0.657141
237 0.00099006 0.0640913 0.0409397
238 0.0274987 0.0451767 0.659249
239 0.00099024 0.0629365 0.0338339
240 0.0279819 0.0441247 0.66221
241 0.000990421 0.0617817 0.027979
242 0.0284307 0.0430988 0.665433
243 0.000990602 0.0606269 0.0231598
244 0.0288521 0.0420471 0.667434
245 0.000990782 0.0594721 0.0191956
246 0.0292515 0.040993 0.670434
247 0.000990963 0.0583173 0.0159357
248 0.0296111 0.0399261 0.672222
249 0.000991143 0.0571625 0.013255
250 0.0299385 0.0388489 0.674252
251 0.000991324 0.0560077 0.0110504
252 0.0302321 0.0377676 0.676705
253 0.000991504 0.0548529 0.00923686
254 0.0304831 0.036678 0.678541
255 0.000991685 0.0536981 0.00774476
256 0.0306944 0.0355793 0.680384
257 0.000991866 0.0525433 0.00651724
258 0.0308594 0.0344771 0.681685
259 0.000992046 0.0513885 0.00550803
260 0.0309789 0.033367 0.68246
261 0.000992227 0.0502337 0.00467963
262 0.0310588 0.0322522 0.683581
263 0.000992407 0.0490789 0.00400179
264 0.0310875 0.0311382 0.683531
265 0.000992588 0.0479241 0.00345031
266 0.0310684 0.0300223 0.682799
267 0.000992768 0.0467693 0.00300605
268 0.0310096 0.0289085 0.6824
269 0.000992949 0.0456145 0.00265414
270 0.0309071 0.0277949 0.681638
271 0.00099313 0.0444597 0.00238335
272 0.0307648 0.0266836 0.680975
273 0.00099331 0.043305 0.00218567
274 0.0305831 0.0255791 0.680353
275 0.000993491 0.0421502 0.00205597
276 0.0303555 0.0244832 0.67889
277 0.000993671 0.0409954 0.00199183
278 0.0300975 0.0233956 0.67852
279 0.000993852 0.0398406 0.00199346
280 0.0297945 0.0223182 0.67727
281 0.000994032 0.0386858 0.00206371
282 0.0294623 0.0212492 0.677282
283 0.000994213 0.037531 0.00220831
284 0.0290851 0.0201995 0.676452
285 0.000994394 0.0363762 0.00243608
286 0.0286621 0.0191653 0.675043
287 0.000994574 0.0352214 0.0027594
288 0.0282048 0.0181531 0.674278
289 0.000994755 0.0340666 0.00319477
290 0.0277021 0.0171663 0.672888
291 0.000994935 0.0329118 0.00376357
292 0.0271525 0.0162024 0.671072
293 0.000995116 0.031757 0.00449305
294 0.0265709 0.0152628 0.670557
295 0.000995296 0.0306022 0.00541748
296 0.0259355 0.014364 0.668325
297 0.000995477 0.0294474 0.00657968
298 0.0252513 0.0134967 0.665563
299 0.000995657 0.0282926 0.00803282
300 0.0245382 0.0126577 0.664588
301 0.000995838 0.0271378 0.00984261
302 0.0237709 0.0118708 0.661668
303 0.000996019 0.025983 0.0120899
304 0.0229487 0.0111212 0.657479
305 0.000996199 0.0248282 0.0148739
306 0.022108 0.0103918 0.655896
307 0.00099638 0.0236734 0.0183156
308 0.0212427 0.00969954 0.655224
309 0.00099656 0.0225186 0.0225619
310 0.0203418 0.00905906 0.653127
311 0.000996741 0.0213639 0.0277907
312 0.0193879 0.00845975 0.649084
313 0.000996921 0.0202091 0.0342153
314 0.0184225 0.00786589 0.64784
315 0.000997102 0.0190543 0.0420901
316 0.0174573 0.00729619 0.648586
317 0.000997283 0.0178995 0.0517156
318 0.0164764 0.00676575 0.649151
319 0.000997463 0.0167447 0.0634436
320 0.0154736 0.00628423 0.647898
321 0.000997644 0.0155899 0.0776802
322 0.014444 0.00584002 0.644698
323 0.000997824 0.0144351 0.0948882
324 0.0133767 0.00539315 0.642306
325 0.000998005 0.0132803 0.115586
326 0.0123094 0.0049463 0.642733
327 0.000998185 0.0121255 0.140345
328 0.011242 0.00449939 0.6455
329 0.000998366 0.0109707 0.169776
330 0.010203 0.00408568 0.647839
331 0.000998547 0.00981591 0.204524
332 0.009149 0.00371479 0.64837
333 0.000998727 0.00866112 0.245241
334 0.00807579 0.00338625 0.646894
335 0.000998908 0.00750632 0.292571
336 0.00696095 0.00306326 0.645162
337 0.00101778 0.00632946 0.348152
338 0.00584613 0.00274021 0.644611
339 0.00101622 0.00515314 0.411725
340 0.00473481 0.00242135 0.645775
341 0.00103152 0.00393456 0.486253
342 0.00361804 0.0020936 0.650388
343 0.00114672 0.00267255 0.572899
344 0.00233712 0.00197722 0.637669
345 0.001144 0.00151996 0.661171
346 0.0124218 0.0767096 0.574042
347 0.0131945 0.0760981 0.577942
348 0.0115859 0.0773026 0.571035
349 0.0139378 0.0754771 0.585541
350 0.0106917 0.0778706 0.56864
351 0.0146072 0.0746959 0.585355
352 0.00976359 0.0784183 0.56803
353 0.015139 0.0738869 0.579899
354 0.00881006 0.078924 0.567856
355 0.0156584 0.0730778 0.579583
356 0.00784444 0.0793855 0.568109
357 0.0161159 0.0721879 0.576555
358 0.00685943 0.0797923 0.567083
359 0.0164558 0.0712432 0.565662
360 0.0058727 0.0801766 0.567224
361 0.0167758 0.0702597 0.555985
362 0.0048865 0.080563 0.570398
363 0.0170613 0.0692179 0.544862
364 0.00397055 0.080909 0.575212
365 0.0173243 0.0681458 0.533766
366 0.00218399 0.0810863 0.556188
367 0.0175719 0.0670648 0.523229
368 0.0178234 0.0659224 0.512669
369 0.0180819 0.0647657 0.503232
370 0.0183519 0.0636065 0.494938
371 0.0186751 0.0624437 0.49191
372 0.0190159 0.0612851 0.489603
373 0.0193834 0.0601348 0.488663
374 0.00200087 0.0798227 0.470951
375 0.0197903 0.0589961 0.490361
376 0.00200782 0.0786072 0.400005
377 0.0202246 0.0578686 0.492983
378 0.00200374 0.0774006 0.338048
379 0.0206854 0.0567539 0.496357
380 0.00200451 0.0762322 0.285711
381 0.0211744 0.0556612 0.501197
382 0.0019881 0.075062 0.240211
383 0.0216648 0.0545763 0.504016
384 0.00198828 0.0739072 0.201625
385 0.0221869 0.0534949 0.508248
386 0.00198846 0.0727524 0.168619
387 0.0227086 0.0524526 0.512586
388 0.00198864 0.0715976 0.140572
389 0.0232296 0.0514009 0.514949
390 0.00198882 0.0704428 0.116883
391 0.0237733 0.0503609 0.519404
392 0.001989 0.069288 0.0969814
393 0.0243062 0.0493354 0.522993
394 0.00198918 0.0681332 0.0803397
395 0.0248338 0.0483173 0.526472
396 0.00198936 0.0669784 0.0664799
397 0.0253499 0.0472911 0.528822
398 0.00198954 0.0658236 0.054976
399 0.0258688 0.0462715 0.532793
400 0.00198972 0.0646688 0.0454536
401 0.0263623 0.0452659 0.536234
402 0.0019899 0.063514 0.0375883
403 0.0268305 0.0442328 0.537587
404 0.00199008 0.0623592 0.0311023
405 0.0272823 0.04322 0.540453
406 0.00199026 0.0612044 0.0257597
407 0.0277079 0.0421978 0.542795
408 0.00199044 0.0600496 0.0213618
409 0.0281053 0.0411698 0.544917
410 0.00199063 0.0588948 0.0177429
411 0.0284779 0.0401349 0.547467
412 0.00199081 0.05774 0.0147649
413 0.0288128 0.0390945 0.549417
414 0.00199099 0.0565852 0.0123137
415 0.0291139 0.0380492 0.55145
416 0.00199117 0.0554304 0.0102955
417 0.0293753 0.0369984 0.5531
418 0.00199135 0.0542757 0.00863316
419 0.029597 0.0359422 0.55453
420 0.00199153 0.0531209 0.00726357
421 0.0297784 0.0348808 0.555805
422 0.00199171 0.0519661 0.00613536
423 0.0299177 0.0338127 0.556827
424 0.00199189 0.0508113 0.00520679
425 0.0300149 0.0327425 0.557713
426 0.00199207 0.0496565 0.0044441
427 0.0300608 0.0316675 0.557422
428 0.00199225 0.0485017 0.00382016
429 0.0300677 0.0305936 0.557382
430 0.00199243 0.0473469 0.00331336
431 0.0300294 0.0295184 0.556889
432 0.00199261 0.0461921 0.00290672
433 0.0299566 0.0284422 0.557135
434 0.00199279 0.0450373 0.00258721
435 0.0298371 0.027368 0.556703
436 0.00199297 0.0438825 0.00234519
437 0.0296774 0.0262968 0.556325
438 0.00199315 0.0427277 0.00217407
439 0.0294795 0.025232 0.556126
440 0.00199333 0.0415729 0.00207001
441 0.0292464 0.0241752 0.556405
442 0.00199351 0.0404181 0.00203182
443 0.0289764 0.0231279 0.556932
444 0.00199369 0.0392633 0.00206095
445 0.0286711 0.0220908 0.557909
446 0.00199388 0.0381085 0.00216157
447 0.0283243 0.0210664 0.558703
448 0.00199406 0.0369537 0.0023408
449 0.027946 0.020061 0.560221
450 0.00199424 0.0357989 0.00260908
451 0.0275181 0.0190809 0.560531
452 0.00199442 0.0346441 0.00298066
453 0.0270558 0.0181196 0.561429
454 0.0019946 0.0334894 0.00347426
455 0.0265491 0.0171842 0.561827
456 0.00199478 0.0323346 0.00411392
457 0.0260088 0.0162762 0.56276
458 0.00199496 0.0311798 0.00493009
459 0.0254363 0.0153958 0.564365
460 0.00199514 0.030025 0.005961
461 0.0248097 0.0145481 0.564582
462 0.00199532 0.0288702 0.00725425
463 0.024137 0.0137434 0.563723
464 0.0019955 0.0277154 0.00886886
465 0.0234236 0.0129771 0.562502
466 0.00199568 0.0265606 0.0108777
467 0.0226681 0.0122337 0.561604
468 0.00199586 0.0254058 0.0133703
469 0.0218748 0.0115207 0.560914
470 0.00199604 0.024251 0.0164564
471 0.0210484 0.0108456 0.560129
472 0.00199622 0.0230962 0.0202696
473 0.0201972 0.01021 0.559332
474 0.0019964 0.0219414 0.0249722
475 0.0193087 0.0096054 0.558133
476 0.00199658 0.0207866 0.03076
477 0.0183845 0.00901974 0.557345
478 0.00199676 0.0196318 0.0378673
479 0.0174416 0.00846026 0.557219
480 0.00199695 0.018477 0.0465732
481 0.0164917 0.0079217 0.558489
482 0.00199713 0.0173222 0.0572061
483 0.0155301 0.00743421 0.55833
484 0.00199731 0.0161674 0.0701486
485 0.0145336 0.00697945 0.556668
486 0.00199749 0.0150126 0.0858406
487 0.0135238 0.00653984 0.555419
488 0.00199767 0.0138578 0.104781
489 0.0124565 0.00609302 0.555079
490 0.00199785 0.0127031 0.127524
491 0.0113891 0.00564614 0.556944
492 0.00199803 0.0115483 0.154678
493 0.010363 0.00524146 0.558495
494 0.00199821 0.0103935 0.186888
495 0.00933862 0.00485634 0.56041
496 0.00199839 0.00923867 0.224828
497 0.00829275 0.00450357 0.561148
498 0.00199742 0.00807407 0.269576
499 0.00722259 0.00416612 0.561655
500 0.00202458 0.00690245 0.321917
501 0.00610527 0.00385705 0.560191
502 0.00205418 0.00572419 0.382685
503 0.00499416 0.00356663 0.559224
504 0.00201281 0.00451739 0.453444
505 0.00392053 0.00322393 0.565489
506 0.00200801 0.00321816 0.540242
507 0.012173 0.0755685 0.492127
508 0.0114102 0.0761552 0.490798
509 0.0128944 0.0750352 0.498936
510 0.0105938 0.0767292 0.490722
511 0.0136595 0.074547 0.516006
512 0.00972505 0.0772833 0.491411
513 0.0140389 0.0737047 0.494884
514 0.00881314 0.0777946 0.491703
515 0.0145173 0.0729068 0.486715
516 0.00788865 0.0782486 0.491569
517 0.0151272 0.072257 0.500113
518 0.00693574 0.0786576 0.490771
519 0.015341 0.0713724 0.4773
520 0.00595187 0.0790294 0.489515
521 0.0156364 0.0704494 0.463
522 0.00495872 0.0794204 0.492217
523 0.0159439 0.069466 0.451075
524 0.00397358 0.0798588 0.501362
525 0.016219 0.0684343 0.438109
526 0.0164728 0.067365 0.424889
527 0.0167137 0.066277 0.412182
528 0.0169739 0.0651306 0.401071
529 0.0172291 0.0639433 0.389323
530 0.0175237 0.0627619 0.381731
531 0.0178657 0.0615791 0.37835
532 0.0182183 0.0603976 0.375254
533 0.0186125 0.0592249 0.375074
534 0.00300064 0.0792492 0.447157
535 0.0190506 0.0580685 0.377993
536 0.00302818 0.0780365 0.378847
537 0.0195048 0.0569227 0.380937
538 0.00303871 0.0768476 0.320148
539 0.0199896 0.0558018 0.385606
540 0.00301465 0.0756569 0.268879
541 0.020494 0.0546968 0.390765
542 0.00298794 0.0744847 0.225455
543 0.0210058 0.0536026 0.395105
544 0.00298812 0.0733299 0.188961
545 0.0215488 0.0525237 0.401226
546 0.0029883 0.0721751 0.157856
547 0.0220646 0.0514786 0.404935
548 0.00298848 0.0710203 0.131511
549 0.0226069 0.0504132 0.409088
550 0.00298866 0.0698655 0.109319
551 0.0231522 0.049387 0.414516
552 0.00298884 0.0687107 0.0907158
553 0.0236861 0.0483682 0.418956
554 0.00298902 0.0675559 0.0751885
555 0.0242015 0.0473565 0.422205
556 0.0029892 0.0664012 0.0622746
557 0.0247233 0.0463304 0.425923
558 0.00298938 0.0652464 0.0515657
559 0.0252251 0.0453316 0.429915
560 0.00298957 0.0640916 0.0427059
561 0.0256956 0.0443411 0.432736
562 0.00298975 0.0629368 0.0353885
563 0.0261452 0.043328 0.434469
564 0.00298993 0.061782 0.0293523
565 0.0265723 0.0423275 0.436674
566 0.00299011 0.0606272 0.0243767
567 0.0269751 0.0413234 0.438857
568 0.00299029 0.0594724 0.0202765
569 0.027348 0.0403157 0.440786
570 0.00299047 0.0583176 0.0168977
571 0.02769 0.0393078 0.442746
572 0.00299065 0.0571628 0.0141124
573 0.0279994 0.0382978 0.444698
574 0.00299083 0.056008 0.0118153
575 0.0282706 0.0372831 0.446243
576 0.00299101 0.0548532 0.00991959
577 0.0285015 0.0362647 0.447366
578 0.00299119 0.0536984 0.00835435
579 0.0286947 0.0352426 0.448417
580 0.00299137 0.0525436 0.00706154
581 0.0288483 0.0342164 0.449327
582 0.00299155 0.0513888 0.00599397
583 0.0289626 0.0331889 0.450214
584 0.00299173 0.050234 0.00511334
585 0.0290344 0.0321585 0.450815
586 0.00299191 0.0490792 0.00438878
587 0.0290575 0.0311243 0.450542
588 0.00299209 0.0479244 0.00379554
589 0.0290397 0.0300896 0.450206
590 0.00299227 0.0467696 0.00331399
591 0.0289908 0.029053 0.450774
592 0.00299245 0.0456149 0.00292885
593 0.0288958 0.0280138 0.450836
594 0.00299264 0.0444601 0.00262853
595 0.0287588 0.0269792 0.450744
596 0.00299282 0.0433053 0.0024047
597 0.0285901 0.0259483 0.451487
598 0.002993 0.0421505 0.00225195
599 0.0283802 0.0249235 0.452144
600 0.00299318 0.0409957 0.0021676
601 0.0281404 0.0239044 0.453786
602 0.00299336 0.0398409 0.00215165
603 0.0278634 0.0228954 0.455696
604 0.00299354 0.0386861 0.00220678
605 0.0275469 0.0219036 0.457485
606 0.00299372 0.0375313 0.00233856
607 0.0271944 0.0209268 0.459582
608 0.0029939 0.0363765 0.00255569
609 0.0268065 0.0199721 0.461842
610 0.00299408 0.0352217 0.0028705
611 0.0263864 0.0190377 0.464676
612 0.00299426 0.0340669 0.00329946
613 0.0259211 0.0181263 0.466918
614 0.00299444 0.0329121 0.00386401
615 0.0254115 0.0172436 0.468529
616 0.00299462 0.0317573 0.0045915
617 0.0248804 0.0163942 0.471099
618 0.0029948 0.0306025 0.00551644
619 0.0243489 0.0155614 0.476728
620 0.00299498 0.0294477 0.00668201
621 0.0237119 0.0147629 0.477227
622 0.00299516 0.0282929 0.00814187
623 0.0230354 0.0140583 0.474365
624 0.00299534 0.0271381 0.0099625
625 0.0223457 0.0133289 0.475826
626 0.00299552 0.0259833 0.0122258
627 0.0216055 0.0126233 0.47684
628 0.0029957 0.0248286 0.0150324
629 0.0208244 0.0119637 0.476564
630 0.00299589 0.0236738 0.0185052
631 0.0200138 0.0113428 0.475955
632 0.00299607 0.022519 0.022794
633 0.0191803 0.0107417 0.476217
634 0.00299625 0.0213642 0.02808
635 0.0183101 0.0101572 0.476857
636 0.00299643 0.0202094 0.0345813
637 0.0174032 0.00960104 0.477078
638 0.00299661 0.0190546 0.0425586
639 0.0164816 0.0090754 0.477516
640 0.00299679 0.0178998 0.0523206
641 0.0155546 0.00857915 0.478295
642 0.00299697 0.016745 0.0642294
643 0.014608 0.0081175 0.478191
644 0.00299715 0.0155902 0.0787044
645 0.0136167 0.00767353 0.477412
646 0.00299733 0.0144354 0.0962255
647 0.0126036 0.0072397 0.477216
648 0.00299751 0.0132806 0.117332
649 0.0115362 0.00679289 0.478308
650 0.00299769 0.0121258 0.142622
651 0.0105125 0.00639027 0.479277
652 0.00299787 0.010971 0.172739
653 0.00949678 0.00600105 0.481141
654 0.00299805 0.00981622 0.208382
655 0.00848597 0.00563237 0.483293
656 0.00299519 0.00864834 0.25075
657 0.00745688 0.00527226 0.485965
658 0.00297901 0.00748921 0.29977
659 0.00639307 0.00491605 0.489085
660 0.0031096 0.00629532 0.359259
661 0.00524432 0.00470343 0.482087
662 0.00315119 0.00513611 0.425239
663 0.00412368 0.00443329 0.482076
664 0.00298422 0.00392144 0.501646
665 0.00296899 0.00288286 0.576568
666 0.0112088 0.0750027 0.41882
667 0.0119575 0.0743835 0.419174
668 0.0104301 0.0755837 0.419313
669 0.00965219 0.0761498 0.422647
670 0.0133172 0.0728021 0.410887
671 0.00878668 0.0767001 0.425398
672 0.00789681 0.0771305 0.423916
673 0.00700479 0.0775563 0.425052
674 0.0140769 0.0717422 0.407731
675 0.00603999 0.0778946 0.421692
676 0.0144706 0.0706645 0.390031
677 0.00504215 0.0782286 0.420145
678 0.0148146 0.0696766 0.37651
679 0.00402385 0.0786932 0.429207
680 0.0151079 0.0686887 0.362995
681 0.0153719 0.0676672 0.349293
682 0.0156171 0.0665838 0.334916
683 0.0158554 0.065454 0.320826
684 0.0160994 0.0642961 0.308085
685 0.0163619 0.0630887 0.296587
686 0.0166926 0.0618841 0.29071
687 0.017044 0.0606739 0.286475
688 0.0174135 0.0594713 0.283404
689 0.0178537 0.0582849 0.28528
690 0.018312 0.0571101 0.287909
691 0.004079 0.0774897 0.363809
692 0.0187917 0.0559591 0.29155
693 0.00407608 0.0762681 0.305282
694 0.0193079 0.0548288 0.297167
695 0.0040081 0.0750585 0.254884
696 0.0198215 0.053712 0.301659
697 0.00398941 0.0738917 0.213678
698 0.0203557 0.0526151 0.306966
699 0.00398796 0.0727527 0.179409
700 0.0209052 0.0515562 0.313531
701 0.00398814 0.0715979 0.149866
702 0.0214291 0.0504843 0.316772
703 0.00398833 0.0704431 0.124898
704 0.0219933 0.0494292 0.322813
705 0.00398851 0.0692883 0.103896
706 0.0225357 0.0484146 0.328201
707 0.00398869 0.0681335 0.0863166
708 0.023062 0.0474131 0.332737
709 0.00398887 0.0669787 0.0716573
710 0.023573 0.0463911 0.335667
711 0.00398905 0.0658239 0.059471
712 0.0240693 0.045401 0.339135
713 0.00398923 0.0646691 0.0493654
714 0.0245492 0.0444095 0.342183
715 0.00398941 0.0635143 0.0410007
716 0.025005 0.0434238 0.344759
717 0.00398959 0.0623595 0.0340859
718 0.0254363 0.0424338 0.346801
719 0.00398977 0.0612047 0.0283741
720 0.0258416 0.0414523 0.348863
721 0.00398995 0.0600499 0.0236574
722 0.0262194 0.0404712 0.350801
723 0.00399013 0.0588951 0.0197622
724 0.0265675 0.0394907 0.352656
725 0.00399031 0.0577404 0.0165441
726 0.0268833 0.0385115 0.354433
727 0.00399049 0.0565856 0.0138835
728 0.0271639 0.0375311 0.355986
729 0.00399067 0.0554308 0.0116822
730 0.0274022 0.0365509 0.35692
731 0.00399085 0.054276 0.00985928
732 0.027607 0.0355667 0.357947
733 0.00399103 0.0531212 0.00834859
734 0.0277707 0.0345808 0.358592
735 0.00399121 0.0519664 0.00709618
736 0.0278973 0.0335937 0.359255
737 0.00399139 0.0508116 0.00605817
738 0.0279903 0.0326072 0.360282
739 0.00399158 0.0496568 0.00519902
740 0.0280379 0.0316145 0.360708
741 0.00399176 0.048502 0.0044901
742 0.0280378 0.0306211 0.360446
743 0.00399194 0.0473472 0.00390853
744 0.0280016 0.0296289 0.360444
745 0.00399212 0.0461924 0.00343627
746 0.0279403 0.0286271 0.361674
747 0.0039923 0.0450376 0.00305938
748 0.0278273 0.0276271 0.362011
749 0.00399248 0.0438828 0.00276747
750 0.0276754 0.0266325 0.362478
751 0.00399266 0.042728 0.00255331
752 0.0274949 0.0256375 0.363963
753 0.00399284 0.0415732 0.00241255
754 0.0272813 0.024649 0.366058
755 0.00399302 0.0404184 0.00234362
756 0.027032 0.0236707 0.368494
757 0.0039932 0.0392636 0.00234767
758 0.0267513 0.0227067 0.371513
759 0.00399338 0.0381088 0.0024287
760 0.0264309 0.0217567 0.374516
761 0.00399356 0.0369541 0.00259378
762 0.0260673 0.0208253 0.377162
763 0.00399374 0.0357993 0.00285346
764 0.0256766 0.0199231 0.380372
765 0.00399392 0.0346445 0.00322221
766 0.0252708 0.0190362 0.385255
767 0.0039941 0.0334897 0.00371919
768 0.024798 0.0181622 0.388366
769 0.00399428 0.0323349 0.00436909
770 0.024265 0.0173526 0.388718
771 0.00399446 0.0311801 0.00520329
772 0.0237611 0.0165434 0.394009
773 0.00399464 0.0300253 0.0062612
774 0.0233735 0.0156834 0.411515
775 0.00399483 0.0288705 0.00759208
776 0.0226019 0.0151417 0.395117
777 0.00399501 0.0277157 0.00925705
778 0.0219647 0.0144122 0.398591
779 0.00399519 0.0265609 0.0113317
780 0.0213097 0.0136988 0.403494
781 0.00399537 0.0254061 0.0139089
782 0.0205691 0.0130405 0.404228
783 0.00399555 0.0242513 0.0171029
784 0.0197967 0.0124681 0.402004
785 0.00399573 0.0230965 0.0210526
786 0.0190091 0.0118775 0.402778
787 0.00399591 0.0219417 0.0259273
788 0.0181907 0.0112895 0.404812
789 0.00399609 0.0207869 0.0319311
790 0.0173321 0.0107251 0.406461
791 0.00399627 0.0196321 0.0393088
792 0.0164426 0.0102032 0.406954
793 0.00399645 0.0184773 0.048352
794 0.0155439 0.00971877 0.407169
795 0.00399663 0.0173225 0.0594046
796 0.0146376 0.00925947 0.407545
797 0.00399681 0.0161677 0.0728676
798 0.0136825 0.00881368 0.407442
799 0.00399699 0.015013 0.0892027
800 0.0126913 0.00837463 0.407683
801 0.00399717 0.0138582 0.108934
802 0.0116834 0.00793962 0.408917
803 0.00399735 0.0127034 0.132647
804 0.010656 0.00753937 0.409206
805 0.00399753 0.0115486 0.160984
806 0.00963848 0.00715088 0.41045
807 0.00399975 0.0103677 0.195469
808 0.00864116 0.00676785 0.413208
809 0.00399474 0.0091966 0.235864
810 0.00764022 0.00640135 0.416243
811 0.00398179 0.00801738 0.283551
812 0.00664141 0.00599958 0.422821
813 0.00388797 0.00695318 0.332727
814 0.00564817 0.00559063 0.431497
815 0.00446048 0.00585134 0.397599
816 0.0110444 0.0738333 0.35656
817 0.0102225 0.0744414 0.355496
818 0.0094621 0.0750317 0.359244
819 0.00878578 0.0757087 0.372979
820 0.0126528 0.0718133 0.337643
821 0.00786755 0.0759925 0.362311
822 0.00702175 0.076458 0.365699
823 0.00625361 0.0769243 0.373332
824 0.0132712 0.0708229 0.330301
825 0.00521922 0.0769291 0.353057
826 0.0136957 0.0698445 0.318275
827 0.0139938 0.068901 0.303961
828 0.0142786 0.0679291 0.290816
829 0.0145228 0.0668994 0.276307
830 0.014751 0.0658125 0.261635
831 0.0149709 0.0646521 0.246739
832 0.0151794 0.0634362 0.231692
833 0.0154752 0.0622217 0.222713
834 0.0158539 0.0609888 0.218863
835 0.0161924 0.0597423 0.212932
836 0.0166186 0.0585329 0.212419
837 0.0171033 0.0573229 0.215205
838 0.0175768 0.0561269 0.217063
839 0.0180864 0.0549683 0.221045
840 0.00502654 0.0755991 0.289136
841 0.0186119 0.0538302 0.225662
842 0.00499839 0.0744109 0.242306
843 0.01915 0.0527154 0.230652
844 0.00497888 0.0732734 0.203951
845 0.0197169 0.0516207 0.236973
846 0.00496557 0.0721478 0.171553
847 0.0202576 0.0505573 0.241853
848 0.00496989 0.0710067 0.143773
849 0.0208104 0.0494999 0.246916
850 0.00498817 0.0698659 0.120358
851 0.0213656 0.0484696 0.252457
852 0.00498835 0.0687111 0.100304
853 0.0219026 0.0474617 0.257302
854 0.00498853 0.0675563 0.0835295
855 0.022429 0.0464579 0.26163
856 0.00498871 0.0664015 0.0695393
857 0.0229285 0.0454621 0.264823
858 0.00498889 0.0652467 0.057902
859 0.0234082 0.0444762 0.267583
860 0.00498907 0.0640919 0.0482413
861 0.0238653 0.0435 0.270003
862 0.00498925 0.0629371 0.0402323
863 0.0243003 0.0425294 0.272211
864 0.00498943 0.0617823 0.0335978
865 0.024709 0.0415624 0.274102
866 0.00498961 0.0606275 0.0281035
867 0.0250894 0.0406025 0.275844
868 0.00498979 0.0594727 0.0235528
869 0.0254413 0.0396474 0.277533
870 0.00498997 0.0583179 0.0197818
871 0.025762 0.0386958 0.279114
872 0.00499015 0.0571631 0.0166544
873 0.0260485 0.0377465 0.280492
874 0.00499033 0.0560083 0.014058
875 0.0263021 0.0368003 0.281863
876 0.00499052 0.0548535 0.0119
877 0.0265158 0.035853 0.282815
878 0.0049907 0.0536987 0.0101044
879 0.0266892 0.034903 0.283367
880 0.00499088 0.0525439 0.00860903
881 0.0268218 0.0339545 0.283588
882 0.00499106 0.0513891 0.00736312
883 0.026927 0.0330069 0.284435
884 0.00499124 0.0502343 0.00632547
885 0.0270128 0.0320656 0.286446
886 0.00499142 0.0490795 0.00546272
887 0.027034 0.0311084 0.286596
888 0.0049916 0.0479248 0.00474803
889 0.0269844 0.0301704 0.284614
890 0.00499178 0.04677 0.00415997
891 0.026966 0.0292096 0.287308
892 0.00499196 0.0456152 0.00368176
893 0.0268876 0.0282382 0.288723
894 0.00499214 0.0444604 0.00330052
895 0.026735 0.0272919 0.287815
896 0.00499232 0.0433056 0.00300686
897 0.0265874 0.0263234 0.290128
898 0.0049925 0.0421508 0.0027945
899 0.026402 0.0253596 0.292702
900 0.00499268 0.040996 0.00266009
901 0.0261781 0.0244113 0.295329
902 0.00499286 0.0398412 0.00260309
903 0.0259254 0.023478 0.29861
904 0.00499304 0.0386864 0.00262588
905 0.0256559 0.0225625 0.303194
906 0.00499322 0.0375316 0.00273386
907 0.0253269 0.02164 0.306957
908 0.0049934 0.0363768 0.00293583
909 0.0249207 0.0207699 0.307757
910 0.00499359 0.035222 0.0032444
911 0.0245588 0.0199094 0.313494
912 0.00499377 0.0340672 0.00367663
913 0.0242972 0.0190006 0.329115
914 0.00499395 0.0329124 0.00425481
915 0.0236321 0.0182844 0.318713
916 0.00499413 0.0317576 0.00500757
917 0.0230894 0.0174224 0.323257
918 0.00499431 0.0306028 0.0059711
919 0.0225003 0.0163928 0.335199
920 0.00499449 0.029448 0.00719081
921 0.00499467 0.0282932 0.00872325
922 0.0216014 0.0155331 0.331359
923 0.00499485 0.0271385 0.0106386
924 0.0209031 0.0147626 0.335643
925 0.00499503 0.0259837 0.0130233
926 0.0203849 0.0139873 0.350282
927 0.00499521 0.0248289 0.0159838
928 0.0195436 0.0135982 0.336258
929 0.00499539 0.0236741 0.0196502
930 0.0188028 0.0130094 0.337979
931 0.00499557 0.0225193 0.0241812
932 0.018027 0.0124233 0.340532
933 0.00499575 0.0213645 0.0297686
934 0.0172529 0.0118358 0.345267
935 0.00499593 0.0202097 0.0366438
936 0.0163842 0.0112994 0.346372
937 0.00499611 0.0190549 0.0450831
938 0.0155079 0.0108581 0.344413
939 0.00499629 0.0179001 0.0554137
940 0.0146306 0.0104023 0.344834
941 0.00499647 0.0167453 0.0680196
942 0.0137304 0.00995356 0.345793
943 0.00499665 0.0155905 0.0833458
944 0.012777 0.00951141 0.346622
945 0.00499684 0.0144357 0.101901
946 0.0117896 0.00908059 0.347541
947 0.00499702 0.0132809 0.124257
948 0.0107889 0.00867107 0.348496
949 0.0049972 0.0121261 0.151047
950 0.00977208 0.00829445 0.348715
951 0.00500341 0.0109324 0.184168
952 0.00876644 0.00794587 0.348905
953 0.00499398 0.00973572 0.223572
954 0.00778273 0.00757192 0.35201
955 0.00496727 0.00849211 0.271885
956 0.00677165 0.00712664 0.359876
957 0.00489032 0.00715555 0.33272
958 0.0119389 0.0730024 0.354727
959 0.00567497 0.00657832 0.373627
960 0.0100227 0.0733056 0.300626
961 0.00915583 0.0739259 0.301591
962 0.0131229 0.0586094 0.0884081
963 0.0130377 0.0622633 0.127791
964 0.0120575 0.0706971 0.274423
965 0.00703767 0.0753378 0.312812
966 0.00603715 0.0759053 0.319049
967 0.0126994 0.069966 0.276822
968 0.0128611 0.0690438 0.255912
969 0.0131803 0.0681622 0.245154
970 0.0134525 0.0671882 0.232263
971 0.0136463 0.0661581 0.21671
972 0.013861 0.06505 0.202416
973 0.0140546 0.0638761 0.187827
974 0.0141605 0.0625407 0.168481
975 0.0146455 0.0612867 0.167601
976 0.0150053 0.0600873 0.163189
977 0.0152505 0.0587561 0.152511
978 0.0158643 0.0575135 0.15885
979 0.0163475 0.0563089 0.160193
980 0.0168457 0.0551244 0.162303
981 0.0173907 0.0539599 0.166513
982 0.0179242 0.0528111 0.170022
983 0.00600159 0.0737476 0.232313
984 0.0184918 0.0517024 0.175314
985 0.00594701 0.0726703 0.197075
986 0.01907 0.0506199 0.181165
987 0.00592449 0.0715571 0.166275
988 0.0196271 0.0495589 0.185966
989 0.0059807 0.0704485 0.140772
990 0.0201926 0.0485101 0.191076
991 0.00598878 0.0693024 0.117989
992 0.0207458 0.0475012 0.196238
993 0.00598819 0.0681338 0.098436
994 0.0212785 0.0465054 0.200637
995 0.00598837 0.066979 0.0822747
996 0.0217926 0.0455143 0.204367
997 0.00598855 0.0658242 0.0687761
998 0.0222678 0.0445367 0.206765
999 0.00598873 0.0646694 0.057529
1000 0.0227293 0.0435649 0.20911
1001 0.00598891 0.0635146 0.0481721
1002 0.0231657 0.0426061 0.211149
1003 0.00598909 0.0623598 0.0403922
1004 0.0235754 0.0416547 0.212872
1005 0.00598928 0.061205 0.0339249
1006 0.0239579 0.0407115 0.214415
1007 0.00598946 0.0600503 0.0285479
1008 0.0243126 0.0397783 0.215921
1009 0.00598964 0.0588955 0.0240749
1010 0.024642 0.0388545 0.21762
1011 0.00598982 0.0577407 0.0203508
1012 0.024933 0.0379321 0.218835
1013 0.00599 0.0565859 0.0172461
1014 0.0251886 0.0370142 0.219811
1015 0.00599018 0.0554311 0.0146542
1016 0.0254331 0.0361064 0.221968
1017 0.00599036 0.0542763 0.0124872
1018 0.0256088 0.0351851 0.22214
1019 0.00599054 0.0531215 0.0106731
1020 0.0257448 0.0342786 0.222074
1021 0.00599072 0.0519667 0.00915285
1022 0.0258587 0.0333575 0.222619
1023 0.0059909 0.0508119 0.00787852
1024 0.0259406 0.0324544 0.223548
1025 0.00599108 0.0496571 0.00681098
1026 0.0261728 0.0315831 0.234887
1027 0.00599126 0.0485023 0.00591854
1028 0.0259271 0.0307041 0.221475
1029 0.00599144 0.0473475 0.00517571
1030 0.0259365 0.0297546 0.224311
1031 0.00599162 0.0461927 0.00456216
1032 0.0260896 0.0288079 0.237452
1033 0.0059918 0.0450379 0.00406204
1034 0.0257598 0.0279527 0.225583
1035 0.00599198 0.0438831 0.00366333
1036 0.0256503 0.0269909 0.228723
1037 0.00599216 0.0427283 0.00335745
1038 0.0255131 0.0260349 0.232802
1039 0.00599234 0.0415735 0.00313896
1040 0.0253047 0.0251123 0.234981
1041 0.00599253 0.0404187 0.0030054
1042 0.0250736 0.0242091 0.238064
1043 0.00599271 0.039264 0.00295733
1044 0.0248099 0.0233177 0.241593
1045 0.00599289 0.0381092 0.00299837
1046 0.0246969 0.022388 0.255672
1047 0.00599307 0.0369544 0.00313552
1048 0.0241716 0.0216208 0.247849
1049 0.00599325 0.0357996 0.0033795
1050 0.0237448 0.0206651 0.252072
1051 0.00599343 0.0346448 0.00374535
1052 0.0155448 0.0192953 0.0932736
1053 0.00599361 0.03349 0.00425315
1054 0.0166272 0.0295973 0.0279877
1055 0.00599379 0.0323352 0.004929
1056 0.0225401 0.0184997 0.262667
1057 0.00599397 0.0311804 0.00580617
1058 0.0219065 0.0175284 0.268896
1059 0.00599415 0.0300256 0.00692668
1060 0.0212018 0.0166351 0.273168
1061 0.00599433 0.0288708 0.0083431
1062 0.00599451 0.027716 0.0101208
1063 0.0204158 0.0157674 0.277027
1064 0.00599469 0.0265612 0.0123408
1065 0.0196438 0.0148278 0.28708
1066 0.00599487 0.0254064 0.0151027
1067 0.00599505 0.0242516 0.0185289
1068 0.0186434 0.0141592 0.283112
1069 0.00599523 0.0230968 0.0227688
1070 0.0178111 0.0135524 0.283911
1071 0.00599541 0.021942 0.0280036
1072 0.0170552 0.0129719 0.287712
1073 0.0059956 0.0207872 0.0344525
1074 0.0163887 0.0122876 0.300207
1075 0.00599578 0.0196324 0.0423781
1076 0.0154708 0.0120372 0.28825
1077 0.00599596 0.0184777 0.0520929
1078 0.0146132 0.0115567 0.289774
1079 0.00599614 0.0173229 0.0639647
1080 0.0137332 0.0111007 0.291014
1081 0.00599632 0.0161681 0.0784222
1082 0.0128158 0.0106541 0.2923
1083 0.0059965 0.0150133 0.0959586
1084 0.0118709 0.0102118 0.294105
1085 0.00599668 0.0138585 0.117133
1086 0.0108909 0.00979765 0.295208
1087 0.00599686 0.0127037 0.142566
1088 0.00991821 0.00940691 0.296654
1089 0.00600727 0.0115034 0.1743
1090 0.00890148 0.00911142 0.293953
1091 0.00600689 0.0102939 0.21247
1092 0.00791371 0.00880199 0.293304
1093 0.00597753 0.00906714 0.258188
1094 0.00691545 0.00834433 0.300779
1095 0.00591145 0.00781466 0.312847
1096 0.010832 0.0728035 0.306375
1097 0.0112598 0.0716935 0.279051
1098 0.00599209 0.0748643 0.273694
1099 0.00899496 0.0726748 0.250287
1100 0.00804839 0.0734225 0.256242
1101 0.0116689 0.0694549 0.223882
1102 0.0120183 0.0683027 0.205872
1103 0.012491 0.0674816 0.202673
1104 0.0125246 0.0665376 0.1832
1105 0.0127525 0.065458 0.169569
1106 0.0129647 0.0643573 0.156996
1107 0.0130944 0.0632776 0.143876
1108 0.0134945 0.061403 0.12923
1109 0.0138191 0.0603922 0.125838
1110 0.0140959 0.0593658 0.121448
1111 0.0146641 0.0575706 0.116869
1112 0.0151341 0.0564706 0.118297
1113 0.0156072 0.0552949 0.118875
1114 0.0161424 0.0541129 0.121317
1115 0.0166777 0.0529077 0.12352
1116 0.0172325 0.0517659 0.12675
1117 0.0178509 0.0506745 0.13293
1118 0.00676298 0.0720731 0.190876
1119 0.0184312 0.0495994 0.1377
1120 0.00697378 0.0710861 0.167185
1121 0.019002 0.0485452 0.142099
1122 0.0069983 0.0699224 0.140618
1123 0.0195587 0.0475338 0.146605
1124 0.00697714 0.0687361 0.117376
1125 0.0201072 0.0465437 0.151152
1126 0.00698378 0.0675649 0.0984255
1127 0.0206401 0.045559 0.155229
1128 0.00698822 0.0664018 0.0825935
1129 0.0211257 0.0445888 0.157893
1130 0.0069884 0.065247 0.0694093
1131 0.0215918 0.0436228 0.160149
1132 0.00698858 0.0640922 0.0584138
1133 0.0220294 0.0426709 0.161971
1134 0.00698876 0.0629374 0.0492267
1135 0.0224408 0.0417306 0.16353
1136 0.00698894 0.0617826 0.0415469
1137 0.0228235 0.0408017 0.164844
1138 0.00698912 0.0606278 0.0351319
1139 0.0231821 0.039884 0.166208
1140 0.0069893 0.059473 0.0297697
1141 0.0235148 0.0389786 0.167672
1142 0.00698948 0.0583182 0.0252842
1143 0.0238395 0.0380956 0.170142
1144 0.00698966 0.0571634 0.0215268
1145 0.0240779 0.0371883 0.16999
1146 0.00698984 0.0560086 0.0183733
1147 0.0243088 0.0363062 0.170974
1148 0.00699002 0.0548538 0.015722
1149 0.0246979 0.0354791 0.180803
1150 0.0069902 0.053699 0.0134892
1151 0.0246577 0.0345842 0.17247
1152 0.00699038 0.0525442 0.0116062
1153 0.0247943 0.033692 0.173435
1154 0.00699056 0.0513895 0.0100169
1155 0.0249139 0.0327136 0.174989
1156 0.00699074 0.0502347 0.00867546
1157 0.0141395 0.0584051 0.111477
1158 0.00699092 0.0490799 0.00754442
1159 0.017082 0.0329715 0.0262436
1160 0.0069911 0.0479251 0.00659326
1161 0.0249222 0.0302742 0.174844
1162 0.00699129 0.0467703 0.00579732
1163 0.0167335 0.0193353 0.106005
1164 0.00699147 0.0456155 0.00513704
1165 0.008985 0.0121478 0.181482
1166 0.00699165 0.0444607 0.00459724
1167 0.0247084 0.0277072 0.178917
1168 0.00699183 0.0433059 0.00416653
1169 0.0245837 0.0266622 0.183198
1170 0.00699201 0.0421511 0.00383695
1171 0.0245896 0.0257391 0.19397
1172 0.00699219 0.0409963 0.00360378
1173 0.0241702 0.0248791 0.187839
1174 0.00699237 0.0398415 0.00346543
1175 0.0238997 0.0239174 0.191467
1176 0.00699255 0.0386867 0.00342353
1177 0.0236159 0.0227729 0.200047
1178 0.00699273 0.0375319 0.00348307
1179 0.00699291 0.0363771 0.00365282
1180 0.0230348 0.0216242 0.201339
1181 0.00699309 0.0352223 0.00394574
1182 0.0225395 0.0205672 0.20696
1183 0.00699327 0.0340675 0.00437972
1184 0.00699345 0.0329127 0.00497842
1185 0.021988 0.0195642 0.212364
1186 0.00699363 0.0317579 0.00577243
1187 0.0213456 0.0186082 0.216645
1188 0.00699381 0.0306031 0.00680065
1189 0.0207024 0.0177294 0.221471
1190 0.00699399 0.0294484 0.00811208
1191 0.0200086 0.0168859 0.226321
1192 0.00699417 0.0282936 0.00976787
1193 0.00699435 0.0271388 0.011844
1194 0.0192679 0.0160547 0.231978
1195 0.00699454 0.025984 0.0144343
1196 0.0184476 0.0153126 0.234966
1197 0.00699472 0.0248292 0.0176542
1198 0.0069949 0.0236744 0.0216449
1199 0.0175803 0.0146649 0.235857
1200 0.00699508 0.0225196 0.0265783
1201 0.0167222 0.0140167 0.2389
1202 0.00699526 0.0213648 0.0326626
1203 0.0157898 0.0132439 0.246599
1204 0.00699544 0.02021 0.040148
1205 0.00699562 0.0190552 0.0493332
1206 0.0146764 0.0127468 0.242858
1207 0.0069958 0.0179004 0.0605713
1208 0.0137399 0.0122613 0.243501
1209 0.00699598 0.0167456 0.0742753
1210 0.0128321 0.0118014 0.244952
1211 0.00699616 0.0155908 0.0909223
1212 0.0119041 0.0113508 0.246809
1213 0.00699634 0.014436 0.111057
1214 0.0109668 0.010915 0.249051
1215 0.00699652 0.0132812 0.135298
1216 0.00998892 0.0105203 0.250084
1217 0.00699759 0.0120878 0.165355
1218 0.00910802 0.0101108 0.254405
1219 0.00702634 0.0108541 0.202833
1220 0.00811452 0.0101289 0.240166
1221 0.00700483 0.00960005 0.248039
1222 0.0100096 0.0721403 0.257325
1223 0.00705587 0.0741953 0.265828
1224 0.0110833 0.070461 0.234712
1225 0.00786939 0.0720538 0.207299
1226 0.0108974 0.0684048 0.176323
1227 0.0114202 0.0671759 0.163569
1228 0.0116354 0.0659195 0.145914
1229 0.0118581 0.0647849 0.132918
1230 0.0120119 0.0636821 0.120528
1231 0.0126299 0.0605676 0.0971039
1232 0.0129637 0.0596011 0.0946531
1233 0.0139583 0.0566545 0.0888398
1234 0.0143393 0.0554874 0.086769
1235 0.0195237 0.0310311 0.0476805
1236 0.015501 0.0530732 0.0916695
1237 0.015868 0.0517718 0.0877747
1238 0.0166385 0.050695 0.0965112
1239 0.0172469 0.0496325 0.101266
1240 0.0177576 0.0485845 0.103204
1241 0.00803704 0.070617 0.17095
1242 0.0183493 0.0475535 0.107611
1243 0.00797782 0.0693477 0.141261
1244 0.0189373 0.0465596 0.112444
1245 0.00792991 0.0681601 0.118264
1246 0.0194859 0.0455872 0.116467
1247 0.00803068 0.067003 0.100947
1248 0.0199864 0.0446271 0.119325
1249 0.0080309 0.0658356 0.0851505
1250 0.0204549 0.0436721 0.121457
1251 0.007979 0.0646541 0.0713926
1252 0.0208941 0.0427282 0.12312
1253 0.00798484 0.0634985 0.0605529
1254 0.021305 0.0417963 0.124451
1255 0.00800095 0.0623505 0.0515678
1256 0.0216895 0.0408755 0.125597
1257 0.00798878 0.0612054 0.0438333
1258 0.0220489 0.0399661 0.126686
1259 0.00798896 0.0600506 0.0373413
1260 0.0223909 0.0390746 0.128116
1261 0.00798914 0.0588958 0.0318822
1262 0.0226965 0.038186 0.129243
1263 0.00798932 0.057741 0.0272905
1264 0.0231713 0.037385 0.13794
1265 0.0079895 0.0565862 0.0234106
1266 0.0232147 0.0364477 0.131538
1267 0.00798968 0.0554314 0.0201262
1268 0.0249596 0.0288796 0.181466
1269 0.00798986 0.0542766 0.0173424
1270 0.0147109 0.0398448 0.0190677
1271 0.00799004 0.0531218 0.0149783
1272 0.023698 0.0340674 0.133634
1273 0.00799023 0.051967 0.0129669
1274 0.024001 0.0331632 0.141111
1275 0.00799041 0.0508122 0.011257
1276 0.0238568 0.0322094 0.134147
1277 0.00799059 0.0496574 0.00980351
1278 0.0122798 0.0615327 0.0998729
1279 0.00799077 0.0485026 0.00857014
1280 0.0128646 0.0738639 0.436785
1281 0.00799095 0.0473478 0.00752641
1282 0.0238749 0.0297415 0.137345
1283 0.00799113 0.046193 0.00664811
1284 0.0101467 0.0708568 0.220024
1285 0.00799131 0.0450382 0.00591628
1286 0.00220093 0.0823178 0.648276
1287 0.00799149 0.0438834 0.00531615
1288 0.0235963 0.027237 0.142205
1289 0.00799167 0.0427286 0.00483669
1290 0.0148487 0.054293 0.0875113
1291 0.00799185 0.0415739 0.00447033
1292 0.0238826 0.0310284 0.134885
1293 0.00799203 0.0404191 0.00421292
1294 0.0230601 0.024775 0.150374
1295 0.00799221 0.0392643 0.00406369
1296 0.0227284 0.023684 0.154946
1297 0.00799239 0.0381095 0.00402537
1298 0.0223211 0.0225939 0.159786
1299 0.00799257 0.0369547 0.00410448
1300 0.00799275 0.0357999 0.00431175
1301 0.021849 0.0215529 0.164606
1302 0.00799293 0.0346451 0.00466276
1303 0.0213436 0.0205591 0.170026
1304 0.00799311 0.0334903 0.00517874
1305 0.00799329 0.0323355 0.00588763
1306 0.0207718 0.019634 0.174556
1307 0.00799348 0.0311807 0.0068254
1308 0.020173 0.0187861 0.17884
1309 0.00799366 0.0300259 0.00803769
1310 0.0195466 0.0179651 0.183795
1311 0.00799384 0.0288711 0.00958181
1312 0.0188809 0.0171702 0.189103
1313 0.00799402 0.0277163 0.0115293
1314 0.0079942 0.0265615 0.0139686
1315 0.0181456 0.0164387 0.192925
1316 0.00799438 0.0254067 0.017009
1317 0.0173464 0.0157781 0.195068
1318 0.00799456 0.0242519 0.0207844
1319 0.00799474 0.0230971 0.0254583
1320 0.0165089 0.0151661 0.196645
1321 0.00799492 0.0219423 0.0312287
1322 0.0156314 0.0145267 0.199793
1323 0.0079951 0.0207876 0.0383349
1324 0.0146994 0.0139387 0.20194
1325 0.00799528 0.0196328 0.0470627
1326 0.00799546 0.018478 0.0577521
1327 0.0137471 0.0134354 0.202529
1328 0.00799564 0.0173232 0.0708006
1329 0.0128252 0.0129534 0.203985
1330 0.00799582 0.0161684 0.086669
1331 0.0119288 0.0124936 0.206091
1332 0.007996 0.0150136 0.105886
1333 0.0109784 0.012029 0.208603
1334 0.00801335 0.0138529 0.129294
1335 0.0100233 0.0115725 0.211761
1336 0.0080049 0.0126916 0.157213
1337 0.00889225 0.0111179 0.213744
1338 0.0070098 0.0730308 0.223686
1339 0.0235794 0.0352514 0.135381
1340 0.00907771 0.071302 0.208459
1341 0.0104133 0.0695972 0.19262
1342 0.00819771 0.0747321 0.311499
1343 0.0134582 0.0576697 0.0868373
1344 0.0101006 0.0674256 0.13883
1345 0.0104943 0.0663114 0.127254
1346 0.0108 0.0651935 0.116028
1347 0.0109567 0.064093 0.103978
1348 0.0119812 0.0598302 0.0777298
1349 0.013153 0.0557927 0.0659886
1350 0.0142229 0.0532658 0.0666051
1351 0.0148027 0.052301 0.0703437
1352 0.0154335 0.050439 0.0676768
1353 0.0161805 0.0496816 0.0765754
1354 0.016482 0.0486417 0.0739078
1355 0.0170686 0.0475618 0.0766974
1356 0.00917106 0.0698704 0.172271
1357 0.0177366 0.0465563 0.0821301
1358 0.00876313 0.0687076 0.140229
1359 0.0183269 0.0455903 0.0863437
1360 0.00898025 0.0676873 0.124393
1361 0.0188416 0.044645 0.0891522
1362 0.00919981 0.0664344 0.107298
1363 0.0193172 0.0437063 0.0912434
1364 0.00894627 0.0651908 0.0875523
1365 0.0197593 0.0427758 0.0928202
1366 0.00896323 0.0640407 0.0748998
1367 0.020171 0.0418552 0.0940385
1368 0.00900552 0.0629144 0.0646331
1369 0.0205545 0.040943 0.0950061
1370 0.00903971 0.0617763 0.0557441
1371 0.0209153 0.0400354 0.0958963
1372 0.00904745 0.0606344 0.0479415
1373 0.0212638 0.0391241 0.0969834
1374 0.00902574 0.0594812 0.041049
1375 0.0216248 0.0381768 0.0987463
1376 0.00898898 0.0583185 0.0350787
1377 0.0237685 0.02846 0.139558
1378 0.00900391 0.0571493 0.0302843
1379 0.0221202 0.0370603 0.103431
1380 0.00901201 0.0559853 0.0261827
1381 0.0223174 0.0357305 0.100951
1382 0.00900492 0.0548356 0.0226489
1383 0.0225497 0.0344618 0.101502
1384 0.00900582 0.0536826 0.0196524
1385 0.00900673 0.0525351 0.017096
1386 0.0228589 0.0331147 0.105703
1387 0.00899007 0.0513898 0.0148435
1388 0.00899025 0.050235 0.0129474
1389 0.00899043 0.0490802 0.0113307
1390 0.0227815 0.0304687 0.104075
1391 0.00899061 0.0479254 0.0099494
1392 0.00899079 0.0467706 0.00877117
1393 0.0227418 0.0292062 0.106768
1394 0.00899097 0.0456158 0.00777507
1395 0.00899115 0.044461 0.00694192
1396 0.00899133 0.0433062 0.0062571
1397 0.0224711 0.026765 0.114178
1398 0.00899151 0.0421514 0.00570919
1399 0.00899169 0.0409966 0.00529075
1400 0.022207 0.0255794 0.117996
1401 0.00899187 0.0398418 0.00499814
1402 0.0218779 0.024531 0.121138
1403 0.00899205 0.038687 0.00483138
1404 0.0215211 0.02349 0.125516
1405 0.00899224 0.0375322 0.00479431
1406 0.021113 0.0224685 0.130493
1407 0.00899242 0.0363774 0.00489506
1408 0.0089926 0.0352226 0.00514665
1409 0.0206952 0.0214928 0.136595
1410 0.00899278 0.0340678 0.00556769
1411 0.0201774 0.020586 0.141071
1412 0.00899296 0.0329131 0.00618341
1413 0.00899314 0.0317583 0.00702685
1414 0.0196092 0.0197945 0.144084
1415 0.00899332 0.0306035 0.00814039
1416 0.0190368 0.0190062 0.148506
1417 0.0089935 0.0294487 0.00957773
1418 0.018457 0.0182446 0.15373
1419 0.00899368 0.0282939 0.0114062
1420 0.0178298 0.0175182 0.158716
1421 0.00899386 0.0271391 0.0137095
1422 0.00899404 0.0259843 0.0165912
1423 0.0171032 0.0168562 0.161546
1424 0.00899422 0.0248295 0.0201788
1425 0.0163132 0.0163049 0.161834
1426 0.0089944 0.0236747 0.0246279
1427 0.00899458 0.0225199 0.0301276
1428 0.015475 0.0157319 0.163078
1429 0.00899476 0.0213651 0.0369065
1430 0.0145971 0.0151448 0.165344
1431 0.00899494 0.0202103 0.0452383
1432 0.0137095 0.0145937 0.167696
1433 0.00899512 0.0190555 0.055449
1434 0.0089953 0.0179007 0.0679319
1435 0.0128001 0.0141057 0.169019
1436 0.00899549 0.0167459 0.0831227
1437 0.011911 0.0136463 0.170707
1438 0.00899567 0.0155911 0.101528
1439 0.0109789 0.0131662 0.173309
1440 0.00899708 0.0144179 0.124124
1441 0.0100095 0.0126691 0.176888
1442 0.00900277 0.0132669 0.150819
1443 0.0234799 0.0259975 0.149487
1444 0.0110704 0.0629904 0.0927631
1445 0.0120483 0.0588746 0.0707315
1446 0.0129486 0.0568369 0.0703281
1447 0.0134207 0.0544552 0.0610057
1448 0.0146405 0.0513077 0.0601335
1449 0.0227835 0.0317778 0.102759
1450 0.0226364 0.0279802 0.110065
1451 0.00989377 0.0645401 0.0922314
1452 0.0137364 0.0520965 0.0515979
1453 0.0151547 0.0490646 0.0539761
1454 0.0156273 0.0475638 0.0519483
1455 0.0165005 0.0465045 0.0588103
1456 0.0171626 0.0455529 0.0632935
1457 0.0177091 0.0446282 0.0661975
1458 0.0181768 0.0437177 0.0679207
1459 0.00985134 0.0655268 0.104492
1460 0.0186208 0.0428098 0.0694009
1461 0.0190373 0.0419053 0.0706018
1462 0.0099977 0.0634744 0.0815993
1463 0.019424 0.0410037 0.071518
1464 0.0100636 0.062358 0.0714828
1465 0.0197791 0.0401084 0.072192
1466 0.0101324 0.0612113 0.0625881
1467 0.0201196 0.0392104 0.0729449
1468 0.0101029 0.060073 0.0539221
1469 0.0204648 0.0383019 0.0741662
1470 0.0100382 0.0588843 0.0460203
1471 0.0208316 0.0373014 0.0758702
1472 0.0100378 0.0577052 0.0398242
1473 0.0211341 0.036166 0.0765533
1474 0.0100389 0.0565289 0.0345256
1475 0.0100372 0.055368 0.0300133
1476 0.0213457 0.0349765 0.0763805
1477 0.0100181 0.0542364 0.0260958
1478 0.0215355 0.0336926 0.0769359
1479 0.010026 0.0530853 0.0228139
1480 0.0100418 0.0519452 0.0200265
1481 0.0100305 0.0508047 0.0174843
1482 0.00999009 0.0496577 0.0151919
1483 0.00999334 0.0484928 0.0133447
1484 0.0216584 0.0298717 0.0809678
1485 0.0100028 0.0473423 0.0117894
1486 0.00999063 0.0461933 0.0103961
1487 0.00999081 0.0450385 0.00923651
1488 0.00999099 0.0438838 0.0082681
1489 0.00999118 0.042729 0.00746998
1490 0.0213155 0.0263265 0.0923434
1491 0.00999136 0.0415742 0.00682976
1492 0.00999154 0.0404194 0.00634102
1493 0.0210298 0.0253363 0.0950583
1494 0.00999172 0.0392646 0.00600066
1495 0.0206995 0.0243409 0.0985308
1496 0.0099919 0.0381098 0.00580925
1497 0.0203364 0.0233366 0.103112
1498 0.00999208 0.036955 0.00577152
1499 0.0199267 0.0223398 0.108464
1500 0.00999226 0.0358002 0.00589738
1501 0.00999244 0.0346454 0.00620251
1502 0.0196807 0.0214286 0.117277
1503 0.00999262 0.0334906 0.00670918
1504 0.0190235 0.020804 0.115367
1505 0.0099928 0.0323358 0.00744735
1506 0.00999298 0.031181 0.00845612
1507 0.018465 0.0200172 0.119128
1508 0.00999316 0.0300262 0.00978559
1509 0.0179185 0.0192438 0.124152
1510 0.00999334 0.0288714 0.011499
1511 0.0173482 0.0184882 0.129699
1512 0.00999352 0.0277166 0.0136757
1513 0.0169182 0.017779 0.137665
1514 0.0099937 0.0265618 0.016414
1515 0.00999388 0.025407 0.0198354
1516 0.0161324 0.017421 0.133495
1517 0.00999406 0.0242522 0.0240885
1518 0.0153463 0.0169252 0.133267
1519 0.00999425 0.0230975 0.0293546
1520 0.00999443 0.0219427 0.0358527
1521 0.0144912 0.0163529 0.134818
1522 0.00999461 0.0207879 0.0438455
1523 0.013652 0.0157551 0.138226
1524 0.00999479 0.0196331 0.0536434
1525 0.0127606 0.0152384 0.139944
1526 0.0100221 0.018467 0.0658742
1527 0.0100186 0.0173087 0.0805642
1528 0.0118632 0.0148035 0.140521
1529 0.00999283 0.0161387 0.0984242
1530 0.0109534 0.014321 0.14285
1531 0.00997866 0.0149651 0.120158
1532 0.00999884 0.0138077 0.146275
1533 0.0111646 0.061859 0.0824026
1534 0.0110313 0.0594627 0.0605534
1535 0.0120378 0.05637 0.0534047
1536 0.0121848 0.0551479 0.0482963
1537 0.0130557 0.0531437 0.0483801
1538 0.0142582 0.0501102 0.0477564
1539 0.0216314 0.0324208 0.077464
1540 0.0216844 0.0311235 0.0790496
1541 0.0215988 0.0286565 0.0840603
1542 0.0215322 0.0274854 0.0887594
1543 0.0133633 0.0510155 0.0414917
1544 0.0142647 0.0478953 0.037452
1545 0.0153487 0.0462341 0.0417535
1546 0.0160221 0.0454361 0.0460108
1547 0.0166059 0.0445668 0.0491054
1548 0.0170382 0.0436947 0.0501883
1549 0.0174754 0.042819 0.0514363
1550 0.0179029 0.0419391 0.0526916
1551 0.0182959 0.0410588 0.0536428
1552 0.0186508 0.0401739 0.0542421
1553 0.0189796 0.0392935 0.054755
1554 0.0193032 0.0384114 0.055505
1555 0.019651 0.0375207 0.0569471
1556 0.0110692 0.0582722 0.0530612
1557 0.0199495 0.0365037 0.0577438
1558 0.0110801 0.0570759 0.0462123
1559 0.020148 0.0354144 0.0575135
1560 0.0110758 0.0558671 0.0401786
1561 0.0110887 0.0547166 0.0352726
1562 0.0203539 0.0342471 0.0581522
1563 0.0110246 0.0536294 0.0306136
1564 0.0110899 0.0524769 0.0272787
1565 0.0111263 0.0513594 0.0241869
1566 0.0110296 0.0502133 0.0207486
1567 0.0109803 0.0490521 0.0180315
1568 0.0110086 0.0479018 0.0160102
1569 0.0110385 0.0467651 0.0142578
1570 0.0110228 0.0456199 0.0125805
1571 0.0109907 0.0444613 0.011111
1572 0.0109908 0.0433065 0.00996666
1573 0.010995 0.0421503 0.00902669
1574 0.0201761 0.026134 0.0746285
1575 0.0109912 0.0409969 0.00825554
1576 0.0109914 0.0398421 0.00767466
1577 0.019868 0.0251849 0.0772655
1578 0.0109916 0.0386873 0.00727381
1579 0.0195482 0.0241803 0.081508
1580 0.0109917 0.0375325 0.00705054
1581 0.0191514 0.0231433 0.0864026
1582 0.0109919 0.0363777 0.00701077
1583 0.0186755 0.0220038 0.0929837
1584 0.0109921 0.035223 0.00716693
1585 0.0109923 0.0340682 0.00753809
1586 0.0109925 0.0329134 0.00815083
1587 0.0179092 0.0210504 0.0952947
1588 0.0109926 0.0317586 0.00904067
1589 0.0109928 0.0306038 0.0102539
1590 0.0172885 0.0201797 0.0997911
1591 0.010993 0.029449 0.0118498
1592 0.0109932 0.0282942 0.0139032
1593 0.0162491 0.0185014 0.114205
1594 0.0109934 0.0271394 0.0165075
1595 0.0109935 0.0259846 0.0197783
1596 0.0109937 0.0248298 0.0238581
1597 0.0144195 0.0175982 0.10936
1598 0.0109939 0.023675 0.0289214
1599 0.0109941 0.0225202 0.0351792
1600 0.0109943 0.0213654 0.0428853
1601 0.0134911 0.0169385 0.112123
1602 0.0109889 0.0202157 0.052269
1603 0.0127869 0.0162354 0.118979
1604 0.0110267 0.0190488 0.0641048
1605 0.0118583 0.0160142 0.114647
1606 0.011083 0.0178706 0.0788597
1607 0.0110222 0.0167032 0.095973
1608 0.0109394 0.0154984 0.117061
1609 0.0113276 0.060653 0.0737174
1610 0.0121975 0.057669 0.0638403
1611 0.0121628 0.0540161 0.0422678
1612 0.0123475 0.0519671 0.0351808
1613 0.0138069 0.0489802 0.0373232
1614 0.0203394 0.0329419 0.0565157
1615 0.0205893 0.030485 0.0619141
1616 0.0205346 0.0292803 0.0641395
1617 0.0205738 0.0270579 0.0748198
1618 0.0130611 0.049918 0.033914
1619 0.0205941 0.0316749 0.0604677
1620 0.0204779 0.0280715 0.0679746
1621 0.0149028 0.0451077 0.0328766
1622 0.0156303 0.0445171 0.0376674
1623 0.0158984 0.0436443 0.0368572
1624 0.0163071 0.0427996 0.0376767
1625 0.0167556 0.0419533 0.0390079
1626 0.0171837 0.041098 0.0402594
1627 0.0175381 0.0402274 0.0408116
1628 0.0178568 0.0393612 0.0411716
1629 0.0181605 0.0384899 0.0415901
1630 0.0184657 0.0376212 0.0423218
1631 0.0189271 0.0368074 0.0453617
1632 0.0189462 0.0358466 0.0433033
1633 0.0191697 0.0347103 0.0438808
1634 0.0121449 0.0507005 0.0290529
1635 0.0119398 0.0495783 0.0243371
1636 0.0119636 0.048449 0.0216629
1637 0.0120938 0.0473385 0.019846
1638 0.0121089 0.0461997 0.0175884
1639 0.0120052 0.0450284 0.0151694
1640 0.0119663 0.043859 0.0133858
1641 0.0119927 0.0427103 0.012109
1642 0.0120167 0.0415917 0.0110584
1643 0.0190393 0.0260848 0.0603497
1644 0.0120042 0.0404465 0.0101031
1645 0.0119849 0.0392784 0.00935764
1646 0.0187416 0.025039 0.0641544
1647 0.0119914 0.0381101 0.00888949
1648 0.0184548 0.0240415 0.0689672
1649 0.0119916 0.0369553 0.00862499
1650 0.0179853 0.0230133 0.0732655
1651 0.0119918 0.0358005 0.00858148
1652 0.0173769 0.0220773 0.0764318
1653 0.0119919 0.0346457 0.00877555
1654 0.0119921 0.0334909 0.00923016
1655 0.0119923 0.0323361 0.0099761
1656 0.0166566 0.0211535 0.0795794
1657 0.0119925 0.0311813 0.0110554
1658 0.0119927 0.0300265 0.012523
1659 0.0119928 0.0288717 0.0144494
1660 0.011993 0.0277169 0.0169226
1661 0.0119932 0.0265621 0.0200527
1662 0.0119934 0.0254074 0.0239756
1663 0.0119936 0.0242526 0.0288588
1664 0.0134064 0.0182384 0.0896106
1665 0.0119938 0.0230978 0.0349071
1666 0.0119939 0.021943 0.0423698
1667 0.0119811 0.0208016 0.0513645
1668 0.0122301 0.0172293 0.0960936
1669 0.0119633 0.019664 0.0622722
1670 0.0121108 0.0184944 0.0768768
1671 0.0119442 0.0530404 0.0359421
1672 0.0141784 0.0459022 0.0294375
1673 0.013064 0.0479655 0.0273803
1674 0.0194389 0.0337004 0.0459708
1675 0.0194196 0.0272488 0.0580516
1676 0.0160457 0.0202305 0.0851308
1677 0.0145567 0.0188228 0.0908078
1678 0.0127705 0.0489768 0.0283905
1679 0.0196262 0.0320204 0.04799
1680 0.0194676 0.029932 0.0490448
1681 0.0194125 0.0286585 0.0521171
1682 0.0147275 0.0438666 0.0275449
1683 0.015115 0.042784 0.0274007
1684 0.0155584 0.0419181 0.0283233
1685 0.0160809 0.0411229 0.0302236
1686 0.0164758 0.0402738 0.0311071
1687 0.0167449 0.0394095 0.0310224
1688 0.0170591 0.0385602 0.0315134
1689 0.01736 0.0376116 0.0319051
1690 0.0177564 0.0365058 0.0330123
1691 0.0179343 0.035158 0.0327189
1692 0.0130767 0.0455442 0.021171
1693 0.0129169 0.0443839 0.0180109
1694 0.0129364 0.0432542 0.0162096
1695 0.0130558 0.0421829 0.0151203
1696 0.0130587 0.0410714 0.0137229
1697 0.0178752 0.0258875 0.0501614
1698 0.0129654 0.0398866 0.0122877
1699 0.0129685 0.0386972 0.0114499
1700 0.017576 0.0248281 0.0542597
1701 0.0130257 0.0375252 0.011014
1702 0.0174223 0.0238864 0.0599438
1703 0.0130502 0.0363668 0.0107489
1704 0.0168128 0.0231213 0.0609249
1705 0.0130416 0.0352132 0.0106797
1706 0.0161573 0.022149 0.0643341
1707 0.013014 0.0340615 0.0108657
1708 0.012992 0.0329137 0.01138
1709 0.0129921 0.0317589 0.0122953
1710 0.0129923 0.0306041 0.0136126
1711 0.0129925 0.0294493 0.0153984
1712 0.0129927 0.0282945 0.0177371
1713 0.0129929 0.0271397 0.0207316
1714 0.0129931 0.0259849 0.0245079
1715 0.0129932 0.0248301 0.0292302
1716 0.0129972 0.0236669 0.0351546
1717 0.012851 0.0192137 0.0726156
1718 0.0130142 0.0225124 0.0424748
1719 0.0130006 0.0213678 0.0512663
1720 0.0129471 0.0202348 0.0616461
1721 0.0190737 0.0327997 0.0417532
1722 0.0139299 0.0447781 0.0245171
1723 0.0182471 0.0337747 0.0343072
1724 0.0181119 0.026999 0.0463881
1725 0.0152816 0.0212462 0.0663712
1726 0.0182985 0.028158 0.0431748
1727 0.0184002 0.0293943 0.0402123
1728 0.0140172 0.0427936 0.0205097
1729 0.0142506 0.0417555 0.0197119
1730 0.0149517 0.0410178 0.0223094
1731 0.0155756 0.0403563 0.0248636
1732 0.0157078 0.0395271 0.0240023
1733 0.0158937 0.0386146 0.0235197
1734 0.0163561 0.0378361 0.0251681
1735 0.0163538 0.036855 0.0237608
1736 0.0165172 0.0355598 0.0234362
1737 0.0139563 0.0405006 0.0165025
1738 0.0167903 0.025608 0.0434435
1739 0.0138598 0.0393123 0.014784
1740 0.0140177 0.0381132 0.0142989
1741 0.0163178 0.0243957 0.0474118
1742 0.0141179 0.0369339 0.013898
1743 0.0141218 0.0357701 0.0135106
1744 0.015838 0.0231458 0.0533232
1745 0.0140703 0.0346176 0.0133166
1746 0.0140329 0.0334639 0.0135404
1747 0.0140163 0.0323244 0.0141955
1748 0.0139886 0.0311776 0.0152488
1749 0.0139769 0.0300153 0.0168501
1750 0.0139897 0.0288508 0.0190981
1751 0.0139921 0.0276949 0.0219781
1752 0.0139651 0.0265342 0.0255667
1753 0.0139668 0.0253749 0.0301763
1754 0.0139814 0.0242241 0.0359487
1755 0.0140167 0.023093 0.0430465
1756 0.0138164 0.019491 0.0756579
1757 0.0140628 0.0219024 0.0522615
1758 0.0139936 0.0207885 0.0622553
1759 0.0148402 0.0200689 0.0763657
1760 0.0184109 0.0306581 0.037631
1761 0.0186048 0.031733 0.0379115
1762 0.0170736 0.0343101 0.0262073
1763 0.0169621 0.0267153 0.0391224
1764 0.0149694 0.0225074 0.0526534
1765 0.0180794 0.0325484 0.0331955
1766 0.0172868 0.0288732 0.0335148
1767 0.0152353 0.037573 0.0186785
1768 0.0152697 0.0363026 0.0178494
1769 0.0157881 0.02544 0.0382812
1770 0.014866 0.0387989 0.0183785
1771 0.0149776 0.0247377 0.0376742
1772 0.0151809 0.0351512 0.017013
1773 0.0150468 0.033997 0.016539
1774 0.0150711 0.0328751 0.0170438
1775 0.0150204 0.0317444 0.0177461
1776 0.0149453 0.0305939 0.0189023
1777 0.0149599 0.0294215 0.0209883
1778 0.0150131 0.0282397 0.0239732
1779 0.014968 0.0270655 0.0274154
1780 0.0148925 0.0259263 0.0315329
1781 0.0150681 0.0237402 0.0441963
1782 0.0170432 0.0278462 0.0351482
1783 0.0174975 0.0301251 0.0319523
1784 0.0160016 0.0344594 0.0204965
1785 0.0159328 0.0264337 0.0343255
1786 0.0173026 0.0315001 0.0285011
1787 0.0161662 0.0334379 0.0212788
1788 0.0161254 0.0322744 0.0216555
1789 0.0159804 0.0311693 0.0221188
1790 0.015796 0.0300043 0.0231462
1791 0.016053 0.0287961 0.0268672
1792 0.0160117 0.027526 0.0304975
1793 0.0121055 0.062595 0.108478
1794 0.013328 0.0468361 0.0258969
1795 0.00796772 0.0115018 0.191128
1796 0.00974486 0.0686326 0.15571
1797 0.0145544 0.0468887 0.0362998
