1 1.53081e-18 -0.025 0.312324
2 1.02054e-18 0.0133333 0.748899
3 1.53081e-18 0.025 0.637183
4 1.02054e-18 0.0466667 0.245372
5 0.0146855 0.0378813 0.159533
6 0.0239236 -0.00725686 0.159498
7 0.0138888 0.020787 0.338794
8 0 0.0125817 0.753657
9 0 0.0118301 0.758177
10 0 0.0110784 0.762293
11 0 0.0103268 0.765983
12 0 0.00957516 0.769271
13 0 0.00882353 0.772153
14 0 0.0080719 0.77461
15 0 0.00732026 0.776627
16 0 0.00656863 0.778189
17 0 0.00581699 0.779284
18 0 0.00506536 0.779898
19 0 0.00431373 0.78002
20 0 0.00356209 0.779636
21 0 0.00281046 0.778736
22 0 0.00205882 0.777309
23 0 0.00130719 0.775345
24 0 0.000555556 0.772833
25 0 -0.000196078 0.769763
26 0 -0.000947712 0.766127
27 0 -0.00169935 0.761916
28 0 -0.00245098 0.757122
29 0 -0.00320261 0.751736
30 0 -0.00395425 0.745751
31 0 -0.00470588 0.73916
32 0 -0.00545752 0.731956
33 0 -0.00620915 0.724132
34 0 -0.00696078 0.715682
35 0 -0.00771242 0.706599
36 0 -0.00846405 0.696879
37 0 -0.00921569 0.686515
38 0 -0.00996732 0.675503
39 0 -0.010719 0.663837
40 0 -0.0114706 0.651512
41 0 -0.0122222 0.638524
42 0 -0.0129739 0.624868
43 0 -0.0137255 0.61054
44 0 -0.0144771 0.595536
45 0 -0.0152288 0.579851
46 0 -0.0159804 0.563483
47 0 -0.016732 0.546427
48 0 -0.0174837 0.528679
49 0 -0.0182353 0.510237
50 0 -0.0189869 0.491097
51 0 -0.0197386 0.471255
52 0 -0.0204902 0.450708
53 0 -0.0212418 0.429454
54 0 -0.0219935 0.407494
55 0 -0.0227451 0.384797
56 0 -0.0234967 0.36138
57 0 -0.0242484 0.337416
58 0.0241284 -0.0065436 0.156915
59 0.024312 -0.00582474 0.154595
60 0.0244742 -0.00510058 0.152537
61 0.0246147 -0.00437218 0.150748
62 0.0247336 -0.00363967 0.149231
63 0.0248307 -0.00290421 0.148008
64 0.024906 -0.00216594 0.147082
65 0.0249593 -0.00142591 0.146448
66 0.0249906 -0.000684513 0.14611
67 0.0249999 5.75233e-05 0.146069
68 0.0249872 0.000799311 0.146338
69 0.0249525 0.00154059 0.146912
70 0.0248958 0.00228026 0.147791
71 0.0248171 0.00301817 0.148969
72 0.0247167 0.0037532 0.150446
73 0.0245944 0.00448515 0.152225
74 0.0244504 0.00521303 0.154302
75 0.024285 0.00593636 0.156677
76 0.0240981 0.00665454 0.159337
77 0.02389 0.00736664 0.162278
78 0.0236608 0.00807247 0.1655
79 0.0234109 0.00877093 0.169003
80 0.0231403 0.00946191 0.172784
81 0.0228493 0.0101444 0.176827
82 0.0225382 0.0108181 0.181134
83 0.0222072 0.0114822 0.185704
84 0.0218567 0.0121361 0.190543
85 0.0214868 0.0127795 0.195646
86 0.0210982 0.0134114 0.201018
87 0.0206908 0.0140317 0.206667
88 0.0202654 0.0146394 0.212607
89 0.019822 0.0152345 0.218865
90 0.0193612 0.0158159 0.225465
91 0.0188832 0.0163836 0.232453
92 0.0183887 0.0169368 0.239894
93 0.017878 0.0174751 0.247882
94 0.0173514 0.017998 0.256558
95 0.0168098 0.0185049 0.266123
96 0.0162531 0.0189957 0.27696
97 0.0156824 0.0194695 0.289834
98 0.0150976 0.0199264 0.306762
99 0.0144997 0.0203657 0.33239
100 0.0134624 0.0201744 0.379787
101 0.0130091 0.0195817 0.414329
102 0.0125296 0.0190097 0.446023
103 0.0120253 0.0184601 0.475947
104 0.0114966 0.0179332 0.504313
105 0.0109452 0.017431 0.53114
106 0.0103714 0.0169535 0.556517
107 0.00977732 0.0165025 0.580408
108 0.00916315 0.0160783 0.602841
109 0.0085309 0.0156821 0.623756
110 0.00788126 0.0153145 0.643156
111 0.0072158 0.0149764 0.660998
112 0.00653619 0.0146685 0.67725
113 0.00584315 0.0143912 0.69189
114 0.00513893 0.0141454 0.704882
115 0.00442387 0.0139312 0.716211
116 0.00370055 0.0137493 0.72585
117 0.00296921 0.0136 0.733792
118 0.00223246 0.0134835 0.740018
119 0.00149069 0.0134001 0.744543
120 0.000746262 0.01335 0.7474
121 0.000742013 -0.024989 0.311709
122 0.0014832 -0.024956 0.311145
123 0.00222326 -0.0249009 0.310346
124 0.0029611 -0.024824 0.309285
125 0.00369658 -0.0247252 0.307954
126 0.00442857 -0.0246046 0.30635
127 0.0051569 -0.0244623 0.304469
128 0.00588054 -0.0242985 0.302327
129 0.0065991 -0.0241133 0.29993
130 0.00731189 -0.0239068 0.297285
131 0.00801805 -0.0236793 0.294394
132 0.00871733 -0.0234309 0.29127
133 0.00940869 -0.023162 0.287925
134 0.010092 -0.0228725 0.284374
135 0.0107662 -0.022563 0.280629
136 0.0114312 -0.0222335 0.276696
137 0.0120859 -0.0218845 0.272594
138 0.0127301 -0.0215162 0.268336
139 0.0133631 -0.0211289 0.263941
140 0.0139841 -0.020723 0.259423
141 0.014593 -0.0202989 0.254793
142 0.0151889 -0.0198569 0.250071
143 0.0157715 -0.0193974 0.245272
144 0.0163402 -0.0189209 0.24042
145 0.0168945 -0.0184275 0.235525
146 0.017434 -0.017918 0.230602
147 0.017958 -0.0173928 0.225672
148 0.0184663 -0.0168521 0.220751
149 0.0189582 -0.0162968 0.215866
150 0.0194336 -0.0157269 0.211024
151 0.0198917 -0.0151434 0.206241
152 0.0203324 -0.0145463 0.201536
153 0.020755 -0.0139366 0.196925
154 0.0211595 -0.0133144 0.192433
155 0.0215454 -0.0126806 0.18807
156 0.0219122 -0.0120357 0.183851
157 0.0222597 -0.01138 0.17978
158 0.0225876 -0.0107145 0.175886
159 0.0228957 -0.0100394 0.172185
160 0.0231834 -0.00935564 0.168687
161 0.0234509 -0.00866342 0.165399
162 0.0236977 -0.00796373 0.162329
163 0 0.0242708 0.645937
164 0 0.0235417 0.654347
165 0 0.0228125 0.662563
166 0 0.0220833 0.670595
167 0 0.0213542 0.678438
168 0 0.020625 0.686063
169 0 0.0198958 0.693464
170 0 0.0191667 0.700639
171 0 0.0184375 0.707582
172 0 0.0177083 0.714284
173 0 0.0169792 0.720741
174 0 0.01625 0.726927
175 0 0.0155208 0.732836
176 0 0.0147917 0.738494
177 0 0.0140625 0.74405
178 0.0132706 0.021187 0.371305
179 0.012641 0.0215686 0.398782
180 0.0120004 0.0219315 0.425425
181 0.0113494 0.0222753 0.450298
182 0.0106885 0.0225999 0.473353
183 0.0100183 0.0229049 0.49469
184 0.00933952 0.0231899 0.514402
185 0.00865266 0.0234549 0.532556
186 0.00795825 0.0236995 0.549186
187 0.00725686 0.0239236 0.564333
188 0.00654917 0.0241269 0.578002
189 0.0058359 0.0243093 0.59022
190 0.00511759 0.0244706 0.600998
191 0.00439481 0.0246107 0.610339
192 0.00366813 0.0247294 0.618264
193 0.00293827 0.0248267 0.624753
194 0.00220595 0.0249025 0.629836
195 0.00147175 0.0249566 0.63354
196 0.00073624 0.0249892 0.635904
197 0.0143166 0.038533 0.163568
198 0.013919 0.0391672 0.167855
199 0.0134934 0.039783 0.172345
200 0.0130403 0.0403792 0.177015
201 0.0125609 0.0409545 0.18181
202 0.0120563 0.0415075 0.186686
203 0.0115274 0.0420373 0.191594
204 0.0109751 0.0425429 0.196507
205 0.0104006 0.0430233 0.20137
206 0.00980529 0.0434772 0.206139
207 0.00919023 0.0439039 0.210778
208 0.00855639 0.0443027 0.215252
209 0.00790526 0.0446726 0.219519
210 0.00723845 0.0450127 0.22354
211 0.00655703 0.0453226 0.227292
212 0.00586211 0.0456017 0.230737
213 0.00515535 0.0458493 0.233848
214 0.00443848 0.0460648 0.236601
215 0.00371264 0.0462479 0.238981
216 0.00297903 0.0463983 0.240967
217 0.0022394 0.0465155 0.242542
218 0.00149555 0.0465994 0.243726
219 0.000748678 0.0466498 0.244551
220 0.0142886 0.0214202 0.283019
221 0.0146595 0.0220705 0.247774
222 0.0150008 0.0227367 0.223969
223 0.0153119 0.0234179 0.206375
224 0.0155921 0.0241124 0.192478
225 0.0158407 0.0248184 0.181224
226 0.0160574 0.025535 0.172011
227 0.0162418 0.0262608 0.164423
228 0.0163934 0.0269942 0.158192
229 0.0165118 0.0277333 0.153129
230 0.0165969 0.028477 0.149099
231 0.0166486 0.0292241 0.146002
232 0.0166666 0.0299727 0.143746
233 0.0166511 0.0307211 0.142264
234 0.0166019 0.0314681 0.141493
235 0.0165192 0.0322124 0.141396
236 0.0164031 0.0329522 0.14192
237 0.016254 0.0336858 0.143023
238 0.0160721 0.0344119 0.144655
239 0.0158577 0.0351294 0.146794
240 0.0156113 0.0358366 0.149393
241 0.0153335 0.0365317 0.15241
242 0.0150247 0.0372136 0.155797
243 0 0.0459195 0.265008
244 0 0.0451724 0.283664
245 0 0.0444253 0.301974
246 0 0.0436782 0.319808
247 0 0.042931 0.337157
248 0 0.0421839 0.354031
249 0 0.0414368 0.370435
250 0 0.0406897 0.386379
251 0 0.0399425 0.401874
252 0 0.0391954 0.416934
253 0 0.0384483 0.43157
254 0 0.0377011 0.445795
255 0 0.036954 0.459622
256 0 0.0362069 0.473066
257 0 0.0354598 0.486139
258 0 0.0347126 0.498855
259 0 0.0339655 0.511226
260 0 0.0332184 0.523268
261 0 0.0324713 0.534992
262 0 0.0317241 0.546411
263 0 0.030977 0.557537
264 0 0.0302299 0.568383
265 0 0.0294828 0.578959
266 0 0.0287356 0.589277
267 0 0.0279885 0.599348
268 0 0.0272414 0.60918
269 0 0.0264943 0.618741
270 0 0.0257471 0.628026
271 0.0141418 0.018086 0.392962
272 0.00974003 0.00940076 0.648525
273 0.0145024 -0.00816561 0.493478
274 0.0140983 0.0142742 0.462504
275 0.0110934 0.00639719 0.631861
276 0.00537014 -0.0236813 0.327591
277 0.00465056 -0.0238565 0.328779
278 0.00396125 -0.0239813 0.330356
279 0.0060894 -0.0235058 0.325406
280 0.00324649 -0.0240815 0.331981
281 0.00680883 -0.0233301 0.32222
282 0.00249342 -0.0241403 0.33417
283 0.00747224 -0.0231341 0.319445
284 0.00172843 -0.0242047 0.335185
285 0.00814137 -0.0228981 0.316936
286 0.00093364 -0.0242694 0.335193
287 0.00880506 -0.0226364 0.314385
288 0.00948746 -0.022349 0.311354
289 0.0101697 -0.0220612 0.307355
290 0.0108185 -0.0217683 0.303206
291 0.000648496 -0.0231046 0.372831
292 0.0114523 -0.0214465 0.299305
293 0.000688244 -0.0223927 0.3946
294 0.012051 -0.0210989 0.296043
295 0.000650934 -0.0216176 0.417698
296 0.0126792 -0.0207068 0.292482
297 0.000650934 -0.020866 0.43931
298 0.0133071 -0.0203144 0.28799
299 0.000650934 -0.0201144 0.460212
300 0.0139352 -0.019922 0.282551
301 0.000650934 -0.0193627 0.480405
302 0.014494 -0.0195236 0.278213
303 0.000650934 -0.0186111 0.499894
304 0.0150382 -0.0191014 0.274099
305 0.000650934 -0.0178595 0.518684
306 0.0155961 -0.0186143 0.270418
307 0.000650934 -0.0171078 0.536778
308 0.0161538 -0.0181273 0.265836
309 0.000650934 -0.0163562 0.554178
310 0.0167114 -0.01764 0.260365
311 0.000650934 -0.0156046 0.570889
312 0.0172166 -0.0171665 0.25537
313 0.000650934 -0.0148529 0.586913
314 0.0177066 -0.0166582 0.250882
315 0.000650934 -0.0141013 0.602256
316 0.0181755 -0.0161163 0.247048
317 0.000650934 -0.0133497 0.61692
318 0.0186489 -0.0155469 0.242821
319 0.000650934 -0.012598 0.630909
320 0.019122 -0.0149773 0.237756
321 0.000650934 -0.0118464 0.644229
322 0.0195638 -0.0144197 0.232753
323 0.000650934 -0.0110948 0.656882
324 0.0199842 -0.0138453 0.228087
325 0.000650934 -0.0103431 0.668875
326 0.020362 -0.0132661 0.224361
327 0.000650934 -0.0095915 0.680211
328 0.020739 -0.0126286 0.220941
329 0.000650934 -0.00883987 0.690895
330 0.0211156 -0.0119913 0.216719
331 0.000650934 -0.00808824 0.700933
332 0.0214924 -0.0113536 0.211692
333 0.000650934 -0.0073366 0.710331
334 0.0218143 -0.0107412 0.207733
335 0.000650934 -0.00658497 0.719093
336 0.0221077 -0.0101233 0.204338
337 0.000650934 -0.00583333 0.727225
338 0.0223789 -0.00943289 0.202133
339 0.000650934 -0.0050817 0.734734
340 0.0226503 -0.0087429 0.199133
341 0.000650934 -0.00433007 0.741627
342 0.0229223 -0.00805439 0.195312
343 0.000650934 -0.00357843 0.747909
344 0.0231584 -0.00740157 0.191925
345 0.000650934 -0.0028268 0.753588
346 0.0233649 -0.00672559 0.189377
347 0.000650934 -0.00207516 0.758672
348 0.0235317 -0.00602975 0.18806
349 0.000650934 -0.00132353 0.763168
350 0.0236889 -0.00530154 0.1867
351 0.000650934 -0.000571895 0.767084
352 0.0238476 -0.00457244 0.184524
353 0.000650934 0.000179739 0.770429
354 0.0240069 -0.00384322 0.181557
355 0.000650934 0.000931373 0.773212
356 0.0241071 -0.00316526 0.180301
357 0.000650934 0.00168301 0.775441
358 0.0241793 -0.00247461 0.179728
359 0.000650934 0.00243464 0.777128
360 0.0242204 -0.00173515 0.180051
361 0.000650934 0.00318627 0.778282
362 0.0242613 -0.000995921 0.179651
363 0.000650934 0.00393791 0.778913
364 0.024302 -0.000256464 0.178523
365 0.000650934 0.00468954 0.779034
366 0.0243085 0.000436487 0.178257
367 0.000650934 0.00544118 0.778655
368 0.0242762 0.00114511 0.179111
369 0.000650934 0.00619281 0.777789
370 0.0242176 0.00185518 0.180502
371 0.000650934 0.00694444 0.776448
372 0.0241407 0.00259162 0.18197
373 0.000650934 0.00769608 0.774646
374 0.0240634 0.00332804 0.182723
375 0.000650934 0.00844771 0.772396
376 0.0239713 0.00403388 0.183573
377 0.000650934 0.00919935 0.769711
378 0.0238474 0.00473384 0.185235
379 0.000650934 0.00995098 0.766605
380 0.0236886 0.00540766 0.187991
381 0.000667649 0.0107215 0.762966
382 0.0234957 0.00612263 0.191312
383 0.000705123 0.0114907 0.758868
384 0.0233025 0.00683736 0.19391
385 0.000650934 0.0122059 0.754888
386 0.0231092 0.00755235 0.195767
387 0.000530552 0.0128441 0.751161
388 0.0228902 0.00820251 0.198738
389 0.0226442 0.00884604 0.202336
390 0.00116433 0.0127827 0.749871
391 0.02234 0.00952131 0.207442
392 0.0019016 0.0127844 0.746618
393 0.0220359 0.0101963 0.211807
394 0.00268353 0.0129165 0.740747
395 0.0217314 0.0108714 0.215451
396 0.00345405 0.0130753 0.73309
397 0.0214247 0.0114924 0.219291
398 0.00420231 0.0132641 0.723801
399 0.0210753 0.0121115 0.224324
400 0.00495085 0.0134549 0.712853
401 0.0206982 0.0127148 0.230129
402 0.00569593 0.0136875 0.699962
403 0.0202908 0.0133331 0.236277
404 0.00642317 0.0139769 0.685203
405 0.019883 0.0139511 0.241762
406 0.00710602 0.0142739 0.669558
407 0.0194773 0.0145359 0.247152
408 0.00781921 0.0145904 0.651454
409 0.0190496 0.0151049 0.253173
410 0.00850378 0.0149571 0.631766
411 0.0186054 0.0156345 0.260151
412 0.0091616 0.0153753 0.61046
413 0.0181049 0.0161803 0.268615
414 0.00978652 0.0157802 0.58845
415 0.0176043 0.0167257 0.276689
416 0.0104359 0.0162285 0.5634
417 0.0171034 0.0172713 0.284485
418 0.0110389 0.0167173 0.537369
419 0.0165976 0.0177563 0.293837
420 0.01161 0.0172345 0.510089
421 0.016056 0.0182261 0.305337
422 0.012182 0.0177542 0.480654
423 0.0154676 0.0186892 0.319912
424 0.0127218 0.0183056 0.449764
425 0.0148282 0.0191707 0.338319
426 0.01322 0.0188875 0.417781
427 0.014146 0.0198491 0.356568
428 0.000548822 -0.0237004 0.354202
429 0.0135716 0.0194269 0.391157
430 0.00485782 -0.0231426 0.349465
431 0.00557704 -0.0229674 0.347834
432 0.00417161 -0.0232755 0.351152
433 0.00348179 -0.0233908 0.352514
434 0.00629618 -0.0227918 0.345208
435 0.00276988 -0.0234744 0.354094
436 0.0069518 -0.0226048 0.342753
437 0.00197499 -0.0235134 0.356475
438 0.00758666 -0.0224001 0.340278
439 0.00123581 -0.0235905 0.356359
440 0.0082366 -0.022166 0.337636
441 0.0088961 -0.0218987 0.334944
442 0.00957809 -0.0216112 0.331522
443 0.0102278 -0.0213252 0.3277
444 0.0108438 -0.0210261 0.324031
445 0.00143462 -0.0228464 0.37913
446 0.0114345 -0.0206984 0.320873
447 0.00131143 -0.0220192 0.404464
448 0.0120238 -0.020356 0.317351
449 0.00131741 -0.0212556 0.426791
450 0.0126516 -0.019964 0.313439
451 0.00131884 -0.0204992 0.448196
452 0.0132796 -0.0195715 0.308594
453 0.0013013 -0.0197386 0.469044
454 0.0138247 -0.0191921 0.304619
455 0.0013013 -0.0189869 0.488882
456 0.0143657 -0.0187893 0.300598
457 0.0013013 -0.0182353 0.508019
458 0.0148931 -0.0183723 0.296542
459 0.0013013 -0.0174837 0.526458
460 0.015451 -0.0178853 0.292535
461 0.0013013 -0.016732 0.544201
462 0.0160084 -0.0173983 0.287642
463 0.0013013 -0.0159804 0.561253
464 0.0165139 -0.016932 0.282989
465 0.0013013 -0.0152288 0.577617
466 0.016991 -0.0164619 0.278553
467 0.0013013 -0.0144771 0.593296
468 0.0174554 -0.0159527 0.274656
469 0.0013013 -0.0137255 0.608295
470 0.0179166 -0.0154195 0.27061
471 0.0013013 -0.0129739 0.622616
472 0.0183896 -0.0148503 0.266095
473 0.0013013 -0.0122222 0.636265
474 0.0188302 -0.0143001 0.261508
475 0.0013013 -0.0114706 0.649246
476 0.01925 -0.0137498 0.256907
477 0.0013013 -0.010719 0.661563
478 0.0196272 -0.0131966 0.25319
479 0.0013013 -0.00996732 0.67322
480 0.0199956 -0.0126192 0.249539
481 0.0013013 -0.00921569 0.684223
482 0.0203725 -0.011982 0.245835
483 0.0013013 -0.00846405 0.694577
484 0.0207325 -0.0113627 0.241697
485 0.0013013 -0.00771242 0.704286
486 0.0210671 -0.010752 0.237684
487 0.0013013 -0.00696078 0.713357
488 0.0213649 -0.0101471 0.234364
489 0.0013013 -0.00620915 0.721795
490 0.0216427 -0.00954221 0.231196
491 0.0013013 -0.00545752 0.729606
492 0.0219143 -0.00885177 0.228684
493 0.0013013 -0.00470588 0.736796
494 0.0221869 -0.00816181 0.225343
495 0.0013013 -0.00395425 0.743372
496 0.0224249 -0.00751326 0.222262
497 0.0013013 -0.00320261 0.74934
498 0.022639 -0.0068686 0.219499
499 0.0013013 -0.00245098 0.754709
500 0.0228131 -0.00620476 0.21797
501 0.0013013 -0.00169935 0.759485
502 0.022978 -0.00552907 0.216285
503 0.0013013 -0.000947712 0.763676
504 0.0231356 -0.00479931 0.214614
505 0.0013013 -0.000196078 0.767291
506 0.0232945 -0.00406959 0.212118
507 0.0013013 0.000555556 0.770339
508 0.0234018 -0.00341087 0.210815
509 0.0013013 0.00130719 0.772828
510 0.0234916 -0.00274076 0.209727
511 0.0013013 0.00205882 0.774768
512 0.0235562 -0.00206904 0.209149
513 0.0013013 0.00281046 0.776168
514 0.0235974 -0.00132993 0.209146
515 0.0013013 0.00356209 0.777041
516 0.023638 -0.000590777 0.20843
517 0.0013013 0.00431373 0.777395
518 0.0236548 9.79512e-05 0.20805
519 0.0013013 0.00506536 0.777244
520 0.0236403 0.000761415 0.208463
521 0.0013013 0.00581699 0.776598
522 0.0236029 0.00144899 0.20927
523 0.0013013 0.00656863 0.77547
524 0.0235381 0.00215644 0.210626
525 0.0013013 0.00732026 0.773874
526 0.023461 0.00289251 0.211756
527 0.0013013 0.0080719 0.771822
528 0.0233757 0.00359734 0.212664
529 0.0013013 0.00882353 0.769329
530 0.0232685 0.00427356 0.214036
531 0.0013013 0.00957516 0.7664
532 0.023124 0.00493495 0.216533
533 0.0012951 0.0103404 0.763008
534 0.0229698 0.00559724 0.218841
535 0.00135189 0.0111188 0.758926
536 0.0227769 0.00631182 0.221805
537 0.00147156 0.0119818 0.753684
538 0.0225835 0.00702667 0.224053
539 0.0223793 0.00765746 0.226894
540 0.0221499 0.008292 0.23019
541 0.0219043 0.00891887 0.233668
542 0.0216003 0.0095941 0.238425
543 0.00237896 0.0121453 0.7478
544 0.021296 0.0102689 0.242472
545 0.00319143 0.0123158 0.740509
546 0.0209965 0.0108879 0.246406
547 0.00398733 0.0125251 0.731319
548 0.0206838 0.0114816 0.250661
549 0.00476149 0.0127257 0.720649
550 0.020338 0.0120722 0.255758
551 0.00553121 0.0129359 0.708222
552 0.0199563 0.0126693 0.261631
553 0.00628525 0.0132095 0.693814
554 0.0195489 0.0132872 0.267574
555 0.0070225 0.0135323 0.677544
556 0.0191504 0.0138686 0.273197
557 0.00775122 0.0138373 0.659788
558 0.0187437 0.0144305 0.278977
559 0.00847507 0.0141839 0.639963
560 0.0183245 0.014952 0.285576
561 0.00916255 0.0145907 0.618604
562 0.0178801 0.0154717 0.292836
563 0.0098257 0.015035 0.59565
564 0.0173797 0.0160172 0.301466
565 0.0105017 0.0154664 0.570534
566 0.016879 0.0165626 0.309873
567 0.0111492 0.0159434 0.543748
568 0.0163934 0.0170395 0.319126
569 0.0117496 0.0164704 0.515861
570 0.0158811 0.0175032 0.330011
571 0.0123349 0.0170109 0.48623
572 0.0153358 0.0179485 0.343321
573 0.0129393 0.0175588 0.453505
574 0.0147586 0.018405 0.358797
575 0.013475 0.0181824 0.419998
576 0.0140406 0.0188791 0.381455
577 0.00506372 -0.0224135 0.369883
578 0.00438251 -0.0225669 0.371306
579 0.00575548 -0.0222517 0.367704
580 0.00369661 -0.0226863 0.372898
581 0.00301219 -0.0227914 0.37403
582 0.00643714 -0.0220705 0.365291
583 0.00228087 -0.0228983 0.374428
584 0.00707179 -0.0218741 0.363041
585 0.00768934 -0.0216648 0.360604
586 0.00833485 -0.0214184 0.358026
587 0.00898683 -0.0211612 0.354786
588 0.00962309 -0.020874 0.351788
589 0.0102493 -0.0205783 0.348347
590 0.0108293 -0.0202746 0.345213
591 0.00191429 -0.0223181 0.393557
592 0.0114123 -0.0199487 0.341859
593 0.00196792 -0.0216365 0.413632
594 0.0119964 -0.0196134 0.337946
595 0.00200508 -0.0209025 0.434634
596 0.0126239 -0.0192212 0.333693
597 0.00198128 -0.0201317 0.456182
598 0.0131725 -0.0188433 0.330088
599 0.00195167 -0.0193627 0.476958
600 0.0137041 -0.01846 0.326302
601 0.00195167 -0.0186111 0.496441
602 0.0142248 -0.0180642 0.322378
603 0.00195167 -0.0178595 0.515224
604 0.0147482 -0.0176432 0.318265
605 0.00195167 -0.0171078 0.53331
606 0.0153057 -0.0171566 0.313939
607 0.00195167 -0.0163562 0.550702
608 0.0158142 -0.0166919 0.309676
609 0.00195167 -0.0156046 0.567404
610 0.0162962 -0.0162235 0.305533
611 0.00195167 -0.0148529 0.583419
612 0.0167393 -0.0157618 0.301741
613 0.00195167 -0.0141013 0.598751
614 0.0171999 -0.0152472 0.297821
615 0.00195167 -0.0133497 0.613404
616 0.0176575 -0.014723 0.293433
617 0.00195167 -0.012598 0.627381
618 0.0180993 -0.0141739 0.289302
619 0.00195167 -0.0118464 0.640687
620 0.0185153 -0.0136272 0.285252
621 0.00195167 -0.0110948 0.653326
622 0.018894 -0.0130944 0.281556
623 0.00195167 -0.0103431 0.665303
624 0.0192649 -0.0125499 0.277692
625 0.00195167 -0.0095915 0.676623
626 0.0196351 -0.0119517 0.274068
627 0.00195167 -0.00883987 0.687289
628 0.0200058 -0.0113355 0.269965
629 0.00195167 -0.00808824 0.697308
630 0.0203278 -0.0107437 0.266603
631 0.00195167 -0.0073366 0.706685
632 0.0206279 -0.0101548 0.263388
633 0.00195167 -0.00658497 0.715425
634 0.0209066 -0.00956296 0.260415
635 0.00195167 -0.00583333 0.723533
636 0.021182 -0.00893082 0.257451
637 0.00195167 -0.0050817 0.731017
638 0.0214505 -0.00826963 0.254418
639 0.00195167 -0.00433007 0.737883
640 0.0216914 -0.0076214 0.251652
641 0.00195167 -0.00357843 0.744137
642 0.0219027 -0.00699059 0.249269
643 0.00195167 -0.0028268 0.749785
644 0.0220899 -0.00637408 0.247148
645 0.00195167 -0.00207516 0.754837
646 0.0222641 -0.00570952 0.245377
647 0.00195167 -0.00132353 0.759298
648 0.0224236 -0.00502746 0.243703
649 0.00195167 -0.000571895 0.763178
650 0.022582 -0.00429655 0.241698
651 0.00195167 0.000179739 0.766484
652 0.0226948 -0.00364283 0.240495
653 0.00195167 0.000931373 0.769225
654 0.0227939 -0.00299427 0.239266
655 0.00195167 0.00168301 0.771412
656 0.0228726 -0.00233709 0.238367
657 0.00195167 0.00243464 0.773052
658 0.0229334 -0.00166366 0.237702
659 0.00195167 0.00318627 0.774158
660 0.0229742 -0.000924953 0.237389
661 0.00195167 0.00393791 0.774738
662 0.0229917 -0.000241063 0.237335
663 0.00195167 0.00468954 0.774806
664 0.0229907 0.000427835 0.237474
665 0.00195167 0.00544118 0.774371
666 0.0229652 0.00107185 0.238118
667 0.00195167 0.00619281 0.773446
668 0.0229162 0.00176001 0.239147
669 0.00195167 0.00694444 0.772045
670 0.0228587 0.00245734 0.239885
671 0.00195167 0.00769608 0.770179
672 0.0227685 0.00314972 0.241419
673 0.00195167 0.00844771 0.767864
674 0.0226671 0.00383517 0.242829
675 0.00196985 0.00923534 0.764873
676 0.0225431 0.00447964 0.244816
677 0.00197969 0.010011 0.761507
678 0.0224008 0.00513117 0.246979
679 0.00188559 0.0106912 0.758703
680 0.0222512 0.0057866 0.248837
681 0.00212402 0.0113574 0.753933
682 0.022058 0.00650095 0.251472
683 0.0218559 0.00713541 0.254501
684 0.0216456 0.00774905 0.257508
685 0.0214129 0.00836893 0.260838
686 0.0211646 0.00899183 0.264208
687 0.0208607 0.00966661 0.268647
688 0.00292839 0.0115145 0.747534
689 0.0205637 0.0102881 0.27282
690 0.00373834 0.0117539 0.738825
691 0.0202553 0.0108852 0.277199
692 0.00453407 0.0119766 0.728536
693 0.0199426 0.0114439 0.281773
694 0.00534047 0.0121623 0.716505
695 0.0195846 0.0120334 0.287192
696 0.00613757 0.0124101 0.702323
697 0.0192146 0.0126235 0.292519
698 0.00690348 0.0127479 0.68612
699 0.0188176 0.0132056 0.298521
700 0.00764291 0.0130813 0.66861
701 0.0184166 0.0137622 0.30462
702 0.00842582 0.0133853 0.648498
703 0.0180211 0.0142773 0.31083
704 0.00916833 0.0137793 0.626539
705 0.0176015 0.0147924 0.317642
706 0.00984879 0.0142518 0.603444
707 0.0171371 0.0153207 0.32568
708 0.0105551 0.0146858 0.578035
709 0.0166546 0.015854 0.334127
710 0.0112539 0.0151387 0.55055
711 0.0161796 0.0163335 0.343335
712 0.0118971 0.0156766 0.521703
713 0.0157091 0.0167955 0.352861
714 0.0124865 0.0162613 0.491949
715 0.0151809 0.0172316 0.365753
716 0.0131155 0.0167934 0.45934
717 0.0146255 0.0176198 0.381459
718 0.0137902 0.0173672 0.421866
719 0.00524425 -0.0217025 0.389268
720 0.00456317 -0.0218426 0.39146
721 0.00390804 -0.0219882 0.392393
722 0.00592039 -0.021536 0.38701
723 0.00322304 -0.0220811 0.394264
724 0.00256686 -0.0221715 0.395179
725 0.00655082 -0.0213422 0.385214
726 0.0071656 -0.0211372 0.383145
727 0.00777907 -0.0209261 0.380503
728 0.00840952 -0.0206888 0.377558
729 0.00904093 -0.0204247 0.374514
730 0.00965731 -0.0201326 0.371663
731 0.0102337 -0.0198372 0.368843
732 0.0108052 -0.0195304 0.365681
733 0.01138 -0.0192155 0.361915
734 0.00275009 -0.0213931 0.417201
735 0.0119686 -0.018871 0.35784
736 0.00267684 -0.0205281 0.442113
737 0.0125247 -0.0184938 0.354544
738 0.0026383 -0.0197514 0.463557
739 0.0130542 -0.0181115 0.351254
740 0.00260204 -0.0189869 0.483916
741 0.0135597 -0.0177358 0.347691
742 0.00260204 -0.0182353 0.503043
743 0.0140817 -0.0173345 0.34362
744 0.00260204 -0.0174837 0.521471
745 0.0146033 -0.0169144 0.339264
746 0.00260204 -0.016732 0.539204
747 0.015119 -0.0164516 0.335281
748 0.00260204 -0.0159804 0.556244
749 0.0155973 -0.0159831 0.331732
750 0.00260204 -0.0152288 0.572594
751 0.016037 -0.015531 0.32828
752 0.00260204 -0.0144771 0.588259
753 0.0164815 -0.0150652 0.324314
754 0.00260204 -0.0137255 0.603241
755 0.0169387 -0.0145621 0.320021
756 0.00260204 -0.0129739 0.617545
757 0.0173758 -0.0140368 0.316072
758 0.00260204 -0.0122222 0.631175
759 0.017785 -0.0135039 0.312472
760 0.00260204 -0.0114706 0.644135
761 0.018163 -0.0129819 0.309048
762 0.00260204 -0.010719 0.65643
763 0.0185331 -0.0124568 0.305317
764 0.00260204 -0.00996732 0.668064
765 0.0188986 -0.0118988 0.301655
766 0.00260204 -0.00921569 0.679041
767 0.0192545 -0.0113243 0.297925
768 0.00260204 -0.00846405 0.689367
769 0.0195796 -0.0107362 0.294847
770 0.00260204 -0.00771242 0.699047
771 0.019881 -0.0101523 0.29194
772 0.00260204 -0.00696078 0.708087
773 0.0201678 -0.00957327 0.288896
774 0.00260204 -0.00620915 0.716491
775 0.0204395 -0.00898045 0.285997
776 0.00260204 -0.00545752 0.724266
777 0.0207053 -0.00835611 0.283078
778 0.00260204 -0.00470588 0.731417
779 0.0209592 -0.00772638 0.280031
780 0.00260204 -0.00395425 0.737952
781 0.021171 -0.00709581 0.278021
782 0.00260204 -0.00320261 0.743877
783 0.0213573 -0.00648455 0.276251
784 0.00260204 -0.00245098 0.749199
785 0.0215397 -0.00586373 0.27415
786 0.00260204 -0.00169935 0.753926
787 0.0217104 -0.0052138 0.272166
788 0.00260204 -0.000947712 0.758065
789 0.0218593 -0.00453798 0.270625
790 0.00260204 -0.000196078 0.761625
791 0.0219863 -0.00386394 0.269327
792 0.00260204 0.000555556 0.764613
793 0.0220883 -0.00322125 0.268301
794 0.00260204 0.00130719 0.76704
795 0.0221763 -0.00259453 0.267228
796 0.00260204 0.00205882 0.768914
797 0.0222546 -0.00193907 0.266108
798 0.00260204 0.00281046 0.770245
799 0.0223105 -0.00125871 0.265403
800 0.00260204 0.00356209 0.771044
801 0.0223307 -0.000577099 0.265593
802 0.00260204 0.00431373 0.771322
803 0.0223299 9.37768e-05 0.266062
804 0.00260204 0.00506536 0.77109
805 0.0223103 0.000729881 0.266755
806 0.00260204 0.00581699 0.770359
807 0.0222843 0.00137238 0.267175
808 0.00260204 0.00656863 0.769143
809 0.0222395 0.0020428 0.267778
810 0.00260204 0.00732026 0.767453
811 0.0221697 0.00272297 0.26882
812 0.00260204 0.0080719 0.765304
813 0.022069 0.00339761 0.270578
814 0.00261771 0.00886115 0.762467
815 0.0219534 0.00403518 0.272545
816 0.00264294 0.00968537 0.758932
817 0.0218226 0.00467276 0.274599
818 0.00263816 0.0106123 0.754617
819 0.0216883 0.00531349 0.27622
820 0.0215326 0.00597554 0.278012
821 0.0213333 0.00661691 0.281195
822 0.0211225 0.00722536 0.284576
823 0.0209089 0.00782435 0.287625
824 0.0206794 0.00844001 0.290626
825 0.0204251 0.00906466 0.293977
826 0.0201319 0.00969252 0.29829
827 0.00349908 0.0109308 0.745885
828 0.0198224 0.0102862 0.303119
829 0.00430084 0.0112076 0.735991
830 0.0195173 0.0108381 0.307815
831 0.00509986 0.0114035 0.7248
832 0.0192008 0.0113988 0.312365
833 0.00599359 0.0115288 0.710768
834 0.018852 0.0119823 0.317359
835 0.00679578 0.0119379 0.694155
836 0.0184761 0.0125532 0.32312
837 0.00754944 0.0122996 0.676826
838 0.0180847 0.0130997 0.329433
839 0.00831128 0.0126016 0.657942
840 0.0176937 0.0136132 0.335898
841 0.00917932 0.0128731 0.634821
842 0.0173009 0.0141192 0.342239
843 0.00989524 0.0134279 0.610649
844 0.0168747 0.0146303 0.349526
845 0.0105798 0.0138996 0.586143
846 0.0164255 0.0151414 0.357525
847 0.0113138 0.0143279 0.558615
848 0.0159484 0.0156333 0.366937
849 0.0120995 0.0147799 0.526889
850 0.0154756 0.016098 0.376792
851 0.01264 0.0154829 0.497899
852 0.0150921 0.0165993 0.382466
853 0.0132235 0.0160221 0.467761
854 0.0145035 0.016878 0.401393
855 0.0138717 0.0164797 0.434562
856 0.00471759 -0.0211333 0.410689
857 0.00540512 -0.0210036 0.407802
858 0.00405006 -0.0212482 0.412935
859 0.00346153 -0.0214804 0.410391
860 0.00603026 -0.0208084 0.406582
861 0.00664811 -0.0206065 0.404845
862 0.00725453 -0.0204001 0.402615
863 0.0078586 -0.020192 0.399714
864 0.00847287 -0.0199595 0.396568
865 0.00906958 -0.0196842 0.394088
866 0.00964301 -0.0193909 0.391731
867 0.0102081 -0.019093 0.388916
868 0.0107669 -0.0187937 0.385535
869 0.0113299 -0.0185024 0.381157
870 0.00337712 -0.0208489 0.429071
871 0.0118987 -0.0181389 0.37772
872 0.00336384 -0.0201204 0.449401
873 0.0124036 -0.0177625 0.37532
874 0.00328554 -0.0193622 0.470246
875 0.0129088 -0.0173863 0.372224
876 0.00325241 -0.0186111 0.489904
877 0.0134148 -0.0170112 0.368406
878 0.00325241 -0.0178595 0.508676
879 0.0139218 -0.0166364 0.363876
880 0.00325241 -0.0171078 0.526749
881 0.0144457 -0.0162071 0.359425
882 0.00325241 -0.0163562 0.544127
883 0.0148945 -0.0157464 0.357005
884 0.00325241 -0.0156046 0.560812
885 0.0153362 -0.0152929 0.353965
886 0.00325241 -0.0148529 0.576809
887 0.0157773 -0.0148377 0.350329
888 0.00325241 -0.0141013 0.59212
889 0.01622 -0.0143772 0.346105
890 0.00325241 -0.0133497 0.60675
891 0.0166627 -0.0138854 0.341815
892 0.00325241 -0.012598 0.620703
893 0.0170631 -0.0133698 0.33863
894 0.00325241 -0.0118464 0.633983
895 0.0174364 -0.0128539 0.335683
896 0.00325241 -0.0110948 0.646594
897 0.0178032 -0.0123381 0.33233
898 0.00325241 -0.0103431 0.658541
899 0.0181683 -0.0118146 0.328545
900 0.00325241 -0.0095915 0.669828
901 0.0185223 -0.0112726 0.324818
902 0.00325241 -0.00883987 0.680459
903 0.0188505 -0.01071 0.321679
904 0.00325241 -0.00808824 0.690441
905 0.0191457 -0.0101386 0.319226
906 0.00325241 -0.0073366 0.699777
907 0.0194262 -0.00956608 0.316729
908 0.00325241 -0.00658497 0.708474
909 0.0196978 -0.00899085 0.314
910 0.00325241 -0.00583333 0.716537
911 0.0199669 -0.00841266 0.310819
912 0.00325241 -0.0050817 0.723972
913 0.0202173 -0.00781416 0.307983
914 0.00325241 -0.00433007 0.730785
915 0.0204348 -0.00720152 0.305963
916 0.00325241 -0.00357843 0.736983
917 0.0206254 -0.00659539 0.304342
918 0.00325241 -0.0028268 0.742573
919 0.0208078 -0.00598778 0.302496
920 0.00325241 -0.00207516 0.747561
921 0.0209849 -0.00537636 0.300331
922 0.00325241 -0.00132353 0.751955
923 0.0211501 -0.00473699 0.298269
924 0.00325241 -0.000571895 0.755763
925 0.0212788 -0.00408102 0.297178
926 0.00325241 0.000179739 0.758994
927 0.02138 -0.00343651 0.29654
928 0.00325241 0.000931373 0.761655
929 0.0214693 -0.00281143 0.295736
930 0.00325241 0.00168301 0.763757
931 0.0215566 -0.00218929 0.294462
932 0.00325241 0.00243464 0.765308
933 0.0216423 -0.00156668 0.292719
934 0.00325241 0.00318627 0.766319
935 0.0216906 -0.000882127 0.292098
936 0.00325241 0.00393791 0.7668
937 0.0216721 -0.00024143 0.293596
938 0.00325241 0.00468954 0.766762
939 0.0216532 0.000392405 0.294566
940 0.00325241 0.00544118 0.766218
941 0.02163 0.00102406 0.295183
942 0.00325241 0.00619281 0.765179
943 0.0216048 0.00165952 0.295347
944 0.00325241 0.00694444 0.763657
945 0.0215599 0.00231448 0.29574
946 0.00325241 0.00769608 0.761666
947 0.0214694 0.00296527 0.297478
948 0.00325241 0.00844771 0.75922
949 0.0213551 0.00359939 0.299706
950 0.00329455 0.00925832 0.755732
951 0.0212335 0.00422719 0.301722
952 0.00335386 0.0100957 0.751461
953 0.0211065 0.004851 0.303451
954 0.0209945 0.00547131 0.304052
955 0.0208118 0.00612109 0.306804
956 0.0205981 0.00671351 0.310729
957 0.0203853 0.00730567 0.314108
958 0.0201727 0.0078993 0.31696
959 0.0199612 0.00849331 0.31925
960 0.0197025 0.00911917 0.322555
961 0.0193919 0.00968234 0.328144
962 0.00409907 0.010405 0.74263
963 0.019086 0.0102364 0.333176
964 0.00484311 0.0106544 0.732535
965 0.0187784 0.0107905 0.337813
966 0.0055591 0.0107849 0.721956
967 0.0184664 0.0113483 0.342111
968 0.00679162 0.0111363 0.699707
969 0.0181243 0.0119147 0.347012
970 0.0074649 0.0115128 0.684371
971 0.0177472 0.0124475 0.353365
972 0.00816511 0.0118184 0.667462
973 0.0173616 0.0129552 0.360083
974 0.00886298 0.0120428 0.649701
975 0.0169718 0.0134572 0.366757
976 0.0100477 0.0126352 0.614257
977 0.016574 0.0139571 0.373519
978 0.0106319 0.013132 0.59284
979 0.0161653 0.0144551 0.380547
980 0.0112981 0.0135461 0.568266
981 0.0157321 0.0149471 0.388526
982 0.0120354 0.0138763 0.540636
983 0.0152119 0.0154389 0.39998
984 0.0129607 0.0147906 0.496394
985 0.0146354 0.0160188 0.412252
986 0.0133025 0.0153592 0.475247
987 0.0139324 0.015649 0.446539
988 0.00955206 0.012154 0.631707
989 0.00417539 -0.0204786 0.433745
990 0.00493345 -0.0205334 0.425605
991 0.00552571 -0.0202779 0.426836
992 0.006133 -0.020077 0.425642
993 0.0067322 -0.0198658 0.424077
994 0.00733213 -0.0196612 0.421583
995 0.00791835 -0.0194729 0.418125
996 0.00850295 -0.0192341 0.415328
997 0.00906174 -0.0189436 0.413595
998 0.00962181 -0.0186488 0.411237
999 0.0101795 -0.018349 0.408338
1000 0.0107261 -0.0180316 0.405379
1001 0.0113199 -0.0178649 0.397042
1002 0.0117541 -0.0174144 0.398418
1003 0.00398906 -0.0197103 0.45611
1004 0.0122573 -0.0170371 0.395843
1005 0.00388415 -0.0189634 0.476547
1006 0.0127638 -0.0166599 0.392514
1007 0.00390277 -0.0182353 0.494918
1008 0.0132688 -0.0162902 0.38837
1009 0.00390277 -0.0174837 0.513335
1010 0.013831 -0.0160094 0.380107
1011 0.00390277 -0.016732 0.531052
1012 0.014197 -0.0155023 0.381329
1013 0.00390277 -0.0159804 0.548072
1014 0.0146372 -0.0150525 0.378699
1015 0.00390277 -0.0152288 0.5644
1016 0.0150764 -0.0146007 0.375489
1017 0.00390277 -0.0144771 0.58004
1018 0.0155137 -0.0141511 0.371651
1019 0.00390277 -0.0137255 0.594996
1020 0.0159558 -0.0137083 0.366904
1021 0.00390277 -0.0129739 0.609271
1022 0.0163621 -0.0132254 0.363362
1023 0.00390277 -0.0122222 0.62287
1024 0.0167187 -0.0127174 0.361219
1025 0.00390277 -0.0114706 0.635796
1026 0.017078 -0.0122088 0.358399
1027 0.00390277 -0.010719 0.648055
1028 0.0174372 -0.0116999 0.35499
1029 0.00390277 -0.00996732 0.659649
1030 0.0177966 -0.0111936 0.350936
1031 0.00390277 -0.00921569 0.670585
1032 0.0181366 -0.01067 0.34722
1033 0.00390277 -0.00846405 0.680867
1034 0.0184177 -0.0101146 0.34543
1035 0.00390277 -0.00771242 0.690499
1036 0.0186902 -0.00955543 0.343417
1037 0.00390277 -0.00696078 0.699487
1038 0.018959 -0.00899112 0.34104
1039 0.00390277 -0.00620915 0.707836
1040 0.0192219 -0.00842347 0.338349
1041 0.00390277 -0.00545752 0.715552
1042 0.0194912 -0.00787142 0.334688
1043 0.00390277 -0.00470588 0.722641
1044 0.0197159 -0.0072838 0.332503
1045 0.00390277 -0.00395425 0.729109
1046 0.0198981 -0.00669212 0.33142
1047 0.00390277 -0.00320261 0.734963
1048 0.0200774 -0.00609845 0.329922
1049 0.00390277 -0.00245098 0.740209
1050 0.0202559 -0.00550109 0.327951
1051 0.00390277 -0.00169935 0.744855
1052 0.0204317 -0.00490151 0.325555
1053 0.00390277 -0.000947712 0.748908
1054 0.0205801 -0.00427332 0.323865
1055 0.00390277 -0.000196078 0.752376
1056 0.0206707 -0.00364712 0.323889
1057 0.00390277 0.000555556 0.755268
1058 0.0207613 -0.00302119 0.323365
1059 0.00390277 0.00130719 0.757592
1060 0.0208507 -0.00240389 0.322316
1061 0.00390277 0.00205882 0.759358
1062 0.0209359 -0.00178788 0.3209
1063 0.00390277 0.00281046 0.760575
1064 0.0211243 -0.00118854 0.314727
1065 0.00390277 0.00356209 0.761253
1066 0.0210121 -0.000567062 0.320308
1067 0.00390277 0.00431373 0.761404
1068 0.0209974 6.05932e-05 0.321411
1069 0.00390277 0.00506536 0.761038
1070 0.0209711 0.000683106 0.322455
1071 0.00390277 0.00581699 0.760168
1072 0.0209455 0.00131128 0.322955
1073 0.00390277 0.00656863 0.758805
1074 0.0209336 0.00192494 0.3224
1075 0.00390277 0.00732026 0.756963
1076 0.0208743 0.00255366 0.323228
1077 0.00390277 0.0080719 0.754655
1078 0.0207584 0.00317272 0.325871
1079 0.003931 0.00882307 0.751614
1080 0.0206391 0.00379443 0.328118
1081 0.0039822 0.00960895 0.747735
1082 0.0205143 0.00441483 0.330069
1083 0.0203688 0.00503013 0.332362
1084 0.0203815 0.00564681 0.327749
1085 0.0200765 0.00619303 0.335987
1086 0.0198616 0.0067841 0.339762
1087 0.0196475 0.00737827 0.342971
1088 0.0194404 0.00796889 0.34544
1089 0.0193349 0.00858829 0.343096
1090 0.0189559 0.00908583 0.352425
1091 0.0186531 0.00963764 0.357683
1092 0.00465313 0.00989217 0.738881
1093 0.0183477 0.0101866 0.362629
1094 0.005345 0.0100504 0.729095
1095 0.018045 0.0107381 0.367009
1096 0.0177496 0.0112896 0.370691
1097 0.00752686 0.0107004 0.68873
1098 0.0174054 0.0118186 0.376181
1099 0.00805102 0.0111285 0.675021
1100 0.0170228 0.0123073 0.383408
1101 0.00871826 0.011236 0.659517
1102 0.0166404 0.0127987 0.390299
1103 0.0162557 0.0132923 0.397004
1104 0.0108279 0.0123533 0.595151
1105 0.0158669 0.0137828 0.403723
1106 0.0112911 0.0128514 0.576196
1107 0.0154733 0.0142722 0.41051
1108 0.0119748 0.0130519 0.55262
1109 0.0151274 0.0147932 0.41483
1110 0.0144917 0.0150495 0.435088
1111 0.0137407 0.0148478 0.466886
1112 0.00602214 0.0101252 0.718723
1113 0.00684393 0.010239 0.704413
1114 0.00944665 0.0114493 0.640433
1115 0.0102351 0.0117648 0.617335
1116 0.0128057 0.0134073 0.520846
1117 0.0048192 -0.0198491 0.445464
1118 0.0055733 -0.0195726 0.445413
1119 0.00620832 -0.0193313 0.444706
1120 0.00681943 -0.0191168 0.442778
1121 0.00741166 -0.018904 0.440291
1122 0.00800015 -0.018846 0.433165
1123 0.00847504 -0.0184934 0.434756
1124 0.00903664 -0.0182056 0.43264
1125 0.00960391 -0.0179016 0.430111
1126 0.010206 -0.0175773 0.42667
1127 0.0109296 -0.0172443 0.42013
1128 0.0115476 -0.0167318 0.418817
1129 0.0121116 -0.0163128 0.415626
1130 0.00452288 -0.0186083 0.480531
1131 0.0126789 -0.0158951 0.4115
1132 0.0045356 -0.0178734 0.498773
1133 0.013354 -0.0154482 0.40446
1134 0.00455314 -0.0171078 0.517019
1135 0.00455314 -0.0163562 0.534374
1136 0.0138875 -0.0148592 0.402854
1137 0.00455314 -0.0156046 0.551034
1138 0.0143601 -0.0143737 0.39991
1139 0.00455314 -0.0148529 0.567002
1140 0.0148178 -0.0139053 0.396323
1141 0.00455314 -0.0141013 0.582282
1142 0.0152601 -0.0134566 0.392122
1143 0.00455314 -0.0133497 0.596879
1144 0.0157356 -0.0131137 0.384362
1145 0.00455314 -0.012598 0.610796
1146 0.0159901 -0.0125882 0.386007
1147 0.00455314 -0.0118464 0.624037
1148 0.0163516 -0.0120777 0.383571
1149 0.00455314 -0.0110948 0.636607
1150 0.0167121 -0.0115679 0.380552
1151 0.00455314 -0.0103431 0.648509
1152 0.0170687 -0.0110598 0.377029
1153 0.00455314 -0.0095915 0.659748
1154 0.0174879 -0.010654 0.369313
1155 0.00455314 -0.00883987 0.670329
1156 0.0176803 -0.0101003 0.370855
1157 0.00455314 -0.00808824 0.680255
1158 0.0179546 -0.00954227 0.369155
1159 0.00455314 -0.0073366 0.689533
1160 0.018223 -0.00897839 0.367167
1161 0.00455314 -0.00658497 0.698167
1162 0.0184886 -0.00841329 0.36473
1163 0.00455314 -0.00583333 0.706162
1164 0.0187328 -0.00784133 0.362557
1165 0.00455314 -0.0050817 0.713525
1166 0.0190982 -0.00737662 0.354305
1167 0.00455314 -0.00433007 0.720262
1168 0.019169 -0.00678879 0.357598
1169 0.00455314 -0.00357843 0.726378
1170 0.019347 -0.00620268 0.356437
1171 0.00455314 -0.0028268 0.731879
1172 0.0195239 -0.00561159 0.354829
1173 0.00455314 -0.00207516 0.736774
1174 0.0197085 -0.00502082 0.352391
1175 0.00455314 -0.00132353 0.74107
1176 0.0199788 -0.00447164 0.345855
1177 0.00455314 -0.000571895 0.744772
1178 0.0199638 -0.00384578 0.350248
1179 0.00455314 0.000179739 0.747891
1180 0.0200545 -0.00322859 0.350003
1181 0.00455314 0.000931373 0.750434
1182 0.0201454 -0.00259073 0.349304
1183 0.00455314 0.00168301 0.75241
1184 0.0202418 -0.00192264 0.347933
1185 0.00455314 0.00243464 0.753828
1186 0.0203877 -0.00114466 0.344263
1187 0.00455314 0.00318627 0.754698
1188 0.00455314 0.00393791 0.755031
1189 0.0203341 -0.00035215 0.34755
1190 0.00455314 0.00468954 0.754838
1191 0.0203141 0.000330111 0.348715
1192 0.00455314 0.00544118 0.75413
1193 0.0202868 0.000981395 0.349585
1194 0.00455314 0.00619281 0.752918
1195 0.0202415 0.0016052 0.350645
1196 0.00455314 0.00694444 0.751217
1197 0.0203587 0.00218512 0.344843
1198 0.00455314 0.00769608 0.749039
1199 0.0201572 0.00274198 0.351337
1200 0.00459117 0.00842053 0.746073
1201 0.0200449 0.00336292 0.353612
1202 0.00460277 0.00913245 0.743017
1203 0.0199207 0.0039929 0.355793
1204 0.0197831 0.00466697 0.357726
1205 0.0196807 0.00545896 0.356934
1206 0.0193663 0.00619294 0.363956
1207 0.0191272 0.00685459 0.367933
1208 0.0188911 0.007519 0.371168
1209 0.0186596 0.0082945 0.37252
1210 0.0182532 0.00897078 0.380798
1211 0.0179232 0.00957034 0.386445
1212 0.00513682 0.00944923 0.734885
1213 0.0176048 0.0101427 0.391505
1214 0.0173068 0.010697 0.395599
1215 0.0171167 0.0112515 0.395242
1216 0.00838214 0.0104232 0.672959
1217 0.0166877 0.0116476 0.405801
1218 0.0163042 0.0121417 0.412997
1219 0.0159193 0.0126345 0.420014
1220 0.015531 0.0131406 0.426761
1221 0.0116966 0.0121942 0.571
1222 0.0151384 0.0136687 0.433166
1223 0.0147412 0.0142517 0.438755
1224 0.0133444 0.0141155 0.49235
1225 0.00446536 -0.0192496 0.464438
1226 0.00575122 0.00942258 0.726478
1227 0.00768695 0.00989458 0.690671
1228 0.00924137 0.0106491 0.651744
1229 0.0110839 0.0116442 0.594733
1230 0.0125939 0.0124793 0.539349
1231 0.00645504 0.00948674 0.71518
1232 0.0100511 0.0109062 0.629544
1233 0.00508979 -0.0190876 0.463037
1234 0.00569002 -0.0188082 0.464124
1235 0.006307 -0.018558 0.463481
1236 0.00694577 -0.0183661 0.460292
1237 0.00772929 -0.0181712 0.454272
1238 0.008397 -0.017786 0.453483
1239 0.0089971 -0.0174677 0.451245
1240 0.00959209 -0.0171425 0.448453
1241 0.0102129 -0.0168006 0.444734
1242 0.0108402 -0.0164053 0.441189
1243 0.0114183 -0.0159816 0.438366
1244 0.0119941 -0.0155568 0.434754
1245 0.00514158 -0.0183078 0.482432
1246 0.0125791 -0.0151248 0.430207
1247 0.00518542 -0.0175235 0.50125
1248 0.0131382 -0.0146405 0.426449
1249 0.00520351 -0.016732 0.519722
1250 0.00520351 -0.0159804 0.536714
1251 0.0136408 -0.0141449 0.423457
1252 0.00520351 -0.0152288 0.553008
1253 0.0141216 -0.0136576 0.420088
1254 0.00520351 -0.0144771 0.568612
1255 0.0146005 -0.0131654 0.416109
1256 0.00520351 -0.0137255 0.58353
1257 0.0151616 -0.0126302 0.409789
1258 0.00520351 -0.0129739 0.597765
1259 0.00520351 -0.0122222 0.611321
1260 0.0155871 -0.0119923 0.408144
1261 0.00520351 -0.0114706 0.624202
1262 0.0159859 -0.0114368 0.405158
1263 0.00520351 -0.010719 0.636411
1264 0.0163816 -0.0108645 0.401806
1265 0.00520351 -0.00996732 0.647953
1266 0.0168592 -0.0102598 0.395586
1267 0.00520351 -0.00921569 0.658832
1268 0.00520351 -0.00846405 0.669052
1269 0.00520351 -0.00771242 0.678619
1270 0.0174894 -0.00896987 0.392173
1271 0.00520351 -0.00696078 0.687537
1272 0.0177567 -0.00839725 0.390151
1273 0.00520351 -0.00620915 0.695811
1274 0.0180471 -0.00779752 0.387053
1275 0.00520351 -0.00545752 0.703447
1276 0.0184267 -0.00710963 0.381103
1277 0.00520351 -0.00470588 0.71045
1278 0.00520351 -0.00395425 0.716826
1279 0.0186003 -0.00636636 0.382025
1280 0.00520351 -0.00320261 0.722582
1281 0.018786 -0.00572101 0.380948
1282 0.00520351 -0.00245098 0.727724
1283 0.0189948 -0.00506106 0.378522
1284 0.00520351 -0.00169935 0.732259
1285 0.0155489 -0.00123929 0.513965
1286 0.00520351 -0.000947712 0.736194
1287 0.010662 0.0111486 0.61113
1288 0.00520351 -0.000196078 0.739537
1289 0.0193398 -0.0035109 0.375592
1290 0.00520351 0.000555556 0.742296
1291 0.0194343 -0.00282991 0.37535
1292 0.00520351 0.00130719 0.744478
1293 0.0195259 -0.00215362 0.374572
1294 0.00520351 0.00205882 0.746094
1295 0.0196108 -0.00145055 0.373497
1296 0.00520351 0.00281046 0.747152
1297 0.0196568 -0.000733348 0.373238
1298 0.00520351 0.00356209 0.747663
1299 0.00520351 0.00431373 0.747637
1300 0.0196472 -3.12061e-05 0.374405
1301 0.00520351 0.00506536 0.747085
1302 0.019644 0.000650943 0.374685
1303 0.00520351 0.00581699 0.746018
1304 0.0196117 0.00133541 0.375475
1305 0.00520351 0.00656863 0.74445
1306 0.0196374 0.00211826 0.373243
1307 0.00520351 0.00732026 0.742393
1308 0.00521453 0.00801442 0.739926
1309 0.0194556 0.0028636 0.378239
1310 0.00532566 0.00876818 0.735526
1311 0.0193235 0.00353532 0.380913
1312 0.0191855 0.0042097 0.38321
1313 0.0190453 0.0049106 0.384845
1314 0.0188544 0.00561098 0.387756
1315 0.0186102 0.00629166 0.392172
1316 0.0183696 0.00696418 0.395899
1317 0.0181239 0.00764789 0.399117
1318 0.0178213 0.00832764 0.403868
1319 0.0174937 0.00894511 0.409603
1320 0.0171734 0.0095458 0.414756
1321 0.0168404 0.0101468 0.419919
1322 0.0164873 0.0108426 0.424176
1323 0.0160029 0.011431 0.434122
1324 0.0155931 0.0119611 0.441814
1325 0.0152012 0.0124738 0.448866
1326 0.0148096 0.0130129 0.455342
1327 0.0144237 0.0135914 0.460889
1328 0.007121 0.00948143 0.703663
1329 0.0171938 -0.00958784 0.39396
1330 0.00907942 0.00986173 0.661121
1331 0.00847478 0.00951571 0.676784
1332 0.0124307 0.0116439 0.553996
1333 0.0117823 0.0113272 0.577262
1334 0.0061425 0.00881827 0.723463
1335 0.00991737 0.0100679 0.639497
1336 0.00576739 -0.0180154 0.483216
1337 0.00640306 -0.0177404 0.482599
1338 0.00707604 -0.0175774 0.477911
1339 0.00778666 -0.0173515 0.473271
1340 0.00838541 -0.0170342 0.471547
1341 0.00896843 -0.0167201 0.469201
1342 0.00955303 -0.0163907 0.466398
1343 0.0101569 -0.0160283 0.463153
1344 0.0107345 -0.015635 0.460236
1345 0.011304 -0.0152263 0.456971
1346 0.0118636 -0.0148062 0.453327
1347 0.0124033 -0.014367 0.449693
1348 0.00583804 -0.0172116 0.501847
1349 0.0129188 -0.0138992 0.446387
1350 0.00586333 -0.0164079 0.520164
1351 0.00585223 -0.01562 0.53774
1352 0.0134094 -0.0134232 0.443068
1353 0.00585388 -0.0148529 0.553984
1354 0.0138814 -0.0129344 0.439707
1355 0.00585388 -0.0141013 0.569224
1356 0.014363 -0.0124261 0.435683
1357 0.00585388 -0.0133497 0.583779
1358 0.0148251 -0.0118775 0.432069
1359 0.00585388 -0.012598 0.59765
1360 0.00585388 -0.0118464 0.610842
1361 0.0152375 -0.0113143 0.429311
1362 0.00585388 -0.0110948 0.623359
1363 0.0156387 -0.0107404 0.4263
1364 0.00585388 -0.0103431 0.635204
1365 0.0160376 -0.0101395 0.423001
1366 0.00585388 -0.0095915 0.646381
1367 0.00585388 -0.00883987 0.656895
1368 0.00585388 -0.00808824 0.666751
1369 0.00585388 -0.0073366 0.675952
1370 0.0170055 -0.00842031 0.414796
1371 0.00585388 -0.00658497 0.684504
1372 0.0172847 -0.00782702 0.412446
1373 0.00585388 -0.00583333 0.692412
1374 0.0175875 -0.00718914 0.409142
1375 0.00585388 -0.0050817 0.699682
1376 0.0178475 -0.00651116 0.406942
1377 0.00585388 -0.00433007 0.706318
1378 0.00585388 -0.00357843 0.712327
1379 0.0180535 -0.00583422 0.405851
1380 0.00585388 -0.0028268 0.717715
1381 0.0182613 -0.00515741 0.404005
1382 0.00585388 -0.00207516 0.722489
1383 0.0184948 -0.00445018 0.400761
1384 0.00585388 -0.00132353 0.726655
1385 0.00585388 -0.000571895 0.73022
1386 0.0186326 -0.00374227 0.400172
1387 0.00585388 0.000179739 0.733192
1388 0.0187234 -0.00306048 0.40045
1389 0.00585388 0.000931373 0.735579
1390 0.0188212 -0.00240675 0.399731
1391 0.00585388 0.00168301 0.73739
1392 0.0188943 -0.00174172 0.399369
1393 0.00585388 0.00243464 0.738633
1394 0.0189501 -0.00104788 0.399111
1395 0.00585388 0.00318627 0.739318
1396 0.0189688 -0.000370602 0.399555
1397 0.00585388 0.00393791 0.739455
1398 0.00585388 0.00468954 0.739055
1399 0.0189661 0.000305905 0.400191
1400 0.00585388 0.00544118 0.738128
1401 0.0189506 0.000983347 0.400707
1402 0.00585388 0.00619281 0.736687
1403 0.0189258 0.0016816 0.400946
1404 0.00585388 0.00694444 0.734745
1405 0.0188501 0.0023874 0.402423
1406 0.00587272 0.00764298 0.732228
1407 0.0187233 0.00306649 0.405239
1408 0.0185931 0.00373372 0.407633
1409 0.0184506 0.0044018 0.409906
1410 0.0182853 0.0050756 0.412406
1411 0.0180834 0.00573884 0.415736
1412 0.0178571 0.00639709 0.419422
1413 0.017612 0.00705103 0.423268
1414 0.0173475 0.00770176 0.427291
1415 0.0170451 0.00833762 0.432294
1416 0.0167369 0.00893136 0.437429
1417 0.0164064 0.00952588 0.442921
1418 0.0160595 0.0101403 0.448351
1419 0.0156706 0.010735 0.455101
1420 0.0152616 0.0112848 0.462777
1421 0.0148636 0.0118087 0.470132
1422 0.01449 0.0123083 0.476736
1423 0.0140997 0.0129015 0.482517
1424 0.0136954 0.0134979 0.488602
1425 0.00774579 0.00898654 0.694707
1426 0.0112313 0.0108515 0.597884
1427 0.0132527 0.011823 0.525388
1428 0.00690485 0.00883051 0.710896
1429 0.0106815 0.0102978 0.617879
1430 0.0163994 -0.00952572 0.420229
1431 0.0168434 -0.0090347 0.412464
1432 0.00582296 0.00826828 0.73056
1433 0.00918979 0.00900571 0.664051
1434 0.0123987 0.0108459 0.563248
1435 0.00656156 -0.0168786 0.501132
1436 0.00780096 -0.0165768 0.491072
1437 0.00837028 -0.0162892 0.48881
1438 0.00893184 -0.0159805 0.486417
1439 0.00950981 -0.0156392 0.483702
1440 0.0100727 -0.0152684 0.481104
1441 0.0106255 -0.0148834 0.478215
1442 0.0111673 -0.0144876 0.474992
1443 0.0117003 -0.014076 0.471504
1444 0.0122093 -0.0136336 0.468385
1445 0.012698 -0.0131778 0.465243
1446 0.0064851 -0.0160091 0.521755
1447 0.00648676 -0.0152294 0.538607
1448 0.0131647 -0.0127096 0.462141
1449 0.00650424 -0.0144771 0.553965
1450 0.0136198 -0.012222 0.458959
1451 0.00650424 -0.0137255 0.568839
1452 0.0140675 -0.0117104 0.455649
1453 0.00650424 -0.0129739 0.583027
1454 0.0144922 -0.0111819 0.452497
1455 0.00650424 -0.0122222 0.596532
1456 0.00650424 -0.0114706 0.609357
1457 0.014896 -0.0106369 0.449466
1458 0.00650424 -0.010719 0.621506
1459 0.0152851 -0.0100527 0.446705
1460 0.00650424 -0.00996732 0.632982
1461 0.00650424 -0.00921569 0.64379
1462 0.00650424 -0.00846405 0.653934
1463 0.00650424 -0.00771242 0.663419
1464 0.00650424 -0.00696078 0.672249
1465 0.0165115 -0.00792154 0.436413
1466 0.00650424 -0.00620915 0.68043
1467 0.0168055 -0.00727168 0.434053
1468 0.00650424 -0.00545752 0.687966
1469 0.0170708 -0.00661842 0.431939
1470 0.00650424 -0.00470588 0.694862
1471 0.0173073 -0.00595701 0.430146
1472 0.00650424 -0.00395425 0.701124
1473 0.00650424 -0.00320261 0.706758
1474 0.0175157 -0.00528991 0.428651
1475 0.00650424 -0.00245098 0.71177
1476 0.0177141 -0.00461865 0.426848
1477 0.00650424 -0.00169935 0.716166
1478 0.0178786 -0.00393944 0.425582
1479 0.00650424 -0.000947712 0.719952
1480 0.00650424 -0.000196078 0.723137
1481 0.018 -0.0032706 0.425092
1482 0.00650424 0.000555556 0.725728
1483 0.0181207 -0.00264425 0.42382
1484 0.00650424 0.00130719 0.727732
1485 0.0182125 -0.00200535 0.423062
1486 0.00650424 0.00205882 0.729158
1487 0.0182482 -0.00135384 0.423793
1488 0.00650424 0.00281046 0.730015
1489 0.0182813 -0.000691379 0.42407
1490 0.00650424 0.00356209 0.730313
1491 0.0182923 -2.9053e-05 0.424561
1492 0.00650424 0.00431373 0.730061
1493 0.00650424 0.00506536 0.729271
1494 0.0182856 0.000627329 0.425117
1495 0.00650424 0.00581699 0.727954
1496 0.0182597 0.00127907 0.425809
1497 0.00650424 0.00656863 0.726119
1498 0.0182014 0.00194748 0.427099
1499 0.00650895 0.00729885 0.723777
1500 0.0181134 0.00261481 0.428885
1501 0.0179981 0.00327246 0.431126
1502 0.0178664 0.00391921 0.433446
1503 0.0177153 0.00457222 0.435903
1504 0.017538 0.00521811 0.438798
1505 0.0173324 0.00585543 0.442226
1506 0.0171088 0.00648176 0.44586
1507 0.0168606 0.00710846 0.449868
1508 0.0165888 0.00772752 0.454286
1509 0.0162907 0.0083278 0.459334
1510 0.0159821 0.00890724 0.464526
1511 0.0156487 0.0094837 0.470226
1512 0.0152816 0.010063 0.476697
1513 0.014907 0.0106252 0.483278
1514 0.0145158 0.0111674 0.490379
1515 0.0141186 0.0116802 0.49781
1516 0.0138461 0.0122598 0.499889
1517 0.00857252 0.00865853 0.679617
1518 0.0130331 0.011053 0.54115
1519 0.0118321 0.0106437 0.582292
1520 0.00654671 0.00809525 0.720224
1521 0.0104413 0.00941247 0.630895
1522 0.00725243 -0.0168979 0.491516
1523 0.0156688 -0.00938175 0.444515
1524 0.0161852 -0.00868102 0.437748
1525 0.00739735 0.00820979 0.705026
1526 0.0114936 0.0101042 0.596961
1527 0.0137637 0.0111392 0.516253
1528 0.00773494 -0.0159087 0.506995
1529 0.00831383 -0.0155694 0.505502
1530 0.00887433 -0.0152622 0.502852
1531 0.00945795 -0.0148955 0.500294
1532 0.00997251 -0.0145175 0.498461
1533 0.0104883 -0.0141472 0.495741
1534 0.0110163 -0.0137656 0.492289
1535 0.0115228 -0.0133523 0.48917
1536 0.0119945 -0.0129145 0.486572
1537 0.0124523 -0.012471 0.483721
1538 0.00711157 -0.0155766 0.523062
1539 0.00712748 -0.0148288 0.538629
1540 0.0129038 -0.0120125 0.480612
1541 0.00715461 -0.0141013 0.552951
1542 0.0133393 -0.0115279 0.477661
1543 0.00715461 -0.0133497 0.567454
1544 0.0137567 -0.0110225 0.474824
1545 0.00715461 -0.012598 0.581272
1546 0.0141597 -0.0105089 0.471814
1547 0.00715461 -0.0118464 0.594409
1548 0.00715461 -0.0110948 0.606863
1549 0.0145554 -0.00998641 0.468466
1550 0.00715461 -0.0103431 0.618638
1551 0.00715461 -0.0095915 0.629741
1552 0.00715461 -0.00883987 0.640175
1553 0.00715461 -0.00808824 0.649944
1554 0.00715461 -0.0073366 0.659053
1555 0.00715461 -0.00658497 0.667507
1556 0.0160754 -0.00731411 0.456662
1557 0.00715461 -0.00583333 0.675309
1558 0.0163188 -0.00669035 0.455397
1559 0.00715461 -0.0050817 0.682466
1560 0.0165625 -0.00605619 0.453574
1561 0.00715461 -0.00433007 0.688982
1562 0.0167798 -0.0054111 0.452037
1563 0.00715461 -0.00357843 0.694862
1564 0.00715461 -0.0028268 0.700112
1565 0.0169693 -0.00476333 0.450791
1566 0.00715461 -0.00207516 0.704739
1567 0.0171354 -0.00410523 0.449755
1568 0.00715461 -0.00132353 0.708748
1569 0.0172677 -0.00343926 0.449262
1570 0.00715461 -0.000571895 0.712145
1571 0.00715461 0.000179739 0.714939
1572 0.0173764 -0.0027939 0.448842
1573 0.00715461 0.000931373 0.717136
1574 0.0176125 -0.00225857 0.443032
1575 0.00715461 0.00168301 0.718745
1576 0.0175494 -0.00167652 0.447288
1577 0.00715461 0.00243464 0.719773
1578 0.017595 -0.0010116 0.447538
1579 0.00715461 0.00318627 0.72023
1580 0.0176198 -0.000357147 0.447906
1581 0.00715461 0.00393791 0.720125
1582 0.0176231 0.000288092 0.448459
1583 0.00715461 0.00468954 0.719468
1584 0.00715461 0.00544118 0.718271
1585 0.0176026 0.00092202 0.449308
1586 0.00716706 0.00620092 0.716313
1587 0.0175588 0.00155918 0.450453
1588 0.0071741 0.00694103 0.713968
1589 0.0174915 0.00220323 0.451896
1590 0.0173943 0.00283728 0.453884
1591 0.0172758 0.00346706 0.456128
1592 0.0171444 0.00408922 0.458358
1593 0.0169887 0.00471812 0.460916
1594 0.0167989 0.00533751 0.464223
1595 0.0165897 0.00594587 0.467795
1596 0.0163663 0.00654888 0.471437
1597 0.0161223 0.00715291 0.475337
1598 0.015843 0.00773868 0.480166
1599 0.0155414 0.008305 0.485525
1600 0.0152269 0.00886392 0.491028
1601 0.0148847 0.00942231 0.497127
1602 0.0145214 0.00997205 0.503703
1603 0.0141745 0.0105293 0.509339
1604 0.00805578 0.00823635 0.69232
1605 0.011131 0.00956766 0.611409
1606 0.00930281 0.00824158 0.665873
1607 0.0129772 0.0102869 0.550775
1608 0.0122579 0.010098 0.574657
1609 0.0149103 -0.00935532 0.467068
1610 0.015726 -0.00796676 0.460197
1611 0.00711446 0.00760132 0.712571
1612 0.0152102 -0.00859459 0.468159
1613 0.00772581 -0.0151788 0.522825
1614 0.00826965 -0.0148083 0.522211
1615 0.00887969 -0.0146208 0.516004
1616 0.00930632 -0.0141554 0.517942
1617 0.00981562 -0.0137685 0.516147
1618 0.0103384 -0.0134466 0.512149
1619 0.0108709 -0.0130659 0.508377
1620 0.011315 -0.0126372 0.506654
1621 0.0117549 -0.0122075 0.504412
1622 0.0121948 -0.0117822 0.501467
1623 0.00777205 -0.0144204 0.537758
1624 0.0126388 -0.0113365 0.498141
1625 0.00778063 -0.0137064 0.55167
1626 0.0130386 -0.0108498 0.49591
1627 0.0077787 -0.0129741 0.565459
1628 0.0134341 -0.0103494 0.493365
1629 0.00780859 -0.0122445 0.578077
1630 0.0138132 -0.00985781 0.490476
1631 0.00781075 -0.0114864 0.59093
1632 0.00780498 -0.010719 0.603355
1633 0.00780498 -0.00996732 0.614753
1634 0.00780498 -0.00921569 0.625478
1635 0.00780498 -0.00846405 0.635533
1636 0.00780498 -0.00771242 0.644922
1637 0.00780498 -0.00696078 0.65365
1638 0.00780498 -0.00620915 0.661721
1639 0.015576 -0.0067274 0.477899
1640 0.00780498 -0.00545752 0.669139
1641 0.0158231 -0.00614795 0.475887
1642 0.00780498 -0.00470588 0.675909
1643 0.016048 -0.00551692 0.474418
1644 0.00780498 -0.00395425 0.682037
1645 0.0162307 -0.00490859 0.473495
1646 0.00780498 -0.00320261 0.687528
1647 0.00780498 -0.00245098 0.692386
1648 0.0164042 -0.00427031 0.472502
1649 0.00780498 -0.00169935 0.696618
1650 0.0165511 -0.00360774 0.471905
1651 0.00780498 -0.000947712 0.700229
1652 0.0166818 -0.00292195 0.471331
1653 0.00780498 -0.000196078 0.703227
1654 0.00780498 0.000555556 0.705619
1655 0.0168718 -0.00215911 0.468475
1656 0.00780498 0.00130719 0.70741
1657 0.00780498 0.00205882 0.70861
1658 0.0169048 -0.00138025 0.469991
1659 0.00780498 0.00281046 0.709226
1660 0.0169448 -0.000694901 0.470331
1661 0.00780498 0.00356209 0.709267
1662 0.0169572 -4.19153e-05 0.470952
1663 0.00780498 0.00431373 0.708743
1664 0.0169461 0.000580875 0.471811
1665 0.00780498 0.00506536 0.707664
1666 0.00780498 0.00581699 0.706045
1667 0.0169165 0.00119577 0.472808
1668 0.00784076 0.00661814 0.703068
1669 0.0168647 0.00181025 0.474079
1670 0.0167857 0.00242408 0.475803
1671 0.016677 0.00303293 0.47808
1672 0.0165551 0.00363315 0.480373
1673 0.0164409 0.00423557 0.481949
1674 0.0162588 0.00485377 0.485306
1675 0.0160609 0.00543105 0.488961
1676 0.0158488 0.00601221 0.492658
1677 0.0156438 0.00659821 0.495676
1678 0.0153878 0.00717888 0.500039
1679 0.0150966 0.00772366 0.505475
1680 0.0147932 0.0082641 0.511008
1681 0.014472 0.00880317 0.516815
1682 0.0141301 0.00935066 0.522901
1683 0.0136632 0.00992703 0.532506
1684 0.0100595 0.00865804 0.645632
1685 0.0086311 0.00783018 0.682588
1686 0.0110802 0.00878511 0.618629
1687 0.00783637 0.00747048 0.700052
1688 0.0119529 0.00931853 0.590366
1689 0.0142523 -0.00940724 0.484759
1690 0.0154194 -0.00734381 0.476222
1691 0.0128556 0.00960159 0.561041
1692 0.0143925 -0.00879623 0.488876
1693 0.0149755 -0.0077697 0.484625
1694 0.00849508 -0.0140058 0.53474
1695 0.00908729 -0.0133255 0.537772
1696 0.00972304 -0.0130302 0.531701
1697 0.0102944 -0.0128398 0.52413
1698 0.0106558 -0.0123598 0.525391
1699 0.0110695 -0.0119299 0.524131
1700 0.0114973 -0.0115069 0.521847
1701 0.0120179 -0.0111865 0.515175
1702 0.0123433 -0.0106685 0.515627
1703 0.0127086 -0.0101726 0.514174
1704 0.00846901 -0.0126873 0.559869
1705 0.0131344 -0.00965838 0.510855
1706 0.00846505 -0.0119052 0.573605
1707 0.00846246 -0.0111104 0.586769
1708 0.00845535 -0.0103431 0.598831
1709 0.00845535 -0.0095915 0.609849
1710 0.00845535 -0.00883987 0.62019
1711 0.00845535 -0.00808824 0.629861
1712 0.00845535 -0.0073366 0.638865
1713 0.00845535 -0.00658497 0.647205
1714 0.00845535 -0.00583333 0.654887
1715 0.0150398 -0.00618367 0.49901
1716 0.00845535 -0.0050817 0.661915
1717 0.0154127 -0.00566094 0.492577
1718 0.00845535 -0.00433007 0.668292
1719 0.0154898 -0.0050484 0.495296
1720 0.00845535 -0.00357843 0.674024
1721 0.0156743 -0.00444815 0.494112
1722 0.00845535 -0.0028268 0.679117
1723 0.00845535 -0.00207516 0.683574
1724 0.0158472 -0.00379769 0.493046
1725 0.00845535 -0.00132353 0.687402
1726 0.0159563 -0.00312823 0.493479
1727 0.00845535 -0.000571895 0.690606
1728 0.0160859 -0.00241805 0.492832
1729 0.00845535 0.000179739 0.693193
1730 0.00845535 0.000931373 0.69517
1731 0.0161972 -0.00169576 0.492098
1732 0.00845535 0.00168301 0.696543
1733 0.00845535 0.00243464 0.69732
1734 0.0162756 -0.00100967 0.491616
1735 0.00845535 0.00318627 0.697508
1736 0.0163041 -0.00034898 0.492089
1737 0.00845535 0.00393791 0.697117
1738 0.0162788 0.00025799 0.493719
1739 0.00845535 0.00468954 0.696155
1740 0.0162785 0.000851391 0.494064
1741 0.00845535 0.00544118 0.694633
1742 0.00848936 0.00622389 0.691794
1743 0.0162322 0.00144386 0.495465
1744 0.0161716 0.00202124 0.496929
1745 0.0160874 0.00261944 0.498716
1746 0.0159497 0.00320162 0.50187
1747 0.0158305 0.00378926 0.503976
1748 0.0158296 0.00438453 0.501725
1749 0.0155292 0.00491866 0.509238
1750 0.0153133 0.00549209 0.51338
1751 0.0151035 0.00607205 0.516885
1752 0.0150036 0.00666869 0.516306
1753 0.0146307 0.00714507 0.525104
1754 0.0143552 0.0076774 0.530013
1755 0.0140511 0.00819905 0.535612
1756 0.0137284 0.00870861 0.541608
1757 0.0134632 0.0092596 0.545124
1758 0.00938709 0.00739657 0.668247
1759 0.00992606 0.00793532 0.652981
1760 0.00833791 -0.0133403 0.549971
1761 0.0136153 -0.00905419 0.506582
1762 0.0147596 -0.00696436 0.499533
1763 0.00856047 0.00703223 0.687507
1764 0.0106423 0.00801392 0.634882
1765 0.0119469 0.00845854 0.59702
1766 0.012873 0.00878172 0.567486
1767 0.00913584 -0.0123881 0.553904
1768 0.0103244 -0.0117788 0.541984
1769 0.010767 -0.0112474 0.541708
1770 0.0114767 -0.010663 0.535633
1771 0.0192538 -0.0043109 0.374177
1772 0.0119408 -0.010038 0.534368
1773 0.0123592 -0.00951403 0.531916
1774 0.00910419 -0.0114907 0.569679
1775 0.00913509 -0.0107228 0.581399
1776 0.00910571 -0.00996732 0.59329
1777 0.0091253 -0.009211 0.603635
1778 0.00912462 -0.00846387 0.61354
1779 0.00910571 -0.00771242 0.623157
1780 0.00910571 -0.00696078 0.63177
1781 0.00910571 -0.00620915 0.639718
1782 0.00910571 -0.00545752 0.647005
1783 0.0147182 -0.00540256 0.51524
1784 0.00910571 -0.00470588 0.653634
1785 0.00910571 -0.00395425 0.659612
1786 0.0149104 -0.00457096 0.516104
1787 0.00910571 -0.00320261 0.664941
1788 0.015219 -0.0039992 0.51087
1789 0.00910571 -0.00245098 0.669626
1790 0.00910571 -0.00169935 0.673673
1791 0.0152405 -0.0033596 0.514168
1792 0.00910571 -0.000947712 0.677087
1793 0.0153334 -0.00267701 0.514967
1794 0.00910571 -0.000196078 0.679874
1795 0.0154482 -0.00194992 0.514635
1796 0.00910571 0.000555556 0.682039
1797 0.00910571 0.00130719 0.683589
1798 0.0157401 -0.0006442 0.5095
1799 0.00910571 0.00205882 0.68453
1800 0.00910571 0.00281046 0.68487
1801 0.00910571 0.00356209 0.684617
1802 0.0156109 -4.97993e-05 0.514686
1803 0.00910571 0.00431373 0.683774
1804 0.01558 0.000551801 0.516317
1805 0.00910571 0.00506536 0.682354
1806 0.0157064 0.00112578 0.512493
1807 0.00912252 0.00582439 0.679989
1808 0.0155388 0.00165886 0.51766
1809 0.01559 0.00221997 0.51545
1810 0.015347 0.00275696 0.522315
1811 0.0152175 0.00341624 0.524871
1812 0.0151159 0.00419634 0.525613
1813 0.014812 0.00492093 0.532239
1814 0.0145593 0.00560452 0.536872
1815 0.0143155 0.00636826 0.540247
1816 0.0139478 0.00702379 0.547512
1817 0.0136571 0.00760077 0.552499
1818 0.0132914 0.008152 0.559661
1819 0.0113398 0.00802715 0.616593
1820 0.0138674 -0.00824653 0.509938
1821 0.00992403 -0.0123442 0.540149
1822 0.0128295 -0.00899712 0.527364
1823 0.0142763 -0.0062082 0.520574
1824 0.00917309 0.00658699 0.676301
1825 0.0102316 0.00735362 0.648708
1826 0.0125417 0.00795523 0.583435
1827 0.00987189 -0.0110998 0.561945
1828 0.0105512 -0.0105616 0.556852
1829 0.0110858 -0.0099629 0.554486
1830 0.00978881 -0.0103232 0.575478
1831 0.00979974 -0.00956773 0.586233
1832 0.00981571 -0.00883867 0.59585
1833 0.00977973 -0.00808396 0.606131
1834 0.00975608 -0.0073366 0.615419
1835 0.00975608 -0.00658497 0.623635
1836 0.00975608 -0.00583333 0.631185
1837 0.00975608 -0.0050817 0.638071
1838 0.0141334 -0.00468074 0.537463
1839 0.00975608 -0.00433007 0.644297
1840 0.00975608 -0.00357843 0.649867
1841 0.0144854 -0.00381402 0.533599
1842 0.00975608 -0.0028268 0.654784
1843 0.00975608 -0.00207516 0.659055
1844 0.00975608 -0.00132353 0.662682
1845 0.014596 -0.00298544 0.535244
1846 0.00975608 -0.000571895 0.665672
1847 0.0147093 -0.00220443 0.535726
1848 0.00975608 0.000179739 0.66803
1849 0.00975608 0.000931373 0.669761
1850 0.00975608 0.00168301 0.670872
1851 0.0150154 -0.000595015 0.532011
1852 0.00975608 0.00243464 0.671369
1853 0.00975608 0.00318627 0.671258
1854 0.00976774 0.00395494 0.670265
1855 0.0149422 0.000264283 0.535715
1856 0.00976753 0.00471244 0.668932
1857 0.014978 0.00112443 0.535273
1858 0.00977245 0.00546542 0.666906
1859 0.014875 0.00206103 0.538064
1860 0.0146389 0.00287537 0.544091
1861 0.0144889 0.00362862 0.546918
1862 0.0142923 0.00435121 0.550615
1863 0.014038 0.00503555 0.555634
1864 0.013788 0.00572468 0.559975
1865 0.0134952 0.00638513 0.565234
1866 0.0132171 0.00701554 0.569757
1867 0.0130296 0.00757211 0.571671
1868 0.0131426 -0.00830083 0.528242
1869 0.0139028 -0.00695159 0.523477
1870 0.0110802 0.00724322 0.628072
1871 0.0118941 0.00759043 0.604256
1872 0.0115328 -0.00937031 0.553003
1873 0.0120338 -0.00886885 0.548204
1874 0.0138492 -0.00550575 0.538629
1875 0.0148353 -0.00143177 0.535
1876 0.0097975 0.00618127 0.663972
1877 0.0103735 -0.00992812 0.5698
1878 0.010594 -0.00923919 0.575031
1879 0.0104806 -0.00843342 0.587867
1880 0.010418 -0.00769519 0.59812
1881 0.0104065 -0.00696078 0.606644
1882 0.0104065 -0.00620915 0.614461
1883 0.0104065 -0.00545752 0.621607
1884 0.0104065 -0.00470588 0.628086
1885 0.0136152 -0.00402895 0.556324
1886 0.0104065 -0.00395425 0.633901
1887 0.0104065 -0.00320261 0.639057
1888 0.0138266 -0.0032434 0.555513
1889 0.0104065 -0.00245098 0.643555
1890 0.0104065 -0.00169935 0.647401
1891 0.0104065 -0.000947712 0.650599
1892 0.0139798 -0.00247681 0.55535
1893 0.0104065 -0.000196078 0.653155
1894 0.0104065 0.000555556 0.655072
1895 0.0104065 0.00130719 0.656359
1896 0.0104065 0.00205882 0.657021
1897 0.0143186 -0.000126863 0.55359
1898 0.0104065 0.00281046 0.657059
1899 0.010431 0.00359439 0.655876
1900 0.0104305 0.00436389 0.654628
1901 0.0142629 0.00068595 0.556362
1902 0.0104254 0.00513556 0.652848
1903 0.0141827 0.00151247 0.559056
1904 0.0140653 0.00232059 0.562042
1905 0.0139034 0.00309493 0.565648
1906 0.0137338 0.00379506 0.569
1907 0.0135167 0.00446978 0.573277
1908 0.0132631 0.00513356 0.578157
1909 0.0130055 0.00579375 0.582677
1910 0.0126788 0.00647178 0.588622
1911 0.0142344 -0.00754926 0.508009
1912 0.0134168 -0.00759724 0.529407
1913 0.0124872 -0.00840675 0.543208
1914 0.0134552 -0.00627432 0.542166
1915 0.0104358 0.00590469 0.650099
1916 0.0104343 0.00665513 0.647099
1917 0.011214 -0.00867117 0.569293
1918 0.013306 -0.00484188 0.558588
1919 0.0140854 -0.00168241 0.55583
1920 0.0142326 -0.000911968 0.554228
1921 0.01248 0.0071538 0.590403
1922 0.0118742 0.00669263 0.609899
1923 0.0111143 -0.00798785 0.579939
1924 0.011044 -0.0073009 0.589416
1925 0.0110525 -0.00656427 0.597144
1926 0.0110829 -0.00583557 0.60366
1927 0.0110568 -0.0050817 0.610985
1928 0.0110404 -0.00432822 0.617425
1929 0.0130525 -0.00342617 0.57514
1930 0.0110531 -0.00357514 0.622552
1931 0.0110799 -0.00282608 0.626667
1932 0.0132083 -0.00267002 0.575368
1933 0.0110841 -0.0020814 0.630602
1934 0.0110851 -0.00133341 0.633979
1935 0.0110801 -0.000583618 0.636852
1936 0.0110688 0.000163992 0.639224
1937 0.0110372 0.000920253 0.641444
1938 0.0110256 0.00168525 0.642566
1939 0.0110577 0.00244975 0.642009
1940 0.0136368 0.000252543 0.573685
1941 0.011094 0.00322999 0.640653
1942 0.0111179 0.00402822 0.638878
1943 0.0111164 0.00481987 0.637015
1944 0.0135233 0.00103586 0.577764
1945 0.0134283 0.00182743 0.580606
1946 0.0133322 0.00256668 0.582813
1947 0.0131705 0.00326691 0.586322
1948 0.0130015 0.00391867 0.589616
1949 0.0127395 0.00456392 0.595074
1950 0.0124734 0.00520063 0.60021
1951 0.0122627 0.00592495 0.602978
1952 0.0125541 -0.00769631 0.550113
1953 0.0130517 -0.00698329 0.545493
1954 0.0118576 -0.00818533 0.560872
1955 0.0130114 -0.00564713 0.559474
1956 0.0128243 -0.00421216 0.575771
1957 0.0133988 -0.00195077 0.573714
1958 0.0137432 -0.000444096 0.569276
1959 0.0110581 0.00559705 0.63596
1960 0.0134082 -0.00112259 0.576651
1961 0.0115852 -0.00692197 0.581483
1962 0.0118027 -0.00625813 0.583336
1963 0.0117279 -0.00543464 0.592727
1964 0.0116784 -0.00469945 0.600034
1965 0.0116557 -0.00394747 0.606211
1966 0.0124477 -0.00288731 0.593785
1967 0.01173 -0.00321178 0.609338
1968 0.0117899 -0.00245222 0.612266
1969 0.0117654 -0.00172886 0.616346
1970 0.0117582 -0.000957793 0.619588
1971 0.011774 -0.000245573 0.621412
1972 0.01169 0.000527606 0.625191
1973 0.011635 0.00129658 0.627587
1974 0.0116205 0.00206214 0.628321
1975 0.0117908 0.0028443 0.623787
1976 0.0129337 0.000557262 0.593382
1977 0.0117556 0.00367506 0.623536
1978 0.0118938 0.00452295 0.618064
1979 0.0128514 0.00134531 0.59635
1980 0.0127766 0.00208784 0.598423
1981 0.0126031 0.00279796 0.602584
1982 0.0124352 0.00341014 0.606212
1983 0.0123552 0.00401941 0.607052
1984 0.0117415 0.00531087 0.619482
1985 0.0126186 -0.00635511 0.56276
1986 0.0116083 0.00598976 0.620255
1987 0.0124475 -0.0049823 0.579351
1988 0.0117402 -0.00754292 0.571135
1989 0.0123443 -0.00361815 0.591886
1990 0.0125572 -0.00208346 0.59519
1991 0.0131129 -0.000267058 0.587021
1992 0.0123165 -0.00575418 0.575819
1993 0.0125863 -0.000693721 0.599772
1994 0.0123898 0.000123695 0.606878
1995 0.0122697 0.000914116 0.611243
1996 0.0121882 0.00231019 0.613854
1997 0.0122635 -0.00695596 0.565288
1998 0.0123112 -0.00138123 0.604324
1999 0.00980069 0.00682586 0.661296
2000 0.0122044 0.00166501 0.613485
2001 0.00965672 -0.0117881 0.554679
2002 0.01216 -0.00429421 0.591655
2003 0.00709172 -0.0162796 0.507859
2004 0.0133557 0.012712 0.511002
2005 0.0126596 0.0141843 0.515487
2006 0.0135252 0.0105786 0.530247
2007 0.0062183 0.0107765 0.711768
2008 0.0129177 -0.00149067 0.588337
2009 0.010796 0.0198905 0.50364
2010 0.00374604 0.0177494 0.691912
2011 0.00537493 0.0190436 0.656477
2012 0.0103394 0.0201595 0.516837
2013 0.0084606 0.0164579 0.617454
2014 0.00908572 0.0168625 0.596313
2015 0.00786185 0.0160847 0.636
2016 0.00965232 0.0172727 0.575133
2017 0.00723436 0.0157545 0.653315
2018 0.0102002 0.0177275 0.552433
2019 0.00659138 0.0154565 0.669176
2020 0.0107276 0.018196 0.528608
2021 0.00590869 0.0151592 0.684266
2022 0.0112498 0.0186756 0.503102
2023 0.00525611 0.0149054 0.696961
2024 0.0117311 0.0192174 0.476409
2025 0.00461009 0.0146963 0.707839
2026 0.0121532 0.0198676 0.448598
2027 0.00388789 0.0145149 0.71807
2028 0.0126294 0.0205635 0.415559
2029 0.00315003 0.0143671 0.726618
2030 0.00242279 0.0142419 0.733351
2031 0.00170778 0.0141239 0.738475
2032 0.000924732 0.0140426 0.742151
2033 0.0120439 0.0212099 0.43325
2034 0.0114178 0.02148 0.457583
2035 0.0107571 0.0218365 0.480029
2036 0.0100974 0.0221598 0.500736
2037 0.000642508 0.0152025 0.7342
2038 0.009421 0.0224498 0.520419
2039 0.000651928 0.0158711 0.728883
2040 0.00876157 0.0227185 0.53788
2041 0.000646438 0.0165914 0.722922
2042 0.0080923 0.0229622 0.554119
2043 0.000631477 0.0173437 0.716435
2044 0.00739639 0.0232015 0.569315
2045 0.000631477 0.0180729 0.709848
2046 0.00673737 0.0234013 0.582336
2047 0.000631477 0.0188021 0.703018
2048 0.00602569 0.023589 0.594964
2049 0.000631477 0.0195312 0.695953
2050 0.00533394 0.023758 0.605694
2051 0.000631477 0.0202604 0.688659
2052 0.0046362 0.0239009 0.615187
2053 0.000631477 0.0209896 0.681143
2054 0.00391267 0.0240355 0.623486
2055 0.000631477 0.0217187 0.6734
2056 0.0032315 0.0241366 0.630036
2057 0.000601033 0.0224495 0.665511
2058 0.00251709 0.0241853 0.63599
2059 0.000626084 0.0231995 0.657078
2060 0.00182478 0.0242311 0.640249
2061 0.000632955 0.0240031 0.647841
2062 0.00057523 0.0146038 0.738889
2063 0.00121196 0.0243704 0.641619
2064 0.00842178 0.0172031 0.610477
2065 0.00782766 0.0168343 0.629168
2066 0.00897981 0.0176088 0.590878
2067 0.00723882 0.0164943 0.646022
2068 0.00951839 0.0180275 0.570253
2069 0.00663582 0.0161907 0.661476
2070 0.0100276 0.0184654 0.548879
2071 0.00599182 0.0159007 0.676212
2072 0.0105289 0.0189018 0.526347
2073 0.00535575 0.015652 0.689039
2074 0.0110163 0.0193443 0.50271
2075 0.00471607 0.0154294 0.700363
2076 0.0114012 0.0199293 0.479549
2077 0.0040493 0.0152435 0.710398
2078 0.0116337 0.020653 0.459801
2079 0.00335982 0.0150769 0.719147
2080 0.00260875 0.0149745 0.726451
2081 0.00187866 0.0148653 0.732074
2082 0.00118611 0.0147124 0.736363
2083 0.0108469 0.0211063 0.4858
2084 0.010149 0.0214036 0.508096
2085 0.00950211 0.0216839 0.526841
2086 0.00129665 0.0154212 0.730496
2087 0.00884664 0.0219837 0.543901
2088 0.00130277 0.0161637 0.724462
2089 0.00820508 0.0222311 0.559487
2090 0.00127472 0.0169403 0.717972
2091 0.00753552 0.0224746 0.574233
2092 0.00127011 0.0177083 0.711177
2093 0.00687684 0.0226748 0.58757
2094 0.00127011 0.0184375 0.704453
2095 0.00621782 0.0228742 0.599352
2096 0.00127011 0.0191667 0.69749
2097 0.0055259 0.0230437 0.610554
2098 0.00127011 0.0198958 0.690298
2099 0.00485499 0.0231943 0.620007
2100 0.00127011 0.020625 0.682882
2101 0.00415695 0.0233369 0.628414
2102 0.00128679 0.0213869 0.674818
2103 0.00347603 0.0234383 0.635514
2104 0.00126143 0.0221235 0.666975
2105 0.00281062 0.0235296 0.641107
2106 0.00114194 0.0227891 0.66007
2107 0.00210707 0.0235121 0.646825
2108 0.00137662 0.0234914 0.651199
2109 0.010853 0.0204796 0.493746
2110 0.00777504 0.0175717 0.622721
2111 0.00832554 0.0179433 0.604909
2112 0.00720267 0.017232 0.639412
2113 0.00885199 0.0183634 0.585894
2114 0.00664533 0.0169331 0.654124
2115 0.00934416 0.0187927 0.566469
2116 0.0060536 0.0166424 0.668224
2117 0.00983659 0.0192317 0.545645
2118 0.00543822 0.0163837 0.681175
2119 0.0103379 0.0195639 0.524505
2120 0.00481621 0.016159 0.692643
2121 0.00419554 0.0159679 0.702547
2122 0.00353838 0.0157996 0.711441
2123 0.00285045 0.0156454 0.719162
2124 0.00203308 0.0156741 0.724849
2125 0.0101596 0.0206815 0.516677
2126 0.00956221 0.0209087 0.53417
2127 0.00893801 0.0211966 0.550371
2128 0.0082967 0.0214776 0.565658
2129 0.0018901 0.0164977 0.718792
2130 0.00765866 0.0217202 0.579764
2131 0.00190396 0.0173037 0.711695
2132 0.00701573 0.0219482 0.592673
2133 0.00190874 0.0180729 0.704688
2134 0.00635773 0.0221477 0.604736
2135 0.00190874 0.0188021 0.697818
2136 0.00570042 0.0223154 0.615637
2137 0.00190874 0.0195312 0.690715
2138 0.005047 0.02248 0.625052
2139 0.00190874 0.0202604 0.683389
2140 0.00437185 0.0226195 0.633622
2141 0.00195623 0.0210381 0.675034
2142 0.00371365 0.0227403 0.640716
2143 0.00193091 0.021839 0.666633
2144 0.00304762 0.0228454 0.646667
2145 0.00182894 0.022721 0.657553
2146 0.00246798 0.0229605 0.650411
2147 0.00715143 0.0179548 0.633102
2148 0.00770276 0.0182812 0.616897
2149 0.00819744 0.0186912 0.599998
2150 0.00660867 0.01767 0.64754
2151 0.0086851 0.0191314 0.58181
2152 0.00606988 0.0173729 0.660909
2153 0.00917079 0.019601 0.562156
2154 0.00548759 0.0170957 0.673739
2155 0.00969565 0.0200614 0.5401
2156 0.00490008 0.0168943 0.68478
2157 0.00431294 0.0166904 0.694717
2158 0.00367784 0.0165295 0.70369
2159 0.00306535 0.0163817 0.71109
2160 0.00904212 0.020406 0.556541
2161 0.00839642 0.0207068 0.571775
2162 0.00775968 0.0209737 0.585688
2163 0.00252418 0.0169221 0.710917
2164 0.00713195 0.02121 0.598302
2165 0.00254647 0.0176611 0.704144
2166 0.00649667 0.0214212 0.609975
2167 0.00254738 0.0184375 0.696911
2168 0.00585265 0.0215962 0.620827
2169 0.00254738 0.0191667 0.689881
2170 0.00520357 0.0217472 0.630637
2171 0.00254738 0.0198958 0.682631
2172 0.00454781 0.0219029 0.639096
2173 0.00261583 0.0206557 0.674286
2174 0.00388909 0.0220587 0.646191
2175 0.00269883 0.0214793 0.664904
2176 0.00319561 0.022155 0.652894
2177 0.00253068 0.022284 0.657499
2178 0.00246567 0.0161927 0.717571
2179 0.00656759 0.0184044 0.640889
2180 0.00713005 0.0185752 0.627031
2181 0.0075477 0.0189994 0.612902
2182 0.00802653 0.0194455 0.596045
2183 0.00602018 0.0181188 0.654477
2184 0.00852004 0.0199174 0.577413
2185 0.00556023 0.0177212 0.666493
2186 0.00497119 0.0176342 0.676769
2187 0.00438989 0.0174239 0.687002
2188 0.00385497 0.0171398 0.696232
2189 0.00320151 0.0171953 0.702704
2190 0.00786557 0.0202109 0.591597
2191 0.00723765 0.0204625 0.604174
2192 0.00662309 0.0207079 0.61519
2193 0.00316436 0.0180429 0.695263
2194 0.00599311 0.0208989 0.625813
2195 0.00319395 0.0188109 0.687632
2196 0.00534466 0.0210209 0.6362
2197 0.00318601 0.0195312 0.6806
2198 0.00467689 0.0211492 0.645424
2199 0.00325619 0.0202589 0.67253
2200 0.00403899 0.0213384 0.652164
2201 0.00334174 0.0209499 0.664417
2202 0.0034201 0.0215682 0.656928
2203 0.00672163 0.0191942 0.629521
2204 0.00598277 0.01878 0.648501
2205 0.00734294 0.0197063 0.610042
2206 0.00527233 0.0183459 0.665232
2207 0.00447447 0.0181201 0.679316
2208 0.00669244 0.0199604 0.621891
2209 0.00615181 0.0202852 0.629364
2210 0.00384454 0.0184851 0.68379
2211 0.00552242 0.0203153 0.640698
2212 0.00385677 0.0192175 0.676432
2213 0.00484969 0.0204146 0.650686
2214 0.00378495 0.0198802 0.670551
2215 0.00405308 0.020544 0.660487
2216 0.00594302 0.0195917 0.640847
2217 0.00511548 0.0196681 0.654344
2218 0.00461208 0.0189451 0.669322
2219 0.00445364 0.0197829 0.662999
2220 0.011873 0.0295462 0.35499
2221 0.0119373 0.0316265 0.332084
2222 0.00447879 0.028437 0.5613
2223 0.00522371 0.0296007 0.534516
2224 0.0117853 0.0407577 0.208513
2225 0.0122553 0.0402299 0.204013
2226 0.0126969 0.0396781 0.199817
2227 0.0112698 0.0412977 0.213056
2228 0.0131064 0.0390921 0.196238
2229 0.010768 0.0417894 0.217086
2230 0.0135216 0.0384637 0.192139
2231 0.0102352 0.0422535 0.221458
2232 0.0138929 0.0378586 0.188187
2233 0.00967586 0.0426886 0.226031
2234 0.0142288 0.0372354 0.184809
2235 0.00907219 0.0431278 0.230435
2236 0.0145287 0.0365997 0.18201
2237 0.00848741 0.0435203 0.234301
2238 0.0148205 0.0359118 0.179248
2239 0.00788044 0.0438814 0.238232
2240 0.0150757 0.0352492 0.17668
2241 0.00725566 0.044212 0.242089
2242 0.0152939 0.0345767 0.174809
2243 0.0065832 0.0445362 0.245745
2244 0.015474 0.0338978 0.173711
2245 0.00593771 0.0448183 0.248771
2246 0.0156391 0.0331697 0.172813
2247 0.00527633 0.0450666 0.2517
2248 0.0157698 0.0324735 0.172281
2249 0.00458199 0.0452735 0.254872
2250 0.0158653 0.0317732 0.172506
2251 0.00388281 0.0454778 0.256931
2252 0.0159213 0.0310732 0.173727
2253 0.00319601 0.0456486 0.258505
2254 0.0159536 0.0303273 0.175493
2255 0.00251561 0.0457972 0.25944
2256 0.0159593 0.0296182 0.177619
2257 0.00176466 0.0458629 0.261702
2258 0.0159294 0.0289101 0.180762
2259 0.000969322 0.0459141 0.263154
2260 0.0158573 0.0282141 0.185342
2261 0.0157558 0.0274744 0.190929
2262 0.0156336 0.0267765 0.197142
2263 0.0154776 0.026087 0.204899
2264 0.000656016 0.0447501 0.293024
2265 0.015284 0.0254122 0.214717
2266 0.00064703 0.0440517 0.309928
2267 0.0150519 0.0247027 0.22703
2268 0.00064703 0.0433046 0.327511
2269 0.0148099 0.0240302 0.240851
2270 0.00064703 0.0425575 0.344619
2271 0.0145528 0.0233722 0.257166
2272 0.00064703 0.0418103 0.361252
2273 0.0141824 0.022704 0.284393
2274 0.00064703 0.0410632 0.377417
2275 0.0137865 0.0219998 0.318908
2276 0.00064703 0.0403161 0.393128
2277 0.00064703 0.039569 0.408395
2278 0.00064703 0.0388218 0.423232
2279 0.00064703 0.0380747 0.437652
2280 0.0126052 0.0223374 0.389903
2281 0.00064703 0.0373276 0.451667
2282 0.0119683 0.0226797 0.417431
2283 0.00064703 0.0365805 0.465292
2284 0.0112956 0.0230121 0.443676
2285 0.00064703 0.0358333 0.478539
2286 0.0106167 0.0233262 0.467568
2287 0.00064703 0.0350862 0.491422
2288 0.0099232 0.0236214 0.489707
2289 0.00064703 0.0343391 0.503955
2290 0.00921991 0.0239073 0.509931
2291 0.00064703 0.033592 0.516151
2292 0.00850696 0.0241675 0.528544
2293 0.00064703 0.0328448 0.528023
2294 0.00779516 0.0244109 0.545209
2295 0.00064703 0.0320977 0.539584
2296 0.0070688 0.0246316 0.560494
2297 0.00064703 0.0313506 0.550847
2298 0.00635055 0.0248216 0.574014
2299 0.00064703 0.0306034 0.561824
2300 0.00561297 0.0250012 0.586158
2301 0.00064703 0.0298563 0.572526
2302 0.00486951 0.0251541 0.596842
2303 0.00064703 0.0291092 0.582963
2304 0.00412887 0.0252939 0.605782
2305 0.00064703 0.0283621 0.593147
2306 0.00338236 0.0254143 0.613227
2307 0.00064703 0.0276149 0.603095
2308 0.00262488 0.025512 0.619252
2309 0.000680345 0.0268366 0.613116
2310 0.00185866 0.0256011 0.623624
2311 0.000623094 0.0261064 0.622503
2312 0.00112829 0.0255765 0.627484
2313 0.000514771 0.0254966 0.630248
2314 0.000589716 0.0453571 0.278117
2315 0.013106 0.0219669 0.366846
2316 0.0110526 0.040577 0.232534
2317 0.0115194 0.0400659 0.228631
2318 0.0119614 0.0395433 0.224705
2319 0.0123705 0.038993 0.221326
2320 0.0105672 0.0410614 0.23648
2321 0.0127646 0.0384184 0.217901
2322 0.0100678 0.0415262 0.240211
2323 0.0131371 0.0378282 0.214501
2324 0.0095387 0.0419573 0.244369
2325 0.0134809 0.0372305 0.21129
2326 0.0089885 0.0423725 0.248341
2327 0.0137843 0.0366208 0.208796
2328 0.00842343 0.0427664 0.252066
2329 0.0140661 0.0359952 0.206462
2330 0.00784762 0.0431319 0.255594
2331 0.0143202 0.0353532 0.204522
2332 0.00724963 0.0434657 0.259209
2333 0.014553 0.0347087 0.202614
2334 0.00663488 0.0437758 0.262589
2335 0.0147448 0.0340534 0.20163
2336 0.00600958 0.0440643 0.265558
2337 0.0149086 0.0333855 0.201133
2338 0.0053776 0.0443231 0.268238
2339 0.015051 0.0327099 0.20083
2340 0.00472657 0.0445435 0.270986
2341 0.0151604 0.0320355 0.201174
2342 0.00405654 0.0447375 0.273462
2343 0.015232 0.0313559 0.202484
2344 0.00338151 0.044914 0.275268
2345 0.015273 0.0306689 0.204545
2346 0.00271797 0.0450733 0.276276
2347 0.0152903 0.0299805 0.207063
2348 0.00209521 0.0452894 0.274557
2349 0.0152806 0.0292958 0.210235
2350 0.00139387 0.0451544 0.28103
2351 0.0152306 0.0286152 0.214794
2352 0.0151489 0.0279315 0.220506
2353 0.0150427 0.0272512 0.227146
2354 0.0149105 0.0265808 0.234966
2355 0.0147388 0.0259168 0.244943
2356 0.00129903 0.0444117 0.299552
2357 0.0145343 0.0252519 0.257114
2358 0.00124949 0.0436591 0.317651
2359 0.0142985 0.0245856 0.271913
2360 0.00129506 0.042931 0.334383
2361 0.0140581 0.0239369 0.288281
2362 0.00129506 0.0421839 0.35124
2363 0.0138808 0.0233046 0.30229
2364 0.00129506 0.0414368 0.367623
2365 0.0133576 0.022762 0.340985
2366 0.00129506 0.0406897 0.38354
2367 0.00129506 0.0399425 0.399008
2368 0.00129506 0.0391954 0.414039
2369 0.00129506 0.0384483 0.428645
2370 0.00129506 0.0377011 0.44284
2371 0.0126315 0.0231055 0.379113
2372 0.00129506 0.036954 0.456637
2373 0.0119159 0.023433 0.411136
2374 0.00129506 0.0362069 0.47005
2375 0.011238 0.0237665 0.437456
2376 0.00129506 0.0354598 0.483092
2377 0.0105144 0.0240667 0.46303
2378 0.00129506 0.0347126 0.495776
2379 0.00981793 0.0243704 0.484785
2380 0.00129506 0.0339655 0.508117
2381 0.00908778 0.0246519 0.505519
2382 0.00129506 0.0332184 0.520128
2383 0.00836786 0.0248946 0.524069
2384 0.00129506 0.0324713 0.531823
2385 0.00763001 0.0251414 0.54089
2386 0.00129506 0.0317241 0.543213
2387 0.00687004 0.0253488 0.556564
2388 0.00129506 0.030977 0.554313
2389 0.00613655 0.025547 0.56969
2390 0.00129506 0.0302299 0.565134
2391 0.00537302 0.0257184 0.581765
2392 0.00129506 0.0294828 0.575688
2393 0.00462528 0.0258528 0.592075
2394 0.00129506 0.0287356 0.585977
2395 0.00385982 0.0260006 0.600571
2396 0.0012676 0.0279894 0.596124
2397 0.00308846 0.0261175 0.607603
2398 0.00130584 0.0272236 0.606029
2399 0.00230087 0.0262449 0.612746
2400 0.00142492 0.0263655 0.616502
2401 0.0108096 0.0398795 0.251833
2402 0.0103511 0.0403602 0.255301
2403 0.011236 0.0393831 0.248651
2404 0.0116383 0.0388723 0.245567
2405 0.0120291 0.0383378 0.242386
2406 0.00987503 0.0408053 0.258995
2407 0.0123992 0.03778 0.239363
2408 0.00938486 0.0412332 0.262477
2409 0.0127371 0.0372085 0.236755
2410 0.00886974 0.0416436 0.265974
2411 0.0130477 0.0366289 0.23437
2412 0.00833513 0.0420301 0.269452
2413 0.0133271 0.0360362 0.232468
2414 0.00778549 0.0423927 0.272784
2415 0.0135774 0.0354313 0.231012
2416 0.00722519 0.042726 0.275995
2417 0.0138143 0.0348155 0.229441
2418 0.00664553 0.0430338 0.279139
2419 0.0140174 0.0341932 0.228481
2420 0.00605373 0.0433208 0.28196
2421 0.0141864 0.0335596 0.228265
2422 0.00544961 0.0435842 0.284498
2423 0.0143323 0.0329196 0.228355
2424 0.00483879 0.0438164 0.286844
2425 0.0144526 0.0322701 0.228915
2426 0.00420175 0.0440104 0.289365
2427 0.0145418 0.0316236 0.230125
2428 0.00354376 0.0441808 0.291591
2429 0.0145956 0.0309664 0.232337
2430 0.00286903 0.0443617 0.292595
2431 0.0146207 0.0303113 0.235267
2432 0.0020864 0.0445803 0.292128
2433 0.0146256 0.0296534 0.238634
2434 0.0145993 0.0290011 0.242976
2435 0.0145373 0.0283461 0.248674
2436 0.0144454 0.027693 0.255599
2437 0.0143281 0.0270472 0.263688
2438 0.0141916 0.0264127 0.272812
2439 0.0140139 0.0257727 0.284426
2440 0.0137899 0.0251218 0.299255
2441 0.00188574 0.0433119 0.323185
2442 0.0135344 0.0244479 0.317054
2443 0.00193217 0.0425752 0.339805
2444 0.0132492 0.0236758 0.338918
2445 0.00194348 0.0418265 0.356383
2446 0.00194308 0.0410632 0.372857
2447 0.00194308 0.0403161 0.388516
2448 0.00194308 0.039569 0.403731
2449 0.00194308 0.0388218 0.418515
2450 0.00194308 0.0380747 0.43288
2451 0.00194308 0.0373276 0.44684
2452 0.0124963 0.0237734 0.379024
2453 0.00194308 0.0365805 0.460408
2454 0.0119144 0.0242592 0.402407
2455 0.00194308 0.0358333 0.473598
2456 0.0111157 0.0245058 0.434459
2457 0.00194308 0.0350862 0.486424
2458 0.0104278 0.0248186 0.457886
2459 0.00194308 0.0343391 0.4989
2460 0.00969322 0.0251256 0.48049
2461 0.00194308 0.033592 0.51104
2462 0.00893691 0.0253935 0.501644
2463 0.00194308 0.0328448 0.522857
2464 0.00819878 0.0256522 0.519921
2465 0.00194308 0.0320977 0.534364
2466 0.00744166 0.0258863 0.536754
2467 0.00194308 0.0313506 0.545575
2468 0.00667408 0.0260799 0.552122
2469 0.00194308 0.0306034 0.556503
2470 0.00590193 0.0262782 0.565371
2471 0.00194308 0.0298563 0.56716
2472 0.00511496 0.0264298 0.577376
2473 0.00195917 0.0290711 0.577978
2474 0.00436337 0.0265703 0.586929
2475 0.00194952 0.0283052 0.588414
2476 0.00359498 0.026711 0.594827
2477 0.00182532 0.0276409 0.597932
2478 0.00282074 0.0268717 0.600608
2479 0.00205127 0.0269893 0.605023
2480 0.00179436 0.0439587 0.308407
2481 0.0101191 0.0396801 0.273714
2482 0.0105396 0.039192 0.271257
2483 0.00965807 0.040103 0.277576
2484 0.0109159 0.0387162 0.269021
2485 0.0112927 0.0382407 0.266033
2486 0.0116877 0.0377038 0.262705
2487 0.0091919 0.0405191 0.280852
2488 0.0120005 0.0371535 0.261321
2489 0.00871557 0.040924 0.283742
2490 0.0123163 0.0366088 0.259024
2491 0.00821679 0.0413069 0.286718
2492 0.0125996 0.0360491 0.257276
2493 0.007698 0.04166 0.289846
2494 0.0128314 0.0354751 0.256829
2495 0.00716794 0.0419912 0.292773
2496 0.0130741 0.0348945 0.255424
2497 0.00662498 0.0422945 0.295642
2498 0.0132893 0.0343003 0.254487
2499 0.00606521 0.0425798 0.298278
2500 0.0134637 0.0336988 0.254507
2501 0.00549365 0.0428428 0.300668
2502 0.013609 0.0330899 0.255121
2503 0.00491919 0.0430852 0.302643
2504 0.0137401 0.0324785 0.25575
2505 0.00434076 0.0432957 0.304488
2506 0.013842 0.0318603 0.257041
2507 0.00370157 0.0434453 0.307419
2508 0.0139082 0.0312369 0.259325
2509 0.00306191 0.0435888 0.309462
2510 0.0139417 0.0306096 0.262568
2511 0.0139572 0.0299818 0.266189
2512 0.013949 0.0293584 0.270476
2513 0.0139162 0.0287301 0.27561
2514 0.0138365 0.0281024 0.282711
2515 0.0137241 0.0274831 0.291296
2516 0.0136107 0.0268776 0.299972
2517 0.0134846 0.0262846 0.309424
2518 0.0132945 0.0256543 0.32273
2519 0.0130266 0.0250383 0.340671
2520 0.00254345 0.0430303 0.326003
2521 0.0127644 0.0243906 0.359441
2522 0.00258939 0.0422482 0.343333
2523 0.00258326 0.0414652 0.360494
2524 0.0025911 0.0406897 0.376895
2525 0.0025911 0.0399425 0.392288
2526 0.0025911 0.0391954 0.40724
2527 0.0025911 0.0384483 0.421766
2528 0.0025911 0.0377011 0.435879
2529 0.0025911 0.036954 0.449592
2530 0.0025911 0.0362069 0.46292
2531 0.0115903 0.024947 0.40968
2532 0.0025911 0.0354598 0.475877
2533 0.0110125 0.0252767 0.430365
2534 0.0025911 0.0347126 0.488477
2535 0.0103012 0.0255944 0.45402
2536 0.0025911 0.0339655 0.500733
2537 0.00955821 0.0258854 0.476417
2538 0.0025911 0.0332184 0.512661
2539 0.00879222 0.026159 0.497151
2540 0.0025911 0.0324713 0.524274
2541 0.0080211 0.0264308 0.515536
2542 0.0025911 0.0317241 0.535585
2543 0.00723809 0.0266364 0.532639
2544 0.0025911 0.030977 0.546609
2545 0.00644963 0.0268323 0.5477
2546 0.0025911 0.0302299 0.557356
2547 0.00565923 0.0270085 0.560821
2548 0.00260612 0.0294427 0.568272
2549 0.00489485 0.0271384 0.571999
2550 0.00263401 0.0286116 0.579396
2551 0.00413079 0.0272763 0.58112
2552 0.00256932 0.0276965 0.592122
2553 0.00337023 0.0274371 0.588017
2554 0.00244065 0.043811 0.30849
2555 0.0099261 0.0390705 0.289465
2556 0.00943395 0.0394175 0.295604
2557 0.0102054 0.0385358 0.291477
2558 0.00897421 0.0398086 0.299298
2559 0.0105805 0.0380483 0.289422
2560 0.0110488 0.0376567 0.282384
2561 0.011269 0.0370863 0.284768
2562 0.00853003 0.0402169 0.301509
2563 0.011573 0.0365422 0.283571
2564 0.00806771 0.0406053 0.303743
2565 0.0119577 0.0360877 0.277812
2566 0.00758713 0.0409393 0.306657
2567 0.0120617 0.0355029 0.282379
2568 0.00708096 0.0412671 0.309398
2569 0.0123201 0.0349491 0.2809
2570 0.00657115 0.0415657 0.311997
2571 0.0125713 0.034392 0.279059
2572 0.00604937 0.0418401 0.314492
2573 0.0127495 0.0338099 0.279447
2574 0.00550705 0.0421047 0.316681
2575 0.0128797 0.0332336 0.281016
2576 0.0049553 0.0423502 0.318568
2577 0.0130123 0.032653 0.282076
2578 0.00440973 0.0425981 0.31948
2579 0.0131455 0.0320686 0.282656
2580 0.00392178 0.0428372 0.319176
2581 0.0132254 0.0314738 0.284901
2582 0.00325683 0.0427441 0.327327
2583 0.0132512 0.0308829 0.288927
2584 0.0132761 0.0302825 0.292767
2585 0.0132765 0.0296793 0.297361
2586 0.0132816 0.029091 0.301409
2587 0.0132416 0.0284829 0.307336
2588 0.0131116 0.0278903 0.31716
2589 0.0129902 0.0273011 0.326698
2590 0.0128985 0.02672 0.334974
2591 0.0128757 0.0261359 0.340185
2592 0.0125455 0.0256374 0.359855
2593 0.00321552 0.0418704 0.347017
2594 0.00321981 0.041086 0.363832
2595 0.00323913 0.0403161 0.379714
2596 0.00323913 0.039569 0.394828
2597 0.00323913 0.0388218 0.409506
2598 0.00323913 0.0380747 0.423762
2599 0.00323913 0.0373276 0.43761
2600 0.00323913 0.0365805 0.451065
2601 0.00323913 0.0358333 0.464141
2602 0.0117247 0.0257037 0.396559
2603 0.00323913 0.0350862 0.476852
2604 0.0109429 0.0260593 0.425007
2605 0.00323913 0.0343391 0.489214
2606 0.0101734 0.0263773 0.450075
2607 0.00323913 0.033592 0.50124
2608 0.00939528 0.0266615 0.472921
2609 0.00323913 0.0328448 0.512946
2610 0.00861796 0.0269646 0.492832
2611 0.00323913 0.0320977 0.524345
2612 0.00782459 0.0271978 0.511477
2613 0.00323913 0.0313506 0.535453
2614 0.00700277 0.0273839 0.52894
2615 0.00323913 0.0306034 0.546282
2616 0.00619542 0.0276015 0.543267
2617 0.00325662 0.0298411 0.556884
2618 0.00541688 0.027725 0.55601
2619 0.00327275 0.0290665 0.567396
2620 0.00467399 0.0278263 0.56652
2621 0.0032888 0.0282529 0.578172
2622 0.0122381 0.0250108 0.379805
2623 0.00396194 0.0280021 0.573861
2624 0.00937673 0.0385806 0.311887
2625 0.0098705 0.0378879 0.311131
2626 0.0082761 0.0395022 0.3205
2627 0.0050449 0.0408306 0.349783
2628 0.00757757 0.0311953 0.466777
2629 0.0108276 0.03649 0.306718
2630 0.00794839 0.0399926 0.31803
2631 0.0070607 0.0308291 0.483271
2632 0.00745612 0.040238 0.323063
2633 0.0112972 0.0357611 0.303209
2634 0.00707775 0.0406349 0.322225
2635 0.0115442 0.0350152 0.305562
2636 0.00653593 0.0408073 0.328198
2637 0.0118224 0.0344155 0.304206
2638 0.0060183 0.0410958 0.330564
2639 0.012141 0.0339388 0.299237
2640 0.00550717 0.0413696 0.332336
2641 0.0121595 0.0333658 0.305299
2642 0.00497484 0.0416045 0.334449
2643 0.012258 0.0327917 0.308235
2644 0.00440477 0.0418858 0.335182
2645 0.0124213 0.0322348 0.308218
2646 0.003832 0.0421833 0.334648
2647 0.0126456 0.031709 0.305084
2648 0.0125667 0.031143 0.313503
2649 0.012556 0.0305599 0.319288
2650 0.0125694 0.029955 0.324097
2651 0.0126154 0.0293879 0.327047
2652 0.0127246 0.0288286 0.327032
2653 0.0125273 0.0282912 0.339649
2654 0.0123456 0.0277105 0.352082
2655 0.0122497 0.0270638 0.361566
2656 0.0122082 0.0263459 0.369391
2657 0.00382829 0.0414691 0.350185
2658 0.00386655 0.0407066 0.36588
2659 0.00388715 0.0399425 0.381293
2660 0.00388715 0.0391954 0.396114
2661 0.00388715 0.0384483 0.410503
2662 0.00388715 0.0377011 0.424475
2663 0.00388715 0.036954 0.438046
2664 0.00388715 0.0362069 0.45123
2665 0.00388715 0.0354598 0.464042
2666 0.0115514 0.0265945 0.395286
2667 0.00388715 0.0347126 0.476496
2668 0.0108157 0.0268957 0.421221
2669 0.00388715 0.0339655 0.488607
2670 0.0100266 0.0271657 0.446549
2671 0.00388715 0.0332184 0.500392
2672 0.00924609 0.0274499 0.468594
2673 0.00388715 0.0324713 0.511864
2674 0.00844263 0.0278365 0.487471
2675 0.00388715 0.0317241 0.523041
2676 0.00755235 0.0279683 0.508886
2677 0.00388715 0.030977 0.533937
2678 0.00671543 0.0281758 0.525357
2679 0.0038984 0.0302335 0.544384
2680 0.00592063 0.0283392 0.539135
2681 0.00393848 0.0294867 0.55428
2682 0.0051265 0.0284338 0.551646
2683 0.00394041 0.0287881 0.563718
2684 0.00878045 0.0390663 0.317345
2685 0.00909705 0.0377823 0.332317
2686 0.00957987 0.0371841 0.33016
2687 0.00746488 0.0394601 0.337891
2688 0.0100188 0.0365166 0.329088
2689 0.0104215 0.035826 0.328236
2690 0.0107441 0.0350734 0.329493
2691 0.00674682 0.0399951 0.340824
2692 0.00561554 0.0406064 0.34654
2693 0.0110364 0.0343493 0.330311
2694 0.0114914 0.0330062 0.332288
2695 0.00443888 0.0411349 0.350823
2696 0.011653 0.0322702 0.335203
2697 0.0118437 0.0309086 0.342856
2698 0.0118382 0.0302221 0.349853
2699 0.0120211 0.028886 0.355294
2700 0.0114952 0.0274823 0.3892
2701 0.0045245 0.0403634 0.365814
2702 0.00457595 0.0395998 0.380508
2703 0.00455856 0.0388329 0.395624
2704 0.00453518 0.0380747 0.410205
2705 0.00453518 0.0373276 0.423882
2706 0.00453518 0.0365805 0.437163
2707 0.00453518 0.0358333 0.450063
2708 0.00453518 0.0350862 0.462597
2709 0.00453518 0.0343391 0.47478
2710 0.010644 0.0276865 0.419356
2711 0.00453518 0.033592 0.486629
2712 0.00988761 0.0279377 0.442644
2713 0.00453518 0.0328448 0.498158
2714 0.00919177 0.0282035 0.46149
2715 0.00453518 0.0320977 0.509386
2716 0.00802096 0.0285647 0.489728
2717 0.00453518 0.0313506 0.520328
2718 0.00727142 0.0287254 0.506047
2719 0.00455174 0.0306104 0.530674
2720 0.00645047 0.0290257 0.520007
2721 0.00456834 0.0298809 0.540614
2722 0.00556491 0.0290282 0.536564
2723 0.00469547 0.0291017 0.549463
2724 0.00857874 0.038324 0.335133
2725 0.00802554 0.0388384 0.338028
2726 0.0117379 0.028262 0.372202
2727 0.00866715 0.0285583 0.472462
2728 0.00881874 0.0370706 0.350811
2729 0.00921665 0.0364842 0.350546
2730 0.00665701 0.0391413 0.35876
2731 0.00960205 0.0358455 0.350478
2732 0.00993602 0.035107 0.352296
2733 0.0102583 0.0343373 0.353913
2734 0.0108439 0.0324743 0.359838
2735 0.0111088 0.0305873 0.372389
2736 0.00530561 0.0400291 0.362637
2737 0.00526151 0.0392213 0.379058
2738 0.00520765 0.0384501 0.394448
2739 0.0051832 0.0377011 0.408591
2740 0.0051832 0.036954 0.421959
2741 0.0051832 0.0362069 0.434938
2742 0.0051832 0.0354598 0.44754
2743 0.0051832 0.0347126 0.459782
2744 0.0051832 0.0339655 0.471679
2745 0.0104851 0.0284641 0.416664
2746 0.0051832 0.0332184 0.483249
2747 0.00982537 0.0287294 0.43576
2748 0.0051832 0.0324713 0.494509
2749 0.0051832 0.0317241 0.505478
2750 0.00782264 0.0292729 0.485909
2751 0.00519389 0.0309854 0.515887
2752 0.00717536 0.0294464 0.498983
2753 0.00524085 0.0302469 0.525454
2754 0.00593983 0.0297514 0.52019
2755 0.00833061 0.037593 0.353328
2756 0.00727097 0.0386369 0.356876
2757 0.00600712 0.0395652 0.361409
2758 0.0106834 0.0334708 0.352651
2759 0.0111263 0.0315133 0.361706
2760 0.011141 0.0297698 0.379866
2761 0.00919607 0.0290074 0.451921
2762 0.00850706 0.0291799 0.469351
2763 0.00662771 0.0297454 0.506852
2764 0.00783039 0.0380675 0.355895
2765 0.00845306 0.0364032 0.370264
2766 0.00880024 0.0358423 0.370908
2767 0.00915392 0.0351713 0.372236
2768 0.00941416 0.034413 0.376464
2769 0.0059181 0.0388047 0.377317
2770 0.00584041 0.0380565 0.392387
2771 0.00580956 0.0373173 0.406164
2772 0.00581422 0.0365772 0.419016
2773 0.00583123 0.0358333 0.431347
2774 0.00583123 0.0350862 0.443636
2775 0.00583123 0.0343391 0.45557
2776 0.00583123 0.033592 0.467166
2777 0.0104699 0.0292614 0.408614
2778 0.00584203 0.0328655 0.477948
2779 0.00583411 0.0321321 0.488865
2780 0.00582977 0.0313891 0.499586
2781 0.00772738 0.0300043 0.478909
2782 0.00585222 0.0306159 0.50999
2783 0.0112002 0.0289453 0.386153
2784 0.00816345 0.0369603 0.36765
2785 0.00653956 0.0383744 0.37504
2786 0.00972997 0.0336192 0.378845
2787 0.0102106 0.0318415 0.387447
2788 0.0100157 0.0327692 0.381736
2789 0.0104128 0.0300975 0.401293
2790 0.0103487 0.030962 0.39352
2791 0.00975388 0.0295627 0.428516
2792 0.00827785 0.029774 0.468026
2793 0.00712438 0.0301936 0.490358
2794 0.00759239 0.037279 0.374513
2795 0.00711357 0.0378971 0.373189
2796 0.00898429 0.0298608 0.447852
2797 0.00795873 0.0357139 0.392525
2798 0.00845956 0.0352389 0.388335
2799 0.00861571 0.0345764 0.394585
2800 0.00643083 0.0376578 0.38984
2801 0.00640942 0.0369502 0.402624
2802 0.00647071 0.0362282 0.41384
2803 0.00650588 0.035503 0.425182
2804 0.00651989 0.0347579 0.436859
2805 0.00652112 0.0340085 0.448487
2806 0.00651473 0.0332613 0.459892
2807 0.0064996 0.0325276 0.470964
2808 0.0064727 0.0318055 0.481823
2809 0.00645857 0.0310903 0.492096
2810 0.00648809 0.0303718 0.501324
2811 0.00769621 0.0364719 0.3859
2812 0.00876983 0.0337309 0.403039
2813 0.00837853 0.0304046 0.457453
2814 0.00769307 0.0306236 0.471688
2815 0.00919077 0.0329346 0.402883
2816 0.00938761 0.0321321 0.408038
2817 0.0095361 0.0312732 0.414652
2818 0.0096637 0.03041 0.421318
2819 0.00788254 0.0348849 0.4071
2820 0.00715795 0.0359541 0.405438
2821 0.00721086 0.0352028 0.416441
2822 0.00720787 0.0344264 0.428583
2823 0.00721487 0.0336717 0.439821
2824 0.00719279 0.0329273 0.451196
2825 0.00714866 0.0321894 0.462662
2826 0.00708847 0.0315173 0.473301
2827 0.00705942 0.0366823 0.39525
2828 0.0104383 0.0372315 0.306501
2829 0.00794196 0.0341049 0.417518
2830 0.00791962 0.033349 0.429037
2831 0.00819271 0.0311294 0.45284
2832 0.0085901 0.0323244 0.426956
2833 0.00872133 0.0316551 0.432444
2834 0.00784765 0.0325649 0.441824
2835 0.00780981 0.0318112 0.453143
2836 0.00693379 0.0372956 0.387107
2837 0.00894578 0.0307688 0.437688
2838 0.0110805 0.02819 0.398073
2839 0.0085204 0.0329919 0.419566
2840 0.0114549 0.0337309 0.32476
2841 0.00612385 0.0402523 0.346053
