1 0 0 7.38105
2 -1.31814e-05 0.0843 7.44325
3 0.00180575 0.000476598 6.71168
4 0.00361149 0.000953196 6.61157
5 0.00541223 0.00144707 6.58801
6 0.00719307 0.00200963 6.57369
7 0.00897391 0.0025722 6.57878
8 0.0107403 0.00317618 6.59094
9 0.0124856 0.00384099 6.59623
10 0.0142125 0.00454948 6.61889
11 0.0159108 0.00532654 6.62936
12 0.0175898 0.00614232 6.67483
13 0.0192168 0.0070579 6.71515
14 0.020791 0.00806171 6.76049
15 0.0223077 0.00915007 6.83522
16 0.0237369 0.0103507 6.90875
17 0.025078 0.0116498 7.01039
18 0.0262937 0.0130663 7.09637
19 0.0273992 0.0145709 7.19878
20 0.0283687 0.0161663 7.28414
21 0.0292153 0.0178301 7.35923
22 0.0299473 0.0195475 7.42322
23 0.0305733 0.0213065 7.47967
24 0.0310975 0.0230985 7.53508
25 0.0315156 0.0249183 7.58194
26 0.0318266 0.0267594 7.61703
27 0.0320342 0.0286149 7.64794
28 0.0321332 0.0304794 7.67394
29 0.0320993 0.0323462 7.66454
30 0.0319454 0.0342068 7.64161
31 0.0316734 0.0360539 7.60465
32 0.0312838 0.0378799 7.55312
33 0.0307757 0.0396767 7.48027
34 0.0301753 0.0414447 7.41288
35 0.0294957 0.0431839 7.35156
36 0.0287499 0.044896 7.29311
37 0.0279523 0.0465846 7.24728
38 0.0271167 0.0482548 7.20715
39 0.0262619 0.0499153 7.18276
40 0.0254014 0.0515728 7.16699
41 0.0245495 0.0532348 7.16127
42 0.0237201 0.054908 7.16255
43 0.022928 0.0565992 7.17183
44 0.0221917 0.0583154 7.19205
45 0.0215252 0.0600598 7.22345
46 0.0209331 0.0618306 7.25962
47 0.0204178 0.0636255 7.30486
48 0.0199762 0.0654399 7.36646
49 0.0195829 0.0672656 7.43513
50 0.019193 0.0690919 7.49628
51 0.0187485 0.0709056 7.53716
52 0.0181722 0.0726806 7.52348
53 0.017385 0.0743734 7.42129
54 0.0163461 0.0759211 7.24561
55 0.0150989 0.0773095 7.07555
56 0.0136763 0.0785163 6.91278
57 0.0121235 0.0795539 6.7867
58 0.0105 0.0804767 6.71847
59 0.00881506 0.0812813 6.66267
60 0.0070772 0.0819634 6.6103
61 0.00533155 0.0826272 6.61929
62 0.00356673 0.0832343 6.65571
63 0.00177677 0.0837672 6.73654
64 -1.28885e-05 0.0824267 5.53312
65 -1.25956e-05 0.0805533 3.85642
66 -1.23027e-05 0.07868 2.47567
67 -1.20098e-05 0.0768067 1.44414
68 -1.17168e-05 0.0749333 0.773739
69 -1.14239e-05 0.07306 0.385541
70 -1.1131e-05 0.0711867 0.180142
71 -1.08381e-05 0.0693133 0.0804517
72 -1.05452e-05 0.06744 0.034858
73 -1.02522e-05 0.0655667 0.0148008
74 -9.95932e-06 0.0636933 0.00619948
75 -9.66639e-06 0.06182 0.0025726
76 -9.37347e-06 0.0599467 0.00106063
77 -9.08055e-06 0.0580733 0.000435283
78 -8.78763e-06 0.0562 0.000178065
79 -8.49471e-06 0.0543267 7.26805e-05
80 -8.20179e-06 0.0524533 2.96237e-05
81 -7.90887e-06 0.05058 1.20669e-05
82 -7.61595e-06 0.0487067 4.92013e-06
83 -7.32303e-06 0.0468333 2.02124e-06
84 -7.03011e-06 0.04496 8.66606e-07
85 -6.73718e-06 0.0430867 4.58874e-07
86 -6.44426e-06 0.0412133 4.46833e-07
87 -6.15134e-06 0.03934 8.22104e-07
88 -5.85842e-06 0.0374667 1.91247e-06
89 -5.5655e-06 0.0355933 4.66622e-06
90 -5.27258e-06 0.03372 1.14721e-05
91 -4.97966e-06 0.0318467 2.8217e-05
92 -4.68674e-06 0.0299733 6.93324e-05
93 -4.39382e-06 0.0281 0.000170082
94 -4.10089e-06 0.0262267 0.000416303
95 -3.80797e-06 0.0243533 0.00101585
96 -3.51505e-06 0.02248 0.00246832
97 -3.22213e-06 0.0206067 0.00596145
98 -2.92921e-06 0.0187333 0.0142732
99 -2.63629e-06 0.01686 0.0337383
100 -2.34337e-06 0.0149867 0.0782259
101 -2.05045e-06 0.0131133 0.176117
102 -1.75753e-06 0.01124 0.379406
103 -1.46461e-06 0.00936667 0.759512
104 -1.17168e-06 0.00749333 1.40616
105 -8.78763e-07 0.00562 2.39442
106 -5.85842e-07 0.00374667 3.75362
107 -2.92921e-07 0.00187333 5.44603
108 0.0160649 0.0264615 0.00047191
109 0.0158035 0.0297037 7.77253e-05
110 0.0111784 0.0605903 0.00541757
111 0.00456453 0.0775323 1.63897
112 0.0159542 0.0281201 0.000177751
113 0.0119083 0.0775922 4.44603
114 0.0132471 0.076627 4.52813
115 0.0144382 0.0754501 4.54494
116 0.0104227 0.0784787 4.38571
117 0.015427 0.074205 4.55356
118 0.00885865 0.0793187 4.39697
119 0.0162805 0.072764 4.5462
120 0.00722972 0.0800243 4.38614
121 0.0168713 0.0711966 4.34881
122 0.00549848 0.0806353 4.3508
123 0.0173598 0.0695284 4.15337
124 0.00356339 0.0811687 4.27724
125 0.0177921 0.0677673 3.97615
126 0.00180077 0.0817633 4.5167
127 0.0182055 0.0660052 3.85449
128 0.0186321 0.0641655 3.73953
129 0.01913 0.0622883 3.6906
130 0.0197103 0.0604417 3.71287
131 0.0019845 0.0796923 2.7003
132 0.0203559 0.0586287 3.75254
133 0.00158033 0.0776754 1.47507
134 0.0210773 0.0568435 3.81361
135 0.00156318 0.0758169 0.725782
136 0.0218603 0.0550938 3.88133
137 0.00161078 0.0739969 0.312394
138 0.0226885 0.0533596 3.93363
139 0.00161108 0.0721236 0.119813
140 0.0235332 0.0516815 3.98414
141 0.00161137 0.0702503 0.044134
142 0.0243924 0.0500078 4.01944
143 0.00161166 0.0683769 0.0162424
144 0.0252407 0.0483582 4.04725
145 0.00161196 0.0665036 0.00606371
146 0.0260829 0.0466979 4.07556
147 0.00161225 0.0646303 0.00230534
148 0.0268705 0.0450686 4.09524
149 0.00161254 0.0627569 0.000890662
150 0.0276283 0.0433917 4.11048
151 0.00161283 0.0608836 0.000348564
152 0.0282773 0.0417366 4.07853
153 0.00161313 0.0590103 0.000137779
154 0.0288838 0.040055 4.0904
155 0.00161342 0.0571369 5.48826e-05
156 0.0294025 0.0383552 4.10041
157 0.00161371 0.0552636 2.19966e-05
158 0.0298194 0.0366329 4.10186
159 0.00161401 0.0533903 8.86196e-06
160 0.0301264 0.0348937 4.09629
161 0.0016143 0.0515169 3.58759e-06
162 0.030337 0.0331524 4.11636
163 0.00161459 0.0496436 1.45999e-06
164 0.0304478 0.0314023 4.15724
165 0.00161488 0.0477703 5.9885e-07
166 0.0304327 0.0296345 4.17456
167 0.00161518 0.0458969 2.51112e-07
168 0.0302864 0.0278757 4.15713
169 0.00161547 0.0440236 1.1603e-07
170 0.0300217 0.0261344 4.12124
171 0.00161576 0.0421503 7.84216e-08
172 0.0296717 0.0244014 4.12325
173 0.00161606 0.0402769 1.0755e-07
174 0.0292243 0.0226947 4.13773
175 0.00161635 0.0384036 2.30772e-07
176 0.0286818 0.0210198 4.16661
177 0.00161664 0.0365303 5.5859e-07
178 0.0280607 0.0193846 4.23336
179 0.00161694 0.0346569 1.38397e-06
180 0.0273225 0.0177997 4.27825
181 0.00161723 0.0327836 3.44621e-06
182 0.0264578 0.016283 4.2928
183 0.00161752 0.0309103 8.60106e-06
184 0.0254849 0.0148721 4.28988
185 0.00161781 0.0290369 2.15193e-05
186 0.0244096 0.013512 4.31884
187 0.00161811 0.0271636 5.40197e-05
188 0.0232333 0.0122437 4.35157
189 0.0016184 0.0252903 0.000136232
190 0.0219351 0.0110618 4.36598
191 0.00161869 0.0234169 0.000345755
192 0.0205577 0.00999029 4.36789
193 0.00161899 0.0215436 0.000885137
194 0.0190889 0.00901423 4.35199
195 0.00161928 0.0196703 0.00229217
196 0.0175654 0.00809653 4.36351
197 0.00161957 0.0177969 0.00602332
198 0.0159873 0.00726315 4.37113
199 0.00161986 0.0159236 0.016096
200 0.0143615 0.00650648 4.3601
201 0.00162016 0.0140503 0.0436387
202 0.0127088 0.00577929 4.37906
203 0.00162045 0.0121769 0.117936
204 0.0110052 0.00511702 4.37638
205 0.00166324 0.0102635 0.307917
206 0.00931912 0.00448259 4.41517
207 0.00166159 0.00833802 0.737099
208 0.00763455 0.00389931 4.45662
209 0.00167535 0.006373 1.53983
210 0.00583639 0.00337866 4.44726
211 0.00185111 0.00433098 2.82925
212 0.00376714 0.00319825 4.06669
213 0.00184529 0.00245894 4.49914
214 0.0116181 0.0757519 2.70738
215 0.0103723 0.0766401 2.75501
216 0.0128796 0.075029 2.95432
217 0.0135911 0.0737755 2.57617
218 0.00891353 0.0774557 2.75029
219 0.0146566 0.0728236 2.84781
220 0.00740932 0.0781101 2.70925
221 0.015049 0.0714021 2.38701
222 0.00583208 0.0786422 2.65017
223 0.0155344 0.0698664 2.10904
224 0.00405107 0.0795209 2.90519
225 0.0159887 0.0682067 1.88219
226 0.0164109 0.0664848 1.70493
227 0.0168302 0.064717 1.57678
228 0.0172895 0.0627887 1.4722
229 0.0178512 0.0608699 1.46348
230 0.0184824 0.0589822 1.49566
231 0.0191878 0.0571259 1.55561
232 0.00311698 0.0765969 1.02728
233 0.0199641 0.055308 1.63434
234 0.00312163 0.0748443 0.480173
235 0.0207948 0.0535289 1.71633
236 0.00315252 0.0730369 0.194302
237 0.0216587 0.0517895 1.79205
238 0.00324663 0.0712313 0.0711655
239 0.0225153 0.0501015 1.84284
240 0.00326818 0.0693586 0.0243188
241 0.0233818 0.0484452 1.89319
242 0.00323474 0.0674405 0.00811023
243 0.0242198 0.0467966 1.91432
244 0.00323503 0.0655672 0.00278982
245 0.0250276 0.0451828 1.93275
246 0.00323533 0.0636938 0.000973507
247 0.025741 0.0435776 1.89836
248 0.00323562 0.0618205 0.000345289
249 0.0264246 0.0419633 1.88091
250 0.00323591 0.0599472 0.000124632
251 0.0270389 0.0403554 1.86179
252 0.00323621 0.0580738 4.58263e-05
253 0.0275812 0.0387423 1.85016
254 0.0032365 0.0562005 1.71827e-05
255 0.028025 0.0371142 1.8295
256 0.00323679 0.0543272 6.58205e-06
257 0.0283535 0.0354697 1.79054
258 0.00323708 0.0524538 2.58338e-06
259 0.0285862 0.033833 1.76564
260 0.00323738 0.0505805 1.04246e-06
261 0.0287604 0.0321904 1.79887
262 0.00323767 0.0487072 4.33798e-07
263 0.0288694 0.0305511 1.88466
264 0.00323796 0.0468338 1.8696e-07
265 0.0287776 0.0288635 1.87347
266 0.00323826 0.0449605 8.49399e-08
267 0.0285355 0.0272381 1.82216
268 0.00323855 0.0430872 4.44321e-08
269 0.0282543 0.0255932 1.85237
270 0.00323884 0.0412138 3.55472e-08
271 0.0278665 0.0239579 1.88998
272 0.00323913 0.0393405 5.49414e-08
273 0.0273874 0.022362 1.94288
274 0.00323943 0.0374672 1.24543e-07
275 0.0268489 0.0208054 2.04263
276 0.00323972 0.0355938 3.15114e-07
277 0.0262682 0.0192897 2.20328
278 0.00324001 0.0337205 8.20098e-07
279 0.0255107 0.0178288 2.28584
280 0.00324031 0.0318472 2.1602e-06
281 0.024621 0.0165239 2.30386
282 0.0032406 0.0299738 5.74652e-06
283 0.0236591 0.0152385 2.36898
284 0.00324089 0.0281005 1.54462e-05
285 0.0226184 0.0140008 2.46413
286 0.00324118 0.0262272 4.19925e-05
287 0.0215233 0.0128297 2.59607
288 0.00324148 0.0243538 0.000115577
289 0.0202472 0.011763 2.6365
290 0.00324177 0.0224805 0.000322306
291 0.0189034 0.010846 2.63178
292 0.00324206 0.0206072 0.000911091
293 0.017499 0.00992605 2.68837
294 0.00324236 0.0187338 0.0026104
295 0.0160029 0.00911594 2.69376
296 0.00324265 0.0168605 0.00757081
297 0.0144644 0.00836454 2.70093
298 0.00324294 0.0149872 0.0221347
299 0.0128733 0.00765355 2.71413
300 0.00329162 0.0130761 0.0655778
301 0.0112168 0.00698314 2.72302
302 0.00332792 0.0111765 0.187508
303 0.00955714 0.0063622 2.73993
304 0.00332341 0.009231 0.500502
305 0.00793646 0.00573654 2.81538
306 0.003279 0.00728147 1.1455
307 0.00629235 0.00517419 2.87332
308 0.00324601 0.00520883 2.3111
309 0.00305488 0.0782782 1.87559
310 0.0101333 0.0747708 1.48877
311 0.0115337 0.0736263 1.39939
312 0.00909308 0.0758229 1.73794
313 0.0130062 0.0719337 1.27969
314 0.0076627 0.0759854 1.40974
315 0.00620968 0.0763637 1.30666
316 0.0136909 0.0702002 1.00969
317 0.0141847 0.0686052 0.802233
318 0.0146119 0.0669381 0.638275
319 0.015004 0.0651677 0.509713
320 0.0154325 0.0632871 0.428496
321 0.0159678 0.0613382 0.401061
322 0.0165789 0.0593926 0.404712
323 0.0172685 0.0574594 0.427502
324 0.0180269 0.0555692 0.463761
325 0.00479539 0.0755504 0.784569
326 0.0188514 0.0537324 0.512659
327 0.00449376 0.0739451 0.36929
328 0.0197353 0.0519367 0.569426
329 0.0048811 0.0723208 0.161206
330 0.0206307 0.0502065 0.624188
331 0.00492952 0.0704071 0.055696
332 0.0215124 0.048522 0.663058
333 0.00492999 0.0684603 0.0180758
334 0.0223652 0.0468912 0.689005
335 0.00485782 0.0665041 0.00581953
336 0.0231419 0.0453011 0.688262
337 0.00485811 0.0646308 0.00198158
338 0.023896 0.0437087 0.682395
339 0.0048584 0.0627574 0.000682426
340 0.0245642 0.0421403 0.655178
341 0.0048587 0.0608841 0.000238915
342 0.0251907 0.0405749 0.63393
343 0.00485899 0.0590108 8.55612e-05
344 0.0257456 0.0390355 0.61575
345 0.00485928 0.0571374 3.14928e-05
346 0.0262616 0.037523 0.621375
347 0.00485958 0.0552641 1.20267e-05
348 0.0266167 0.035956 0.585295
349 0.00485987 0.0533908 4.82432e-06
350 0.02682 0.0344112 0.527103
351 0.00486016 0.0515174 2.05324e-06
352 0.0270451 0.0328603 0.535192
353 0.00486045 0.0496441 9.25201e-07
354 0.0271812 0.0313146 0.563426
355 0.00486075 0.0477708 4.37586e-07
356 0.0274423 0.029775 0.735271
357 0.00486104 0.0458974 2.14912e-07
358 0.0269829 0.0282763 0.551646
359 0.00486133 0.0440241 1.09447e-07
360 0.0268046 0.0267083 0.597685
361 0.00486163 0.0421508 6.03728e-08
362 0.0264998 0.0251279 0.644429
363 0.00486192 0.0402774 4.39406e-08
364 0.0260599 0.0236129 0.67812
365 0.00486221 0.0384041 5.83109e-08
366 0.0255565 0.0221072 0.741766
367 0.00486251 0.0365308 1.28899e-07
368 0.0250403 0.0206769 0.849416
369 0.0048628 0.0346574 3.42697e-07
370 0.0246699 0.0191991 1.12544
371 0.00486309 0.0327841 9.54936e-07
372 0.0236955 0.0181047 1.01952
373 0.00486338 0.0309108 2.70148e-06
374 0.0228591 0.0169068 1.09324
375 0.00486368 0.0290374 7.7103e-06
376 0.0219021 0.0156839 1.18296
377 0.00486397 0.0271641 2.21747e-05
378 0.0208809 0.0145714 1.27252
379 0.00486426 0.0252908 6.4245e-05
380 0.019998 0.0133386 1.5475
381 0.00486456 0.0234174 0.00018748
382 0.0186261 0.0126646 1.38695
383 0.00486485 0.0215441 0.000550971
384 0.0173564 0.0117671 1.46429
385 0.00486514 0.0196708 0.00163009
386 0.0159492 0.0109225 1.49954
387 0.00486543 0.0177974 0.00485086
388 0.0144955 0.0102033 1.50106
389 0.00486573 0.0159241 0.014483
390 0.0129858 0.00950076 1.52127
391 0.00492442 0.0139922 0.0444568
392 0.0113942 0.00885407 1.52292
393 0.004987 0.0120748 0.133023
394 0.00975571 0.00825857 1.51831
395 0.00502877 0.01013 0.373208
396 0.00811033 0.00765383 1.5501
397 0.00495882 0.00818087 0.903346
398 0.00648073 0.00700213 1.64228
399 0.00481249 0.00634209 1.77871
400 0.00478238 0.00464861 2.98749
401 0.00839362 0.0742817 0.849756
402 0.00956765 0.0727619 0.587672
403 0.010791 0.0715141 0.489926
404 0.0119766 0.0703276 0.498843
405 0.0123653 0.0689306 0.337765
406 0.0128601 0.0673871 0.242655
407 0.0131786 0.0656815 0.156057
408 0.0135238 0.0637771 0.102601
409 0.0140375 0.0618432 0.0857622
410 0.0146705 0.0598611 0.0848673
411 0.0153246 0.0578515 0.0849146
412 0.0160533 0.0558763 0.0909712
413 0.0168731 0.0539555 0.103782
414 0.0177676 0.0521011 0.122733
415 0.00638673 0.0740056 0.483457
416 0.0187282 0.0502977 0.147446
417 0.00654816 0.0716309 0.156364
418 0.0196209 0.0486049 0.165626
419 0.00667497 0.0695575 0.0500406
420 0.0204673 0.0469943 0.179437
421 0.00658097 0.0675151 0.0154318
422 0.0212949 0.0453898 0.188089
423 0.00652961 0.0655559 0.00508243
424 0.022028 0.0438288 0.183697
425 0.00652133 0.0636705 0.00176772
426 0.0227135 0.0422745 0.175514
427 0.00648148 0.061821 0.000628806
428 0.0233353 0.0407378 0.163023
429 0.00648178 0.0599477 0.000231284
430 0.023905 0.0392196 0.152107
431 0.00650674 0.0580516 8.95783e-05
432 0.0244241 0.0377705 0.148394
433 0.00648236 0.056201 3.62314e-05
434 0.0251006 0.0364498 0.196602
435 0.00648265 0.0543277 1.57105e-05
436 0.0249982 0.034975 0.116664
437 0.00648295 0.0524543 7.40796e-06
438 0.0252193 0.0333843 0.106562
439 0.00648324 0.050581 3.66109e-06
440 0.0254093 0.031729 0.109875
441 0.00648353 0.0487077 1.86557e-06
442 0.0158442 0.0248254 0.00109522
443 0.00648383 0.0468343 9.64578e-07
444 0.00669925 0.0109704 0.303359
445 0.00648412 0.044961 5.02628e-07
446 0.0252394 0.0277742 0.126583
447 0.00648441 0.0430877 2.6386e-07
448 0.0253097 0.0262014 0.202318
449 0.0064847 0.0412143 1.44669e-07
450 0.0246977 0.0248008 0.171987
451 0.006485 0.039341 9.65556e-08
452 0.0242594 0.0233499 0.20501
453 0.00648529 0.0374677 1.09895e-07
454 0.0236852 0.0217985 0.251777
455 0.00648558 0.0355943 2.28361e-07
456 0.02298 0.0200729 0.331076
457 0.00648588 0.033721 6.15467e-07
458 0.00648617 0.0318477 1.76795e-06
459 0.0213135 0.0172079 0.537341
460 0.00648646 0.0299743 5.15545e-06
461 0.00648675 0.028101 1.51212e-05
462 0.00648705 0.0262277 4.45432e-05
463 0.0187981 0.0147567 0.627796
464 0.00648734 0.0243543 0.00013177
465 0.00648763 0.022481 0.000391542
466 0.0170759 0.0136711 0.647176
467 0.00648793 0.0206077 0.00116876
468 0.0159736 0.0125325 0.819017
469 0.00648822 0.0187343 0.00350414
470 0.014475 0.0120368 0.719908
471 0.00648851 0.016861 0.0105363
472 0.0130452 0.0113515 0.738572
473 0.00653324 0.0149293 0.0325892
474 0.0115458 0.0106622 0.770196
475 0.00665237 0.0129516 0.102437
476 0.00989764 0.0101442 0.732541
477 0.0201654 0.0316448 0.000819917
478 0.00826796 0.00962976 0.717294
479 0.00662448 0.00893631 0.786761
480 0.0200982 0.0162957 0.492756
481 0.00789275 0.0726654 0.368106
482 0.0103329 0.0693238 0.149493
483 0.0112797 0.0678514 0.123284
484 0.0113729 0.0663241 0.0624481
485 0.0116588 0.064492 0.0333991
486 0.0119269 0.062317 0.0165682
487 0.0128228 0.0603699 0.0194612
488 0.0133793 0.0583128 0.0161862
489 0.0140526 0.0562603 0.0159195
490 0.0148375 0.0542211 0.0173348
491 0.0157181 0.0522922 0.020452
492 0.0167063 0.0504555 0.0268014
493 0.0176552 0.0487099 0.0328848
494 0.00859538 0.0707834 0.164623
495 0.018577 0.047063 0.0389778
496 0.00832895 0.0684824 0.0453755
497 0.0194343 0.0454719 0.0430851
498 0.0081617 0.0664584 0.0145158
499 0.0201925 0.0439219 0.0440585
500 0.00822044 0.0645388 0.00529191
501 0.020872 0.042386 0.0417672
502 0.00821783 0.0626735 0.00196961
503 0.0214854 0.0408656 0.0380779
504 0.00815087 0.0608308 0.000745681
505 0.0220568 0.0393542 0.0342177
506 0.00816645 0.0589219 0.000318245
507 0.0226253 0.0378039 0.0315756
508 0.00817384 0.0570758 0.000143627
509 0.0219753 0.0186971 0.368682
510 0.00811613 0.055245 6.49412e-05
511 0.016532 0.0325045 5.10485e-05
512 0.00810687 0.0533608 3.36737e-05
513 0.0234161 0.0340798 0.0214539
514 0.00813505 0.0515014 1.85735e-05
515 0.0235595 0.0323338 0.0188738
516 0.00810632 0.0496446 9.60348e-06
517 0.0237428 0.0306189 0.02199
518 0.00810661 0.0477713 5.04103e-06
519 0.0081069 0.0458979 2.65208e-06
520 0.0237234 0.0287 0.0264887
521 0.0081072 0.0440246 1.38197e-06
522 0.0204867 0.0295655 0.00135
523 0.00810749 0.0421513 7.1886e-07
524 0.0233306 0.0360591 0.0324173
525 0.00810778 0.0402779 3.95577e-07
526 0.022852 0.0246492 0.0438382
527 0.00810808 0.0384046 2.54737e-07
528 0.0226546 0.0230833 0.0782104
529 0.00810837 0.0365313 2.61277e-07
530 0.0217177 0.0217991 0.0750735
531 0.00810866 0.0346579 5.06852e-07
532 0.00810895 0.0327846 1.35031e-06
533 0.00810925 0.0309113 3.89387e-06
534 0.00810954 0.0290379 1.14229e-05
535 0.00810983 0.0271646 3.37008e-05
536 0.00811013 0.0252913 9.98173e-05
537 0.016734 0.0155399 0.235938
538 0.00811042 0.0234179 0.000296805
539 0.00811071 0.0215446 0.000886267
540 0.0150391 0.0140973 0.306159
541 0.008111 0.0196713 0.00265741
542 0.0081113 0.0177979 0.00800463
543 0.0131599 0.0132552 0.309289
544 0.00811159 0.0159246 0.0241139
545 0.0115814 0.012479 0.32824
546 0.00817636 0.0139616 0.0755897
547 0.0102237 0.0117637 0.370826
548 0.00847588 0.0117871 0.254838
549 0.020811 0.020169 0.101329
550 0.0198507 0.01831 0.168705
551 0.0182935 0.0168167 0.204369
552 0.0097655 0.0672665 0.0438974
553 0.00986472 0.0653918 0.0176362
554 0.00999516 0.0635088 0.00766885
555 0.00990635 0.0616532 0.00288852
556 0.0115137 0.0588845 0.00380622
557 0.011964 0.0567103 0.00261764
558 0.0128659 0.0546572 0.00336808
559 0.0134909 0.0524435 0.00270505
560 0.0147276 0.050565 0.00476041
561 0.0156519 0.0487478 0.00552786
562 0.0166451 0.0470789 0.00742774
563 0.0175506 0.0455181 0.00900179
564 0.0183716 0.0439976 0.0101037
565 0.0190596 0.0424792 0.00990471
566 0.0196401 0.0409828 0.0088067
567 0.0201708 0.039502 0.00763709
568 0.00974236 0.0597637 0.00126395
569 0.0207053 0.0379939 0.00671323
570 0.00994164 0.0578913 0.000757641
571 0.0212371 0.0364714 0.00619439
572 0.00984492 0.0560971 0.000320293
573 0.0215933 0.0347158 0.00496068
574 0.00968072 0.0542307 0.000166808
575 0.0097844 0.0524103 0.000103869
576 0.00982815 0.050574 5.69939e-05
577 0.0218162 0.0312779 0.0034553
578 0.00982043 0.0487158 2.98264e-05
579 0.0223171 0.0296366 0.00691133
580 0.00980086 0.0468529 1.53117e-05
581 0.00980501 0.0449857 8.16706e-06
582 0.0218714 0.0279446 0.00640719
583 0.00977881 0.0431078 4.03382e-06
584 0.0213901 0.0259759 0.0090863
585 0.00973057 0.0412149 2.06093e-06
586 0.00973086 0.0393415 1.15985e-06
587 0.00973115 0.0374682 7.23823e-07
588 0.0208823 0.0238074 0.0174023
589 0.00973145 0.0355949 6.73516e-07
590 0.00973174 0.0337215 1.2285e-06
591 0.00973203 0.0318482 3.2188e-06
592 0.00973232 0.0299749 9.23471e-06
593 0.00973262 0.0281015 2.70301e-05
594 0.00973291 0.0262282 7.96694e-05
595 0.0097332 0.0243549 0.000235877
596 0.0148841 0.016265 0.0936792
597 0.0097335 0.0224815 0.000701268
598 0.00974517 0.0206324 0.0020702
599 0.0132169 0.0151734 0.110542
600 0.00973408 0.0187349 0.00624182
601 0.00976072 0.0169094 0.0183459
602 0.0115285 0.0142718 0.124443
603 0.00980002 0.0150848 0.0535537
604 0.00984104 0.0133377 0.146923
605 0.0217757 0.0329628 0.00390004
606 0.019673 0.0219247 0.0240034
607 0.0164044 0.017587 0.0710557
608 0.0186531 0.0201062 0.0406917
609 0.0178914 0.0185028 0.0735487
610 0.0111521 0.0549917 0.000843985
611 0.0114324 0.0532774 0.000614936
612 0.0129591 0.0505654 0.000951506
613 0.0134742 0.0487403 0.000764878
614 0.0147465 0.0469597 0.00132946
615 0.0156075 0.0454435 0.00158871
616 0.0165811 0.0440377 0.00229105
617 0.0173291 0.0425417 0.00245669
618 0.0178285 0.041093 0.00209058
619 0.0182927 0.039631 0.00172249
620 0.0187871 0.0381873 0.00149057
621 0.0193075 0.0366777 0.00132856
622 0.0197263 0.0350928 0.00112306
623 0.0115511 0.0515616 0.000340643
624 0.0115636 0.0496088 0.000194083
625 0.0234792 0.0265295 0.0356182
626 0.011523 0.0478289 8.96793e-05
627 0.0255466 0.0299015 0.125724
628 0.0115103 0.0459433 5.1871e-05
629 0.0115152 0.0440917 2.46309e-05
630 0.0199016 0.0274238 0.00191045
631 0.0113872 0.0421551 1.16208e-05
632 0.0193667 0.0255881 0.00327867
633 0.0113739 0.040257 6.32243e-06
634 0.0114365 0.0384056 3.71161e-06
635 0.011472 0.0365751 2.23006e-06
636 0.0114383 0.0347082 1.83084e-06
637 0.0114045 0.0328303 3.14126e-06
638 0.0113754 0.0309397 8.0999e-06
639 0.0113554 0.0290384 2.3263e-05
640 0.0113557 0.0271651 6.76982e-05
641 0.011356 0.0252918 0.000198718
642 0.0113803 0.0234456 0.000582114
643 0.0131034 0.0170923 0.0362788
644 0.0113983 0.0216127 0.00170579
645 0.0113769 0.019762 0.00498247
646 0.0114712 0.0160696 0.0438099
647 0.0113731 0.0178879 0.0148334
648 0.0200141 0.033439 0.000913064
649 0.0186024 0.0235959 0.00615069
650 0.0147407 0.018248 0.0296992
651 0.0174581 0.0217123 0.0104414
652 0.0163811 0.0197435 0.0209363
653 0.012954 0.0469219 0.000267269
654 0.0134614 0.0451775 0.000203729
655 0.0147701 0.043818 0.000430711
656 0.0158077 0.0427134 0.000769732
657 0.0160512 0.0412265 0.00051121
658 0.0164433 0.0397863 0.000403874
659 0.0168314 0.0382916 0.000308777
660 0.0173801 0.0368782 0.000294009
661 0.0179335 0.0353647 0.000284373
662 0.0186189 0.030357 0.00028929
663 0.0187368 0.0286797 0.000591354
664 0.0130239 0.0430777 6.83828e-05
665 0.0177947 0.0271977 0.000652434
666 0.0129443 0.0411478 3.43996e-05
667 0.0130844 0.03933 2.07732e-05
668 0.0132367 0.0375358 1.28169e-05
669 0.0132305 0.0357389 6.62364e-06
670 0.0130765 0.0338227 5.11738e-06
671 0.0130645 0.0319375 8.59506e-06
672 0.0129872 0.0300489 2.15001e-05
673 0.0129047 0.0281496 5.99829e-05
674 0.012916 0.0262735 0.000175169
675 0.012967 0.024428 0.000507857
676 0.0131 0.0225786 0.0015147
677 0.0129657 0.0189329 0.0120928
678 0.0130639 0.0207844 0.00433498
679 0.0181959 0.0337618 0.000216501
680 0.0174647 0.0252048 0.00162358
681 0.016573 0.0233923 0.00305026
682 0.0144473 0.0199072 0.010868
683 0.0150312 0.0216637 0.00465514
684 0.0146466 0.0402062 0.000108101
685 0.014907 0.0385118 7.00334e-05
686 0.0152532 0.0368238 4.59545e-05
687 0.0163359 0.0356176 9.07515e-05
688 0.0172292 0.0291353 0.000206937
689 0.0143472 0.0419735 0.00016325
690 0.014792 0.0348506 1.96425e-05
691 0.0147759 0.0330364 1.57029e-05
692 0.0147951 0.0310495 2.55295e-05
693 0.0144174 0.0290931 5.84415e-05
694 0.0144492 0.0272573 0.000166294
695 0.0144537 0.0254902 0.000461916
696 0.0146407 0.0236238 0.00139294
697 0.0184445 0.0320852 0.000206714
698 0.0164925 0.0341535 6.29451e-05
699 0.0168284 0.0308997 8.18027e-05
