1 0 0 0.904517
2 -1.31814e-05 0.0843 0.756061
3 0.00131714 0.000347637 0.942873
4 0.00263427 0.000695274 0.963616
5 0.00395141 0.00104291 0.975132
6 0.00526559 0.00140074 0.979612
7 0.00656456 0.00181109 0.983975
8 0.00786353 0.00222143 0.983336
9 0.00916249 0.00263177 0.977046
10 0.0104529 0.00306669 0.967318
11 0.0117259 0.00355161 0.957816
12 0.0129989 0.00403654 0.9427
13 0.0142525 0.00456778 0.926825
14 0.0154913 0.00513458 0.909648
15 0.01673 0.00570138 0.886013
16 0.0179386 0.00632888 0.862382
17 0.0191231 0.00700066 0.837252
18 0.0202832 0.00771449 0.809873
19 0.0214077 0.00848342 0.781899
20 0.0224986 0.00929834 0.75204
21 0.0235397 0.0101758 0.722757
22 0.0245322 0.0111082 0.693563
23 0.0254744 0.0120912 0.664009
24 0.0263482 0.0131354 0.636809
25 0.0271586 0.0142299 0.611347
26 0.0279082 0.0153669 0.586951
27 0.0285812 0.016551 0.56621
28 0.0291882 0.0177701 0.548064
29 0.0297418 0.0190146 0.53077
30 0.030232 0.0202855 0.515791
31 0.030663 0.0215777 0.502782
32 0.0310386 0.0228869 0.491351
33 0.031362 0.02421 0.48107
34 0.0316308 0.0255451 0.472296
35 0.0318446 0.0268901 0.46507
36 0.0320008 0.028243 0.459679
37 0.032097 0.0296014 0.456416
38 0.032131 0.0309629 0.455558
39 0.0321007 0.0323244 0.457361
40 0.0320047 0.033683 0.462007
41 0.0318434 0.0350355 0.469483
42 0.0316173 0.0363788 0.479791
43 0.0313258 0.0377095 0.49311
44 0.0309731 0.0390252 0.509058
45 0.0305682 0.0403256 0.52662
46 0.0301147 0.0416099 0.54564
47 0.02962 0.0428789 0.565436
48 0.0290891 0.0441333 0.585673
49 0.028528 0.0453745 0.60589
50 0.0279424 0.0466044 0.625692
51 0.0273355 0.047824 0.645087
52 0.0267157 0.0490371 0.663186
53 0.0260895 0.0502469 0.679581
54 0.025462 0.0514559 0.694068
55 0.024838 0.0526669 0.706406
56 0.0242227 0.0538822 0.716313
57 0.0236234 0.0551055 0.723179
58 0.023048 0.0563403 0.726368
59 0.0224992 0.057587 0.726202
60 0.0219828 0.0588473 0.722227
61 0.0215032 0.0601221 0.714333
62 0.0210632 0.0614111 0.702587
63 0.0206672 0.0627145 0.686744
64 0.0203102 0.064029 0.667982
65 0.0199957 0.0653545 0.645838
66 0.0197045 0.0666852 0.623369
67 0.0194257 0.0680186 0.601404
68 0.0191387 0.0693501 0.582068
69 0.0188109 0.0706723 0.568416
70 0.0184314 0.0719802 0.560085
71 0.01793 0.0732462 0.564446
72 0.0173319 0.0744695 0.575172
73 0.0165933 0.0756124 0.596587
74 0.0157207 0.076658 0.625345
75 0.0147631 0.0776256 0.654243
76 0.0137129 0.0784919 0.685626
77 0.0125802 0.0792487 0.71818
78 0.0114179 0.0799574 0.744339
79 0.0102271 0.0806181 0.765993
80 0.00899407 0.0811972 0.786666
81 0.0077344 0.0817135 0.803638
82 0.0064611 0.0821977 0.814455
83 0.00518781 0.0826819 0.817411
84 0.00390367 0.083134 0.815182
85 0.00259805 0.0835227 0.809282
86 0.00129244 0.0839113 0.792073
87 -1.29688e-05 0.0829403 0.873773
88 -1.27562e-05 0.0815806 0.988837
89 -1.25436e-05 0.080221 1.1006
90 -1.2331e-05 0.0788613 1.20855
91 -1.21184e-05 0.0775016 1.3123
92 -1.19058e-05 0.0761419 1.41169
93 -1.16932e-05 0.0747823 1.50678
94 -1.14806e-05 0.0734226 1.59766
95 -1.1268e-05 0.0720629 1.68445
96 -1.10554e-05 0.0707032 1.76732
97 -1.08428e-05 0.0693435 1.84644
98 -1.06302e-05 0.0679839 1.92202
99 -1.04176e-05 0.0666242 1.99429
100 -1.0205e-05 0.0652645 2.06353
101 -9.99239e-06 0.0639048 2.13004
102 -9.77978e-06 0.0625452 2.19413
103 -9.56718e-06 0.0611855 2.25612
104 -9.35458e-06 0.0598258 2.31629
105 -9.14197e-06 0.0584661 2.37487
106 -8.92937e-06 0.0571065 2.43195
107 -8.71676e-06 0.0557468 2.48748
108 -8.50416e-06 0.0543871 2.54125
109 -8.29156e-06 0.0530274 2.59292
110 -8.07895e-06 0.0516677 2.64205
111 -7.86635e-06 0.0503081 2.68813
112 -7.65374e-06 0.0489484 2.73069
113 -7.44114e-06 0.0475887 2.76926
114 -7.22854e-06 0.046229 2.80341
115 -7.01593e-06 0.0448694 2.83281
116 -6.80333e-06 0.0435097 2.85712
117 -6.59072e-06 0.04215 2.8761
118 -6.37812e-06 0.0407903 2.8895
119 -6.16552e-06 0.0394306 2.89716
120 -5.95291e-06 0.038071 2.89892
121 -5.74031e-06 0.0367113 2.89471
122 -5.5277e-06 0.0353516 2.88447
123 -5.3151e-06 0.0339919 2.86826
124 -5.1025e-06 0.0326323 2.8462
125 -4.88989e-06 0.0312726 2.8185
126 -4.67729e-06 0.0299129 2.78551
127 -4.46468e-06 0.0285532 2.74763
128 -4.25208e-06 0.0271935 2.70531
129 -4.03948e-06 0.0258339 2.65898
130 -3.82687e-06 0.0244742 2.60897
131 -3.61427e-06 0.0231145 2.55545
132 -3.40166e-06 0.0217548 2.4984
133 -3.18906e-06 0.0203952 2.43764
134 -2.97646e-06 0.0190355 2.37287
135 -2.76385e-06 0.0176758 2.30371
136 -2.55125e-06 0.0163161 2.2298
137 -2.33864e-06 0.0149565 2.15078
138 -2.12604e-06 0.0135968 2.06635
139 -1.91344e-06 0.0122371 1.97625
140 -1.70083e-06 0.0108774 1.88028
141 -1.48823e-06 0.00951774 1.77834
142 -1.27562e-06 0.00815806 1.67033
143 -1.06302e-06 0.00679839 1.55626
144 -8.50416e-07 0.00543871 1.43622
145 -6.37812e-07 0.00407903 1.31037
146 -4.25208e-07 0.00271935 1.17912
147 -2.12604e-07 0.00135968 1.04355
148 0.0106074 0.0717063 1.37031
149 0.0035375 0.0798151 1.10536
150 0.00575227 0.0757713 1.34979
151 0.0115951 0.0575021 2.00489
152 0.0163051 0.0197449 1.8676
153 0.0133893 0.0770581 0.812798
154 0.012392 0.0778034 0.838902
155 0.0143088 0.0762062 0.789844
156 0.0112867 0.0784695 0.868207
157 0.0151643 0.0753257 0.764265
158 0.010161 0.0791129 0.890573
159 0.0159137 0.0743917 0.742529
160 0.0090256 0.0797391 0.905314
161 0.0165439 0.0732766 0.734889
162 0.00786294 0.0802919 0.918058
163 0.0170108 0.0721226 0.741492
164 0.00667671 0.0807842 0.928052
165 0.0174283 0.0709322 0.750591
166 0.00541224 0.0812147 0.937824
167 0.0177846 0.0696838 0.766627
168 0.00392643 0.0813527 0.96979
169 0.0181062 0.0683985 0.78684
170 0.0183436 0.0232347 1.85256
171 0.0184082 0.0671074 0.809078
172 0.00129003 0.0824722 0.916892
173 0.018706 0.0657657 0.834866
174 0.0190149 0.0644139 0.860886
175 0.0193609 0.0630718 0.88271
176 0.0197513 0.061729 0.900105
177 0.0012857 0.0810723 1.03464
178 0.0201784 0.0603971 0.913825
179 0.00124271 0.0796662 1.14898
180 0.0206495 0.0590847 0.922083
181 0.00118835 0.0782466 1.25983
182 0.0211551 0.0577857 0.926553
183 0.00116993 0.0768562 1.36375
184 0.0217048 0.0564942 0.925795
185 0.00116572 0.0754623 1.46338
186 0.0222654 0.0552479 0.92193
187 0.00116593 0.0741026 1.55625
188 0.0228691 0.0539776 0.914122
189 0.00116614 0.0727429 1.64495
190 0.0234771 0.052759 0.902617
191 0.00116635 0.0713832 1.72963
192 0.024098 0.0515318 0.889347
193 0.00116657 0.0700236 1.81044
194 0.0247251 0.0503167 0.873338
195 0.00116678 0.0686639 1.88758
196 0.0253486 0.0491104 0.855581
197 0.00116699 0.0673042 1.96126
198 0.0259633 0.0479051 0.83671
199 0.0011672 0.0659445 2.03175
200 0.0265773 0.0466895 0.815572
201 0.00116742 0.0645849 2.09933
202 0.0271532 0.0455 0.794996
203 0.00116763 0.0632252 2.16432
204 0.0277221 0.0442668 0.773621
205 0.00116784 0.0618655 2.22707
206 0.0282527 0.0430578 0.752121
207 0.00116805 0.0605058 2.2879
208 0.0287489 0.0418239 0.731783
209 0.00116827 0.0591462 2.34712
210 0.0291918 0.0405873 0.713938
211 0.00116848 0.0577865 2.40492
212 0.0295973 0.0393352 0.696521
213 0.00116869 0.0564268 2.46134
214 0.0299572 0.0380719 0.680207
215 0.0011689 0.0550671 2.51625
216 0.0302638 0.0368007 0.665794
217 0.00116912 0.0537074 2.56936
218 0.0305093 0.0355162 0.654284
219 0.00116933 0.0523478 2.6202
220 0.0306995 0.0342282 0.644592
221 0.00116954 0.0509881 2.66827
222 0.0308236 0.0329276 0.638286
223 0.00116976 0.0496284 2.71304
224 0.0308871 0.0316263 0.634414
225 0.00116997 0.0482687 2.754
226 0.0308902 0.030321 0.632932
227 0.00117018 0.0469091 2.79072
228 0.0308281 0.0290174 0.634508
229 0.00117039 0.0455494 2.8228
230 0.030709 0.0277171 0.637994
231 0.00117061 0.0441897 2.84992
232 0.0305309 0.0264217 0.643662
233 0.00117082 0.04283 2.87178
234 0.0303018 0.0251351 0.65042
235 0.00117103 0.0414703 2.88815
236 0.0300237 0.0238583 0.658021
237 0.00117124 0.0401107 2.89883
238 0.0296801 0.0225929 0.668617
239 0.00117146 0.038751 2.90365
240 0.0292892 0.0213433 0.679752
241 0.00117167 0.0373913 2.90248
242 0.0288461 0.0201171 0.692192
243 0.00117188 0.0360316 2.89524
244 0.0283426 0.0189157 0.706852
245 0.00117209 0.034672 2.88194
246 0.0277868 0.0177444 0.722744
247 0.00117231 0.0333123 2.86264
248 0.0271691 0.0166065 0.740935
249 0.00117252 0.0319526 2.8375
250 0.0265066 0.0155036 0.759105
251 0.00117273 0.0305929 2.8068
252 0.0257621 0.0144528 0.78214
253 0.00117294 0.0292332 2.77094
254 0.0249587 0.0134432 0.806494
255 0.00117316 0.0278736 2.73041
256 0.0241056 0.0124838 0.831463
257 0.00117337 0.0265139 2.68572
258 0.0231847 0.0115834 0.85931
259 0.00117358 0.0251542 2.63731
260 0.0222134 0.0107265 0.887202
261 0.00117379 0.0237945 2.58547
262 0.0212084 0.00991416 0.913585
263 0.00117401 0.0224349 2.53028
264 0.0201489 0.00916548 0.941868
265 0.00117422 0.0210752 2.47161
266 0.0190566 0.00845826 0.968665
267 0.00117443 0.0197155 2.40916
268 0.0179174 0.00777927 0.994011
269 0.00117465 0.0183558 2.34254
270 0.0167812 0.00712388 1.01409
271 0.00117486 0.0169962 2.27135
272 0.0156007 0.00654957 1.03742
273 0.00117507 0.0156365 2.19519
274 0.0144067 0.0060161 1.05896
275 0.00117528 0.0142768 2.11372
276 0.0131511 0.00549039 1.07871
277 0.0011755 0.0129171 2.02665
278 0.0118955 0.00496468 1.0921
279 0.00117571 0.0115574 1.93376
280 0.0106587 0.00446963 1.10158
281 0.00117592 0.0101978 1.83489
282 0.00940184 0.00402136 1.11084
283 0.00117613 0.00883809 1.72995
284 0.00812123 0.00362825 1.12059
285 0.00117635 0.00747841 1.6189
286 0.00684248 0.00324059 1.12486
287 0.00119223 0.00606068 1.49668
288 0.00556033 0.0028472 1.12289
289 0.00121476 0.00463259 1.3671
290 0.00425647 0.00246327 1.1162
291 0.00134888 0.00314627 1.22549
292 0.00274899 0.00232645 1.13062
293 0.00134569 0.00178889 1.09066
294 0.0121481 0.0764545 0.952345
295 0.0130682 0.0757616 0.926664
296 0.0111602 0.0771182 0.976112
297 0.0138962 0.0749286 0.909207
298 0.0101104 0.0777537 0.997119
299 0.0146177 0.0740438 0.896587
300 0.00902739 0.0783579 1.01358
301 0.0153903 0.0733097 0.861101
302 0.007917 0.0789066 1.02705
303 0.0156907 0.072223 0.891311
304 0.00681459 0.0794303 1.03379
305 0.0160662 0.0711275 0.909299
306 0.00573448 0.0799129 1.03534
307 0.0164471 0.0699568 0.926768
308 0.00467472 0.0803142 1.03573
309 0.0167822 0.0687401 0.94918
310 0.00257422 0.0805173 1.06654
311 0.0170985 0.067471 0.974599
312 0.0173988 0.0661794 1.00209
313 0.0177065 0.0648399 1.03071
314 0.0180223 0.0634447 1.06157
315 0.0184088 0.0620664 1.08237
316 0.0188256 0.060697 1.09947
317 0.0192853 0.0593414 1.11091
318 0.00238779 0.0790335 1.18792
319 0.019786 0.0580039 1.11672
320 0.00234227 0.0776005 1.29834
321 0.0203272 0.0566827 1.11698
322 0.00233908 0.0761798 1.40246
323 0.0209067 0.0553859 1.1113
324 0.00234471 0.0747826 1.50011
325 0.0214912 0.054108 1.10441
326 0.00234492 0.0734229 1.5909
327 0.0221171 0.0528415 1.09119
328 0.00234513 0.0720633 1.67755
329 0.0227284 0.0516095 1.07763
330 0.00234535 0.0707036 1.76025
331 0.0233604 0.0503818 1.06009
332 0.00234556 0.0693439 1.83915
333 0.0239904 0.0491726 1.04035
334 0.00234577 0.0679842 1.91448
335 0.0246089 0.0479738 1.01968
336 0.00234598 0.0666246 1.98646
337 0.025217 0.0467652 0.998428
338 0.0023462 0.0652649 2.05537
339 0.0258107 0.0455841 0.974834
340 0.00234641 0.0639052 2.12151
341 0.0263679 0.04439 0.953405
342 0.00234662 0.0625455 2.1852
343 0.0268914 0.043198 0.932626
344 0.00234683 0.0611859 2.24678
345 0.027385 0.0420041 0.911843
346 0.00234705 0.0598262 2.30657
347 0.0278475 0.0408008 0.891189
348 0.00234726 0.0584665 2.36484
349 0.0282632 0.0395962 0.872197
350 0.00234747 0.0571068 2.42173
351 0.0286294 0.038384 0.855237
352 0.00234768 0.0557471 2.47721
353 0.0289472 0.0371587 0.84004
354 0.0023479 0.0543875 2.53108
355 0.0292106 0.0359328 0.826988
356 0.00234811 0.0530278 2.58299
357 0.0294203 0.0347018 0.815995
358 0.00234832 0.0516681 2.63244
359 0.0295729 0.0334625 0.807468
360 0.00234853 0.0503084 2.67892
361 0.0296652 0.0322193 0.801689
362 0.00234875 0.0489488 2.72191
363 0.0297006 0.0309695 0.798145
364 0.00234896 0.0475891 2.76092
365 0.0296751 0.0297219 0.797309
366 0.00234917 0.0462294 2.79552
367 0.0295833 0.0284723 0.79983
368 0.00234938 0.0448697 2.82536
369 0.0294418 0.027229 0.80349
370 0.0023496 0.04351 2.8501
371 0.0292431 0.0259874 0.809162
372 0.00234981 0.0421504 2.86949
373 0.0290023 0.0247523 0.814832
374 0.00235002 0.0407907 2.88329
375 0.028701 0.0235331 0.823064
376 0.00235024 0.039431 2.89132
377 0.0283498 0.0223293 0.832362
378 0.00235045 0.0380713 2.89342
379 0.0279454 0.021139 0.842936
380 0.00235066 0.0367117 2.88948
381 0.0274949 0.0199766 0.854273
382 0.00235087 0.035352 2.87947
383 0.0269893 0.0188455 0.867507
384 0.00235109 0.0339923 2.86339
385 0.0264308 0.0177468 0.882271
386 0.0023513 0.0326326 2.84138
387 0.0258192 0.0166872 0.898682
388 0.00235151 0.0312729 2.81364
389 0.0251608 0.0156624 0.915656
390 0.00235172 0.0299133 2.78053
391 0.0244338 0.0146857 0.936055
392 0.00235194 0.0285536 2.74249
393 0.0236457 0.0137615 0.959101
394 0.00235215 0.0271939 2.70004
395 0.0228123 0.012881 0.98255
396 0.00235236 0.0258342 2.65368
397 0.0219166 0.01204 1.00758
398 0.00235257 0.0244746 2.60379
399 0.0209728 0.0112569 1.03399
400 0.00235279 0.0231149 2.55056
401 0.0199812 0.0105198 1.06093
402 0.002353 0.0217552 2.49393
403 0.0189467 0.00980973 1.0865
404 0.00235321 0.0203955 2.43369
405 0.0178702 0.00912757 1.11058
406 0.00235342 0.0190359 2.36944
407 0.0167685 0.00849768 1.13403
408 0.00235364 0.0176762 2.30079
409 0.0156549 0.0079055 1.15503
410 0.00235385 0.0163165 2.22731
411 0.0144943 0.0073653 1.17727
412 0.00235406 0.0149568 2.14864
413 0.0132955 0.00683531 1.19657
414 0.00235427 0.0135971 2.06445
415 0.0120677 0.00631572 1.21224
416 0.00235449 0.0122375 1.97449
417 0.0108466 0.00583135 1.22483
418 0.0023547 0.0108778 1.87856
419 0.00961115 0.00537021 1.23441
420 0.00237152 0.00948399 1.77375
421 0.00835774 0.00497364 1.24499
422 0.0023823 0.00810214 1.66347
423 0.0070765 0.0046053 1.25326
424 0.00238047 0.00670981 1.546
425 0.00582545 0.00420267 1.25113
426 0.0023682 0.00529229 1.41988
427 0.00460027 0.00378376 1.2406
428 0.00236334 0.0037882 1.27892
429 0.0109669 0.075761 1.08456
430 0.0118848 0.0751623 1.05964
431 0.0127926 0.0746308 1.02276
432 0.0100082 0.0764056 1.10122
433 0.0133174 0.0736742 1.03925
434 0.00898844 0.0770111 1.11641
435 0.014224 0.0726376 1.01926
436 0.00791944 0.0775468 1.13122
437 0.00682693 0.0780543 1.14112
438 0.0146864 0.0713531 1.04709
439 0.00573469 0.0785638 1.14294
440 0.0150963 0.0701924 1.06881
441 0.00463961 0.0790941 1.13554
442 0.0154455 0.0690128 1.09449
443 0.0157726 0.0678112 1.12109
444 0.0160889 0.0665453 1.15022
445 0.0163962 0.065244 1.1808
446 0.0166887 0.0638401 1.21766
447 0.0170463 0.062428 1.24635
448 0.0174542 0.0610285 1.26771
449 0.0179017 0.0596289 1.28394
450 0.0183971 0.0582485 1.29303
451 0.0035029 0.0783585 1.22093
452 0.0189325 0.0568897 1.2959
453 0.00348916 0.0769487 1.32735
454 0.0195056 0.0555558 1.29259
455 0.00350089 0.0755299 1.42902
456 0.0201052 0.0542377 1.2849
457 0.00351404 0.0741383 1.52407
458 0.0207173 0.0529548 1.27346
459 0.00352391 0.0727433 1.61496
460 0.0213595 0.0516979 1.25611
461 0.00352412 0.0713836 1.69962
462 0.0219865 0.0504511 1.23927
463 0.00352434 0.0700239 1.78039
464 0.0226281 0.0492316 1.21778
465 0.00352455 0.0686643 1.85747
466 0.0232569 0.0480353 1.19505
467 0.00352476 0.0673046 1.93107
468 0.023863 0.0468412 1.17296
469 0.00352497 0.0659449 2.00144
470 0.0244669 0.0456484 1.1485
471 0.00352519 0.0645852 2.06886
472 0.0250138 0.0444882 1.127
473 0.0035254 0.0632256 2.13362
474 0.025549 0.0433183 1.10415
475 0.00352561 0.0618659 2.19604
476 0.0260415 0.0421516 1.08308
477 0.00352583 0.0605062 2.25645
478 0.0265032 0.0409831 1.06218
479 0.00352604 0.0591465 2.31513
480 0.0269254 0.0398161 1.04225
481 0.00352625 0.0577868 2.3723
482 0.0273026 0.0386476 1.0239
483 0.00352646 0.0564272 2.42806
484 0.0276328 0.0374742 1.00733
485 0.00352668 0.0550675 2.48232
486 0.02791 0.0362989 0.993107
487 0.00352689 0.0537078 2.53486
488 0.0281386 0.035122 0.980563
489 0.0035271 0.0523481 2.58527
490 0.0283141 0.0339398 0.970247
491 0.00352731 0.0509885 2.63309
492 0.0284318 0.0327536 0.962676
493 0.00352753 0.0496288 2.67779
494 0.0284998 0.031566 0.956701
495 0.00352774 0.0482691 2.71886
496 0.0285039 0.0303719 0.954092
497 0.00352795 0.0469094 2.75584
498 0.028445 0.0291753 0.95461
499 0.00352816 0.0455497 2.78831
500 0.0283269 0.0279829 0.957688
501 0.00352838 0.0441901 2.81592
502 0.0281634 0.0267912 0.961467
503 0.00352859 0.0428304 2.83837
504 0.0279483 0.0256053 0.966668
505 0.0035288 0.0414707 2.85537
506 0.0276917 0.0244283 0.972023
507 0.00352901 0.040111 2.86672
508 0.0273786 0.0232648 0.979396
509 0.00352923 0.0387514 2.87224
510 0.0270189 0.0221174 0.987539
511 0.00352944 0.0373917 2.87178
512 0.0266102 0.0209951 0.996916
513 0.00352965 0.036032 2.86527
514 0.0261639 0.019898 1.00615
515 0.00352986 0.0346723 2.85268
516 0.0256604 0.0188318 1.01763
517 0.00353008 0.0333126 2.83409
518 0.0250936 0.0178067 1.03231
519 0.00353029 0.031953 2.80966
520 0.024492 0.0168265 1.04718
521 0.0035305 0.0305933 2.77968
522 0.0238673 0.0158632 1.05965
523 0.00353072 0.0292336 2.74456
524 0.0231457 0.0149696 1.0799
525 0.00353093 0.0278739 2.70479
526 0.0223639 0.0141549 1.10472
527 0.00353114 0.0265143 2.66088
528 0.0215854 0.0133102 1.12149
529 0.00353135 0.0251546 2.61327
530 0.020693 0.0125343 1.14667
531 0.00353157 0.0237949 2.56224
532 0.019759 0.0118619 1.17628
533 0.00353178 0.0224352 2.50784
534 0.0188019 0.0111539 1.19919
535 0.00353199 0.0210756 2.44988
536 0.0177863 0.0104692 1.22196
537 0.0035322 0.0197159 2.38806
538 0.016734 0.00984117 1.24543
539 0.00353242 0.0183562 2.32196
540 0.0156645 0.00926236 1.26793
541 0.00353263 0.0169965 2.25115
542 0.0145559 0.00871327 1.28944
543 0.00353284 0.0156368 2.17525
544 0.0134101 0.00818434 1.30897
545 0.00353305 0.0142772 2.0939
546 0.0122399 0.00766673 1.32494
547 0.00353327 0.0129175 2.00682
548 0.0110225 0.00717333 1.33943
549 0.00353348 0.0115578 1.91378
550 0.00982334 0.00671552 1.35039
551 0.00354418 0.0101552 1.81124
552 0.00860452 0.00629271 1.35957
553 0.00357899 0.00873939 1.70062
554 0.00730807 0.0059664 1.37441
555 0.00359552 0.00733659 1.58447
556 0.00600371 0.00560213 1.37935
557 0.00357285 0.0059465 1.46329
558 0.00473501 0.00512875 1.36634
559 0.00351183 0.00461642 1.34181
560 0.00349004 0.0033864 1.22347
561 0.0107437 0.074373 1.19303
562 0.00984891 0.0750353 1.20593
563 0.0118253 0.0736893 1.16018
564 0.00891472 0.0757088 1.21338
565 0.0127034 0.0725562 1.16012
566 0.00789783 0.0761989 1.23083
567 0.0132844 0.071487 1.17336
568 0.00683048 0.0766718 1.2442
569 0.00573686 0.0771821 1.24801
570 0.0137165 0.0703613 1.19815
571 0.00462232 0.0777286 1.24174
572 0.0140908 0.0692332 1.22475
573 0.0144275 0.0680784 1.25353
574 0.0147588 0.0668891 1.28207
575 0.0150722 0.0656278 1.31409
576 0.0153584 0.0642488 1.35339
577 0.0156686 0.0628183 1.39128
578 0.0160546 0.0613829 1.41963
579 0.0164938 0.0599523 1.4405
580 0.0169804 0.0585249 1.45474
581 0.0175132 0.0571209 1.46144
582 0.0180881 0.0557461 1.46085
583 0.00463019 0.0763282 1.34499
584 0.0186993 0.0543977 1.45376
585 0.00465063 0.074922 1.44345
586 0.0193047 0.0530653 1.44569
587 0.00469066 0.0735178 1.53656
588 0.0199498 0.0517948 1.42877
589 0.00472442 0.0721186 1.62503
590 0.0206032 0.0505365 1.40903
591 0.00472895 0.0707283 1.70956
592 0.0212556 0.049288 1.38748
593 0.00470333 0.0693443 1.7906
594 0.0219027 0.0480869 1.36262
595 0.00470354 0.0679846 1.8659
596 0.0225183 0.0469095 1.33855
597 0.00470375 0.0666249 1.93785
598 0.0231237 0.0457177 1.31398
599 0.00470397 0.0652653 2.00669
600 0.0236691 0.0445687 1.29235
601 0.00470418 0.0639056 2.07268
602 0.0242054 0.0434161 1.26908
603 0.00470439 0.0625459 2.13611
604 0.0247025 0.0422705 1.24718
605 0.0047046 0.0611862 2.19727
606 0.0251643 0.0411312 1.22599
607 0.00470482 0.0598265 2.25646
608 0.0255891 0.0399982 1.20558
609 0.00470503 0.0584669 2.31392
610 0.0259767 0.0388716 1.18586
611 0.00470524 0.0571072 2.36983
612 0.0263158 0.0377454 1.16827
613 0.00470545 0.0557475 2.42425
614 0.026605 0.0366142 1.15297
615 0.00470567 0.0543878 2.47706
616 0.0268426 0.0354856 1.13993
617 0.00470588 0.0530282 2.52802
618 0.0270419 0.0343602 1.12747
619 0.00470609 0.0516685 2.57674
620 0.0271886 0.0332288 1.11739
621 0.00470631 0.0503088 2.62276
622 0.0272758 0.0320991 1.11039
623 0.00470652 0.0489491 2.66556
624 0.0273263 0.0309717 1.10364
625 0.00470673 0.0475894 2.70467
626 0.0273029 0.0298229 1.10162
627 0.00470694 0.0462298 2.73961
628 0.0271957 0.0286869 1.10535
629 0.00470716 0.0448701 2.77
630 0.0270611 0.027546 1.10783
631 0.00470737 0.0435104 2.79546
632 0.0268795 0.0264069 1.1113
633 0.00470758 0.0421507 2.8157
634 0.0266517 0.0252763 1.11571
635 0.00470779 0.0407911 2.83045
636 0.026386 0.0241568 1.12005
637 0.00470801 0.0394314 2.83948
638 0.026067 0.0230485 1.12605
639 0.00470822 0.0380717 2.84264
640 0.0256881 0.0219619 1.13458
641 0.00470843 0.036712 2.8398
642 0.025279 0.0209069 1.14255
643 0.00470864 0.0353524 2.83091
644 0.0248625 0.0198625 1.14684
645 0.00470886 0.0339927 2.81599
646 0.0243453 0.018865 1.15885
647 0.00470907 0.032633 2.79515
648 0.02375 0.0179383 1.17696
649 0.00470928 0.0312733 2.76864
650 0.0231926 0.0170248 1.1869
651 0.00470949 0.0299136 2.7368
652 0.0227314 0.0160482 1.17928
653 0.00470971 0.028554 2.70009
654 0.0218699 0.0154347 1.22478
655 0.00470992 0.0271943 2.65903
656 0.0211147 0.0145776 1.24113
657 0.00471013 0.0258346 2.61407
658 0.0204884 0.0136695 1.23763
659 0.00471034 0.0244749 2.56554
660 0.0194853 0.0132102 1.28914
661 0.00471056 0.0231153 2.51359
662 0.0185896 0.0124995 1.31004
663 0.00471077 0.0217556 2.45811
664 0.0176815 0.0117879 1.3261
665 0.00471098 0.0203959 2.39883
666 0.0166596 0.0111378 1.34885
667 0.00471119 0.0190362 2.33536
668 0.0156305 0.0106193 1.37618
669 0.00471141 0.0176765 2.26727
670 0.0145791 0.0100703 1.39723
671 0.00471162 0.0163169 2.19417
672 0.0134779 0.00953258 1.41649
673 0.00471183 0.0149572 2.11568
674 0.012336 0.00901535 1.4339
675 0.00471205 0.0135975 2.03148
676 0.0111721 0.0085168 1.44821
677 0.00470803 0.0122014 1.93891
678 0.01 0.00805325 1.46013
679 0.00470295 0.0108043 1.8398
680 0.00884728 0.00761456 1.46784
681 0.00473267 0.00937712 1.73101
682 0.00767811 0.0072288 1.47533
683 0.00481647 0.00793011 1.61234
684 0.00619991 0.00711248 1.50987
685 0.004832 0.00652468 1.49118
686 0.0104792 0.07307 1.29466
687 0.00945228 0.0736039 1.32505
688 0.0088387 0.0745473 1.29683
689 0.0115026 0.0724869 1.25874
690 0.00790713 0.0748906 1.32174
691 0.01191 0.0714903 1.28814
692 0.00684619 0.0752798 1.34259
693 0.0123605 0.0704661 1.3118
694 0.0127479 0.069407 1.33884
695 0.0130556 0.0683148 1.3719
696 0.0133995 0.0671614 1.40225
697 0.0137281 0.0659398 1.43501
698 0.0140381 0.064644 1.47103
699 0.0143103 0.0632115 1.51564
700 0.0146404 0.0617672 1.55321
701 0.0150557 0.0603096 1.58087
702 0.0155245 0.0588313 1.6021
703 0.0160625 0.0573798 1.61296
704 0.0166413 0.0559598 1.61619
705 0.0172568 0.0545728 1.61222
706 0.0178747 0.0532168 1.60494
707 0.00580057 0.0743465 1.44651
708 0.0185326 0.051892 1.59021
709 0.00589826 0.0729073 1.53767
710 0.0191962 0.0506185 1.57082
711 0.00596045 0.0714773 1.62479
712 0.0198691 0.0493649 1.54773
713 0.00592927 0.0700473 1.71094
714 0.0205392 0.0481271 1.52235
715 0.00592411 0.0686726 1.78904
716 0.0211802 0.0469596 1.49536
717 0.00588253 0.067305 1.86456
718 0.0217806 0.0457851 1.47109
719 0.00588275 0.0659453 1.93492
720 0.0223244 0.0446393 1.44981
721 0.00588296 0.0645856 2.0023
722 0.022859 0.0434972 1.42681
723 0.00588317 0.0632259 2.06695
724 0.0233587 0.0423698 1.40451
725 0.00588338 0.0618662 2.12909
726 0.0238226 0.0412496 1.3831
727 0.0058836 0.0605066 2.189
728 0.0242465 0.0401437 1.36275
729 0.00588381 0.0591469 2.24694
730 0.0246362 0.039054 1.34272
731 0.00588402 0.0577872 2.3031
732 0.0249999 0.0379711 1.32224
733 0.00588423 0.0564275 2.35762
734 0.0253084 0.0368863 1.30483
735 0.00588445 0.0550679 2.41053
736 0.0255458 0.0357941 1.29231
737 0.00588466 0.0537082 2.46171
738 0.025751 0.0347149 1.27977
739 0.00588487 0.0523485 2.51092
740 0.0259523 0.0336493 1.26394
741 0.00588508 0.0509888 2.5578
742 0.0260456 0.0325651 1.25729
743 0.0058853 0.0496291 2.60191
744 0.0261008 0.0314939 1.25125
745 0.00588551 0.0482695 2.64276
746 0.0263296 0.0304229 1.22092
747 0.00588572 0.0469098 2.67988
748 0.0260369 0.0293485 1.24811
749 0.00588593 0.0455501 2.71282
750 0.0259431 0.0282535 1.24768
751 0.00588615 0.0441904 2.74117
752 0.0257917 0.0271588 1.24962
753 0.00588636 0.0428308 2.76458
754 0.0255853 0.0260705 1.2536
755 0.00588657 0.0414711 2.78272
756 0.0253458 0.0249955 1.25723
757 0.00588678 0.0401114 2.79534
758 0.0251004 0.0239416 1.25775
759 0.005887 0.0387517 2.80221
760 0.0247627 0.022874 1.26365
761 0.00588721 0.0373921 2.80319
762 0.0243426 0.0218629 1.2754
763 0.00588742 0.0360324 2.79816
764 0.0239599 0.0208608 1.27906
765 0.00588764 0.0346727 2.78712
766 0.0237169 0.0198213 1.26264
767 0.00588785 0.033313 2.77013
768 0.0230032 0.0190279 1.29939
769 0.00588806 0.0319533 2.74737
770 0.0223731 0.0180421 1.31412
771 0.00588827 0.0305937 2.71914
772 0.0216666 0.0168789 1.32126
773 0.00588849 0.029234 2.68586
774 0.0058887 0.0278743 2.64801
775 0.0205949 0.0158238 1.35704
776 0.00588891 0.0265146 2.60606
777 0.0196295 0.0146724 1.36953
778 0.00588912 0.025155 2.56039
779 0.00588934 0.0237953 2.51117
780 0.0184004 0.0138669 1.41358
781 0.00588955 0.0224356 2.45839
782 0.0174185 0.0131142 1.4352
783 0.00588976 0.0210759 2.40182
784 0.016644 0.0123012 1.4325
785 0.00588997 0.0197162 2.34111
786 0.0155723 0.0119996 1.4804
787 0.00589019 0.0183566 2.27585
788 0.0145621 0.0114343 1.5006
789 0.0058904 0.0169969 2.20563
790 0.0135045 0.0108856 1.51942
791 0.00589061 0.0156372 2.13005
792 0.0124156 0.0103542 1.53577
793 0.00590372 0.0142569 2.0472
794 0.0112866 0.00985968 1.55147
795 0.00589334 0.0128676 1.95817
796 0.0101444 0.00940428 1.56535
797 0.00586163 0.011461 1.86196
798 0.00902203 0.00896719 1.57449
799 0.0058451 0.0100368 1.75721
800 0.00795833 0.00852839 1.57624
801 0.00590603 0.00853189 1.63684
802 0.00950837 0.0721424 1.41385
803 0.00808196 0.0735661 1.40166
804 0.0109346 0.0705579 1.41571
805 0.0116344 0.0685276 1.47847
806 0.0120076 0.0674124 1.50907
807 0.0123657 0.0662476 1.54075
808 0.0127007 0.0649833 1.57675
809 0.0129874 0.0636308 1.61884
810 0.0132183 0.0621777 1.66855
811 0.0135803 0.0607173 1.70463
812 0.0140357 0.0591706 1.73346
813 0.0145517 0.0576572 1.75278
814 0.0151527 0.0561838 1.75939
815 0.0157834 0.0547617 1.75835
816 0.0164209 0.053364 1.75308
817 0.0170657 0.0520074 1.74313
818 0.0177625 0.0507029 1.72339
819 0.00722187 0.0723053 1.52307
820 0.0184564 0.0494382 1.70004
821 0.00718585 0.0707503 1.61929
822 0.019142 0.0481966 1.67441
823 0.00717545 0.0693475 1.70103
824 0.0197985 0.0470056 1.64769
825 0.00713188 0.0679888 1.77817
826 0.0204076 0.045848 1.6226
827 0.00711404 0.066632 1.85075
828 0.0209763 0.0447044 1.59905
829 0.0071274 0.0652951 1.91794
830 0.0215153 0.0435683 1.57598
831 0.00710665 0.0639358 1.98493
832 0.0220152 0.0424519 1.55393
833 0.00706216 0.0625463 2.05165
834 0.0224806 0.0413454 1.53258
835 0.00706238 0.0611866 2.11258
836 0.0229009 0.0402556 1.51284
837 0.00706259 0.0598269 2.17131
838 0.0232883 0.0391845 1.49333
839 0.0070628 0.0584672 2.22801
840 0.0236626 0.0381427 1.47167
841 0.00706301 0.0571076 2.28285
842 0.0240318 0.0371176 1.44732
843 0.00706323 0.0557479 2.33592
844 0.0242848 0.0360615 1.43335
845 0.00706344 0.0543882 2.38723
846 0.0244485 0.0350067 1.42606
847 0.00706365 0.0530285 2.43668
848 0.0246435 0.0339554 1.41188
849 0.00706386 0.0516688 2.48404
850 0.0250208 0.032949 1.37358
851 0.00706408 0.0503092 2.52899
852 0.0248807 0.0318579 1.39042
853 0.00706429 0.0489495 2.57111
854 0.0138735 0.0207317 2.0564
855 0.0070645 0.0475898 2.60997
856 0.0103005 0.0156744 1.98629
857 0.00706471 0.0462301 2.6451
858 0.0248368 0.0290685 1.3798
859 0.00706493 0.0448705 2.67606
860 0.0247008 0.0278855 1.38041
861 0.00706514 0.0435108 2.70244
862 0.0245233 0.0268224 1.38271
863 0.00706535 0.0421511 2.72387
864 0.0242793 0.0257662 1.38831
865 0.00706556 0.0407914 2.74003
866 0.0240321 0.0247532 1.39104
867 0.00706578 0.0394318 2.75065
868 0.0239682 0.0237102 1.37018
869 0.00706599 0.0380721 2.75552
870 0.0234057 0.0228194 1.40102
871 0.0070662 0.0367124 2.75449
872 0.0229718 0.0217231 1.40771
873 0.00706641 0.0353527 2.74751
874 0.0225169 0.0204361 1.40404
875 0.00706663 0.033993 2.73458
876 0.00706684 0.0326334 2.71583
877 0.0217064 0.0192957 1.43133
878 0.00706705 0.0312737 2.69152
879 0.0210006 0.018218 1.44494
880 0.00706726 0.029914 2.662
881 0.0201565 0.0171643 1.4644
882 0.00706748 0.0285543 2.62773
883 0.00706769 0.0271947 2.58916
884 0.0192054 0.0161503 1.48681
885 0.0070679 0.025835 2.54667
886 0.0181832 0.015227 1.51168
887 0.00706812 0.0244753 2.50051
888 0.00706833 0.0231156 2.45069
889 0.0170769 0.0143916 1.53985
890 0.00706854 0.0217559 2.39705
891 0.0159365 0.0134275 1.55433
892 0.00706875 0.0203963 2.33926
893 0.00706897 0.0190366 2.27694
894 0.0146178 0.012821 1.59414
895 0.00706918 0.0176769 2.20968
896 0.0135064 0.0122333 1.61623
897 0.00706451 0.0162874 2.1356
898 0.0124368 0.0116996 1.63413
899 0.00709138 0.0148893 2.05417
900 0.0113742 0.0111782 1.64723
901 0.00710146 0.0134904 1.96684
902 0.0102534 0.0107307 1.66321
903 0.00704717 0.0120878 1.87452
904 0.00912678 0.0103362 1.67811
905 0.00696894 0.0106933 1.77665
906 0.00801705 0.00987237 1.68176
907 0.0114966 0.0696068 1.4286
908 0.00812401 0.0112673 1.78277
909 0.00693768 0.00933781 1.67355
910 0.0106177 0.0677035 1.59711
911 0.0109509 0.0664892 1.63767
912 0.011348 0.0653686 1.66591
913 0.0117135 0.0640651 1.70247
914 0.0118801 0.0626685 1.75674
915 0.0119758 0.0610911 1.82268
916 0.0126313 0.059664 1.8335
917 0.0129178 0.057917 1.88607
918 0.0136291 0.0563799 1.89028
919 0.0142728 0.0549449 1.8926
920 0.0149546 0.0535324 1.8873
921 0.0155706 0.052117 1.88502
922 0.0162562 0.0507645 1.87108
923 0.0170203 0.0494827 1.8439
924 0.00836314 0.0713463 1.52679
925 0.0177342 0.0482383 1.81755
926 0.00850142 0.0699767 1.60056
927 0.018434 0.0470164 1.78915
928 0.00844645 0.0686409 1.67887
929 0.0190465 0.0458835 1.76407
930 0.00829569 0.0672895 1.75966
931 0.01963 0.0447539 1.73948
932 0.00839324 0.0660047 1.82122
933 0.0201693 0.0436308 1.71678
934 0.00837656 0.0646762 1.88832
935 0.0206712 0.0425212 1.69503
936 0.00827965 0.0632658 1.96063
937 0.0211356 0.041425 1.67418
938 0.00824115 0.0618666 2.02671
939 0.0215617 0.0403422 1.65428
940 0.00822799 0.0605121 2.08706
941 0.0219517 0.0392705 1.63511
942 0.00821382 0.0591498 2.14555
943 0.022314 0.0382263 1.61547
944 0.00824179 0.0577876 2.19983
945 0.0226945 0.0372694 1.58981
946 0.00827806 0.0564422 2.25104
947 0.0231836 0.0363532 1.54943
948 0.00830305 0.0550955 2.30095
949 0.0231497 0.0353065 1.56367
950 0.0083055 0.0537352 2.3506
951 0.0233177 0.0341558 1.55387
952 0.00830302 0.052369 2.39867
953 0.0236943 0.0327578 1.51886
954 0.00828914 0.051007 2.44496
955 0.00824307 0.0496295 2.49097
956 0.0236122 0.0311608 1.52469
957 0.00824328 0.0482698 2.53108
958 0.00824349 0.0469102 2.56792
959 0.0235978 0.029712 1.51693
960 0.00824371 0.0455505 2.60106
961 0.0237575 0.0285414 1.48788
962 0.00824392 0.0441908 2.63006
963 0.023369 0.0275246 1.51349
964 0.00824413 0.0428311 2.65451
965 0.023385 0.0265019 1.49395
966 0.00824434 0.0414715 2.67403
967 0.0228687 0.0255425 1.52559
968 0.00824456 0.0401118 2.68831
969 0.0226688 0.0241303 1.51069
970 0.00824477 0.0387521 2.69707
971 0.00824498 0.0373924 2.7001
972 0.0220891 0.0228394 1.52754
973 0.00824519 0.0360327 2.69729
974 0.0216021 0.0216459 1.53237
975 0.00824541 0.0346731 2.68859
976 0.0210045 0.020524 1.54345
977 0.00824562 0.0333134 2.67408
978 0.00824583 0.0319537 2.65395
979 0.020332 0.0194797 1.55779
980 0.00824604 0.030594 2.6285
981 0.019607 0.0184682 1.57181
982 0.00824626 0.0292344 2.59814
983 0.0187776 0.0174944 1.58945
984 0.00824647 0.0278747 2.5633
985 0.00824668 0.026515 2.52435
986 0.0178427 0.0165903 1.61181
987 0.00824689 0.0251553 2.48155
988 0.0168322 0.015761 1.63664
989 0.00824711 0.0237956 2.43497
990 0.00824732 0.022436 2.38448
991 0.0157613 0.0149489 1.65944
992 0.00824753 0.0210763 2.32979
993 0.0146292 0.014221 1.68383
994 0.00824774 0.0197166 2.27056
995 0.00824796 0.0183569 2.20638
996 0.0135051 0.0136129 1.70842
997 0.00822261 0.0169746 2.13657
998 0.0124116 0.0130336 1.72719
999 0.00822381 0.0155585 2.05805
1000 0.0113316 0.0125277 1.74469
1001 0.00833649 0.014106 1.96709
1002 0.0104112 0.0119134 1.74218
1003 0.00831074 0.0127082 1.87723
1004 0.00928319 0.0117937 1.77918
1005 0.00964645 0.0707626 1.48887
1006 0.0100395 0.0691297 1.55876
1007 0.00844584 0.0724545 1.45387
1008 0.00961279 0.0667173 1.71503
1009 0.00980071 0.0654852 1.7667
1010 0.0105857 0.0644478 1.76549
1011 0.0219573 0.0360667 1.67905
1012 0.0106659 0.0618844 1.88167
1013 0.011436 0.0598195 1.91878
1014 0.0116274 0.0586568 1.9548
1015 0.0121498 0.0564197 2.00784
1016 0.012718 0.0550784 2.01688
1017 0.0134198 0.0537158 2.01245
1018 0.0141081 0.0523298 2.00635
1019 0.0146224 0.0507713 2.01778
1020 0.0155605 0.0494826 1.97916
1021 0.0163137 0.0482537 1.95149
1022 0.0170292 0.0470479 1.92345
1023 0.0176738 0.0459003 1.89741
1024 0.00941726 0.0678647 1.66574
1025 0.0182787 0.0447823 1.87172
1026 0.018833 0.0436726 1.84819
1027 0.0193347 0.0425764 1.82692
1028 0.00947504 0.0639914 1.85939
1029 0.0197962 0.0414919 1.8068
1030 0.00943977 0.0625778 1.92805
1031 0.020224 0.0404197 1.78715
1032 0.00941588 0.0612065 1.99148
1033 0.0206272 0.0393375 1.76744
1034 0.00935237 0.0598254 2.05519
1035 0.0210039 0.0382453 1.74769
1036 0.00935441 0.0584944 2.11065
1037 0.0213575 0.0371425 1.72735
1038 0.0094312 0.0571526 2.16021
1039 0.00955886 0.0558052 2.20496
1040 0.021929 0.0347519 1.69156
1041 0.00955 0.0544671 2.25522
1042 0.0095407 0.0530693 2.30544
1043 0.0221707 0.0333321 1.67274
1044 0.00956606 0.0517179 2.34975
1045 0.022294 0.0318559 1.65972
1046 0.00947399 0.0503282 2.39983
1047 0.00942206 0.0489499 2.44453
1048 0.0223037 0.030267 1.65042
1049 0.00944361 0.0475954 2.48124
1050 0.00945048 0.0462418 2.51554
1051 0.0223832 0.0286037 1.62613
1052 0.0094227 0.0448708 2.54865
1053 0.00942291 0.0435112 2.57571
1054 0.0220904 0.0268401 1.6264
1055 0.00942312 0.0421515 2.59825
1056 0.00942333 0.0407918 2.61593
1057 0.0215851 0.0252984 1.64048
1058 0.00942355 0.0394321 2.62842
1059 0.0211957 0.023973 1.64146
1060 0.00942376 0.0380724 2.63544
1061 0.00942397 0.0367128 2.63682
1062 0.0207693 0.0227727 1.64286
1063 0.00942419 0.0353531 2.63244
1064 0.0202028 0.021661 1.65348
1065 0.0094244 0.0339934 2.62233
1066 0.0196133 0.0206654 1.66463
1067 0.00942461 0.0326337 2.60659
1068 0.00942482 0.0312741 2.58548
1069 0.0189947 0.0196965 1.67397
1070 0.00942504 0.0299144 2.55933
1071 0.0183199 0.018787 1.68499
1072 0.00942525 0.0285547 2.52853
1073 0.017481 0.0178655 1.70214
1074 0.00942546 0.027195 2.49344
1075 0.00942567 0.0258353 2.45431
1076 0.0165494 0.017109 1.72791
1077 0.00942589 0.0244757 2.41124
1078 0.0155677 0.0163553 1.75116
1079 0.0094261 0.023116 2.36413
1080 0.00942631 0.0217563 2.31274
1081 0.0145098 0.0156376 1.77484
1082 0.00942652 0.0203966 2.25675
1083 0.013443 0.0149941 1.79699
1084 0.00944375 0.0190213 2.1944
1085 0.00942695 0.0176773 2.12948
1086 0.0123798 0.0143571 1.81339
1087 0.009317 0.0162828 2.05976
1088 0.0112659 0.0137513 1.82827
1089 0.00935048 0.014831 1.97489
1090 0.0098324 0.0133076 1.86136
1091 0.010436 0.0591532 2.01662
1092 0.0110116 0.0551773 2.13732
1093 0.0118738 0.0538199 2.12662
1094 0.0125637 0.052554 2.12097
1095 0.0131314 0.0512542 2.12179
1096 0.0142201 0.0492844 2.09909
1097 0.0149081 0.0481953 2.07553
1098 0.0156083 0.0470242 2.05036
1099 0.0162864 0.0458864 2.02317
1100 0.0169415 0.0447767 1.99446
1101 0.0175078 0.0436932 1.97039
1102 0.0180073 0.0426124 1.94988
1103 0.018458 0.0415472 1.93106
1104 0.0188828 0.0404896 1.91206
1105 0.0193075 0.0394263 1.8907
1106 0.0197034 0.0383 1.8702
1107 0.020111 0.0371103 1.84629
1108 0.0105107 0.057921 2.06277
1109 0.0106995 0.056587 2.10377
1110 0.0208229 0.0340838 1.79952
1111 0.0105757 0.0537793 2.21637
1112 0.0109698 0.0525002 2.23563
1113 0.0209491 0.0325794 1.7883
1114 0.0107356 0.0509889 2.30046
1115 0.0209636 0.0310414 1.78084
1116 0.0106158 0.0496443 2.34988
1117 0.0106077 0.048271 2.39011
1118 0.0209582 0.0294763 1.76802
1119 0.0106945 0.0469588 2.41954
1120 0.0106679 0.045584 2.45464
1121 0.0208079 0.0279612 1.76148
1122 0.0106326 0.0442102 2.48652
1123 0.0106019 0.0428315 2.51402
1124 0.0205222 0.0264356 1.75903
1125 0.0106265 0.041464 2.53323
1126 0.0106023 0.0401121 2.5506
1127 0.0201644 0.0250357 1.7579
1128 0.0106025 0.0387525 2.5614
1129 0.0198302 0.023792 1.75235
1130 0.0106028 0.0373928 2.56683
1131 0.010603 0.0360331 2.56673
1132 0.0195832 0.0226568 1.73741
1133 0.0106032 0.0346734 2.56105
1134 0.018844 0.0217999 1.76687
1135 0.0106034 0.0333138 2.54983
1136 0.0182593 0.0208333 1.77536
1137 0.0106036 0.0319541 2.53324
1138 0.0106038 0.0305944 2.51153
1139 0.0176639 0.019896 1.7809
1140 0.010604 0.0292347 2.48504
1141 0.017198 0.018944 1.77204
1142 0.0106042 0.027875 2.45409
1143 0.0162516 0.0184043 1.8111
1144 0.0106045 0.0265154 2.4189
1145 0.0106047 0.0251557 2.37957
1146 0.0153497 0.0177299 1.83579
1147 0.0106049 0.023796 2.33605
1148 0.0144085 0.0169746 1.85344
1149 0.0105975 0.0224526 2.28908
1150 0.0105929 0.0210894 2.23659
1151 0.0132939 0.0163825 1.88379
1152 0.010612 0.019701 2.17691
1153 0.0123193 0.0157619 1.89941
1154 0.0106701 0.0182821 2.10847
1155 0.0104953 0.0169806 2.04997
1156 0.0113408 0.0150216 1.90287
1157 0.0133756 0.0500966 2.14027
1158 0.0206604 0.0357219 1.80737
1159 0.0118769 0.0514968 2.20623
1160 0.0134994 0.0480372 2.19245
1161 0.0142144 0.0469218 2.16728
1162 0.0148664 0.0458098 2.144
1163 0.0155831 0.0447302 2.11147
1164 0.01622 0.0437013 2.08164
1165 0.0167057 0.0426123 2.06338
1166 0.0171336 0.0415867 2.04649
1167 0.0175366 0.0405485 2.02967
1168 0.0179481 0.0395022 2.00989
1169 0.0183691 0.0384122 1.9874
1170 0.0187779 0.0372399 1.96399
1171 0.0197059 0.0333268 1.89975
1172 0.0196831 0.0319305 1.89793
1173 0.0120105 0.0502209 2.23795
1174 0.0196257 0.0304497 1.89281
1175 0.0115973 0.048966 2.30403
1176 0.0120042 0.0477739 2.30955
1177 0.0194837 0.0289516 1.88814
1178 0.0119116 0.0462942 2.35382
1179 0.0118921 0.0449286 2.38665
1180 0.0192957 0.027471 1.88059
1181 0.0117807 0.0435115 2.42292
1182 0.0118258 0.042128 2.44346
1183 0.0190943 0.025993 1.86727
1184 0.0118613 0.0407743 2.45983
1185 0.0118394 0.039421 2.47546
1186 0.0187367 0.0246202 1.862
1187 0.0117815 0.0380728 2.48847
1188 0.0106279 0.0632551 1.8204
1189 0.0117817 0.0367131 2.49245
1190 0.011782 0.0353535 2.49109
1191 0.00259338 0.0819675 0.944863
1192 0.0117822 0.0339938 2.48437
1193 0.0175611 0.0219358 1.86651
1194 0.0117824 0.0326341 2.47235
1195 0.016831 0.0208194 1.8762
1196 0.0117826 0.0312744 2.45521
1197 0.0117828 0.0299147 2.4332
1198 0.011783 0.0285551 2.40656
1199 0.0152057 0.0191432 1.91118
1200 0.0117832 0.0271954 2.37552
1201 0.0117834 0.0258357 2.34013
1202 0.0117837 0.024476 2.30037
1203 0.0142204 0.0183079 1.93079
1204 0.0117842 0.0231443 2.257
1205 0.013367 0.0175507 1.94076
1206 0.0117584 0.0218128 2.21032
1207 0.0117421 0.0204499 2.15695
1208 0.0120521 0.017358 1.99912
1209 0.011792 0.0190135 2.09166
1210 0.0127995 0.0490242 2.21671
1211 0.0191834 0.0360062 1.93802
1212 0.0195314 0.0347241 1.91344
1213 0.0129715 0.0469299 2.26162
1214 0.0133105 0.0456843 2.26765
1215 0.0142515 0.0446028 2.22045
1216 0.0149337 0.0435549 2.18914
1217 0.0155884 0.0427354 2.15287
1218 0.0157618 0.041662 2.15821
1219 0.0161583 0.040615 2.14266
1220 0.0165767 0.0395698 2.12294
1221 0.0169969 0.0385714 2.10018
1222 0.0174756 0.0374301 2.07161
1223 0.0184364 0.032782 2.00458
1224 0.0183038 0.029956 1.99467
1225 0.0179104 0.0284716 2.00533
1226 0.0129683 0.0441902 2.32538
1227 0.0179661 0.0268973 1.97291
1228 0.0129645 0.0427883 2.35208
1229 0.0131359 0.0414411 2.3611
1230 0.0177677 0.0254975 1.9568
1231 0.0131412 0.0400713 2.37813
1232 0.0130271 0.0387046 2.39883
1233 0.0172543 0.0242408 1.96118
1234 0.0129762 0.037358 2.40996
1235 0.0129652 0.035999 2.41331
1236 0.0129699 0.0346478 2.41051
1237 0.0129612 0.0333141 2.40366
1238 0.0162857 0.021807 1.9494
1239 0.0129614 0.0319544 2.39106
1240 0.0129616 0.0305948 2.37355
1241 0.0129618 0.0292351 2.35132
1242 0.0129845 0.0278762 2.3232
1243 0.0140925 0.0195996 1.99703
1244 0.0129849 0.0265232 2.29206
1245 0.0129878 0.0251692 2.25619
1246 0.0129916 0.0238265 2.21597
1247 0.0129178 0.0186614 2.01879
1248 0.012962 0.022511 2.17373
1249 0.0128733 0.0212338 2.13115
1250 0.0177917 0.0362302 2.05371
1251 0.0186613 0.0339412 1.98788
1252 0.0183728 0.0314557 2.00277
1253 0.0167119 0.0229822 1.96101
1254 0.0152039 0.0207801 1.9806
1255 0.0128599 0.0199414 2.07906
1256 0.0181269 0.0350424 2.03074
1257 0.0138949 0.0434502 2.27107
1258 0.0143825 0.04221 2.25681
1259 0.0146052 0.0407285 2.26236
1260 0.0153891 0.0397198 2.21457
1261 0.0155683 0.038574 2.21283
1262 0.0163142 0.0376684 2.16213
1263 0.0168077 0.0297026 2.10398
1264 0.0167047 0.0274603 2.07534
1265 0.0168724 0.0263142 2.03965
1266 0.0163859 0.025256 2.04831
1267 0.0142998 0.0392565 2.30192
1268 0.014197 0.0379688 2.31984
1269 0.0141419 0.0366011 2.32993
1270 0.0141575 0.0352811 2.33011
1271 0.0141692 0.0339446 2.32588
1272 0.0141595 0.0326096 2.31836
1273 0.0141672 0.0312488 2.30467
1274 0.0141624 0.0299032 2.28722
1275 0.0141779 0.0285597 2.26394
1276 0.0142191 0.0271973 2.2341
1277 0.0141719 0.0258676 2.20581
1278 0.0142054 0.024489 2.16645
1279 0.0142341 0.0231817 2.12474
1280 0.0141106 0.0218298 2.08517
1281 0.0165161 0.0364831 2.15365
1282 0.0169174 0.0323841 2.12108
1283 0.0175017 0.0338288 2.08113
1284 0.0173777 0.0309313 2.07509
1285 0.015647 0.0239562 2.06187
1286 0.0153367 0.0224323 2.03277
1287 0.0155469 0.0264893 2.13406
1288 0.0153932 0.0358356 2.24058
1289 0.0153448 0.0346128 2.24446
1290 0.0154055 0.0331891 2.23541
1291 0.0153652 0.0319172 2.2298
1292 0.0153741 0.0305079 2.21465
1293 0.0153845 0.0292565 2.19689
1294 0.0151949 0.0252113 2.12524
1295 0.0153941 0.0279034 2.17312
1296 0.0164445 0.0285921 2.11336
1297 0.0167676 0.0351108 2.1384
1298 0.00694793 0.00813495 1.57519
1299 0.00694133 0.0738425 1.43601
1300 0.0105408 0.0605358 1.9505
1301 0.0151943 0.0371934 2.25059
1302 0.016283 0.0311798 2.15783
1303 0.0112759 0.0161932 1.97273
1304 0.0104025 0.0144601 1.91005
1305 0.0249859 0.0304636 1.37465
1306 0.016342 0.0338825 2.16953
