0 9.50995e-43 1.73092e-153 0.346196
1 0 0.0458831 0.386615
2 0.018 0.0087178 0.797826
3 0 0.0087178 0.249148
4 1.22465e-18 -0.02 0.682453
5 1.22465e-18 0.02 0.447885
6 0.0169463 -0.0106218 0.424196
7 0.0174706 0.0098109 0.44019
8 0.0169412 0.010904 0.449359
9 0.0164118 0.0119971 0.455601
10 0.0158824 0.0130902 0.460156
11 0.0153529 0.0141833 0.463406
12 0.0148235 0.0152764 0.465854
13 0.0142941 0.0163695 0.467593
14 0.0137647 0.0174626 0.468535
15 0.0132353 0.0185557 0.468872
16 0.0127059 0.0196488 0.46868
17 0.0121765 0.0207419 0.467926
18 0.0116471 0.021835 0.466702
19 0.0111176 0.0229281 0.46499
20 0.0105882 0.0240212 0.462803
21 0.0100588 0.0251143 0.460186
22 0.00952941 0.0262074 0.457135
23 0.009 0.0273005 0.453662
24 0.00847059 0.0283936 0.44979
25 0.00794118 0.0294867 0.445557
26 0.00741176 0.0305798 0.440964
27 0.00688235 0.0316729 0.435962
28 0.00635294 0.032766 0.430599
29 0.00582353 0.0338591 0.424952
30 0.00529412 0.0349522 0.418813
31 0.00476471 0.0360453 0.412232
32 0.00423529 0.0371384 0.405496
33 0.00370588 0.0382315 0.39845
34 0.00317647 0.0393246 0.391052
35 0.00264706 0.0404177 0.382844
36 0.00211765 0.0415108 0.374966
37 0.00158824 0.0426039 0.365626
38 0.00105882 0.0436969 0.356274
39 0.000529412 0.04479 0.682868
40 0.00117838 0.0199653 0.678469
41 0.00235254 0.0198612 0.670865
42 0.00351843 0.0196881 0.660363
43 0.00467202 0.0194467 0.647384
44 0.0058093 0.0191377 0.632305
45 0.00692636 0.0187623 0.61563
46 0.00801932 0.0183219 0.597804
47 0.00908441 0.0178178 0.579273
48 0.010118 0.0172519 0.560505
49 0.0111164 0.0166261 0.541783
50 0.0120762 0.0159426 0.523574
51 0.0129941 0.0152037 0.506251
52 0.013867 0.014412 0.489747
53 0.0146917 0.0135703 0.474314
54 0.0154655 0.0126814 0.459571
55 0.0161856 0.0117484 0.444336
56 0.0168496 0.0107746 0.424711
57 0.0174551 0.0097632 0.357204
58 0 0.0447066 0.368648
59 0 0.0435301 0.381091
60 0 0.0423536 0.393859
61 0 0.0411771 0.407657
62 0 0.0400006 0.421887
63 0 0.0388241 0.436531
64 0 0.0376476 0.451717
65 0 0.0364711 0.46736
66 0 0.0352946 0.483453
67 0 0.0341181 0.499813
68 0 0.0329416 0.516357
69 0 0.0317651 0.533082
70 0 0.0305886 0.549931
71 0 0.0294121 0.566833
72 0 0.0282355 0.583744
73 0 0.027059 0.600605
74 0 0.0258825 0.617334
75 0 0.024706 0.633918
76 0 0.0235295 0.65044
77 0 0.022353 0.666777
78 0 0.0211765 0.698701
79 0 0.0187464 0.714327
80 0 0.0174928 0.72926
81 0 0.0162393 0.743424
82 0 0.0149857 0.756706
83 0 0.0137321 0.768932
84 0 0.0124785 0.780027
85 0 0.011225 0.789567
86 0 0.00997138 0.798433
87 0.0012 0.0087178 0.793131
88 0.0024 0.0087178 0.783313
89 0.0036 0.0087178 0.769422
90 0.0048 0.0087178 0.751777
91 0.006 0.0087178 0.730714
92 0.0072 0.0087178 0.706571
93 0.0084 0.0087178 0.679641
94 0.0096 0.0087178 0.65016
95 0.0108 0.0087178 0.618266
96 0.012 0.0087178 0.583989
97 0.0132 0.0087178 0.547135
98 0.0144 0.0087178 0.507075
99 0.0156 0.0087178 0.461161
100 0.0168 0.0087178 0.44211
101 0.0175479 -0.00959544 0.436766
102 0.0180869 -0.00853608 0.431919
103 0.0185622 -0.00744617 0.427626
104 0.0189721 -0.00632939 0.423939
105 0.0193146 -0.00519097 0.42091
106 0.0195889 -0.00403436 0.418563
107 0.0197941 -0.00286257 0.416907
108 0.0199292 -0.00168096 0.415958
109 0.0199939 -0.000494158 0.4157
110 0.0199879 0.000695131 0.416067
111 0.0199112 0.00188228 0.41698
112 0.0197642 0.00306184 0.418261
113 0.0195474 0.00423074 0.419584
114 0.0192613 0.00538544 0.420247
115 0.0189072 0.00652054 0.418385
116 0.0184865 0.00763219 0.804336
117 0 0.00752122 0.808971
118 0 0.00632465 0.812111
119 0 0.00512807 0.813687
120 0 0.0039315 0.813572
121 0 0.00273492 0.811734
122 0 0.00153835 0.808158
123 0 0.000341774 0.802849
124 0 -0.000854801 0.795827
125 0 -0.00205138 0.787125
126 0 -0.00324795 0.776784
127 0 -0.00444453 0.764847
128 0 -0.0056411 0.751355
129 0 -0.00683768 0.736334
130 0 -0.00803425 0.719783
131 0 -0.00923083 0.701659
132 0 -0.0104274 0.681839
133 0 -0.011624 0.660058
134 0 -0.0128206 0.635743
135 0 -0.0140171 0.607732
136 0 -0.0152137 0.573071
137 0 -0.0164103 0.522688
138 0 -0.0176069 0.427973
139 0 -0.0188034 0.492752
140 0.0011891 -0.0199646 0.513619
141 0.00237297 -0.0198587 0.518408
142 0.0035489 -0.0196826 0.518831
143 0.00471285 -0.0194368 0.51701
144 0.00585937 -0.0191224 0.513796
145 0.00698505 -0.0187406 0.5096
146 0.00808691 -0.0182921 0.504647
147 0.00915988 -0.0177791 0.499118
148 0.0101998 -0.0172036 0.49313
149 0.0112043 -0.0165669 0.486818
150 0.0121695 -0.0158715 0.480285
151 0.0130909 -0.0151205 0.473637
152 0.0139662 -0.0143159 0.466975
153 0.0147926 -0.0134603 0.460399
154 0.0155664 -0.0125574 0.454011
155 0.0162848 -0.0116105 0.586776
156 0.00597242 0.0232957 0.602368
157 0.0046301 0.0236691 0.483114
158 0.00291351 0.0332473 0.585687
159 0.0067148 0.0224026 0.388155
160 0.00098778 0.0416142 0.400344
161 0.00122709 0.0405071 0.414484
162 0.000894581 0.0394087 0.427296
163 0.00122099 0.038308 0.444213
164 0.00107248 0.0370189 0.459734
165 0.0011731 0.0358232 0.475311
166 0.00115412 0.0346815 0.492097
167 0.00105265 0.0334831 0.508561
168 0.00104208 0.0323077 0.524859
169 0.00105126 0.0311543 0.409063
170 0.00197586 0.0394006 0.541443
171 0.00101888 0.0300003 0.417748
172 0.00251544 0.0383604 0.558349
173 0.00101888 0.0288238 0.426319
174 0.00303505 0.0372868 0.575304
175 0.00101888 0.0276473 0.436623
176 0.00344159 0.036171 0.592251
177 0.00101888 0.0264708 0.44499
178 0.00396551 0.0350756 0.609133
179 0.00101888 0.0252943 0.451133
180 0.00459945 0.0339699 0.626165
181 0.0010937 0.0240867 0.458343
182 0.00514158 0.032854 0.642979
183 0.00114315 0.0228852 0.465069
184 0.005671 0.0317609 0.659034
185 0.00102827 0.021754 0.4713
186 0.00620041 0.0306678 0.672614
187 0.000853348 0.0207777 0.47697
188 0.00672982 0.0295747 0.482215
189 0.00725923 0.0284816 0.668005
190 0.00186265 0.0208575 0.487032
191 0.00778864 0.0273885 0.66026
192 0.00306332 0.0208023 0.491345
193 0.00831805 0.0262954 0.650365
194 0.00431307 0.0205431 0.495123
195 0.00884747 0.0252023 0.63648
196 0.00555694 0.020258 0.498352
197 0.00937688 0.0241092 0.620743
198 0.0067312 0.0199032 0.501069
199 0.00990629 0.0230161 0.603909
200 0.00787721 0.0194247 0.50318
201 0.0104357 0.021923 0.584357
202 0.00901502 0.0189429 0.506043
203 0.010935 0.0207993 0.56606
204 0.010044 0.0183764 0.505515
205 0.0114877 0.0197559 0.544445
206 0.0111473 0.0177496 0.50642
207 0.0120099 0.0186314 0.515386
208 0.0123416 0.0173142 0.504507
209 0.0131011 0.0163867 0.493129
210 0.0138248 0.0155159 0.433232
211 0.00200418 0.0374743 0.446197
212 0.00219824 0.0363955 0.460481
213 0.00248226 0.0351833 0.479417
214 0.00211793 0.0340091 0.496763
215 0.00203145 0.0328099 0.512341
216 0.00216248 0.0316528 0.528179
217 0.00213504 0.0305644 0.545324
218 0.00206048 0.0294041 0.562315
219 0.00204586 0.0282355 0.579348
220 0.00204586 0.027059 0.596351
221 0.00204586 0.0258825 0.466232
222 0.00334548 0.0341218 0.613131
223 0.00212078 0.0246839 0.473931
224 0.00394187 0.0330539 0.629674
225 0.00224239 0.0234672 0.484345
226 0.00437565 0.0319255 0.648269
227 0.00238417 0.0220816 0.493135
228 0.00489742 0.0307959 0.498177
229 0.00555377 0.0297102 0.504529
230 0.00609759 0.0286207 0.512222
231 0.00655537 0.0275299 0.51849
232 0.00708044 0.0264068 0.639582
233 0.00385231 0.0217338 0.523233
234 0.00764066 0.0252926 0.626869
235 0.00520183 0.0213612 0.527749
236 0.00817008 0.0241995 0.606399
237 0.00651947 0.021231 0.533743
238 0.00862555 0.0230839 0.590882
239 0.0077029 0.0206347 0.535286
240 0.00919195 0.0220402 0.571906
241 0.00886327 0.020096 0.537169
242 0.00975831 0.0209202 0.544762
243 0.0101495 0.0196952 0.534027
244 0.0109705 0.0188392 0.495824
245 0.00315461 0.0321959 0.510247
246 0.00345429 0.0309837 0.529403
247 0.00303879 0.0299546 0.543887
248 0.00314539 0.0288928 0.562228
249 0.00316426 0.0276261 0.579482
250 0.0031372 0.0264613 0.596963
251 0.00307283 0.0252943 0.610975
252 0.00332229 0.0241544 0.626114
253 0.00350992 0.0229559 0.518151
254 0.00428052 0.0297292 0.520639
255 0.00505234 0.0287721 0.532063
256 0.00530982 0.0277386 0.540766
257 0.00581198 0.0265873 0.547732
258 0.00636888 0.0254371 0.615827
259 0.00479985 0.0225589 0.555237
260 0.00685334 0.0243007 0.60549
261 0.00579557 0.0221885 0.560209
262 0.00737866 0.0232349 0.569362
263 0.0078136 0.0219749 0.561806
264 0.00865748 0.0211361 0.541763
265 0.00408459 0.0283009 0.579007
266 0.004 0.0258344 0.590322
267 0.00428016 0.0248226 0.558619
268 0.00441205 0.0268757 0.565979
269 0.00510512 0.0256787 0.576121
270 0.00555536 0.0245054 0.720067
271 0.00438095 0.0148983 0.719707
272 0.00522551 0.0138572 0.723519
273 0.00320689 0.0157136 0.733186
274 0.00502149 0.012809 0.47632
275 0.0162133 0.00972972 0.518765
276 0.015 0.00975703 0.555988
277 0.0138299 0.00980431 0.591855
278 0.0126275 0.00981587 0.626505
279 0.0114 0.00975703 0.657439
280 0.0102 0.00975703 0.487207
281 0.0156695 0.0107159 0.68588
282 0.009 0.00975703 0.494486
283 0.0152018 0.0116047 0.711629
284 0.0078 0.00975703 0.520682
285 0.0142562 0.0120867 0.734431
286 0.0066 0.00975703 0.533501
287 0.0134944 0.0131 0.753981
288 0.0054 0.00975703 0.547812
289 0.0127035 0.01395 0.770541
290 0.00414122 0.00977118 0.564307
291 0.0118531 0.0146622 0.783492
292 0.00280314 0.00977196 0.580185
293 0.0109784 0.0153733 0.792444
294 0.00129606 0.00965674 0.596234
295 0.0100653 0.0160331 0.613925
296 0.00908478 0.0165621 0.630245
297 0.00807931 0.0170879 0.785142
298 0.000912768 0.0107158 0.645761
299 0.00707012 0.0175069 0.775614
300 0.00107818 0.0118362 0.659576
301 0.00604328 0.0178953 0.764116
302 0.00105603 0.0130767 0.671723
303 0.00500143 0.0182229 0.750934
304 0.00108563 0.0143589 0.683781
305 0.00385939 0.01842 0.73691
306 0.00107679 0.015628 0.692442
307 0.00274762 0.0185731 0.722716
308 0.00103071 0.0168402 0.697008
309 0.00150596 0.0188007 0.710128
310 0.000922965 0.0178675 0.525406
311 0.0145008 0.0108251 0.561265
312 0.0133165 0.010954 0.598048
313 0.0120701 0.0109151 0.631943
314 0.0108363 0.0108664 0.663411
315 0.0096 0.0107963 0.690724
316 0.0084 0.0107963 0.71517
317 0.0072 0.0107963 0.765568
318 0.00298916 0.0117962 0.736533
319 0.006 0.0107963 0.568567
320 0.0124124 0.0128686 0.754411
321 0.00476418 0.010856 0.585122
322 0.0116114 0.013453 0.769024
323 0.00352009 0.0108402 0.599307
324 0.0107937 0.0141766 0.779588
325 0.00212533 0.0108894 0.613129
326 0.00996413 0.0148427 0.628521
327 0.00906494 0.0154 0.644007
328 0.00813 0.0158778 0.658767
329 0.00715809 0.0163173 0.671886
330 0.00618105 0.0167185 0.767224
331 0.00204522 0.0123488 0.682778
332 0.00522592 0.0170814 0.753847
333 0.00211985 0.0136773 0.691308
334 0.00427685 0.0174273 0.739476
335 0.00214821 0.0150088 0.705482
336 0.00320733 0.0172304 0.72403
337 0.00214488 0.0163561 0.70944
338 0.00199858 0.0176246 0.566217
339 0.0128261 0.0119464 0.639246
340 0.0102 0.0118355 0.668734
341 0.00894625 0.011894 0.692771
342 0.00782892 0.0119167 0.716563
343 0.00662277 0.0118589 0.735922
344 0.00545407 0.0118601 0.603642
345 0.0114586 0.0121055 0.751577
346 0.00414229 0.0120868 0.617782
347 0.0105763 0.0130108 0.631498
348 0.00974717 0.0136939 0.641012
349 0.00904509 0.0143468 0.658265
350 0.00812386 0.0146601 0.672216
351 0.00719529 0.0151112 0.684267
352 0.00626122 0.0155602 0.696449
353 0.00525212 0.0159126 0.753426
354 0.003129 0.0129793 0.706126
355 0.00419424 0.0163 0.739134
356 0.00320449 0.0143113 0.646271
357 0.00955074 0.0127316 0.667969
358 0.00839252 0.0132362 0.69621
359 0.00722822 0.0127997 0.713624
360 0.00613798 0.0130505 0.737824
361 0.00415286 0.0134836 0.685361
362 0.00722158 0.0138752 0.697311
363 0.00627358 0.014382 0.704849
364 0.00546848 0.0148856 0.683927
365 0.0103571 -0.00069857 0.687498
366 0.00907822 -0.00497213 0.679818
367 0.0103861 -0.00178271 0.59886
368 0.0136823 0.00353957 0.565455
369 0.00104492 -0.0171028 0.526824
370 0.00101592 -0.0183794 0.598161
371 0.00107392 -0.0158462 0.625593
372 0.00106452 -0.0146397 0.650583
373 0.00103626 -0.0134188 0.672915
374 0.00103626 -0.0122223 0.540095
375 0.00285367 -0.0187049 0.693384
376 0.00103626 -0.0110257 0.544776
377 0.00390893 -0.0184282 0.712199
378 0.00103626 -0.00982911 0.544249
379 0.00499757 -0.0181782 0.729469
380 0.00103626 -0.00863254 0.54162
381 0.00607102 -0.0178792 0.74524
382 0.00103626 -0.00743596 0.538484
383 0.00713212 -0.0174806 0.759512
384 0.00103626 -0.00623939 0.533695
385 0.00819219 -0.0170419 0.77226
386 0.00103626 -0.00504281 0.529697
387 0.00915471 -0.0165188 0.783439
388 0.00103626 -0.00384624 0.524132
389 0.0101089 -0.0159789 0.793001
390 0.00103626 -0.00264966 0.519002
391 0.0110453 -0.0153232 0.800898
392 0.00103626 -0.00145309 0.512899
393 0.0119463 -0.0146473 0.807088
394 0.00103626 -0.000256514 0.506966
395 0.0127859 -0.0139242 0.811542
396 0.00103626 0.000940061 0.501178
397 0.0135934 -0.013121 0.814245
398 0.00103626 0.00213664 0.494832
399 0.0143611 -0.0122953 0.815202
400 0.00103626 0.00333321 0.489123
401 0.0150571 -0.0114263 0.814432
402 0.00103626 0.00452979 0.483312
403 0.0157175 -0.0105054 0.811825
404 0.00106827 0.00576559 0.478066
405 0.0163121 -0.00954485 0.808002
406 0.000978036 0.0069121 0.473174
407 0.0168463 -0.00855632 0.803489
408 0.000814962 0.00790291 0.468639
409 0.0173196 -0.00754846 0.464507
410 0.0177398 -0.00649326 0.801753
411 0.00179889 0.00773271 0.460405
412 0.0181123 -0.00541525 0.795023
413 0.00296248 0.00763965 0.457444
414 0.0183964 -0.00434508 0.782767
415 0.0042 0.00767857 0.455319
416 0.0186113 -0.00323902 0.767089
417 0.0054 0.00767857 0.452864
418 0.0187907 -0.00210941 0.747859
419 0.0066 0.00767857 0.45211
420 0.0188665 -0.00101509 0.725398
421 0.0078 0.00767857 0.450986
422 0.0189079 7.91897e-05 0.70003
423 0.009 0.00767857 0.451439
424 0.0188493 0.00122508 0.67203
425 0.0102 0.00767857 0.451675
426 0.0187449 0.00235083 0.641596
427 0.0114 0.00767857 0.453152
428 0.0185443 0.003461 0.608825
429 0.0126 0.00767857 0.4538
430 0.0183039 0.0045685 0.573675
431 0.0138 0.00767857 0.453769
432 0.0180115 0.00564557 0.535606
433 0.0150121 0.00764689 0.451234
434 0.0177162 0.00668264 0.495379
435 0.0161572 0.00771055 0.446882
436 0.0173135 0.00773926 0.530563
437 0.00196848 -0.0189172 0.557254
438 0.00203328 -0.0177998 0.585787
439 0.00213481 -0.016567 0.613008
440 0.0021702 -0.0152956 0.637857
441 0.00211942 -0.014058 0.661037
442 0.00207371 -0.0128206 0.681785
443 0.00207371 -0.011624 0.567544
444 0.00308593 -0.0174456 0.701018
445 0.00207371 -0.0104274 0.5689
446 0.0041483 -0.0172359 0.718785
447 0.00207371 -0.00923083 0.566091
448 0.00523133 -0.0170391 0.735107
449 0.00207371 -0.00803425 0.563781
450 0.00623156 -0.0167086 0.749974
451 0.00207371 -0.00683768 0.560953
452 0.00721348 -0.0162955 0.763357
453 0.00207371 -0.0056411 0.557245
454 0.00817065 -0.015832 0.77521
455 0.00207371 -0.00444453 0.552432
456 0.00910864 -0.0153346 0.78548
457 0.00207371 -0.00324795 0.547516
458 0.010005 -0.0147739 0.794115
459 0.00207371 -0.00205138 0.542461
460 0.0108623 -0.0141563 0.801067
461 0.00207371 -0.000854801 0.537304
462 0.0116834 -0.0134805 0.806298
463 0.00207371 0.000341774 0.531774
464 0.0124713 -0.012762 0.809787
465 0.00207371 0.00153835 0.526326
466 0.0132066 -0.0120035 0.811526
467 0.00207371 0.00273492 0.520173
468 0.0139056 -0.0112418 0.811529
469 0.00207371 0.0039315 0.514645
470 0.0145788 -0.0103584 0.809704
471 0.00207935 0.00517362 0.510803
472 0.0151184 -0.0094883 0.805241
473 0.00221108 0.00650502 0.506251
474 0.01565 -0.0085708 0.501964
475 0.0161329 -0.00761073 0.497817
476 0.0165654 -0.00662848 0.494153
477 0.0169336 -0.00563686 0.491168
478 0.017237 -0.00461694 0.794366
479 0.00356902 0.00659354 0.488571
480 0.0174833 -0.00358368 0.780684
481 0.00478562 0.0065813 0.486507
482 0.0176673 -0.00254278 0.762947
483 0.006 0.00663934 0.485229
484 0.0177815 -0.00148496 0.742253
485 0.0072 0.00663934 0.484248
486 0.0178405 -0.00042443 0.718518
487 0.0084 0.00663934 0.483739
488 0.0178378 0.000635589 0.692044
489 0.0096 0.00663934 0.483997
490 0.017762 0.00169574 0.663081
491 0.0108 0.00663934 0.485172
492 0.0176065 0.0027503 0.631792
493 0.012 0.00663934 0.486715
494 0.0173833 0.00381328 0.597796
495 0.0132198 0.00661686 0.487741
496 0.0171215 0.00486928 0.56196
497 0.0144154 0.00662037 0.489202
498 0.0167967 0.00590736 0.521392
499 0.0156963 0.00651137 0.481421
500 0.016729 0.0068868 0.594663
501 0.00337289 -0.0161233 0.62305
502 0.00321421 -0.0147002 0.646464
503 0.00314771 -0.0134513 0.66803
504 0.00311116 -0.0122223 0.687502
505 0.00311116 -0.0110257 0.705607
506 0.00311116 -0.00982911 0.587578
507 0.00446559 -0.0162216 0.722335
508 0.00311116 -0.00863254 0.587395
509 0.00538384 -0.0158954 0.737663
510 0.00311116 -0.00743596 0.585982
511 0.00628584 -0.0155243 0.751555
512 0.00311116 -0.00623939 0.583168
513 0.00721632 -0.0151037 0.763963
514 0.00311116 -0.00504281 0.579438
515 0.00811866 -0.0146443 0.774829
516 0.00311116 -0.00384624 0.574392
517 0.0089905 -0.0141821 0.784098
518 0.00311116 -0.00264966 0.569682
519 0.00983828 -0.0136226 0.791716
520 0.00311116 -0.00145309 0.566154
521 0.0105965 -0.0129861 0.797639
522 0.00311116 -0.000256514 0.560587
523 0.0113703 -0.0123619 0.801832
524 0.00311116 0.000940061 0.555746
525 0.0120958 -0.0116496 0.804295
526 0.00311116 0.00213664 0.551144
527 0.0127633 -0.0109014 0.805014
528 0.00311116 0.00333321 0.540745
529 0.013549 -0.0102743 0.803586
530 0.00315167 0.00459668 0.542105
531 0.0139397 -0.00934851 0.802027
532 0.00303772 0.00566326 0.537648
533 0.0144727 -0.00850703 0.533065
534 0.0149741 -0.00762362 0.530352
535 0.0153707 -0.00669225 0.526138
536 0.0157705 -0.00577259 0.522609
537 0.0161063 -0.00482406 0.521357
538 0.016322 -0.00385573 0.792176
539 0.00416997 0.00538181 0.518284
540 0.0165572 -0.0028936 0.775236
541 0.005447 0.00557896 0.516716
542 0.0167015 -0.00189853 0.756816
543 0.00661601 0.00557638 0.516841
544 0.0167468 -0.000897815 0.734998
545 0.0078 0.00560011 0.515197
546 0.0168091 9.36187e-05 0.710119
547 0.009 0.00560011 0.515218
548 0.0167722 0.00109839 0.682656
549 0.0102 0.00560011 0.516792
550 0.0166422 0.00209303 0.652843
551 0.0114 0.00560011 0.517994
552 0.0164812 0.00309626 0.620113
553 0.0126276 0.005586 0.52241
554 0.0161652 0.00414579 0.585153
555 0.0138626 0.00552205 0.524073
556 0.0159101 0.00517836 0.552006
557 0.0149331 0.00562797 0.608696
558 0.00432952 -0.0151774 0.630071
559 0.0042384 -0.0140513 0.65125
560 0.00418115 -0.012862 0.671244
561 0.00416504 -0.0116527 0.690173
562 0.00414861 -0.0104274 0.70721
563 0.00414861 -0.00923083 0.722896
564 0.00414861 -0.00803425 0.609272
565 0.00531818 -0.0147575 0.737198
566 0.00414861 -0.00683768 0.608251
567 0.00624668 -0.0143206 0.750058
568 0.00414861 -0.0056411 0.605292
569 0.00716433 -0.013881 0.761421
570 0.00414861 -0.00444453 0.601347
571 0.00802853 -0.0134268 0.771227
572 0.00414861 -0.00324795 0.592386
573 0.00891572 -0.0131544 0.77942
574 0.00414861 -0.00205138 0.593177
575 0.00952533 -0.0124677 0.785951
576 0.00414861 -0.000854801 0.589783
577 0.010273 -0.0118002 0.790811
578 0.00415376 0.000369548 0.579854
579 0.0111279 -0.0113367 0.794291
580 0.00410925 0.00155099 0.58037
581 0.0116584 -0.0104867 0.79532
582 0.00414512 0.00275621 0.572024
583 0.0125771 -0.00953846 0.794665
584 0.00416971 0.00399875 0.569005
585 0.0132388 -0.00839689 0.559565
586 0.0139135 -0.00767254 0.5618
587 0.014151 -0.00673737 0.558002
588 0.0145756 -0.00579524 0.549105
589 0.0150956 -0.00503459 0.552867
590 0.0151467 -0.00410919 0.551027
591 0.0153722 -0.00311208 0.543134
592 0.01575 -0.00226434 0.768951
593 0.00604928 0.00448187 0.547652
594 0.0156625 -0.00133806 0.749411
595 0.00720227 0.00452222 0.548041
596 0.0156835 -0.000327604 0.726156
597 0.0084 0.00456088 0.541305
598 0.0159084 0.000569737 0.700253
599 0.0096 0.00456088 0.547646
600 0.0156521 0.00146943 0.671918
601 0.0108 0.00456088 0.549139
602 0.015523 0.00242462 0.64137
603 0.012 0.00456088 0.547615
604 0.0154581 0.00339027 0.606307
605 0.0132868 0.00455793 0.564245
606 0.0147643 0.00436785 0.782994
607 0.00504769 0.0046263 0.631275
608 0.00523675 -0.0135569 0.652346
609 0.00522068 -0.0123033 0.671618
610 0.00520817 -0.0110753 0.689873
611 0.00518606 -0.00982911 0.705558
612 0.00521273 -0.00863508 0.720494
613 0.00518606 -0.00743596 0.733724
614 0.00518606 -0.00623939 0.62992
615 0.00620868 -0.0130759 0.745501
616 0.00518606 -0.00504281 0.625757
617 0.00716777 -0.0126345 0.755759
618 0.00518606 -0.00384624 0.618298
619 0.008265 -0.0121402 0.764442
620 0.00518606 -0.00264966 0.771499
621 0.00518606 -0.00145309 0.614726
622 0.00926921 -0.0112906 0.776852
623 0.00520955 -0.000190597 0.607324
624 0.0103143 -0.010469 0.780623
625 0.00520144 0.00104748 0.784732
626 0.00500789 0.00212991 0.604357
627 0.0111756 -0.0093355 0.780895
628 0.00534 0.00325827 0.598806
629 0.0120011 -0.00824534 0.590222
630 0.0128613 -0.00710566 0.580936
631 0.0139725 -0.00465558 0.576471
632 0.0145639 -0.00209172 0.76196
633 0.00658207 0.00339276 0.577521
634 0.0146193 -0.000787319 0.740055
635 0.0078 0.00352165 0.575091
636 0.0147301 0.000524119 0.715782
637 0.009 0.00352165 0.688976
638 0.0102 0.00352165 0.579279
639 0.0145331 0.00176146 0.65968
640 0.0114127 0.00347305 0.578008
641 0.0144799 0.00295133 0.628742
642 0.0126074 0.00344229 0.588445
643 0.0133631 -0.0058247 0.581417
644 0.0142058 -0.00336446 0.650248
645 0.006222 -0.0117935 0.668807
646 0.0062882 -0.0104896 0.685359
647 0.00630964 -0.00925322 0.701335
648 0.00626383 -0.00801591 0.715129
649 0.00624135 -0.00681961 0.727279
650 0.00622351 -0.0056411 0.737919
651 0.00622351 -0.00444453 0.747016
652 0.00622351 -0.00324795 0.636391
653 0.00824714 -0.010907 0.754715
654 0.00621348 -0.00204206 0.760598
655 0.00622605 -0.000800941 0.636594
656 0.00895068 -0.0100704 0.764179
657 0.00629181 0.000546574 0.632463
658 0.00984136 -0.00914487 0.768342
659 0.00618795 0.00204475 0.62787
660 0.0106757 -0.00812266 0.622879
661 0.0114289 -0.00704594 0.607815
662 0.0134548 -0.00126182 0.750631
663 0.00725793 0.00251822 0.607968
664 0.0135179 -3.29524e-05 0.72994
665 0.00836152 0.00241183 0.603955
666 0.0136695 0.00106801 0.704071
667 0.00959605 0.00242915 0.676347
668 0.0108004 0.0024612 0.613022
669 0.0132961 0.00216434 0.646203
670 0.0120254 0.00232125 0.646709
671 0.00721393 -0.0112185 0.617451
672 0.0121078 -0.00591254 0.611149
673 0.0129683 -0.0037247 0.614422
674 0.0125906 -0.00475047 0.608638
675 0.0132823 -0.00250476 0.660889
676 0.00755314 -0.00987349 0.68004
677 0.00734854 -0.00858311 0.694997
678 0.00730265 -0.00733891 0.706096
679 0.00732485 -0.00622903 0.717916
680 0.00726096 -0.00504281 0.727381
681 0.00726096 -0.00384624 0.735272
682 0.00726096 -0.00264966 0.742299
683 0.00721304 -0.00146132 0.74601
684 0.00728285 -0.000217356 0.657278
685 0.00854029 -0.00895652 0.745805
686 0.0074953 0.00128413 0.654459
687 0.00937185 -0.00795135 0.652135
688 0.0100403 -0.0069546 0.636941
689 0.0123734 -0.000444085 0.636131
690 0.0124562 0.000938904 0.717126
691 0.00898048 0.00133968 0.689474
692 0.0102522 0.00134695 0.663702
693 0.0113445 0.00144638 0.646853
694 0.0107658 -0.00589946 0.634664
695 0.0123447 -0.00169951 0.643737
696 0.0112825 -0.00484162 0.636761
697 0.0120787 -0.00285787 0.64122
698 0.0116788 -0.0038248 0.674202
699 0.00822972 -0.00792323 0.68049
700 0.0085617 -0.00682071 0.695921
701 0.00829841 -0.0056411 0.706978
702 0.00822295 -0.00444863 0.713733
703 0.00830808 -0.00325809 0.720737
704 0.0083 -0.00202216 0.728804
705 0.0081083 -0.000935295 0.724115
706 0.00853703 0.000154383 0.668128
707 0.0111371 0.000258249 0.699547
708 0.00974206 0.00022626 0.672346
709 0.0094854 -0.00589563 0.660416
710 0.0113498 -0.0010473 0.668023
711 0.0101162 -0.00488916 0.655972
712 0.0113957 -0.00206017 0.669654
713 0.0103862 -0.00382338 0.665139
714 0.0108279 -0.0029166 0.691157
715 0.00927099 -0.00397626 0.695167
716 0.009465 -0.00267941 0.706331
