1 1.53081e-18 -0.025 0.31337
2 1.02054e-18 0.0133333 0.752448
3 1.53081e-18 0.025 0.64104
4 1.02054e-18 0.0466667 0.246636
5 0.0146855 0.0378813 0.160094
6 0.0239236 -0.00725686 0.15966
7 0.0138888 0.020787 0.345633
8 0 0.0123246 0.758609
9 0 0.0113158 0.764344
10 0 0.010307 0.769371
11 0 0.00929825 0.77364
12 0 0.00828947 0.777125
13 0 0.0072807 0.779817
14 0 0.00627193 0.781687
15 0 0.00526316 0.782705
16 0 0.00425439 0.782842
17 0 0.00324561 0.782068
18 0 0.00223684 0.780358
19 0 0.00122807 0.777686
20 0 0.000219298 0.774026
21 0 -0.000789474 0.769358
22 0 -0.00179825 0.763658
23 0 -0.00280702 0.756908
24 0 -0.00381579 0.749087
25 0 -0.00482456 0.740179
26 0 -0.00583333 0.730166
27 0 -0.00684211 0.719033
28 0 -0.00785088 0.706765
29 0 -0.00885965 0.693348
30 0 -0.00986842 0.678768
31 0 -0.0108772 0.663014
32 0 -0.011886 0.646073
33 0 -0.0128947 0.627934
34 0 -0.0139035 0.608587
35 0 -0.0149123 0.588021
36 0 -0.0159211 0.566226
37 0 -0.0169298 0.543193
38 0 -0.0179386 0.518912
39 0 -0.0189474 0.493377
40 0 -0.0199561 0.466583
41 0 -0.0209649 0.438529
42 0 -0.0219737 0.409223
43 0 -0.0229825 0.378661
44 0 -0.0239912 0.347072
45 0.0242021 -0.00626578 0.156146
46 0.0244395 -0.00526424 0.15314
47 0.0246355 -0.00425361 0.150644
48 0.0247897 -0.00323611 0.148693
49 0.0249019 -0.00221278 0.147299
50 0.0249718 -0.00118619 0.146481
51 0.0249995 -0.000157097 0.146229
52 0.0249848 0.00087165 0.146571
53 0.0249277 0.00189953 0.1475
54 0.0248285 0.0029235 0.149015
55 0.0246871 0.00394321 0.151103
56 0.0245039 0.00495548 0.153776
57 0.0242792 0.0059601 0.157032
58 0.0240134 0.00695385 0.160833
59 0.0237068 0.00793659 0.165181
60 0.0233602 0.0089051 0.170077
61 0.0229738 0.00985928 0.175514
62 0.0225487 0.010796 0.181456
63 0.0220852 0.0117152 0.187928
64 0.0215845 0.0126139 0.19492
65 0.0210469 0.0134918 0.202458
66 0.020474 0.0143463 0.210554
67 0.019866 0.015177 0.21928
68 0.0192247 0.0159816 0.228715
69 0.0185504 0.0167595 0.239016
70 0.0178451 0.0175087 0.250445
71 0.0171091 0.0182285 0.26345
72 0.0163444 0.0189172 0.278916
73 0.0155517 0.019574 0.298846
74 0.0147328 0.0201976 0.336654
75 0.0132954 0.0199496 0.398791
76 0.012652 0.0191509 0.44321
77 0.0119608 0.0183932 0.483971
78 0.0112237 0.017679 0.521925
79 0.010444 0.0170115 0.557142
80 0.00962535 0.0163937 0.589623
81 0.00877025 0.0158275 0.619347
82 0.00788126 0.0153145 0.646265
83 0.00696238 0.0148572 0.670274
84 0.00601781 0.0144577 0.691281
85 0.00505045 0.014117 0.709227
86 0.00406323 0.0138362 0.724069
87 0.00306059 0.0136168 0.735763
88 0.00204711 0.0134595 0.74424
89 0.00102588 0.0133649 0.749615
90 0.00102925 -0.0249788 0.312149
91 0.00205657 -0.0249153 0.311041
92 0.00308059 -0.0248095 0.30952
93 0.00409903 -0.0246617 0.307505
94 0.00511087 -0.024472 0.304975
95 0.00611357 -0.024241 0.301934
96 0.00710639 -0.0239687 0.298417
97 0.00808657 -0.023656 0.294424
98 0.00905363 -0.023303 0.289986
99 0.0100047 -0.0229108 0.285142
100 0.0109395 -0.0224795 0.279919
101 0.011855 -0.0220104 0.27435
102 0.0127511 -0.0215037 0.268463
103 0.0136249 -0.020961 0.262323
104 0.0144763 -0.0203822 0.255949
105 0.0153025 -0.0197695 0.249391
106 0.0161035 -0.0191227 0.242695
107 0.0168765 -0.0184441 0.235913
108 0.0176215 -0.0177336 0.229074
109 0.0183362 -0.0169937 0.222234
110 0.0190203 -0.0162244 0.215445
111 0.0196717 -0.0154281 0.20875
112 0.0202902 -0.0146051 0.202182
113 0.0208739 -0.0137579 0.195796
114 0.0214226 -0.0128869 0.189647
115 0.0219348 -0.0119944 0.18376
116 0.02241 -0.0110812 0.178176
117 0.022847 -0.0101495 0.172936
118 0.0232455 -0.00920029 0.168092
119 0.0236045 -0.00823564 0.163651
120 0 0.0240278 0.652351
121 0 0.0230556 0.663332
122 0 0.0220833 0.674135
123 0 0.0211111 0.684541
124 0 0.0201389 0.694532
125 0 0.0191667 0.70415
126 0 0.0181944 0.713361
127 0 0.0172222 0.722139
128 0 0.01625 0.730438
129 0 0.0152778 0.738302
130 0 0.0143056 0.746047
131 0.013062 0.0213163 0.387089
132 0.012215 0.0218127 0.421494
133 0.0113493 0.0222754 0.454228
134 0.010466 0.0227038 0.48418
135 0.00956666 0.0230972 0.511272
136 0.00865256 0.0234549 0.535622
137 0.00772513 0.0237765 0.557317
138 0.00678579 0.0240614 0.576418
139 0.00583599 0.0243093 0.592963
140 0.00487719 0.0245196 0.606975
141 0.00391085 0.0246922 0.618457
142 0.00293847 0.0248267 0.627437
143 0.00196153 0.0249229 0.633998
144 0.000981539 0.0249807 0.638406
145 0.0141871 0.0387466 0.165529
146 0.0136385 0.0395797 0.17138
147 0.0130403 0.0403792 0.177573
148 0.0123953 0.0411416 0.183991
149 0.0117065 0.0418632 0.190521
150 0.0109751 0.0425429 0.19708
151 0.0102042 0.0431777 0.203557
152 0.00939757 0.0437646 0.209841
153 0.00855639 0.0443027 0.215859
154 0.00768449 0.0447894 0.221512
155 0.00678593 0.0452226 0.226708
156 0.00586211 0.0456017 0.231394
157 0.00491725 0.0459248 0.235493
158 0.00395572 0.0461904 0.238945
159 0.00297903 0.0463983 0.241743
160 0.00199164 0.0465472 0.243812
161 0.000998112 0.0466368 0.245244
162 0.0144156 0.0216353 0.276356
163 0.0148902 0.0225127 0.235207
164 0.0153119 0.0234179 0.208891
165 0.0156786 0.0243467 0.190342
166 0.0159887 0.0252948 0.176334
167 0.0162418 0.0262608 0.165595
168 0.0164366 0.0272402 0.157386
169 0.0165722 0.0282285 0.151227
170 0.0166486 0.0292241 0.146804
171 0.0166652 0.0302225 0.143904
172 0.016622 0.0312191 0.142356
173 0.0165192 0.0322124 0.142041
174 0.016357 0.0331977 0.142839
175 0.0161364 0.0341706 0.144643
176 0.0158577 0.0351294 0.147371
177 0.0155221 0.0360699 0.150919
178 0.0151311 0.0369876 0.155188
179 0 0.0456349 0.273806
180 0 0.0446032 0.299185
181 0 0.0435714 0.323961
182 0 0.0425397 0.347833
183 0 0.0415079 0.370783
184 0 0.0404762 0.392846
185 0 0.0394444 0.414059
186 0 0.0384127 0.434456
187 0 0.037381 0.45407
188 0 0.0363492 0.472939
189 0 0.0353175 0.491097
190 0 0.0342857 0.50858
191 0 0.033254 0.525425
192 0 0.0322222 0.541665
193 0 0.0311905 0.557334
194 0 0.0301587 0.572465
195 0 0.029127 0.587089
196 0 0.0280952 0.601233
197 0 0.0270635 0.614871
198 0 0.0260317 0.628209
199 0.0146501 0.0183596 0.371687
200 0.0055052 0.00896364 0.734678
201 0.0069131 -0.0156864 0.524013
202 0.0133947 0.0122628 0.518294
203 0.0130588 0.00179136 0.592319
204 0.00347948 -0.0238314 0.338995
205 0.00444024 -0.0236385 0.337958
206 0.00245972 -0.023913 0.342186
207 0.00540393 -0.0234172 0.33601
208 0.00135565 -0.0240068 0.343375
209 0.00640206 -0.0231739 0.332527
210 0.00732191 -0.0229102 0.328824
211 0.00824737 -0.0225878 0.325141
212 0.00917079 -0.0222127 0.321322
213 0.000909821 -0.0224058 0.394609
214 0.0101176 -0.021814 0.315964
215 0.000883368 -0.0214446 0.423163
216 0.0109834 -0.0214032 0.310742
217 0.000873622 -0.0204605 0.451152
218 0.0118181 -0.020952 0.305724
219 0.000873622 -0.0194518 0.478585
220 0.0126893 -0.0204074 0.300816
221 0.000873622 -0.018443 0.504752
222 0.0135607 -0.0198634 0.294069
223 0.000873622 -0.0174342 0.529658
224 0.0143428 -0.0193201 0.287902
225 0.000873622 -0.0164254 0.553311
226 0.0150908 -0.0187261 0.282436
227 0.000873622 -0.0154167 0.57572
228 0.0158644 -0.0180501 0.276679
229 0.000873622 -0.0144079 0.596896
230 0.0166027 -0.0173889 0.269941
231 0.000873622 -0.0133991 0.616847
232 0.0173094 -0.0167004 0.26324
233 0.000873622 -0.0123904 0.635584
234 0.017954 -0.0159946 0.257433
235 0.000873622 -0.0113816 0.653117
236 0.0186104 -0.0152043 0.251504
237 0.000873622 -0.0103728 0.669458
238 0.0192311 -0.014437 0.244772
239 0.000873622 -0.00936404 0.684616
240 0.0198128 -0.01364 0.238526
241 0.000873622 -0.00835526 0.698606
242 0.0203306 -0.0128315 0.233435
243 0.000873622 -0.00734649 0.711439
244 0.0208532 -0.011947 0.228008
245 0.000873622 -0.00633772 0.723129
246 0.0213383 -0.0110939 0.222049
247 0.000873622 -0.00532895 0.73369
248 0.0217821 -0.0102181 0.21668
249 0.000873622 -0.00432018 0.743138
250 0.0221563 -0.0093197 0.213104
251 0.000873622 -0.0033114 0.751489
252 0.0225338 -0.00836411 0.208689
253 0.000873622 -0.00230263 0.758759
254 0.0228714 -0.00745958 0.203986
255 0.000873622 -0.00129386 0.764968
256 0.0231501 -0.00651592 0.200891
257 0.000873622 -0.000285088 0.770134
258 0.0233797 -0.0055534 0.198762
259 0.000873622 0.000723684 0.774279
260 0.0235982 -0.00454277 0.196088
261 0.000873622 0.00173246 0.777424
262 0.0237801 -0.00357902 0.193365
263 0.000873622 0.00274123 0.779594
264 0.0239087 -0.00259954 0.191802
265 0.000873622 0.00375 0.780812
266 0.0239776 -0.00162617 0.19162
267 0.000873622 0.00475877 0.781105
268 0.0240345 -0.000600389 0.190758
269 0.000873622 0.00576754 0.780502
270 0.0240512 0.000355855 0.19034
271 0.000873622 0.00677632 0.77903
272 0.0240075 0.00134096 0.191409
273 0.000873622 0.00778509 0.776721
274 0.0239184 0.00232813 0.193246
275 0.000873622 0.00879386 0.773605
276 0.0238117 0.00334993 0.194422
277 0.000902419 0.00980587 0.769587
278 0.0236701 0.00429779 0.196184
279 0.000894757 0.0108076 0.764973
280 0.0234803 0.00522743 0.199013
281 0.000851534 0.0118044 0.759791
282 0.0232121 0.00621916 0.203654
283 0.000728134 0.0126616 0.755015
284 0.0229445 0.00721103 0.206851
285 0.0226443 0.00811331 0.211036
286 0.00167718 0.0124832 0.752671
287 0.0223003 0.00900534 0.21604
288 0.00276293 0.0127287 0.744229
289 0.0218779 0.00994186 0.222629
290 0.00376475 0.012905 0.733935
291 0.0214596 0.0108403 0.228198
292 0.00478998 0.0131723 0.71991
293 0.0210058 0.0117165 0.234322
294 0.00581694 0.0134902 0.702391
295 0.0205175 0.0125382 0.241546
296 0.00681156 0.0138813 0.681661
297 0.0199518 0.0133957 0.250203
298 0.00778922 0.0143176 0.657676
299 0.0193935 0.0142143 0.258055
300 0.00873768 0.0148229 0.630433
301 0.0188001 0.0150018 0.266891
302 0.00965064 0.0153994 0.60001
303 0.0181805 0.0157306 0.277127
304 0.0105388 0.016022 0.566282
305 0.0174857 0.0164874 0.289221
306 0.0113852 0.0167067 0.52946
307 0.0168066 0.0172056 0.301273
308 0.0121952 0.0174396 0.489406
309 0.0160872 0.0178795 0.316577
310 0.0129972 0.0182598 0.444084
311 0.015448 0.0185261 0.330649
312 0.0139086 0.0193127 0.384397
313 0.000798377 -0.0232422 0.369108
314 0.014841 0.0192101 0.346751
315 0.00379823 -0.0228591 0.367362
316 0.00292096 -0.0231201 0.364846
317 0.00471443 -0.0226524 0.366321
318 0.00194068 -0.0229298 0.375506
319 0.00565901 -0.0224276 0.363887
320 0.00660224 -0.0221924 0.360052
321 0.00748702 -0.0219079 0.356763
322 0.00838946 -0.0215679 0.353231
323 0.00930077 -0.0211978 0.34872
324 0.00180763 -0.0219216 0.406507
325 0.010149 -0.0208131 0.344094
326 0.00171683 -0.020929 0.435629
327 0.0109781 -0.0203856 0.339486
328 0.00174888 -0.0199561 0.462571
329 0.0117847 -0.0199293 0.334615
330 0.00174888 -0.0189474 0.489376
331 0.0126564 -0.0193848 0.329007
332 0.00174888 -0.0179386 0.514909
333 0.0134233 -0.0188703 0.323467
334 0.00174888 -0.0169298 0.539178
335 0.0141723 -0.0183114 0.318043
336 0.00174888 -0.0159211 0.562199
337 0.0148953 -0.0177218 0.312613
338 0.00174888 -0.0149123 0.583981
339 0.0156376 -0.0170672 0.306662
340 0.00174888 -0.0139035 0.604533
341 0.0163368 -0.0164096 0.300496
342 0.00174888 -0.0128947 0.623864
343 0.0169851 -0.015739 0.294734
344 0.00174888 -0.011886 0.641986
345 0.0176015 -0.0150341 0.289334
346 0.00174888 -0.0108772 0.658907
347 0.0182277 -0.0142737 0.283288
348 0.00174888 -0.00986842 0.674641
349 0.0188049 -0.0135223 0.277299
350 0.00174888 -0.00885965 0.689197
351 0.0193305 -0.0127471 0.272215
352 0.00174888 -0.00785088 0.702589
353 0.01983 -0.0119391 0.267314
354 0.00174888 -0.00684211 0.714829
355 0.0203191 -0.0110961 0.261988
356 0.00174888 -0.00583333 0.725931
357 0.020762 -0.0102613 0.256955
358 0.00174888 -0.00482456 0.73591
359 0.0211532 -0.0094021 0.252988
360 0.00174888 -0.00381579 0.744781
361 0.021522 -0.00851675 0.248962
362 0.00174888 -0.00280702 0.752562
363 0.0218667 -0.00761572 0.24478
364 0.00174888 -0.00179825 0.759268
365 0.022149 -0.00674512 0.241612
366 0.00174888 -0.000789474 0.764921
367 0.0224034 -0.00581817 0.238914
368 0.00174888 0.000219298 0.769538
369 0.0226207 -0.0048604 0.236738
370 0.00174888 0.00122807 0.773142
371 0.022812 -0.00391174 0.234311
372 0.00174888 0.00223684 0.775755
373 0.0229623 -0.00297978 0.232319
374 0.00174888 0.00324561 0.777401
375 0.0230605 -0.00204196 0.231423
376 0.00174888 0.00425439 0.778106
377 0.0231201 -0.00107997 0.23107
378 0.00174888 0.00526316 0.777897
379 0.0231553 -0.000122937 0.230539
380 0.00174888 0.00627193 0.776804
381 0.0231455 0.000802405 0.230798
382 0.00174888 0.0072807 0.774855
383 0.0230809 0.00176193 0.232261
384 0.00174888 0.00828947 0.772084
385 0.0229849 0.00274711 0.233799
386 0.00180333 0.00930199 0.768228
387 0.022865 0.00367151 0.23536
388 0.00183565 0.0103175 0.763679
389 0.0226938 0.0045869 0.238067
390 0.00176343 0.0113216 0.758957
391 0.022492 0.00549228 0.241027
392 0.022224 0.00648454 0.244989
393 0.0219543 0.00736774 0.248672
394 0.0216451 0.00824151 0.253017
395 0.0212824 0.00910981 0.258558
396 0.00342236 0.0119196 0.743634
397 0.0208715 0.0100102 0.264549
398 0.00447659 0.0121734 0.730729
399 0.0204452 0.0108701 0.270504
400 0.00556224 0.0124747 0.713852
401 0.0199916 0.0116852 0.277123
402 0.00662918 0.0128414 0.693364
403 0.019496 0.0124796 0.284743
404 0.00766905 0.0132726 0.669399
405 0.0189457 0.0133026 0.293091
406 0.00868385 0.013759 0.641993
407 0.0183838 0.0140783 0.301778
408 0.0096652 0.0143329 0.610966
409 0.0177999 0.0148034 0.311536
410 0.0106105 0.01497 0.576538
411 0.0171468 0.0155247 0.323651
412 0.0115259 0.0156467 0.538714
413 0.0165027 0.0162337 0.335444
414 0.0123856 0.0163737 0.498212
415 0.0158427 0.0169183 0.348672
416 0.013173 0.0171579 0.455629
417 0.0150085 0.0175497 0.371896
418 0.0139248 0.0179389 0.41078
419 0.00290341 -0.0221711 0.394075
420 0.0039937 -0.0218912 0.395174
421 0.00494966 -0.0216603 0.393843
422 0.00589258 -0.021453 0.390196
423 0.00676169 -0.0212042 0.386977
424 0.00762397 -0.0209087 0.383678
425 0.00848815 -0.0205756 0.379881
426 0.00934441 -0.0202084 0.375606
427 0.0101561 -0.0198161 0.371299
428 0.00260214 -0.0204695 0.444767
429 0.0109538 -0.0193766 0.367072
430 0.00264141 -0.0194786 0.47155
431 0.0117516 -0.0189063 0.362169
432 0.00264125 -0.0184621 0.497939
433 0.0125329 -0.0183998 0.357067
434 0.00262415 -0.0174342 0.523396
435 0.0132747 -0.0178836 0.351698
436 0.00262415 -0.0164254 0.547027
437 0.0139873 -0.0173224 0.346764
438 0.00262415 -0.0154167 0.569412
439 0.0147001 -0.016717 0.341441
440 0.00262415 -0.0144079 0.590561
441 0.015379 -0.0160941 0.336036
442 0.00262415 -0.0133991 0.610484
443 0.0160213 -0.0154681 0.330413
444 0.00262415 -0.0123904 0.62919
445 0.016639 -0.0147948 0.32521
446 0.00262415 -0.0113816 0.64669
447 0.0172492 -0.0140732 0.319847
448 0.00262415 -0.0103728 0.662993
449 0.017817 -0.0133538 0.314465
450 0.00262415 -0.00936404 0.678111
451 0.0183391 -0.0126376 0.309307
452 0.00262415 -0.00835526 0.692055
453 0.0188387 -0.0118695 0.304589
454 0.00262415 -0.00734649 0.704839
455 0.0193135 -0.0110715 0.29996
456 0.00262415 -0.00633772 0.716475
457 0.0197557 -0.0102614 0.295435
458 0.00262415 -0.00532895 0.726977
459 0.0201494 -0.00946907 0.291278
460 0.00262415 -0.00432018 0.73636
461 0.0205227 -0.00863011 0.287327
462 0.00262415 -0.0033114 0.744641
463 0.0208663 -0.00776315 0.28364
464 0.00262415 -0.00230263 0.751835
465 0.0211555 -0.00690164 0.280842
466 0.00262415 -0.00129386 0.757961
467 0.0214197 -0.0060451 0.277873
468 0.00262415 -0.000285088 0.763038
469 0.0216493 -0.00514165 0.275536
470 0.00262415 0.000723684 0.767086
471 0.0218492 -0.0042211 0.273337
472 0.00262415 0.00173246 0.770127
473 0.0220101 -0.00329789 0.271572
474 0.00262415 0.00274123 0.772184
475 0.022126 -0.00241753 0.270363
476 0.00262415 0.00375 0.773282
477 0.0222019 -0.00149763 0.269874
478 0.00262415 0.00475877 0.773447
479 0.0222585 -0.000579229 0.269061
480 0.00262415 0.00576754 0.772708
481 0.0222629 0.000325888 0.26934
482 0.00262415 0.00677632 0.771094
483 0.0222204 0.00123001 0.270536
484 0.00262415 0.00778509 0.768639
485 0.0221581 0.00214387 0.271464
486 0.00268838 0.00878169 0.764969
487 0.0220515 0.00307663 0.273091
488 0.00277668 0.00979751 0.760251
489 0.0219073 0.00396068 0.275393
490 0.00288763 0.0108817 0.75423
491 0.0217215 0.00485639 0.278327
492 0.0215035 0.00575757 0.281484
493 0.0212457 0.00665225 0.285224
494 0.0209669 0.00751198 0.289045
495 0.0206315 0.0083579 0.294302
496 0.0202643 0.00921466 0.299676
497 0.0041084 0.0111387 0.741315
498 0.0198652 0.0100454 0.305597
499 0.00526882 0.0114405 0.724975
500 0.0194527 0.0108416 0.311512
501 0.00640584 0.0117925 0.7049
502 0.0189874 0.011628 0.318752
503 0.00751556 0.0122052 0.681117
504 0.0184742 0.0124214 0.326878
505 0.00861726 0.0126586 0.653372
506 0.0179442 0.0131784 0.335419
507 0.00965365 0.013212 0.622469
508 0.0173946 0.0138944 0.344765
509 0.0106441 0.0138852 0.587747
510 0.0167764 0.0145957 0.356632
511 0.0116363 0.0145641 0.548839
512 0.016131 0.0152848 0.369618
513 0.0125967 0.0152798 0.506373
514 0.0155382 0.0159661 0.380719
515 0.0134176 0.0160531 0.464153
516 0.0149935 0.0166211 0.390706
517 0.0141509 0.0168653 0.421158
518 0.00248349 -0.0213312 0.420857
519 0.00337369 -0.021139 0.421412
520 0.00426475 -0.0208458 0.423283
521 0.00517741 -0.0206515 0.420537
522 0.00607936 -0.0204791 0.415704
523 0.00690795 -0.0202108 0.412927
524 0.00772816 -0.0199136 0.409655
525 0.00856269 -0.019586 0.405576
526 0.00936702 -0.0192071 0.401922
527 0.0101284 -0.0188116 0.398101
528 0.00351119 -0.0200869 0.449984
529 0.0109084 -0.0183772 0.393559
530 0.00355738 -0.0190196 0.478142
531 0.0116692 -0.017908 0.388882
532 0.00349941 -0.0179386 0.505915
533 0.0123894 -0.0174125 0.384399
534 0.00349941 -0.0169298 0.530149
535 0.0130764 -0.0169075 0.379643
536 0.00349941 -0.0159211 0.553134
537 0.0137791 -0.0163512 0.374392
538 0.00349941 -0.0149123 0.574878
539 0.0144464 -0.0157549 0.369615
540 0.00349941 -0.0139035 0.59539
541 0.0150756 -0.0151395 0.365001
542 0.00349941 -0.0128947 0.614678
543 0.0156719 -0.0145316 0.359951
544 0.00349941 -0.011886 0.632753
545 0.0162745 -0.0138705 0.35455
546 0.00349941 -0.0108772 0.649623
547 0.0168279 -0.0131755 0.350047
548 0.00349941 -0.00986842 0.665298
549 0.0173556 -0.012465 0.345429
550 0.00349941 -0.00885965 0.679791
551 0.0178394 -0.0117708 0.340822
552 0.00349941 -0.00785088 0.693113
553 0.0183179 -0.0110276 0.336048
554 0.00349941 -0.00684211 0.705277
555 0.0187483 -0.0102496 0.332293
556 0.00349941 -0.00583333 0.716296
557 0.0191484 -0.0094668 0.328539
558 0.00349941 -0.00482456 0.726185
559 0.0195241 -0.0086872 0.324523
560 0.00349941 -0.00381579 0.734958
561 0.0198682 -0.00787011 0.321021
562 0.00349941 -0.00280702 0.742631
563 0.0201733 -0.00703135 0.3181
564 0.00349941 -0.00179825 0.749221
565 0.0204267 -0.00621141 0.315903
566 0.00349941 -0.000789474 0.754746
567 0.020667 -0.00535883 0.313445
568 0.00349941 0.000219298 0.759227
569 0.0208911 -0.00448804 0.310657
570 0.00349941 0.00122807 0.762683
571 0.0210551 -0.00360149 0.309254
572 0.00349941 0.00223684 0.765136
573 0.0211719 -0.00273892 0.308564
574 0.00349941 0.00324561 0.766611
575 0.0212729 -0.00187982 0.307483
576 0.00349941 0.00425439 0.767132
577 0.021345 -0.00100035 0.306611
578 0.00349941 0.00526316 0.766726
579 0.0213645 -0.000118086 0.306859
580 0.00349941 0.00627193 0.765423
581 0.0213486 0.000746747 0.30754
582 0.00349941 0.0072807 0.763253
583 0.0213039 0.0016211 0.3084
584 0.00356288 0.00825241 0.759806
585 0.0212319 0.00251021 0.309334
586 0.00368131 0.00921671 0.755094
587 0.0210991 0.00338874 0.311758
588 0.0209412 0.00423164 0.314369
589 0.0207523 0.00510417 0.317102
590 0.0205243 0.00596861 0.320451
591 0.0202593 0.00680126 0.324543
592 0.0199753 0.00760529 0.328705
593 0.0196469 0.00843943 0.33341
594 0.0192698 0.00925137 0.339322
595 0.00498043 0.0104942 0.734369
596 0.0188634 0.0100327 0.345838
597 0.00613496 0.0107584 0.716032
598 0.0184551 0.0107791 0.352039
599 0.00730154 0.0110989 0.693262
600 0.017996 0.0115471 0.359136
601 0.00845753 0.0115746 0.665797
602 0.0174822 0.0122811 0.368123
603 0.00965709 0.0119791 0.633697
604 0.0169552 0.0129993 0.377249
605 0.0106583 0.0127568 0.599154
606 0.0163806 0.0136921 0.388168
607 0.0116496 0.0134599 0.561677
608 0.0157701 0.0143723 0.400433
609 0.0127589 0.0141621 0.516116
610 0.0150158 0.0150578 0.418278
611 0.0137974 0.0149296 0.467433
612 0.0144452 0.0158094 0.427882
613 0.00452917 -0.019685 0.453097
614 0.00545622 -0.0197832 0.441493
615 0.00621996 -0.0195009 0.440624
616 0.0069987 -0.0192051 0.438649
617 0.00780175 -0.0189346 0.434391
618 0.00860011 -0.0185887 0.430818
619 0.00933967 -0.0182033 0.427924
620 0.0100757 -0.0178017 0.424236
621 0.0108177 -0.0174089 0.418967
622 0.00444192 -0.0185017 0.484644
623 0.0115303 -0.0169254 0.4152
624 0.00437467 -0.0174342 0.511548
625 0.0122015 -0.0164318 0.411352
626 0.00437467 -0.0164254 0.535134
627 0.0128746 -0.01594 0.406219
628 0.00437467 -0.0154167 0.557468
629 0.0135464 -0.0154102 0.40075
630 0.00437467 -0.0144079 0.578566
631 0.0141351 -0.0148069 0.397788
632 0.00437467 -0.0133991 0.598439
633 0.014722 -0.014206 0.393664
634 0.00437467 -0.0123904 0.617088
635 0.0153047 -0.0136106 0.388403
636 0.00437467 -0.0113816 0.634522
637 0.0158866 -0.012981 0.382668
638 0.00437467 -0.0103728 0.650753
639 0.0163701 -0.0122911 0.379863
640 0.00437467 -0.00936404 0.665792
641 0.0168511 -0.0116039 0.375987
642 0.00437467 -0.00835526 0.679649
643 0.0173223 -0.0109274 0.371192
644 0.00437467 -0.00734649 0.692337
645 0.0177867 -0.0102031 0.366256
646 0.00437467 -0.00633772 0.703869
647 0.0181521 -0.00944589 0.364093
648 0.00437467 -0.00532895 0.714257
649 0.0185203 -0.00869292 0.360733
650 0.00437467 -0.00432018 0.723516
651 0.0188861 -0.00795123 0.356302
652 0.00437467 -0.0033114 0.731661
653 0.0192094 -0.00714919 0.353036
654 0.00437467 -0.00230263 0.738709
655 0.0194468 -0.00634096 0.351979
656 0.00437467 -0.00129386 0.744675
657 0.0196742 -0.00552982 0.350321
658 0.00437467 -0.000285088 0.749578
659 0.019926 -0.00472605 0.346695
660 0.00437467 0.000723684 0.753439
661 0.0201173 -0.00387589 0.34467
662 0.00437467 0.00173246 0.756277
663 0.0202194 -0.00304172 0.345018
664 0.00437467 0.00274123 0.758115
665 0.0203227 -0.00220451 0.344378
666 0.00437467 0.00375 0.758978
667 0.0204355 -0.00137935 0.342366
668 0.00437467 0.00475877 0.758889
669 0.0204749 -0.000517178 0.342367
670 0.00437467 0.00576754 0.757877
671 0.0204527 0.000307949 0.343836
672 0.00437467 0.00677632 0.755978
673 0.0204205 0.00114244 0.344789
674 0.00443091 0.00770541 0.752843
675 0.0203957 0.00197407 0.344531
676 0.00453444 0.00864067 0.748411
677 0.0202847 0.00283401 0.346699
678 0.0201292 0.00365322 0.349845
679 0.0199593 0.00447458 0.352653
680 0.0198002 0.00529861 0.354105
681 0.0195436 0.00612078 0.358506
682 0.0192661 0.00690473 0.363137
683 0.0189908 0.00769331 0.366787
684 0.0186789 0.0084899 0.37093
685 0.0182721 0.0092291 0.378534
686 0.00581437 0.0098309 0.726154
687 0.0178661 0.00996846 0.385341
688 0.00700313 0.00992338 0.706118
689 0.0174672 0.0106949 0.391319
690 0.00817144 0.0104246 0.680144
691 0.0170281 0.0114312 0.398043
692 0.00923553 0.0108409 0.653191
693 0.0164858 0.0121007 0.409055
694 0.0108381 0.0117093 0.604114
695 0.0159521 0.0127907 0.418984
696 0.0116629 0.0123271 0.573669
697 0.0153891 0.0134969 0.429435
698 0.0124895 0.012886 0.541126
699 0.0147085 0.0142151 0.44398
700 0.0138235 0.0139553 0.480835
701 0.0101727 0.0110298 0.628121
702 0.00535012 -0.0188948 0.46608
703 0.00623036 -0.0184956 0.466565
704 0.00710308 -0.0181855 0.463247
705 0.00791569 -0.0180905 0.453941
706 0.00856097 -0.0175936 0.456031
707 0.00928356 -0.0171955 0.453267
708 0.0100013 -0.0167699 0.450013
709 0.0107757 -0.0165407 0.439892
710 0.00534996 -0.0179105 0.490902
711 0.0113284 -0.0159499 0.441516
712 0.00530931 -0.0168859 0.515838
713 0.0119987 -0.0154566 0.437277
714 0.00524432 -0.0158637 0.539654
715 0.0127141 -0.0151141 0.427597
716 0.00524234 -0.0148776 0.56082
717 0.0131994 -0.0144843 0.428528
718 0.00524993 -0.0139035 0.580473
719 0.0137721 -0.0138674 0.425883
720 0.00524993 -0.0128947 0.599696
721 0.0143669 -0.0132777 0.420981
722 0.00524993 -0.011886 0.617695
723 0.0150196 -0.0128215 0.410871
724 0.00524993 -0.0108772 0.634481
725 0.0153955 -0.0121183 0.412178
726 0.00524993 -0.00986842 0.650063
727 0.0158613 -0.0114236 0.409644
728 0.00524993 -0.00885965 0.664453
729 0.0163435 -0.0107511 0.405184
730 0.00524993 -0.00785088 0.677663
731 0.0169206 -0.0101902 0.394982
732 0.00524993 -0.00684211 0.689704
733 0.0171472 -0.00943506 0.398016
734 0.00524993 -0.00583333 0.700589
735 0.0175146 -0.00867781 0.395464
736 0.00524993 -0.00482456 0.710331
737 0.0178913 -0.00792661 0.391479
738 0.00524993 -0.00381579 0.718945
739 0.018358 -0.00727089 0.382275
740 0.00524993 -0.00280702 0.726444
741 0.0184626 -0.00647264 0.386453
742 0.00524993 -0.00179825 0.732845
743 0.0186821 -0.00566497 0.385678
744 0.00524993 -0.000789474 0.738165
745 0.0189006 -0.00484205 0.384064
746 0.00524993 0.000219298 0.742423
747 0.0192916 -0.00413648 0.374299
748 0.00524993 0.00122807 0.745637
749 0.0192734 -0.00332574 0.379591
750 0.00524993 0.00223684 0.74783
751 0.0193646 -0.00250215 0.379936
752 0.00524993 0.00324561 0.749024
753 0.0194487 -0.00166429 0.379648
754 0.00524993 0.00425439 0.749242
755 0.0197224 -0.000908233 0.370987
756 0.00524993 0.00526316 0.748512
757 0.0195625 -0.000122038 0.378224
758 0.0052567 0.00622899 0.746864
759 0.0195216 0.000703738 0.380061
760 0.00528588 0.0071841 0.744129
761 0.0194658 0.00153506 0.381546
762 0.00535884 0.00809261 0.740191
763 0.0196086 0.00232883 0.374535
764 0.0193211 0.0030854 0.383489
765 0.0191451 0.00389023 0.387128
766 0.018951 0.00470282 0.390546
767 0.0189598 0.00551179 0.385337
768 0.0185516 0.00621081 0.396097
769 0.018274 0.00699543 0.400436
770 0.0181539 0.00777941 0.398001
771 0.0176921 0.00842662 0.40912
772 0.0172668 0.00915683 0.41731
773 0.0168763 0.0098941 0.423423
774 0.00806941 0.00933552 0.688877
775 0.0166291 0.010651 0.423331
776 0.00906901 0.00975252 0.664708
777 0.0160506 0.0111895 0.437834
778 0.0154732 0.0118766 0.449884
779 0.0118244 0.011216 0.579989
780 0.0150068 0.0125799 0.457232
781 0.0125789 0.011783 0.55076
782 0.0144288 0.0133458 0.467521
783 0.0071547 0.00881517 0.709096
784 0.0100673 0.0100714 0.638385
785 0.0110244 0.0105772 0.608944
786 0.0141735 0.0125965 0.486999
787 0.00636352 -0.0173519 0.493136
788 0.00754776 -0.0172068 0.480842
789 0.00846488 -0.016656 0.479603
790 0.00927246 -0.0161673 0.47701
791 0.010248 -0.0156981 0.469234
792 0.011127 -0.0149743 0.46658
793 0.00610159 -0.0162513 0.521666
794 0.0120815 -0.0143382 0.458388
795 0.00610005 -0.0153071 0.542376
796 0.00613422 -0.0143653 0.561533
797 0.00615241 -0.0133976 0.58029
798 0.013467 -0.0128804 0.452018
799 0.0061252 -0.0123904 0.599151
800 0.0142701 -0.0121575 0.443393
801 0.0061252 -0.0113816 0.616489
802 0.0061252 -0.0103728 0.632613
803 0.0148412 -0.0113008 0.441434
804 0.0061252 -0.00936404 0.647535
805 0.015406 -0.0105034 0.437252
806 0.0061252 -0.00835526 0.661266
807 0.0160712 -0.00966971 0.429084
808 0.0061252 -0.00734649 0.673816
809 0.0061252 -0.00633772 0.685197
810 0.0164874 -0.00871699 0.42839
811 0.0061252 -0.00532895 0.695421
812 0.0169115 -0.00784047 0.425098
813 0.0061252 -0.00432018 0.7045
814 0.0174165 -0.00690071 0.418421
815 0.0061252 -0.0033114 0.712449
816 0.0061252 -0.00230263 0.719282
817 0.0176833 -0.00587329 0.418838
818 0.0061252 -0.00129386 0.725015
819 0.0179565 -0.00493896 0.416876
820 0.0061252 -0.000285088 0.729666
821 0.0183098 -0.00392637 0.411302
822 0.0061252 0.000723684 0.733252
823 0.0061252 0.00173246 0.735793
824 0.0184116 -0.00286569 0.413232
825 0.0061252 0.00274123 0.73731
826 0.0185384 -0.00190744 0.412478
827 0.0061252 0.00375 0.737827
828 0.0187468 -0.000851586 0.407754
829 0.0061252 0.00475877 0.737367
830 0.00612634 0.00572145 0.736027
831 0.0186446 0.000195605 0.412769
832 0.00615131 0.0066674 0.73354
833 0.0186116 0.00116169 0.413949
834 0.00619352 0.00755286 0.730197
835 0.0186373 0.00222575 0.411616
836 0.0183681 0.00324971 0.418733
837 0.0181724 0.00419302 0.422213
838 0.0180143 0.00526133 0.422497
839 0.0175594 0.00630129 0.432305
840 0.0172278 0.00739925 0.43582
841 0.0162306 0.00915645 0.455076
842 0.0157744 0.0101247 0.460857
843 0.00897805 0.00872876 0.672936
844 0.0150328 0.0109386 0.477613
845 0.0143497 0.0117577 0.491632
846 0.0128317 0.0106788 0.554252
847 0.0127851 -0.013573 0.456398
848 0.0167055 0.00829551 0.446598
849 0.00807859 0.00831186 0.694022
850 0.00994812 0.0090842 0.648158
851 0.0118702 0.0101213 0.588664
852 0.0134164 0.0114243 0.527331
853 0.0110552 0.0093555 0.617775
854 0.00690673 -0.0165021 0.50589
855 0.00846134 -0.0156057 0.503005
856 0.00919109 -0.0150778 0.501979
857 0.0100879 -0.0145256 0.496779
858 0.0109709 -0.013906 0.491221
859 0.006995 -0.0148198 0.541356
860 0.00708642 -0.0139241 0.558193
861 0.00706187 -0.0129154 0.577677
862 0.0131842 -0.0118868 0.476356
863 0.0070299 -0.0118985 0.596164
864 0.0138158 -0.0111404 0.472069
865 0.00700046 -0.0108772 0.61345
866 0.00700046 -0.00986842 0.628905
867 0.0143821 -0.0103561 0.468611
868 0.00700046 -0.00885965 0.643158
869 0.0149434 -0.00956271 0.463998
870 0.00700046 -0.00785088 0.656219
871 0.0154465 -0.00872561 0.460184
872 0.00700046 -0.00684211 0.668096
873 0.00700046 -0.00583333 0.678802
874 0.0158774 -0.00786285 0.457436
875 0.00700046 -0.00482456 0.688349
876 0.0163025 -0.00698549 0.453672
877 0.00700046 -0.00381579 0.696747
878 0.0166621 -0.00607642 0.4509
879 0.00700046 -0.00280702 0.704012
880 0.00700046 -0.00179825 0.710158
881 0.0169477 -0.00514221 0.449391
882 0.00700046 -0.000789474 0.7152
883 0.0172247 -0.00419729 0.44693
884 0.00700046 0.000219298 0.719155
885 0.0174372 -0.00323149 0.445412
886 0.00700046 0.00122807 0.722041
887 0.00700046 0.00223684 0.723878
888 0.0175705 -0.00226854 0.44527
889 0.00700046 0.00324561 0.724687
890 0.0177003 -0.00130194 0.444015
891 0.00700046 0.00425439 0.724491
892 0.0177458 -0.000324736 0.444446
893 0.00699728 0.00522308 0.723431
894 0.00701223 0.00615964 0.721273
895 0.0177119 0.000644298 0.446425
896 0.00705207 0.00705522 0.718033
897 0.0176808 0.0016201 0.447112
898 0.0175722 0.00257969 0.449345
899 0.0173856 0.00353259 0.453201
900 0.0171817 0.00448595 0.456544
901 0.0168573 0.00548661 0.462715
902 0.016498 0.00648206 0.468899
903 0.0151734 0.00915976 0.492066
904 0.0146203 0.00998154 0.50262
905 0.0139526 0.0107267 0.517213
906 0.00768495 -0.0161839 0.502268
907 0.0117682 -0.0132609 0.486055
908 0.0124838 -0.0125842 0.481625
909 0.0161043 0.00743476 0.47541
910 0.015659 0.00830079 0.483433
911 0.0097507 0.00821789 0.657961
912 0.00903172 0.00764164 0.677329
913 0.0135684 0.00986835 0.53858
914 0.0106434 0.00828803 0.635634
915 0.012142 0.00908286 0.589184
916 0.00806726 -0.0145905 0.530647
917 0.00903518 -0.0140091 0.526326
918 0.0099465 -0.0134368 0.520692
919 0.00802343 -0.0134732 0.553258
920 0.00795682 -0.0124181 0.573634
921 0.0127976 -0.0109197 0.501498
922 0.00790103 -0.0113913 0.592033
923 0.0133735 -0.0101921 0.497893
924 0.00787572 -0.0103728 0.608572
925 0.00787572 -0.00936404 0.62335
926 0.0139004 -0.0094351 0.49465
927 0.00787572 -0.00835526 0.636924
928 0.0143917 -0.00865726 0.491346
929 0.00787572 -0.00734649 0.649301
930 0.0148473 -0.00785524 0.488057
931 0.00787572 -0.00633772 0.660493
932 0.00787572 -0.00532895 0.67051
933 0.0152598 -0.0070467 0.484841
934 0.00787572 -0.00432018 0.679361
935 0.0156227 -0.006196 0.482304
936 0.00787572 -0.0033114 0.68706
937 0.0159485 -0.00532533 0.47985
938 0.00787572 -0.00230263 0.693619
939 0.00787572 -0.00129386 0.699055
940 0.0162074 -0.00443468 0.47844
941 0.00787572 -0.000285088 0.70338
942 0.0164226 -0.00352904 0.477328
943 0.00787572 0.000723684 0.706613
944 0.0166026 -0.0026133 0.47622
945 0.00787572 0.00173246 0.70877
946 0.00787572 0.00274123 0.709871
947 0.016726 -0.00169168 0.475838
948 0.00787572 0.00375 0.709936
949 0.0167958 -0.000774813 0.476085
950 0.00787773 0.00472323 0.708998
951 0.016806 0.000148002 0.477235
952 0.00787707 0.00566922 0.707247
953 0.00787921 0.00655093 0.7048
954 0.0167795 0.0010698 0.478534
955 0.0167035 0.00197689 0.480453
956 0.0165957 0.0028844 0.482419
957 0.0164127 0.0038055 0.485874
958 0.0161209 0.0047063 0.492092
959 0.0157848 0.00564847 0.498561
960 0.0141242 0.0090563 0.528126
961 0.012702 0.00974783 0.566884
962 0.0116503 0.00821902 0.609301
963 0.0107553 -0.0128468 0.515467
964 0.012194 -0.0116208 0.504816
965 0.0154342 0.00658053 0.504516
966 0.014641 0.0082715 0.518013
967 0.0114989 -0.0122682 0.509754
968 0.015082 0.00744945 0.510002
969 0.0101431 0.00735999 0.653123
970 0.0131385 0.00897362 0.560147
971 0.00893748 -0.0129427 0.548191
972 0.00882776 -0.0118857 0.568712
973 0.0123962 -0.0100119 0.52478
974 0.00878065 -0.0108673 0.586196
975 0.0129079 -0.00928584 0.522348
976 0.00875098 -0.00986842 0.601853
977 0.00875098 -0.00885965 0.61594
978 0.0133681 -0.00854463 0.520234
979 0.00876501 -0.00784496 0.628651
980 0.0138184 -0.00779678 0.517303
981 0.00875098 -0.00684211 0.64051
982 0.0142436 -0.00704757 0.513927
983 0.00875098 -0.00583333 0.651002
984 0.00875098 -0.00482456 0.660311
985 0.0146408 -0.00629295 0.51029
986 0.00875098 -0.00381579 0.668448
987 0.0149763 -0.00546068 0.508037
988 0.00875098 -0.00280702 0.675427
989 0.0152199 -0.00462665 0.507415
990 0.00875098 -0.00179825 0.68126
991 0.00875098 -0.000789474 0.68596
992 0.0154446 -0.00377751 0.506414
993 0.00875098 0.000219298 0.689543
994 0.0156451 -0.00291137 0.505186
995 0.00875098 0.00122807 0.692025
996 0.01578 -0.00203855 0.50497
997 0.00875098 0.00223684 0.693421
998 0.00875098 0.00324561 0.693749
999 0.0158621 -0.0011637 0.505403
1000 0.00875098 0.00425439 0.69303
1001 0.0159025 -0.000289009 0.506164
1002 0.00876774 0.00520331 0.691082
1003 0.0158715 0.000595568 0.50825
1004 0.00873854 0.00609405 0.689336
1005 0.0158286 0.00146991 0.509748
1006 0.0157392 0.00235555 0.511779
1007 0.0157758 0.00318327 0.508872
1008 0.0154028 0.00391769 0.518867
1009 0.0150875 0.004856 0.525386
1010 0.0111606 0.00730009 0.627903
1011 0.0126904 0.00808465 0.580479
1012 0.00978734 -0.012373 0.543033
1013 0.0118214 -0.0106876 0.528219
1014 0.0147407 0.0057867 0.531913
1015 0.013638 0.00811868 0.551441
1016 0.0105742 -0.0117882 0.537567
1017 0.0113464 -0.0114103 0.527383
1018 0.0143691 0.00668238 0.538462
1019 0.0142032 0.00751253 0.538055
1020 0.00971916 -0.0113175 0.562136
1021 0.0119585 -0.00915921 0.546927
1022 0.00966971 -0.0103268 0.578548
1023 0.0123526 -0.00841257 0.547255
1024 0.00962118 -0.00931148 0.594103
1025 0.00964339 -0.00832652 0.606715
1026 0.0127846 -0.00770619 0.545118
1027 0.00968605 -0.00735125 0.617658
1028 0.0132373 -0.006982 0.541575
1029 0.00970167 -0.00635602 0.628198
1030 0.0136254 -0.00624782 0.538779
1031 0.0096863 -0.0053442 0.638308
1032 0.0096682 -0.00433136 0.647287
1033 0.0141094 -0.00560043 0.53147
1034 0.00962625 -0.0033114 0.655601
1035 0.0142266 -0.00477921 0.535021
1036 0.00964492 -0.00231023 0.661425
1037 0.014454 -0.00397979 0.534321
1038 0.00962625 -0.00129386 0.666923
1039 0.00962625 -0.000285088 0.670864
1040 0.0147049 -0.00317425 0.532009
1041 0.00962625 0.000723684 0.673679
1042 0.0148587 -0.00233863 0.531726
1043 0.00962625 0.00173246 0.675382
1044 0.0149275 -0.00151754 0.533012
1045 0.00962625 0.00274123 0.675981
1046 0.00962625 0.00375 0.675495
1047 0.0149736 -0.000689727 0.534126
1048 0.00964274 0.00473433 0.67364
1049 0.0149766 0.00015124 0.535698
1050 0.00968432 0.00571254 0.67026
1051 0.0149364 0.00102525 0.537735
1052 0.0148725 0.00193459 0.539556
1053 0.0147861 0.00298926 0.540855
1054 0.0144136 0.00404907 0.549543
1055 0.0105057 0.0052488 0.652634
1056 0.0106236 0.00634494 0.646052
1057 0.0114184 -0.00992442 0.548582
1058 0.00951633 0.00667357 0.670665
1059 0.0140574 0.00501484 0.556872
1060 0.0122198 0.00721192 0.59965
1061 0.0133403 0.00706915 0.567891
1062 0.0107043 -0.0107234 0.552087
1063 0.0137126 0.00599684 0.562739
1064 0.0113974 -0.00837787 0.569832
1065 0.0116681 -0.00752329 0.574021
1066 0.0104823 -0.00875519 0.584612
1067 0.0106113 -0.00784215 0.593383
1068 0.0123207 -0.00694974 0.564808
1069 0.0106567 -0.00691645 0.602986
1070 0.0125957 -0.00615138 0.56622
1071 0.0106551 -0.00586126 0.613789
1072 0.0131274 -0.00521355 0.561301
1073 0.0106044 -0.00485527 0.623883
1074 0.0105693 -0.00382874 0.63262
1075 0.01057 -0.00283848 0.639153
1076 0.0134243 -0.00419425 0.561301
1077 0.0105205 -0.00180309 0.645857
1078 0.0137177 -0.00333275 0.558992
1079 0.0105015 -0.000789474 0.650604
1080 0.0105015 0.000219298 0.653759
1081 0.0140635 -0.00262301 0.553254
1082 0.0105015 0.00122807 0.655776
1083 0.0139797 -0.00185146 0.559222
1084 0.0105162 0.00226831 0.656348
1085 0.0140628 -0.0010674 0.559757
1086 0.0105304 0.00327909 0.655748
1087 0.0105209 0.00425543 0.654643
1088 0.014077 -0.00027026 0.561486
1089 0.0140349 0.000562863 0.564125
1090 0.0139919 0.00143751 0.565967
1091 0.0139282 0.00234169 0.567488
1092 0.0136647 0.00330398 0.573785
1093 0.0117061 0.00637457 0.618079
1094 0.0104638 -0.00973415 0.571626
1095 0.0133353 0.00423057 0.581038
1096 0.0112812 0.00563597 0.632149
1097 0.013057 0.00522694 0.585581
1098 0.0127087 0.00623027 0.591066
1099 0.0115696 -0.00644108 0.587895
1100 0.0117383 -0.00531723 0.5947
1101 0.0123558 -0.0043182 0.587817
1102 0.0113768 -0.00432018 0.611046
1103 0.0116112 -0.00340778 0.612162
1104 0.0113902 -0.00230949 0.623714
1105 0.0127255 -0.0034304 0.584647
1106 0.0114136 -0.0012783 0.627978
1107 0.0131388 -0.00246537 0.579421
1108 0.0114052 -0.000251237 0.631723
1109 0.0113659 0.000764935 0.634978
1110 0.0113675 0.00178256 0.636096
1111 0.013296 -0.000720598 0.582064
1112 0.011428 0.00284065 0.634604
1113 0.0114564 0.00381847 0.632705
1114 0.0131061 0.00094736 0.590605
1115 0.0130578 0.00263383 0.591892
1116 0.0131029 9.73054e-05 0.589398
1117 0.0124969 0.0034088 0.606366
1118 0.0121445 0.00544931 0.610174
1119 0.0123141 0.00445789 0.608892
1120 0.0122244 -0.00268887 0.601563
1121 0.0123752 -0.000727768 0.606433
1122 0.0122447 0.00034086 0.612449
1123 0.012218 0.00132194 0.614479
1124 0.0122713 -0.00182489 0.604779
1125 0.012206 0.00233981 0.61503
1126 0.00627225 0.00836907 0.725864
1127 0.00710399 0.00792009 0.713967
1128 0.00797985 0.00742903 0.699812
1129 0.00766719 -0.0153387 0.520924
1130 0.00384432 0.0101886 0.749109
1131 0.00866108 0.00687436 0.688236
1132 0.00472105 0.00957093 0.742258
1133 0.0130936 -0.00154534 0.584737
1134 0.0113672 0.00473264 0.632893
1135 0.00636767 0.00912902 0.72088
1136 0.0134198 0.0132086 0.505554
1137 0.00252076 0.0118596 0.751302
1138 0.0111442 -0.00918681 0.564815
1139 0.00516836 0.0190787 0.66245
1140 0.00525525 0.0199623 0.651851
1141 0.00436291 0.0198612 0.666398
1142 0.00436944 0.0187169 0.677811
1143 0.00948634 0.0174383 0.58167
1144 0.00868088 0.0168883 0.61039
1145 0.0078587 0.0163842 0.636211
1146 0.0102003 0.0180218 0.552477
1147 0.00699774 0.0159235 0.659734
1148 0.0109256 0.0186865 0.51898
1149 0.00611094 0.0155108 0.680572
1150 0.0115592 0.0195101 0.483399
1151 0.00520935 0.0151459 0.69854
1152 0.0121845 0.0204805 0.442896
1153 0.00426629 0.0148889 0.713528
1154 0.00331205 0.0146666 0.725693
1155 0.00232811 0.0144609 0.735304
1156 0.00127793 0.0142897 0.742242
1157 0.0114112 0.0213082 0.464153
1158 0.0105801 0.0216267 0.493194
1159 0.00969626 0.0220618 0.519309
1160 0.0087906 0.0224748 0.543053
1161 0.000830856 0.0158235 0.731996
1162 0.00790721 0.0228012 0.563966
1163 0.000881434 0.0167342 0.724254
1164 0.00700395 0.0230938 0.582779
1165 0.000841969 0.0177083 0.715836
1166 0.00609017 0.0233523 0.599245
1167 0.000841969 0.0186806 0.706816
1168 0.00517446 0.0235716 0.613314
1169 0.000841969 0.0196528 0.697371
1170 0.00423554 0.0237594 0.625261
1171 0.000841969 0.020625 0.687536
1172 0.0032418 0.0238887 0.635574
1173 0.000898065 0.02162 0.676887
1174 0.00218894 0.024035 0.643086
1175 0.000850835 0.0225502 0.666921
1176 0.000959413 0.0242106 0.647778
1177 0.000742043 0.0150368 0.738456
1178 0.000723385 0.0233243 0.658626
1179 0.00928575 0.0184238 0.576087
1180 0.00855014 0.0178925 0.602854
1181 0.00778151 0.0173979 0.627591
1182 0.00700022 0.0169346 0.649859
1183 0.00998546 0.0190069 0.547248
1184 0.00619086 0.0165328 0.669738
1185 0.0106377 0.0195466 0.517921
1186 0.00534535 0.0161739 0.68749
1187 0.0108838 0.020499 0.496525
1188 0.00448338 0.0158544 0.702736
1189 0.0035348 0.0156592 0.715509
1190 0.00259666 0.0154729 0.725492
1191 0.00167829 0.0152468 0.733133
1192 0.00984626 0.0210292 0.526855
1193 0.00892752 0.0214653 0.550862
1194 0.00804549 0.0218169 0.571727
1195 0.00177509 0.0161821 0.725113
1196 0.0071855 0.0221073 0.589911
1197 0.00179331 0.0171757 0.716495
1198 0.00631092 0.022341 0.60641
1199 0.00174743 0.0181832 0.707599
1200 0.00542848 0.0226106 0.620017
1201 0.0017106 0.0191667 0.698424
1202 0.00453313 0.0228065 0.632036
1203 0.0017106 0.0201389 0.68873
1204 0.00363633 0.0229585 0.641958
1205 0.0017106 0.0211111 0.678641
1206 0.00258884 0.0230967 0.650792
1207 0.00187899 0.0222084 0.665908
1208 0.00158245 0.0232656 0.655685
1209 0.00913662 0.0194529 0.568405
1210 0.00841987 0.0188914 0.595165
1211 0.00768729 0.0184053 0.619136
1212 0.00692941 0.0179598 0.640996
1213 0.00617327 0.0175378 0.660377
1214 0.00986979 0.0200238 0.538507
1215 0.00538053 0.0171684 0.677764
1216 0.00458857 0.0168353 0.692646
1217 0.00380999 0.0164916 0.705372
1218 0.00280667 0.0165715 0.714706
1219 0.00904668 0.0204584 0.559194
1220 0.00820956 0.0208491 0.578483
1221 0.00735503 0.0211056 0.597273
1222 0.00651533 0.0213151 0.613725
1223 0.00267186 0.0176986 0.705743
1224 0.0056473 0.0215894 0.627586
1225 0.00261663 0.0186966 0.696825
1226 0.00477256 0.0218068 0.639682
1227 0.00257922 0.0196528 0.687729
1228 0.00390514 0.0220054 0.649415
1229 0.00257922 0.020625 0.677756
1230 0.00296451 0.0222094 0.657384
1231 0.00251155 0.0214865 0.669105
1232 0.00830877 0.0198792 0.586925
1233 0.00757552 0.0194165 0.610807
1234 0.00682979 0.0190031 0.632225
1235 0.00607332 0.0185526 0.652082
1236 0.00530583 0.0181366 0.669652
1237 0.00449981 0.0177574 0.685306
1238 0.00362782 0.0173853 0.699478
1239 0.00763525 0.0202885 0.59961
1240 0.0067779 0.0201784 0.620727
1241 0.00587336 0.0205965 0.634328
1242 0.00354017 0.0182702 0.692192
1243 0.0049873 0.020814 0.647172
1244 0.00348789 0.0192316 0.683402
1245 0.00414957 0.0209844 0.657384
1246 0.00343636 0.0201953 0.674168
1247 0.0033448 0.0212574 0.663907
1248 0.00601316 0.0195785 0.642572
1249 0.00265615 0.0431326 0.324036
1250 0.011617 0.0258606 0.402335
1251 0.00976971 0.0303209 0.420898
1252 0.00784279 0.0336179 0.428592
1253 0.0120058 0.040181 0.213026
1254 0.0125847 0.0394352 0.208056
1255 0.0131155 0.0386491 0.203566
1256 0.0113715 0.0408788 0.218759
1257 0.0136255 0.0378562 0.19819
1258 0.0107078 0.0415446 0.224131
1259 0.0140764 0.0370328 0.193669
1260 0.0100024 0.0421587 0.229812
1261 0.0144767 0.0361711 0.189873
1262 0.00924711 0.0427338 0.235639
1263 0.0148294 0.0352888 0.186542
1264 0.00847514 0.0432706 0.240739
1265 0.015119 0.0343987 0.184249
1266 0.0076698 0.0437494 0.245884
1267 0.0153462 0.0334861 0.183228
1268 0.00682574 0.0441798 0.250863
1269 0.0155357 0.0325567 0.182493
1270 0.00596446 0.0445682 0.255081
1271 0.0156616 0.0316293 0.183116
1272 0.00509439 0.0448891 0.25903
1273 0.015722 0.0306909 0.185401
1274 0.00420701 0.0451649 0.262292
1275 0.0157424 0.0297425 0.188342
1276 0.00324234 0.0453325 0.266904
1277 0.0157007 0.0288078 0.193079
1278 0.00230636 0.0454733 0.269771
1279 0.0155928 0.0278736 0.200096
1280 0.00126991 0.0456606 0.269742
1281 0.0154325 0.0269251 0.209118
1282 0.0152139 0.0260078 0.220962
1283 0.0149461 0.0251028 0.235903
1284 0.0146627 0.0241988 0.253021
1285 0.00084928 0.0440502 0.310779
1286 0.0142341 0.0233056 0.282514
1287 0.000893518 0.0430556 0.334071
1288 0.0137379 0.0223974 0.322706
1289 0.000893518 0.0420238 0.357452
1290 0.000893518 0.0409921 0.379929
1291 0.000893518 0.0399603 0.40154
1292 0.000893518 0.0389286 0.422316
1293 0.0121438 0.0228323 0.411406
1294 0.000893518 0.0378968 0.442293
1295 0.0112716 0.0232752 0.445267
1296 0.000893518 0.0368651 0.461506
1297 0.0103451 0.0236716 0.477202
1298 0.000893518 0.0358333 0.47999
1299 0.00941637 0.0240542 0.504993
1300 0.000893518 0.0348016 0.497781
1301 0.00846005 0.0244083 0.530017
1302 0.000893518 0.0337698 0.514915
1303 0.00749691 0.0247195 0.551979
1304 0.000893518 0.0327381 0.531429
1305 0.0065233 0.0249957 0.57105
1306 0.000893518 0.0317063 0.547356
1307 0.00553127 0.0252325 0.587532
1308 0.000893518 0.0306746 0.562731
1309 0.00452616 0.0254393 0.601202
1310 0.000893518 0.0296429 0.577583
1311 0.00348288 0.0256126 0.612397
1312 0.000893518 0.0286111 0.591946
1313 0.00236906 0.0257531 0.621097
1314 0.000923222 0.0275246 0.60643
1315 0.00109283 0.0257347 0.628866
1316 0.000796025 0.0266164 0.618689
1317 0.000763547 0.0448945 0.290419
1318 0.0128332 0.0223822 0.381734
1319 0.0110692 0.0399485 0.244203
1320 0.0116033 0.0392588 0.240932
1321 0.0121271 0.0385334 0.237053
1322 0.0126157 0.0377787 0.233227
1323 0.0104283 0.0406205 0.249186
1324 0.0130651 0.0370135 0.229345
1325 0.00977426 0.0411907 0.25478
1326 0.0135049 0.0362515 0.224288
1327 0.00912117 0.0417604 0.258746
1328 0.0138681 0.0353995 0.221633
1329 0.00836649 0.0423109 0.263673
1330 0.0141359 0.034575 0.220883
1331 0.0076195 0.0427559 0.268905
1332 0.0144048 0.0337485 0.218868
1333 0.00686491 0.0432046 0.272473
1334 0.0146106 0.0328408 0.218796
1335 0.0060396 0.0435979 0.276648
1336 0.014726 0.0319789 0.220916
1337 0.00521757 0.0439 0.281041
1338 0.0148428 0.0311172 0.221935
1339 0.00439287 0.0441916 0.283916
1340 0.014883 0.0301872 0.225597
1341 0.00357746 0.0445051 0.28435
1342 0.0148427 0.0293182 0.231778
1343 0.00266215 0.0443331 0.295729
1344 0.0148028 0.0284523 0.237288
1345 0.00167703 0.0446648 0.293008
1346 0.0146648 0.0274985 0.247259
1347 0.0144455 0.026644 0.261046
1348 0.0142224 0.0257827 0.275569
1349 0.0139825 0.0249222 0.292024
1350 0.013783 0.0240612 0.307674
1351 0.0017628 0.0436304 0.317503
1352 0.0131214 0.0233605 0.353421
1353 0.00178308 0.0425644 0.342023
1354 0.00178069 0.0415079 0.365473
1355 0.00178069 0.0404762 0.387465
1356 0.00178069 0.0394444 0.408602
1357 0.00178069 0.0384127 0.42892
1358 0.0121413 0.0238734 0.39938
1359 0.00178069 0.037381 0.448454
1360 0.0111872 0.0242935 0.437108
1361 0.00178069 0.0363492 0.467241
1362 0.0102058 0.0246703 0.470822
1363 0.00178069 0.0353175 0.485317
1364 0.00924408 0.0250574 0.49886
1365 0.00178069 0.0342857 0.502719
1366 0.00824814 0.0253984 0.524311
1367 0.00178069 0.033254 0.519482
1368 0.00724942 0.0257013 0.546282
1369 0.00178069 0.0322222 0.535644
1370 0.00623187 0.0259711 0.565292
1371 0.00178069 0.0311905 0.551241
1372 0.0052108 0.0261872 0.581375
1373 0.00178069 0.0301587 0.566305
1374 0.00415148 0.0263836 0.594733
1375 0.00178069 0.029127 0.580845
1376 0.00305021 0.0265596 0.605117
1377 0.00182242 0.0279993 0.59594
1378 0.00182773 0.0267224 0.612678
1379 0.0102155 0.0397776 0.270232
1380 0.0106284 0.0390369 0.272442
1381 0.0111555 0.0383787 0.268684
1382 0.0116395 0.0376725 0.265567
1383 0.012062 0.0369277 0.263633
1384 0.0094981 0.0402256 0.28005
1385 0.0124986 0.0361995 0.259632
1386 0.00885475 0.0407865 0.284261
1387 0.0130099 0.0355405 0.250701
1388 0.00831108 0.0414421 0.282796
1389 0.0131394 0.0347008 0.256427
1390 0.00752031 0.0417564 0.292099
1391 0.0134025 0.0338889 0.255902
1392 0.00678537 0.0421911 0.296088
1393 0.0137906 0.0331316 0.248774
1394 0.00612777 0.0427275 0.294872
1395 0.0137679 0.0322801 0.257662
1396 0.00530602 0.0428976 0.302853
1397 0.0138819 0.0314345 0.2602
1398 0.00442701 0.0432189 0.306266
1399 0.0141283 0.0306198 0.255937
1400 0.00351122 0.0435926 0.306703
1401 0.0139538 0.0297859 0.269173
1402 0.0139151 0.0289329 0.276213
1403 0.0140121 0.0280875 0.276469
1404 0.0136909 0.0272854 0.296129
1405 0.0134492 0.0263798 0.31317
1406 0.0131873 0.0254391 0.332488
1407 0.0130035 0.0244866 0.349354
1408 0.00268658 0.0420606 0.348037
1409 0.00269934 0.0410095 0.37074
1410 0.00266786 0.0399603 0.39282
1411 0.00266786 0.0389286 0.413458
1412 0.00266786 0.0378968 0.433289
1413 0.0120858 0.0249978 0.390438
1414 0.00266786 0.0368651 0.452353
1415 0.0109876 0.0252554 0.434744
1416 0.00266786 0.0358333 0.470687
1417 0.0100602 0.0256933 0.464416
1418 0.00266786 0.0348016 0.488328
1419 0.0090408 0.0260696 0.493431
1420 0.00266786 0.0337698 0.505312
1421 0.00800797 0.0264047 0.518829
1422 0.00266786 0.0327381 0.521677
1423 0.00696509 0.0267044 0.540686
1424 0.00266786 0.0317063 0.537462
1425 0.00590636 0.0269531 0.559491
1426 0.00266786 0.0306746 0.552712
1427 0.00484764 0.0271749 0.574757
1428 0.0027276 0.0296312 0.567121
1429 0.00381369 0.0273167 0.587107
1430 0.00271454 0.0286403 0.580887
1431 0.00275216 0.0275412 0.595203
1432 0.00946816 0.0390714 0.302073
1433 0.0101294 0.0381788 0.300515
1434 0.010761 0.0376207 0.292167
1435 0.0110294 0.0368418 0.296618
1436 0.0115124 0.0360532 0.293515
1437 0.00857543 0.0398194 0.309091
1438 0.0120737 0.0351411 0.287917
1439 0.00771213 0.0406183 0.31172
1440 0.012404 0.0340142 0.290551
1441 0.00665825 0.0411752 0.319687
1442 0.0127973 0.0329061 0.288883
1443 0.00566718 0.0417728 0.322675
1444 0.0129217 0.0317361 0.295839
1445 0.0045743 0.0421845 0.327851
1446 0.0131107 0.0305755 0.298837
1447 0.00357285 0.0425865 0.32923
1448 0.0130115 0.0293995 0.312445
1449 0.013003 0.0282252 0.321832
1450 0.0126911 0.0271072 0.344159
1451 0.0124709 0.0260593 0.36267
1452 0.00362752 0.0415648 0.35124
1453 0.00362679 0.0405216 0.373318
1454 0.00359814 0.0394671 0.39501
1455 0.00355502 0.0384127 0.415984
1456 0.00355502 0.037381 0.435301
1457 0.00355502 0.0363492 0.453865
1458 0.0108148 0.026286 0.430316
1459 0.00355502 0.0353175 0.471717
1460 0.0098624 0.0267273 0.459549
1461 0.00355502 0.0342857 0.488892
1462 0.00881446 0.0271068 0.488042
1463 0.00355502 0.033254 0.505429
1464 0.0077422 0.0274303 0.513265
1465 0.00355502 0.0322222 0.521366
1466 0.00664813 0.0277271 0.534917
1467 0.00353775 0.0312067 0.536695
1468 0.00553168 0.0280008 0.552964
1469 0.00355502 0.0301587 0.551617
1470 0.00443372 0.0281775 0.567805
1471 0.00378943 0.0290999 0.563861
1472 0.00350325 0.0281579 0.579591
1473 0.00909777 0.0379369 0.330841
1474 0.00836302 0.0387286 0.333878
1475 0.00992139 0.0370673 0.324351
1476 0.010946 0.0351891 0.323089
1477 0.00749718 0.0394489 0.338546
1478 0.0113529 0.0342241 0.323244
1479 0.00659031 0.0400748 0.343052
1480 0.011662 0.0331964 0.325782
1481 0.00560084 0.0406159 0.347779
1482 0.0118901 0.0321613 0.329671
1483 0.00461309 0.0411109 0.350491
1484 0.0120575 0.0310918 0.334903
1485 0.0120933 0.0299942 0.344279
1486 0.011951 0.0288789 0.360354
1487 0.0118059 0.027826 0.375946
1488 0.0117228 0.0267729 0.389175
1489 0.00458677 0.0400398 0.372876
1490 0.00452783 0.03897 0.394724
1491 0.00447752 0.0379161 0.415315
1492 0.00444219 0.0368651 0.434877
1493 0.00444219 0.0358333 0.452913
1494 0.0107713 0.0273451 0.4208
1495 0.00444219 0.0348016 0.470251
1496 0.00970693 0.0277874 0.452694
1497 0.00444219 0.0337698 0.48693
1498 0.00857647 0.0281451 0.482477
1499 0.00444219 0.0327381 0.502993
1500 0.0074483 0.0284812 0.507406
1501 0.00441093 0.0317417 0.518372
1502 0.00631098 0.0287903 0.528227
1503 0.00438539 0.0307606 0.532954
1504 0.0050725 0.0291383 0.545718
1505 0.0104503 0.036081 0.324879
1506 0.00440354 0.029875 0.545116
1507 0.00869841 0.0368558 0.358535
1508 0.00803542 0.0376448 0.360128
1509 0.00729539 0.0383955 0.361983
1510 0.0103334 0.0343665 0.352688
1511 0.00644065 0.0389856 0.366618
1512 0.0106103 0.0334329 0.356801
1513 0.00552299 0.0395277 0.370658
1514 0.0108459 0.0324702 0.361429
1515 0.0110421 0.031523 0.366114
1516 0.0112061 0.0305443 0.371311
1517 0.0111298 0.0294872 0.385223
1518 0.0107064 0.0285074 0.410954
1519 0.00544045 0.0384638 0.392235
1520 0.00537458 0.0374008 0.412741
1521 0.00539396 0.036372 0.430597
1522 0.0053863 0.0353419 0.448157
1523 0.00532936 0.0342857 0.466215
1524 0.00946466 0.0288328 0.448293
1525 0.00532936 0.033254 0.482368
1526 0.00829452 0.029196 0.477241
1527 0.00531415 0.0322324 0.498012
1528 0.00717795 0.029572 0.499606
1529 0.0052452 0.0312613 0.513272
1530 0.00612834 0.029855 0.517559
1531 0.00936062 0.0360555 0.354893
1532 0.00990141 0.0352694 0.352249
1533 0.0052072 0.0302579 0.528074
1534 0.00748668 0.0366066 0.389524
1535 0.00710313 0.0374924 0.381744
1536 0.00631626 0.037952 0.387857
1537 0.00961756 0.0336328 0.383295
1538 0.0097969 0.032746 0.390086
1539 0.00998473 0.0318122 0.39642
1540 0.0102455 0.0309803 0.39841
1541 0.0105044 0.0301329 0.399627
1542 0.006344 0.0369064 0.405996
1543 0.00638693 0.0359102 0.422198
1544 0.00628271 0.0348263 0.441753
1545 0.00621331 0.0337486 0.459904
1546 0.00905943 0.0298716 0.447705
1547 0.00622057 0.0326774 0.475944
1548 0.00808186 0.0303234 0.468291
1549 0.00621653 0.0317063 0.490127
1550 0.00692827 0.0307811 0.488974
1551 0.00827435 0.0358064 0.38533
1552 0.00947269 0.0344777 0.375326
1553 0.0100972 0.0294798 0.420606
1554 0.00595579 0.0307912 0.507811
1555 0.00891513 0.0351226 0.380437
1556 0.0072833 0.035379 0.41371
1557 0.00879365 0.0331069 0.412732
1558 0.00893577 0.0320944 0.422749
1559 0.00912802 0.031001 0.431713
1560 0.00709248 0.0342483 0.435318
1561 0.00704114 0.0331386 0.453084
1562 0.00712633 0.0319898 0.467869
1563 0.00798241 0.0314482 0.455865
1564 0.00863959 0.0340641 0.403014
1565 0.00799239 0.0347138 0.40877
1566 0.00796307 0.0325582 0.441022
