1 0 0 0.697915
2 -1.31814e-05 0.0843 0.621026
3 0.00162256 0.000428248 0.716817
4 0.00324511 0.000856496 0.726253
5 0.00486767 0.00128474 0.729899
6 0.00647042 0.00178135 0.732039
7 0.00807059 0.00228684 0.73097
8 0.00967077 0.00279234 0.725741
9 0.0112462 0.00336888 0.719884
10 0.0128144 0.00396625 0.711129
11 0.0143602 0.00461705 0.700984
12 0.0158862 0.00531529 0.689278
13 0.0173989 0.0060402 0.674639
14 0.0188703 0.00684624 0.65951
15 0.0202995 0.00772561 0.643693
16 0.0216847 0.00867284 0.626822
17 0.0230079 0.0097042 0.609743
18 0.0242512 0.0108307 0.593544
19 0.0254216 0.0120324 0.577398
20 0.026495 0.0133213 0.562607
21 0.0274721 0.0146849 0.549049
22 0.0283421 0.0161192 0.537418
23 0.029115 0.0176082 0.527239
24 0.0297915 0.0191435 0.51857
25 0.0303777 0.0207155 0.511192
26 0.0308798 0.0223163 0.504843
27 0.0312997 0.0239406 0.499447
28 0.031638 0.0255838 0.494978
29 0.031893 0.0272421 0.491497
30 0.0320609 0.0289115 0.489171
31 0.0321343 0.0305877 0.488331
32 0.0321043 0.0322652 0.489456
33 0.0319758 0.0339379 0.4923
34 0.0317491 0.0356001 0.496938
35 0.0314272 0.0372465 0.503311
36 0.0310145 0.0388726 0.511339
37 0.0305201 0.040476 0.520711
38 0.0299517 0.0420547 0.53125
39 0.0293217 0.04361 0.542494
40 0.028638 0.0451425 0.554312
41 0.0279161 0.0466574 0.566063
42 0.0271661 0.0481586 0.577468
43 0.0263992 0.0496512 0.58816
44 0.0256255 0.0511403 0.597797
45 0.0248559 0.0526315 0.606002
46 0.0241011 0.0541303 0.612388
47 0.0233717 0.0556415 0.61659
48 0.0226792 0.05717 0.618197
49 0.0220333 0.0587186 0.616964
50 0.021444 0.0602895 0.61265
51 0.0209171 0.0618824 0.605317
52 0.0204536 0.063495 0.595328
53 0.0200504 0.0651238 0.583205
54 0.0196877 0.0667622 0.57035
55 0.0193464 0.0684053 0.557721
56 0.0189725 0.0700411 0.547873
57 0.0185318 0.07166 0.541441
58 0.0179381 0.0732282 0.541668
59 0.0171867 0.0747276 0.54689
60 0.0162107 0.0760901 0.559198
61 0.01508 0.0773288 0.573426
62 0.0138066 0.0784196 0.589283
63 0.012416 0.0793584 0.605628
64 0.0109711 0.0802101 0.619031
65 0.00947653 0.0809706 0.630285
66 0.00793738 0.0816364 0.639551
67 0.00636883 0.0822328 0.645767
68 0.00480028 0.0828292 0.646515
69 0.00320355 0.0833424 0.644923
70 0.00159518 0.0838212 0.638043
71 -1.2923e-05 0.0826471 0.679756
72 -1.26645e-05 0.0809941 0.738321
73 -1.24061e-05 0.0793412 0.796507
74 -1.21476e-05 0.0776882 0.854184
75 -1.18891e-05 0.0760353 0.911251
76 -1.16307e-05 0.0743824 0.967678
77 -1.13722e-05 0.0727294 1.02348
78 -1.11138e-05 0.0710765 1.07862
79 -1.08553e-05 0.0694235 1.13299
80 -1.05968e-05 0.0677706 1.18645
81 -1.03384e-05 0.0661176 1.23877
82 -1.00799e-05 0.0644647 1.28973
83 -9.82147e-06 0.0628118 1.33905
84 -9.56301e-06 0.0611588 1.3865
85 -9.30455e-06 0.0595059 1.43183
86 -9.04609e-06 0.0578529 1.4748
87 -8.78763e-06 0.0562 1.5152
88 -8.52917e-06 0.0545471 1.55285
89 -8.27071e-06 0.0528941 1.58756
90 -8.01225e-06 0.0512412 1.61915
91 -7.75379e-06 0.0495882 1.64747
92 -7.49533e-06 0.0479353 1.67236
93 -7.23687e-06 0.0462824 1.69369
94 -6.97841e-06 0.0446294 1.71129
95 -6.71995e-06 0.0429765 1.72504
96 -6.46149e-06 0.0413235 1.7348
97 -6.20303e-06 0.0396706 1.74046
98 -5.94457e-06 0.0380176 1.7419
99 -5.68611e-06 0.0363647 1.739
100 -5.42765e-06 0.0347118 1.73169
101 -5.1692e-06 0.0330588 1.71989
102 -4.91074e-06 0.0314059 1.70354
103 -4.65228e-06 0.0297529 1.68261
104 -4.39382e-06 0.0281 1.65711
105 -4.13536e-06 0.0264471 1.62707
106 -3.8769e-06 0.0247941 1.59257
107 -3.61844e-06 0.0231412 1.55373
108 -3.35998e-06 0.0214882 1.51073
109 -3.10152e-06 0.0198353 1.4638
110 -2.84306e-06 0.0181824 1.41321
111 -2.5846e-06 0.0165294 1.35929
112 -2.32614e-06 0.0148765 1.30235
113 -2.06768e-06 0.0132235 1.24272
114 -1.80922e-06 0.0115706 1.18071
115 -1.55076e-06 0.00991765 1.11656
116 -1.2923e-06 0.00826471 1.05049
117 -1.03384e-06 0.00661176 0.982644
118 -7.75379e-07 0.00495882 0.913164
119 -5.1692e-07 0.00330588 0.842241
120 -2.5846e-07 0.00165294 0.770353
121 0.00822878 0.0114637 1.10667
122 0.0247428 0.0294159 0.890298
123 0.015423 0.0232112 1.25504
124 0.0162343 0.0321792 1.33697
125 0.0043502 0.0788063 0.794346
126 0.0121843 0.0776167 0.665479
127 0.0133945 0.0767424 0.651149
128 0.014497 0.075652 0.640503
129 0.0108631 0.078417 0.679354
130 0.0154105 0.0745339 0.63216
131 0.00950107 0.0791967 0.689007
132 0.0162207 0.0732621 0.626752
133 0.00810271 0.0799074 0.696027
134 0.0167911 0.0718674 0.631538
135 0.00666574 0.0805057 0.702152
136 0.0172861 0.0703725 0.639445
137 0.00483312 0.0806518 0.724257
138 0.017714 0.0688349 0.649995
139 0.00839573 0.0728871 0.917433
140 0.0180912 0.0672468 0.663733
141 0.00159058 0.0820678 0.70074
142 0.018457 0.0656278 0.678883
143 0.0188539 0.0639574 0.693952
144 0.0193023 0.0622908 0.706597
145 0.0198129 0.0606415 0.715804
146 0.00158026 0.0803646 0.761067
147 0.0203874 0.0590089 0.721377
148 0.00152099 0.0786568 0.821071
149 0.0210201 0.057406 0.723149
150 0.00144732 0.0769389 0.880777
151 0.0217051 0.0558239 0.721487
152 0.00142196 0.0752478 0.938824
153 0.0224321 0.0542633 0.716723
154 0.00141999 0.0735561 0.996252
155 0.0231796 0.0527428 0.709396
156 0.00142025 0.0719032 1.05178
157 0.0239462 0.0512299 0.700082
158 0.0014205 0.0702502 1.10667
159 0.0247188 0.0497351 0.688982
160 0.00142076 0.0685973 1.16076
161 0.0254787 0.0482544 0.676998
162 0.00142102 0.0669443 1.21387
163 0.0262354 0.0467599 0.663846
164 0.00142128 0.0652914 1.26574
165 0.0269458 0.0452939 0.650875
166 0.00142154 0.0636385 1.31612
167 0.0276211 0.0438042 0.638174
168 0.0014218 0.0619855 1.36474
169 0.0282658 0.042313 0.624758
170 0.00142206 0.0603326 1.41134
171 0.0288196 0.0407887 0.614319
172 0.00142231 0.0586796 1.45569
173 0.0293271 0.039259 0.60362
174 0.00142257 0.0570267 1.49757
175 0.0297608 0.0377134 0.594185
176 0.00142283 0.0553738 1.53676
177 0.0301049 0.0361536 0.58672
178 0.00142309 0.0537208 1.5731
179 0.0303602 0.0345814 0.581024
180 0.00142335 0.0520679 1.6064
181 0.0305323 0.033 0.576652
182 0.00142361 0.0504149 1.6365
183 0.030606 0.0314138 0.574363
184 0.00142386 0.048762 1.66324
185 0.0305971 0.0298243 0.573226
186 0.00142412 0.047109 1.68648
187 0.0304846 0.0282326 0.574335
188 0.00142438 0.0454561 1.70606
189 0.0302833 0.0266477 0.576864
190 0.00142464 0.0438032 1.72186
191 0.0300001 0.025078 0.580472
192 0.0014249 0.0421502 1.73373
193 0.029641 0.0235226 0.584801
194 0.00142516 0.0404973 1.74155
195 0.0292019 0.0219896 0.590106
196 0.00142542 0.0388443 1.74519
197 0.0286863 0.0204857 0.596207
198 0.00142567 0.0371914 1.74455
199 0.0280856 0.0190154 0.603506
200 0.00142593 0.0355385 1.73952
201 0.0273955 0.0175951 0.612335
202 0.00142619 0.0338855 1.73002
203 0.0266237 0.016223 0.622126
204 0.00142645 0.0322326 1.71598
205 0.0257698 0.0149126 0.632982
206 0.00142671 0.0305796 1.69735
207 0.0248097 0.0136606 0.645721
208 0.00142697 0.0289267 1.67412
209 0.0237491 0.0125027 0.660722
210 0.00142722 0.0272738 1.64629
211 0.0226024 0.011434 0.677255
212 0.00142748 0.0256208 1.61392
213 0.0213988 0.0104128 0.692854
214 0.00142774 0.0239679 1.57711
215 0.0201254 0.00948164 0.709243
216 0.001428 0.0223149 1.536
217 0.0187722 0.00862617 0.726383
218 0.00142826 0.020662 1.4908
219 0.0173934 0.00780395 0.741008
220 0.00142852 0.019009 1.44177
221 0.0159724 0.00705307 0.755024
222 0.00142878 0.0173561 1.38921
223 0.0145054 0.00637006 0.768612
224 0.00142903 0.0157032 1.33346
225 0.0130091 0.00572729 0.780404
226 0.00142929 0.0140502 1.27488
227 0.0114623 0.00507961 0.788901
228 0.00142955 0.0123973 1.21381
229 0.00993874 0.00450062 0.795551
230 0.00142981 0.0107443 1.15051
231 0.00839633 0.00397417 0.80064
232 0.00143007 0.0090914 1.08524
233 0.00682397 0.00349939 0.804218
234 0.00144367 0.00737513 1.01556
235 0.00521636 0.00304385 0.804818
236 0.00147288 0.00563573 0.943129
237 0.00336993 0.0028582 0.814546
238 0.00164871 0.00383684 0.866247
239 0.00165237 0.00218534 0.794369
240 0.0107402 0.0767434 0.734941
241 0.0119454 0.0758985 0.723993
242 0.0131001 0.0752764 0.702635
243 0.0137632 0.0741359 0.709779
244 0.00946802 0.0775426 0.743523
245 0.0147404 0.0732622 0.692855
246 0.00815778 0.0782566 0.750294
247 0.0151189 0.0720053 0.708519
248 0.00686572 0.0788965 0.754008
249 0.0156285 0.0706391 0.718458
250 0.00567625 0.0794116 0.755616
251 0.0160839 0.0691816 0.731101
252 0.00315365 0.0796719 0.77622
253 0.0164859 0.0676763 0.746119
254 0.0168589 0.066089 0.7638
255 0.0172364 0.0644368 0.782422
256 0.0176576 0.0627378 0.799546
257 0.0181484 0.061028 0.812762
258 0.018707 0.0593367 0.821347
259 0.0193319 0.0576693 0.825162
260 0.00292043 0.0778794 0.840323
261 0.0200079 0.0560389 0.824687
262 0.00284257 0.0761434 0.900544
263 0.0207354 0.0544334 0.820061
264 0.00284188 0.074438 0.958494
265 0.0214977 0.05286 0.811954
266 0.00285635 0.0727299 1.01579
267 0.0222618 0.051327 0.80199
268 0.00285661 0.0710769 1.07075
269 0.0230429 0.049816 0.789463
270 0.00285687 0.069424 1.125
271 0.0238157 0.0483362 0.775467
272 0.00285712 0.067771 1.17839
273 0.0245654 0.0468532 0.761388
274 0.00285738 0.0661181 1.2307
275 0.0252791 0.0454075 0.74692
276 0.00285764 0.0644652 1.28169
277 0.0259653 0.0439495 0.732278
278 0.0028579 0.0628122 1.3311
279 0.0265893 0.0424955 0.718954
280 0.00285816 0.0611593 1.37866
281 0.0271652 0.0410372 0.70604
282 0.00285842 0.0595063 1.42413
283 0.0276854 0.03957 0.693831
284 0.00285867 0.0578534 1.46727
285 0.0281419 0.0380977 0.682568
286 0.00285893 0.0562004 1.50787
287 0.0285065 0.0366178 0.673746
288 0.00285919 0.0545475 1.54573
289 0.0287907 0.0351309 0.666565
290 0.00285945 0.0528946 1.58067
291 0.0289916 0.0336361 0.661088
292 0.00285971 0.0512416 1.61251
293 0.0291058 0.0321361 0.657389
294 0.00285997 0.0495887 1.64111
295 0.0291415 0.0306339 0.654937
296 0.00286023 0.0479357 1.66629
297 0.0290906 0.0291249 0.654107
298 0.00286048 0.0462828 1.6879
299 0.0289433 0.0276126 0.655331
300 0.00286074 0.0446299 1.7058
301 0.0287019 0.026118 0.658501
302 0.002861 0.0429769 1.71986
303 0.0284006 0.0246295 0.661659
304 0.00286126 0.041324 1.72992
305 0.0280216 0.0231612 0.665813
306 0.00286152 0.039671 1.73587
307 0.0275677 0.021717 0.670787
308 0.00286178 0.0380181 1.73758
309 0.0270479 0.0203074 0.676203
310 0.00286203 0.0363652 1.73496
311 0.0264373 0.0189426 0.683385
312 0.00286229 0.0347122 1.72789
313 0.0257316 0.017635 0.692632
314 0.00286255 0.0330593 1.71631
315 0.0249752 0.0163803 0.701678
316 0.00286281 0.0314063 1.70015
317 0.0241888 0.0151545 0.709027
318 0.00286307 0.0297534 1.67939
319 0.0232227 0.0140157 0.722395
320 0.00286333 0.0281004 1.654
321 0.0221726 0.0130217 0.739128
322 0.00286359 0.0264475 1.62403
323 0.0210691 0.0120453 0.754519
324 0.00286384 0.0247946 1.58955
325 0.0198929 0.0111242 0.770176
326 0.0028641 0.0231416 1.55068
327 0.018643 0.0102742 0.786562
328 0.00286436 0.0214887 1.50759
329 0.0173431 0.00947538 0.802143
330 0.00286462 0.0198357 1.46053
331 0.0160014 0.00872585 0.816544
332 0.00286488 0.0181828 1.40978
333 0.0146122 0.00803297 0.830237
334 0.00286514 0.0165299 1.35566
335 0.0131783 0.00737369 0.842261
336 0.00286539 0.0148769 1.29853
337 0.0116919 0.00674208 0.852407
338 0.00286565 0.013224 1.23874
339 0.0101867 0.00614254 0.85995
340 0.00284302 0.0115591 1.17626
341 0.00865544 0.0056194 0.866806
342 0.00285598 0.00987519 1.11069
343 0.0071403 0.00513453 0.870654
344 0.00287973 0.00819647 1.04329
345 0.00564748 0.00466369 0.870469
346 0.00287221 0.00646708 0.972113
347 0.00425799 0.00417571 0.864065
348 0.0028584 0.00464637 0.895234
349 0.00938572 0.0759278 0.796906
350 0.0105652 0.075036 0.792214
351 0.0119328 0.074029 0.77911
352 0.0132755 0.072426 0.775276
353 0.00812656 0.0766677 0.803116
354 0.00684338 0.077274 0.809103
355 0.013974 0.0708785 0.787471
356 0.00556943 0.0779413 0.807871
357 0.0144572 0.0694744 0.802553
358 0.0148763 0.0680406 0.819488
359 0.0152558 0.0665063 0.839467
360 0.0156228 0.0649153 0.860483
361 0.016012 0.0631971 0.882793
362 0.0164603 0.0614592 0.901631
363 0.0169994 0.0597126 0.91473
364 0.0176103 0.057983 0.922321
365 0.0182842 0.0562912 0.924295
366 0.00423084 0.0770558 0.85595
367 0.0190096 0.0546328 0.921373
368 0.00423119 0.0753412 0.914148
369 0.0197727 0.0530221 0.913956
370 0.00427866 0.0736199 0.971252
371 0.0205666 0.0514389 0.902879
372 0.00429091 0.0719444 1.02658
373 0.0213544 0.0499006 0.889871
374 0.00429297 0.0702507 1.08198
375 0.0221486 0.0484073 0.874083
376 0.00429323 0.0685977 1.1353
377 0.0229047 0.0469447 0.858395
378 0.00429349 0.0669448 1.1877
379 0.0236303 0.0455043 0.842359
380 0.00429374 0.0652918 1.23896
381 0.0243127 0.0440767 0.826745
382 0.004294 0.0636389 1.28885
383 0.0249435 0.042649 0.812071
384 0.00429426 0.061986 1.3371
385 0.025523 0.0412335 0.79796
386 0.00429452 0.060333 1.38346
387 0.0260469 0.0398171 0.784697
388 0.00429478 0.0586801 1.42769
389 0.0265106 0.0384088 0.772319
390 0.00429504 0.0570271 1.46955
391 0.0269126 0.0370073 0.760862
392 0.00429529 0.0553742 1.50885
393 0.0272266 0.0355975 0.751867
394 0.00429555 0.0537213 1.54538
395 0.0274584 0.0341854 0.744813
396 0.00429581 0.0520683 1.57896
397 0.0275999 0.0327689 0.740078
398 0.00429607 0.0504154 1.60941
399 0.0276642 0.031347 0.736817
400 0.00429633 0.0487624 1.63656
401 0.0276831 0.0299406 0.733239
402 0.00429659 0.0471095 1.66025
403 0.0276062 0.0285 0.731984
404 0.00429685 0.0454566 1.68033
405 0.0273768 0.0270899 0.736095
406 0.0042971 0.0438036 1.69665
407 0.0271163 0.0256704 0.738762
408 0.00429736 0.0421507 1.70905
409 0.0268074 0.0242581 0.740939
410 0.00429762 0.0404977 1.7174
411 0.0264124 0.02287 0.744688
412 0.00429788 0.0388448 1.72158
413 0.0259541 0.0215212 0.748979
414 0.00429814 0.0371918 1.72147
415 0.025461 0.0202087 0.752388
416 0.0042984 0.0355389 1.71696
417 0.0248197 0.0189458 0.760585
418 0.00429865 0.033886 1.70797
419 0.0240803 0.0177727 0.771782
420 0.00429891 0.032233 1.69441
421 0.0233804 0.0166001 0.777836
422 0.00429917 0.0305801 1.67625
423 0.0227647 0.0153699 0.775435
424 0.00429943 0.0289271 1.65346
425 0.0216667 0.0145761 0.801147
426 0.00429969 0.0272742 1.62605
427 0.0206891 0.0136197 0.8142
428 0.00429995 0.0256213 1.59408
429 0.0195971 0.0127156 0.829393
430 0.00430021 0.0239683 1.55764
431 0.0184422 0.0118997 0.845819
432 0.00430046 0.0223154 1.51689
433 0.0172282 0.011109 0.861249
434 0.00430072 0.0206624 1.47204
435 0.0159668 0.0103749 0.876157
436 0.00430098 0.0190095 1.42334
437 0.0146556 0.00968775 0.890276
438 0.00430124 0.0173566 1.37111
439 0.0132973 0.00902743 0.902686
440 0.0043015 0.0157036 1.31569
441 0.0118824 0.00838631 0.913107
442 0.00430176 0.0140507 1.25744
443 0.0104205 0.00777633 0.921519
444 0.00425207 0.0123925 1.19693
445 0.00893698 0.00721068 0.927743
446 0.00423131 0.0107037 1.13269
447 0.00734228 0.00676144 0.936064
448 0.00431233 0.0089815 1.06406
449 0.00578548 0.0062856 0.937752
450 0.00435803 0.0072906 0.994945
451 0.00425005 0.00567046 0.928249
452 0.00909648 0.0743088 0.855143
453 0.0081423 0.0752721 0.847682
454 0.0101532 0.0733881 0.854227
455 0.0112239 0.0720172 0.861068
456 0.0124586 0.0709545 0.846468
457 0.0068785 0.0755921 0.864111
458 0.00554785 0.0762677 0.864857
459 0.012863 0.069682 0.865641
460 0.0132442 0.0683517 0.88565
461 0.0136548 0.0669257 0.905392
462 0.0140339 0.0653657 0.928609
463 0.0143673 0.0637103 0.955372
464 0.0147543 0.061938 0.981453
465 0.0152549 0.0601305 1.00117
466 0.0158575 0.0583358 1.01349
467 0.0165259 0.0565797 1.01944
468 0.0172531 0.0548616 1.01936
469 0.0180272 0.05319 1.01371
470 0.00566642 0.0745787 0.919361
471 0.0188311 0.0515771 1.00322
472 0.00573115 0.0728809 0.974029
473 0.0196475 0.0499974 0.989511
474 0.00569981 0.071161 1.03039
475 0.0204658 0.0484701 0.97281
476 0.00572227 0.0694509 1.08477
477 0.0212538 0.047018 0.954649
478 0.00575364 0.0677791 1.13691
479 0.0219763 0.0455906 0.938101
480 0.00576957 0.0661215 1.1879
481 0.0226757 0.0441657 0.920953
482 0.0057301 0.0644656 1.23879
483 0.023305 0.0427783 0.90529
484 0.00573036 0.0628127 1.28741
485 0.0238913 0.0413941 0.889982
486 0.00573062 0.0611597 1.33438
487 0.0244181 0.040016 0.875808
488 0.00573088 0.0595068 1.37946
489 0.0248844 0.0386465 0.862699
490 0.00573114 0.0578538 1.42242
491 0.0252995 0.0373084 0.849886
492 0.0057314 0.0562009 1.46302
493 0.0256796 0.0359929 0.836603
494 0.00573166 0.054548 1.50104
495 0.0259203 0.0346373 0.829075
496 0.00573191 0.052895 1.53629
497 0.0260917 0.0333276 0.822743
498 0.00573217 0.0512421 1.56858
499 0.0261885 0.031973 0.818227
500 0.00573243 0.0495891 1.59771
501 0.0261775 0.0306268 0.816961
502 0.00573269 0.0479362 1.62352
503 0.0264186 0.0293083 0.799456
504 0.00573295 0.0462833 1.64584
505 0.0260124 0.028004 0.814609
506 0.00573321 0.0446303 1.66448
507 0.0258038 0.0266573 0.815993
508 0.00573346 0.0429774 1.67931
509 0.0255374 0.0252888 0.817287
510 0.00573372 0.0413244 1.69017
511 0.0252413 0.0239523 0.817468
512 0.00573398 0.0396715 1.69692
513 0.0248056 0.0226379 0.822023
514 0.00573424 0.0380185 1.69944
515 0.0243435 0.0214092 0.826126
516 0.0057345 0.0363656 1.6976
517 0.0240633 0.0201305 0.817732
518 0.00573476 0.0347127 1.69132
519 0.0231664 0.0191767 0.841719
520 0.00573502 0.0330597 1.68049
521 0.0223939 0.0178848 0.849691
522 0.00573527 0.0314068 1.66507
523 0.0214928 0.0164449 0.855504
524 0.00573553 0.0297538 1.64501
525 0.00573579 0.0281009 1.62032
526 0.0201815 0.0152357 0.878115
527 0.00573605 0.026448 1.59101
528 0.0193794 0.0141309 0.878517
529 0.00573631 0.024795 1.55719
530 0.0181705 0.0135192 0.905043
531 0.00573657 0.0231421 1.51896
532 0.0170669 0.0127253 0.918855
533 0.00573682 0.0214891 1.47652
534 0.0158645 0.0119829 0.933828
535 0.00573708 0.0198362 1.4301
536 0.0146288 0.011349 0.94977
537 0.00573734 0.0181833 1.38
538 0.0133544 0.0106739 0.96166
539 0.0057376 0.0165303 1.32654
540 0.0120139 0.0100212 0.972067
541 0.00573786 0.0148774 1.27007
542 0.0106247 0.00939796 0.980546
543 0.00567946 0.0132276 1.21179
544 0.00920212 0.00880978 0.98678
545 0.00558538 0.0115728 1.1513
546 0.00772706 0.00823031 0.989859
547 0.00555064 0.00983869 1.08471
548 0.00596485 0.00807344 1.00933
549 0.00729184 0.073885 0.911609
550 0.00959626 0.0720596 0.910415
551 0.0112418 0.0701303 0.914585
552 0.0115924 0.0686754 0.943001
553 0.0120104 0.0672716 0.965973
554 0.0124725 0.0658873 0.984803
555 0.012777 0.0642461 1.01562
556 0.0130265 0.0625222 1.05023
557 0.0134884 0.0606137 1.07817
558 0.0140287 0.0587507 1.09901
559 0.0147298 0.0569172 1.10843
560 0.0154625 0.0551257 1.11253
561 0.0162395 0.0533919 1.11031
562 0.0170584 0.0517276 1.1017
563 0.017898 0.0501254 1.08819
564 0.00708342 0.0720718 0.973896
565 0.0187491 0.0485594 1.07101
566 0.00709727 0.070354 1.0279
567 0.0195586 0.0470843 1.05228
568 0.00717879 0.0686374 1.07955
569 0.0203173 0.0456596 1.03356
570 0.0072722 0.066948 1.12913
571 0.0210143 0.0442588 1.016
572 0.00724863 0.0652915 1.1795
573 0.0216685 0.0428793 0.998547
574 0.00714797 0.0636005 1.23174
575 0.0222606 0.0415211 0.982293
576 0.00715454 0.0619389 1.27906
577 0.0227973 0.0401732 0.96696
578 0.00718868 0.0603059 1.32322
579 0.0232661 0.0388317 0.953226
580 0.00716724 0.0586805 1.36683
581 0.0236691 0.0375018 0.940863
582 0.0071675 0.0570276 1.40853
583 0.0240628 0.0362536 0.926257
584 0.00716776 0.0553747 1.4479
585 0.024573 0.0350608 0.902781
586 0.00716802 0.0537217 1.48472
587 0.0244659 0.0337743 0.912193
588 0.00716828 0.0520688 1.51878
589 0.0248777 0.0325262 0.890309
590 0.00716853 0.0504158 1.54987
591 0.0246511 0.0311905 0.901341
592 0.00716879 0.0487629 1.57781
593 0.00681457 0.00925156 1.04444
594 0.00716905 0.0471099 1.60239
595 0.006864 0.0107411 1.10187
596 0.00716931 0.045457 1.62343
597 0.0245081 0.0277057 0.892146
598 0.00716957 0.0438041 1.64077
599 0.0242424 0.0262495 0.8936
600 0.00716983 0.0421511 1.65422
601 0.0239339 0.024953 0.895569
602 0.00717008 0.0404982 1.66365
603 0.0238293 0.0236469 0.884211
604 0.00717034 0.0388452 1.6689
605 0.0230959 0.0225123 0.903818
606 0.0071706 0.0371923 1.66986
607 0.0226309 0.0208734 0.898562
608 0.00717086 0.0355394 1.6664
609 0.00717112 0.0338864 1.65844
610 0.0216097 0.0194397 0.917333
611 0.00717138 0.0322335 1.64589
612 0.0207068 0.0180985 0.927424
613 0.00717164 0.0305805 1.62871
614 0.019584 0.0168475 0.943628
615 0.00717189 0.0289276 1.60687
616 0.00717215 0.0272747 1.5804
617 0.0183004 0.015398 0.954859
618 0.00717241 0.0256217 1.54935
619 0.00717267 0.0239688 1.51382
620 0.0167927 0.0144119 0.980201
621 0.00717293 0.0223158 1.47399
622 0.0158423 0.0134167 0.980992
623 0.00717319 0.0206629 1.43007
624 0.0145427 0.0130467 1.00962
625 0.00717344 0.0190099 1.38233
626 0.0133358 0.0123396 1.02075
627 0.0071737 0.017357 1.33107
628 0.0121088 0.0116638 1.02959
629 0.00720029 0.0156944 1.27587
630 0.0107737 0.0109983 1.03741
631 0.00716343 0.0140448 1.21933
632 0.00940359 0.0104474 1.04602
633 0.00700788 0.0123819 1.16155
634 0.00805283 0.00981547 1.0469
635 0.00987772 0.0706749 0.943613
636 0.0100257 0.0690562 0.986848
637 0.0102996 0.0674526 1.02431
638 0.0108333 0.0660913 1.04413
639 0.0114718 0.0648471 1.05396
640 0.0112226 0.0632941 1.10679
641 0.0117007 0.0613116 1.14044
642 0.0120553 0.0591958 1.1805
643 0.012892 0.0572988 1.18959
644 0.0136434 0.0554425 1.19833
645 0.0144194 0.0536118 1.20161
646 0.0152387 0.0518754 1.1973
647 0.0161328 0.0502283 1.18388
648 0.0170016 0.0486424 1.16765
649 0.0178654 0.0471276 1.14763
650 0.00854403 0.0696235 1.01424
651 0.0186473 0.0457127 1.12798
652 0.00869719 0.0678799 1.0626
653 0.0193739 0.0443233 1.10884
654 0.00896474 0.0661075 1.10728
655 0.0200329 0.0429534 1.09106
656 0.00855996 0.0643331 1.17096
657 0.0206274 0.0416142 1.07439
658 0.00850666 0.0626936 1.21934
659 0.0211746 0.0403018 1.05795
660 0.00864398 0.0610976 1.2593
661 0.0216565 0.0389947 1.04303
662 0.00868699 0.0594663 1.30159
663 0.0220816 0.0376548 1.02932
664 0.0086588 0.0578057 1.34519
665 0.0224643 0.0362613 1.01588
666 0.00861386 0.0561301 1.38761
667 0.0229016 0.0346861 0.997344
668 0.00857986 0.0544751 1.42688
669 0.00858346 0.0528398 1.462
670 0.0231908 0.0324251 0.983052
671 0.00860917 0.0512079 1.49368
672 0.00860489 0.0495896 1.52319
673 0.00860515 0.0479366 1.55004
674 0.0230796 0.0304045 0.983717
675 0.00860541 0.0462837 1.57351
676 0.0230503 0.0285938 0.975189
677 0.00860567 0.0446308 1.59341
678 0.0231472 0.0271493 0.958372
679 0.00860593 0.0429778 1.60954
680 0.022562 0.0258836 0.975504
681 0.00860619 0.0413249 1.62173
682 0.0222385 0.0241546 0.969878
683 0.00860645 0.0396719 1.62983
684 0.0086067 0.038019 1.63369
685 0.0214359 0.022399 0.980893
686 0.00860696 0.0363661 1.63319
687 0.0208132 0.0209452 0.982922
688 0.00860722 0.0347131 1.62821
689 0.00860748 0.0330602 1.61868
690 0.0199463 0.0196217 0.993701
691 0.00860774 0.0314072 1.60452
692 0.0189526 0.0184409 1.00822
693 0.008608 0.0297543 1.58569
694 0.0178034 0.0172186 1.02272
695 0.00860825 0.0281013 1.5622
696 0.00860851 0.0264484 1.53409
697 0.0164753 0.016075 1.04002
698 0.00860877 0.0247955 1.50145
699 0.00860903 0.0231425 1.46442
700 0.0150026 0.0147999 1.05166
701 0.00860929 0.0214896 1.42319
702 0.00860955 0.0198366 1.37803
703 0.0133519 0.0140449 1.07763
704 0.00860981 0.0181837 1.32921
705 0.0120494 0.0133186 1.08897
706 0.00867276 0.016509 1.27509
707 0.0109544 0.0124323 1.08508
708 0.00868928 0.0148392 1.21905
709 0.00960033 0.0121344 1.10463
710 0.00852114 0.0131585 1.16348
711 0.00839537 0.0712306 0.968957
712 0.0100853 0.0646843 1.11063
713 0.0100216 0.0619669 1.18867
714 0.0102593 0.0602697 1.22557
715 0.0113897 0.0575743 1.24918
716 0.0117235 0.0557387 1.27986
717 0.0126592 0.0539717 1.27853
718 0.013279 0.0519759 1.29316
719 0.0143618 0.0503187 1.27384
720 0.0152056 0.0486967 1.26215
721 0.0161021 0.0471764 1.24246
722 0.0169542 0.0457303 1.22088
723 0.0177374 0.0443674 1.19908
724 0.0184238 0.0430083 1.18015
725 0.0189989 0.0416724 1.16479
726 0.0195326 0.0403934 1.14888
727 0.0200718 0.0391449 1.13026
728 0.0205099 0.0378455 1.11553
729 0.0101711 0.0586147 1.27186
730 0.0208716 0.0365133 1.10281
731 0.0101041 0.0568368 1.31867
732 0.0211566 0.0349997 1.09232
733 0.0100087 0.0552 1.36106
734 0.0213493 0.0332636 1.08344
735 0.00995281 0.053558 1.3998
736 0.0100448 0.051974 1.42952
737 0.0214354 0.0313409 1.07488
738 0.0100908 0.050363 1.45898
739 0.0100895 0.0487411 1.48755
740 0.0100888 0.0471022 1.51326
741 0.0214882 0.0293777 1.06201
742 0.0100855 0.0454559 1.53578
743 0.0215292 0.0274184 1.04397
744 0.0100649 0.0438111 1.55531
745 0.0100423 0.0421516 1.57117
746 0.0209268 0.0255554 1.05253
747 0.0100425 0.0404986 1.58219
748 0.0203407 0.0238567 1.056
749 0.0100428 0.0388457 1.58908
750 0.0100431 0.0371927 1.59164
751 0.0197052 0.0222838 1.05795
752 0.0100433 0.0355398 1.58978
753 0.0193198 0.0209491 1.04852
754 0.0100436 0.0338869 1.58339
755 0.0100438 0.0322339 1.5724
756 0.0183381 0.020057 1.0708
757 0.0100441 0.030581 1.55674
758 0.0173362 0.018886 1.08306
759 0.0100444 0.028928 1.53638
760 0.0161273 0.0178185 1.10067
761 0.0100446 0.0272751 1.51137
762 0.0100449 0.0256222 1.48179
763 0.0147738 0.0167157 1.11645
764 0.0100451 0.0239692 1.44774
765 0.0100454 0.0223163 1.4094
766 0.0133113 0.015738 1.13283
767 0.0100456 0.0206633 1.36702
768 0.0100459 0.0190104 1.3209
769 0.0118031 0.0148573 1.14706
770 0.0101294 0.0173483 1.26903
771 0.0102743 0.0138547 1.15116
772 0.00966248 0.0633597 1.16262
773 0.0102047 0.0156456 1.21297
774 0.0111034 0.0542467 1.33965
775 0.0114931 0.0526842 1.3578
776 0.0128263 0.0503546 1.34623
777 0.0133074 0.0487109 1.35495
778 0.0143813 0.0471183 1.33068
779 0.0152115 0.0456887 1.31216
780 0.0161032 0.0443397 1.28608
781 0.0168608 0.0430584 1.26339
782 0.0174277 0.0417188 1.24909
783 0.0178814 0.0404209 1.23803
784 0.0184331 0.0391861 1.219
785 0.0191276 0.0380784 1.18923
786 0.0192318 0.0367758 1.19043
787 0.0197233 0.0355411 1.16812
788 0.0195495 0.0340714 1.17916
789 0.0196339 0.032152 1.17166
790 0.0115564 0.0511764 1.38599
791 0.0198233 0.0303374 1.15332
792 0.0116101 0.0495093 1.41517
793 0.0115803 0.047934 1.44341
794 0.0115617 0.0462583 1.46954
795 0.0199352 0.0285233 1.13393
796 0.0115879 0.044656 1.48959
797 0.0196822 0.0268403 1.12867
798 0.011489 0.0429694 1.51173
799 0.0115116 0.0412924 1.52506
800 0.019198 0.0251588 1.12901
801 0.0115252 0.0396641 1.53439
802 0.0185821 0.0234986 1.12982
803 0.0114955 0.0380236 1.5412
804 0.0114865 0.0363729 1.5429
805 0.0178564 0.0217749 1.12806
806 0.0115206 0.0347324 1.53868
807 0.0115298 0.0330738 1.53073
808 0.0115298 0.0314182 1.51843
809 0.0114972 0.0297631 1.50249
810 0.0158082 0.0195575 1.15738
811 0.0114972 0.0280861 1.48041
812 0.0145226 0.0184743 1.17431
813 0.0115234 0.0264377 1.45328
814 0.0114889 0.0248117 1.42403
815 0.0131538 0.0174702 1.18982
816 0.0114346 0.0231684 1.39063
817 0.0114515 0.0215317 1.35119
818 0.0116946 0.0165438 1.20387
819 0.0115016 0.0198805 1.30668
820 0.0115824 0.0182279 1.25776
821 0.0170016 0.0204035 1.13226
822 0.012835 0.0471155 1.40261
823 0.0132992 0.0455358 1.40578
824 0.0144996 0.0442092 1.36739
825 0.0153069 0.0429299 1.34374
826 0.0160699 0.0418862 1.31711
827 0.0162517 0.040505 1.3212
828 0.0167018 0.0391328 1.30905
829 0.0175778 0.0374858 1.274
830 0.0180012 0.0353349 1.25853
831 0.0179054 0.0331495 1.26158
832 0.0178864 0.0309577 1.25297
833 0.0185491 0.029378 1.20897
834 0.0182934 0.0279528 1.20728
835 0.0129198 0.0437941 1.44439
836 0.0180358 0.0264108 1.2
837 0.0128919 0.0420776 1.46318
838 0.0130694 0.0404447 1.46867
839 0.0175436 0.0248137 1.19772
840 0.0129791 0.0388565 1.48113
841 0.016938 0.0231804 1.19412
842 0.0129069 0.037202 1.48868
843 0.012981 0.0356081 1.48618
844 0.0130614 0.0339513 1.47906
845 0.0130723 0.0322634 1.46979
846 0.0130078 0.030593 1.45859
847 0.0128733 0.0289142 1.44486
848 0.0144265 0.0202355 1.22376
849 0.0130001 0.027225 1.41677
850 0.0130211 0.0191754 1.24217
851 0.0130466 0.0256121 1.3884
852 0.0128299 0.0239884 1.36429
853 0.0127923 0.0224048 1.33083
854 0.0129156 0.0208078 1.28836
855 0.0158902 0.0214648 1.19998
856 0.0140288 0.0428529 1.40507
857 0.0145833 0.0413145 1.39496
858 0.0147652 0.039483 1.40031
859 0.0156674 0.0378573 1.36614
860 0.0161175 0.0360504 1.34977
861 0.0162497 0.0341491 1.34317
862 0.00319413 0.081438 0.713495
863 0.0170825 0.0291733 1.27581
864 0.0166555 0.0274135 1.27479
865 0.0165608 0.026006 1.2587
866 0.0158848 0.0247763 1.26663
867 0.01418 0.0380106 1.43306
868 0.0144375 0.0365542 1.42549
869 0.0145793 0.0349132 1.41932
870 0.0146423 0.0331426 1.41154
871 0.0146082 0.0313848 1.40258
872 0.0143822 0.02967 1.39633
873 0.0141116 0.0281203 1.38831
874 0.0142737 0.0218332 1.26745
875 0.0148589 0.0265024 1.33667
876 0.0143675 0.0245916 1.32198
877 0.0139702 0.0232148 1.30854
878 0.0160094 0.030258 1.33381
879 0.0155144 0.0283253 1.33486
