1 1.53081e-18 -0.025 8.84994
2 1.02054e-18 0.0133333 4.92158
3 1.53081e-18 0.025 5.67048
4 1.02054e-18 0.0466667 8.92536
5 0.0146855 0.0378813 9.15457
6 0.0239236 -0.00725686 9.17071
7 0.0138888 0.020787 8.27485
8 0 0.0101389 4.83795
9 0 0.00694444 4.79625
10 0 0.00375 4.82047
11 0 0.000555556 4.91798
12 0 -0.00263889 5.09064
13 0 -0.00583333 5.34363
14 0 -0.00902778 5.68153
15 0 -0.0122222 6.1081
16 0 -0.0154167 6.62582
17 0 -0.0186111 7.2423
18 0 -0.0218056 7.97872
19 0.0246528 -0.00415225 9.1878
20 0.0249807 -0.000981357 9.19577
21 0.0249024 0.00220659 9.19334
22 0.0244192 0.00535756 9.18129
23 0.0235385 0.00842262 9.15919
24 0.0222747 0.0113506 9.1281
25 0.0206492 0.0140929 9.08753
26 0.0186873 0.0166068 9.045
27 0.0164221 0.0188498 8.65163
28 0.0118164 0.0182463 7.05174
29 0.00928725 0.0161608 6.17039
30 0.00639886 0.0146106 5.5408
31 0.00326285 0.0136558 5.14064
32 0.00318259 -0.0247966 8.88699
33 0.00631216 -0.02419 8.90392
34 0.00934012 -0.0231897 8.92885
35 0.0122151 -0.0218126 8.95998
36 0.0148926 -0.0200801 8.99666
37 0.0173277 -0.0180209 9.03609
38 0.01948 -0.0156693 9.07562
39 0.0213162 -0.0130621 9.1125
40 0.0228051 -0.0102434 9.14493
41 0 0.0220833 5.42714
42 0 0.0191667 5.19468
43 0 0.01625 5.03794
44 0.0113493 0.0222754 7.24318
45 0.00865256 0.0234549 6.56569
46 0.00583599 0.0243093 6.11452
47 0.00293847 0.0248267 5.83374
48 0.0130403 0.0403792 9.11355
49 0.0109751 0.0425429 9.06959
50 0.00855639 0.0443027 9.02591
51 0.00586211 0.0456017 8.99059
52 0.00297903 0.0463983 8.96614
53 0.0153119 0.0234179 9.14485
54 0.0162418 0.0262608 9.19768
55 0.0166486 0.0292241 9.20164
56 0.0165192 0.0322124 9.20309
57 0.0158577 0.0351294 9.18729
58 0 0.0435714 8.22687
59 0 0.0404762 7.63549
60 0 0.037381 7.13242
61 0 0.0342857 6.69058
62 0 0.0311905 6.3004
63 0 0.0280952 5.96679
64 0.0110404 0.00334853 5.94493
65 0.0136068 0.00242029 6.41701
66 0.0126924 0.00551959 6.28677
67 0.0129927 -0.00545146 6.55883
68 0.00360648 -0.0209207 7.91701
69 0.00695591 -0.0210688 8.18631
70 0.00943687 -0.0199015 8.16621
71 0.0118691 -0.0184784 8.17815
72 0.0142359 -0.0168897 8.24272
73 0.00309631 -0.0171189 7.07946
74 0.0163339 -0.0149015 8.28149
75 0.00276647 -0.0138194 6.47189
76 0.018019 -0.0126986 8.29492
77 0.00276647 -0.010625 6.00024
78 0.0196179 -0.0103693 8.36133
79 0.00276647 -0.00743056 5.6205
80 0.0207869 -0.00771893 8.38073
81 0.00276647 -0.00423611 5.32887
82 0.0215476 -0.00509053 8.38719
83 0.00276647 -0.00104167 5.12092
84 0.0219738 -0.00224692 8.38152
85 0.00276647 0.00215278 4.99155
86 0.0220721 0.000501537 8.37712
87 0.00292648 0.00547677 4.94976
88 0.0218694 0.00339392 8.38013
89 0.00291661 0.00866591 4.96853
90 0.021191 0.00610994 8.33493
91 0.00236504 0.011315 4.99144
92 0.0202409 0.00874984 8.29489
93 0.0187441 0.0111983 8.16876
94 0.00559878 0.0111246 5.27087
95 0.0171455 0.0137804 8.08866
96 0.00897556 0.0129258 5.88516
97 0.014806 0.0167929 7.8161
98 0.0118814 0.014885 6.70828
99 0.00628074 -0.0184651 7.55386
100 0.00896541 -0.0168323 7.48722
101 0.0114251 -0.0153424 7.52833
102 0.0136866 -0.0142074 7.69368
103 0.0058566 -0.0153154 6.91671
104 0.0149058 -0.0120919 7.5917
105 0.00564391 -0.0121472 6.39121
106 0.0165124 -0.0100914 7.65318
107 0.00550873 -0.00902778 5.972
108 0.0181811 -0.00810028 7.80685
109 0.00550873 -0.00583333 5.64438
110 0.0183939 -0.0055941 7.65487
111 0.00550873 -0.00263889 5.40395
112 0.0194618 -0.0033181 7.78862
113 0.00550873 0.000555556 5.24761
114 0.0191078 -0.000768891 7.6318
115 0.00580428 0.00397271 5.19704
116 0.0196319 0.00174668 7.7651
117 0.00587698 0.0073855 5.21365
118 0.0188433 0.00412781 7.63039
119 0.0181068 0.00655136 7.57432
120 0.0172865 0.00874902 7.53781
121 0.0153509 0.0105741 7.20771
122 0.00890544 0.00952158 5.70308
123 0.0143641 0.0134791 7.25277
124 0.0119091 0.0115931 6.43937
125 0.00861604 -0.0135741 6.88491
126 0.01153 -0.0119047 7.00738
127 0.00837379 -0.0104351 6.41336
128 0.0156686 -0.00678414 7.16315
129 0.00801976 -0.0073337 6.0271
130 0.00798955 -0.00419001 5.75811
131 0.0162726 -0.00283977 7.0406
132 0.00825098 -0.00104167 5.6116
133 0.00841017 0.00224256 5.53815
134 0.0164135 0.00149843 6.99598
135 0.00917506 0.00576627 5.64132
136 0.0151663 0.00734583 6.91906
137 0.0136887 -0.009092 7.01009
138 0.015698 0.00453128 6.9031
139 0.0120548 0.00842662 6.26732
140 0.0108943 -0.0084264 6.49956
141 0.0107677 -0.00283432 6.04486
142 0.0101399 -0.00564825 6.14425
143 0.0136685 -0.00119534 6.46956
144 0.0110425 0.000499022 5.96705
145 0.0062076 0.0212891 5.93831
146 0.00302393 0.0218744 5.60139
147 0.00374322 0.0194035 5.50108
148 0.00146488 0.0234441 5.62545
149 0.00627326 0.0179875 5.72032
150 0.00878518 0.0199331 6.33205
151 0.00319948 0.0168615 5.28938
152 0.00532595 0.0320444 6.78976
153 0.00824661 0.0318662 7.19707
154 0.00725379 0.034622 7.34625
155 0.00906071 0.0289652 7.08855
156 0.0103614 0.0398691 8.54813
157 0.0114483 0.0375723 8.43081
158 0.0131195 0.0356524 8.58045
159 0.00817627 0.0411122 8.40522
160 0.0133342 0.0331646 8.4217
161 0.0062912 0.042743 8.47105
162 0.0139389 0.0305163 8.43964
163 0.00335542 0.0427437 8.2249
164 0.0142767 0.0278369 8.48244
165 0.0130877 0.0246827 8.04524
166 0.00277385 0.0390285 7.53324
167 0.00247757 0.0359249 7.04117
168 0.00749195 0.0264753 6.56688
169 0.00249036 0.0328847 6.63379
170 0.0048272 0.0270632 6.22354
171 0.0027773 0.0296645 6.27657
172 0.00217157 0.0270308 5.97591
173 0.0102281 0.0256937 7.12143
174 0.00823556 0.0377779 7.89698
175 0.0102919 0.0346249 7.86319
176 0.00552202 0.0399959 7.90677
177 0.0117312 0.0282441 7.71221
178 0.00527455 0.037162 7.44491
179 0.00461235 0.0345137 7.01857
180 0.00622458 0.0294585 6.62941
181 0.0110549 0.0313097 7.73144
