1 99 76 95
2 107 95 96
3 91 69 89
4 54 92 99
5 105 93 91
6 103 89 102
7 100 86 85
8 77 27 2
9 67 12 13
10 100 102 88
11 107 97 106
12 54 104 92
13 54 106 105
14 101 87 90
15 106 94 93
16 66 34 35
17 106 93 105
18 102 89 88
19 67 69 12
20 64 33 34
21 69 11 12
22 101 90 104
23 108 98 87
24 103 105 91
25 88 67 65
26 56 104 54
27 55 99 95
28 72 17 18
29 77 2 8
30 100 85 98
31 108 87 101
32 75 8 9
33 108 102 100
34 56 54 105
35 56 105 103
36 84 63 59
37 83 24 7
38 101 103 102
39 75 77 8
40 108 100 98
41 108 101 102
42 55 54 99
43 55 95 107
44 55 107 106
45 28 16 1
46 59 16 28
47 83 7 25
48 80 26 27
49 95 76 78
50 72 70 17
51 55 106 54
52 56 103 101
53 59 15 16
54 56 101 104
55 93 73 71
56 104 90 92
57 59 63 15
58 58 29 30
59 79 21 22
60 70 6 17
61 92 70 72
62 83 82 81
63 61 31 32
64 63 14 15
65 57 75 94
66 57 94 80
67 60 30 31
68 61 32 62
69 65 13 14
70 65 14 63
71 62 32 33
72 61 60 31
73 83 23 24
74 83 81 23
75 78 20 21
76 82 25 26
77 58 30 60
78 84 59 58
79 81 22 23
80 94 75 73
81 73 9 10
82 73 75 9
83 71 10 11
84 71 73 10
85 68 35 6
86 69 71 11
87 67 13 65
88 92 90 70
89 99 74 76
90 57 77 75
91 79 78 21
92 79 22 81
93 86 65 63
94 68 6 70
95 96 81 82
96 74 18 19
97 68 66 35
98 93 94 73
99 82 83 25
100 82 26 80
101 103 91 89
102 80 27 57
103 86 63 84
104 84 58 60
105 74 72 18
106 76 19 20
107 91 71 69
108 99 92 74
109 76 20 78
110 76 74 19
111 59 28 29
112 59 29 58
113 64 62 33
114 64 34 66
115 85 60 61
116 85 61 62
117 77 57 27
118 87 64 66
119 98 62 64
120 89 69 67
121 90 68 70
122 98 64 87
123 96 79 81
124 92 72 74
125 87 66 68
126 87 68 90
127 89 67 88
128 98 85 62
129 84 60 85
130 86 88 65
131 100 88 86
132 86 84 85
133 96 82 97
134 97 82 80
135 97 80 94
136 91 93 71
137 106 97 94
138 95 78 79
139 95 79 96
140 107 96 97
141 36 109 3
142 109 36 111
143 109 110 39
144 111 36 37
145 27 37 2
146 40 3 109
147 111 37 27
148 111 27 26
149 38 25 7
150 110 25 38
151 110 38 39
152 111 26 110
153 109 39 40
154 110 26 25
155 109 111 110
156 124 121 50
157 126 128 40
158 129 38 123
159 122 123 46
160 126 127 128
161 118 120 48
162 129 126 39
163 114 122 120
164 114 120 113
165 115 127 126
166 115 126 114
167 115 125 127
168 124 119 121
169 120 47 48
170 113 118 116
171 123 122 129
172 113 116 112
173 114 129 122
174 123 45 46
175 122 47 120
176 115 112 125
177 125 51 52
178 112 117 119
179 112 119 124
180 125 52 127
181 112 116 117
182 113 120 118
183 45 123 7
184 38 7 123
185 112 124 125
186 114 126 129
187 128 53 3
188 118 48 5
189 128 3 40
190 115 113 112
191 124 50 51
192 118 5 116
193 127 52 53
194 121 49 50
195 121 44 49
196 4 49 44
197 115 114 113
198 122 46 47
199 129 39 38
200 121 43 44
201 117 41 42
202 124 51 125
203 119 42 43
204 119 117 42
205 119 43 121
206 116 5 41
207 116 41 117
208 127 53 128
209 126 40 39
