1 721 720 693
2 724 697 696
3 718 692 691
4 741 719 689
5 725 699 697
6 726 698 702
7 742 738 739
8 735 708 707
9 728 729 701
10 226 9 10
11 726 723 698
12 724 725 697
13 719 688 689
14 719 718 688
15 719 694 692
16 252 60 61
17 721 695 723
18 743 721 723
19 230 233 74
20 731 733 705
21 733 707 705
22 228 8 9
23 727 700 699
24 727 699 725
25 740 713 714
26 717 685 708
27 733 735 707
28 734 709 736
29 719 692 718
30 722 694 719
31 717 715 685
32 717 708 735
33 744 727 725
34 726 702 730
35 736 709 710
36 751 735 733
37 734 732 706
38 744 725 743
39 749 744 747
40 749 728 727
41 756 646 715
42 178 33 34
43 178 180 33
44 752 714 716
45 221 44 45
46 752 716 715
47 752 740 714
48 241 69 70
49 744 726 730
50 741 690 720
51 748 754 164
52 737 164 754
53 737 711 738
54 216 14 15
55 214 15 16
56 751 733 748
57 164 737 738
58 742 717 735
59 749 727 744
60 201 97 98
61 280 189 191
62 745 729 728
63 731 703 729
64 751 742 735
65 747 744 730
66 196 24 25
67 734 754 750
68 754 748 746
69 747 730 732
70 741 720 722
71 741 722 719
72 241 243 69
73 742 740 717
74 180 32 33
75 742 739 740
76 261 170 171
77 743 725 724
78 743 724 721
79 744 723 726
80 233 73 74
81 185 89 90
82 201 199 97
83 744 743 723
84 750 732 734
85 754 734 736
86 746 731 729
87 254 36 37
88 254 37 169
89 198 23 24
90 746 729 745
91 750 747 732
92 182 31 32
93 63 253 7
94 195 94 95
95 748 733 731
96 748 731 746
97 223 45 46
98 223 221 45
99 169 75 76
100 749 745 728
101 749 747 745
102 168 79 80
103 750 746 745
104 173 83 84
105 750 745 747
106 210 17 18
107 252 250 60
108 253 63 64
109 175 84 85
110 171 81 82
111 216 218 14
112 284 193 195
113 218 13 14
114 245 67 68
115 167 76 77
116 169 37 75
117 246 57 58
118 234 51 52
119 746 750 754
120 197 95 96
121 164 738 742
122 755 493 553
123 234 232 51
124 755 553 558
125 174 35 36
126 175 173 84
127 752 715 717
128 225 46 47
129 197 96 199
130 752 717 740
131 163 397 472
132 215 41 42
133 253 64 251
134 161 472 552
135 164 742 751
136 198 24 196
137 236 52 53
138 245 247 67
139 164 751 748
140 191 92 93
141 208 18 19
142 208 210 18
143 753 716 683
144 260 168 170
145 229 48 49
146 229 49 231
147 753 650 716
148 62 7 253
149 192 26 27
150 192 194 26
151 232 50 51
152 242 55 56
153 182 184 31
154 179 86 87
155 754 736 737
156 683 644 753
157 647 753 644
158 161 404 163
159 161 163 472
160 228 230 8
161 217 215 42
162 219 43 44
163 758 600 756
164 758 756 650
165 1 75 37
166 757 397 163
167 757 163 323
168 219 44 221
169 162 255 253
170 189 91 92
171 177 85 86
172 188 28 29
173 162 252 255
174 756 715 650
175 242 56 244
176 243 68 69
177 194 25 26
178 187 90 91
179 231 49 50
180 235 72 73
181 716 650 715
182 183 88 89
183 207 6 38
184 213 40 41
185 235 237 72
186 220 12 13
187 244 56 57
188 250 59 60
189 213 211 40
190 209 38 39
191 207 205 6
192 200 22 23
193 239 70 71
194 222 11 12
195 202 21 22
196 187 91 189
197 176 34 35
198 181 87 88
199 205 99 6
200 203 98 99
201 188 29 186
202 186 29 30
203 190 27 28
204 263 172 173
205 206 19 20
206 204 20 21
207 240 55 242
208 228 233 230
209 204 21 202
210 191 189 92
211 186 30 184
212 172 82 83
213 240 54 55
214 238 53 54
215 226 10 224
216 224 10 11
217 172 83 173
218 172 171 82
219 183 181 88
220 181 179 87
221 236 53 238
222 237 71 72
223 230 74 2
224 230 2 8
225 330 242 244
226 220 13 218
227 194 196 25
228 270 179 181
229 217 42 43
230 212 16 17
231 207 38 209
232 204 206 20
233 199 96 97
234 200 23 198
235 211 39 40
236 212 214 16
237 247 66 67
238 248 58 59
239 225 47 227
240 227 47 48
241 170 80 81
242 165 77 78
243 239 241 70
244 324 236 238
245 232 231 50
246 212 17 210
247 166 78 79
248 166 165 78
249 177 86 179
250 184 30 31
251 280 278 189
252 203 99 205
253 176 35 174
254 269 180 178
255 166 79 168
256 262 171 172
257 284 195 286
258 193 93 94
259 301 212 210
260 227 48 229
261 211 209 39
262 310 219 221
263 200 202 22
264 197 195 95
265 285 196 194
266 185 90 187
267 216 15 214
268 313 224 222
269 208 19 206
270 217 43 219
271 182 32 180
272 275 186 184
273 224 11 222
274 313 315 224
275 246 244 57
276 248 59 250
277 275 277 186
278 175 85 177
279 307 218 216
280 213 41 215
281 234 52 236
282 319 229 231
283 170 168 80
284 170 81 171
285 255 61 62
286 251 64 65
287 167 77 165
288 167 169 76
289 324 238 326
290 249 65 66
291 308 217 219
292 285 287 196
293 249 66 247
294 251 65 249
295 319 231 320
296 320 231 232
297 358 276 278
298 272 181 183
299 300 209 211
300 294 203 205
301 239 71 237
302 329 243 241
303 273 184 182
304 269 271 180
305 235 73 233
306 323 237 235
307 329 241 327
308 307 309 218
309 201 98 203
310 287 198 196
311 282 191 193
312 290 199 201
313 226 228 9
314 323 325 237
315 322 234 236
316 225 223 46
317 176 178 34
318 256 165 166
319 188 190 28
320 292 201 203
321 292 290 201
322 285 194 283
323 317 233 228
324 317 228 226
325 262 261 171
326 363 283 281
327 220 222 12
328 315 226 224
329 265 176 174
330 272 270 181
331 302 211 213
332 358 278 360
333 240 238 54
334 245 68 243
335 192 27 190
336 271 182 180
337 321 232 234
338 330 244 332
339 193 191 93
340 193 94 195
341 185 183 89
342 264 173 175
343 298 207 209
344 298 296 207
345 296 205 207
346 757 323 235
347 320 232 321
348 389 309 307
349 336 248 250
350 246 58 248
351 338 250 252
352 337 251 249
353 297 208 206
354 318 227 229
355 297 206 295
356 295 206 204
357 293 204 202
358 314 223 225
359 316 225 227
360 309 220 218
361 279 190 188
362 281 192 190
363 332 244 246
364 335 249 247
365 321 234 322
366 334 246 248
367 260 170 261
368 257 167 165
369 255 62 253
370 333 247 245
371 264 263 173
372 292 203 294
373 335 337 249
374 339 253 251
375 259 265 174
376 259 169 167
377 303 214 212
378 312 221 223
379 299 210 208
380 312 310 221
381 267 178 176
382 267 176 265
383 311 222 220
384 318 316 227
385 259 167 257
386 256 257 165
387 300 298 209
388 308 219 310
389 276 185 187
390 274 183 185
391 279 281 190
392 277 188 186
393 329 331 243
394 327 241 239
395 254 174 36
396 259 257 265
397 283 194 192
398 283 192 281
399 278 187 189
400 278 276 187
401 370 288 290
402 296 294 205
403 314 225 316
404 306 215 217
405 339 251 337
406 255 252 61
407 336 250 338
408 326 238 240
409 266 175 177
410 268 177 179
411 162 338 252
412 417 338 339
413 286 195 197
414 288 197 199
415 274 185 276
416 272 183 274
417 328 240 242
418 331 245 243
419 314 312 223
420 392 310 312
421 317 226 315
422 757 235 233
423 324 322 236
424 328 326 240
425 291 202 200
426 289 200 198
427 291 200 289
428 293 202 291
429 325 239 237
430 311 313 222
431 258 166 168
432 262 172 263
433 303 305 214
434 305 216 214
435 271 273 182
436 258 168 260
437 311 220 309
438 397 317 315
439 287 289 198
440 372 290 292
441 372 370 290
442 371 291 289
443 405 324 326
444 403 322 324
445 374 292 294
446 304 213 215
447 299 301 210
448 371 373 291
449 327 239 325
450 397 315 395
451 389 307 387
452 757 233 317
453 256 166 258
454 269 178 267
455 334 332 246
456 333 245 331
457 303 212 301
458 394 312 314
459 277 279 188
460 268 179 270
461 403 402 322
462 412 333 331
463 350 268 270
464 363 365 283
465 302 213 304
466 376 294 296
467 305 307 216
468 404 325 323
469 491 415 417
470 333 335 247
471 406 327 325
472 391 311 309
473 330 328 242
474 405 403 324
475 288 199 290
476 288 286 197
477 350 270 352
478 343 260 261
479 365 285 283
480 357 277 275
481 417 339 337
482 334 248 336
483 275 184 273
484 345 262 263
485 359 279 277
486 282 193 284
487 392 390 310
488 306 217 308
489 266 264 175
490 266 177 268
491 302 300 211
492 295 204 293
493 398 316 318
494 407 326 328
495 359 277 357
496 344 261 262
497 417 337 416
498 409 328 330
499 297 299 208
500 373 293 291
501 413 332 334
502 383 303 301
503 162 339 338
504 162 253 339
505 402 321 322
506 319 318 229
507 259 174 254
508 259 254 169
509 395 315 313
510 387 307 305
511 400 319 320
512 306 304 215
513 416 337 335
514 415 334 336
515 344 262 345
516 355 275 273
517 375 295 293
518 406 408 327
519 383 385 303
520 399 318 319
521 457 380 382
522 459 382 384
523 346 263 264
524 340 267 265
525 373 375 293
526 390 308 310
527 340 349 267
528 343 342 260
529 372 292 374
530 282 280 191
531 369 289 287
532 423 346 347
533 343 261 344
534 340 265 257
535 384 302 304
536 384 382 302
537 356 274 276
538 368 286 288
539 352 270 272
540 361 281 279
541 341 256 258
542 340 257 256
543 473 396 398
544 367 287 285
545 381 301 299
546 392 312 394
547 381 383 301
548 388 306 308
549 367 285 365
550 347 264 266
551 399 319 400
552 401 320 321
553 346 345 263
554 361 279 359
555 401 400 320
556 385 305 303
557 414 335 333
558 387 305 385
559 388 308 390
560 377 297 295
561 360 278 280
562 354 272 274
563 408 329 327
564 478 402 403
565 355 273 353
566 346 264 347
567 342 258 260
568 351 271 269
569 401 321 402
570 410 331 329
571 410 329 408
572 393 313 311
573 376 374 294
574 364 282 284
575 364 284 366
576 350 348 268
577 349 269 267
578 424 347 348
579 348 266 268
580 348 347 266
581 484 410 408
582 406 325 404
583 355 357 275
584 351 269 349
585 393 395 313
586 393 311 391
587 354 352 272
588 356 354 274
589 409 330 411
590 411 330 332
591 412 414 333
592 491 489 415
593 358 356 276
594 361 363 281
595 485 409 411
596 389 391 309
597 377 295 375
598 396 314 316
599 471 394 396
600 460 385 383
601 435 358 360
602 431 354 356
603 422 345 346
604 422 346 423
605 396 394 314
606 396 316 398
607 362 280 282
608 366 284 286
609 527 462 460
610 473 471 396
611 386 304 306
612 382 300 302
613 470 395 393
614 470 393 468
615 421 344 345
616 428 353 351
617 407 405 326
618 407 328 409
619 379 299 297
620 380 298 300
621 378 296 298
622 451 374 376
623 412 331 410
624 538 475 476
625 362 282 364
626 440 365 363
627 413 411 332
628 413 334 415
629 419 342 343
630 421 345 422
631 462 387 385
632 161 480 404
633 376 296 378
634 368 288 370
635 380 378 298
636 380 300 382
637 341 258 342
638 341 340 256
639 433 356 358
640 435 360 437
641 468 393 391
642 462 385 460
643 379 297 377
644 386 384 304
645 418 341 342
646 418 349 340
647 369 371 289
648 442 367 365
649 479 403 405
650 478 477 402
651 485 483 409
652 416 335 414
653 465 388 390
654 379 381 299
655 362 360 280
656 442 365 440
657 469 392 394
658 437 360 362
659 487 411 413
660 490 416 414
661 353 273 271
662 353 271 351
663 368 366 286
664 452 377 375
665 467 390 392
666 477 401 402
667 458 383 381
668 491 417 416
669 418 340 341
670 434 359 357
671 424 348 425
672 419 418 342
673 435 433 358
674 386 306 388
675 163 404 323
676 534 470 468
677 481 405 407
678 489 413 415
679 449 372 374
680 455 378 380
681 439 362 364
682 439 437 362
683 434 436 359
684 425 348 350
685 511 443 445
686 439 364 441
687 399 398 318
688 481 407 483
689 458 460 383
690 456 381 379
691 369 287 367
692 453 376 378
693 453 451 376
694 469 394 471
695 450 375 373
696 463 386 388
697 417 336 338
698 417 415 336
699 448 373 371
700 461 384 386
701 450 373 448
702 465 463 388
703 449 374 451
704 515 448 446
705 511 441 443
706 514 445 447
707 430 355 353
708 438 363 361
709 516 449 451
710 445 368 370
711 430 353 428
712 431 356 433
713 466 391 389
714 468 391 466
715 486 412 410
716 483 407 409
717 446 371 369
718 446 448 371
719 517 450 448
720 444 369 367
721 429 352 354
722 427 350 352
723 486 488 412
724 587 530 529
725 438 361 436
726 492 418 419
727 441 364 366
728 443 366 368
729 480 406 404
730 546 486 484
731 492 426 418
732 426 351 349
733 488 414 412
734 546 484 545
735 432 357 355
736 432 355 430
737 481 479 405
738 487 413 489
739 429 354 431
740 436 361 359
741 420 343 344
742 434 357 432
743 452 375 450
744 454 379 377
745 488 490 414
746 758 650 601
747 161 552 480
748 757 317 397
749 420 344 421
750 493 421 422
751 515 517 448
752 455 380 457
753 459 457 382
754 454 377 452
755 535 471 473
756 482 408 406
757 487 485 411
758 544 483 485
759 491 416 490
760 549 489 491
761 438 440 363
762 429 427 352
763 493 422 494
764 492 428 426
765 539 476 477
766 536 473 474
767 549 491 490
768 544 481 483
769 573 517 515
770 463 461 386
771 472 397 395
772 472 395 470
773 482 484 408
774 482 406 480
775 464 389 387
776 464 387 462
777 543 482 480
778 474 398 399
779 493 420 421
780 553 493 494
781 464 466 389
782 552 472 470
783 459 384 461
784 454 456 379
785 469 467 392
786 535 473 536
787 455 453 378
788 519 451 453
789 494 422 423
790 581 523 526
791 426 349 418
792 426 428 351
793 478 403 479
794 486 410 484
795 425 350 427
796 514 511 445
797 447 370 372
798 447 445 370
799 476 400 401
800 476 401 477
801 550 490 488
802 550 549 490
803 568 512 510
804 508 440 438
805 549 487 489
806 547 485 487
807 548 488 486
808 532 468 466
809 502 431 433
810 500 429 431
811 458 381 456
812 465 390 467
813 573 515 571
814 519 453 521
815 444 367 442
816 444 446 369
817 545 484 482
818 542 479 481
819 424 423 347
820 498 427 429
821 443 368 445
822 443 441 366
823 556 497 498
824 501 432 430
825 537 474 475
826 537 536 474
827 507 438 436
828 507 508 438
829 523 455 457
830 542 481 544
831 564 506 509
832 447 372 449
833 475 399 400
834 475 400 476
835 528 461 463
836 513 446 444
837 500 431 502
838 562 504 506
839 519 516 451
840 520 454 452
841 474 399 475
842 474 473 398
843 503 434 432
844 505 436 434
845 537 475 538
846 526 459 461
847 499 430 428
848 420 419 343
849 563 507 505
850 497 425 427
851 513 444 512
852 495 423 424
853 528 526 461
854 522 456 454
855 532 534 468
856 522 524 456
857 533 469 471
858 533 471 535
859 533 467 469
860 539 477 540
861 566 510 508
862 506 437 439
863 506 435 437
864 559 502 504
865 531 465 467
866 531 528 465
867 510 442 440
868 510 440 508
869 540 477 478
870 541 478 479
871 509 439 441
872 574 516 519
873 522 454 520
874 546 548 486
875 530 466 464
876 592 536 537
877 524 458 456
878 529 464 462
879 593 537 538
880 642 594 595
881 547 487 549
882 547 544 485
883 525 460 458
884 525 527 460
885 541 479 542
886 597 542 544
887 593 592 537
888 528 463 465
889 574 519 577
890 518 452 450
891 523 457 459
892 523 459 526
893 516 447 449
894 576 520 518
895 521 453 455
896 521 455 523
897 525 458 524
898 583 527 525
899 529 462 527
900 529 530 464
901 576 518 575
902 531 467 533
903 543 545 482
904 552 470 534
905 504 433 435
906 500 498 429
907 509 441 511
908 509 506 439
909 550 488 548
910 601 548 546
911 599 544 547
912 602 547 549
913 602 549 550
914 540 478 541
915 512 444 442
916 512 442 510
917 507 436 505
918 559 504 562
919 497 496 425
920 496 424 425
921 600 546 545
922 532 466 530
923 518 450 517
924 518 520 452
925 503 432 501
926 495 424 496
927 495 494 423
928 503 505 434
929 499 501 430
930 558 501 499
931 579 521 523
932 578 522 520
933 513 515 446
934 581 526 584
935 587 529 585
936 598 545 543
937 561 505 503
938 561 563 505
939 575 518 517
940 567 509 511
941 556 555 497
942 554 495 496
943 603 550 548
944 584 526 528
945 567 511 569
946 564 562 506
947 539 538 476
948 604 543 480
949 504 502 433
950 504 435 506
951 560 503 501
952 559 500 502
953 592 535 536
954 583 525 582
955 588 532 530
956 596 541 542
957 492 499 428
958 551 419 420
959 551 492 419
960 551 420 493
961 573 575 517
962 514 447 516
963 591 533 535
964 585 529 527
965 497 427 498
966 557 498 500
967 602 599 547
968 596 540 541
969 570 513 512
970 560 501 558
971 566 508 565
972 619 569 572
973 600 545 598
974 595 539 540
975 565 508 507
976 565 507 563
977 591 589 533
978 586 528 531
979 580 524 522
980 580 582 524
981 589 531 533
982 586 584 528
983 580 522 578
984 582 525 524
985 605 598 543
986 591 535 592
987 569 511 514
988 657 614 617
989 560 561 503
990 551 499 492
991 559 557 500
992 566 568 510
993 590 534 532
994 588 530 587
995 588 590 532
996 594 538 539
997 613 565 563
998 554 496 555
999 641 592 593
1000 756 600 646
1001 577 519 521
1002 572 514 516
1003 570 571 513
1004 571 515 513
1005 755 499 551
1006 755 558 499
1007 555 496 497
1008 648 607 651
1009 635 587 585
1010 583 585 527
1011 572 569 514
1012 579 577 521
1013 604 480 552
1014 604 534 590
1015 570 512 568
1016 564 509 567
1017 556 498 557
1018 652 608 609
1019 628 580 578
1020 574 572 516
1021 640 591 592
1022 586 531 589
1023 603 548 601
1024 596 595 540
1025 597 544 599
1026 685 646 649
1027 631 581 584
1028 630 582 580
1029 576 578 520
1030 630 632 582
1031 579 523 581
1032 657 655 614
1033 597 596 542
1034 753 647 601
1035 663 621 620
1036 612 562 564
1037 643 595 596
1038 647 603 601
1039 632 583 582
1040 617 567 569
1041 602 550 603
1042 602 603 599
1043 672 632 630
1044 676 634 636
1045 648 651 611
1046 755 551 493
1047 627 577 579
1048 611 563 561
1049 553 494 554
1050 554 494 495
1051 620 571 570
1052 616 568 566
1053 758 601 546
1054 594 593 538
1055 594 539 595
1056 622 572 574
1057 649 598 605
1058 649 605 638
1059 610 559 562
1060 610 609 559
1061 625 576 575
1062 622 574 624
1063 628 578 626
1064 621 573 571
1065 627 624 577
1066 637 588 587
1067 611 613 563
1068 607 554 555
1069 677 637 635
1070 644 596 597
1071 606 560 558
1072 606 558 553
1073 639 589 591
1074 645 599 603
1075 604 552 534
1076 640 592 641
1077 616 566 615
1078 618 570 568
1079 609 557 559
1080 651 607 608
1081 608 555 556
1082 615 566 565
1083 634 584 586
1084 640 639 591
1085 651 613 611
1086 629 579 581
1087 693 660 662
1088 626 578 576
1089 614 564 567
1090 614 612 564
1091 608 607 555
1092 620 570 618
1093 623 575 573
1094 623 573 621
1095 605 543 604
1096 605 604 590
1097 638 590 588
1098 638 605 590
1099 615 565 613
1100 651 656 613
1101 606 553 554
1102 606 554 607
1103 616 618 568
1104 610 562 612
1105 623 625 575
1106 629 627 579
1107 622 619 572
1108 624 574 577
1109 642 595 643
1110 678 636 639
1111 646 600 598
1112 684 638 637
1113 620 621 571
1114 665 624 627
1115 666 625 623
1116 694 663 661
1117 636 586 589
1118 642 593 594
1119 626 576 625
1120 628 630 580
1121 648 561 560
1122 648 560 606
1123 666 667 625
1124 692 661 659
1125 617 569 619
1126 617 614 567
1127 642 641 593
1128 633 585 583
1129 678 639 679
1130 631 584 634
1131 645 603 647
1132 644 643 596
1133 608 556 557
1134 608 557 609
1135 645 597 599
1136 677 635 675
1137 662 619 622
1138 664 623 621
1139 633 635 585
1140 633 583 632
1141 645 647 644
1142 645 644 597
1143 637 587 635
1144 637 638 588
1145 656 615 613
1146 692 659 691
1147 692 694 661
1148 661 620 618
1149 679 639 640
1150 713 681 682
1151 753 601 650
1152 674 633 632
1153 636 589 639
1154 636 634 586
1155 674 632 672
1156 669 627 629
1157 667 626 625
1158 631 629 581
1159 710 678 679
1160 675 635 633
1161 680 640 641
1162 680 641 681
1163 664 621 663
1164 670 630 628
1165 676 636 678
1166 665 622 624
1167 659 618 616
1168 688 654 655
1169 686 658 656
1170 653 609 610
1171 662 622 665
1172 688 687 654
1173 671 629 631
1174 669 665 627
1175 683 643 644
1176 681 641 642
1177 670 628 668
1178 668 628 626
1179 652 609 653
1180 652 651 608
1181 673 631 634
1182 673 634 676
1183 670 672 630
1184 703 672 670
1185 671 631 673
1186 703 670 701
1187 666 623 664
1188 671 669 629
1189 682 642 643
1190 682 681 642
1191 667 668 626
1192 693 690 660
1193 680 679 640
1194 732 704 706
1195 675 633 674
1196 705 674 672
1197 711 679 680
1198 712 680 681
1199 720 690 693
1200 711 680 712
1201 687 653 654
1202 658 616 615
1203 704 671 673
1204 698 665 669
1205 654 610 612
1206 654 653 610
1207 655 612 614
1208 655 654 612
1209 710 709 678
1210 713 712 681
1211 696 664 663
1212 660 617 619
1213 683 682 643
1214 721 724 720
1215 684 649 638
1216 710 679 711
1217 661 618 659
1218 661 663 620
1219 658 659 616
1220 658 615 656
1221 660 657 617
1222 660 619 662
1223 718 687 688
1224 652 656 651
1225 696 663 694
1226 728 701 700
1227 698 695 665
1228 702 669 671
1229 648 611 561
1230 648 606 607
1231 684 677 685
1232 649 646 598
1233 702 698 669
1234 706 673 676
1235 709 676 678
1236 706 704 673
1237 708 677 675
1238 715 646 685
1239 700 668 667
1240 722 696 694
1241 758 546 600
1242 714 682 683
1243 714 713 682
1244 722 720 724
1245 703 705 672
1246 702 671 704
1247 708 685 677
1248 739 712 713
1249 716 714 683
1250 739 738 712
1251 691 659 658
1252 686 656 652
1253 707 675 674
1254 707 708 675
1255 697 666 664
1256 697 699 666
1257 701 670 668
1258 701 668 700
1259 739 713 740
1260 706 676 709
1261 686 652 653
1262 686 653 687
1263 689 655 657
1264 690 657 660
1265 699 667 666
1266 699 700 667
1267 689 688 655
1268 718 691 687
1269 695 662 665
1270 695 693 662
1271 691 658 686
1272 691 686 687
1273 697 664 696
1274 722 724 696
1275 741 689 690
1276 689 657 690
1277 707 674 705
1278 737 710 711
1279 728 700 727
1280 737 736 710
1281 684 685 649
1282 684 637 677
1283 721 693 695
1284 734 706 709
1285 738 711 712
1286 729 703 701
1287 732 730 704
1288 731 705 703
1289 730 702 704
1290 723 695 698
1291 815 796 795
1292 815 795 794
1293 821 806 804
1294 822 805 807
1295 787 810 100
1296 821 822 806
1297 812 811 823
1298 816 799 817
1299 814 794 792
1300 814 815 794
1301 812 814 792
1302 821 804 819
1303 823 816 817
1304 811 791 813
1305 818 817 801
1306 800 796 762
1307 760 815 814
1308 767 70 69
1309 760 814 759
1310 775 110 111
1311 811 813 816
1312 811 789 791
1313 809 798 813
1314 809 813 793
1315 107 2 74
1316 823 817 818
1317 775 111 776
1318 812 792 790
1319 765 767 69
1320 812 790 789
1321 815 762 796
1322 821 820 822
1323 776 111 112
1324 763 68 67
1325 811 812 789
1326 763 67 764
1327 789 763 764
1328 781 103 104
1329 761 820 821
1330 777 105 106
1331 774 109 110
1332 762 819 802
1333 768 65 64
1334 761 818 820
1335 761 823 818
1336 761 759 823
1337 761 821 819
1338 100 118 3
1339 786 116 117
1340 761 819 760
1341 781 104 779
1342 779 104 105
1343 769 71 70
1344 777 779 105
1345 764 67 66
1346 770 64 63
1347 761 760 759
1348 762 815 760
1349 766 66 65
1350 766 764 66
1351 785 101 102
1352 769 771 71
1353 773 107 74
1354 773 74 73
1355 799 776 778
1356 787 100 101
1357 773 73 772
1358 810 117 118
1359 762 760 819
1360 7 108 63
1361 774 110 775
1362 770 768 64
1363 782 114 115
1364 780 113 114
1365 770 63 108
1366 769 70 767
1367 778 112 113
1368 778 776 112
1369 787 808 810
1370 780 778 113
1371 766 65 768
1372 789 790 763
1373 793 768 770
1374 793 770 774
1375 788 106 107
1376 772 73 72
1377 771 72 71
1378 771 772 72
1379 785 787 101
1380 783 102 103
1381 770 108 109
1382 770 109 774
1383 786 784 116
1384 784 115 116
1385 765 69 68
1386 783 785 102
1387 784 782 115
1388 783 103 781
1389 780 114 782
1390 765 68 763
1391 796 772 771
1392 796 797 772
1393 804 783 781
1394 786 810 808
1395 803 780 782
1396 800 779 777
1397 805 803 782
1398 795 771 769
1399 808 787 785
1400 759 812 823
1401 807 784 786
1402 805 782 784
1403 816 798 799
1404 808 807 786
1405 801 778 780
1406 759 814 812
1407 801 780 803
1408 800 802 779
1409 788 107 773
1410 762 802 800
1411 794 769 767
1412 790 765 763
1413 791 764 766
1414 809 774 775
1415 806 785 783
1416 802 781 779
1417 806 808 785
1418 822 807 808
1419 801 799 778
1420 792 767 765
1421 805 784 807
1422 792 765 790
1423 806 783 804
1424 822 808 806
1425 794 795 769
1426 820 803 805
1427 820 805 822
1428 818 801 803
1429 798 775 776
1430 798 776 799
1431 809 793 774
1432 793 766 768
1433 802 804 781
1434 817 799 801
1435 818 803 820
1436 816 813 798
1437 794 767 792
1438 810 786 117
1439 796 771 795
1440 797 773 772
1441 797 800 777
1442 788 777 106
1443 791 789 764
1444 791 766 793
1445 797 777 788
1446 797 788 773
1447 819 804 802
1448 796 800 797
1449 816 823 811
1450 809 775 798
1451 813 791 793
1452 118 100 810
1453 1005 983 1006
1454 1000 973 971
1455 1000 1001 973
1456 1010 989 1012
1457 1003 977 826
1458 1014 1016 995
1459 999 981 1004
1460 945 902 943
1461 826 1009 1003
1462 870 115 114
1463 1007 985 1008
1464 997 965 995
1465 837 125 126
1466 996 994 964
1467 996 968 999
1468 1014 1005 1006
1469 844 139 140
1470 1014 1015 1005
1471 866 113 112
1472 996 999 1004
1473 1015 1004 1005
1474 1022 1007 1008
1475 857 149 150
1476 1014 995 994
1477 864 112 111
1478 844 140 842
1479 944 900 942
1480 1020 1002 1001
1481 1016 997 995
1482 1016 1017 997
1483 849 136 137
1484 848 849 137
1485 1013 992 990
1486 1013 1012 992
1487 1019 1001 1000
1488 862 111 110
1489 1020 1001 1019
1490 1024 1013 1025
1491 1022 1021 1007
1492 1017 998 997
1493 1023 1008 1010
1494 1023 1010 1024
1495 827 824 1025
1496 1015 994 996
1497 1015 996 1004
1498 1022 1008 1023
1499 1021 1006 1007
1500 1014 994 1015
1501 1026 1017 1016
1502 827 1020 1019
1503 827 1019 824
1504 869 156 157
1505 824 1024 1025
1506 872 116 115
1507 1018 998 1017
1508 1021 1016 1014
1509 835 124 125
1510 1021 1014 1006
1511 824 1023 1024
1512 1026 1016 1021
1513 845 129 130
1514 1026 1021 1022
1515 824 1027 1023
1516 836 143 144
1517 855 108 132
1518 132 108 7
1519 852 146 147
1520 131 4 145
1521 1027 1018 1017
1522 1027 1017 1026
1523 842 140 141
1524 1027 1022 1023
1525 1027 1026 1022
1526 864 866 112
1527 824 1019 1018
1528 824 1018 1027
1529 825 946 974
1530 846 138 139
1531 879 109 108
1532 864 111 862
1533 859 151 152
1534 831 122 123
1535 851 134 135
1536 865 154 155
1537 877 3 118
1538 825 974 938
1539 865 863 154
1540 826 1002 1020
1541 869 157 871
1542 872 115 870
1543 834 836 144
1544 832 5 119
1545 871 157 158
1546 874 116 872
1547 826 1020 1009
1548 827 1025 1011
1549 899 848 846
1550 853 133 134
1551 828 121 122
1552 867 155 156
1553 845 130 847
1554 830 119 120
1555 1002 826 977
1556 858 150 151
1557 874 117 116
1558 876 118 117
1559 867 156 869
1560 863 153 154
1561 843 128 129
1562 830 832 119
1563 854 147 148
1564 854 852 147
1565 843 129 845
1566 878 145 146
1567 839 126 127
1568 858 151 859
1569 868 114 113
1570 828 122 831
1571 861 152 153
1572 861 859 152
1573 873 158 159
1574 873 159 875
1575 834 144 5
1576 840 141 142
1577 838 142 143
1578 868 870 114
1579 846 139 844
1580 868 113 866
1581 944 943 901
1582 840 842 141
1583 877 160 3
1584 875 159 160
1585 953 915 913
1586 917 868 866
1587 833 123 124
1588 856 148 149
1589 856 149 857
1590 834 5 832
1591 877 118 876
1592 961 923 921
1593 874 876 117
1594 873 871 158
1595 877 876 875
1596 877 875 160
1597 962 923 961
1598 833 831 123
1599 855 132 133
1600 853 134 851
1601 861 153 863
1602 829 120 121
1603 993 960 962
1604 915 866 864
1605 835 125 837
1606 835 833 124
1607 850 135 136
1608 860 110 109
1609 858 857 150
1610 888 835 837
1611 915 864 913
1612 921 872 870
1613 829 830 120
1614 914 863 865
1615 860 862 110
1616 853 855 133
1617 828 829 121
1618 914 912 863
1619 879 108 855
1620 897 846 844
1621 838 143 836
1622 838 840 142
1623 924 875 876
1624 924 876 874
1625 878 847 145
1626 839 127 841
1627 850 136 849
1628 850 851 135
1629 909 858 859
1630 884 831 833
1631 880 828 831
1632 880 881 828
1633 883 832 830
1634 905 855 853
1635 905 853 903
1636 848 137 138
1637 883 885 832
1638 841 127 128
1639 882 830 829
1640 882 829 881
1641 888 886 835
1642 843 841 128
1643 914 865 916
1644 867 865 155
1645 847 131 145
1646 847 130 131
1647 903 853 851
1648 902 851 850
1649 854 148 856
1650 898 845 847
1651 907 856 857
1652 912 861 863
1653 920 869 871
1654 885 834 832
1655 848 138 846
1656 911 862 860
1657 839 837 126
1658 889 838 836
1659 898 896 845
1660 907 857 908
1661 887 889 836
1662 923 874 872
1663 890 837 839
1664 892 839 841
1665 904 852 854
1666 896 843 845
1667 909 908 858
1668 891 840 838
1669 908 857 858
1670 892 841 894
1671 901 850 849
1672 900 849 848
1673 879 860 109
1674 913 864 862
1675 891 838 889
1676 881 829 828
1677 917 866 915
1678 887 836 834
1679 920 871 922
1680 916 865 867
1681 910 859 861
1682 886 833 835
1683 899 900 848
1684 928 883 882
1685 910 909 859
1686 884 880 831
1687 910 861 912
1688 952 912 914
1689 924 873 875
1690 918 867 869
1691 948 908 909
1692 884 833 886
1693 902 850 901
1694 902 903 851
1695 887 834 885
1696 919 870 868
1697 878 146 852
1698 904 898 852
1699 931 887 885
1700 900 901 849
1701 895 844 842
1702 919 921 870
1703 919 868 917
1704 895 842 893
1705 925 881 880
1706 952 914 954
1707 935 891 889
1708 918 869 920
1709 923 872 921
1710 923 924 874
1711 893 842 840
1712 899 846 897
1713 893 840 891
1714 933 935 889
1715 953 955 915
1716 954 914 916
1717 933 889 887
1718 937 893 891
1719 904 896 898
1720 906 854 856
1721 962 924 923
1722 895 897 844
1723 902 901 943
1724 911 913 862
1725 894 841 843
1726 894 843 896
1727 890 888 837
1728 938 894 896
1729 940 897 895
1730 978 944 942
1731 898 847 878
1732 898 878 852
1733 955 917 915
1734 941 899 897
1735 922 871 873
1736 922 873 924
1737 948 947 908
1738 981 947 948
1739 940 895 939
1740 945 903 902
1741 906 856 907
1742 906 904 854
1743 918 916 867
1744 942 900 899
1745 985 952 954
1746 968 930 932
1747 927 882 881
1748 890 839 892
1749 879 855 905
1750 879 905 860
1751 911 860 905
1752 943 944 979
1753 949 909 910
1754 825 896 904
1755 949 910 950
1756 883 830 882
1757 938 892 894
1758 932 886 888
1759 957 919 917
1760 929 885 883
1761 981 980 947
1762 946 906 907
1763 957 917 955
1764 959 921 919
1765 929 931 885
1766 960 920 922
1767 958 918 920
1768 933 887 931
1769 958 920 960
1770 956 916 918
1771 980 946 947
1772 825 938 896
1773 947 907 908
1774 947 946 907
1775 939 895 893
1776 937 891 935
1777 945 905 903
1778 945 911 905
1779 956 918 958
1780 993 991 960
1781 941 942 899
1782 951 913 911
1783 970 932 934
1784 825 904 906
1785 936 890 892
1786 936 892 938
1787 972 934 936
1788 934 888 890
1789 959 961 921
1790 959 919 957
1791 962 922 924
1792 962 960 922
1793 943 979 951
1794 986 955 953
1795 937 939 893
1796 956 954 916
1797 926 880 884
1798 950 910 912
1799 930 884 886
1800 928 929 883
1801 993 962 961
1802 950 912 952
1803 930 886 932
1804 926 925 880
1805 927 881 925
1806 926 884 930
1807 951 911 945
1808 951 953 913
1809 985 954 987
1810 941 897 940
1811 970 934 972
1812 967 931 929
1813 998 971 969
1814 975 940 939
1815 934 932 888
1816 934 890 936
1817 986 953 979
1818 1011 1009 827
1819 1003 986 979
1820 992 961 959
1821 949 948 909
1822 981 948 982
1823 968 932 970
1824 992 959 990
1825 985 984 952
1826 927 928 882
1827 982 948 949
1828 983 949 950
1829 966 929 928
1830 983 950 984
1831 975 976 940
1832 977 942 941
1833 973 937 935
1834 973 935 971
1835 988 957 955
1836 979 953 951
1837 943 951 945
1838 969 933 931
1839 987 954 956
1840 990 959 957
1841 971 935 933
1842 984 950 952
1843 999 970 972
1844 974 936 938
1845 963 925 926
1846 969 971 933
1847 1020 827 1009
1848 973 939 937
1849 964 963 926
1850 963 927 925
1851 976 941 940
1852 975 939 973
1853 996 964 968
1854 987 956 989
1855 967 969 931
1856 965 928 927
1857 1011 990 988
1858 989 956 958
1859 977 941 976
1860 1011 988 1009
1861 994 963 964
1862 999 972 980
1863 991 958 960
1864 991 989 958
1865 988 955 986
1866 988 990 957
1867 978 979 944
1868 1003 979 978
1869 1003 1009 986
1870 1013 990 1011
1871 983 982 949
1872 965 966 928
1873 1024 1010 1012
1874 965 927 963
1875 1008 985 987
1876 1010 987 989
1877 1010 1008 987
1878 1024 1012 1013
1879 967 929 966
1880 994 995 963
1881 974 972 936
1882 825 906 946
1883 998 1000 971
1884 1001 975 973
1885 1004 981 982
1886 999 980 981
1887 993 961 992
1888 1012 989 991
1889 1002 976 975
1890 998 969 967
1891 964 926 930
1892 964 930 968
1893 997 967 966
1894 997 998 967
1895 997 966 965
1896 999 968 970
1897 974 946 980
1898 974 980 972
1899 978 942 977
1900 944 901 900
1901 1012 991 993
1902 1012 993 992
1903 995 965 963
1904 1005 982 983
1905 1003 978 977
1906 1009 988 986
1907 1006 983 984
1908 1025 1013 1011
1909 1002 975 1001
1910 1018 1000 998
1911 1007 984 985
1912 1007 1006 984
1913 1018 1019 1000
1914 1002 977 976
1915 1005 1004 982
