1 340 319 343
2 338 312 313
3 338 315 314
4 343 319 322
5 350 327 326
6 351 329 330
7 350 336 327
8 350 326 348
9 356 332 336
10 337 312 338
11 333 310 311
12 352 313 334
13 339 317 315
14 343 322 346
15 344 320 342
16 339 341 317
17 339 315 338
18 153 2 8
19 345 323 321
20 151 8 9
21 347 323 345
22 356 336 350
23 356 351 332
24 352 334 353
25 353 334 316
26 347 348 324
27 153 50 2
28 110 350 348
29 361 345 344
30 353 316 340
31 125 21 22
32 358 360 361
33 166 44 45
34 108 346 349
35 355 354 335
36 149 9 10
37 111 349 354
38 111 362 108
39 360 343 346
40 148 31 32
41 352 339 338
42 358 361 344
43 337 314 333
44 337 333 311
45 151 9 149
46 147 10 11
47 358 344 342
48 141 13 14
49 146 31 148
50 358 342 359
51 165 40 41
52 358 340 343
53 359 342 341
54 165 163 40
55 354 328 335
56 354 349 328
57 357 341 339
58 123 22 23
59 126 61 62
60 328 298 300
61 108 360 346
62 109 348 347
63 109 110 348
64 158 48 49
65 142 28 29
66 141 143 13
67 278 355 351
68 362 347 345
69 362 345 361
70 118 57 58
71 362 109 347
72 111 108 349
73 142 140 28
74 140 27 28
75 118 117 57
76 359 341 357
77 115 54 55
78 300 298 255
79 108 361 360
80 108 362 361
81 146 30 31
82 358 359 340
83 358 343 360
84 352 357 339
85 221 168 166
86 164 45 46
87 1 51 26
88 352 353 357
89 280 110 109
90 164 166 45
91 114 26 51
92 111 109 362
93 157 36 37
94 163 39 40
95 139 14 15
96 122 59 60
97 169 7 43
98 168 43 44
99 278 351 356
100 356 350 110
101 125 127 21
102 120 58 59
103 124 60 61
104 127 20 21
105 278 356 110
106 168 44 166
107 161 38 39
108 143 12 13
109 129 19 20
110 116 115 55
111 150 32 33
112 129 131 19
113 178 121 119
114 130 63 64
115 116 55 56
116 114 51 52
117 280 278 110
118 131 18 19
119 154 34 35
120 139 141 14
121 170 25 26
122 113 52 53
123 154 152 34
124 137 15 16
125 138 6 27
126 146 144 30
127 200 143 141
128 134 65 66
129 132 64 65
130 144 29 30
131 138 27 140
132 136 66 6
133 152 33 34
134 162 46 47
135 147 149 10
136 145 11 12
137 158 49 156
138 162 47 160
139 124 122 60
140 132 65 134
141 156 49 50
142 159 37 38
143 159 157 37
144 155 35 36
145 145 147 11
146 145 12 143
147 121 23 24
148 121 24 119
149 135 16 17
150 137 139 15
151 155 36 157
152 150 148 32
153 160 47 48
154 153 156 50
155 160 48 158
156 162 164 46
157 133 17 18
158 133 18 131
159 128 62 63
160 133 135 17
161 119 24 25
162 170 26 114
163 136 6 138
164 142 29 144
165 169 42 7
166 167 41 42
167 132 130 64
168 128 63 130
169 150 33 152
170 218 164 162
171 212 155 157
172 200 141 198
173 127 129 20
174 191 132 134
175 198 141 139
176 197 138 140
177 137 16 135
178 196 139 137
179 117 56 57
180 186 129 127
181 116 56 117
182 121 123 23
183 208 151 149
184 208 149 206
185 120 118 58
186 125 22 123
187 112 53 54
188 112 54 115
189 163 161 39
190 159 38 161
191 126 124 61
192 181 122 124
193 213 157 159
194 169 43 168
195 198 139 196
196 197 140 199
197 182 125 123
198 120 59 122
199 199 140 142
200 186 188 129
201 154 35 155
202 204 147 145
203 183 124 126
204 188 131 129
205 190 133 131
206 184 127 125
207 220 166 164
208 219 163 165
209 220 164 218
210 222 158 156
211 113 114 52
212 113 53 112
213 183 181 124
214 187 128 130
215 216 162 160
216 216 218 162
217 126 62 128
218 187 185 128
219 167 42 169
220 167 165 41
221 242 194 192
222 204 145 202
223 222 156 208
224 219 217 163
225 167 169 168
226 217 161 163
227 173 178 119
228 173 171 178
229 202 145 143
230 207 148 150
231 136 134 66
232 189 130 132
233 213 212 157
234 211 154 155
235 153 8 151
236 153 151 156
237 171 113 112
238 182 184 125
239 189 132 191
240 180 123 121
241 177 118 120
242 180 182 123
243 171 112 172
244 251 201 203
245 209 150 152
246 193 134 136
247 179 120 122
248 185 126 128
249 211 210 154
250 192 135 133
251 190 131 188
252 176 117 118
253 180 121 178
254 183 126 185
255 199 142 201
256 201 142 144
257 221 165 167
258 221 167 168
259 193 191 134
260 253 203 205
261 176 118 177
262 232 184 182
263 194 137 135
264 194 135 192
265 242 192 240
266 207 150 209
267 227 176 177
268 172 112 115
269 179 177 120
270 317 285 283
271 210 152 154
272 206 149 147
273 308 307 305
274 219 165 221
275 203 144 146
276 203 201 144
277 246 198 196
278 249 199 201
279 200 202 143
280 205 146 148
281 195 136 138
282 195 193 136
283 215 159 161
284 215 161 217
285 331 305 307
286 303 260 261
287 210 209 152
288 213 159 215
289 205 203 146
290 248 200 198
291 224 178 171
292 170 119 25
293 186 127 184
294 236 188 186
295 264 215 217
296 258 209 210
297 190 192 133
298 189 187 130
299 241 191 193
300 241 193 243
301 239 189 191
302 194 196 137
303 287 244 242
304 233 183 185
305 195 138 197
306 248 250 200
307 224 171 172
308 174 115 116
309 214 160 158
310 214 216 160
311 264 262 215
312 207 205 148
313 175 116 117
314 174 172 115
315 240 192 190
316 246 248 198
317 224 180 178
318 175 117 176
319 230 182 180
320 232 182 230
321 250 202 200
322 251 249 201
323 255 205 207
324 252 204 202
325 173 114 113
326 173 113 171
327 267 172 174
328 175 174 116
329 179 122 181
330 224 230 180
331 265 218 216
332 266 220 218
333 266 218 265
334 211 155 212
335 229 179 181
336 287 289 244
337 266 223 220
338 308 223 266
339 173 119 170
340 173 170 114
341 206 147 204
342 260 211 212
343 208 156 151
344 254 206 204
345 228 177 179
346 231 181 183
347 239 237 189
348 237 187 189
349 263 216 214
350 222 214 158
351 231 183 233
352 235 185 187
353 259 210 211
354 263 265 216
355 252 202 250
356 268 263 214
357 227 226 176
358 271 225 226
359 239 191 241
360 229 228 179
361 223 219 221
362 307 266 265
363 271 270 225
364 234 186 184
365 247 197 199
366 243 193 195
367 226 175 176
368 225 174 175
369 247 199 249
370 259 211 260
371 256 208 206
372 256 206 254
373 234 184 232
374 234 236 186
375 257 207 209
376 257 209 258
377 255 253 205
378 292 247 249
379 238 190 188
380 238 240 190
381 286 241 243
382 245 195 197
383 238 188 236
384 235 233 185
385 299 256 254
386 255 207 257
387 262 213 215
388 261 212 213
389 261 260 212
390 261 213 262
391 317 318 285
392 292 290 247
393 229 181 231
394 227 177 228
395 251 203 253
396 294 249 251
397 289 246 244
398 244 196 194
399 222 208 256
400 299 268 256
401 276 231 233
402 279 236 234
403 245 197 247
404 245 243 195
405 307 265 306
406 269 217 219
407 259 258 210
408 252 254 204
409 274 228 229
410 275 232 230
411 308 269 223
412 308 264 269
413 304 261 262
414 309 263 268
415 289 291 246
416 303 259 260
417 267 174 225
418 267 224 172
419 286 284 241
420 297 254 252
421 302 259 303
422 297 299 254
423 235 187 237
424 274 229 231
425 313 276 301
426 298 253 255
427 301 276 233
428 301 233 235
429 280 354 355
430 284 239 241
431 226 225 175
432 281 238 236
433 274 231 276
434 275 230 270
435 280 355 278
436 281 283 238
437 244 194 242
438 244 246 196
439 273 228 274
440 273 227 228
441 277 234 232
442 270 267 225
443 288 243 245
444 295 252 250
445 302 258 259
446 293 250 248
447 280 111 354
448 283 240 238
449 277 232 275
450 272 226 227
451 269 264 217
452 269 219 223
453 293 295 250
454 291 248 246
455 280 109 111
456 282 237 239
457 288 286 243
458 316 282 284
459 281 236 279
460 341 318 317
461 284 282 239
462 296 251 253
463 296 294 251
464 296 253 298
465 331 332 330
466 273 272 227
467 293 248 291
468 301 235 237
469 351 330 332
470 290 245 247
471 270 230 224
472 270 224 267
473 311 273 274
474 300 255 257
475 271 226 272
476 277 279 234
477 308 305 264
478 301 237 282
479 310 277 275
480 314 281 279
481 324 295 293
482 321 291 289
483 285 242 240
484 292 249 294
485 268 214 222
486 268 222 256
487 348 326 324
488 306 265 263
489 312 274 276
490 300 257 258
491 349 325 328
492 321 289 320
493 285 287 242
494 285 240 283
495 318 287 285
496 320 289 287
497 349 346 325
498 288 245 290
499 304 262 305
500 305 262 264
501 333 279 277
502 333 277 310
503 304 303 261
504 297 252 295
505 309 268 299
506 355 329 351
507 325 296 298
508 318 320 287
509 333 314 279
510 271 275 270
511 325 294 296
512 334 301 282
513 335 302 329
514 323 293 291
515 309 306 263
516 331 304 305
517 331 330 304
518 329 302 303
519 334 313 301
520 322 292 294
521 322 294 325
522 316 284 286
523 319 288 290
524 319 290 322
525 315 283 281
526 319 286 288
527 312 311 274
528 315 281 314
529 322 290 292
530 323 291 321
531 302 300 258
532 332 307 306
533 327 299 297
534 327 297 326
535 327 309 299
536 336 306 309
537 319 316 286
538 355 335 329
539 335 300 302
540 328 325 298
541 331 307 332
542 330 303 304
543 308 266 307
544 223 221 220
545 342 320 318
546 342 318 341
547 330 329 303
548 166 220 221
549 323 324 293
550 347 324 323
551 344 321 320
552 346 322 325
553 337 338 314
554 335 328 300
555 326 297 295
556 326 295 324
557 310 275 271
558 310 271 272
559 337 311 312
560 315 317 283
561 312 276 313
562 340 316 319
563 310 272 273
564 310 273 311
565 334 282 316
566 352 338 313
567 336 309 327
568 336 332 306
569 340 359 353
570 357 353 359
571 344 345 321
572 363 386 376
573 382 370 374
574 385 377 373
575 378 376 76
576 384 371 369
577 381 365 380
578 381 67 68
579 385 373 372
580 385 372 371
581 364 377 385
582 363 376 378
583 384 369 383
584 382 374 375
585 364 365 379
586 372 49 48
587 363 378 365
588 2 50 71
589 381 380 67
590 377 69 70
591 381 68 379
592 372 48 371
593 371 48 47
594 384 385 371
595 380 77 78
596 384 364 385
597 380 378 77
598 363 365 364
599 376 75 76
600 366 383 386
601 371 47 369
602 382 375 386
603 365 378 380
604 367 45 44
605 382 386 383
606 366 384 383
607 366 386 363
608 378 76 77
609 373 70 71
610 366 363 364
611 366 364 384
612 370 72 73
613 67 380 3
614 43 7 72
615 370 73 374
616 78 3 380
617 373 377 70
618 370 44 43
619 370 367 44
620 374 73 74
621 375 74 75
622 364 379 377
623 379 68 69
624 375 374 74
625 369 47 46
626 386 375 376
627 368 46 45
628 368 45 367
629 368 369 46
630 373 71 50
631 373 50 49
632 383 369 368
633 382 368 367
634 379 69 377
635 372 373 49
636 381 379 365
637 382 383 368
638 370 43 72
639 382 367 370
640 375 75 376
641 463 448 449
642 463 462 448
643 388 463 461
644 459 461 445
645 388 472 463
646 465 431 452
647 466 436 454
648 471 461 459
649 472 460 462
650 467 452 450
651 469 457 458
652 476 470 472
653 469 468 457
654 418 104 105
655 405 91 92
656 464 451 468
657 470 458 460
658 470 460 472
659 390 72 7
660 475 465 474
661 390 7 88
662 72 390 423
663 466 459 455
664 476 471 475
665 405 92 403
666 469 458 470
667 473 469 467
668 467 469 470
669 389 459 466
670 419 77 76
671 406 90 91
672 408 88 89
673 389 471 459
674 473 467 450
675 473 468 469
676 473 464 468
677 473 450 464
678 408 423 390
679 404 97 98
680 474 465 452
681 474 452 467
682 398 83 84
683 475 454 465
684 389 466 454
685 476 475 474
686 388 461 471
687 387 438 455
688 416 103 104
689 414 102 103
690 398 84 400
691 422 107 3
692 414 103 416
693 387 455 443
694 418 416 104
695 87 4 97
696 404 86 87
697 391 79 80
698 392 80 81
699 404 87 97
700 402 85 86
701 388 471 476
702 410 99 100
703 420 105 106
704 415 75 74
705 415 74 413
706 438 408 407
707 402 400 85
708 411 100 101
709 412 101 102
710 392 391 80
711 388 476 472
712 389 454 475
713 389 475 471
714 467 470 474
715 396 82 83
716 394 81 82
717 401 93 94
718 417 76 75
719 476 474 470
720 415 417 75
721 422 3 78
722 420 418 105
723 406 407 90
724 423 73 72
725 410 100 411
726 400 84 85
727 449 422 421
728 445 417 415
729 417 419 76
730 395 96 5
731 395 5 393
732 397 95 96
733 421 78 77
734 421 77 419
735 393 5 79
736 412 102 414
737 393 79 391
738 420 106 422
739 413 74 73
740 390 88 408
741 449 420 422
742 445 415 443
743 403 92 93
744 403 93 401
745 440 410 411
746 396 83 398
747 412 411 101
748 394 392 81
749 432 398 400
750 402 86 404
751 399 94 95
752 399 95 397
753 409 98 99
754 409 99 410
755 432 430 398
756 394 82 396
757 423 413 73
758 387 423 408
759 409 404 98
760 434 402 404
761 407 89 90
762 407 408 89
763 435 403 401
764 395 397 96
765 433 401 399
766 430 396 398
767 447 419 417
768 442 412 414
769 399 401 94
770 442 441 412
771 405 406 91
772 446 416 418
773 422 78 421
774 422 106 107
775 424 391 392
776 452 429 427
777 447 417 445
778 447 449 419
779 426 392 394
780 453 430 432
781 434 404 409
782 434 400 402
783 429 397 395
784 446 418 448
785 446 444 416
786 443 415 413
787 451 426 428
788 444 414 416
789 451 428 430
790 441 411 412
791 431 399 397
792 450 427 425
793 435 436 403
794 431 433 399
795 441 440 411
796 425 393 391
797 424 392 426
798 427 395 393
799 449 421 419
800 448 418 420
801 437 406 405
802 438 407 406
803 456 440 441
804 428 394 396
805 434 432 400
806 439 409 410
807 436 405 403
808 435 401 433
809 437 405 436
810 437 438 406
811 431 397 429
812 452 427 450
813 454 435 433
814 459 445 443
815 387 408 438
816 387 443 413
817 454 436 435
818 466 437 436
819 427 429 395
820 427 393 425
821 424 425 391
822 442 414 444
823 458 442 444
824 450 425 424
825 448 420 449
826 458 444 460
827 466 455 437
828 465 454 433
829 461 447 445
830 463 447 461
831 472 462 463
832 457 441 442
833 428 396 430
834 428 426 394
835 439 434 409
836 439 410 440
837 453 456 451
838 439 432 434
839 464 424 426
840 463 449 447
841 453 451 430
842 453 432 439
843 460 444 446
844 460 446 462
845 464 426 451
846 457 456 441
847 464 450 424
848 468 451 456
849 462 446 448
850 465 433 431
851 387 413 423
852 455 438 437
853 452 431 429
854 458 457 442
855 459 443 455
856 468 456 457
857 453 439 440
858 453 440 456
