1 1.53080849893419e-18 -0.025
2 1.02053899928946e-18 0.0133333333333333
3 1.53080849893419e-18 0.025
4 1.02053899928946e-18 0.0466666666666667
5 0.0146854887643181 0.0378812560883951
6 0.0239235859135491 -0.00725686137645174
7 0.0138888117281807 0.020787037037037
8 0 0.0114166666666655
9 0 0.00949999999999891
10 0 0.00758333333333232
11 0 0.00566666666666573
12 0 0.00374999999999914
13 0 0.00183333333333255
14 0 -8.33333333340391e-05
15 0 -0.00200000000000063
16 0 -0.00391666666666722
17 0 -0.00583333333333381
18 0 -0.0077500000000004
19 0 -0.00966666666666698
20 0 -0.0115833333333336
21 0 -0.0135000000000002
22 0 -0.0154166666666668
23 0 -0.0173333333333333
24 0 -0.0192499999999999
25 0 -0.0211666666666665
26 0 -0.0230833333333331
27 0.0244007008757497 -0.00544112091137379
28 0.0247401619557897 -0.00359505026408452
29 0.0249401388358169 -0.00172900978891949
30 0.0249995706251493 0.000146521528011682
31 0.0249181763402855 0.00202101159680889
32 0.0246964536050925 0.00388396438339949
33 0.0243356788382726 0.00572492231217586
34 0.0238378917420155 0.00753358595198538
35 0.0232058978226224 0.00929980140895537
36 0.0224432334608766 0.0110136856601497
37 0.0215541718417295 0.0126656099820417
38 0.0205436704406257 0.0142463189921805
39 0.0194173770733035 0.0157469193048401
40 0.0181815659549619 0.0171589818877861
41 0.0168431360310731 0.0184745438005589
42 0.0154095554176528 0.0196861779386017
43 0.012799211091777 0.0193248900143413
44 0.0115566836438951 0.0179908018197423
45 0.0101755685518997 0.0168001673335088
46 0.00867264863027334 0.0157675390914433
47 0.00706627076196822 0.0149054448460271
48 0.00537497127315862 0.0142238324809066
49 0.00361933164876743 0.0137310659170919
50 0.00182075610148496 0.0134330864372182
51 0.00187605520617283 -0.0249295089575265
52 0.00374117727551113 -0.0247184868588917
53 0.00558492064041603 -0.0243681895396489
54 0.00739694955444382 -0.023880643569406
55 0.00916710384095871 -0.0232586372595017
56 0.010885483836542 -0.0225056935384001
57 0.0125424527445971 -0.0216260694336615
58 0.0141287466655239 -0.0206247064866739
59 0.0156354632640385 -0.0195072368242891
60 0.0170541715672136 -0.018279913351984
61 0.0183768978277012 -0.0169496202385255
62 0.0195962241964954 -0.0155237881085992
63 0.0207052796231329 -0.0140104031251023
64 0.0216978192449382 -0.0124179160898272
65 0.0225682255659405 -0.0107552403415652
66 0.0233115590704883 -0.00903167834364873
67 0 0.0230555555555551
68 0 0.0211111111111105
69 0 0.0191666666666659
70 0 0.0172222222222213
71 0 0.0152777777777767
72 0.0123220481736407 0.0217524051269389
73 0.0106885152138184 0.0225999035954575
74 0.00899706446356036 0.0233249401079304
75 0.00725686137645174 0.0239235859135491
76 0.00547733558005989 0.0243925971340366
77 0.0036681297796707 0.0247294323412304
78 0.00183904750742178 0.0249322663283033
79 0.0137518236502811 0.0394162160164976
80 0.0126587632353308 0.0408412864148871
81 0.0114188461879389 0.0421403348188578
82 0.0100462096365866 0.0432985506622162
83 0.00855638678525756 0.0443026578984064
84 0.00696713792808304 0.0451405669269299
85 0.00529751397217535 0.0458023455060439
86 0.00356655810099458 0.0462805847895586
87 0.00179400543854127 0.0465698316908852
88 0.0147998027029789 0.0223355614862746
89 0.0155385926793949 0.023972569758045
90 0.0160968960971122 0.0256793850187094
91 0.01646834803172 0.0274365470778807
92 0.0166485958387744 0.0292240912586393
93 0.0166353854223137 0.0310206515707381
94 0.0164289738975267 0.0328047449887939
95 0.0160318381651002 0.0345560885445538
96 0.0154485056044952 0.0362547144111988
97 0 0.0448611111111123
98 0 0.0430555555555566
99 0 0.0412500000000009
100 0 0.0394444444444452
101 0 0.0376388888888895
102 0 0.0358333333333338
103 0 0.0340277777777781
104 0 0.0322222222222225
105 0 0.0304166666666668
106 0 0.0286111111111111
107 0 0.0268055555555554
108 0.0130790626128494 4.24709179401222e-05
109 0.0113789106055088 0.0027180467997081
110 0.0113923091694248 0.00442638007608823
111 0.0130034686189641 0.00185534841392316
112 0.00600026519792858 -0.0224104509649758
113 0.00427089581165355 -0.0228297054041734
114 0.00236702089703853 -0.0231280532232467
115 0.00770954169068023 -0.0219188363580949
116 0.00935211292389051 -0.0213046196395849
117 0.0109259399174235 -0.0205373794756828
118 0.0124553733754693 -0.0196908099697489
119 0.00159027126835345 -0.0201501928727115
120 0.0138698505271199 -0.0186812739122758
121 0.001668144032101 -0.0183337559389899
122 0.0152465275187305 -0.0176182309326674
123 0.0016598820239201 -0.016375
124 0.016511274180255 -0.0163998804762402
125 0.00165988202392011 -0.0144583333333335
126 0.0176892116783704 -0.015120901026681
127 0.0016598820239201 -0.0125416666666669
128 0.018776340681945 -0.013768011503072
129 0.00165988202392011 -0.0106250000000003
130 0.0197469140832 -0.0123069798914964
131 0.0016598820239201 -0.00870833333333369
132 0.0206066321070685 -0.0108063090823068
133 0.0016598820239201 -0.0067916666666671
134 0.0213537043788021 -0.00921807327107416
135 0.00165988202392011 -0.00487500000000051
136 0.0219913334678946 -0.00760939971221206
137 0.0016598820239201 -0.00295833333333392
138 0.0225022006835167 -0.00590180151122357
139 0.00165988202392011 -0.00104166666666733
140 0.0228743428965295 -0.00418811256650289
141 0.00165988202392011 0.000874999999999257
142 0.0231347742743056 -0.00244143037052034
143 0.00165988202392011 0.00279166666666585
144 0.0232551891339724 -0.000702196697125344
145 0.00165988202392011 0.00470833333333244
146 0.0232395531486273 0.00104109191578486
147 0.00165988202392011 0.00662499999999903
148 0.0231038945814449 0.00276304047950672
149 0.00167583588882536 0.00859841217367577
150 0.0228373213685383 0.00449537747596325
151 0.00164305975645402 0.0104710484428253
152 0.0224584680798554 0.00620334866771397
153 0.00133809992150884 0.0120977522438548
154 0.0219005204086652 0.00784625875044097
155 0.021285327921524 0.00947594205603829
156 0.00301915344049975 0.0119425953392542
157 0.0204698470552734 0.0110386865844896
158 0.00498345656767237 0.0124984559230123
159 0.0195646860741211 0.0125364260811147
160 0.00683167433371891 0.0131398275416326
161 0.0185472571234624 0.0139416860746409
162 0.00860492720094139 0.0140100297643331
163 0.0174164254548704 0.0152862592707249
164 0.0102923381360196 0.015050269137987
165 0.0161204943335558 0.0165189544177419
166 0.011891216952813 0.0162775541742099
167 0.0150632806055352 0.0177828561276891
168 0.0132018881132822 0.0176635387805523
169 0.0140666604485474 0.0190286182373025
170 0.00147083925845575 -0.0216980497360816
171 0.00471665303055816 -0.0209006382931982
172 0.00635814836566541 -0.0205495059491642
173 0.00311729112748433 -0.0213433355880764
174 0.00797005960937924 -0.0201239369392861
175 0.00943648167283217 -0.0194627543254262
176 0.0108674575744666 -0.0186837962504337
177 0.0122341769372279 -0.0177957485375207
178 0.00330505437195026 -0.0194767709261263
179 0.013542949388397 -0.0168919805980662
180 0.00337731072071056 -0.0174991559641638
181 0.014803056330907 -0.0158285411825818
182 0.00330523505084763 -0.0154166666666668
183 0.0158949160637159 -0.0146455432538326
184 0.00330523505084763 -0.0135000000000002
185 0.0169722136785411 -0.0134535769364481
186 0.00330523505084763 -0.0115833333333336
187 0.0179467584116716 -0.012124718953986
188 0.00330523505084763 -0.00966666666666698
189 0.0187605016878059 -0.0107383232663697
190 0.00330523505084763 -0.00775000000000039
191 0.0195057456396082 -0.00929603910260514
192 0.00330523505084763 -0.00583333333333381
193 0.0201552044105326 -0.0078049626944528
194 0.00330523505084763 -0.00391666666666722
195 0.0206729655534829 -0.00626936997078183
196 0.00330523505084763 -0.00200000000000063
197 0.0210953120384336 -0.00469925686358106
198 0.00330523505084763 -8.33333333340374e-05
199 0.021373454114081 -0.00309358726736322
200 0.00330523505084764 0.00183333333333255
201 0.0215581037251007 -0.00147373363128816
202 0.00330523505084764 0.00374999999999914
203 0.021599308822232 0.000148172278712428
204 0.00330523505084763 0.00566666666666573
205 0.021539654118633 0.001770643280657
206 0.00330413524093154 0.00765816374945886
207 0.0213948522133488 0.00337098021655591
208 0.00335151707449312 0.00976650762506219
209 0.0210663814479767 0.00499866290849338
210 0.0205724496730373 0.0065256634832315
211 0.0200941163400517 0.00805631026199695
212 0.0194383259398441 0.00957155510770773
213 0.0185884847303916 0.0109407828667127
214 0.00667148607965267 0.0113450213604347
215 0.0176836281668121 0.012278982604603
216 0.00849832145125511 0.0121222098288065
217 0.0166952417351961 0.0135475789707638
218 0.0103199428889028 0.0131472646103237
219 0.0154878786872016 0.0147092800574479
220 0.0120806698594477 0.0144210707436242
221 0.0139357162968577 0.0158506053171416
222 0.0047718141640147 0.0107019332307699
223 0.0137330673949985 0.0137433843440179
224 0.00519698197469453 -0.0188208266631853
225 0.00804396893474182 -0.0183203386262391
226 0.0093903800822213 -0.0176335716783534
227 0.0107280079117472 -0.016859658588609
228 0.0119117110828995 -0.0159047316749373
229 0.0132888860938232 -0.015309323685859
230 0.00498502934454148 -0.0165487683925206
231 0.0141625723127768 -0.0140905118720787
232 0.00495276582289917 -0.0145028474968517
233 0.0151747786071243 -0.0129406107235629
234 0.00495058807777515 -0.0125416666666669
235 0.016343861753121 -0.0119800093148188
236 0.00495058807777516 -0.0106250000000003
237 0.0169126464487457 -0.0105673196912574
238 0.00495058807777515 -0.00870833333333369
239 0.0176636738058216 -0.00928171998110453
240 0.00495058807777515 -0.0067916666666671
241 0.0183290600317955 -0.00789136552813933
242 0.00495058807777516 -0.00487500000000052
243 0.0188420429438935 -0.00651606876302197
244 0.00495058807777516 -0.00295833333333392
245 0.0192882691311914 -0.0050573019213541
246 0.00495058807777516 -0.00104166666666733
247 0.0196105018099906 -0.00361878943682622
248 0.00495058807777516 0.000874999999999255
249 0.019821353305217 -0.00209282189667624
250 0.00495058807777516 0.00279166666666584
251 0.0199319309537925 -0.000614836671874709
252 0.00495058807777516 0.00470833333333244
253 0.0199231429044003 0.000898560846050492
254 0.00495058807777516 0.00662499999999903
255 0.0197859413974022 0.00240656890228276
256 0.0049091995879675 0.00861229224136913
257 0.0198807495623259 0.00391586571575488
258 0.0191956250135939 0.00530880030127306
259 0.0186746419041318 0.00678320743537479
260 0.0185022524674865 0.00827096363116302
261 0.0175948558138141 0.00946266496410575
262 0.0166781078101215 0.010693787322353
263 0.00844217915774025 0.0102475970414344
264 0.0157748684028423 0.0119333579499112
265 0.010346942111882 0.0111593748700578
266 0.012123067021494 0.0124077658589567
267 0.00677764790853705 -0.0189423292373627
268 0.00647697309957483 0.00945687157710551
269 0.0150480987823967 0.013068176192511
270 0.00654793576732614 -0.017388248480905
271 0.00798465984193375 -0.0164598669771376
272 0.00938679725615266 -0.0160567376395426
273 0.0104320219685829 -0.0149943688641955
274 0.0120882653391058 -0.0139119910091473
275 0.00658280470307872 -0.0154433137534397
276 0.0133589532985169 -0.0123293361290233
277 0.00659594110470269 -0.0135000000000001
278 0.0128016109934578 0.00496275660348208
279 0.00659594110470268 -0.0115833333333336
280 0.0128691906715079 0.00356261127695671
281 0.00663827499953351 -0.00965753085486781
282 0.0157721295763539 -0.00910725550748643
283 0.00659594110470268 -0.0077500000000004
284 0.0167176478722528 -0.00796340753750475
285 0.00659594110470268 -0.00583333333333382
286 0.0169333171436918 -0.00656107002009014
287 0.00659594110470269 -0.00391666666666722
288 0.0176851080420803 -0.0053661863529735
289 0.00659594110470269 -0.00200000000000063
290 0.0177119477794839 -0.0039566536957557
291 0.00659594110470269 -8.33333333340367e-05
292 0.0183093115511349 -0.00266216817284651
293 0.00659594110470269 0.00183333333333255
294 0.0181217689824135 -0.00125508920156611
295 0.00659594110470269 0.00374999999999914
296 0.0184612883121178 0.000108323306893183
297 0.0066001987518136 0.00562291294625218
298 0.0181680905216195 0.00160622785058947
299 0.00658576708923966 0.00747262591273712
300 0.0180370497233082 0.00354264022719801
301 0.0148300350597609 -0.0108491063138793
302 0.0173569503288321 0.00552053730569866
303 0.0168128067228507 0.00754033119640035
304 0.0157415554594274 0.00910302521185663
305 0.0146292174383015 0.0104667958921557
306 0.0103499886863094 0.00916073853030347
307 0.012477229339056 0.0102403106891515
308 0.0139021914184413 0.0119081011828044
309 0.00832381125653097 0.00831701072437607
310 0.00843616670585888 -0.0144979153781603
311 0.0100894377949586 -0.013227172919884
312 0.0114477586690402 -0.011771853021919
313 0.0126183186406925 -0.0103314585845639
314 0.00833191357344864 -0.0105431837824616
315 0.00838645006812293 -0.00875008272049328
316 0.014930682014412 -0.00712345505185961
317 0.0082412941316302 -0.00679166666666711
318 0.00824129413163022 -0.00487500000000053
319 0.0158241149303401 -0.00479592853747554
320 0.00824129413163022 -0.00295833333333392
321 0.00824129413163021 -0.00104166666666733
322 0.0164451094718907 -0.00237844161061936
323 0.00824129413163021 0.000874999999999254
324 0.00824129413163022 0.00279166666666584
325 0.0166182229926504 7.72886376093626e-05
326 0.00824335325009715 0.00463323704606162
327 0.00830254176627014 0.00647490979353891
328 0.0163080928253291 0.00224582468730508
329 0.0154636732841511 0.00588028091208254
330 0.0145902291308201 0.0075952918417975
331 0.0138947518643042 0.00904043107861196
332 0.0123538415209371 0.00784992353530846
333 0.00827413952085508 -0.0125071895204882
334 0.0139198100573847 -0.00874184573288035
335 0.0160258294931908 0.00413669245204328
336 0.010138248868854 0.00726070794955159
337 0.00971699414035559 -0.0115549029026293
338 0.0103897229005869 -0.00985449795316386
339 0.00995375690594638 -0.00780775244307776
340 0.0135958146943752 -0.0050159413416999
341 0.00980255911137897 -0.00587446261475925
342 0.00997874636346622 -0.00400856607121046
343 0.0142223768023413 -0.00312945481117193
344 0.00996995576522607 -0.00205915032061072
345 0.00988664715855773 -8.33333333340349e-05
346 0.014734336145997 -0.00102010560564078
347 0.00982249415784589 0.00180511130992108
348 0.00982463787882672 0.00365732109454375
349 0.0147057458756423 0.00103158589890452
350 0.00992809898088893 0.00547627494744277
351 0.0135972031990377 0.00630191062365624
352 0.011808353840822 -0.00843304503571478
353 0.0128615270628907 -0.0068149321820033
354 0.0145038882568725 0.002969088522279
355 0.0142398751154071 0.00464603505242931
356 0.0116678723724168 0.00612718419657879
357 0.0111930660328491 -0.00682253230638712
358 0.0119071518534701 -0.0031718314936289
359 0.0115741851508494 -0.00521044514716373
360 0.0130701553391394 -0.00167485426787352
361 0.0114788502966183 -0.00104330882334796
362 0.0114415322844087 0.000874480753292582
363 0.00477991054956802 0.0210795651108046
364 0.00372862498064213 0.0192689663919641
365 0.00301598573940453 0.0214740851815438
366 0.0054610805879579 0.0195517402825026
367 0.00982977483777634 0.0185841284654716
368 0.008476123379219 0.0177850656303622
369 0.00698591479280503 0.0169077643434329
370 0.0107879062956541 0.0202505318001823
371 0.00545519044779825 0.0161502172778055
372 0.00408901157664091 0.015506549263906
373 0.00213936069065111 0.0157340228858054
374 0.00932788041790087 0.0215695563057502
375 0.0076899569548491 0.0219675191076828
376 0.00596356348514097 0.0225037802785423
377 0.00190896979428921 0.0181037102027017
378 0.00407935388638521 0.0229418156120173
379 0.00165411389190468 0.0201304705534073
380 0.00183391174595846 0.0234585772890746
381 0.0013026207118513 0.0218268088107363
382 0.00852283576800341 0.0199481188718814
383 0.00693863017795054 0.0188088647039221
384 0.00536491868961721 0.0179136605403053
385 0.00373279815903204 0.0171487855411273
386 0.00658161681555888 0.0206836856544935
387 0.011699690522708 0.0251828999676408
388 0.00724173774980384 0.0303629961310413
389 0.0104199996610737 0.0298665579019578
390 0.0133984338476808 0.0222940939912254
391 0.011890210271804 0.0391330810946734
392 0.0108095932694851 0.0403245444894925
393 0.0128176574402065 0.0377663599974487
394 0.00968135103769006 0.0414720508595889
395 0.0135571344921775 0.0363767215163482
396 0.00833472407261292 0.04245249927882
397 0.014174462279137 0.0348698855284952
398 0.00687451356460942 0.0432146269952214
399 0.0145841793778559 0.0333209205600724
400 0.00537848205900063 0.0438916536897627
401 0.0149385976036922 0.0317542008271469
402 0.00400167978345178 0.0445063722526791
403 0.0150373543832871 0.0300985213426286
404 0.00205169687407655 0.0443712582790391
405 0.0149260739068706 0.0285007581869625
406 0.0147152538688701 0.026883644532203
407 0.014576130393105 0.0253428249012131
408 0.0135605478820992 0.024075602979113
409 0.00182076547165074 0.0422057850406245
410 0.0017028494208684 0.0403517942409427
411 0.00156365697905535 0.0385416666666674
412 0.00156365697905535 0.0367361111111117
413 0.0103253277782702 0.0243139169014532
414 0.00156365697905535 0.034930555555556
415 0.00857764847256763 0.0251089588513756
416 0.00156365697905535 0.0331250000000003
417 0.00670137935984387 0.0257230801159002
418 0.00156365697905535 0.0313194444444446
419 0.00476574459702883 0.0262034392733182
420 0.00172022414094843 0.02922690212928
421 0.00308548995089395 0.0262112986730988
422 0.00147847179041815 0.0269194938886407
423 0.0120152985663244 0.0233951149105743
424 0.0101233438625696 0.0386204825152009
425 0.0112469344431017 0.0376567654891333
426 0.00911738013536262 0.0397298630353063
427 0.0116746762761656 0.0362635910548479
428 0.00819043974154998 0.0408765495215656
429 0.012570938407711 0.0351261570465727
430 0.00676739985269863 0.0413672038367607
431 0.0127908764792135 0.0336796477239747
432 0.00524654092694284 0.0421346759442708
433 0.013161007953011 0.0322481958682605
434 0.00365730780674773 0.0429095238351083
435 0.013662102473683 0.0308470387499467
436 0.0133475243341145 0.0293878418859618
437 0.0131970325122908 0.0277868923031326
438 0.0130498104053611 0.0260588691559176
439 0.00349832682834623 0.0412064520911283
440 0.00331916295008852 0.0394131817007429
441 0.00317217180342127 0.0376388888888895
442 0.00317217180342127 0.0358333333333338
443 0.00998625269299398 0.0262379496885221
444 0.00317217180342127 0.0340277777777781
445 0.00808141486834283 0.0269740238102083
446 0.00317713220995486 0.0321679014032831
447 0.00597468302956386 0.0276134886803328
448 0.00337770185565082 0.030262838143451
449 0.00356628906785551 0.0281242292738607
450 0.00978498926138484 0.0365603166505566
451 0.00699595149059358 0.0393596510281173
452 0.0107598733925212 0.0344356622789601
453 0.00515381959097223 0.0403073563900547
454 0.0119064395097529 0.0307698572002276
455 0.011503735065659 0.0271140395541163
456 0.00502110299161249 0.0384846184403298
457 0.00486102658138762 0.0366492780825884
458 0.00494471008554638 0.0347467590196911
459 0.00971294388460084 0.0282640952331907
460 0.00487821312649256 0.0329467357034909
461 0.00751862194342788 0.0287661813431357
462 0.00462868236556245 0.0313228277139719
463 0.0054390725228611 0.0296470999914377
464 0.00840250708110137 0.0380350217905962
465 0.0112140227426704 0.0326392790342214
466 0.0116727504828509 0.0288436954797148
467 0.00846959632063167 0.0347705212678986
468 0.0065454208296799 0.0374434339008139
469 0.00654341928857148 0.0355595293069612
470 0.00685189631725838 0.0335573516752085
471 0.00882035778940493 0.0300437226434029
472 0.00624712619859373 0.0316016920291818
473 0.00793099021826778 0.0364425097069237
474 0.00902306696245518 0.0331415607632829
475 0.00996957338596143 0.0314117122832103
476 0.00803661152124048 0.031746271553511
