1 249 212 251
2 279 260 261
3 263 221 231
4 277 257 259
5 257 256 220
6 277 276 257
7 277 259 278
8 132 131 130
9 185 130 131
10 254 252 216
11 273 252 254
12 82 29 30
13 98 49 50
14 267 241 266
15 271 250 246
16 270 244 269
17 265 240 239
18 81 30 31
19 77 38 39
20 266 249 251
21 266 241 240
22 264 232 227
23 264 224 258
24 262 253 215
25 211 40 41
26 79 239 238
27 265 266 240
28 272 251 252
29 91 24 25
30 90 45 46
31 272 266 251
32 273 272 252
33 275 255 256
34 108 54 55
35 274 254 255
36 273 268 272
37 87 26 27
38 83 28 29
39 90 46 92
40 274 255 275
41 269 244 243
42 269 243 268
43 269 268 273
44 274 273 254
45 270 271 246
46 280 250 271
47 278 259 260
48 121 9 10
49 84 42 43
50 72 35 36
51 82 30 81
52 279 278 260
53 237 245 192
54 70 279 258
55 264 261 232
56 221 176 213
57 265 248 249
58 265 249 266
59 132 66 67
60 68 275 276
61 70 278 279
62 88 44 45
63 280 253 262
64 121 10 119
65 281 277 278
66 105 17 18
67 107 16 17
68 282 273 274
69 107 109 16
70 119 10 11
71 213 176 119
72 68 283 275
73 279 261 264
74 83 85 28
75 279 264 258
76 74 34 35
77 124 62 63
78 125 7 8
79 119 11 117
80 283 271 270
81 282 269 273
82 267 266 272
83 267 272 268
84 73 36 37
85 139 82 81
86 68 271 283
87 69 276 277
88 211 84 135
89 69 277 281
90 283 274 275
91 282 270 269
92 283 270 282
93 116 58 59
94 283 282 274
95 211 135 77
96 68 280 271
97 69 280 68
98 106 53 54
99 69 68 276
100 132 130 66
101 122 61 62
102 70 281 278
103 70 263 281
104 80 31 32
105 123 8 9
106 132 67 3
107 122 120 61
108 113 13 14
109 85 27 28
110 104 52 53
111 71 184 233
112 1 3 67
113 103 18 19
114 108 106 54
115 113 115 13
116 116 59 118
117 165 108 110
118 99 20 21
119 130 65 66
120 281 253 69
121 84 43 86
122 213 119 117
123 86 43 44
124 80 81 31
125 130 128 65
126 129 5 6
127 115 12 13
128 109 15 16
129 71 233 185
130 41 40 2
131 93 23 24
132 205 156 154
133 94 47 48
134 163 106 108
135 148 93 91
136 150 95 93
137 151 94 96
138 96 48 49
139 175 118 120
140 175 120 177
141 77 75 38
142 75 37 38
143 156 101 99
144 112 56 57
145 93 24 91
146 100 50 51
147 72 36 73
148 75 73 37
149 76 33 34
150 92 46 47
151 163 108 165
152 118 59 60
153 105 18 103
154 101 19 20
155 117 11 12
156 117 12 115
157 262 172 250
158 166 111 109
159 120 60 61
160 120 118 60
161 76 34 74
162 78 32 33
163 124 122 62
164 127 6 7
165 92 47 94
166 72 74 35
167 125 8 123
168 170 115 113
169 262 215 172
170 121 123 9
171 88 86 44
172 138 81 80
173 169 112 114
174 111 14 15
175 104 53 106
176 100 51 102
177 213 117 115
178 134 73 75
179 78 33 76
180 143 86 88
181 101 103 19
182 101 20 99
183 89 25 26
184 102 51 52
185 87 27 85
186 102 52 104
187 126 63 64
188 128 64 65
189 133 72 73
190 139 140 82
191 133 73 134
192 138 80 137
193 170 213 115
194 231 213 170
195 97 21 22
196 97 99 21
197 90 88 45
198 78 80 32
199 96 94 48
200 96 49 98
201 89 91 25
202 89 26 87
203 95 22 23
204 95 97 22
205 148 150 93
206 100 98 50
207 133 74 72
208 147 90 92
209 126 124 63
210 127 129 6
211 131 4 5
212 280 69 253
213 168 113 111
214 168 170 113
215 105 107 17
216 205 207 156
217 172 215 164
218 126 64 128
219 114 57 58
220 114 112 57
221 177 120 122
222 180 125 123
223 95 23 93
224 110 55 56
225 111 113 14
226 111 15 109
227 218 167 169
228 201 152 150
229 145 88 90
230 83 29 82
231 153 96 98
232 142 87 85
233 110 108 55
234 110 56 112
235 181 124 126
236 127 7 125
237 114 58 116
238 158 103 101
239 145 143 88
240 136 76 74
241 149 92 94
242 149 147 92
243 185 128 130
244 179 122 124
245 179 124 181
246 162 107 105
247 131 5 129
248 229 184 182
249 173 116 118
250 162 105 160
251 159 102 104
252 157 100 102
253 71 131 129
254 179 177 122
255 153 151 96
256 144 89 87
257 132 3 4
258 132 4 131
259 144 146 89
260 199 150 148
261 194 144 142
262 141 85 83
263 149 94 151
264 140 83 82
265 160 105 103
266 158 101 156
267 145 90 147
268 188 137 136
269 215 166 164
270 164 109 107
271 196 145 147
272 157 155 100
273 172 164 162
274 176 121 119
275 155 98 100
276 141 142 85
277 231 221 213
278 135 75 77
279 79 248 265
280 171 114 116
281 233 184 229
282 178 123 121
283 171 169 114
284 171 116 173
285 164 166 109
286 79 265 239
287 184 129 127
288 71 185 131
289 154 99 97
290 154 156 99
291 227 182 180
292 178 121 176
293 226 179 181
294 182 127 125
295 161 104 106
296 161 159 104
297 146 91 89
298 146 148 91
299 158 160 103
300 218 216 167
301 172 162 160
302 222 173 175
303 135 134 75
304 186 84 86
305 209 160 158
306 207 158 156
307 210 159 161
308 167 110 112
309 163 161 106
310 216 165 167
311 175 173 118
312 222 175 223
313 182 125 180
314 182 184 127
315 197 148 146
316 152 97 95
317 167 165 110
318 167 112 169
319 133 136 74
320 137 80 78
321 220 171 173
322 220 173 222
323 144 87 142
324 263 217 253
325 136 78 76
326 136 137 78
327 155 153 98
328 157 102 159
329 183 126 128
330 183 181 126
331 168 111 166
332 226 225 179
333 202 151 153
334 191 140 139
335 189 138 137
336 187 133 134
337 138 139 81
338 189 137 188
339 186 135 84
340 186 86 143
341 223 175 177
342 260 223 225
343 183 128 185
344 71 129 184
345 174 143 145
346 174 187 143
347 223 177 225
348 162 164 107
349 141 83 140
350 204 153 155
351 178 180 123
352 209 172 160
353 208 157 159
354 191 192 140
355 152 154 97
356 152 95 150
357 204 202 153
358 208 159 210
359 193 142 141
360 195 146 144
361 193 194 142
362 237 192 191
363 250 172 209
364 225 177 179
365 237 202 204
366 195 144 194
367 201 150 199
368 219 169 171
369 197 199 148
370 219 171 220
371 234 196 198
372 189 190 138
373 203 154 152
374 214 163 165
375 211 41 42
376 217 168 166
377 214 165 216
378 203 205 154
379 243 201 199
380 212 161 163
381 206 155 157
382 192 141 140
383 200 149 151
384 200 151 202
385 217 166 215
386 217 170 168
387 240 195 194
388 219 218 169
389 227 229 182
390 84 211 42
391 197 146 195
392 212 163 214
393 235 198 200
394 198 147 149
395 230 136 133
396 186 134 135
397 190 139 138
398 190 191 139
399 174 196 230
400 209 158 207
401 203 152 201
402 254 216 218
403 206 157 208
404 193 141 192
405 228 181 183
406 228 226 181
407 231 170 217
408 260 259 223
409 237 236 202
410 236 200 202
411 174 230 187
412 258 221 70
413 253 217 215
414 254 218 255
415 252 214 216
416 242 199 197
417 224 178 176
418 224 176 221
419 224 180 178
420 233 183 185
421 212 210 161
422 79 247 248
423 232 229 227
424 263 231 217
425 243 199 242
426 260 225 261
427 268 243 242
428 244 205 203
429 187 134 186
430 187 186 143
431 240 241 195
432 248 208 210
433 276 256 257
434 263 70 221
435 198 196 147
436 198 149 200
437 224 227 180
438 280 262 250
439 206 204 155
440 239 194 193
441 232 228 229
442 258 224 221
443 239 193 238
444 237 191 236
445 257 220 222
446 255 218 219
447 255 219 256
448 248 247 208
449 230 188 136
450 230 133 187
451 235 190 189
452 234 188 196
453 232 226 228
454 261 225 226
455 232 261 226
456 264 227 224
457 241 197 195
458 241 242 197
459 244 246 205
460 79 238 247
461 237 204 245
462 247 206 208
463 245 204 206
464 238 193 192
465 234 189 188
466 236 191 190
467 245 206 247
468 245 247 238
469 174 145 196
470 230 196 188
471 251 212 214
472 251 214 252
473 235 200 236
474 235 236 190
475 256 219 220
476 246 207 205
477 267 242 241
478 267 268 242
479 270 246 244
480 244 203 201
481 233 229 228
482 233 228 183
483 77 39 211
484 244 201 243
485 246 209 207
486 246 250 209
487 257 222 259
488 259 222 223
489 234 198 235
490 234 235 189
491 240 194 239
492 249 210 212
493 276 275 256
494 211 39 40
495 281 263 253
496 238 192 245
497 249 248 210
