1 1527 1479 1528
2 1531 1530 1482
3 1573 1571 1535
4 1553 1511 1510
5 1602 1598 1553
6 1566 1529 1530
7 1589 1560 1561
8 1501 1500 1514
9 1548 1516 1517
10 1565 1528 1529
11 1589 1588 1560
12 1509 1453 877
13 1098 1572 1498
14 1041 1042 169
15 1560 1523 1524
16 1536 1462 1512
17 260 107 108
18 1565 1529 1566
19 1590 1561 1562
20 1563 1526 1527
21 1548 1547 1516
22 1546 1502 1501
23 1458 875 1460
24 1559 1522 1523
25 1551 1507 1506
26 1548 1517 1554
27 1542 1545 1497
28 1539 1538 1475
29 1563 1562 1526
30 1539 1493 1545
31 1589 1561 1590
32 1543 1491 1492
33 1574 1508 1552
34 221 16 17
35 1556 1555 1519
36 1551 1506 1550
37 1555 1518 1519
38 218 128 129
39 1562 1525 1526
40 1562 1561 1525
41 1594 1565 1566
42 1544 1492 1496
43 1564 1527 1528
44 1564 1563 1527
45 1558 1521 1522
46 1558 1522 1559
47 1554 1517 1518
48 1551 1552 1507
49 1546 1501 1514
50 310 82 83
51 310 312 82
52 311 61 62
53 1546 1514 1515
54 1554 1518 1555
55 1554 1555 1550
56 1547 1515 1516
57 1547 1546 1515
58 1544 1543 1492
59 1541 1496 1490
60 241 26 27
61 1569 1532 1533
62 180 158 159
63 1569 1568 1532
64 1558 1557 1521
65 1266 1100 1265
66 1596 1567 1568
67 1580 1539 1545
68 193 142 143
69 1560 1559 1523
70 1560 1524 1561
71 225 18 19
72 1541 1544 1496
73 1541 1490 1536
74 1551 1550 1555
75 1585 1556 1557
76 1540 1489 1488
77 1540 1488 1485
78 1542 1491 1543
79 1594 1566 1595
80 1564 1528 1565
81 1584 1543 1544
82 1575 1553 1510
83 1588 1559 1560
84 1595 1566 1567
85 191 143 144
86 207 9 10
87 1582 1545 1542
88 1548 1554 1549
89 1548 1504 1503
90 191 193 143
91 1548 1549 1504
92 1548 1503 1547
93 1568 1531 1532
94 1568 1567 1531
95 1583 1542 1543
96 1584 1583 1543
97 204 135 136
98 223 17 18
99 241 239 26
100 227 19 20
101 1571 1534 1535
102 1571 1570 1534
103 1585 1555 1556
104 182 159 160
105 1585 1551 1555
106 1577 1536 1512
107 1592 1563 1564
108 1569 1533 1570
109 216 218 129
110 200 137 138
111 205 8 9
112 1572 1494 1538
113 1582 1542 1583
114 1579 1569 1570
115 1537 1464 1514
116 283 47 48
117 1537 1514 1500
118 1592 1591 1563
119 1578 1541 1536
120 1494 1098 1434
121 1594 1595 1583
122 1579 1538 1539
123 1580 1568 1569
124 166 1553 1575
125 282 96 97
126 1585 1552 1551
127 1582 1583 1595
128 1596 1568 1580
129 295 53 54
130 1591 1562 1563
131 1591 1590 1562
132 1579 1539 1580
133 207 10 209
134 177 150 151
135 222 126 127
136 1579 1580 1569
137 203 7 8
138 180 178 158
139 235 23 24
140 200 138 198
141 281 46 47
142 254 110 111
143 243 27 28
144 1586 1557 1558
145 1161 169 1042
146 263 37 38
147 309 60 61
148 1581 1544 1541
149 1581 1584 1544
150 1581 1541 1578
151 1593 1564 1565
152 194 141 142
153 1593 1565 1594
154 1600 1591 1592
155 192 197 190
156 1596 1595 1567
157 281 47 283
158 240 117 118
159 1599 1590 1591
160 166 1602 1553
161 222 224 126
162 273 42 43
163 329 328 327
164 482 327 328
165 1587 1558 1559
166 236 119 120
167 293 52 53
168 262 106 107
169 309 307 60
170 308 83 84
171 1587 1586 1558
172 1599 1598 1590
173 1599 1577 1576
174 319 65 66
175 1599 1576 1598
176 272 101 102
177 259 35 36
178 212 131 132
179 3 165 2
180 1578 1536 1577
181 1587 1559 1588
182 1597 1574 1552
183 197 4 5
184 190 163 164
185 1593 1592 1564
186 245 28 29
187 285 48 49
188 1303 1208 1147
189 307 59 60
190 286 94 95
191 1603 1594 1583
192 1603 1583 1584
193 1597 1552 1585
194 1597 1586 1574
195 1573 1495 1498
196 236 120 234
197 1573 1498 1571
198 321 66 67
199 308 84 306
200 1603 1593 1594
201 1601 1581 1578
202 166 1588 1602
203 273 271 42
204 224 125 126
205 1604 1574 1586
206 348 190 197
207 190 188 163
208 192 3 4
209 275 43 44
210 1596 1582 1595
211 1597 1585 1557
212 297 54 55
213 190 164 192
214 192 4 197
215 260 108 258
216 270 102 103
217 226 124 125
218 265 38 39
219 223 18 225
220 177 151 175
221 186 161 162
222 1597 1557 1586
223 1598 1589 1590
224 178 157 158
225 221 17 223
226 171 154 155
227 257 34 35
228 253 32 33
229 285 283 48
230 266 104 105
231 1598 1576 1553
232 183 147 148
233 321 319 66
234 317 64 65
235 306 84 85
236 1601 1592 1593
237 1600 1599 1591
238 1600 1578 1577
239 253 251 32
240 261 36 37
241 1600 1577 1599
242 317 315 64
243 1601 1578 1600
244 1601 1600 1592
245 1602 1588 1589
246 389 234 232
247 1602 1589 1598
248 293 291 52
249 189 144 145
250 189 191 144
251 236 238 119
252 1603 1601 1593
253 1147 1208 1094
254 406 249 251
255 208 133 134
256 220 127 128
257 216 129 130
258 403 248 246
259 242 116 117
260 266 268 104
261 179 149 150
262 171 172 154
263 257 35 259
264 167 1163 1047
265 1104 1046 1045
266 297 295 54
267 227 20 229
268 202 136 137
269 215 13 14
270 179 150 177
271 1604 1586 1587
272 166 1587 1588
273 329 72 73
274 475 320 318
275 254 256 110
276 261 259 36
277 166 1575 1604
278 166 1604 1587
279 329 71 72
280 71 1 72
281 296 89 90
282 305 58 59
283 369 214 212
284 244 116 242
285 483 197 199
286 182 160 184
287 329 70 71
288 329 327 70
289 327 69 70
290 324 75 76
291 875 1458 1511
292 1452 1451 877
293 176 156 157
294 203 8 205
295 241 27 243
296 209 10 11
297 279 45 46
298 252 111 112
299 183 185 147
300 202 204 136
301 290 92 93
302 292 91 92
303 322 76 77
304 322 324 76
305 298 88 89
306 296 90 294
307 877 1508 1574
308 302 86 87
309 231 21 22
310 877 1574 1509
311 217 14 15
312 175 151 152
313 168 800 1044
314 168 1044 786
315 325 68 69
316 320 77 78
317 237 24 25
318 237 25 239
319 292 92 290
320 288 93 94
321 316 79 80
322 300 87 88
323 258 108 109
324 250 112 113
325 256 109 110
326 289 50 51
327 288 290 93
328 303 57 58
329 273 43 275
330 230 122 123
331 282 284 96
332 276 99 100
333 240 242 117
334 303 58 305
335 278 98 99
336 246 114 115
337 318 78 79
338 318 320 78
339 201 6 7
340 186 184 161
341 298 300 88
342 294 90 91
343 215 213 13
344 172 153 154
345 248 113 114
346 244 115 116
347 173 152 153
348 173 153 172
349 231 229 21
350 198 138 139
351 208 134 206
352 220 128 218
353 248 114 246
354 277 44 45
355 434 277 279
356 260 262 107
357 196 139 140
358 195 140 141
359 460 303 305
360 280 97 98
361 214 130 131
362 214 131 212
363 284 95 96
364 299 55 56
365 233 22 23
366 194 142 193
367 277 45 279
368 277 275 44
369 281 279 46
370 268 103 104
371 210 132 133
372 206 134 135
373 272 102 270
374 264 105 106
375 380 223 225
376 215 14 217
377 297 55 299
378 289 287 50
379 230 232 122
380 265 263 38
381 287 49 50
382 454 297 299
383 245 243 28
384 206 135 204
385 267 39 40
386 269 40 41
387 267 265 39
388 232 121 122
389 316 318 79
390 322 77 320
391 415 260 258
392 274 100 101
393 181 148 149
394 335 177 175
395 327 325 69
396 629 479 477
397 213 12 13
398 174 155 156
399 415 417 260
400 256 258 109
401 213 211 12
402 174 171 155
403 392 235 237
404 239 25 26
405 440 283 285
406 588 436 438
407 219 15 16
408 219 217 15
409 301 56 57
410 301 57 303
411 471 316 314
412 469 314 312
413 210 133 208
414 402 245 247
415 211 11 12
416 211 209 11
417 267 40 269
418 228 123 124
419 408 251 253
420 249 30 31
421 315 63 64
422 468 311 313
423 307 305 59
424 304 85 86
425 207 205 9
426 174 156 176
427 447 292 290
428 300 302 87
429 406 251 408
430 247 29 30
431 286 288 94
432 287 285 49
433 185 146 147
434 350 193 191
435 271 41 42
436 271 269 41
437 561 411 409
438 250 113 248
439 470 313 315
440 313 62 63
441 469 471 314
442 301 299 56
443 291 51 52
444 276 278 99
445 178 176 157
446 182 180 159
447 293 53 295
448 264 266 105
449 378 221 223
450 187 145 146
451 229 20 21
452 194 195 141
453 304 86 302
454 457 302 300
455 438 281 283
456 442 285 287
457 187 189 145
458 350 191 349
459 445 290 288
460 280 98 278
461 268 270 103
462 413 258 256
463 475 477 320
464 326 74 75
465 216 130 214
466 426 269 271
467 251 31 32
468 251 249 31
469 244 246 115
470 403 405 248
471 427 272 270
472 457 300 455
473 314 80 81
474 314 316 80
475 289 51 291
476 446 289 291
477 286 95 284
478 446 291 448
479 261 37 263
480 363 208 206
481 317 65 319
482 468 466 311
483 442 440 285
484 438 283 440
485 336 176 178
486 364 207 209
487 622 470 472
488 459 304 302
489 228 230 123
490 224 226 125
491 420 263 265
492 375 220 218
493 454 299 456
494 298 89 296
495 274 101 272
496 452 295 297
497 375 377 220
498 369 371 214
499 480 323 325
500 323 67 68
501 192 164 165
502 192 165 3
503 326 75 324
504 628 476 478
505 238 118 119
506 397 242 240
507 274 276 100
508 589 439 437
509 523 373 371
510 255 33 34
511 427 429 272
512 292 294 91
513 480 478 323
514 476 319 321
515 228 124 226
516 410 253 255
517 312 81 82
518 312 314 81
519 581 431 429
520 282 97 280
521 434 432 277
522 432 275 277
523 323 321 67
524 323 68 325
525 252 254 111
526 387 232 230
527 430 273 275
528 240 118 238
529 387 230 385
530 375 218 373
531 630 478 480
532 328 73 74
533 199 5 6
534 199 197 5
535 184 160 161
536 201 7 203
537 370 213 215
538 518 366 368
539 222 127 220
540 562 410 412
541 328 74 326
542 328 329 73
543 219 16 221
544 185 187 146
545 405 250 248
546 420 265 422
547 349 191 189
548 202 137 200
549 355 200 198
550 237 235 24
551 334 174 176
552 173 175 152
553 234 120 121
554 234 121 232
555 196 198 139
556 233 231 22
557 585 435 433
558 447 290 445
559 313 63 315
560 313 311 62
561 399 244 242
562 397 240 395
563 308 310 83
564 306 85 304
565 564 412 414
566 418 261 263
567 247 245 29
568 247 30 249
569 505 354 353
570 233 23 235
571 540 388 390
572 398 241 243
573 227 225 19
574 357 202 200
575 449 294 292
576 309 61 311
577 340 180 182
578 346 186 188
579 484 331 330
580 334 330 174
581 436 279 281
582 587 437 435
583 462 305 307
584 461 306 304
585 455 300 298
586 449 292 447
587 347 189 187
588 181 149 179
589 481 326 324
590 476 321 478
591 444 287 289
592 439 284 282
593 424 267 269
594 395 240 238
595 201 199 6
596 188 162 163
597 387 389 232
598 393 238 236
599 356 199 201
600 186 162 188
601 338 178 180
602 356 201 358
603 378 223 380
604 376 219 221
605 1579 1570 1538
606 1572 1538 1570
607 196 140 195
608 504 353 352
609 679 530 532
610 359 204 202
611 398 396 241
612 396 239 241
613 435 280 278
614 465 310 308
615 264 106 262
616 472 315 317
617 359 361 204
618 361 206 204
619 210 212 132
620 381 226 224
621 346 188 348
622 330 171 174
623 348 188 190
624 358 201 203
625 364 209 366
626 372 215 217
627 422 265 267
628 357 200 355
629 390 233 235
630 540 390 542
631 472 470 315
632 456 299 301
633 503 504 352
634 386 229 231
635 913 775 776
636 477 322 320
637 453 298 296
638 559 409 407
639 255 253 33
640 400 243 245
641 181 183 148
642 376 221 378
643 252 112 250
644 600 448 450
645 362 205 207
646 374 217 219
647 255 34 257
648 363 365 208
649 331 172 171
650 331 171 330
651 335 175 333
652 376 374 219
653 367 212 210
654 416 259 261
655 345 187 185
656 332 173 172
657 388 231 233
658 351 194 193
659 373 218 216
660 371 216 214
661 463 465 308
662 463 308 306
663 443 288 286
664 429 274 272
665 365 210 208
666 363 206 361
667 432 430 275
668 404 247 249
669 393 395 238
670 383 226 381
671 353 196 195
672 505 506 354
673 458 301 303
674 459 302 457
675 541 391 389
676 424 422 267
677 458 303 460
678 448 291 293
679 391 236 234
680 391 234 389
681 424 269 426
682 379 224 222
683 342 182 184
684 362 207 364
685 462 460 305
686 463 306 461
687 438 436 281
688 411 413 256
689 416 261 418
690 412 255 257
691 581 429 579
692 610 458 460
693 394 237 239
694 354 198 196
695 400 398 243
696 400 245 402
697 405 407 250
698 409 254 252
699 428 271 273
700 428 273 430
701 777 776 775
702 633 328 326
703 384 227 229
704 332 172 331
705 383 228 226
706 568 416 418
707 417 262 260
708 423 268 266
709 443 286 441
710 441 286 284
711 419 264 262
712 421 266 264
713 446 444 289
714 433 278 276
715 468 313 470
716 478 321 323
717 554 402 404
718 367 210 365
719 437 282 280
720 437 439 282
721 379 381 224
722 385 230 228
723 404 249 406
724 404 402 247
725 411 256 254
726 411 254 409
727 397 399 242
728 401 246 244
729 536 384 386
730 382 225 227
731 594 442 444
732 525 375 373
733 423 266 421
734 425 270 268
735 343 185 183
736 372 370 215
737 453 296 451
738 583 431 581
739 358 203 360
740 510 358 360
741 633 482 328
742 482 325 327
743 366 209 211
744 368 211 213
745 419 262 417
746 419 421 264
747 532 380 382
748 352 195 194
749 607 457 455
750 459 461 304
751 407 252 250
752 407 409 252
753 541 389 539
754 414 257 259
755 420 418 263
756 383 385 228
757 451 296 294
758 456 301 458
759 377 222 220
760 574 422 424
761 362 360 205
762 360 203 205
763 337 179 177
764 368 213 370
765 451 294 449
766 452 297 454
767 453 455 298
768 599 449 447
769 531 381 379
770 547 397 395
771 341 183 181
772 333 175 173
773 343 345 185
774 339 181 179
775 617 467 465
776 464 307 309
777 352 194 351
778 352 353 195
779 549 399 397
780 576 424 426
781 600 598 448
782 431 276 274
783 394 392 237
784 390 235 392
785 431 433 276
786 431 274 429
787 545 395 393
788 428 426 271
789 464 309 466
790 464 462 307
791 574 424 576
792 582 430 432
793 410 255 412
794 410 408 253
795 368 366 211
796 341 181 339
797 441 284 439
798 450 293 295
799 547 549 397
800 391 393 236
801 633 326 481
802 628 478 630
803 450 448 293
804 587 589 437
805 467 312 310
806 467 310 465
807 466 309 311
808 609 459 457
809 610 460 612
810 452 450 295
811 482 480 325
812 632 481 631
813 394 239 396
814 357 359 202
815 443 445 288
816 583 433 431
817 347 187 345
818 350 351 193
819 520 368 370
820 484 330 485
821 390 388 233
822 542 390 392
823 442 287 444
824 415 258 413
825 599 601 449
826 425 268 423
827 597 447 445
828 606 454 456
829 372 217 374
830 333 173 332
831 414 259 416
832 723 574 576
833 511 361 359
834 548 396 398
835 371 373 216
836 562 560 410
837 401 403 246
838 434 279 436
839 487 333 332
840 337 339 179
841 557 407 405
842 401 244 399
843 474 317 319
844 479 324 322
845 469 312 467
846 474 319 476
847 576 426 578
848 578 426 428
849 386 384 229
850 386 231 388
851 479 322 477
852 479 481 324
853 622 472 624
854 473 318 316
855 340 182 342
856 334 176 336
857 515 365 363
858 550 398 400
859 578 428 580
860 557 559 407
861 490 339 337
862 335 337 177
863 604 452 454
864 551 401 399
865 487 488 333
866 338 336 178
867 539 389 387
868 379 222 377
869 483 348 197
870 344 184 186
871 414 412 257
872 566 414 416
873 532 530 380
874 503 352 351
875 560 408 410
876 523 525 373
877 516 364 366
878 338 180 340
879 526 374 376
880 347 349 189
881 571 421 419
882 724 577 575
883 550 548 398
884 511 513 361
885 516 514 364
886 341 343 183
887 605 455 453
888 601 451 449
889 611 461 459
890 612 460 462
891 526 376 528
892 530 378 380
893 502 351 350
894 497 345 343
895 382 380 225
896 382 227 384
897 571 419 569
898 603 453 451
899 714 567 565
900 582 580 430
901 593 443 441
902 593 595 443
903 565 415 413
904 567 417 415
905 642 491 492
906 512 360 362
907 588 438 590
908 586 434 436
909 550 400 552
910 506 355 354
911 512 362 514
912 520 518 368
913 567 415 565
914 611 613 461
915 614 462 464
916 614 464 616
917 344 186 346
918 344 342 184
919 474 472 317
920 624 472 474
921 354 355 198
922 354 196 353
923 435 278 433
924 435 437 280
925 580 428 430
926 727 578 580
927 496 342 344
928 483 199 356
929 658 511 509
930 367 369 212
931 623 473 471
932 623 471 621
933 473 316 471
934 632 480 482
935 497 343 495
936 528 376 378
937 488 335 333
938 490 493 339
939 425 427 270
940 616 464 466
941 631 481 479
942 475 318 473
943 695 546 548
944 517 367 365
945 508 356 358
946 508 358 510
947 621 471 469
948 619 469 467
949 494 340 342
950 634 356 508
951 592 440 442
952 602 450 452
953 560 558 408
954 517 365 515
955 494 492 340
956 486 332 331
957 561 563 411
958 563 413 411
959 591 441 439
960 587 435 585
961 485 330 334
962 497 499 345
963 489 334 336
964 492 338 340
965 522 370 372
966 514 362 364
967 490 337 335
968 493 341 339
969 539 387 537
970 519 369 367
971 501 350 349
972 522 520 370
973 621 469 619
974 625 475 473
975 499 347 345
976 501 349 500
977 513 363 361
978 513 515 363
979 534 382 384
980 657 509 507
981 592 442 594
982 722 575 573
983 555 405 403
984 555 557 405
985 556 404 406
986 556 406 558
987 624 474 626
988 613 463 461
989 598 446 448
990 604 454 606
991 605 607 455
992 608 456 458
993 609 457 607
994 595 445 443
995 569 419 417
996 590 438 440
997 547 395 545
998 551 553 401
999 501 502 350
1000 528 378 530
1001 615 465 463
1002 618 466 468
1003 617 619 467
1004 756 609 607
1005 649 500 499
1006 495 343 341
1007 534 532 382
1008 544 392 394
1009 491 336 338
1010 491 338 492
1011 614 612 462
1012 615 463 613
1013 537 387 385
1014 519 521 369
1015 527 377 375
1016 566 416 568
1017 684 537 535
1018 719 570 572
1019 553 403 401
1020 586 436 588
1021 743 594 596
1022 579 429 427
1023 552 400 402
1024 552 402 554
1025 775 626 628
1026 618 616 466
1027 775 773 626
1028 615 617 465
1029 489 336 491
1030 526 524 374
1031 721 572 574
1032 535 385 383
1033 527 375 525
1034 570 418 420
1035 485 334 489
1036 524 372 374
1037 721 574 723
1038 541 543 391
1039 629 631 479
1040 773 624 626
1041 512 510 360
1042 498 344 346
1043 591 593 441
1044 601 603 451
1045 726 579 577
1046 573 423 421
1047 605 453 603
1048 608 606 456
1049 591 439 589
1050 604 602 452
1051 503 351 502
1052 649 650 500
1053 500 349 347
1054 500 347 499
1055 575 425 423
1056 577 427 425
1057 529 379 377
1058 566 564 414
1059 498 496 344
1060 647 508 510
1061 563 565 413
1062 696 549 547
1063 713 564 566
1064 529 377 527
1065 674 527 525
1066 719 717 570
1067 536 534 384
1068 507 357 355
1069 544 542 392
1070 695 548 697
1071 699 550 552
1072 662 515 513
1073 535 537 385
1074 686 537 684
1075 632 630 480
1076 632 631 630
1077 643 492 494
1078 486 331 484
1079 657 507 656
1080 546 394 396
1081 531 379 529
1082 533 383 381
1083 584 432 434
1084 553 555 403
1085 592 590 440
1086 745 596 598
1087 509 359 357
1088 506 507 355
1089 600 450 602
1090 736 589 587
1091 647 510 659
1092 516 366 518
1093 168 659 661
1094 494 342 496
1095 626 474 476
1096 626 476 628
1097 692 545 543
1098 543 393 391
1099 561 409 559
1100 584 434 586
1101 570 568 418
1102 676 529 527
1103 679 532 681
1104 505 353 504
1105 584 582 432
1106 706 559 557
1107 667 518 520
1108 665 516 518
1109 645 494 496
1110 486 487 332
1111 627 477 475
1112 627 475 625
1113 558 406 408
1114 556 554 404
1115 822 683 685
1116 790 651 650
1117 596 444 446
1118 879 742 740
1119 797 658 657
1120 538 386 388
1121 543 545 393
1122 727 580 729
1123 881 744 742
1124 597 445 595
1125 577 579 427
1126 577 425 575
1127 645 496 647
1128 634 508 498
1129 493 495 341
1130 638 488 487
1131 738 589 736
1132 573 575 423
1133 509 511 359
1134 509 357 507
1135 739 590 592
1136 764 617 615
1137 773 771 624
1138 777 630 631
1139 637 485 489
1140 635 484 485
1141 533 535 383
1142 572 420 422
1143 638 639 488
1144 524 522 372
1145 874 735 737
1146 551 399 549
1147 774 627 625
1148 766 617 764
1149 686 539 537
1150 725 576 578
1151 796 657 656
1152 654 505 504
1153 620 468 470
1154 620 618 468
1155 756 607 754
1156 599 447 597
1157 634 346 348
1158 634 348 483
1159 664 515 662
1160 664 517 515
1161 698 551 549
1162 704 557 555
1163 608 458 610
1164 765 616 618
1165 583 585 433
1166 729 580 582
1167 538 536 386
1168 538 388 540
1169 694 547 545
1170 698 700 551
1171 569 417 567
1172 702 704 555
1173 749 600 602
1174 891 754 752
1175 562 412 564
1176 519 367 517
1177 750 603 601
1178 890 751 753
1179 674 525 672
1180 531 533 381
1181 654 504 653
1182 816 677 679
1183 740 593 591
1184 738 591 589
1185 521 371 369
1186 685 536 538
1187 688 541 539
1188 702 555 553
1189 572 570 420
1190 572 422 574
1191 751 602 604
1192 728 581 579
1193 521 523 371
1194 672 525 523
1195 766 619 617
1196 774 776 627
1197 754 607 605
1198 751 749 602
1199 699 552 701
1200 656 507 506
1201 623 625 473
1202 765 618 767
1203 716 569 567
1204 979 847 845
1205 490 335 488
1206 816 814 677
1207 790 650 789
1208 644 495 493
1209 699 697 550
1210 850 711 713
1211 635 636 484
1212 642 640 491
1213 755 606 608
1214 755 608 757
1215 711 562 564
1216 666 519 517
1217 744 597 595
1218 906 767 769
1219 546 396 548
1220 546 544 394
1221 665 518 667
1222 791 652 651
1223 766 768 619
1224 763 614 616
1225 596 446 598
1226 596 594 444
1227 671 522 524
1228 647 496 498
1229 571 573 421
1230 753 604 606
1231 797 798 658
1232 693 544 546
1233 814 675 677
1234 648 499 497
1235 609 611 459
1236 742 595 593
1237 622 620 470
1238 759 610 612
1239 772 625 623
1240 768 621 619
1241 750 601 748
1242 753 751 604
1243 743 741 594
1244 991 859 857
1245 709 560 562
1246 830 691 693
1247 671 669 522
1248 639 490 488
1249 714 565 712
1250 993 859 991
1251 711 564 713
1252 720 573 571
1253 629 477 627
1254 777 631 629
1255 705 556 558
1256 670 523 521
1257 706 557 704
1258 716 718 569
1259 759 612 761
1260 760 613 611
1261 820 681 683
1262 655 506 505
1263 703 554 556
1264 670 672 523
1265 759 757 610
1266 757 608 610
1267 668 521 519
1268 688 690 541
1269 725 578 727
1270 678 531 529
1271 700 553 551
1272 733 584 586
1273 690 543 541
1274 708 561 559
1275 673 524 526
1276 675 526 528
1277 726 577 724
1278 702 553 700
1279 752 605 603
1280 752 754 605
1281 660 513 511
1282 660 511 658
1283 777 628 630
1284 774 625 772
1285 668 670 521
1286 830 693 832
1287 909 772 770
1288 763 616 765
1289 1011 878 880
1290 712 565 563
1291 750 752 603
1292 730 583 581
1293 703 701 554
1294 664 666 517
1295 641 493 490
1296 663 514 516
1297 782 639 638
1298 640 489 491
1299 722 724 575
1300 857 720 718
1301 731 582 584
1302 731 584 733
1303 641 644 493
1304 650 501 500
1305 734 587 585
1306 748 601 599
1307 690 692 543
1308 696 698 549
1309 697 548 550
1310 660 662 513
1311 669 520 522
1312 673 526 675
1313 652 503 502
1314 653 504 503
1315 722 573 720
1316 730 581 728
1317 707 558 560
1318 707 560 709
1319 895 758 756
1320 895 897 758
1321 746 599 597
1322 746 597 744
1323 741 592 594
1324 694 545 692
1325 767 618 620
1326 771 622 624
1327 715 566 568
1328 715 568 717
1329 687 538 540
1330 687 685 538
1331 776 629 627
1332 776 777 629
1333 747 598 600
1334 747 745 598
1335 748 599 746
1336 753 606 755
1337 908 769 771
1338 770 623 621
1339 715 713 566
1340 680 533 531
1341 747 600 749
1342 732 585 583
1343 689 540 542
1344 689 542 691
1345 731 729 582
1346 1222 1112 1110
1347 677 528 530
1348 677 675 528
1349 691 542 544
1350 655 656 506
1351 682 535 533
1352 717 568 570
1353 707 705 558
1354 711 709 562
1355 676 678 529
1356 719 572 721
1357 758 611 609
1358 762 615 613
1359 741 739 592
1360 743 596 745
1361 843 706 704
1362 837 700 698
1363 689 687 540
1364 830 828 691
1365 762 613 760
1366 761 612 614
1367 633 481 632
1368 633 632 482
1369 669 667 520
1370 636 487 486
1371 726 728 579
1372 732 583 730
1373 678 680 531
1374 682 684 535
1375 710 563 561
1376 718 571 569
1377 683 534 536
1378 683 536 685
1379 784 640 642
1380 800 661 663
1381 775 628 777
1382 910 771 773
1383 636 638 487
1384 636 486 484
1385 725 723 576
1386 827 690 688
1387 646 497 495
1388 648 649 499
1389 844 705 707
1390 701 552 554
1391 738 740 591
1392 888 749 751
1393 834 695 697
1394 801 664 662
1395 770 621 768
1396 769 620 622
1397 898 759 761
1398 1365 1026 1024
1399 837 839 700
1400 735 586 588
1401 737 588 590
1402 737 590 739
1403 758 760 611
1404 905 768 766
1405 637 489 640
1406 665 663 516
1407 847 710 708
1408 734 736 587
1409 780 638 636
1410 938 804 806
1411 784 642 786
1412 800 663 802
1413 908 771 910
1414 1454 1453 1014
1415 898 761 900
1416 896 757 759
1417 652 653 503
1418 651 502 501
1419 703 556 705
1420 834 697 836
1421 661 512 514
1422 659 510 512
1423 694 696 547
1424 839 702 700
1425 718 720 571
1426 884 745 747
1427 893 756 754
1428 1145 1365 1024
1429 1509 1014 1453
1430 911 774 772
1431 847 708 845
1432 882 743 745
1433 891 752 889
1434 883 746 744
1435 641 490 639
1436 646 495 644
1437 676 527 674
1438 811 674 672
1439 892 753 755
1440 1013 880 882
1441 647 498 508
1442 645 643 494
1443 816 679 818
1444 671 524 673
1445 819 682 680
1446 860 721 723
1447 686 688 539
1448 858 719 721
1449 735 588 737
1450 735 733 586
1451 977 845 843
1452 827 688 825
1453 769 767 620
1454 769 622 771
1455 693 691 544
1456 693 546 695
1457 829 692 690
1458 852 713 715
1459 852 850 713
1460 854 715 717
1461 734 585 732
1462 1013 1011 880
1463 661 659 512
1464 661 514 663
1465 821 682 819
1466 815 678 676
1467 789 650 649
1468 646 648 497
1469 860 723 862
1470 866 727 729
1471 742 593 740
1472 742 744 595
1473 913 776 774
1474 892 755 894
1475 763 761 614
1476 883 744 881
1477 637 635 485
1478 914 778 779
1479 642 492 643
1480 802 663 665
1481 842 703 705
1482 962 828 830
1483 1254 1365 1145
1484 861 724 722
1485 831 694 692
1486 833 696 694
1487 681 532 534
1488 681 534 683
1489 814 812 675
1490 820 683 822
1491 668 519 666
1492 840 701 703
1493 804 665 667
1494 802 665 804
1495 762 764 615
1496 1041 908 910
1497 812 673 675
1498 788 649 648
1499 835 698 696
1500 856 717 719
1501 906 769 908
1502 903 905 766
1503 679 677 530
1504 826 687 689
1505 1006 872 874
1506 1217 1108 1204
1507 758 609 756
1508 904 765 767
1509 987 855 853
1510 706 708 559
1511 826 824 687
1512 657 658 509
1513 682 533 680
1514 866 864 727
1515 634 498 346
1516 634 483 356
1517 813 676 674
1518 856 719 858
1519 710 712 563
1520 710 561 708
1521 860 858 721
1522 716 567 714
1523 655 505 654
1524 824 685 687
1525 651 501 650
1526 651 652 502
1527 838 699 701
1528 824 822 685
1529 770 772 623
1530 911 772 909
1531 817 680 678
1532 842 705 844
1533 841 704 702
1534 1268 1126 1124
1535 884 882 745
1536 888 886 749
1537 810 671 673
1538 780 636 778
1539 806 667 669
1540 806 804 667
1541 813 815 676
1542 817 819 680
1543 801 803 664
1544 832 693 695
1545 865 728 726
1546 867 730 728
1547 786 642 643
1548 645 647 659
1549 778 636 635
1550 810 808 671
1551 913 912 775
1552 899 762 760
1553 897 760 758
1554 907 770 768
1555 787 646 644
1556 787 648 646
1557 823 686 684
1558 829 690 827
1559 892 890 753
1560 867 869 730
1561 787 788 648
1562 922 788 787
1563 803 666 664
1564 848 709 711
1565 873 736 734
1566 885 748 746
1567 855 718 716
1568 861 863 724
1569 786 643 645
1570 168 645 659
1571 871 734 732
1572 869 732 730
1573 792 653 652
1574 818 679 681
1575 901 764 762
1576 901 762 899
1577 781 637 640
1578 781 779 637
1579 828 689 691
1580 795 656 655
1581 810 673 812
1582 785 644 641
1583 807 670 668
1584 799 662 660
1585 900 761 763
1586 902 763 765
1587 823 825 686
1588 825 688 686
1589 808 669 671
1590 808 806 669
1591 896 759 898
1592 894 755 757
1593 903 766 764
1594 907 909 770
1595 902 900 763
1596 1033 900 902
1597 795 796 656
1598 794 655 654
1599 886 747 749
1600 873 734 871
1601 820 818 681
1602 826 689 828
1603 879 881 742
1604 886 884 747
1605 778 635 779
1606 785 641 783
1607 779 635 637
1608 168 786 645
1609 807 809 670
1610 842 840 703
1611 863 726 724
1612 869 871 732
1613 848 846 709
1614 990 856 858
1615 922 923 788
1616 791 792 652
1617 876 737 739
1618 959 827 825
1619 781 640 784
1620 936 802 804
1621 838 836 699
1622 838 701 840
1623 868 729 731
1624 841 702 839
1625 798 660 658
1626 798 799 660
1627 793 654 653
1628 793 653 792
1629 794 795 655
1630 956 822 824
1631 846 707 709
1632 846 844 707
1633 897 899 760
1634 889 752 750
1635 843 704 841
1636 845 708 706
1637 978 844 846
1638 809 672 670
1639 1032 901 899
1640 907 768 905
1641 896 894 757
1642 1030 899 897
1643 938 806 940
1644 783 641 639
1645 843 845 706
1646 870 731 733
1647 880 741 743
1648 880 743 882
1649 835 837 698
1650 1006 874 1008
1651 912 773 775
1652 912 910 773
1653 903 764 901
1654 904 767 906
1655 785 787 644
1656 1051 924 923
1657 876 739 878
1658 973 841 839
1659 1257 1365 1254
1660 1257 1151 1365
1661 973 975 841
1662 872 733 735
1663 836 697 699
1664 962 830 964
1665 809 811 672
1666 854 852 715
1667 864 725 727
1668 862 723 725
1669 848 711 850
1670 854 717 856
1671 1025 892 894
1672 887 750 748
1673 782 783 639
1674 782 638 780
1675 821 684 682
1676 817 678 815
1677 863 865 726
1678 888 751 890
1679 939 807 805
1680 943 811 809
1681 868 731 870
1682 975 843 841
1683 930 796 795
1684 942 808 810
1685 1008 874 876
1686 993 861 859
1687 1004 870 872
1688 855 857 718
1689 964 830 832
1690 834 832 695
1691 813 674 811
1692 984 850 852
1693 1043 1042 1041
1694 1043 1041 910
1695 1031 898 900
1696 895 756 893
1697 1006 1004 872
1698 867 728 865
1699 943 945 811
1700 990 988 856
1701 878 739 741
1702 878 741 880
1703 859 722 720
1704 859 720 857
1705 971 839 837
1706 835 696 833
1707 927 793 792
1708 960 826 828
1709 918 781 784
1710 916 779 781
1711 979 845 977
1712 967 835 833
1713 1030 1032 899
1714 887 889 750
1715 872 735 874
1716 872 870 733
1717 1116 991 989
1718 997 865 863
1719 797 657 796
1720 933 799 798
1721 988 854 856
1722 803 805 666
1723 801 662 799
1724 805 668 666
1725 1001 869 867
1726 1005 873 871
1727 885 746 883
1728 1025 1023 892
1729 969 837 835
1730 957 825 823
1731 918 916 781
1732 1044 784 786
1733 1131 1007 1005
1734 989 857 855
1735 956 824 958
1736 789 649 788
1737 794 654 793
1738 954 820 822
1739 1034 903 901
1740 1043 910 912
1741 805 807 668
1742 945 813 811
1743 964 832 966
1744 976 842 844
1745 933 798 932
1746 1099 972 974
1747 831 833 694
1748 864 862 725
1749 821 823 684
1750 994 860 862
1751 853 716 714
1752 849 712 710
1753 851 714 712
1754 853 855 716
1755 931 797 796
1756 928 794 793
1757 853 714 851
1758 876 874 737
1759 992 858 860
1760 831 692 829
1761 931 796 930
1762 928 793 927
1763 1003 871 869
1764 861 722 859
1765 984 852 986
1766 1062 935 934
1767 866 729 868
1768 994 862 996
1769 961 829 827
1770 961 963 829
1771 904 902 765
1772 1040 909 907
1773 913 774 911
1774 1043 911 1042
1775 999 867 865
1776 1021 888 890
1777 1044 918 784
1778 942 810 944
1779 1003 869 1001
1780 1021 890 1023
1781 1002 868 870
1782 1114 989 987
1783 891 893 754
1784 1114 987 1112
1785 849 851 712
1786 849 710 847
1787 941 809 807
1788 968 834 836
1789 1020 889 887
1790 885 887 748
1791 971 837 969
1792 953 821 819
1793 996 862 864
1794 968 836 970
1795 1023 890 892
1796 1024 893 891
1797 944 810 812
1798 940 806 808
1799 1016 885 883
1800 1034 1036 903
1801 954 822 956
1802 952 818 820
1803 978 846 980
1804 955 823 821
1805 1018 887 885
1806 1022 891 889
1807 982 848 850
1808 966 832 834
1809 790 791 651
1810 946 812 814
1811 919 783 782
1812 1053 926 925
1813 941 807 939
1814 955 821 953
1815 1036 905 903
1816 1037 904 906
1817 1031 900 1033
1818 1037 906 1039
1819 923 789 788
1820 1052 1053 925
1821 1002 1000 868
1822 986 852 854
1823 937 805 803
1824 972 838 840
1825 967 833 965
1826 963 831 829
1827 923 924 789
1828 1580 1545 1596
1829 1151 1028 1365
1830 1015 882 884
1831 951 819 817
1832 1002 870 1004
1833 1038 907 905
1834 1161 1042 1040
1835 947 815 813
1836 951 953 819
1837 1042 911 909
1838 1042 909 1040
1839 1036 1038 905
1840 1039 906 908
1841 1039 908 1041
1842 1018 885 1016
1843 1128 1003 1001
1844 1108 981 1204
1845 1140 1018 1016
1846 1029 896 898
1847 937 803 935
1848 935 803 801
1849 924 790 789
1850 946 814 948
1851 981 849 847
1852 983 851 849
1853 925 791 790
1854 925 790 924
1855 1134 1008 1009
1856 1204 981 979
1857 1043 912 913
1858 1043 913 911
1859 937 939 805
1860 970 836 838
1861 1091 964 966
1862 960 828 962
1863 929 795 794
1864 929 930 795
1865 1024 891 1022
1866 1028 897 895
1867 1204 979 977
1868 1268 1236 1126
1869 915 780 778
1870 914 779 916
1871 970 838 972
1872 978 976 844
1873 1090 965 963
1874 967 969 835
1875 1077 950 952
1876 926 792 791
1877 1365 1028 1026
1878 1005 871 1003
1879 994 992 860
1880 961 827 959
1881 1026 895 893
1882 1027 894 896
1883 1027 1025 894
1884 1027 896 1029
1885 1146 1023 1025
1886 1146 1025 1148
1887 946 944 812
1888 919 920 783
1889 1000 866 868
1890 1125 998 1000
1891 917 782 780
1892 917 919 782
1893 1189 1075 1077
1894 942 940 808
1895 999 1001 867
1896 1015 884 1017
1897 954 952 820
1898 958 824 826
1899 921 787 785
1900 921 922 787
1901 968 966 834
1902 932 798 797
1903 918 802 936
1904 1045 916 918
1905 1276 1171 1294
1906 1038 1040 907
1907 1019 886 888
1908 1019 888 1021
1909 1091 966 1093
1910 1058 931 930
1911 974 840 842
1912 982 980 848
1913 981 983 849
1914 1108 983 981
1915 1086 961 959
1916 1088 963 961
1917 949 817 815
1918 988 986 854
1919 950 816 818
1920 950 818 952
1921 1206 1386 1429
1922 1009 876 878
1923 997 999 865
1924 1015 1013 882
1925 995 863 861
1926 1126 1001 999
1927 1035 902 904
1928 169 1039 1041
1929 1125 1123 998
1930 998 864 866
1931 1142 1019 1021
1932 993 995 861
1933 920 785 783
1934 920 921 785
1935 914 915 778
1936 938 936 804
1937 1017 884 886
1938 1017 886 1019
1939 926 927 792
1940 926 791 925
1941 980 846 848
1942 945 947 813
1943 1090 1092 965
1944 1064 939 937
1945 1077 1075 950
1946 917 780 915
1947 990 858 992
1948 957 959 825
1949 1144 1021 1023
1950 1005 1007 873
1951 1034 901 1032
1952 1035 904 1037
1953 974 842 976
1954 974 972 840
1955 1028 1030 897
1956 1275 1294 1171
1957 1072 947 945
1958 1084 959 957
1959 1066 941 939
1960 982 850 984
1961 932 797 931
1962 1089 962 964
1963 1097 970 972
1964 1097 1095 970
1965 1123 996 998
1966 1107 980 982
1967 1153 1032 1030
1968 1031 1029 898
1969 1155 1034 1032
1970 1160 1037 1039
1971 1129 1002 1004
1972 975 977 843
1973 1144 1142 1021
1974 1144 1023 1146
1975 998 866 1000
1976 998 996 864
1977 979 981 847
1978 973 839 971
1979 948 814 816
1980 948 816 950
1981 965 833 831
1982 965 831 963
1983 1135 1009 1011
1984 1119 992 994
1985 1089 1087 962
1986 1093 966 968
1987 1128 1001 1126
1988 997 863 995
1989 1107 1105 980
1990 949 815 947
1991 1035 1033 902
1992 1161 1040 1038
1993 1020 1022 889
1994 1135 1011 1137
1995 1048 921 920
1996 1069 942 944
1997 1255 1146 1148
1998 1020 887 1018
1999 1143 1022 1020
2000 1106 1277 1298
2001 1092 967 965
2002 985 853 851
2003 1159 1038 1036
2004 1157 1036 1034
2005 928 929 794
2006 1189 1187 1075
2007 1111 984 986
2008 1086 1088 961
2009 1124 999 997
2010 1128 1005 1003
2011 1137 1011 1013
2012 1135 1134 1009
2013 1095 968 970
2014 934 801 799
2015 934 935 801
2016 934 799 933
2017 1119 994 1121
2018 1012 1206 1429
2019 1112 987 985
2020 1102 977 975
2021 1080 955 953
2022 1090 963 1088
2023 1121 994 996
2024 951 817 949
2025 989 991 857
2026 989 855 987
2027 1026 893 1024
2028 1139 1015 1017
2029 1050 923 922
2030 1071 944 946
2031 1054 927 926
2032 1062 1063 935
2033 1148 1025 1027
2034 1143 1020 1140
2035 1140 1020 1018
2036 1131 1133 1007
2037 1113 986 988
2038 1066 1068 941
2039 1063 937 935
2040 1095 1093 968
2041 1009 1008 876
2042 1009 878 1011
2043 1113 1111 986
2044 1319 1221 1223
2045 960 958 826
2046 1056 929 928
2047 985 987 853
2048 985 851 983
2049 943 809 941
2050 1101 974 976
2051 1045 918 936
2052 1104 936 938
2053 1101 976 1103
2054 1319 1317 1221
2055 957 823 955
2056 1078 953 951
2057 1050 1051 923
2058 1164 1183 1165
2059 1127 1000 1002
2060 1096 971 969
2061 1195 1081 1083
2062 1081 954 956
2063 1363 738 736
2064 1129 1127 1002
2065 1045 914 916
2066 1049 922 921
2067 1083 956 958
2068 1057 930 929
2069 1047 917 915
2070 1065 938 940
2071 1102 1204 977
2072 1106 1298 1300
2073 1157 1159 1036
2074 1026 1028 895
2075 1150 1027 1029
2076 1156 1033 1035
2077 1071 946 1073
2078 1046 915 914
2079 1145 1024 1022
2080 1106 1300 1381
2081 1130 1004 1006
2082 1130 1006 1132
2083 1065 940 1067
2084 1047 915 1046
2085 1083 1081 956
2086 1195 1083 1197
2087 1058 930 1057
2088 1064 937 1063
2089 1363 736 873
2090 1096 969 1094
2091 1074 949 947
2092 1080 953 1078
2093 1047 919 917
2094 1067 940 942
2095 1059 932 931
2096 1057 929 1056
2097 1381 1174 1106
2098 1151 1030 1028
2099 1094 969 967
2100 1094 967 1092
2101 1059 1060 932
2102 1060 933 932
2103 1012 1281 1206
2104 1206 1281 1280
2105 1075 948 950
2106 1073 946 948
2107 1067 942 1069
2108 1048 920 919
2109 1007 1363 873
2110 1220 1110 1108
2111 1074 1076 949
2112 1105 978 980
2113 1054 926 1053
2114 1294 1195 1197
2115 1150 1029 1152
2116 1154 1031 1033
2117 1010 1363 1007
2118 1132 1006 1008
2119 1133 1010 1007
2120 1106 1174 1173
2121 1154 1152 1031
2122 1153 1155 1032
2123 1152 1029 1031
2124 1145 1022 1143
2125 1288 1186 1184
2126 1117 990 992
2127 1215 1204 1102
2128 1217 1204 1215
2129 1218 1105 1107
2130 1070 945 943
2131 1079 952 954
2132 1079 1077 952
2133 1277 1106 1173
2134 1261 1155 1153
2135 1162 1149 1136
2136 1206 1280 1364
2137 1132 1008 1134
2138 1336 1242 1244
2139 1123 1121 996
2140 1082 957 955
2141 1124 1126 999
2142 1385 1206 1364
2143 1068 943 941
2144 1109 982 984
2145 1154 1033 1156
2146 1151 1153 1030
2147 1199 1085 1087
2148 1085 958 960
2149 1073 948 1075
2150 1167 1052 1051
2151 1244 1134 1135
2152 1386 1206 1385
2153 1150 1148 1027
2154 1258 1150 1152
2155 1061 934 933
2156 1062 934 1061
2157 1236 1128 1126
2158 1341 1248 1250
2159 1048 919 1047
2160 1045 1046 914
2161 1117 992 1119
2162 1082 1084 957
2163 1230 1120 1118
2164 1122 997 995
2165 1125 1000 1127
2166 1287 1184 1182
2167 1267 1067 1069
2168 1267 1163 1067
2169 1082 955 1080
2170 1223 1111 1113
2171 1103 976 978
2172 1103 978 1105
2173 1079 954 1081
2174 1055 928 927
2175 1087 960 962
2176 1085 960 1087
2177 1118 993 991
2178 1118 991 1116
2179 1060 1061 933
2180 1059 931 1058
2181 1010 879 1363
2182 1245 1135 1137
2183 1214 1101 1103
2184 1101 1099 974
2185 1120 995 993
2186 1120 993 1118
2187 1168 1053 1052
2188 1049 1050 922
2189 1426 1348 1349
2190 1158 1035 1037
2191 1076 951 949
2192 1076 1078 951
2193 1181 1068 1066
2194 1064 1066 939
2195 1194 1082 1080
2196 1192 1080 1078
2197 1130 1129 1004
2198 1110 985 983
2199 1230 1118 1228
2200 1138 1013 1015
2201 1114 1116 989
2202 1246 1137 1138
2203 1423 1347 1345
2204 1098 1498 1438
2205 1138 1137 1013
2206 1138 1015 1139
2207 1055 1056 928
2208 1171 1056 1055
2209 1122 995 1120
2210 1249 1143 1140
2211 1162 1016 1149
2212 1208 1096 1094
2213 1348 1255 1256
2214 1452 877 1453
2215 1239 1129 1130
2216 1208 1210 1096
2217 1158 1037 1160
2218 1158 1156 1035
2219 1141 1017 1019
2220 1141 1019 1142
2221 1086 959 1084
2222 1229 1117 1119
2223 1070 1072 945
2224 1109 984 1111
2225 1267 1069 1183
2226 167 1047 1046
2227 1109 1107 982
2228 1070 943 1068
2229 1071 1069 944
2230 1168 1052 1167
2231 1089 964 1091
2232 1171 1172 1056
2233 1245 1244 1135
2234 879 740 1363
2235 1349 1256 1258
2236 1014 1509 1575
2237 1074 947 1072
2238 1115 988 990
2239 1181 1182 1068
2240 1182 1070 1068
2241 1168 1169 1053
2242 1273 1169 1168
2243 1205 1091 1093
2244 1172 1057 1056
2245 1347 1257 1254
2246 1266 1158 1160
2247 1214 1103 1216
2248 1179 1064 1063
2249 1110 1112 985
2250 1110 983 1108
2251 1161 1038 1159
2252 1100 1266 1160
2253 1175 1060 1059
2254 1097 972 1099
2255 1136 1010 1133
2256 1141 1139 1017
2257 1363 740 738
2258 1239 1237 1129
2259 1054 1055 927
2260 1169 1054 1053
2261 1115 1113 988
2262 1115 990 1117
2263 1237 1127 1129
2264 1235 1125 1127
2265 1235 1127 1237
2266 1200 1088 1086
2267 1212 1099 1101
2268 1284 1180 1179
2269 1166 1051 1050
2270 1049 921 1048
2271 1234 1123 1125
2272 1202 1090 1088
2273 167 1065 1163
2274 1163 1065 1067
2275 1212 1211 1099
2276 1176 1061 1060
2277 1178 1063 1062
2278 1207 1093 1095
2279 1232 1122 1120
2280 1124 997 1122
2281 1213 1278 1210
2282 1228 1118 1116
2283 1199 1087 1201
2284 1174 1059 1058
2285 1149 1016 883
2286 1200 1086 1198
2287 1391 1310 1312
2288 1198 1086 1084
2289 1052 925 924
2290 1052 924 1051
2291 168 661 800
2292 1582 1596 1545
2293 1344 1251 1253
2294 1264 1156 1158
2295 1131 1005 1128
2296 1224 1114 1112
2297 1222 1110 1220
2298 1342 1252 1249
2299 1317 1219 1221
2300 1227 1115 1117
2301 1157 1034 1155
2302 1100 1161 1159
2303 1347 1350 1257
2304 1263 1157 1155
2305 1213 1102 1278
2306 1341 1340 1248
2307 1085 1083 958
2308 1174 1058 1173
2309 1247 1138 1139
2310 1252 1145 1143
2311 1250 1141 1142
2312 1162 1140 1016
2313 1201 1087 1089
2314 1207 1205 1093
2315 1104 1045 936
2316 1104 938 1065
2317 1231 1119 1121
2318 1231 1229 1119
2319 1187 1073 1075
2320 1165 1050 1049
2321 1181 1066 1180
2322 1317 1316 1219
2323 1251 1142 1144
2324 1336 1244 1337
2325 1192 1194 1080
2326 1184 1072 1070
2327 1184 1070 1182
2328 1190 1078 1076
2329 1207 1095 1209
2330 1197 1083 1085
2331 1247 1246 1138
2332 1238 1131 1128
2333 1250 1142 1251
2334 1248 1139 1141
2335 1227 1225 1115
2336 1221 1109 1111
2337 1014 1575 1510
2338 1240 1130 1132
2339 1209 1095 1097
2340 1177 1062 1061
2341 1242 1132 1134
2342 1242 1134 1244
2343 1183 1069 1071
2344 1185 1165 1183
2345 1294 1197 1296
2346 1191 1077 1079
2347 1347 1254 1345
2348 1262 1154 1156
2349 1147 1092 1090
2350 1256 1148 1150
2351 1273 1168 1272
2352 1191 1189 1077
2353 1186 1074 1072
2354 1188 1076 1074
2355 1293 1196 1194
2356 1233 1121 1123
2357 1326 1231 1233
2358 1326 1233 1327
2359 1233 1231 1121
2360 1233 1123 1234
2361 1241 1133 1131
2362 1248 1141 1250
2363 1241 1243 1133
2364 1243 1136 1133
2365 1353 1260 1262
2366 1253 1144 1146
2367 1176 1060 1175
2368 1178 1179 1063
2369 1345 1254 1252
2370 1260 1152 1154
2371 1226 1116 1114
2372 1232 1124 1122
2373 1196 1084 1082
2374 1198 1084 1196
2375 1226 1114 1224
2376 1147 1090 1202
2377 1102 975 1278
2378 1278 975 973
2379 1270 1249 1140
2380 1236 1238 1128
2381 1203 1089 1091
2382 1173 1058 1057
2383 1176 1177 1061
2384 1211 1097 1099
2385 1344 1253 1346
2386 1346 1253 1255
2387 1265 1159 1157
2388 1263 1155 1261
2389 1219 1107 1109
2390 1178 1062 1177
2391 1269 1136 1243
2392 1269 1162 1136
2393 1172 1173 1057
2394 1203 1091 1205
2395 1239 1130 1240
2396 1149 883 881
2397 1216 1103 1105
2398 1216 1105 1218
2399 1333 1239 1240
2400 1215 1102 1213
2401 1241 1131 1238
2402 1335 1243 1241
2403 1166 1167 1051
2404 1166 1050 1165
2405 1196 1082 1194
2406 1200 1202 1088
2407 1219 1218 1107
2408 1219 1109 1221
2409 1222 1224 1112
2410 1226 1228 1116
2411 1259 1153 1151
2412 1259 1261 1153
2413 1149 881 879
2414 1306 1210 1208
2415 1275 1171 1170
2416 1275 1170 1274
2417 1010 1149 879
2418 1136 1149 1010
2419 1242 1240 1132
2420 1311 1215 1213
2421 1225 1113 1115
2422 1324 1229 1231
2423 1274 1191 1193
2424 1185 1071 1073
2425 1245 1137 1246
2426 1230 1232 1120
2427 1252 1143 1249
2428 1252 1254 1145
2429 1333 1240 1334
2430 1311 1313 1215
2431 1227 1117 1229
2432 1190 1192 1078
2433 1338 1245 1246
2434 1413 1334 1336
2435 1199 1197 1085
2436 1274 1273 1191
2437 1203 1201 1089
2438 1174 1175 1059
2439 1343 1250 1251
2440 1248 1247 1139
2441 1257 1259 1151
2442 167 1046 1104
2443 1170 1055 1054
2444 1170 1054 1169
2445 1186 1188 1074
2446 1320 1223 1225
2447 1235 1234 1125
2448 1292 1194 1192
2449 1280 1175 1279
2450 1304 1205 1207
2451 1325 1232 1230
2452 1303 1306 1208
2453 1253 1146 1255
2454 1253 1251 1144
2455 1322 1230 1228
2456 1322 1325 1230
2457 1314 1216 1218
2458 1211 1209 1097
2459 1190 1076 1188
2460 1324 1323 1229
2461 1217 1220 1108
2462 1331 1237 1239
2463 1277 1173 1172
2464 167 1104 1065
2465 1281 1177 1176
2466 1283 1179 1178
2467 1186 1072 1184
2468 1293 1295 1196
2469 1164 1049 1048
2470 1164 1165 1049
2471 1180 1066 1064
2472 1180 1064 1179
2473 1576 1577 875
2474 1264 1262 1156
2475 1328 1234 1235
2476 1327 1233 1234
2477 1185 1183 1071
2478 1185 1073 1187
2479 1271 1167 1166
2480 1271 1272 1167
2481 1401 1321 1323
2482 1413 1336 1414
2483 1163 1048 1047
2484 1163 1164 1048
2485 1430 1357 1318
2486 1315 1220 1217
2487 1307 1209 1211
2488 1307 1211 1309
2489 1212 1101 1214
2490 1280 1176 1175
2491 1263 1265 1157
2492 1423 1425 1347
2493 1271 1187 1272
2494 1271 1185 1187
2495 1304 1302 1205
2496 1279 1175 1174
2497 1264 1158 1266
2498 1356 1266 1265
2499 1170 1171 1055
2500 1273 1189 1191
2501 1305 1207 1209
2502 1302 1203 1205
2503 1223 1113 1225
2504 1223 1221 1111
2505 1256 1150 1258
2506 1256 1255 1148
2507 1375 1292 1291
2508 1288 1184 1287
2509 1328 1327 1234
2510 1278 973 971
2511 1331 1239 1333
2512 1334 1240 1242
2513 1276 1172 1171
2514 1193 1079 1081
2515 1332 1241 1238
2516 1415 1337 1338
2517 1193 1081 1195
2518 1193 1191 1079
2519 1260 1258 1152
2520 1260 1154 1262
2521 1305 1304 1207
2522 1309 1211 1212
2523 1289 1188 1186
2524 1286 1182 1181
2525 1356 1264 1266
2526 1428 1353 1355
2527 1282 1178 1177
2528 1310 1212 1214
2529 1402 1325 1322
2530 1431 1322 1357
2531 1330 1238 1236
2532 1339 1246 1247
2533 1318 1222 1220
2534 1308 1213 1210
2535 1309 1212 1310
2536 1299 1202 1200
2537 1297 1200 1198
2538 1297 1299 1200
2539 1324 1231 1326
2540 1321 1225 1227
2541 1339 1247 1340
2542 1352 1261 1259
2543 1295 1198 1196
2544 1289 1186 1288
2545 1313 1217 1215
2546 1313 1315 1217
2547 1272 1168 1167
2548 1272 1187 1189
2549 1286 1287 1182
2550 1320 1225 1321
2551 1301 1147 1202
2552 1381 1279 1174
2553 1314 1312 1216
2554 1312 1214 1216
2555 1291 1192 1190
2556 1291 1292 1192
2557 1312 1310 1214
2558 1285 1181 1180
2559 1285 1286 1181
2560 1285 1180 1284
2561 1330 1332 1238
2562 1268 1124 1232
2563 1318 1220 1315
2564 1318 1224 1222
2565 1316 1218 1219
2566 1316 1314 1218
2567 1393 1312 1314
2568 1012 1177 1281
2569 1337 1244 1245
2570 1337 1245 1338
2571 1271 1165 1185
2572 1271 1166 1165
2573 1329 1235 1237
2574 1467 1400 1401
2575 1335 1241 1332
2576 1270 1140 1162
2577 1300 1201 1203
2578 1296 1197 1199
2579 1360 1243 1335
2580 1346 1255 1348
2581 1323 1227 1229
2582 1323 1321 1227
2583 1405 1326 1327
2584 1301 1202 1299
2585 800 802 1044
2586 918 1044 802
2587 1290 1190 1188
2588 1319 1223 1320
2589 1350 1259 1257
2590 1352 1259 1350
2591 1290 1291 1190
2592 1405 1404 1326
2593 1339 1338 1246
2594 1340 1247 1248
2595 1273 1272 1189
2596 1275 1193 1195
2597 1406 1327 1328
2598 1295 1297 1198
2599 1308 1311 1213
2600 1430 1318 1396
2601 1302 1300 1203
2602 1276 1294 1296
2603 1468 1401 1403
2604 1379 1299 1297
2605 1341 1250 1343
2606 1419 1341 1343
2607 1293 1194 1292
2608 1378 1297 1295
2609 1433 1330 1359
2610 1483 1418 1419
2611 1298 1199 1201
2612 1298 1201 1300
2613 1409 1332 1330
2614 1433 1409 1330
2615 1283 1284 1179
2616 1390 1309 1310
2617 1411 1335 1332
2618 1344 1343 1251
2619 1356 1265 1263
2620 1349 1348 1256
2621 1298 1296 1199
2622 1298 1277 1296
2623 1301 1303 1147
2624 1383 1279 1381
2625 1446 1374 1373
2626 1393 1391 1312
2627 1308 1210 1306
2628 1329 1237 1331
2629 1267 1183 1164
2630 1267 1164 1163
2631 1342 1345 1252
2632 1420 1345 1342
2633 1359 1330 1236
2634 1359 1236 1268
2635 1280 1281 1176
2636 1283 1178 1282
2637 1351 1258 1260
2638 1351 1349 1258
2639 1418 1340 1341
2640 1396 1318 1315
2641 1377 1295 1293
2642 1400 1320 1321
2643 1336 1334 1242
2644 1413 1412 1334
2645 1418 1341 1419
2646 1412 1333 1334
2647 1277 1172 1276
2648 1277 1276 1296
2649 1372 1289 1288
2650 1400 1321 1401
2651 1351 1260 1353
2652 1428 1352 1350
2653 1329 1328 1235
2654 1278 971 1096
2655 1270 1162 1269
2656 1426 1349 1427
2657 1399 1319 1320
2658 1446 1373 1445
2659 1305 1209 1307
2660 1383 1381 1302
2661 1390 1388 1309
2662 1012 1282 1177
2663 1388 1307 1309
2664 1383 1364 1279
2665 1354 1356 1263
2666 1355 1262 1264
2667 1355 1264 1356
2668 1355 1353 1262
2669 1394 1315 1313
2670 1377 1378 1295
2671 1411 1332 1409
2672 1361 1249 1270
2673 1397 1316 1317
2674 1370 1287 1286
2675 1290 1188 1289
2676 1376 1293 1292
2677 1360 1269 1243
2678 1361 1342 1249
2679 1354 1355 1356
2680 1354 1263 1261
2681 1392 1313 1311
2682 1389 1311 1308
2683 1421 1343 1344
2684 1495 1420 1435
2685 1428 1350 1425
2686 1421 1419 1343
2687 1386 1305 1307
2688 1395 1314 1316
2689 1274 1170 1169
2690 1274 1169 1273
2691 1275 1195 1294
2692 1275 1274 1193
2693 170 1282 1012
2694 170 1012 1429
2695 1322 1228 1226
2696 1357 1226 1224
2697 1371 1287 1370
2698 1368 1285 1284
2699 1389 1392 1311
2700 1387 1308 1306
2701 1354 1261 1352
2702 1428 1355 1354
2703 1364 1280 1279
2704 1386 1385 1305
2705 1387 1306 1384
2706 1407 1328 1329
2707 1407 1329 1408
2708 1410 1331 1333
2709 169 1160 1039
2710 1381 1300 1302
2711 1422 1344 1346
2712 1414 1336 1337
2713 1357 1224 1318
2714 1357 1322 1226
2715 1422 1421 1344
2716 1425 1350 1347
2717 1369 1286 1285
2718 1369 1370 1286
2719 1406 1405 1327
2720 1373 1290 1289
2721 1410 1333 1412
2722 1376 1292 1375
2723 1423 1345 1420
2724 1358 1268 1232
2725 1358 1359 1268
2726 1358 1232 1325
2727 1395 1393 1314
2728 1366 1283 1282
2729 1367 1284 1283
2730 1367 1368 1284
2731 1398 1317 1319
2732 1398 1319 1399
2733 1415 1414 1337
2734 1416 1338 1339
2735 1395 1316 1397
2736 1459 1391 1393
2737 1408 1329 1331
2738 1408 1331 1410
2739 1384 1306 1303
2740 1416 1415 1338
2741 1417 1339 1340
2742 1437 1359 1358
2743 1467 1401 1468
2744 1404 1324 1326
2745 1394 1313 1392
2746 1379 1297 1378
2747 1403 1323 1324
2748 1403 1401 1323
2749 1371 1288 1287
2750 1371 1372 1288
2751 1459 1393 1461
2752 1210 1278 1096
2753 1380 1301 1299
2754 1384 1303 1382
2755 1432 1358 1325
2756 1417 1416 1339
2757 1374 1291 1290
2758 1374 1375 1291
2759 1432 1325 1402
2760 1479 1414 1415
2761 1512 875 1577
2762 1386 1307 1388
2763 1382 1303 1301
2764 1502 1445 1444
2765 1373 1289 1372
2766 1373 1374 1290
2767 1362 1270 1269
2768 1424 1346 1348
2769 1428 1354 1352
2770 1436 1351 1353
2771 1427 1349 1351
2772 1540 1535 1489
2773 1398 1397 1317
2774 1440 1368 1367
2775 1369 1285 1368
2776 1461 1393 1395
2777 1424 1422 1346
2778 1495 1485 1420
2779 1488 1426 1427
2780 1436 1353 1428
2781 1403 1324 1404
2782 1377 1293 1376
2783 1100 1160 169
2784 1100 169 1161
2785 1572 1570 1571
2786 1540 1485 1495
2787 1435 1420 1342
2788 1360 1362 1269
2789 1461 1395 1463
2790 1463 1395 1397
2791 1470 1404 1405
2792 1400 1399 1320
2793 1383 1302 1304
2794 1385 1304 1305
2795 1380 1299 1379
2796 1470 1469 1404
2797 1451 1379 1378
2798 1473 1407 1408
2799 1390 1310 1391
2800 1366 1367 1283
2801 170 1366 1282
2802 1457 1388 1390
2803 1406 1328 1407
2804 1473 1472 1407
2805 1473 1408 1474
2806 1380 1382 1301
2807 1436 1425 1488
2808 1436 1488 1427
2809 1484 1419 1421
2810 1480 1415 1416
2811 1437 1433 1359
2812 1424 1348 1426
2813 1385 1364 1383
2814 1385 1383 1304
2815 1575 1509 1604
2816 170 1457 1366
2817 1480 1416 1481
2818 1431 1402 1322
2819 1394 1396 1315
2820 1479 1415 1480
2821 1442 1370 1369
2822 1465 1398 1399
2823 1501 1444 1443
2824 1442 1369 1441
2825 1488 1425 1423
2826 1098 1494 1572
2827 1471 1405 1406
2828 1443 1371 1370
2829 1521 1471 1472
2830 1474 1408 1410
2831 1460 1394 1392
2832 1460 1462 1394
2833 1417 1340 1418
2834 1487 1422 1424
2835 1389 1308 1387
2836 1512 1460 875
2837 1429 1386 1388
2838 1513 1441 1440
2839 1522 1472 1473
2840 1454 1384 1382
2841 1435 1342 1361
2842 1361 1270 1362
2843 1434 1335 1411
2844 1435 1361 1362
2845 1478 1413 1414
2846 1455 1387 1384
2847 1429 1388 1457
2848 1574 1604 1509
2849 1469 1403 1404
2850 1469 1468 1403
2851 1452 1380 1379
2852 1601 1603 1581
2853 1515 1465 1466
2854 1449 1377 1376
2855 1476 1410 1412
2856 1462 1396 1394
2857 1458 1392 1389
2858 1458 1460 1392
2859 1448 1376 1375
2860 1444 1372 1371
2861 1483 1419 1484
2862 1478 1414 1479
2863 1491 1432 1402
2864 1530 1481 1482
2865 1450 1378 1377
2866 1450 1377 1449
2867 1444 1371 1443
2868 1466 1399 1400
2869 1482 1417 1418
2870 1475 1411 1409
2871 1506 1449 1448
2872 1451 1452 1379
2873 1445 1373 1372
2874 1445 1372 1444
2875 1476 1474 1410
2876 1512 1462 1460
2877 1533 1484 1486
2878 1486 1421 1422
2879 1456 1389 1387
2880 1525 1476 1477
2881 1447 1375 1374
2882 1464 1397 1398
2883 1437 1358 1432
2884 1482 1418 1483
2885 1442 1443 1370
2886 1441 1369 1368
2887 1448 1449 1376
2888 1447 1374 1446
2889 1464 1398 1465
2890 1464 1463 1397
2891 1472 1406 1407
2892 1472 1471 1406
2893 1447 1448 1375
2894 1466 1400 1467
2895 1532 1483 1484
2896 1493 1409 1433
2897 1466 1465 1399
2898 1515 1514 1465
2899 1486 1422 1487
2900 1486 1484 1421
2901 1489 1424 1426
2902 1489 1487 1424
2903 1436 1427 1351
2904 1436 1428 1425
2905 1513 1459 1461
2906 1499 1461 1463
2907 1434 1360 1335
2908 1438 1362 1360
2909 1456 1458 1389
2910 1524 1474 1476
2911 1516 1466 1467
2912 1451 1378 1450
2913 1440 1441 1368
2914 1439 1367 1366
2915 1493 1475 1409
2916 1532 1484 1533
2917 1490 1396 1462
2918 1431 1357 1430
2919 1439 1440 1367
2920 1439 1390 1391
2921 1485 1423 1420
2922 1489 1426 1488
2923 875 1511 1576
2924 1508 877 1451
2925 1470 1405 1471
2926 1519 1469 1470
2927 1438 1435 1362
2928 1538 1494 1475
2929 1513 1440 1459
2930 1499 1442 1441
2931 1481 1416 1417
2932 1481 1417 1482
2933 1518 1468 1469
2934 1518 1469 1519
2935 1454 1455 1384
2936 1511 1456 1455
2937 1490 1430 1396
2938 1529 1480 1481
2939 1477 1412 1413
2940 1529 1481 1530
2941 1453 1382 1380
2942 1159 1265 1100
2943 1477 1413 1478
2944 1524 1476 1525
2945 1147 1094 1092
2946 170 1429 1457
2947 1439 1391 1459
2948 1439 1457 1390
2949 1497 1437 1432
2950 1528 1479 1480
2951 1494 1411 1475
2952 1434 1438 1360
2953 1522 1521 1472
2954 1507 1450 1449
2955 1453 1380 1452
2956 1453 1454 1382
2957 1505 1448 1447
2958 1505 1506 1448
2959 1485 1488 1423
2960 1573 1535 1540
2961 1518 1517 1468
2962 1014 1510 1454
2963 1570 1533 1534
2964 1497 1433 1437
2965 1477 1476 1412
2966 1528 1480 1529
2967 1501 1502 1444
2968 1499 1500 1442
2969 1439 1366 1457
2970 1439 1459 1440
2971 1456 1387 1455
2972 1496 1431 1430
2973 1550 1506 1505
2974 1584 1581 1603
2975 1507 1449 1506
2976 1557 1520 1521
2977 1500 1443 1442
2978 1504 1447 1446
2979 1504 1446 1503
2980 1517 1467 1468
2981 1572 1571 1498
2982 1535 1487 1489
2983 1494 1434 1411
2984 1498 1435 1438
2985 1534 1486 1487
2986 1527 1478 1479
2987 1527 1526 1478
2988 1523 1473 1474
2989 1526 1477 1478
2990 1493 1433 1497
2991 1503 1446 1445
2992 1503 1445 1502
2993 1438 1434 1098
2994 1545 1493 1497
2995 1498 1495 1435
2996 1573 1540 1495
2997 1515 1466 1516
2998 1514 1464 1465
2999 1504 1505 1447
3000 1516 1467 1517
3001 1536 1490 1462
3002 1491 1497 1432
3003 1539 1475 1493
3004 1567 1530 1531
3005 1537 1463 1464
3006 1537 1499 1463
3007 1549 1505 1504
3008 1547 1503 1502
3009 1567 1566 1530
3010 1542 1497 1491
3011 1496 1430 1490
3012 1492 1402 1431
3013 1549 1550 1505
3014 1520 1470 1471
3015 1547 1502 1546
3016 1549 1554 1550
3017 1523 1522 1473
3018 1511 1458 1456
3019 1510 1455 1454
3020 1510 1511 1455
3021 1508 1451 1450
3022 1556 1519 1520
3023 1534 1533 1486
3024 1534 1487 1535
3025 1520 1519 1470
3026 1520 1471 1521
3027 1561 1524 1525
3028 1576 1511 1553
3029 1492 1431 1496
3030 1492 1491 1402
3031 1531 1482 1483
3032 1531 1483 1532
3033 1552 1508 1507
3034 1507 1508 1450
3035 1513 1461 1499
3036 1513 1499 1441
3037 1537 1500 1499
3038 1501 1443 1500
3039 1556 1520 1557
3040 1523 1474 1524
3041 1526 1525 1477
