1 0 0
2 -1.05451578805514e-05 0.07
3 -1.03945127679721e-05 0.069
4 -1.02438676553928e-05 0.068
5 -1.00932225428135e-05 0.067
6 -9.94257743023419e-06 0.066
7 -9.79193231765489e-06 0.065
8 -9.64128720507558e-06 0.064
9 -9.49064209249627e-06 0.063
10 -9.33999697991697e-06 0.062
11 -9.18935186733766e-06 0.061
12 -9.03870675475836e-06 0.06
13 -8.88806164217905e-06 0.059
14 -8.73741652959974e-06 0.058
15 -8.58677141702044e-06 0.057
16 -8.43612630444113e-06 0.056
17 -8.28548119186183e-06 0.055
18 -8.13483607928252e-06 0.054
19 -7.98419096670322e-06 0.053
20 -7.83354585412391e-06 0.052
21 -7.6829007415446e-06 0.051
22 -7.5322556289653e-06 0.05
23 -7.38161051638599e-06 0.049
24 -7.23096540380668e-06 0.048
25 -7.08032029122738e-06 0.047
26 -6.92967517864807e-06 0.046
27 -6.77903006606876e-06 0.045
28 -6.62838495348946e-06 0.044
29 -6.47773984091015e-06 0.043
30 -6.32709472833085e-06 0.042
31 -6.17644961575154e-06 0.041
32 -6.02580450317223e-06 0.04
33 -5.87515939059293e-06 0.039
34 -5.72451427801362e-06 0.038
35 -5.57386916543432e-06 0.037
36 -5.42322405285501e-06 0.036
37 -5.2725789402757e-06 0.035
38 -5.1219338276964e-06 0.034
39 -4.97128871511709e-06 0.033
40 -4.82064360253779e-06 0.032
41 -4.66999848995848e-06 0.031
42 -4.51935337737917e-06 0.03
43 -4.36870826479987e-06 0.029
44 -4.21806315222056e-06 0.028
45 -4.06741803964125e-06 0.027
46 -3.91677292706195e-06 0.026
47 -3.76612781448264e-06 0.025
48 -3.61548270190334e-06 0.024
49 -3.46483758932403e-06 0.023
50 -3.31419247674472e-06 0.022
51 -3.16354736416542e-06 0.0209999999999999
52 -3.01290225158611e-06 0.0199999999999999
53 -2.8622571390068e-06 0.0189999999999999
54 -2.7116120264275e-06 0.0179999999999999
55 -2.56096691384819e-06 0.0169999999999999
56 -2.41032180126889e-06 0.0159999999999999
57 -2.25967668868958e-06 0.0149999999999999
58 -2.10903157611027e-06 0.0139999999999999
59 -1.95838646353097e-06 0.0129999999999999
60 -1.80774135095166e-06 0.0119999999999999
61 -1.65709623837236e-06 0.0109999999999999
62 -1.50645112579305e-06 0.00999999999999993
63 -1.35580601321374e-06 0.00899999999999993
64 -1.20516090063444e-06 0.00799999999999993
65 -1.05451578805513e-06 0.00699999999999993
66 -9.03870675475825e-07 0.00599999999999993
67 -7.53225562896519e-07 0.00499999999999993
68 -6.02580450317214e-07 0.00399999999999993
69 -4.51935337737909e-07 0.00299999999999994
70 -3.01290225158604e-07 0.00199999999999995
71 -1.50645112579299e-07 0.000999999999999952
72 0.000964110909118326 0.000255783408288734
73 0.00192822181823665 0.000511566816577469
74 0.00288976082894121 0.000776529440640379
75 0.00384641669349035 0.00105892022282086
76 0.00480307255803949 0.00134131100500134
77 0.00575340700515159 0.00164396260953274
78 0.00670091457505684 0.0019556746593624
79 0.00764281048824474 0.00228352638015224
80 0.0085793185489004 0.00262687408928068
81 0.00951141271512764 0.00298160222799674
82 0.0104345186292531 0.00335950495138381
83 0.0113492963242943 0.00375664646006536
84 0.0122565815273337 0.00417109616435107
85 0.013150169182048 0.0046138799477282
86 0.0140338142497755 0.00507621108639146
87 0.0149003683811372 0.00557019381327235
88 0.0157489398758118 0.00609398977172634
89 0.0165780475199915 0.00664796471393109
90 0.0173863467275659 0.00723212481279826
91 0.0181664530299403 0.00785364675423416
92 0.0189134405873314 0.00851466459524887
93 0.0196269139680997 0.00921156077998931
94 0.0203023619070424 0.00994538748555734
95 0.0209381064465921 0.0107138504482953
96 0.0215285739059121 0.0115176365068659
97 0.0220752317971156 0.0123517365005652
98 0.022579587322033 0.0132120563767029
99 0.0230422596979522 0.0140955181214892
100 0.0234656288387214 0.014998553330453
101 0.0238448397202661 0.0159210320901071
102 0.0241886823161565 0.0168572398157336
103 0.024498929789392 0.0178051415506708
104 0.0247713845833256 0.0187645916162322
105 0.0250108096464088 0.0197328081731466
106 0.0252187724420148 0.0207082869099288
107 0.0253880989790733 0.0216912065512053
108 0.0255246801531239 0.0226791894043642
109 0.0256250262429274 0.023671493810512
110 0.025685670827909 0.0246670214309005
111 0.0257103511594167 0.0256640908934728
112 0.0256913022370326 0.0266612666409678
113 0.0256330582662432 0.0276569182479746
114 0.0255345517525263 0.0286493879883504
115 0.0253923865643376 0.0296365686816526
116 0.0252132425481292 0.0306177121422941
117 0.0249939091825829 0.0315906560054969
118 0.0247382777759483 0.0325547178000046
119 0.0244511015155179 0.0335098739127816
120 0.0241310670466842 0.0344545366843704
121 0.0237838611622752 0.0353895652786067
122 0.023413696655176 0.0363157563355898
123 0.0230221668137506 0.0372331333074403
124 0.0226124062493086 0.038142525967507
125 0.0221892820771286 0.0390457816842976
126 0.0217557260427738 0.0399440853122684
127 0.0213140615276006 0.040838435583299
128 0.0208682149017726 0.0417307107346186
129 0.0204214181335286 0.0426225109391262
130 0.0199765881158869 0.0435152929991179
131 0.0195375398588973 0.0444109285240814
132 0.0191074599855719 0.0453108983968015
133 0.0186889658301296 0.0462163058943728
134 0.0182849372932955 0.047128261103059
135 0.0179016598485116 0.0480491179321912
136 0.0175392060225019 0.0489783487541166
137 0.0171995943040338 0.0499161711058118
138 0.0168878265516087 0.0508636025377106
139 0.0166032005870183 0.0518195363302702
140 0.016343586305595 0.0527825775442232
141 0.0161104172636855 0.0537523690487432
142 0.0158968956631293 0.0547266886202647
143 0.0156959042045434 0.055703687073845
144 0.0154993558182408 0.056681592779409
145 0.0152939876238455 0.0576576720454753
146 0.0150657926496739 0.0586286197655906
147 0.0147972465494811 0.0595891409679299
148 0.0144681190242503 0.0605305267128533
149 0.0140688183002777 0.0614441896706405
150 0.0135847466052411 0.0623159181465191
151 0.0130145979432925 0.0631334902777037
152 0.0123734374304153 0.0638968790486344
153 0.01165825795728 0.0645915346216445
154 0.0108959845441579 0.0652344037029717
155 0.010083789240328 0.065812672435316
156 0.00924024346969321 0.0663449933252695
157 0.00837015563162751 0.0668318436936625
158 0.00748230782695223 0.0672854765762868
159 0.00657612328459873 0.0677023273556268
160 0.00565894917391861 0.0680934906046972
161 0.00473166761571569 0.0684610282338639
162 0.00379302317119002 0.0687978070402821
163 0.00284950014029547 0.0691213797325915
164 0.0019015783890086 0.069431208711758
165 0.000945516615564129 0.069715604355879
166 0.0129243411091965 0.0284478964263752
167 0.00682463641867831 0.0596510117434148
168 0.00416588165012162 0.063478318913451
169 0.00588286156219868 0.00856833715205694
170 0.0103481687500349 0.043057454130684
171 0.00995132051845638 0.0647950367969896
172 0.0106890567093091 0.0642196422122091
173 0.0113700883137036 0.0635879318937958
174 0.00916550267746341 0.0653128624901944
175 0.0119921928063039 0.0629226261676578
176 0.00835012556275399 0.0657976225267768
177 0.0125671852262501 0.0622260909012622
178 0.00751101201963732 0.0662568661807586
179 0.0130717790765979 0.0614310533651078
180 0.00664578460330054 0.0666754119514702
181 0.0134349392185169 0.0606153537913436
182 0.00575263994614658 0.0670625182060709
183 0.0137793547456166 0.0597470992795598
184 0.00485180767091778 0.0674461039584456
185 0.0140791815008562 0.0588445532212703
186 0.00392790321298407 0.067808525738986
187 0.0143285504873357 0.0579195031034321
188 0.00295702012303501 0.0681360108790206
189 0.0145488565251581 0.0569880966192314
190 0.001914644206264 0.0683723753025452
191 0.0147502797943298 0.0560223116742383
192 0.00096139851085069 0.0686693984358098
193 0.014951286447506 0.0550408897783475
194 0.0151631061517433 0.0540541964849616
195 0.0153886601157377 0.0530701738508228
196 0.0156414662512069 0.0520782476367642
197 0.00105721907940231 0.0675786406339219
198 0.0159229390836067 0.0510959480729733
199 0.000856007503797916 0.0665001304624945
200 0.0162262927405831 0.0501227705897406
201 0.000856158148910495 0.0655001304624945
202 0.0165586403670529 0.0491575111551397
203 0.000856308794023077 0.0645001304624944
204 0.0169198447330395 0.0482023905388004
205 0.00085645943913565 0.0635001304624945
206 0.0172960661856521 0.0472628472964345
207 0.000856610084248231 0.0625001304624945
208 0.0176997378133595 0.0463215459667581
209 0.000856760729360813 0.0615001304624945
210 0.0181156639666866 0.0454050844627109
211 0.00085691137447339 0.0605001304624945
212 0.0185432270884201 0.0444915477140963
213 0.000857062019585975 0.0595001304624945
214 0.0189823701045729 0.0435839165046092
215 0.000857212664698551 0.0585001304624945
216 0.019425332717117 0.0426869011048605
217 0.000857363309811132 0.0575001304624945
218 0.0198718708466169 0.0417911397290842
219 0.000857513954923709 0.0565001304624945
220 0.0203165590793304 0.0409007799967222
221 0.000857664600036289 0.0555001304624945
222 0.0207593522480248 0.0400090577071647
223 0.000857815245148872 0.0545001304624945
224 0.0211919350332056 0.0391220653455672
225 0.000857965890261449 0.0535001304624945
226 0.0216152144264047 0.038228826282979
227 0.00085811653537403 0.0525001304624945
228 0.0220281934405693 0.0373319573645058
229 0.000858267180486602 0.0515001304624945
230 0.0224183034439035 0.0364397824589004
231 0.000858417825599185 0.0505001304624944
232 0.0227925029067634 0.0355306089380146
233 0.000858568470711768 0.0495001304624944
234 0.0231450428677977 0.034620829687937
235 0.000858719115824342 0.0485001304624944
236 0.0234659915562135 0.0337105338954984
237 0.000858869760936923 0.0475001304624944
238 0.0237488730474239 0.0327836258260398
239 0.000859020406049506 0.0465001304624944
240 0.0240093582933055 0.0318526984793107
241 0.000859171051162082 0.0455001304624944
242 0.0242375071001026 0.03091502221242
243 0.000859321696274661 0.0445001304624944
244 0.0244296212365062 0.0299706433288084
245 0.000859472341387242 0.0435001304624944
246 0.0245841562772185 0.0290212127842011
247 0.000859622986499819 0.0425001304624944
248 0.0246988351978678 0.0280672336409864
249 0.000859773631612401 0.0415001304624944
250 0.024775426682802 0.0271087428516113
251 0.000859924276724982 0.0405001304624944
252 0.0248122903644635 0.0261477815256456
253 0.000860074921837553 0.0395001304624944
254 0.0248113796475189 0.0251865711022712
255 0.000860225566950137 0.0385001304624944
256 0.0247708189396016 0.0242247953229688
257 0.000860376212062716 0.0375001304624944
258 0.0246932406421234 0.0232639100331667
259 0.000860526857175293 0.0365001304624944
260 0.0245799416579719 0.0223064518811654
261 0.000860677502287875 0.0355001304624944
262 0.0244334431461694 0.0213524003890865
263 0.000860828147400456 0.0345001304624944
264 0.0242497290047872 0.0204051067576837
265 0.000860978792513033 0.0335001304624944
266 0.0240341808819014 0.019465003187037
267 0.000861129437625614 0.0325001304624944
268 0.0237859176343545 0.0185333004398123
269 0.000861280082738188 0.0315001304624944
270 0.0235044878349377 0.0176113241928938
271 0.000861430727850775 0.0305001304624944
272 0.0231856780988793 0.0167036933420524
273 0.00086158137296335 0.0295001304624944
274 0.0228337986604105 0.0158100833205329
275 0.000861732018075932 0.0285001304624944
276 0.0224466454059583 0.0149332654919925
277 0.000861882663188511 0.0275001304624944
278 0.0220239127526297 0.0140762989380057
279 0.000862033308301094 0.0265001304624944
280 0.0215621024085576 0.0132414175677518
281 0.000862183953413664 0.0255001304624944
282 0.0210599160822842 0.0124321304209541
283 0.000862334598526247 0.0245001304624944
284 0.0205145639545916 0.0116535180526537
285 0.00086248524363883 0.0235001304624944
286 0.019927267403603 0.0109058282378032
287 0.000862635888751402 0.0225001304624944
288 0.0193010114482692 0.0101937878374557
289 0.000862786533863991 0.0215001304624944
290 0.0186386164478334 0.00951026881138038
291 0.000862937178976564 0.0205001304624944
292 0.0179403231195214 0.00886378530187806
293 0.000863087824089144 0.0195001304624944
294 0.0172095008684926 0.0082472701612421
295 0.000863238469201723 0.0185001304624944
296 0.0164505111155532 0.00766687393452607
297 0.000863389114314306 0.0175001304624944
298 0.0156646430419095 0.00711743858825715
299 0.000863539759426877 0.0165001304624944
300 0.0148545722838062 0.00659373287563015
301 0.000863690404539467 0.0155001304624944
302 0.0140279185365591 0.00609929395660201
303 0.000863841049652044 0.0145001304624944
304 0.0131732682018292 0.00563647560525682
305 0.000863991694764615 0.0135001304624944
306 0.0123123345073533 0.00518760024273643
307 0.000864142339877203 0.0125001304624944
308 0.0114330226406119 0.00477008007836476
309 0.000864292984989778 0.0115001304624944
310 0.0105418066171764 0.00437585747342455
311 0.000864443630102357 0.0105001304624944
312 0.0096266623114061 0.00397965817170819
313 0.000864594275214933 0.00950013046249438
314 0.00873002762629172 0.00362634216743645
315 0.000864744920327522 0.00850013046249437
316 0.00782450451096142 0.00329064862960782
317 0.000864895565440097 0.00750013046249437
318 0.00688252002126779 0.00296318557638622
319 0.000879720087528093 0.00648930459948447
320 0.00593856066228091 0.00265082862492263
321 0.000885416667695573 0.00547215963491164
322 0.00500876145109738 0.00233585953313878
323 0.000886094995803895 0.00445094762935642
324 0.00407886625967406 0.00204696340785059
325 0.000904710311803217 0.0033938440420207
326 0.00314438586181573 0.00176544415887078
327 0.00100021454469037 0.00230128563367686
328 0.00203850216288823 0.001663979247234
329 0.000990803900094008 0.00130200083333006
330 0.00906561967650197 0.0643308264816421
331 0.00979685190143269 0.0638511231439243
332 0.0104654940511087 0.0632687851850329
333 0.0110383279151392 0.0626425842228642
334 0.00830366142995559 0.064805339286083
335 0.0116038000592065 0.0620326065085377
336 0.00751557321539404 0.0652602894506423
337 0.0121968080102817 0.0614537390553095
338 0.00670155088710424 0.0656842477661694
339 0.01240646218012 0.0606606752542077
340 0.00584587363224068 0.0660727582891872
341 0.012782935335219 0.0598687495749378
342 0.00496788783889826 0.0664360818799313
343 0.0131089539906526 0.0590225673881526
344 0.00408356342986311 0.0668009944757804
345 0.0133722633163406 0.0581461141600297
346 0.00316800482762683 0.0671903031812935
347 0.0135940626450793 0.0572425039069729
348 0.00214189783769637 0.0675483589391384
349 0.0138086365899684 0.0563298201890411
350 0.0140014562126289 0.0553576486675478
351 0.0142058103764888 0.054364770718343
352 0.0144269256212219 0.0533675903226436
353 0.0146690167341722 0.0523541797682432
354 0.014939853591333 0.0513477238607594
355 0.0152387218119954 0.0503478782885552
356 0.00170281890542543 0.0659747924562545
357 0.0155635083360091 0.0493561315909605
358 0.0017137611400882 0.0650051502055853
359 0.0159185685176081 0.0483754445763262
360 0.00171101621014448 0.0640106984327889
361 0.0162981824075377 0.0474083613634142
362 0.00172256016154567 0.0630002609249883
363 0.0166949233435594 0.046450304915864
364 0.00172271080665826 0.0620002609249883
365 0.017116053351232 0.0455040345312075
366 0.00172286145177083 0.0610002609249883
367 0.0175410180431485 0.0445793079264399
368 0.00172301209688342 0.0600002609249883
369 0.0179793571767849 0.043658676360239
370 0.00172316274199599 0.0590002609249883
371 0.0184271456708134 0.0427518573028557
372 0.00172331338710857 0.0580002609249883
373 0.0188731262822774 0.0418524449422711
374 0.00172346403222115 0.0570002609249883
375 0.0193216655061586 0.0409601117161957
376 0.00172361467733373 0.0560002609249883
377 0.0197643404920785 0.0400707728939542
378 0.0017237653224463 0.0550002609249883
379 0.0202034092714987 0.0391889457755797
380 0.00172391596755889 0.0540002609249883
381 0.0206264052456656 0.0383071683380215
382 0.00172406661267147 0.0530002609249883
383 0.0210410378398968 0.0374209204371418
384 0.00172421725778405 0.0520002609249883
385 0.0214322286166411 0.0365431648313977
386 0.00172436790289662 0.0510002609249883
387 0.0218126717045691 0.03565892168834
388 0.00172451854800921 0.0500002609249883
389 0.0221505708611181 0.0347711837779304
390 0.00172466919312179 0.0490002609249883
391 0.0224753082908739 0.0338806366839129
392 0.00172481983823436 0.0480002609249883
393 0.0227741251164306 0.0329853119903366
394 0.00172497048334695 0.0470002609249883
395 0.023041785944821 0.0320844373661489
396 0.00172512112845953 0.0460002609249883
397 0.0232773252437252 0.0311795096107484
398 0.00172527177357211 0.0450002609249883
399 0.0234809993676791 0.0302701363898167
400 0.00172542241868468 0.0440002609249883
401 0.0236465396553571 0.0293578897618926
402 0.00172557306379726 0.0430002609249883
403 0.0237754076005371 0.0284398957077226
404 0.00172572370890984 0.0420002609249883
405 0.0238699092904905 0.0275184143632998
406 0.00172587435402243 0.0410002609249883
407 0.0239234526790898 0.0265948008326964
408 0.001726024999135 0.0400002609249883
409 0.0239397462640175 0.0256680454410349
410 0.00172617564424757 0.0390002609249883
411 0.0239206651079245 0.0247401453028182
412 0.00172632628936016 0.0380002609249883
413 0.0238651377930973 0.0238135401682279
414 0.00172647693447274 0.0370002609249883
415 0.0237712927468776 0.0228866322103879
416 0.00172662757958531 0.0360002609249883
417 0.0236471008137677 0.0219625934569479
418 0.0017267782246979 0.0350002609249883
419 0.0234881695806756 0.021042932329871
420 0.00172692886981048 0.0340002609249883
421 0.0232950387510581 0.0201299600884892
422 0.00172707951492306 0.0330002609249883
423 0.0230706425990424 0.0192245319452548
424 0.00172723016003564 0.0320002609249883
425 0.0228153525168454 0.0183281865366543
426 0.00172738080514821 0.0310002609249883
427 0.0225227709134828 0.0174464016533233
428 0.00172753145026079 0.0300002609249883
429 0.0221981058337845 0.0165793225166027
430 0.00172768209537337 0.0290002609249883
431 0.0218421128622387 0.0157282078893841
432 0.00172783274048595 0.0280002609249883
433 0.0214539823028043 0.014895947792818
434 0.00172798338559854 0.0270002609249883
435 0.0210319543163262 0.0140859937124324
436 0.00172813403071111 0.0260002609249883
437 0.02057864471864 0.0132991515936438
438 0.00172828467582368 0.0250002609249883
439 0.0200787759539991 0.0125400218042103
440 0.00172843532093627 0.0240002609249883
441 0.0195346258206328 0.011816091286061
442 0.00172858596604884 0.0230002609249883
443 0.0189548513445381 0.0111270121681973
444 0.00172873661116143 0.0220002609249883
445 0.0183413638787834 0.0104633259382878
446 0.00172888725627401 0.0210002609249883
447 0.0176926668288672 0.00982771196503398
448 0.00172903790138659 0.0200002609249883
449 0.017009228246301 0.00922422549977328
450 0.00172918854649917 0.0190002609249883
451 0.0162954081044449 0.00865047253748684
452 0.00172933919161175 0.0180002609249883
453 0.0155544078642562 0.00810361253243964
454 0.00172948983672432 0.0170002609249882
455 0.0147873061309337 0.00758613045051077
456 0.0017296404818369 0.0160002609249883
457 0.0139941692334364 0.0070955017866479
458 0.00172979112694949 0.0150002609249882
459 0.0131786060630211 0.00662799258543432
460 0.00172994177206206 0.0140002609249882
461 0.0123453625684703 0.0061862637916836
462 0.00173009241717464 0.0130002609249883
463 0.0114945542860571 0.00576622298852666
464 0.00173024306228723 0.0120002609249882
465 0.0106272386453044 0.00536587000494616
466 0.0017303937073998 0.0110002609249882
467 0.00974808032329803 0.00497950922383229
468 0.00173054435251237 0.0100002609249882
469 0.00885881826776629 0.00461321369297159
470 0.00173069499762497 0.00900026092498825
471 0.0079708698628379 0.00426763480627368
472 0.00173084564273754 0.00800026092498823
473 0.00704906482003563 0.0039460964591111
474 0.00175779288703517 0.00697416320471575
475 0.00611258327327723 0.00363353731460618
476 0.00177404402349903 0.00595720440216492
477 0.00517921782663143 0.0033322995212179
478 0.00176690749384923 0.00493781956378944
479 0.00426054568643956 0.00303565549615114
480 0.00175629314896574 0.00387699428424739
481 0.00338592486172497 0.00273329411351093
482 0.00175281672236953 0.00276326999961363
483 0.0016561307064875 0.0668442722782097
484 0.00893544841872836 0.0633661964401956
485 0.00822076234697845 0.0638140056283838
486 0.00965552436683431 0.0630117558324002
487 0.0101132229821049 0.0623526076137177
488 0.0106843511081253 0.0616884876091224
489 0.00747491252868687 0.0642666462409903
490 0.0113711027175785 0.0609343884151664
491 0.00671971113700865 0.0647054645266355
492 0.00593769090014059 0.0650944926894597
493 0.0117802590098918 0.0599781206484634
494 0.00506209048119482 0.0654514413156463
495 0.0121549996902814 0.0591744350120452
496 0.00420161622818289 0.0657565636950412
497 0.0124376985680237 0.0583364120952918
498 0.00336001376822063 0.0661730497700122
499 0.0126410922623931 0.0574807646270109
500 0.0128494595866575 0.0565887183309123
501 0.013049904335102 0.0556468766357974
502 0.0132484396854218 0.0546851937233356
503 0.0134587173985518 0.0536637616262127
504 0.0136896230247939 0.0526447624526116
505 0.0139479614248513 0.0516183695271125
506 0.0142414084695629 0.0505930751041519
507 0.0145570598216748 0.0495746072158171
508 0.00255799187861545 0.0655497126642982
509 0.0149036192924399 0.0485655293033509
510 0.00256531689323329 0.0645405179463188
511 0.0152824591503476 0.0475711059662106
512 0.0025545582491357 0.0635222641568418
513 0.0156787685729712 0.0465926348516156
514 0.00256461383679431 0.0625069505362063
515 0.0160959905814139 0.0456229051816763
516 0.00259735530232491 0.0615093305719694
517 0.016533299772092 0.0446762149002527
518 0.00260811060160277 0.0605143130143414
519 0.0169690817937821 0.0437423239398886
520 0.00258911281929344 0.0595003913874822
521 0.0174214613979017 0.0428192178447149
522 0.00258926346440601 0.0585003913874822
523 0.0178724378491901 0.0419165234599118
524 0.00258941410951859 0.0575003913874822
525 0.0183242173114512 0.041017633245422
526 0.00258956475463117 0.0565003913874822
527 0.0187707766770803 0.0401310609335593
528 0.00258971539974375 0.0555003913874822
529 0.0192155871765689 0.039247322737802
530 0.00258986604485633 0.0545003913874822
531 0.019644435862834 0.0383784555170803
532 0.00259001668996892 0.0535003913874822
533 0.0200594893932318 0.037501818553945
534 0.0025901673350815 0.0525003913874822
535 0.0204461914125512 0.0366352725366564
536 0.00259031798019406 0.0515003913874822
537 0.0208174201316827 0.0357698598475333
538 0.00259046862530665 0.0505003913874822
539 0.0211684747858497 0.0349007820778243
540 0.00259061927041924 0.0495003913874822
541 0.0214952400215822 0.0340314134657077
542 0.00259076991553181 0.0485003913874821
543 0.0217984541480983 0.0331607052357673
544 0.00259092056064438 0.0475003913874822
545 0.0220739898507953 0.0322886599898502
546 0.00259107120575697 0.0465003913874822
547 0.0223187798129259 0.0314134375407746
548 0.00259122185086955 0.0455003913874822
549 0.0225299333095257 0.0305373632970485
550 0.00259137249598213 0.0445003913874822
551 0.0227045301575925 0.029659426861307
552 0.00259152314109471 0.0435003913874821
553 0.0228485587262616 0.0287777599683206
554 0.00259167378620728 0.0425003913874821
555 0.0229553119978368 0.0278921943364429
556 0.00259182443131986 0.0415003913874822
557 0.0230234573014441 0.0270049828812201
558 0.00259197507643245 0.0405003913874821
559 0.0230612737538518 0.026115397974869
560 0.00259212572154501 0.0395003913874821
561 0.0230597981342966 0.0252221740512311
562 0.0025922763666576 0.0385003913874821
563 0.0230218545735574 0.0243280834507792
564 0.00259242701177018 0.0375003913874821
565 0.0229530815148657 0.0234344195025985
566 0.00259257765688276 0.0365003913874821
567 0.022845386661616 0.0225414226174933
568 0.00259272830199533 0.0355003913874821
569 0.0227105414727331 0.0216508354771387
570 0.00259287894710792 0.0345003913874821
571 0.022539076072571 0.020765232726275
572 0.0025930295922205 0.0335003913874821
573 0.02233627411315 0.0198876348311933
574 0.00259318023733308 0.0325003913874821
575 0.0221069553795324 0.0190170283054378
576 0.00259333088244565 0.0315003913874821
577 0.0218398163977778 0.0181614087314171
578 0.00259348152755824 0.0305003913874821
579 0.0215438108235508 0.0173179486232795
580 0.00259363217267081 0.0295003913874821
581 0.0212168252770983 0.016491735463811
582 0.00259378281778339 0.0285003913874821
583 0.0208600212607974 0.0156839990019246
584 0.00259393346289598 0.0275003913874821
585 0.0204731263176917 0.0148969693257449
586 0.00259408410800856 0.0265003913874821
587 0.020058630665374 0.0141345464301853
588 0.00259423475312112 0.0255003913874821
589 0.0196298894838576 0.0133912219275665
590 0.00259438539823371 0.0245003913874821
591 0.0191167686153607 0.0126799419255334
592 0.00259453604334629 0.0235003913874821
593 0.0185723575883357 0.0120298778275751
594 0.00259468668845886 0.0225003913874821
595 0.0180066898354328 0.0113847165507492
596 0.00259483733357146 0.0215003913874821
597 0.0174064228587722 0.0107670330888544
598 0.00259498797868403 0.0205003913874821
599 0.0167707550470921 0.0101772907684694
600 0.00259513862379661 0.0195003913874821
601 0.0161035194605727 0.00961387674267801
602 0.00259528926890919 0.0185003913874821
603 0.0154047327670868 0.00907786653685295
604 0.00259543991402177 0.0175003913874821
605 0.0146821700786709 0.00856622920207295
606 0.00259559055913434 0.0165003913874821
607 0.013932168536076 0.00807742215665517
608 0.00259574120424694 0.0155003913874821
609 0.0131541517482743 0.00761298239527629
610 0.00259589184935951 0.0145003913874821
611 0.0123567193817549 0.00717203614009188
612 0.00259604249447208 0.0135003913874821
613 0.0115362708875621 0.0067538234915237
614 0.00259619313958467 0.0125003913874821
615 0.0106989439394322 0.00635208025976658
616 0.00259634378469725 0.0115003913874821
617 0.00984221530373233 0.00596466505622635
618 0.00259649442980981 0.0105003913874821
619 0.00897581226328162 0.00559789066062659
620 0.0025966450749224 0.00950039138748211
621 0.00810255560693719 0.00524957527866016
622 0.00259679572003499 0.00850039138748209
623 0.00720777219747062 0.00492411314005762
624 0.00261689126573268 0.00746926440286558
625 0.00628946631001701 0.00461091324303274
626 0.00267761573002212 0.00642916923810787
627 0.00534135025335662 0.00431793820769222
628 0.00269623150530425 0.00539429923258417
629 0.00439776142816061 0.00402984308529174
630 0.00264437955889691 0.00435692801632409
631 0.00348168727619176 0.00372003475609892
632 0.00260275825170294 0.00336444580617279
633 0.00259106454414646 0.00243350719728665
634 0.00250731425481461 0.0665861971828509
635 0.00815271310961545 0.062808320516031
636 0.00901063251028683 0.0622689368064122
637 0.00738753069714189 0.0632734237220393
638 0.00965780606330133 0.061493034883072
639 0.0102645128110349 0.0607572658362901
640 0.00666402454270337 0.0637207497825396
641 0.0107630971128028 0.0599777135393766
642 0.00592714141582545 0.0641260702944662
643 0.00523144987742824 0.0645880007248524
644 0.011165082256401 0.0591722452555805
645 0.00432310267825138 0.0646294428631417
646 0.0116000551762667 0.0585029922847676
647 0.00341165939165601 0.065113881070637
648 0.0116819627832802 0.0577090062273414
649 0.01188109827228 0.0568509782015881
650 0.0120916847077959 0.0559402885313018
651 0.0122927377390443 0.0549871232267475
652 0.0124895295246669 0.0539745895964067
653 0.0127038906995187 0.0529536903677296
654 0.0129476207485018 0.0519063381678116
655 0.0132267270719803 0.0508614604172636
656 0.013538679343942 0.0498165624192271
657 0.0138761004265307 0.0487783031242312
658 0.0142485104397236 0.0477558177109708
659 0.00340294581395779 0.064058078756998
660 0.0146527208903341 0.0467480024753472
661 0.00335299424067687 0.063021307225319
662 0.0150639314475582 0.0457602017589223
663 0.00344846850889105 0.0620073185870371
664 0.0155008720062628 0.0447894420003074
665 0.00351801764775854 0.0610532922327396
666 0.0159520981400818 0.0438363884069752
667 0.00347677383512686 0.0600186854157794
668 0.0164038329124157 0.0429031606339036
669 0.00345521354170346 0.059000521849976
670 0.0168680139297256 0.041978722718201
671 0.00345536418681603 0.058000521849976
672 0.0173217374138258 0.0410767665190739
673 0.00345551483192862 0.057000521849976
674 0.0177774450602225 0.0401864781039983
675 0.00345566547704119 0.056000521849976
676 0.0182245630152477 0.039302324137061
677 0.00345581612215377 0.055000521849976
678 0.0186595419487083 0.0384326067834333
679 0.00345596676726636 0.054000521849976
680 0.0190650276296605 0.0375759315803015
681 0.00345611741237895 0.053000521849976
682 0.0194632368053766 0.0367157932791099
683 0.00345626805749151 0.052000521849976
684 0.0198343549657558 0.0358615908716415
685 0.00345641870260408 0.051000521849976
686 0.0201875689311687 0.0350103005748075
687 0.00345656934771668 0.050000521849976
688 0.0205186520254551 0.0341599613872265
689 0.00345671999282926 0.049000521849976
690 0.0208242381528292 0.0333124659215798
691 0.00345687063794182 0.048000521849976
692 0.0211054131164705 0.032465925205439
693 0.00345702128305442 0.047000521849976
694 0.0213565534474793 0.0316195594898776
695 0.003457171928167 0.046000521849976
696 0.0215748083035668 0.0307725873026004
697 0.00345732257327957 0.045000521849976
698 0.0217601116157597 0.0299265864906403
699 0.00345747321839215 0.044000521849976
700 0.021916276831635 0.0290804692351945
701 0.00345762386350473 0.043000521849976
702 0.0220357162025497 0.0282311113349368
703 0.00345777450861729 0.042000521849976
704 0.022117240735395 0.0273784724010551
705 0.0034579251537299 0.041000521849976
706 0.0221685056978889 0.0265259091609507
707 0.00345807579884247 0.040000521849976
708 0.0221878346689991 0.0256690109516035
709 0.00345822644395503 0.039000521849976
710 0.0221708518169886 0.0248099549103993
711 0.00345837708906762 0.038000521849976
712 0.022117031179435 0.0239486310338155
713 0.0034585277341802 0.037000521849976
714 0.0220320367316025 0.0230878195759477
715 0.00345867837929277 0.036000521849976
716 0.0219132312050055 0.0222287339617821
717 0.00345882902440537 0.035000521849976
718 0.021766436368306 0.0213727943754185
719 0.00345897966951794 0.034000521849976
720 0.0215871420917604 0.0205223163443087
721 0.00345913031463052 0.033000521849976
722 0.0213797645703333 0.0196793251018613
723 0.0034592809597431 0.032000521849976
724 0.0211409302660429 0.018847194745793
725 0.00345943160485568 0.031000521849976
726 0.0208676908435387 0.0180288097937021
727 0.00345958224996826 0.030000521849976
728 0.0205642775883915 0.0172274999069011
729 0.00345973289508083 0.029000521849976
730 0.0202393264468759 0.0164431852652858
731 0.00345988354019342 0.028000521849976
732 0.0198838203735591 0.0156776351355415
733 0.00346003418530601 0.027000521849976
734 0.019501295557425 0.0149340105371826
735 0.00346018483041858 0.026000521849976
736 0.0190911856412908 0.0142234968515213
737 0.00346033547553114 0.025000521849976
738 0.0187764503230343 0.0134585097827555
739 0.00346048612064375 0.024000521849976
740 0.0181486724744601 0.0129195035024418
741 0.0034606367657563 0.023000521849976
742 0.0176418254221391 0.0122817369083653
743 0.00346078741086889 0.022000521849976
744 0.0170864594545325 0.0116810369655858
745 0.00346093805598148 0.021000521849976
746 0.016494299281538 0.0111152357195328
747 0.00346108870109405 0.020000521849976
748 0.0158741267296711 0.010559916397298
749 0.00346123934620663 0.019000521849976
750 0.015217521297478 0.0100358386767543
751 0.00346138999131921 0.018000521849976
752 0.0145330738271375 0.00953592723794075
753 0.00346154063643178 0.017000521849976
754 0.0138311612834296 0.00905218821135924
755 0.00346169128154436 0.016000521849976
756 0.0130980506820271 0.00858616945048497
757 0.00346184192665697 0.015000521849976
758 0.0123351915812133 0.00814844005407714
759 0.00346199257176951 0.014000521849976
760 0.0115465291129176 0.00773514951616102
761 0.00346214321688211 0.013000521849976
762 0.0107401072469179 0.00733503697219068
763 0.00346229386199471 0.012000521849976
764 0.00991421383381637 0.00694774874786836
765 0.00346244450710726 0.0110005218499759
766 0.00907577462956271 0.00657809891792046
767 0.00346259515221983 0.010000521849976
768 0.00822757640262599 0.00622286475992543
769 0.003451364468596 0.00899602188861355
770 0.00735669847141298 0.00589639711323161
771 0.00346049622634457 0.00798199735889909
772 0.00646010001953405 0.00559072983944
773 0.00348886425014936 0.00694073528296358
774 0.00552842821407682 0.00528444547913425
775 0.00370170736212852 0.00585660813011101
776 0.00453706762948976 0.00502159479497305
777 0.00357388124948021 0.0047485393685168
778 0.00800553433133453 0.0618061062648763
779 0.00728189240021107 0.0623055856022779
780 0.00867742560684368 0.0612376853341727
781 0.00651352672983525 0.0627304461516423
782 0.00927200551476719 0.0605429304489883
783 0.00976491590630521 0.0598672039711671
784 0.00576846411552001 0.0631679206214087
785 0.0102121306595833 0.0590784150878634
786 0.00499181192484018 0.0637400724490764
787 0.0106627647273417 0.0581687380037615
788 0.0108840218739234 0.0571459296442766
789 0.0111196106633909 0.0562169772207257
790 0.011326186568821 0.0552719252931278
791 0.0115230584384242 0.0542939152698895
792 0.0117149342990138 0.0532674574353962
793 0.0119365532737028 0.0522130119046256
794 0.012200368395202 0.0511527193050517
795 0.0125071400635763 0.0500803616280449
796 0.0128291065987634 0.0490119213270802
797 0.0131950530019037 0.0479570251957672
798 0.0135963717371113 0.0469241441861481
799 0.0140178669208634 0.045906457066429
800 0.00407756658086136 0.0625795937023295
801 0.0144588420105273 0.0449092026433413
802 0.00449687999725858 0.0617214020584244
803 0.0149155745815787 0.0439399930333663
804 0.00436430191434863 0.0605418029832181
805 0.0153774789694892 0.042989456038547
806 0.00432330236961248 0.0594853645999201
807 0.0158463383951826 0.0420528999288342
808 0.0043184167973104 0.0584795065325691
809 0.0163167531116981 0.0411363148803009
810 0.00432146490922606 0.0575006523124699
811 0.0167786224725888 0.0402369902404713
812 0.00432161555433864 0.0565006523124699
813 0.0172324616187204 0.0393557480944846
814 0.0043217661994512 0.0555006523124699
815 0.0176803841457043 0.0384865259755041
816 0.0043219168445638 0.0545006523124699
817 0.0180798407395185 0.0376368230875009
818 0.00432206748967639 0.0535006523124699
819 0.0184744743452043 0.0367874062111471
820 0.00432221813478897 0.0525006523124699
821 0.0188496722586306 0.0359431234144659
822 0.00432236877990151 0.0515006523124699
823 0.0192060108494995 0.0351031822069782
824 0.0043225194250141 0.0505006523124699
825 0.0195386495341442 0.0342699428996804
826 0.00432267007012672 0.0495006523124699
827 0.0198468310985789 0.0334411039250583
828 0.00432282071523926 0.0485006523124699
829 0.0201305374812333 0.0326173724953182
830 0.00432297136035184 0.0475006523124699
831 0.0203919458567753 0.0317982982655298
832 0.00432312200546445 0.0465006523124699
833 0.0206188288468158 0.0309797947416273
834 0.00432327265057701 0.0455006523124699
835 0.0208082057040998 0.0301585986602964
836 0.00432342329568959 0.0445006523124699
837 0.0209707190878374 0.0293455060370679
838 0.00432357394080218 0.0435006523124699
839 0.0211151343862913 0.0285345563117223
840 0.00432372458591473 0.0425006523124698
841 0.0212107170100668 0.0277173756590457
842 0.00432387523102733 0.0415006523124699
843 0.0212598339459312 0.026897649384394
844 0.00432402587613993 0.0405006523124698
845 0.0213080188015223 0.0260828101612837
846 0.00432417652125247 0.0395006523124698
847 0.0213096894580533 0.0252579546739768
848 0.00432432716636506 0.0385006523124699
849 0.0212672017378296 0.0244319853171784
850 0.00432447781147765 0.0375006523124699
851 0.0212005392807016 0.0236034882676262
852 0.00432462845659021 0.0365006523124699
853 0.0211027541370272 0.0227748811612043
854 0.0043247791017028 0.0355006523124699
855 0.0209724150585679 0.0219485485102661
856 0.00432492974681539 0.0345006523124699
857 0.0208144802013879 0.0211273203609662
858 0.00432508039192796 0.0335006523124699
859 0.0206298982926994 0.0203118564335576
860 0.00432523103704055 0.0325006523124698
861 0.0204176892990378 0.0195059073540802
862 0.00432538168215311 0.0315006523124698
863 0.020173964877641 0.0187112956121786
864 0.0043255323272657 0.0305006523124699
865 0.0198896766117204 0.017932460672057
866 0.00432568297237827 0.0295006523124698
867 0.0195827927463372 0.0171733463119724
868 0.00432583361749085 0.0285006523124699
869 0.0192796928870519 0.0164199329819676
870 0.00432598426260345 0.0275006523124699
871 0.018895745090916 0.0156692421617471
872 0.00432613490771604 0.0265006523124698
873 0.018455796901718 0.0149186876788306
874 0.00432628555282857 0.0255006523124698
875 0.0148861074532928 0.0261427393633479
876 0.00432643619794117 0.0245006523124699
877 0.0142822540188574 0.0307977133036541
878 0.00432658684305377 0.0235006523124698
879 0.0172379025530114 0.0132002347161298
880 0.00432673748816631 0.0225006523124699
881 0.016839068654294 0.0124791891439178
882 0.00432688813327893 0.0215006523124698
883 0.0161807566774988 0.0120414729140675
884 0.00432703877839149 0.0205006523124698
885 0.0156200783361449 0.0114878651538075
886 0.00432718942350407 0.0195006523124698
887 0.015005839029263 0.0109683384614264
888 0.00432734006861665 0.0185006523124698
889 0.0143460953993726 0.0104942795322122
890 0.00432749071372923 0.0175006523124698
891 0.0136818263080096 0.0100226347708911
892 0.00432764135884178 0.0165006523124698
893 0.0130118485298498 0.0095587107604318
894 0.00432779200395441 0.0155006523124699
895 0.0122860630477757 0.00910268297141701
896 0.00432794264906697 0.0145006523124698
897 0.0115277216960689 0.00871428213767948
898 0.00432809329417952 0.0135006523124698
899 0.0107532879446201 0.00831722283388392
900 0.00432824393929216 0.0125006523124699
901 0.00995884057065924 0.00792784086284714
902 0.00432839458440473 0.0115006523124698
903 0.00914709250235915 0.00755446995996206
904 0.00432854522951726 0.0105006523124698
905 0.008324541113414 0.00720198872481613
906 0.00430056328707426 0.00950545656488276
907 0.00750397885844079 0.00685340058906069
908 0.00429785495340971 0.00849248072118718
909 0.00662046186121752 0.00657446835137611
910 0.00431971975056066 0.00749725978122072
911 0.00575315714463664 0.00628539603228031
912 0.00428716328692901 0.00659215233080798
913 0.0047691404764232 0.00590123238011747
914 0.00708133133524787 0.0613452297069665
915 0.00777471784923498 0.0608229279492088
916 0.00649206031888143 0.0618497806439573
917 0.00844348381298898 0.0603976579247159
918 0.00563570323681034 0.0620430763567794
919 0.00875952508184591 0.0596785933266468
920 0.00931516391380214 0.0591117847287317
921 0.00952397096928198 0.0582895782074716
922 0.00984019998679399 0.0573884912578236
923 0.0101193318025967 0.0564671747605407
924 0.0103607770855916 0.055552008901751
925 0.0105573870675037 0.0546071306112659
926 0.010728455823525 0.0535903938940782
927 0.0109149499734224 0.0525347787591072
928 0.0111488215428295 0.0514534873088662
929 0.0114569626626756 0.0503737995311327
930 0.0117688312409348 0.0492647927368042
931 0.0121068944694866 0.0481784604502186
932 0.0125167442157578 0.0471167049814039
933 0.0129620894403449 0.0460686836060259
934 0.0133933941893271 0.0450407167701585
935 0.0138563480474449 0.0440491977950828
936 0.00525285986480208 0.0609440881251948
937 0.0143416889076495 0.0430774569027026
938 0.0051775595614223 0.0598990483148718
939 0.0148168235678453 0.0421299763455747
940 0.00518549926763448 0.0589188264333321
941 0.0152968566513314 0.0411986271754792
942 0.00518087528471527 0.0579579308670125
943 0.0157722485827876 0.0402884074816094
944 0.00517810968934341 0.0569821160500318
945 0.0162396734190452 0.0394019473106337
946 0.00518771627674865 0.0560007827749637
947 0.0166778980002681 0.0385408694672252
948 0.00518786692186122 0.0550007827749638
949 0.0170941003636558 0.0376920462419359
950 0.00518801756697383 0.0540007827749638
951 0.0174910118179029 0.036847458894501
952 0.00518816821208643 0.0530007827749637
953 0.017866350437453 0.036012996990987
954 0.00518831885719898 0.0520007827749637
955 0.0182225619945391 0.0351839062926622
956 0.0052086592156247 0.0510049284299068
957 0.0185556923702048 0.0343623640924392
958 0.00518862014742416 0.0500007827749638
959 0.0188712170834361 0.033548329812085
960 0.00518877079253673 0.0490007827749637
961 0.0191519777902369 0.0327442083425112
962 0.00518892143764926 0.0480007827749637
963 0.0194175609528137 0.031946100977765
964 0.00518907208276189 0.0470007827749638
965 0.0196715710446497 0.0311614541675007
966 0.00518922272787447 0.0460007827749637
967 0.0198648458610934 0.0303620662488393
968 0.00518937337298702 0.0450007827749637
969 0.0200144003283497 0.0295646735929566
970 0.00518952401809962 0.0440007827749637
971 0.0201768267715325 0.0287938160018818
972 0.00518967466321219 0.0430007827749637
973 0.020440010741011 0.0280374967429611
974 0.00518982530832474 0.0420007827749637
975 0.0203439700180286 0.0272355011588506
976 0.00518997595343739 0.0410007827749638
977 0.0203925470072729 0.0264432040950318
978 0.00519012659854993 0.0400007827749637
979 0.0205913323775699 0.0256650937457786
980 0.00519027724366247 0.0390007827749637
981 0.0204100135365195 0.0248879879548317
982 0.0051904278887751 0.0380007827749637
983 0.0203572623669911 0.0240881841838273
984 0.00519057853388766 0.0370007827749637
985 0.0202802345238054 0.0232916293195974
986 0.00519072917900022 0.0360007827749637
987 0.0201648640874304 0.0224955954925178
988 0.00519087982411283 0.0350007827749637
989 0.0200250177438829 0.021703003856664
990 0.00519103046922541 0.0340007827749637
991 0.0198627067029393 0.0209141414916467
992 0.00519118111433799 0.0330007827749637
993 0.0196697347773554 0.020134591179445
994 0.00519133175945056 0.0320007827749637
995 0.0194626193851926 0.0193645614076994
996 0.00519148240456314 0.0310007827749637
997 0.0192159996087161 0.0185996485305529
998 0.00519163304967572 0.0300007827749637
999 0.0188989607585174 0.017871283701331
1000 0.00519178369478828 0.0290007827749637
1001 0.0186059589790139 0.0171444781183206
1002 0.00519193433990088 0.0280007827749637
1003 0.0184212864726893 0.0163818953839247
1004 0.0051920849850135 0.0270007827749637
1005 0.0178875493859017 0.0157768430292632
1006 0.00519223563012604 0.0260007827749636
1007 0.0173735736888505 0.0149330966522068
1008 0.00519238627523858 0.0250007827749637
1009 0.00519253692035123 0.0240007827749637
1010 0.0167861801780418 0.0140572634132095
1011 0.00519268756546375 0.0230007827749637
1012 0.01053302151217 0.0438648600503611
1013 0.00519283821057635 0.0220007827749637
1014 0.0145926510385259 0.0292944082141594
1015 0.00519298885568896 0.0210007827749637
1016 0.01531222876772 0.0124322175286854
1017 0.00519313950080151 0.0200007827749637
1018 0.0148386058471507 0.0117910169615153
1019 0.00519329014591409 0.0190007827749637
1020 0.0141377566513899 0.0114336285777924
1021 0.00519344079102668 0.0180007827749637
1022 0.0134901248727146 0.0109890437216559
1023 0.00519359143613923 0.0170007827749637
1024 0.0128504367202536 0.0105173576765401
1025 0.00519374208125181 0.0160007827749637
1026 0.0122686384319776 0.00994736810487882
1027 0.00519389272636447 0.0150007827749637
1028 0.0114863933676441 0.00970347673240139
1029 0.00519404337147695 0.0140007827749636
1030 0.0107461118286775 0.00930171552520597
1031 0.00519419401658956 0.0130007827749638
1032 0.00997618453853023 0.00890862308940585
1033 0.00518683653267594 0.0120159868885683
1034 0.00919557224780862 0.00852645735559196
1035 0.005173176341973 0.0110223143702841
1036 0.00839760090592931 0.00817237861773863
1037 0.00514554239206403 0.0100265550738274
1038 0.00758213795828202 0.00784496559532535
1039 0.00511596642175328 0.00901331626371194
1040 0.00684575957230332 0.00741022315830871
1041 0.00512908411144586 0.00795273517169138
1042 0.00595670048738244 0.0074307946175309
1043 0.0050775404027875 0.00687709530677912
1044 0.00491232100616523 0.0627320815580361
1045 0.00613267062490095 0.0610564170296208
1046 0.00694346616266028 0.0604706004112094
1047 0.00774743756252789 0.0597373467305618
1048 0.0083945996872899 0.0586267757617395
1049 0.0087348211481455 0.0575706240976139
1050 0.00908467302694583 0.0566603592265615
1051 0.00939755727515169 0.0557793902932711
1052 0.00958581081795285 0.0548789140011445
1053 0.00975445797165801 0.0539286442646821
1054 0.00989498226424509 0.0528715228216038
1055 0.0100611420174579 0.0517733111757515
1056 0.0103559777815446 0.0506862857369916
1057 0.0107316439104675 0.0495494389203307
1058 0.0109879756067565 0.0484098822478877
1059 0.0113794102713409 0.0473200972693563
1060 0.0118814168654176 0.0462460337874885
1061 0.0123087732264928 0.0451791415076403
1062 0.0127676010937715 0.0441515594826975
1063 0.0132882776432933 0.0431669056834091
1064 0.0137802117030617 0.042205771436562
1065 0.00606479167693818 0.0592837951479481
1066 0.0142695686076158 0.0412573392506741
1067 0.00606823273753931 0.058404774550151
1068 0.0147650022895871 0.0403374868486679
1069 0.00601985488752298 0.0574479589295776
1070 0.0152389221301114 0.0394407226554256
1071 0.00605366635404611 0.0565009132374576
1072 0.0156807243338539 0.0385863175386247
1073 0.00606518177782461 0.0555231273396916
1074 0.0161082499660606 0.0377356516506258
1075 0.00606189530684758 0.0545137953307542
1076 0.0165029504340717 0.0369017338722761
1077 0.00608746316674314 0.0535190968291982
1078 0.0168816254569212 0.0360731789562148
1079 0.00610712338153116 0.0525175868399832
1080 0.0172379051931542 0.0352536252058465
1081 0.00611210979900795 0.0515151910700804
1082 0.017571244137014 0.0344433586650719
1083 0.0060989910974312 0.0505109871072067
1084 0.0178820610800031 0.0336403763588362
1085 0.00608645659360238 0.0495063150656547
1086 0.0181727654727496 0.0328437114521482
1087 0.00608117812573951 0.0485040805853945
1088 0.0184460591274482 0.0320604728867176
1089 0.00608098237117831 0.0475081400949369
1090 0.0186872243493498 0.0312894970529292
1091 0.00607001108059024 0.0465071023213108
1092 0.0190635633140768 0.0305751086090094
1093 0.00605532345028447 0.0455009132374576
1094 0.019065276273978 0.0297982175714703
1095 0.00605547409539705 0.0445009132374576
1096 0.0192376005390368 0.0289093665580815
1097 0.00605562474050966 0.0435009132374576
1098 0.0128572889511234 0.0161910944223765
1099 0.00605577538562217 0.0425009132374575
1100 0.00674273300506866 0.00914570157570424
1101 0.00605592603073479 0.0415009132374577
1102 0.0194816795822869 0.0267903242148141
1103 0.00605607667584744 0.0405009132374575
1104 0.00598675232516119 0.0602141471593147
1105 0.0060562273209599 0.0395009132374575
1106 0.00894505141669346 0.0480654212626951
1107 0.00605637796607252 0.0385009132374576
1108 0.0194957499591589 0.0246752162326429
1109 0.00605652861118513 0.0375009132374576
1110 0.0194488135523316 0.0238299709315437
1111 0.00605667925629766 0.0365009132374575
1112 0.0193609257582712 0.0230184434499775
1113 0.00605682990141025 0.0355009132374576
1114 0.0192147923579552 0.0222493733022136
1115 0.00605698054652287 0.0345009132374576
1116 0.0190871279409196 0.0214850891498078
1117 0.00605713119163543 0.0335009132374576
1118 0.0189131854538989 0.0207278520150152
1119 0.00605728183674803 0.0325009132374575
1120 0.0187059624330995 0.0199869683055354
1121 0.00605743248186056 0.0315009132374576
1122 0.0186481866639811 0.0192184108128606
1123 0.00605758312697318 0.0305009132374576
1124 0.018221398873956 0.0185765425813454
1125 0.00605773377208572 0.0295009132374575
1126 0.0178847036428594 0.0177862610294084
1127 0.00605788441719829 0.0285009132374576
1128 0.0175291305320319 0.0168275107877144
1129 0.00605803506231094 0.0275009132374576
1130 0.00605818570742354 0.0265009132374575
1131 0.0168763762552323 0.0158873137436129
1132 0.00605833635253599 0.0255009132374575
1133 0.0162919591393179 0.0150060283510942
1134 0.00605848699764863 0.0245009132374576
1135 0.00605863764276125 0.0235009132374575
1136 0.0156689949339551 0.0141487866711427
1137 0.00605878828787374 0.0225009132374576
1138 0.00605893893298643 0.0215009132374576
1139 0.00605908957809896 0.0205009132374575
1140 0.0141840836847028 0.0125426030405651
1141 0.00605924022321153 0.0195009132374575
1142 0.00605939086832412 0.0185009132374576
1143 0.0133563329342161 0.0119952492254662
1144 0.0060595415134367 0.0175009132374575
1145 0.0125862124993897 0.0114354495983373
1146 0.00605969215854921 0.0165009132374575
1147 0.0181085851985387 0.0303264093922564
1148 0.00605984280366192 0.0155009132374576
1149 0.0161126514787511 0.013138721350824
1150 0.00605999344877444 0.0145009132374574
1151 0.0108009229291512 0.0103175773078728
1152 0.00606014409388693 0.0135009132374576
1153 0.00998981957010601 0.00989053807165098
1154 0.00605990532308978 0.0125232160699881
1155 0.00919879780027688 0.0094961667195886
1156 0.00604039092842082 0.0115442034140366
1157 0.00840354226670353 0.00910886107872298
1158 0.00600228103849101 0.0105559568920216
1159 0.0075802814040922 0.00872471621985563
1160 0.00595076672626954 0.00956744745207326
1161 0.00665855520860332 0.0082576625029201
1162 0.0149726416424671 0.0133585707615507
1163 0.00709851577057054 0.0587685327346996
1164 0.00767360404294421 0.0577690577633151
1165 0.00795692857488016 0.0566738006376239
1166 0.0085136364076588 0.0559471863116018
1167 0.0086291594939472 0.0551567661805606
1168 0.00877289826680034 0.0542383329721213
1169 0.00890082153339045 0.0532530098712799
1170 0.00900467404118371 0.0521593351772638
1171 0.00910150631081548 0.0509468982187863
1172 0.00966119631674368 0.0498267948809352
1173 0.00989212684436042 0.0487054898902488
1174 0.010094906460777 0.0474992419910531
1175 0.0107618316436677 0.0464284774290443
1176 0.0112718116270739 0.0453836324002669
1177 0.0115853970359831 0.0442398514354956
1178 0.0122310974495544 0.0432329046191941
1179 0.0127379127808604 0.0422778594440575
1180 0.0132278584738111 0.0413212113484783
1181 0.0137308605983206 0.0403890056008206
1182 0.0142156150539319 0.0395015391468638
1183 0.00692609803388781 0.0570115740871615
1184 0.0146706389213495 0.0386336275973906
1185 0.00695760042735561 0.0560734532948963
1186 0.015117026037427 0.0377760001197973
1187 0.00692734953361529 0.0550531592625952
1188 0.0155161364454388 0.0369450019995641
1189 0.00696262729478896 0.0540496660168481
1190 0.0158948296163824 0.03612401485666
1191 0.00701313999789466 0.0530502190715947
1192 0.016251400996242 0.0353134104025326
1193 0.00704830612463085 0.0520407857617672
1194 0.0165858810036925 0.034512650277483
1195 0.00703824517630734 0.0510271881242118
1196 0.0168995489626888 0.0337195395137142
1197 0.00699860289379294 0.0500128726488543
1198 0.0171915557827979 0.0329317202115341
1199 0.00697602397031534 0.0490049778792365
1200 0.0174729293892174 0.0321345864186243
1201 0.00698358346497714 0.0480132224776572
1202 0.0177480671971247 0.0313020629342627
1203 0.00696766656928256 0.0470201010153186
1204 0.0195958045159744 0.0256623637726861
1205 0.00694985892585987 0.0460186569796926
1206 0.00968717283753959 0.0445390653252587
1207 0.00692142417269447 0.0450010436999514
1208 0.0182441130895233 0.0292546734746777
1209 0.00694049029005264 0.0440003170061763
1210 0.0184203989282468 0.028261698611618
1211 0.00694287774481176 0.0430014161976829
1212 0.00694805214123666 0.0420002275518817
1213 0.018554262338175 0.0272430286276119
1214 0.00692202675314491 0.0410010436999515
1215 0.0186061185519495 0.0262257015158786
1216 0.0069221773982574 0.0400010436999513
1217 0.018610704214275 0.0252377094696831
1218 0.00692232804336988 0.0390010436999515
1219 0.00692247868848259 0.0380010436999515
1220 0.0185438368857212 0.024279711966015
1221 0.00692262933359513 0.0370010436999514
1222 0.018648681714557 0.0235056868283406
1223 0.00692277997870765 0.0360010436999515
1224 0.0183959824892845 0.0227751329358186
1225 0.00692293062382031 0.0350010436999515
1226 0.0182532957629252 0.0220184026248773
1227 0.00692308126893288 0.0340010436999514
1228 0.0182539446544648 0.0212564009505276
1229 0.00692323191404547 0.0330010436999514
1230 0.0178919016255032 0.0205541742502626
1231 0.00692338255915802 0.0320010436999514
1232 0.017724766854506 0.0195433741586137
1233 0.00692353320427059 0.0310010436999514
1234 0.0069236838493832 0.0300010436999514
1235 0.0069238344944957 0.0290010436999514
1236 0.0168478904225157 0.0177241165004497
1237 0.00692398513960835 0.0280010436999515
1238 0.0163653700779171 0.0168240097427388
1239 0.00692413578472103 0.0270010436999514
1240 0.00692428642983349 0.0260010436999512
1241 0.0158055810510715 0.0159465498016908
1242 0.00692443707494598 0.0250010436999515
1243 0.0152220956131161 0.0151091021120309
1244 0.00692458772005874 0.0240010436999515
1245 0.00692473836517118 0.0230010436999513
1246 0.00692488901028381 0.0220010436999515
1247 0.00692503965539647 0.0210010436999514
1248 0.00692519030050895 0.0200010436999514
1249 0.013137735825535 0.0129755260161285
1250 0.00692534094562155 0.0190010436999514
1251 0.00692549159073416 0.0180010436999514
1252 0.0124032378836017 0.012427357834824
1253 0.00692564223584667 0.0170010436999513
1254 0.0116126601414405 0.0118675194911457
1255 0.00692579288095925 0.0160010436999516
1256 0.00692396467707766 0.0150046892164809
1257 0.0107844247700502 0.0113291820258234
1258 0.00692609417118433 0.0140010436999513
1259 0.00999184580603843 0.0108627976112315
1260 0.00694027760512913 0.0130361204655491
1261 0.00920079326092342 0.0104531256968251
1262 0.00692791806154083 0.0120700540362666
1263 0.00841913842428334 0.0100821369978852
1264 0.00687413886652197 0.011086028445356
1265 0.00761080158773066 0.00964392068238142
1266 0.00681201858796356 0.0100989856473282
1267 0.00676462658812743 0.05788571580535
1268 0.0172628492391618 0.01861930483393
1269 0.0145858965842062 0.01432102782315
1270 0.0139361856713786 0.013582907147333
1271 0.00773683555901495 0.0556056239294517
1272 0.00782073577211664 0.0545989146289458
1273 0.00790578733215374 0.0536218044309075
1274 0.00798766653525062 0.0526124080454517
1275 0.00803223331605065 0.0515538903332101
1276 0.00869912926138266 0.0499542746637432
1277 0.00884298880684834 0.0490685068290682
1278 0.0194537250346742 0.0279307902094179
1279 0.00967241849403827 0.0464440793579733
1280 0.0102427707676451 0.0455298989620736
1281 0.0106524850261959 0.0446961362752458
1282 0.0112434387698077 0.0431434696974889
1283 0.0116957379079246 0.0422857998530397
1284 0.0121718863918465 0.0413684650675337
1285 0.0126911336064164 0.0404535995341773
1286 0.0131942234862119 0.0395453820611435
1287 0.0136657122320697 0.0386733101063801
1288 0.0141110522397878 0.0378156907619653
1289 0.0145255893821605 0.0369799766509261
1290 0.0149061825561017 0.0361649771931364
1291 0.015262533520462 0.0353633576550315
1292 0.0155981417708113 0.0345713484631823
1293 0.0159121562278033 0.0337885646749706
1294 0.00795904696980364 0.0505257249264832
1295 0.0162088610775673 0.0330141358004849
1296 0.00787309450314346 0.0494914885534827
1297 0.0164897699662101 0.0322401779828828
1298 0.00791576317614779 0.0485208263690956
1299 0.0167535209669144 0.0314275805761238
1300 0.00792271970616346 0.0475415115124568
1301 0.0170175093593293 0.0305365249934508
1302 0.00787562031088082 0.0465505191258751
1303 0.0172416621092419 0.0296134807682773
1304 0.00780907694169134 0.0455232596664316
1305 0.00781856637022247 0.0444984975539714
1306 0.0174249971694761 0.0286201716092906
1307 0.00784544146428247 0.0435018247827276
1308 0.017573249046592 0.0276455069080597
1309 0.00785165885548007 0.0424961509368578
1310 0.0078465739349846 0.0414986498576906
1311 0.017652119624543 0.0266851313488815
1312 0.00782507486095516 0.0404967604283605
1313 0.0176761772580243 0.0257253135402358
1314 0.00778827812066728 0.0395011741624451
1315 0.0176566664999041 0.0247189245201276
1316 0.00778842876577996 0.0385011741624454
1317 0.00778857941089265 0.0375011741624452
1318 0.0176640974958215 0.0236133072426575
1319 0.00778873005600508 0.0365011741624452
1320 0.00778888070111769 0.0355011741624454
1321 0.00778903134623037 0.0345011741624453
1322 0.0172696324496572 0.0214869098606915
1323 0.00778918199134289 0.0335011741624453
1324 0.00778933263645551 0.0325011741624452
1325 0.0169071688312349 0.0203730310142013
1326 0.00778948328156799 0.0315011741624453
1327 0.00778963392668066 0.0305011741624453
1328 0.00778978457179315 0.0295011741624452
1329 0.00778993521690571 0.0285011741624454
1330 0.0157724500328896 0.017720888847809
1331 0.00779008586201848 0.0275011741624454
1332 0.0152813676039599 0.0168599002375744
1333 0.00779023650713109 0.0265011741624451
1334 0.00779038715224335 0.0255011741624451
1335 0.014760427350538 0.0160245433236868
1336 0.0077905377973561 0.0245011741624455
1337 0.00779068844246876 0.0235011741624451
1338 0.00779083908758111 0.0225011741624453
1339 0.00779098973269395 0.0215011741624454
1340 0.00779114037780644 0.0205011741624451
1341 0.00779129102291896 0.0195011741624453
1342 0.0122873890439827 0.0134584512489263
1343 0.0077914416680316 0.0185011741624453
1344 0.00779159231314418 0.0175011741624451
1345 0.0114879854131025 0.012904945310142
1346 0.00779174295825657 0.0165011741624453
1347 0.0106596050505254 0.0123743241393145
1348 0.00780112346358309 0.0154960516979765
1349 0.00777832281521347 0.0145237955398963
1350 0.00986038210999395 0.0118568034451154
1351 0.0078079025016496 0.0135366785760748
1352 0.00924940804515853 0.0113025386486015
1353 0.00786026115918132 0.0126044446660884
1354 0.00845373508481029 0.0111234540904457
1355 0.00776664427893312 0.011625871514558
1356 0.00766771949644768 0.0106143812238652
1357 0.0174208613631213 0.0225574892387327
1358 0.0166378328743401 0.0194429561519422
1359 0.0162388389572585 0.0185644554597919
1360 0.0141845214374018 0.0152509898460937
1361 0.0130648596360156 0.0138371791320803
1362 0.0135748452976346 0.0145466285771781
1363 0.0179627839058438 0.0140396220574999
1364 0.00937394843890413 0.0455547231355791
1365 0.0117671958825012 0.0107911453930596
1366 0.0106689251068879 0.0422774690784288
1367 0.0110750365013112 0.0414119745280249
1368 0.0116450997449775 0.0405113241169662
1369 0.0121647059943347 0.0395999359843282
1370 0.0126506735819894 0.0387121847581832
1371 0.0131110381676832 0.037853612484373
1372 0.0135365915195345 0.0370092369631405
1373 0.013915268231015 0.0361952068208746
1374 0.0142683305910912 0.0354014694890531
1375 0.0146081504632941 0.0346188225707731
1376 0.0149194767031477 0.0338435658198213
1377 0.0152207209408434 0.0330791218781247
1378 0.0155099662248555 0.0323269079147384
1379 0.0157851823801583 0.0315736029075799
1380 0.0159987778785948 0.0307416600129387
1381 0.00889297307330367 0.0470858870981668
1382 0.0161998957795703 0.0298667250460334
1383 0.00868490887386477 0.046064070910271
1384 0.016429958579078 0.0289166393073291
1385 0.00866285920397914 0.0450237071439678
1386 0.00875607912217333 0.044018617994943
1387 0.0166215622030558 0.028001758519908
1388 0.00875011380114598 0.0429984785256151
1389 0.016719921692372 0.0270768911028042
1390 0.00879460324041191 0.0419863236432123
1391 0.00876885449310404 0.0409909886120724
1392 0.0167400316574047 0.0261808655621555
1393 0.00868641413016181 0.0399605863215781
1394 0.0167512779612965 0.0252261079416365
1395 0.00865571214321207 0.0389633775952604
1396 0.016716660375207 0.0242304882054283
1397 0.00865251992353001 0.0379848764852272
1398 0.00865548986400494 0.0369862171859406
1399 0.00865483077841502 0.0360013046249392
1400 0.00866256919517419 0.0349974445454517
1401 0.00865513206864036 0.0340013046249391
1402 0.0161371929280369 0.0211781408338638
1403 0.00865528271375296 0.0330013046249392
1404 0.00865543335886547 0.032001304624939
1405 0.00865558400397804 0.0310013046249392
1406 0.00865573464909069 0.030001304624939
1407 0.00865588529420306 0.0290013046249391
1408 0.00865603593931581 0.0280013046249394
1409 0.014713511700427 0.0177544627629504
1410 0.00865618658442868 0.0270013046249391
1411 0.0142356631254889 0.0169002212084944
1412 0.00865633722954093 0.0260013046249387
1413 0.00865648787465328 0.0250013046249393
1414 0.00865663851976635 0.0240013046249392
1415 0.00865678916487856 0.0230013046249389
1416 0.00865693980999124 0.0220013046249394
1417 0.00865709045510405 0.021001304624939
1418 0.00865724110021636 0.020001304624939
1419 0.008657391745329 0.0190013046249392
1420 0.0114762901449429 0.0139081076417863
1421 0.0086575423904417 0.0180013046249391
1422 0.00865769303555403 0.0170013046249389
1423 0.0105277120272162 0.0133979008868645
1424 0.0086682308903822 0.0159813510500402
1425 0.00969551580528048 0.0128917172968907
1426 0.00869674830706518 0.0149600611714428
1427 0.00855929170125238 0.0140838423494975
1428 0.0087900657281979 0.0121498682154837
1429 0.00960657707493515 0.043506530929475
1430 0.0165973033199026 0.0232248176083406
1431 0.0163994839326881 0.0222137929498909
1432 0.0158497465164985 0.0201630422222278
1433 0.0151857076423887 0.0186263926479673
1434 0.0137636093912696 0.0161053356496933
1435 0.0124296331588058 0.0145850901998525
1436 0.00883335680367453 0.0132226100951029
1437 0.0157267507371785 0.0192939579547813
1438 0.0131225339340358 0.0153732251315708
1439 0.00986550051931663 0.0414540478611316
1440 0.0105982853229368 0.0405638841103873
1441 0.0111520117537914 0.0396621157781693
1442 0.0116191526271631 0.0387507142853057
1443 0.0121125081899934 0.0378818331097759
1444 0.0125413945205548 0.0370468269461303
1445 0.012926271673166 0.0362156114760093
1446 0.0132642169835372 0.0354276183073707
1447 0.0136030612589631 0.0346561327845301
1448 0.0139249199596743 0.033884838217886
1449 0.0142289536787658 0.0331172934362334
1450 0.0145276490936247 0.0323736241389059
1451 0.0148037032795996 0.0316502775602664
1452 0.0151499492582931 0.0309872533014414
1453 0.015093885893404 0.0301129153477629
1454 0.0154457004214875 0.0291337422590028
1455 0.0156265759963725 0.0282255677326783
1456 0.0159200544702178 0.0274418643711062
1457 0.00967538355511006 0.0424925720299251
1458 0.0157846588392269 0.0266233526070795
1459 0.00956112932472415 0.0404275469436207
1460 0.0158514491316709 0.0257390569800011
1461 0.00953041676765973 0.0393597952562772
1462 0.0158411027248531 0.0247858666383821
1463 0.00952055321165736 0.0384418075918597
1464 0.00951147631141146 0.0374515695630506
1465 0.00954117728757267 0.0364820697763153
1466 0.00953328159852204 0.0354826626803974
1467 0.00955122782568421 0.0344997721760379
1468 0.00955174801258057 0.0335072807285213
1469 0.009533422867866 0.032508178669155
1470 0.00952153408127538 0.031501435087433
1471 0.0095216847263882 0.030501435087433
1472 0.00952183537150055 0.0295014350874327
1473 0.00952198601661301 0.0285014350874333
1474 0.00952213666172614 0.0275014350874334
1475 0.0136586958189793 0.0177221702195621
1476 0.00952228730683877 0.0265014350874325
1477 0.00952243795195051 0.0255014350874327
1478 0.00952258859706359 0.0245014350874336
1479 0.00952273924217637 0.0235014350874326
1480 0.00952288988728834 0.0225014350874331
1481 0.00952304053240159 0.0215014350874333
1482 0.00952319117751395 0.0205014350874326
1483 0.00953937068130556 0.0195110565327598
1484 0.00955395855894364 0.0185152076455974
1485 0.0106586140897013 0.0142872739262915
1486 0.00955203055242564 0.0175132815490574
1487 0.00952911578717589 0.0165019976964246
1488 0.00961170866870329 0.0141779033989597
1489 0.00952821722251086 0.0154287861987212
1490 0.0157286517766725 0.0238455740695149
1491 0.0150744669811731 0.0208396068155523
1492 0.0153738635879618 0.0218686310986322
1493 0.0141395144847312 0.0186612222373251
1494 0.0132018169904125 0.0168990053429099
1495 0.0113768740888872 0.0148651436212311
1496 0.0155936066805006 0.0228723569529524
1497 0.0147508706756895 0.0196967913258191
1498 0.0120547902627232 0.0156896633452898
1499 0.0105090489801485 0.0388144550565644
1500 0.011123798492178 0.0378859505644935
1501 0.0115579114931407 0.0370784124882945
1502 0.0119826650589695 0.0362407394497538
1503 0.012252247999419 0.035424045293469
1504 0.0125804437458704 0.0346784230278798
1505 0.0129423660012106 0.0339209699508472
1506 0.0132330219604544 0.0331456662202155
1507 0.0135389875543785 0.0323616386757669
1508 0.0138334268218883 0.0315703847588926
1509 0.0139832862983268 0.0299157498283377
1510 0.0146749121681369 0.0283932603161752
1511 0.0149080375761948 0.027298472832492
1512 0.0150900166853111 0.0252822088829247
1513 0.0102755383834331 0.0397682908378707
1514 0.0104882801296715 0.0370086865309337
1515 0.0103667494133798 0.0359414354218208
1516 0.0104504464685283 0.0349923844610651
1517 0.0104636893280486 0.034026236483283
1518 0.0104371208807685 0.033002291959568
1519 0.0103879002094304 0.0320242838919585
1520 0.0103772119858936 0.0310113288609878
1521 0.0104213235240275 0.0300296948059859
1522 0.0103946165699931 0.0290163912731707
1523 0.0103880867390232 0.0280015655499277
1524 0.0103882373841367 0.0270015655499268
1525 0.0103883880292483 0.0260015655499257
1526 0.0103885386743603 0.0250015655499274
1527 0.0103886893194742 0.0240015655499271
1528 0.0103888399645858 0.0230015655499262
1529 0.0104039667202174 0.0220017880984451
1530 0.0104211485264654 0.0210126108631231
1531 0.0104329357410851 0.0200311522762101
1532 0.0104396655197805 0.0190430841384093
1533 0.0104676354863189 0.0180319725735856
1534 0.0104391666562528 0.0170287669017096
1535 0.0103550940928125 0.0160610429367869
1536 0.0148649367816784 0.0244638679786006
1537 0.0102379014531532 0.0379166872985677
1538 0.012580432421327 0.0175940223901221
1539 0.0131136909576387 0.0185053792471742
1540 0.0103750832631812 0.0151137177749628
1541 0.014759320623899 0.0234916145951728
1542 0.0140083382899822 0.0206120055272302
1543 0.0143559800313072 0.0215664010452804
1544 0.0146358506440834 0.0225293960873519
1545 0.0133885208083376 0.0196079758633422
1546 0.011128874492237 0.0363355386429241
1547 0.0113037475329493 0.0354943797060439
1548 0.0114762868227028 0.0345977604729787
1549 0.0120196927656286 0.0339789560262526
1550 0.0122256574150804 0.0332098360206734
1551 0.0125251394655918 0.0323807797402625
1552 0.0128910886351009 0.0315407425837549
1553 0.0137264497422462 0.0276831957995007
1554 0.0112670850685985 0.0335130934124046
1555 0.0114002164472465 0.0324633733681467
1556 0.011090416850661 0.0315376745605529
1557 0.0113685706357868 0.0306302622861686
1558 0.0112831940898867 0.02952988172372
1559 0.0112355375871026 0.0285177282656864
1560 0.0112199795456049 0.027525712700347
1561 0.0112415040531939 0.0265326803159966
1562 0.0112693433646762 0.0255418039757586
1563 0.0112746976224867 0.0245331761270219
1564 0.011272118053741 0.0235166885381436
1565 0.0112839048461446 0.0224965567923396
1566 0.0113094885468888 0.0215065781497176
1567 0.011336905657095 0.0205378422170503
1568 0.0113440140524749 0.0195817594564031
1569 0.0113273565061725 0.0186091031629129
1570 0.0114567750186758 0.0175199175702796
1571 0.0112746654844294 0.0164836344783187
1572 0.0121893840997036 0.0167632068323669
1573 0.011094976592033 0.0156450274600539
1574 0.0131572778740445 0.0305314105511445
1575 0.0137706422579184 0.0288817694888629
1576 0.0139498872866873 0.0264921651338212
1577 0.0140733180057067 0.0252808187487402
1578 0.0139244693818444 0.0241089701112782
1579 0.0121495162342165 0.0182879250320855
1580 0.0122865616943368 0.0192021415175009
1581 0.0138203459644402 0.0230977334321359
1582 0.0130696210881994 0.0205717856106224
1583 0.0132468353293341 0.0214674423239754
1584 0.0138016136127564 0.0222404667834397
1585 0.0119202180571629 0.0315653475061725
1586 0.0121921388520791 0.0299492952799203
1587 0.0121175364764293 0.0289909050449271
1588 0.0120373326558735 0.0280327949298166
1589 0.0120531833308466 0.0270720514922307
1590 0.0121400862135965 0.0261089584482333
1591 0.0121711521798468 0.025096623889957
1592 0.0121551781219133 0.0240593512513895
1593 0.0121326637411179 0.0230017465386961
1594 0.0122016867143612 0.0219752335480412
1595 0.0122384846735959 0.0210316962753818
1596 0.0122882056401715 0.0200758708400034
1597 0.0123044275532286 0.0308319795275867
1598 0.0129877393988569 0.0267669837890226
1599 0.0130804726138329 0.0257212747670025
1600 0.0130761972399577 0.0246429901470094
1601 0.0130082816390486 0.0235724859332333
1602 0.0127470860764951 0.0276015561285426
1603 0.0129916911469345 0.0225110512887287
1604 0.0130276697279376 0.0294632624110491
