1 151 109 117
2 157 120 118
3 178 155 154
4 183 161 160
5 188 168 169
6 165 130 128
7 165 128 161
8 157 159 120
9 182 160 159
10 190 173 175
11 190 56 173
12 186 166 168
13 157 118 156
14 149 59 147
15 187 170 167
16 102 20 21
17 158 111 151
18 146 103 101
19 144 101 99
20 158 151 119
21 186 168 188
22 186 180 166
23 189 169 171
24 56 172 173
25 180 164 166
26 180 179 164
27 183 160 182
28 189 188 169
29 181 159 157
30 180 157 156
31 180 156 179
32 181 182 159
33 191 171 172
34 90 14 15
35 191 189 171
36 58 189 57
37 191 172 56
38 178 163 179
39 178 179 155
40 184 165 161
41 58 182 188
42 58 183 182
43 58 184 183
44 184 161 183
45 101 29 30
46 87 36 37
47 75 42 43
48 73 43 44
49 74 6 7
50 73 75 43
51 144 99 142
52 184 185 165
53 190 170 187
54 63 175 176
55 103 28 29
56 107 26 27
57 57 185 184
58 191 56 185
59 68 46 47
60 68 69 46
61 187 167 185
62 187 185 56
63 63 176 177
64 143 98 100
65 91 34 35
66 90 88 14
67 78 8 9
68 63 190 175
69 74 72 6
70 181 157 180
71 77 41 42
72 81 39 40
73 91 35 89
74 186 188 182
75 78 76 8
76 181 180 186
77 76 7 8
78 121 76 78
79 143 141 98
80 81 83 39
81 77 79 41
82 96 17 18
83 96 94 17
84 112 67 66
85 108 23 24
86 181 186 182
87 57 191 185
88 113 68 67
89 105 27 28
90 106 22 23
91 67 47 48
92 64 49 50
93 57 189 191
94 58 57 184
95 58 188 189
96 59 149 148
97 94 16 17
98 85 37 38
99 80 9 10
100 86 12 13
101 60 51 52
102 65 3 4
103 136 140 93
104 70 4 5
105 108 24 25
106 25 24 1
107 145 100 102
108 98 18 19
109 55 2 3
110 65 4 70
111 118 75 73
112 63 177 174
113 87 89 36
114 83 38 39
115 93 33 34
116 95 32 33
117 108 25 26
118 100 19 20
119 97 31 32
120 97 32 95
121 80 10 82
122 88 13 14
123 65 54 55
124 65 55 3
125 106 104 22
126 107 108 26
127 105 28 103
128 104 21 22
129 86 84 12
130 84 11 12
131 61 52 53
132 72 5 6
133 89 35 36
134 93 95 33
135 104 102 21
136 145 102 147
137 105 107 27
138 106 23 108
139 99 30 31
140 99 31 97
141 93 34 91
142 96 18 98
143 92 15 16
144 85 38 83
145 60 52 61
146 62 50 51
147 71 44 45
148 69 45 46
149 72 70 5
150 82 10 11
151 80 78 9
152 147 102 104
153 110 70 72
154 66 48 49
155 150 108 107
156 138 61 53
157 64 66 49
158 110 72 117
159 134 91 89
160 85 87 37
161 141 96 98
162 142 99 97
163 134 136 91
164 128 85 83
165 71 73 44
166 79 40 41
167 148 105 103
168 148 103 146
169 92 90 15
170 113 67 112
171 92 16 94
172 77 42 75
173 79 81 40
174 128 83 126
175 74 7 76
176 113 114 68
177 150 106 108
178 120 77 75
179 84 82 11
180 71 45 69
181 86 13 88
182 118 120 75
183 67 48 66
184 67 68 47
185 62 51 60
186 109 60 61
187 114 69 68
188 116 73 71
189 137 92 94
190 137 135 92
191 130 87 85
192 115 71 69
193 135 90 92
194 133 88 90
195 176 147 59
196 170 174 140
197 100 20 102
198 100 98 19
199 115 69 114
200 133 90 135
201 62 64 50
202 119 74 76
203 170 140 136
204 174 142 140
205 101 30 99
206 101 103 29
207 119 76 121
208 174 170 63
209 127 82 84
210 122 79 77
211 132 89 87
212 116 118 73
213 126 83 81
214 139 94 96
215 149 104 106
216 149 106 150
217 125 80 82
218 119 117 74
219 124 81 79
220 166 131 133
221 111 66 64
222 117 72 74
223 144 146 101
224 136 93 91
225 59 148 146
226 150 107 105
227 125 82 127
228 154 115 114
229 122 77 120
230 130 85 128
231 138 53 54
232 138 54 65
233 111 112 66
234 111 64 62
235 129 84 86
236 124 126 81
237 137 94 139
238 159 122 120
239 178 162 163
240 152 113 112
241 150 105 148
242 149 147 104
243 168 133 135
244 124 79 122
245 130 132 87
246 171 137 139
247 176 145 147
248 176 175 145
249 138 65 70
250 177 146 144
251 131 86 88
252 131 88 133
253 129 127 84
254 116 71 115
255 143 100 145
256 141 139 96
257 123 78 80
258 123 121 78
259 138 70 110
260 171 139 172
261 158 152 112
262 109 61 110
263 158 119 121
264 153 114 113
265 123 80 125
266 153 113 152
267 134 89 132
268 177 144 174
269 109 62 60
270 109 111 62
271 167 134 132
272 175 143 145
273 161 128 126
274 172 139 141
275 167 136 134
276 172 141 173
277 185 167 165
278 171 169 137
279 129 86 131
280 165 132 130
281 166 164 131
282 162 125 127
283 158 121 152
284 158 112 111
285 166 133 168
286 178 154 162
287 165 167 132
288 173 141 143
289 59 146 177
290 149 150 148
291 163 127 129
292 156 118 116
293 109 110 117
294 151 117 119
295 156 116 155
296 169 135 137
297 160 124 122
298 161 126 124
299 160 161 124
300 169 168 135
301 162 127 163
302 152 121 123
303 159 160 122
304 179 156 155
305 179 163 164
306 153 123 125
307 110 61 138
308 174 144 142
309 190 63 170
310 170 136 167
311 153 125 162
312 153 152 123
313 154 114 153
314 154 153 162
315 164 129 131
316 164 163 129
317 140 142 97
318 140 97 95
319 155 116 115
320 155 115 154
321 140 95 93
322 59 177 176
323 173 143 175
324 190 187 56
325 151 111 109
