1 1 72
2 72 73
3 73 74
4 74 75
5 75 76
6 76 77
7 77 78
8 78 79
9 79 80
10 80 81
11 81 82
12 82 83
13 83 84
14 84 85
15 85 86
16 86 87
17 87 88
18 88 89
19 89 90
20 90 91
21 91 92
22 92 93
23 93 94
24 94 95
25 95 96
26 96 97
27 97 98
28 98 99
29 99 100
30 100 101
31 101 102
32 102 103
33 103 104
34 104 105
35 105 106
36 106 107
37 107 108
38 108 109
39 109 110
40 110 111
41 111 112
42 112 113
43 113 114
44 114 115
45 115 116
46 116 117
47 117 118
48 118 119
49 119 120
50 120 121
51 121 122
52 122 123
53 123 124
54 124 125
55 125 126
56 126 127
57 127 128
58 128 129
59 129 130
60 130 131
61 131 132
62 132 133
63 133 134
64 134 135
65 135 136
66 136 137
67 137 138
68 138 139
69 139 140
70 140 141
71 141 142
72 142 143
73 143 144
74 144 145
75 145 146
76 146 147
77 147 148
78 148 149
79 149 150
80 150 151
81 151 152
82 152 153
83 153 154
84 154 155
85 155 156
86 156 157
87 157 158
88 158 159
89 159 160
90 160 161
91 161 162
92 162 163
93 163 164
94 164 165
95 165 2
